7000 7.59243
7012.01 7.65228
7024.02 7.71262
7036.04 7.77346
7048.05 7.8348
7060.06 7.89665
7072.07 7.95901
7084.08 8.02189
7096.1 8.08528
7108.11 8.14919
7120.12 8.21363
7132.13 8.2786
7144.14 8.3441
7156.16 8.41015
7168.17 8.47673
7180.18 8.54387
7192.19 8.61155
7204.2 8.67979
7216.22 8.74859
7228.23 8.81796
7240.24 8.8879
7252.25 8.9584
7264.26 9.02949
7276.28 9.10115
7288.29 9.17341
7300.3 9.24625
7312.31 9.31969
7324.32 9.39372
7336.34 9.46836
7348.35 9.54361
7360.36 9.61947
7372.37 9.69594
7384.38 9.77304
7396.4 9.85076
7408.41 9.92911
7420.42 10.0081
7432.43 10.0877
7444.44 10.168
7456.46 10.2489
7468.47 10.3305
7480.48 12.0665
7492.49 15.078
7504.5 18.0995
7516.52 21.1311
7528.53 24.1727
7540.54 27.2244
7552.55 30.2861
7564.56 33.3579
7576.58 36.4398
7588.59 36.623
7600.6 36.0897
7612.61 35.555
7624.62 35.0189
7636.64 34.4814
7648.65 33.9425
7660.66 33.4023
7672.67 32.8607
7684.68 32.3383
7696.7 32.3164
7708.71 32.2948
7720.72 32.2735
7732.73 32.2525
7744.74 32.2317
7756.76 32.2112
7768.77 32.191
7780.78 32.1711
7792.79 32.1772
7804.8 32.2509
7816.82 32.3252
7828.83 32.4001
7840.84 32.4755
7852.85 32.5516
7864.86 32.6283
7876.88 32.7056
7888.89 32.7834
7900.9 32.866
7912.91 32.9529
7924.92 33.0405
7936.94 33.1288
7948.95 33.2177
7960.96 33.3072
7972.97 33.3974
7984.98 33.4883
7997 33.5798
8009.01 33.726
8021.02 33.8911
8033.03 34.0571
8045.05 34.224
8057.06 34.3917
8069.07 34.5603
8081.08 34.7298
8093.09 34.9002
8105.11 35.0714
8117.12 35.1948
8129.13 35.3183
8141.14 35.4425
8153.15 35.5675
8165.17 35.6931
8177.18 35.8196
8189.19 35.9467
8201.2 36.0746
8213.21 36.2211
8225.23 36.4306
8237.24 36.6412
8249.25 36.8526
8261.26 37.065
8273.27 37.2784
8285.29 37.4928
8297.3 37.7081
8309.31 37.9243
8321.32 38.1277
8333.33 38.3157
8345.35 38.5046
8357.36 38.6943
8369.37 38.8849
8381.38 39.0763
8393.39 39.2686
8405.41 39.4617
8417.42 39.6556
8429.43 39.8571
8441.44 40.0624
8453.45 40.2685
8465.47 40.4755
8477.48 40.6833
8489.49 40.8919
8501.5 41.1014
8513.51 41.3116
8525.53 41.5227
8537.54 41.5725
8549.55 41.6111
8561.56 41.6501
8573.57 41.6893
8585.59 41.7288
8597.6 41.7686
8609.61 41.8086
8621.62 41.8489
8633.63 41.8554
8645.65 41.6968
8657.66 41.5379
8669.67 41.3786
8681.68 41.2189
8693.69 41.0589
8705.71 40.8985
8717.72 40.7378
8729.73 40.5766
8741.74 40.2853
8753.75 39.805
8765.77 39.3233
8777.78 38.8404
8789.79 38.3561
8801.8 37.8704
8813.81 37.3833
8825.83 36.8949
8837.84 36.4051
8849.85 36.3329
8861.86 36.492
8873.87 36.6514
8885.89 36.8111
8897.9 36.9711
8909.91 37.1314
8921.92 37.2919
8933.93 37.4527
8945.95 37.6138
8957.96 37.775
8969.97 37.9364
8981.98 38.098
8993.99 38.2598
9006.01 38.4217
9018.02 38.5838
9030.03 38.746
9042.04 38.9082
9054.05 39.0706
9066.07 39.233
9078.08 39.3954
9090.09 39.5579
9102.1 39.7204
9114.11 39.8828
9126.13 40.0453
9138.14 40.2077
9150.15 40.37
9162.16 40.5323
9174.17 40.6945
9186.19 40.8565
9198.2 41.0185
9210.21 41.1803
9222.22 41.3419
9234.23 41.5034
9246.25 41.6647
9258.26 41.8258
9270.27 41.9867
9282.28 42.1473
9294.29 42.3077
9306.31 42.4678
9318.32 42.6277
9330.33 42.7873
9342.34 42.9466
9354.35 43.1055
9366.37 43.2642
9378.38 43.4225
9390.39 43.5805
9402.4 43.7381
9414.41 43.8954
9426.43 44.0523
9438.44 44.2088
9450.45 44.365
9462.46 44.5208
9474.47 44.6761
9486.49 44.8311
9498.5 44.9857
9510.51 45.1399
9522.52 45.2936
9534.53 45.447
9546.55 45.6
9558.56 45.7525
9570.57 45.9047
9582.58 46.0564
9594.59 46.2078
9606.61 46.3587
9618.62 46.5093
9630.63 46.6595
9642.64 46.8093
9654.65 46.9588
9666.67 47.1079
9678.68 47.2567
9690.69 47.4051
9702.7 47.5532
9714.71 47.7011
9726.73 47.8486
9738.74 47.9959
9750.75 48.1429
9762.76 48.2897
9774.77 48.4363
9786.79 48.5827
9798.8 48.7289
9810.81 48.875
9822.82 49.021
9834.83 49.167
9846.85 49.3128
9858.86 49.4586
9870.87 49.6045
9882.88 49.7503
9894.89 49.8963
9906.91 50.0423
9918.92 50.1885
9930.93 50.3348
9942.94 50.4814
9954.95 50.6282
9966.97 50.7753
9978.98 50.9227
9990.99 51.0705
10003 51.2188
10015 51.3675
10027 51.5167
10039 51.6664
10051.1 51.8168
10063.1 51.9678
10075.1 52.1195
10087.1 52.2719
10099.1 52.4251
10111.1 52.5792
10123.1 52.7342
10135.1 52.8901
10147.1 53.047
10159.2 53.205
10171.2 53.364
10183.2 53.5243
10195.2 53.6857
10207.2 53.8484
10219.2 54.0124
10231.2 54.1778
10243.2 54.3446
10255.3 54.5128
10267.3 54.6826
10279.3 54.854
10291.3 55.027
10303.3 55.2016
10315.3 55.378
10327.3 55.5561
10339.3 55.736
10351.4 55.9178
10363.4 56.1015
10375.4 56.2872
10387.4 56.4748
10399.4 56.6644
10411.4 56.856
10423.4 57.0497
10435.4 57.2456
10447.4 57.4435
10459.5 57.6437
10471.5 57.846
10483.5 58.0504
10495.5 58.2571
10507.5 58.466
10519.5 58.6771
10531.5 58.8904
10543.5 59.1059
10555.6 59.3236
10567.6 59.5435
10579.6 59.7655
10591.6 59.9896
10603.6 60.2159
10615.6 60.4442
10627.6 60.6744
10639.6 60.9067
10651.7 61.1408
10663.7 61.3767
10675.7 61.6144
10687.7 61.8537
10699.7 62.0946
10711.7 62.3369
10723.7 62.5806
10735.7 62.8255
10747.7 63.0715
10759.8 63.3185
10771.8 63.5663
10783.8 63.8147
10795.8 64.0636
10807.8 64.3128
10819.8 64.5621
10831.8 64.8113
10843.8 65.0177
10855.9 64.9731
10867.9 64.927
10879.9 64.8794
10891.9 64.8298
10903.9 64.7781
10915.9 64.7239
10927.9 64.667
10939.9 64.6071
10952 64.6589
10964 64.8962
10976 65.1302
10988 65.3605
11000 65.5869
11012 65.809
11024 66.0265
11036 66.239
11048 66.4461
11060.1 66.6911
11072.1 66.9568
11084.1 67.2161
11096.1 67.4687
11108.1 67.7143
11120.1 67.9525
11132.1 68.1829
11144.1 68.4051
11156.2 68.6187
11168.2 68.8221
11180.2 69.016
11192.2 69.2002
11204.2 69.3746
11216.2 69.5386
11228.2 69.6921
11240.2 69.8347
11252.3 69.9661
11264.3 70.1044
11276.3 70.4201
11288.3 70.7242
11300.3 71.0166
11312.3 71.297
11324.3 71.5652
11336.3 71.821
11348.3 72.0643
11360.4 72.295
11372.4 72.4183
11384.4 72.3365
11396.4 72.2413
11408.4 72.1325
11420.4 72.0101
11432.4 71.8741
11444.4 71.7246
11456.5 71.5616
11468.5 71.3851
11480.5 71.3541
11492.5 71.4328
11504.5 71.499
11516.5 71.5528
11528.5 71.5945
11540.5 71.6241
11552.6 71.642
11564.6 71.6484
11576.6 71.6435
11588.6 71.8181
11600.6 72.0282
11612.6 72.2282
11624.6 72.4187
11636.6 72.5997
11648.6 72.7717
11660.7 72.9351
11672.7 73.0901
11684.7 73.2378
11696.7 73.3945
11708.7 73.544
11720.7 73.6866
11732.7 73.8227
11744.7 73.9526
11756.8 74.0767
11768.8 74.1954
11780.8 74.309
11792.8 74.3365
11804.8 74.1438
11816.8 73.9464
11828.8 73.7449
11840.8 73.5394
11852.9 73.3303
11864.9 73.1181
11876.9 72.9029
11888.9 72.6852
11900.9 72.5765
11912.9 72.5706
11924.9 72.5635
11936.9 72.5554
11948.9 72.5467
11961 72.5375
11973 72.5282
11985 72.519
11997 72.5101
12009 72.2365
12021 71.8746
12033 71.513
12045 71.1519
12057.1 70.7915
12069.1 70.432
12081.1 70.0735
12093.1 69.7162
12105.1 69.3604
12117.1 68.6483
12129.1 67.9313
12141.1 67.2153
12153.2 66.5006
12165.2 65.7871
12177.2 65.0751
12189.2 64.3647
12201.2 63.6558
12213.2 62.9799
12225.2 62.4131
12237.2 61.8484
12249.2 61.2859
12261.3 60.7257
12273.3 60.1678
12285.3 59.6122
12297.3 59.0591
12309.3 58.5085
12321.3 58.0018
12333.3 57.5466
12345.3 57.0941
12357.4 56.6443
12369.4 56.1973
12381.4 55.7531
12393.4 55.3117
12405.4 54.873
12417.4 54.4372
12429.4 54.0301
12441.4 53.6374
12453.5 53.2476
12465.5 52.8606
12477.5 52.4764
12489.5 52.0951
12501.5 51.7166
12513.5 51.3409
12525.5 50.9679
12537.5 50.4207
12549.5 49.8636
12561.6 49.3089
12573.6 48.7565
12585.6 48.2065
12597.6 47.6586
12609.6 47.1131
12621.6 46.5697
12633.6 46.0826
12645.6 45.8639
12657.7 45.6478
12669.7 45.4345
12681.7 45.2237
12693.7 45.0156
12705.7 44.8101
12717.7 44.6071
12729.7 44.4066
12741.7 44.1634
12753.8 43.8577
12765.8 43.5543
12777.8 43.2529
12789.8 42.9537
12801.8 42.6566
12813.8 42.3614
12825.8 42.0683
12837.8 41.7771
12849.8 41.3879
12861.9 40.9455
12873.9 40.5046
12885.9 40.0652
12897.9 39.6273
12909.9 39.1908
12921.9 38.7557
12933.9 38.3219
12945.9 37.8894
12958 37.383
12970 36.8672
12982 36.3525
12994 35.8388
13006 35.326
13018 34.8142
13030 34.3032
13042 33.7931
13054.1 33.3079
13066.1 32.9985
13078.1 32.6903
13090.1 32.3831
13102.1 32.077
13114.1 31.7719
13126.1 31.4677
13138.1 31.1644
13150.2 30.862
13162.2 30.5043
13174.2 30.045
13186.2 29.5863
13198.2 29.1281
13210.2 28.6702
13222.2 28.2127
13234.2 27.7556
13246.2 27.2989
13258.3 26.8424
13270.3 26.4328
13282.3 26.0562
13294.3 25.68
13306.3 25.3041
13318.3 24.9284
13330.3 24.553
13342.3 24.1778
13354.4 23.8028
13366.4 23.4279
13378.4 23.1298
13390.4 22.8474
13402.4 22.5654
13414.4 22.2835
13426.4 22.0018
13438.4 21.7203
13450.5 21.4388
13462.5 21.1575
13474.5 20.8859
13486.5 20.7547
13498.5 20.6238
13510.5 20.4931
13522.5 20.3627
13534.5 20.2324
13546.5 20.1024
13558.6 19.9725
13570.6 19.8427
13582.6 19.7071
13594.6 19.5581
13606.6 19.4092
13618.6 19.2602
13630.6 19.1113
13642.6 18.9623
13654.7 18.8132
13666.7 18.664
13678.7 18.5148
13690.7 18.2232
13702.7 17.8102
13714.7 17.3965
13726.7 16.9823
13738.7 16.5673
13750.8 16.1516
13762.8 15.7353
13774.8 15.3182
13786.8 14.9004
13798.8 14.5091
13810.8 14.1251
13822.8 13.7403
13834.8 13.3548
13846.8 12.9685
13858.9 12.5815
13870.9 12.1936
13882.9 11.805
13894.9 11.4156
13906.9 11.0308
13918.9 10.6452
13930.9 10.2587
13942.9 9.87136
13955 9.48315
13967 9.09407
13979 8.7041
13991 8.31323
14003 7.94193
14015 7.63124
14027 7.31977
14039 7.00752
14051.1 6.69447
14063.1 6.38063
14075.1 6.06598
14087.1 5.75053
14099.1 5.43427
14111.1 5.18376
14123.1 5.00366
14135.1 4.82298
14147.1 4.64171
14159.2 4.45987
14171.2 4.27745
14183.2 4.09446
14195.2 3.91089
14207.2 3.72676
14219.2 3.54351
14231.2 3.36027
14243.2 3.17647
14255.3 2.99214
14267.3 2.80727
14279.3 2.62188
14291.3 2.43599
14303.3 2.24959
14315.3 2.06271
14327.3 1.80942
14339.3 1.55279
14351.4 1.29561
14363.4 1.03788
14375.4 0.779629
14387.4 0.520874
14399.4 0.261634
14411.4 0.00193138
14423.4 -0.289943
14435.4 -0.714713
14447.4 -1.14015
14459.5 -1.56622
14471.5 -1.99291
14483.5 -2.42018
14495.5 -2.84801
14507.5 -3.27635
14519.5 -3.70519
14531.5 -4.117
14543.5 -4.50653
14555.6 -4.89637
14567.6 -5.2865
14579.6 -5.67687
14591.6 -6.06745
14603.6 -6.45818
14615.6 -6.84903
14627.6 -7.23995
14639.6 -7.61374
14651.7 -7.979
14663.7 -8.34414
14675.7 -8.70913
14687.7 -9.0739
14699.7 -9.43841
14711.7 -9.8026
14723.7 -10.1664
14735.7 -10.5298
14747.7 -10.798
14759.8 -11.0563
14771.8 -11.3138
14783.8 -11.5705
14795.8 -11.8262
14807.8 -12.081
14819.8 -12.3348
14831.8 -12.5874
14843.8 -12.8431
14855.9 -13.122
14867.9 -13.3997
14879.9 -13.6761
14891.9 -13.9511
14903.9 -14.2245
14915.9 -14.4965
14927.9 -14.7668
14939.9 -15.0353
14952 -15.3115
14964 -15.6011
14976 -15.8888
14988 -16.1746
15000 -16.4583
15012 -16.7398
15024 -17.0191
15036 -17.2961
15048 -17.5707
15060.1 -17.9326
15072.1 -18.3469
15084.1 -18.7588
15096.1 -19.1682
15108.1 -19.5751
15120.1 -19.9792
15132.1 -20.3806
15144.1 -20.7792
15156.2 -21.1749
15168.2 -21.6253
15180.2 -22.0825
15192.2 -22.5366
15204.2 -22.9876
15216.2 -23.4354
15228.2 -23.8798
15240.2 -24.3209
15252.3 -24.7586
15264.3 -25.1763
15276.3 -25.4222
15288.3 -25.6641
15300.3 -25.9019
15312.3 -26.1355
15324.3 -26.365
15336.3 -26.5902
15348.3 -26.8111
15360.4 -27.0276
15372.4 -27.2576
15384.4 -27.5196
15396.4 -27.777
15408.4 -28.0299
15420.4 -28.2782
15432.4 -28.5218
15444.4 -28.7606
15456.5 -28.9946
15468.5 -29.2238
15480.5 -29.5113
15492.5 -29.8427
15504.5 -30.1692
15516.5 -30.491
15528.5 -30.8078
15540.5 -31.1198
15552.6 -31.4267
15564.6 -31.7287
15576.6 -32.0257
15588.6 -32.1903
15600.6 -32.319
15612.6 -32.4424
15624.6 -32.5605
15636.6 -32.6733
15648.6 -32.7807
15660.7 -32.8827
15672.7 -32.9794
15684.7 -33.0712
15696.7 -33.1701
15708.7 -33.2637
15720.7 -33.3519
15732.7 -33.4349
15744.7 -33.5125
15756.8 -33.5848
15768.8 -33.6518
15780.8 -33.7136
15792.8 -33.8293
15804.8 -34.0966
15816.8 -34.359
15828.8 -34.6166
15840.8 -34.8695
15852.9 -35.1176
15864.9 -35.361
15876.9 -35.5997
15888.9 -35.8338
15900.9 -36.1315
15912.9 -36.4886
15924.9 -36.8414
15936.9 -37.19
15948.9 -37.5345
15961 -37.8748
15973 -38.2112
15985 -38.5435
15997 -38.872
16009 -39.0805
16021 -39.2463
16033 -39.4082
16045 -39.5662
16057.1 -39.7204
16069.1 -39.8709
16081.1 -40.0177
16093.1 -40.1609
16105.1 -40.3006
16117.1 -40.5837
16129.1 -40.866
16141.1 -41.1453
16153.2 -41.4216
16165.2 -41.6949
16177.2 -41.9655
16189.2 -42.2333
16201.2 -42.4985
16213.2 -42.7225
16225.2 -42.812
16237.2 -42.8988
16249.2 -42.983
16261.3 -43.0647
16273.3 -43.144
16285.3 -43.2209
16297.3 -43.2956
16309.3 -43.368
16321.3 -43.4007
16333.3 -43.3868
16345.3 -43.3709
16357.4 -43.3529
16369.4 -43.3331
16381.4 -43.3115
16393.4 -43.2881
16405.4 -43.263
16417.4 -43.2364
16429.4 -43.2248
16441.4 -43.2191
16453.5 -43.2121
16465.5 -43.2038
16477.5 -43.1943
16489.5 -43.1838
16501.5 -43.1721
16513.5 -43.1596
16525.5 -43.146
16537.5 -43.1386
16549.5 -43.1309
16561.6 -43.1225
16573.6 -43.1135
16585.6 -43.1039
16597.6 -43.0938
16609.6 -43.0833
16621.6 -43.0724
16633.6 -43.0538
16645.6 -42.9993
16657.7 -42.9444
16669.7 -42.8893
16681.7 -42.8341
16693.7 -42.7787
16705.7 -42.7234
16717.7 -42.668
16729.7 -42.6126
16741.7 -42.5525
16753.8 -42.4855
16765.8 -42.4187
16777.8 -42.3522
16789.8 -42.2859
16801.8 -42.2199
16813.8 -42.1542
16825.8 -42.089
16837.8 -42.0241
16849.8 -41.9253
16861.9 -41.8079
16873.9 -41.691
16885.9 -41.5745
16897.9 -41.4587
16909.9 -41.3433
16921.9 -41.2286
16933.9 -41.1145
16945.9 -41.0011
16958 -40.6569
16970 -40.2811
16982 -39.9058
16994 -39.5308
17006 -39.1562
17018 -38.7821
17030 -38.4085
17042 -38.0354
17054.1 -37.687
17066.1 -37.5149
17078.1 -37.3437
17090.1 -37.1734
17102.1 -37.0039
17114.1 -36.8354
17126.1 -36.6678
17138.1 -36.5011
17150.2 -36.3353
17162.2 -36.0762
17174.2 -35.6461
17186.2 -35.2167
17198.2 -34.788
17210.2 -34.3598
17222.2 -33.9324
17234.2 -33.5056
17246.2 -33.0795
17258.3 -32.654
17270.3 -32.1659
17282.3 -31.6341
17294.3 -31.1029
17306.3 -30.5722
17318.3 -30.0421
17330.3 -29.5126
17342.3 -28.9837
17354.4 -28.4554
17366.4 -27.9276
17378.4 -27.7201
17390.4 -27.5789
17402.4 -27.4388
17414.4 -27.2998
17426.4 -27.162
17438.4 -27.0254
17450.5 -26.8899
17462.5 -26.7555
17474.5 -26.6168
17486.5 -26.3988
17498.5 -26.1818
17510.5 -25.9658
17522.5 -25.7509
17534.5 -25.537
17546.5 -25.3242
17558.6 -25.1125
17570.6 -24.9017
17582.6 -24.7127
17594.6 -24.5714
17606.6 -24.4313
17618.6 -24.2923
17630.6 -24.1545
17642.6 -24.0177
17654.7 -23.8821
17666.7 -23.7476
17678.7 -23.6143
17690.7 -23.389
17702.7 -23.0856
17714.7 -22.783
17726.7 -22.4813
17738.7 -22.1805
17750.8 -21.8805
17762.8 -21.5814
17774.8 -21.2832
17786.8 -20.9858
17798.8 -20.7686
17810.8 -20.5756
17822.8 -20.3835
17834.8 -20.1924
17846.8 -20.0023
17858.9 -19.8131
17870.9 -19.6249
17882.9 -19.4376
17894.9 -19.2541
17906.9 -19.2415
17918.9 -19.23
17930.9 -19.2198
17942.9 -19.2107
17955 -19.2027
17967 -19.1959
17979 -19.1902
17991 -19.1857
18003 -19.1723
18015 -19.1303
18027 -19.0893
18039 -19.0493
18051.1 -19.0104
18063.1 -18.9726
18075.1 -18.9358
18087.1 -18.9
18099.1 -18.8653
18111.1 -18.7845
18123.1 -18.6545
18135.1 -18.5253
18147.1 -18.397
18159.2 -18.2696
18171.2 -18.1431
18183.2 -18.0174
18195.2 -17.8925
18207.2 -17.7685
18219.2 -17.5931
18231.2 -17.3988
18243.2 -17.2051
18255.3 -17.0122
18267.3 -16.82
18279.3 -16.6286
18291.3 -16.4378
18303.3 -16.2477
18315.3 -16.0583
18327.3 -16.0028
18339.3 -15.9537
18351.4 -15.9054
18363.4 -15.8581
18375.4 -15.8115
18387.4 -15.7658
18399.4 -15.7209
18411.4 -15.6769
18423.4 -15.6353
18435.4 -15.6014
18447.4 -15.5683
18459.5 -15.536
18471.5 -15.5045
18483.5 -15.4738
18495.5 -15.4439
18507.5 -15.4148
18519.5 -15.3864
18531.5 -15.3995
18543.5 -15.466
18555.6 -15.5334
18567.6 -15.6017
18579.6 -15.6708
18591.6 -15.7408
18603.6 -15.8117
18615.6 -15.8834
18627.6 -15.956
18639.6 -15.8698
18651.7 -15.7053
18663.7 -15.5414
18675.7 -15.378
18687.7 -15.2151
18699.7 -15.0527
18711.7 -14.8908
18723.7 -14.7294
18735.7 -14.5685
18747.7 -14.2809
18759.8 -13.9813
18771.8 -13.682
18783.8 -13.383
18795.8 -13.0842
18807.8 -12.7858
18819.8 -12.4876
18831.8 -12.1898
18843.8 -11.9249
18855.9 -11.8528
18867.9 -11.7813
18879.9 -11.7103
18891.9 -11.6399
18903.9 -11.57
18915.9 -11.5006
18927.9 -11.4318
18939.9 -11.3635
18952 -11.2957
18964 -11.2285
18976 -11.1617
18988 -11.0955
19000 -11.0297
