7000 7.59243
7012.01 7.65228
7024.02 7.71262
7036.04 7.77346
7048.05 7.8348
7060.06 7.89665
7072.07 7.95901
7084.08 8.02189
7096.1 8.08528
7108.11 8.14919
7120.12 8.21363
7132.13 8.2786
7144.14 8.3441
7156.16 8.41015
7168.17 8.47673
7180.18 8.54387
7192.19 8.61155
7204.2 8.67979
7216.22 8.74859
7228.23 8.81796
7240.24 8.8879
7252.25 8.9584
7264.26 9.02949
7276.28 9.10115
7288.29 9.17341
7300.3 9.24625
7312.31 9.31969
7324.32 9.39372
7336.34 9.46836
7348.35 9.54361
7360.36 9.61947
7372.37 9.69594
7384.38 9.77304
7396.4 9.85076
7408.41 9.92911
7420.42 10.0081
7432.43 10.0877
7444.44 10.168
7456.46 10.2489
7468.47 10.3305
7480.48 11.2725
7492.49 12.8779
7504.5 14.4889
7516.52 16.1054
7528.53 17.7275
7540.54 19.3551
7552.55 20.9883
7564.56 22.6271
7576.58 24.2714
7588.59 24.3985
7600.6 24.1508
7612.61 23.9027
7624.62 23.6542
7636.64 23.4053
7648.65 23.1559
7660.66 22.9061
7672.67 22.6559
7684.68 22.4168
7696.7 22.457
7708.71 22.4977
7720.72 22.5389
7732.73 22.5807
7744.74 22.6229
7756.76 22.6657
7768.77 22.709
7780.78 22.7529
7792.79 22.8021
7804.8 22.8647
7816.82 22.9279
7828.83 22.9918
7840.84 23.0562
7852.85 23.1212
7864.86 23.1868
7876.88 23.2531
7888.89 23.3199
7900.9 23.3842
7912.91 23.446
7924.92 23.5084
7936.94 23.5714
7948.95 23.635
7960.96 23.6993
7972.97 23.7641
7984.98 23.8296
7997 23.8957
8009.01 23.9701
8021.02 24.0477
8033.03 24.1259
8045.05 24.2048
8057.06 24.2844
8069.07 24.3646
8081.08 24.4455
8093.09 24.5271
8105.11 24.6093
8117.12 24.6707
8129.13 24.7325
8141.14 24.7949
8153.15 24.8578
8165.17 24.9214
8177.18 24.9855
8189.19 25.0503
8201.2 25.1157
8213.21 25.2029
8225.23 25.365
8237.24 25.528
8249.25 25.6918
8261.26 25.8565
8273.27 26.0221
8285.29 26.1885
8297.3 26.3558
8309.31 26.5239
8321.32 26.6681
8333.33 26.7839
8345.35 26.9004
8357.36 27.0175
8369.37 27.1354
8381.38 27.2539
8393.39 27.3732
8405.41 27.4931
8417.42 27.6136
8429.43 27.7423
8441.44 27.8748
8453.45 28.008
8465.47 28.1419
8477.48 28.2764
8489.49 28.4117
8501.5 28.5475
8513.51 28.6841
8525.53 28.8213
8537.54 28.825
8549.55 28.8194
8561.56 28.8141
8573.57 28.8089
8585.59 28.804
8597.6 28.7993
8609.61 28.7947
8621.62 28.7904
8633.63 28.7861
8645.65 28.782
8657.66 28.7779
8669.67 28.774
8681.68 28.7703
8693.69 28.7666
8705.71 28.7631
8717.72 28.7596
8729.73 28.7562
8741.74 28.5092
8753.75 27.9076
8765.77 27.3044
8777.78 26.6996
8789.79 26.0931
8801.8 25.485
8813.81 24.8753
8825.83 24.2639
8837.84 23.6508
8849.85 23.4884
8861.86 23.5757
8873.87 23.6631
8885.89 23.7507
8897.9 23.8384
8909.91 23.9263
8921.92 24.0143
8933.93 24.1024
8945.95 24.1905
8957.96 24.2788
8969.97 24.3671
8981.98 24.4554
8993.99 24.5437
9006.01 24.632
9018.02 24.7203
9030.03 24.8086
9042.04 24.8968
9054.05 24.985
9066.07 25.0731
9078.08 25.161
9090.09 25.2489
9102.1 25.3366
9114.11 25.4241
9126.13 25.5115
9138.14 25.5987
9150.15 25.6857
9162.16 25.7724
9174.17 25.8589
9186.19 25.9452
9198.2 26.0312
9210.21 26.1169
9222.22 26.2023
9234.23 26.2874
9246.25 26.3721
9258.26 26.4565
9270.27 26.5405
9282.28 26.6242
9294.29 26.7075
9306.31 26.7903
9318.32 26.8727
9330.33 26.9547
9342.34 27.0363
9354.35 27.1174
9366.37 27.198
9378.38 27.2782
9390.39 27.3579
9402.4 27.437
9414.41 27.5157
9426.43 27.5938
9438.44 27.6715
9450.45 27.7486
9462.46 27.8251
9474.47 27.9012
9486.49 27.9767
9498.5 28.0516
9510.51 28.126
9522.52 28.1998
9534.53 28.2731
9546.55 28.3458
9558.56 28.418
9570.57 28.4896
9582.58 28.5607
9594.59 28.6312
9606.61 28.7012
9618.62 28.7707
9630.63 28.8396
9642.64 28.908
9654.65 28.9759
9666.67 29.0433
9678.68 29.1102
9690.69 29.1767
9702.7 29.2427
9714.71 29.3082
9726.73 29.3733
9738.74 29.438
9750.75 29.5023
9762.76 29.5662
9774.77 29.6297
9786.79 29.693
9798.8 29.7559
9810.81 29.8185
9822.82 29.8809
9834.83 29.943
9846.85 30.005
9858.86 30.0667
9870.87 30.1283
9882.88 30.1898
9894.89 30.2513
9906.91 30.3127
9918.92 30.374
9930.93 30.4354
9942.94 30.4969
9954.95 30.5585
9966.97 30.6202
9978.98 30.6821
9990.99 30.7442
10003 30.8066
10015 30.8693
10027 30.9324
10039 30.9958
10051.1 31.0598
10063.1 31.1242
10075.1 31.1892
10087.1 31.2547
10099.1 31.3209
10111.1 31.3879
10123.1 31.4555
10135.1 31.524
10147.1 31.5933
10159.2 31.6635
10171.2 31.7347
10183.2 31.8069
10195.2 31.8801
10207.2 31.9545
10219.2 32.03
10231.2 32.1067
10243.2 32.1847
10255.3 32.2641
10267.3 32.3448
10279.3 32.4269
10291.3 32.5105
10303.3 32.5956
10315.3 32.6823
10327.3 32.7706
10339.3 32.8606
10351.4 32.9523
10363.4 33.0457
10375.4 33.141
10387.4 33.238
10399.4 33.3369
10411.4 33.4377
10423.4 33.5405
10435.4 33.6451
10447.4 33.7518
10459.5 33.8605
10471.5 33.9712
10483.5 34.084
10495.5 34.1988
10507.5 34.3156
10519.5 34.4345
10531.5 34.5555
10543.5 34.6785
10555.6 34.8036
10567.6 34.9307
10579.6 35.0598
10591.6 35.1909
10603.6 35.324
10615.6 35.4589
10627.6 35.5957
10639.6 35.7342
10651.7 35.8746
10663.7 36.0166
10675.7 36.1601
10687.7 36.3052
10699.7 36.4517
10711.7 36.5995
10723.7 36.7485
10735.7 36.8986
10747.7 37.0496
10759.8 37.2015
10771.8 37.354
10783.8 37.507
10795.8 37.6603
10807.8 37.8138
10819.8 37.9672
10831.8 38.1204
10843.8 38.2466
10855.9 38.2155
10867.9 38.1831
10879.9 38.1491
10891.9 38.1134
10903.9 38.0756
10915.9 38.0354
10927.9 37.9926
10939.9 37.9469
10952 37.991
10964 38.1843
10976 38.3742
10988 38.5606
11000 38.7429
11012 38.921
11024 39.0943
11036 39.2627
11048 39.4256
11060.1 39.6002
11072.1 39.7793
11084.1 39.9519
11096.1 40.1178
11108.1 40.2764
11120.1 40.4276
11132.1 40.5708
11144.1 40.7057
11156.2 40.8319
11168.2 40.9814
11180.2 41.1272
11192.2 41.2632
11204.2 41.3893
11216.2 41.5051
11228.2 41.6103
11240.2 41.7045
11252.3 41.7875
11264.3 41.8715
11276.3 42.073
11288.3 42.2628
11300.3 42.4406
11312.3 42.6062
11324.3 42.7595
11336.3 42.9003
11348.3 43.0284
11360.4 43.1436
11372.4 43.2042
11384.4 43.1672
11396.4 43.1169
11408.4 43.0531
11420.4 42.976
11432.4 42.8854
11444.4 42.7814
11456.5 42.6641
11468.5 42.5335
11480.5 42.4698
11492.5 42.4551
11504.5 42.4278
11516.5 42.388
11528.5 42.3359
11540.5 42.2717
11552.6 42.1956
11564.6 42.1078
11576.6 42.0086
11588.6 41.9806
11600.6 41.9617
11612.6 41.9324
11624.6 41.8931
11636.6 41.844
11648.6 41.7855
11660.7 41.7178
11672.7 41.6414
11684.7 41.5579
11696.7 41.4977
11708.7 41.4298
11720.7 41.3547
11732.7 41.2727
11744.7 41.1841
11756.8 41.0894
11768.8 40.9888
11780.8 40.8828
11792.8 40.7167
11804.8 40.3999
11816.8 40.0783
11828.8 39.7524
11840.8 39.4223
11852.9 39.0885
11864.9 38.7512
11876.9 38.4109
11888.9 38.0679
11900.9 37.8354
11912.9 37.7072
11924.9 37.5775
11936.9 37.4467
11948.9 37.3151
11961 37.1829
11973 37.0504
11985 36.9178
11997 36.7853
12009 36.5899
12021 36.3737
12033 36.1583
12045 35.9437
12057.1 35.7302
12069.1 35.5179
12081.1 35.307
12093.1 35.0977
12105.1 34.8902
12117.1 34.5017
12129.1 34.1119
12141.1 33.724
12153.2 33.3379
12165.2 32.9538
12177.2 32.5719
12189.2 32.1923
12201.2 31.8149
12213.2 31.4408
12225.2 31.0718
12237.2 30.7053
12249.2 30.3415
12261.3 29.9804
12273.3 29.622
12285.3 29.2665
12297.3 28.9139
12309.3 28.5641
12321.3 28.2205
12333.3 27.8837
12345.3 27.5498
12357.4 27.219
12369.4 26.8913
12381.4 26.5666
12393.4 26.2449
12405.4 25.9264
12417.4 25.6109
12429.4 25.26
12441.4 24.8949
12453.5 24.5329
12465.5 24.1738
12477.5 23.8176
12489.5 23.4644
12501.5 23.1141
12513.5 22.7667
12525.5 22.4222
12537.5 22.0335
12549.5 21.6444
12561.6 21.2579
12573.6 20.8742
12585.6 20.4931
12597.6 20.1147
12609.6 19.7388
12621.6 19.3656
12633.6 19.0224
12645.6 18.8166
12657.7 18.6136
12669.7 18.4134
12681.7 18.2159
12693.7 18.0211
12705.7 17.8289
12717.7 17.6394
12729.7 17.4524
12741.7 17.2072
12753.8 16.8774
12765.8 16.5498
12777.8 16.2243
12789.8 15.9009
12801.8 15.5796
12813.8 15.2603
12825.8 14.943
12837.8 14.6277
12849.8 14.2909
12861.9 13.943
12873.9 13.5969
12885.9 13.2525
12897.9 12.9097
12909.9 12.5687
12921.9 12.2292
12933.9 11.8913
12945.9 11.555
12958 11.3958
12970 11.2626
12982 11.1312
12994 11.0016
13006 10.8737
13018 10.7474
13030 10.6228
13042 10.4997
13054.1 10.3718
13066.1 10.1988
13078.1 10.0273
13090.1 9.85701
13102.1 9.68808
13114.1 9.52043
13126.1 9.35402
13138.1 9.18882
13150.2 9.02478
13162.2 8.81932
13174.2 8.53741
13186.2 8.25635
13198.2 7.9761
13210.2 7.69663
13222.2 7.41791
13234.2 7.1399
13246.2 6.86258
13258.3 6.5859
13270.3 6.30367
13282.3 6.01769
13294.3 5.73225
13306.3 5.44731
13318.3 5.16285
13330.3 4.87882
13342.3 4.5952
13354.4 4.31197
13366.4 4.02908
13378.4 3.75482
13390.4 3.48257
13402.4 3.2106
13414.4 2.93888
13426.4 2.66738
13438.4 2.39608
13450.5 2.12495
13462.5 1.85396
13474.5 1.58655
13486.5 1.36954
13498.5 1.15269
13510.5 0.935963
13522.5 0.719347
13534.5 0.502812
13546.5 0.286332
13558.6 0.0698834
13570.6 -0.146559
13582.6 -0.369053
13594.6 -0.605261
13606.6 -0.841569
13618.6 -1.078
13630.6 -1.31457
13642.6 -1.55131
13654.7 -1.78824
13666.7 -2.02538
13678.7 -2.26275
13690.7 -2.50685
13702.7 -2.75676
13714.7 -3.00697
13726.7 -3.25752
13738.7 -3.50842
13750.8 -3.7597
13762.8 -4.01136
13774.8 -4.26343
13786.8 -4.51592
13798.8 -4.75795
13810.8 -4.99723
13822.8 -5.23696
13834.8 -5.47715
13846.8 -5.71783
13858.9 -5.95901
13870.9 -6.20069
13882.9 -6.4429
13894.9 -6.68641
13906.9 -6.97717
13918.9 -7.26857
13930.9 -7.56062
13942.9 -7.85334
13955 -8.14675
13967 -8.44084
13979 -8.73563
13991 -9.03113
14003 -9.31565
14015 -9.56579
14027 -9.81658
14039 -10.068
14051.1 -10.3201
14063.1 -10.5729
14075.1 -10.8264
14087.1 -11.0805
14099.1 -11.3353
14111.1 -11.5781
14123.1 -11.808
14135.1 -12.0386
14147.1 -12.2698
14159.2 -12.5016
14171.2 -12.7341
14183.2 -12.9672
14195.2 -13.2009
14207.2 -13.4353
14219.2 -13.6719
14231.2 -13.9096
14243.2 -14.148
14255.3 -14.3869
14267.3 -14.6265
14279.3 -14.8666
14291.3 -15.1074
14303.3 -15.3487
14315.3 -15.5905
14327.3 -15.8352
14339.3 -16.0806
14351.4 -16.3265
14363.4 -16.5728
14375.4 -16.8197
14387.4 -17.067
14399.4 -17.3147
14411.4 -17.5629
14423.4 -17.8128
14435.4 -18.0688
14447.4 -18.3251
14459.5 -18.5818
14471.5 -18.8388
14483.5 -19.0961
14495.5 -19.3536
14507.5 -19.6114
14519.5 -19.8693
14531.5 -20.1345
14543.5 -20.4091
14555.6 -20.6838
14567.6 -20.9586
14579.6 -21.2334
14591.6 -21.5082
14603.6 -21.783
14615.6 -22.0576
14627.6 -22.3321
14639.6 -22.6361
14651.7 -22.9546
14663.7 -23.2729
14675.7 -23.591
14687.7 -23.9087
14699.7 -24.226
14711.7 -24.543
14723.7 -24.8595
14735.7 -25.1754
14747.7 -25.4365
14759.8 -25.6916
14771.8 -25.9459
14783.8 -26.1993
14795.8 -26.4518
14807.8 -26.7033
14819.8 -26.9537
14831.8 -27.203
14843.8 -27.4538
14855.9 -27.719
14867.9 -27.9829
14879.9 -28.2454
14891.9 -28.5065
14903.9 -28.7661
14915.9 -29.0241
14927.9 -29.2804
14939.9 -29.5349
14952 -29.8076
14964 -30.1113
14976 -30.413
14988 -30.7127
15000 -31.0104
15012 -31.306
15024 -31.5993
15036 -31.8903
15048 -32.1789
15060.1 -32.4716
15072.1 -32.7656
15084.1 -33.0571
15096.1 -33.3458
15108.1 -33.6318
15120.1 -33.9149
15132.1 -34.195
15144.1 -34.4721
15156.2 -34.746
15168.2 -35.0802
15180.2 -35.4219
15192.2 -35.7604
15204.2 -36.0955
15216.2 -36.4272
15228.2 -36.7555
15240.2 -37.0801
15252.3 -37.4011
15264.3 -37.7194
15276.3 -38.0453
15288.3 -38.3674
15300.3 -38.6855
15312.3 -38.9995
15324.3 -39.3095
15336.3 -39.6154
15348.3 -39.9169
15360.4 -40.2142
15372.4 -40.5314
15384.4 -40.8933
15396.4 -41.2508
15408.4 -41.6039
15420.4 -41.9525
15432.4 -42.2965
15444.4 -42.636
15456.5 -42.9707
15468.5 -43.3008
15480.5 -43.6164
15492.5 -43.9198
15504.5 -44.2183
15516.5 -44.5118
15528.5 -44.8005
15540.5 -45.0841
15552.6 -45.3627
15564.6 -45.6363
15576.6 -45.9048
15588.6 -46.0399
15600.6 -46.1388
15612.6 -46.2324
15624.6 -46.3205
15636.6 -46.4032
15648.6 -46.4806
15660.7 -46.5525
15672.7 -46.619
15684.7 -46.6733
15696.7 -46.5619
15708.7 -46.4449
15720.7 -46.3221
15732.7 -46.1938
15744.7 -46.0598
15756.8 -45.9201
15768.8 -45.7748
15780.8 -45.624
15792.8 -45.5313
15804.8 -45.6022
15816.8 -45.668
15828.8 -45.7286
15840.8 -45.7842
15852.9 -45.8346
15864.9 -45.8801
15876.9 -45.9206
15888.9 -45.9562
15900.9 -46.0947
15912.9 -46.3297
15924.9 -46.5603
15936.9 -46.7864
15948.9 -47.0081
15961 -47.2256
15973 -47.4389
15985 -47.6479
15997 -47.8529
16009 -47.9522
16021 -48.0135
16033 -48.0707
16045 -48.1238
16057.1 -48.1729
16069.1 -48.2182
16081.1 -48.2596
16093.1 -48.2973
16105.1 -48.3312
16117.1 -48.5209
16129.1 -48.7099
16141.1 -48.8957
16153.2 -49.0784
16165.2 -49.2581
16177.2 -49.4347
16189.2 -49.6085
16201.2 -49.7795
16213.2 -49.9271
16225.2 -50.0017
16237.2 -50.0736
16249.2 -50.1429
16261.3 -50.2096
16273.3 -50.2739
16285.3 -50.3358
16297.3 -50.3954
16309.3 -50.4528
16321.3 -50.4888
16333.3 -50.5001
16345.3 -50.5093
16357.4 -50.5166
16369.4 -50.522
16381.4 -50.5256
16393.4 -50.5274
16405.4 -50.5277
16417.4 -50.5264
16429.4 -50.5621
16441.4 -50.6135
16453.5 -50.6637
16465.5 -50.7127
16477.5 -50.7605
16489.5 -50.8074
16501.5 -50.8532
16513.5 -50.8982
16525.5 -50.9423
16537.5 -50.6914
16549.5 -50.4191
16561.6 -50.1457
16573.6 -49.8713
16585.6 -49.596
16597.6 -49.3197
16609.6 -49.0426
16621.6 -48.7647
16633.6 -48.5233
16645.6 -48.4639
16657.7 -48.4042
16669.7 -48.3443
16681.7 -48.2842
16693.7 -48.224
16705.7 -48.1637
16717.7 -48.1034
16729.7 -48.0432
16741.7 -47.9238
16753.8 -47.7198
16765.8 -47.5157
16777.8 -47.3117
16789.8 -47.1077
16801.8 -46.9038
16813.8 -46.7001
16825.8 -46.4965
16837.8 -46.2932
16849.8 -46.0605
16861.9 -45.8116
16873.9 -45.563
16885.9 -45.3147
16897.9 -45.0667
16909.9 -44.8191
16921.9 -44.572
16933.9 -44.3252
16945.9 -44.079
16958 -43.7055
16970 -43.3147
16982 -42.9242
16994 -42.5342
17006 -42.1445
17018 -41.7553
17030 -41.3665
17042 -40.9782
17054.1 -40.5899
17066.1 -40.1979
17078.1 -39.8065
17090.1 -39.4156
17102.1 -39.0253
17114.1 -38.6356
17126.1 -38.2464
17138.1 -37.8579
17150.2 -37.4701
17162.2 -37.0248
17174.2 -36.4745
17186.2 -35.9246
17198.2 -35.3752
17210.2 -34.8263
17222.2 -34.2778
17234.2 -33.7299
17246.2 -33.1825
17258.3 -32.6355
17270.3 -32.0085
17282.3 -31.3254
17294.3 -30.6426
17306.3 -29.9602
17318.3 -29.2782
17330.3 -28.5966
17342.3 -27.9153
17354.4 -27.2344
17366.4 -26.5539
17378.4 -26.161
17390.4 -25.8274
17402.4 -25.4947
17414.4 -25.1629
17426.4 -24.832
17438.4 -24.502
17450.5 -24.1729
17462.5 -23.8447
17474.5 -23.5135
17486.5 -23.1271
17498.5 -22.7416
17510.5 -22.3568
17522.5 -21.9729
17534.5 -21.5898
17546.5 -21.2076
17558.6 -20.8261
17570.6 -20.4455
17582.6 -20.0954
17594.6 -19.8133
17606.6 -19.5322
17618.6 -19.2521
17630.6 -18.9729
17642.6 -18.6946
17654.7 -18.4173
17666.7 -18.1409
17678.7 -17.8654
17690.7 -17.5411
17702.7 -17.1754
17714.7 -16.8104
17726.7 -16.4462
17738.7 -16.0828
17750.8 -15.7202
17762.8 -15.3584
17774.8 -14.9974
17786.8 -14.6371
17798.8 -14.299
17810.8 -13.968
17822.8 -13.6378
17834.8 -13.3083
17846.8 -12.9797
17858.9 -12.6518
17870.9 -12.3247
17882.9 -11.9984
17894.9 -11.6772
17906.9 -11.621
17918.9 -11.5659
17930.9 -11.5119
17942.9 -11.459
17955 -11.4072
17967 -11.3565
17979 -11.3069
17991 -11.2584
18003 -11.2325
18015 -11.2724
18027 -11.3134
18039 -11.3557
18051.1 -11.3991
18063.1 -11.4437
18075.1 -11.4894
18087.1 -11.5363
18099.1 -11.5843
18111.1 -11.5385
18123.1 -11.3923
18135.1 -11.247
18147.1 -11.1025
18159.2 -10.9589
18171.2 -10.8161
18183.2 -10.6742
18195.2 -10.5331
18207.2 -10.3928
18219.2 -10.2435
18231.2 -10.0913
18243.2 -9.9399
18255.3 -9.78927
18267.3 -9.63942
18279.3 -9.49033
18291.3 -9.34201
18303.3 -9.19445
18315.3 -9.04765
18327.3 -8.88415
18339.3 -8.72064
18351.4 -8.55784
18363.4 -8.39575
18375.4 -8.23435
18387.4 -8.07364
18399.4 -7.91362
18411.4 -7.75429
18423.4 -7.60936
18435.4 -7.52248
18447.4 -7.43635
18459.5 -7.35097
18471.5 -7.26633
18483.5 -7.18243
18495.5 -7.09927
18507.5 -7.01682
18519.5 -6.9351
18531.5 -6.84484
18543.5 -6.74327
18555.6 -6.64238
18567.6 -6.54216
18579.6 -6.4426
18591.6 -6.34371
18603.6 -6.24546
18615.6 -6.14787
18627.6 -6.05091
18639.6 -6.10173
18651.7 -6.22611
18663.7 -6.35139
18675.7 -6.47759
18687.7 -6.60468
18699.7 -6.73267
18711.7 -6.86154
18723.7 -6.9913
18735.7 -7.12193
18747.7 -7.62783
18759.8 -8.17149
18771.8 -8.71655
18783.8 -9.26298
18795.8 -9.8108
18807.8 -10.36
18819.8 -10.9106
18831.8 -11.4625
18843.8 -11.9249
18855.9 -11.8528
18867.9 -11.7813
18879.9 -11.7103
18891.9 -11.6399
18903.9 -11.57
18915.9 -11.5006
18927.9 -11.4318
18939.9 -11.3635
18952 -11.2957
18964 -11.2285
18976 -11.1617
18988 -11.0955
19000 -11.0297
