7000 16.6332
7012.01 16.8008
7024.02 16.9709
7036.04 17.1434
7048.05 17.3184
7060.06 17.4961
7072.07 17.6763
7084.08 17.8593
7096.1 18.045
7108.11 18.2334
7120.12 18.4247
7132.13 18.619
7144.14 18.8161
7156.16 19.0163
7168.17 19.2196
7180.18 19.426
7192.19 19.6357
7204.2 19.8486
7216.22 20.0648
7228.23 20.2844
7240.24 20.5075
7252.25 20.7341
7264.26 20.9643
7276.28 21.1981
7288.29 21.4357
7300.3 21.6771
7312.31 21.9224
7324.32 22.1717
7336.34 22.425
7348.35 22.6823
7360.36 22.9439
7372.37 23.2097
7384.38 23.4798
7396.4 23.7544
7408.41 24.0334
7420.42 24.317
7432.43 24.6052
7444.44 24.8981
7456.46 25.1959
7468.47 25.4984
7480.48 25.8014
7492.49 26.106
7504.5 26.4155
7516.52 26.7303
7528.53 27.0502
7540.54 27.3754
7552.55 27.7059
7564.56 28.0418
7576.58 28.3832
7588.59 28.8236
7600.6 29.2929
7612.61 29.7681
7624.62 30.2494
7636.64 30.7368
7648.65 31.2303
7660.66 31.7299
7672.67 32.2357
7684.68 32.7413
7696.7 33.0986
7708.71 33.4616
7720.72 33.8303
7732.73 34.2046
7744.74 34.5845
7756.76 34.97
7768.77 35.3609
7780.78 35.7573
7792.79 36.1759
7804.8 36.6439
7816.82 37.1172
7828.83 37.5957
7840.84 38.0793
7852.85 38.5676
7864.86 39.0607
7876.88 39.5582
7888.89 40.0599
7900.9 40.5671
7912.91 41.0797
7924.92 41.5956
7936.94 42.1145
7948.95 42.6362
7960.96 43.1602
7972.97 43.6862
7984.98 44.2136
7997 44.7421
8009.01 45.2089
8021.02 45.6547
8033.03 46.0998
8045.05 46.5437
8057.06 46.9857
8069.07 47.4252
8081.08 47.8617
8093.09 48.2945
8105.11 48.7228
8117.12 49.0335
8129.13 49.3366
8141.14 49.633
8153.15 49.9219
8165.17 50.2025
8177.18 50.4743
8189.19 50.7364
8201.2 50.9882
8213.21 51.2931
8225.23 51.8095
8237.24 52.3144
8249.25 52.8071
8261.26 53.287
8273.27 53.7536
8285.29 54.2062
8297.3 54.6444
8309.31 55.0676
8321.32 55.423
8333.33 55.7008
8345.35 55.9623
8357.36 56.207
8369.37 56.4349
8381.38 56.6457
8393.39 56.8393
8405.41 57.0157
8417.42 57.1748
8429.43 57.4799
8441.44 57.8393
8453.45 58.1824
8465.47 58.5096
8477.48 58.8212
8489.49 59.1174
8501.5 59.3986
8513.51 59.6654
8525.53 59.9181
8537.54 60.0648
8549.55 60.1917
8561.56 60.3059
8573.57 60.408
8585.59 60.4988
8597.6 60.5787
8609.61 60.6486
8621.62 60.7091
8633.63 60.7029
8645.65 60.4075
8657.66 60.1037
8669.67 59.7924
8681.68 59.4742
8693.69 59.1498
8705.71 58.8199
8717.72 58.4851
8729.73 58.146
8741.74 57.7449
8753.75 57.2555
8765.77 56.7634
8777.78 56.269
8789.79 55.773
8801.8 55.2759
8813.81 54.7781
8825.83 54.2802
8837.84 53.7825
8849.85 53.5439
8861.86 53.4499
8873.87 53.3585
8885.89 53.2701
8897.9 53.1851
8909.91 53.1037
8921.92 53.0264
8933.93 52.9532
8945.95 52.8846
8957.96 52.8208
8969.97 52.7619
8981.98 52.7082
8993.99 52.6599
9006.01 52.6171
9018.02 52.58
9030.03 52.5488
9042.04 52.5235
9054.05 52.5043
9066.07 52.4912
9078.08 52.4844
9090.09 52.484
9102.1 52.4899
9114.11 52.5023
9126.13 52.5213
9138.14 52.5467
9150.15 52.5788
9162.16 52.6174
9174.17 52.6627
9186.19 52.7146
9198.2 52.7732
9210.21 52.8384
9222.22 52.9102
9234.23 52.9887
9246.25 53.0738
9258.26 53.1655
9270.27 53.2638
9282.28 53.3686
9294.29 53.48
9306.31 53.5979
9318.32 53.7222
9330.33 53.853
9342.34 53.9903
9354.35 54.1339
9366.37 54.2839
9378.38 54.4401
9390.39 54.6027
9402.4 54.7715
9414.41 54.9465
9426.43 55.1276
9438.44 55.3149
9450.45 55.5083
9462.46 55.7077
9474.47 55.9131
9486.49 56.1245
9498.5 56.3418
9510.51 56.565
9522.52 56.794
9534.53 57.0288
9546.55 57.2694
9558.56 57.5158
9570.57 57.7678
9582.58 58.0255
9594.59 58.2888
9606.61 58.5577
9618.62 58.8322
9630.63 59.1121
9642.64 59.3976
9654.65 59.6885
9666.67 59.9847
9678.68 60.2864
9690.69 60.5934
9702.7 60.9057
9714.71 61.2233
9726.73 61.5461
9738.74 61.8741
9750.75 62.2073
9762.76 62.5457
9774.77 62.8891
9786.79 63.2377
9798.8 63.5913
9810.81 63.95
9822.82 64.3136
9834.83 64.6822
9846.85 65.0557
9858.86 65.4342
9870.87 65.8175
9882.88 66.2056
9894.89 66.5986
9906.91 66.9964
9918.92 67.3989
9930.93 67.8062
9942.94 68.2182
9954.95 68.6348
9966.97 69.0561
9978.98 69.482
9990.99 69.9124
10003 70.3475
10015 70.787
10027 71.231
10039 71.6795
10051.1 72.1324
10063.1 72.5897
10075.1 73.0514
10087.1 73.5173
10099.1 73.9876
10111.1 74.4621
10123.1 74.9409
10135.1 75.4238
10147.1 75.9109
10159.2 76.4021
10171.2 76.8973
10183.2 77.3966
10195.2 77.8998
10207.2 78.407
10219.2 78.9182
10231.2 79.4331
10243.2 79.9519
10255.3 80.4745
10267.3 81.0007
10279.3 81.5307
10291.3 82.0642
10303.3 82.6013
10315.3 83.142
10327.3 83.6861
10339.3 84.2336
10351.4 84.7845
10363.4 85.3387
10375.4 85.8961
10387.4 86.4566
10399.4 87.0203
10411.4 87.587
10423.4 88.1567
10435.4 88.7293
10447.4 89.3048
10459.5 89.883
10471.5 90.4639
10483.5 91.0474
10495.5 91.6335
10507.5 92.222
10519.5 92.8129
10531.5 93.4061
10543.5 94.0015
10555.6 94.5991
10567.6 95.1986
10579.6 95.8001
10591.6 96.4035
10603.6 97.0086
10615.6 97.6154
10627.6 98.2237
10639.6 98.8335
10651.7 99.4446
10663.7 100.057
10675.7 100.67
10687.7 101.285
10699.7 101.9
10711.7 102.517
10723.7 103.134
10735.7 103.751
10747.7 104.369
10759.8 104.987
10771.8 105.605
10783.8 106.224
10795.8 106.842
10807.8 107.46
10819.8 108.078
10831.8 108.695
10843.8 109.19
10855.9 108.963
10867.9 108.734
10879.9 108.502
10891.9 108.266
10903.9 108.028
10915.9 107.786
10927.9 107.54
10939.9 107.291
10952 107.332
10964 107.853
10976 108.371
10988 108.886
11000 109.399
11012 109.909
11024 110.416
11036 110.919
11048 111.419
11060.1 111.973
11072.1 112.558
11084.1 113.14
11096.1 113.718
11108.1 114.291
11120.1 114.861
11132.1 115.426
11144.1 115.986
11156.2 116.542
11168.2 117.005
11180.2 117.448
11192.2 117.886
11204.2 118.318
11216.2 118.744
11228.2 119.164
11240.2 119.578
11252.3 119.985
11264.3 120.409
11276.3 121.064
11288.3 121.712
11300.3 122.354
11312.3 122.989
11324.3 123.618
11336.3 124.24
11348.3 124.854
11360.4 125.461
11372.4 125.943
11384.4 126.178
11396.4 126.404
11408.4 126.622
11420.4 126.831
11432.4 127.031
11444.4 127.222
11456.5 127.404
11468.5 127.577
11480.5 127.883
11492.5 128.29
11504.5 128.687
11516.5 129.076
11528.5 129.456
11540.5 129.825
11552.6 130.186
11564.6 130.537
11576.6 130.878
11588.6 131.353
11600.6 131.854
11612.6 132.345
11624.6 132.826
11636.6 133.298
11648.6 133.759
11660.7 134.211
11672.7 134.653
11684.7 135.091
11696.7 135.648
11708.7 136.196
11720.7 136.734
11732.7 137.262
11744.7 137.78
11756.8 138.288
11768.8 138.786
11780.8 139.275
11792.8 139.636
11804.8 139.675
11816.8 139.703
11828.8 139.72
11840.8 139.727
11852.9 139.722
11864.9 139.707
11876.9 139.681
11888.9 139.645
11900.9 139.764
11912.9 140.027
11924.9 140.281
11936.9 140.525
11948.9 140.759
11961 140.984
11973 141.198
11985 141.403
11997 141.599
12009 141.402
12021 141.066
12033 140.72
12045 140.365
12057.1 139.999
12069.1 139.622
12081.1 139.236
12093.1 138.841
12105.1 138.435
12117.1 137.421
12129.1 136.387
12141.1 135.342
12153.2 134.287
12165.2 133.222
12177.2 132.146
12189.2 131.06
12201.2 129.964
12213.2 128.943
12225.2 128.204
12237.2 127.456
12249.2 126.699
12261.3 125.934
12273.3 125.16
12285.3 124.378
12297.3 123.588
12309.3 122.79
12321.3 122.139
12333.3 121.664
12345.3 121.182
12357.4 120.693
12369.4 120.197
12381.4 119.695
12393.4 119.187
12405.4 118.672
12417.4 118.152
12429.4 117.706
12441.4 117.291
12453.5 116.87
12465.5 116.444
12477.5 116.013
12489.5 115.577
12501.5 115.137
12513.5 114.692
12525.5 114.242
12537.5 113.638
12549.5 113.02
12561.6 112.397
12573.6 111.77
12585.6 111.139
12597.6 110.504
12609.6 109.865
12621.6 109.222
12633.6 108.672
12645.6 108.591
12657.7 108.508
12669.7 108.423
12681.7 108.335
12693.7 108.246
12705.7 108.155
12717.7 108.063
12729.7 107.969
12741.7 107.813
12753.8 107.569
12765.8 107.323
12777.8 107.076
12789.8 106.828
12801.8 106.579
12813.8 106.329
12825.8 106.078
12837.8 105.826
12849.8 105.291
12861.9 104.598
12873.9 103.904
12885.9 103.209
12897.9 102.512
12909.9 101.815
12921.9 101.116
12933.9 100.417
12945.9 99.7172
12958 98.7547
12970 97.7551
12982 96.7544
12994 95.7527
13006 94.75
13018 93.7465
13030 92.7423
13042 91.7373
13054.1 90.7906
13066.1 90.2721
13078.1 89.7539
13090.1 89.2361
13102.1 88.7188
13114.1 88.2021
13126.1 87.686
13138.1 87.1706
13150.2 86.6558
13162.2 86.1048
13174.2 85.4869
13186.2 84.8697
13198.2 84.2533
13210.2 83.6375
13222.2 83.0226
13234.2 82.4085
13246.2 81.7953
13258.3 81.183
13270.3 80.6407
13282.3 80.1479
13294.3 79.6564
13306.3 79.1661
13318.3 78.6771
13330.3 78.1894
13342.3 77.703
13354.4 77.218
13366.4 76.7343
13378.4 76.4241
13390.4 76.1508
13402.4 75.8793
13414.4 75.6096
13426.4 75.3418
13438.4 75.0758
13450.5 74.8117
13462.5 74.5495
13474.5 74.3153
13486.5 74.4614
13498.5 74.6101
13510.5 74.7614
13522.5 74.9155
13534.5 75.0722
13546.5 75.2315
13558.6 75.3936
13570.6 75.5584
13582.6 75.6075
13594.6 75.3914
13606.6 75.1772
13618.6 74.9651
13630.6 74.755
13642.6 74.5469
13654.7 74.3408
13666.7 74.1367
13678.7 73.9346
13690.7 73.3655
13702.7 72.4835
13714.7 71.6024
13726.7 70.722
13738.7 69.8424
13750.8 68.9636
13762.8 68.0855
13774.8 67.2081
13786.8 66.3315
13798.8 65.5563
13810.8 64.8113
13822.8 64.0673
13834.8 63.3241
13846.8 62.5819
13858.9 61.8405
13870.9 61.1
13882.9 60.3604
13894.9 59.6223
13906.9 58.932
13918.9 58.2425
13930.9 57.5539
13942.9 56.8662
13955 56.1793
13967 55.4932
13979 54.8079
13991 54.1233
14003 53.4916
14015 53.0169
14027 52.5433
14039 52.0707
14051.1 51.5992
14063.1 51.1286
14075.1 50.659
14087.1 50.1904
14099.1 49.7226
14111.1 49.362
14123.1 49.116
14135.1 48.8712
14147.1 48.6275
14159.2 48.385
14171.2 48.1437
14183.2 47.9035
14195.2 47.6643
14207.2 47.4263
14219.2 47.3082
14231.2 47.2363
14243.2 47.1657
14255.3 47.0963
14267.3 47.028
14279.3 46.961
14291.3 46.895
14303.3 46.8302
14315.3 46.7664
14327.3 46.3585
14339.3 45.9364
14351.4 45.5148
14363.4 45.0934
14375.4 44.6724
14387.4 44.2516
14399.4 43.8311
14411.4 43.4108
14423.4 42.9102
14435.4 42.0737
14447.4 41.2366
14459.5 40.399
14471.5 39.5606
14483.5 38.7216
14495.5 37.8818
14507.5 37.0413
14519.5 36.1999
14531.5 35.4146
14543.5 34.7023
14555.6 33.9893
14567.6 33.2756
14579.6 32.5611
14591.6 31.8457
14603.6 31.1295
14615.6 30.4125
14627.6 29.6944
14639.6 29.0918
14651.7 28.546
14663.7 27.9994
14675.7 27.4519
14687.7 26.9037
14699.7 26.3545
14711.7 25.8044
14723.7 25.2533
14735.7 24.7012
14747.7 24.2452
14759.8 23.7977
14771.8 23.3492
14783.8 22.8997
14795.8 22.4492
14807.8 21.9976
14819.8 21.5448
14831.8 21.0908
14843.8 20.6558
14855.9 20.3384
14867.9 20.0199
14879.9 19.7002
14891.9 19.3794
14903.9 19.0573
14915.9 18.734
14927.9 18.4093
14939.9 18.0833
14952 17.8137
14964 17.6375
14976 17.46
14988 17.2813
15000 17.1012
15012 16.9197
15024 16.7368
15036 16.5524
15048 16.3665
15060.1 15.9662
15072.1 15.4341
15084.1 14.8997
15096.1 14.3631
15108.1 13.8242
15120.1 13.283
15132.1 12.7393
15144.1 12.1933
15156.2 11.6447
15168.2 10.7862
15180.2 9.87229
15192.2 8.95525
15204.2 8.03499
15216.2 7.11147
15228.2 6.18464
15240.2 5.25447
15252.3 4.32091
15264.3 3.40891
15276.3 2.75055
15288.3 2.08913
15300.3 1.42462
15312.3 0.756987
15324.3 0.0861873
15336.3 -0.587809
15348.3 -1.26503
15360.4 -1.94552
15372.4 -2.64309
15384.4 -3.37192
15396.4 -4.10417
15408.4 -4.83986
15420.4 -5.57901
15432.4 -6.32164
15444.4 -7.06778
15456.5 -7.81744
15468.5 -8.57065
15480.5 -9.14082
15492.5 -9.57021
15504.5 -10.0027
15516.5 -10.4382
15528.5 -10.8768
15540.5 -11.3185
15552.6 -11.7632
15564.6 -12.2111
15576.6 -12.662
15588.6 -13.1193
15600.6 -13.5806
15612.6 -14.0448
15624.6 -14.5121
15636.6 -14.9824
15648.6 -15.4557
15660.7 -15.9319
15672.7 -16.411
15684.7 -16.891
15696.7 -17.3274
15708.7 -17.7664
15720.7 -18.2081
15732.7 -18.6524
15744.7 -19.0992
15756.8 -19.5485
15768.8 -20.0002
15780.8 -20.4541
15792.8 -21.0203
15804.8 -21.8801
15816.8 -22.7425
15828.8 -23.6075
15840.8 -24.4749
15852.9 -25.3447
15864.9 -26.2166
15876.9 -27.0906
15888.9 -27.9665
15900.9 -28.7838
15912.9 -29.5459
15924.9 -30.3094
15936.9 -31.0739
15948.9 -31.8395
15961 -32.6058
15973 -33.3727
15985 -34.1401
15997 -34.9076
16009 -35.6161
16021 -36.3047
16033 -36.9926
16045 -37.6798
16057.1 -38.3659
16069.1 -39.0507
16081.1 -39.734
16093.1 -40.4155
16105.1 -41.095
16117.1 -41.8402
16129.1 -42.584
16141.1 -43.325
16153.2 -44.0629
16165.2 -44.7973
16177.2 -45.5281
16189.2 -46.2547
16201.2 -46.977
16213.2 -47.6538
16225.2 -48.1855
16237.2 -48.7115
16249.2 -49.2316
16261.3 -49.7453
16273.3 -50.2523
16285.3 -50.7523
16297.3 -51.245
16309.3 -51.7298
16321.3 -52.1589
16333.3 -52.5233
16345.3 -52.8788
16357.4 -53.2249
16369.4 -53.5612
16381.4 -53.8876
16393.4 -54.2035
16405.4 -54.5087
16417.4 -54.8027
16429.4 -55.2694
16441.4 -55.8059
16453.5 -56.3307
16465.5 -56.8435
16477.5 -57.3438
16489.5 -57.8314
16501.5 -58.306
16513.5 -58.7673
16525.5 -59.215
16537.5 -59.463
16549.5 -59.6838
16561.6 -59.8898
16573.6 -60.081
16585.6 -60.2569
16597.6 -60.4175
16609.6 -60.5626
16621.6 -60.6918
16633.6 -60.8412
16645.6 -61.1515
16657.7 -61.4459
16669.7 -61.7243
16681.7 -61.9864
16693.7 -62.2324
16705.7 -62.4619
16717.7 -62.6751
16729.7 -62.8719
16741.7 -63.0903
16753.8 -63.3469
16765.8 -63.5871
16777.8 -63.8111
16789.8 -64.0188
16801.8 -64.2104
16813.8 -64.3858
16825.8 -64.5451
16837.8 -64.6886
16849.8 -64.8132
16861.9 -64.9204
16873.9 -65.0121
16885.9 -65.0885
16897.9 -65.1498
16909.9 -65.1962
16921.9 -65.2278
16933.9 -65.245
16945.9 -65.2479
16958 -65.1442
16970 -65.0139
16982 -64.87
16994 -64.7127
17006 -64.5425
17018 -64.3595
17030 -64.1641
17042 -63.9566
17054.1 -63.7437
17066.1 -63.5664
17078.1 -63.378
17090.1 -63.1789
17102.1 -62.9694
17114.1 -62.7499
17126.1 -62.5207
17138.1 -62.2822
17150.2 -62.0346
17162.2 -61.6815
17174.2 -61.1433
17186.2 -60.5968
17198.2 -60.0423
17210.2 -59.4802
17222.2 -58.9108
17234.2 -58.3345
17246.2 -57.7516
17258.3 -57.1625
17270.3 -56.5574
17282.3 -55.9398
17294.3 -55.3169
17306.3 -54.689
17318.3 -54.0564
17330.3 -53.4194
17342.3 -52.7784
17354.4 -52.1337
17366.4 -51.4855
17378.4 -51.1115
17390.4 -50.7915
17402.4 -50.4693
17414.4 -50.1453
17426.4 -49.8195
17438.4 -49.4924
17450.5 -49.1642
17462.5 -48.835
17474.5 -48.4948
17486.5 -48.0043
17498.5 -47.5133
17510.5 -47.022
17522.5 -46.5307
17534.5 -46.0396
17546.5 -45.5488
17558.6 -45.0584
17570.6 -44.5688
17582.6 -44.1307
17594.6 -43.8084
17606.6 -43.4875
17618.6 -43.1682
17630.6 -42.8505
17642.6 -42.5347
17654.7 -42.2208
17666.7 -41.9091
17678.7 -41.5995
17690.7 -41.2253
17702.7 -40.7965
17714.7 -40.3701
17726.7 -39.9462
17738.7 -39.5247
17750.8 -39.1059
17762.8 -38.6899
17774.8 -38.2765
17786.8 -37.8661
17798.8 -37.3199
17810.8 -36.736
17822.8 -36.155
17834.8 -35.5767
17846.8 -35.0014
17858.9 -34.4291
17870.9 -33.8597
17882.9 -33.2934
17894.9 -32.7346
17906.9 -32.4549
17918.9 -32.1787
17930.9 -31.9061
17942.9 -31.637
17955 -31.3715
17967 -31.1095
17979 -30.8512
17991 -30.5965
18003 -30.3126
18015 -29.9338
18027 -29.5585
18039 -29.1866
18051.1 -28.8182
18063.1 -28.4533
18075.1 -28.0919
18087.1 -27.7339
18099.1 -27.3794
18111.1 -27.1225
18123.1 -26.9697
18135.1 -26.8205
18147.1 -26.6751
18159.2 -26.5333
18171.2 -26.3952
18183.2 -26.2607
18195.2 -26.1299
18207.2 -26.0026
18219.2 -25.7541
18231.2 -25.4618
18243.2 -25.1727
18255.3 -24.887
18267.3 -24.6046
18279.3 -24.3255
18291.3 -24.0496
18303.3 -23.7769
18315.3 -23.5074
18327.3 -23.2402
18339.3 -22.9761
18351.4 -22.7151
18363.4 -22.4573
18375.4 -22.2025
18387.4 -21.9507
18399.4 -21.702
18411.4 -21.4562
18423.4 -21.1638
18435.4 -20.6671
18447.4 -20.1731
18459.5 -19.6815
18471.5 -19.1925
18483.5 -18.706
18495.5 -18.2219
18507.5 -17.7403
18519.5 -17.261
18531.5 -16.8694
18543.5 -16.5907
18555.6 -16.3146
18567.6 -16.0411
18579.6 -15.7701
18591.6 -15.5016
18603.6 -15.2355
18615.6 -14.9719
18627.6 -14.7107
18639.6 -14.4227
18651.7 -14.1226
18663.7 -13.8248
18675.7 -13.5293
18687.7 -13.236
18699.7 -12.9448
18711.7 -12.6558
18723.7 -12.369
18735.7 -12.0843
18747.7 -12.0498
18759.8 -12.0418
18771.8 -12.0362
18783.8 -12.033
18795.8 -12.0321
18807.8 -12.0335
18819.8 -12.0372
18831.8 -12.0431
18843.8 -12.0259
18855.9 -11.8612
18867.9 -11.6984
18879.9 -11.5376
18891.9 -11.3788
18903.9 -11.2218
18915.9 -11.0666
18927.9 -10.9134
18939.9 -10.7619
18952 -10.6123
18964 -10.4644
18976 -10.3183
18988 -10.174
19000 -10.0313
