7000 7.59243
7012.01 7.65228
7024.02 7.71262
7036.04 7.77346
7048.05 7.8348
7060.06 7.89665
7072.07 7.95901
7084.08 8.02189
7096.1 8.08528
7108.11 8.14919
7120.12 8.21363
7132.13 8.2786
7144.14 8.3441
7156.16 8.41015
7168.17 8.47673
7180.18 8.54387
7192.19 8.61155
7204.2 8.67979
7216.22 8.74859
7228.23 8.81796
7240.24 8.8879
7252.25 8.9584
7264.26 9.02949
7276.28 9.10115
7288.29 9.17341
7300.3 9.24625
7312.31 9.31969
7324.32 9.39372
7336.34 9.46836
7348.35 9.54361
7360.36 9.61947
7372.37 9.69594
7384.38 9.77304
7396.4 9.85076
7408.41 9.92911
7420.42 10.0081
7432.43 10.0877
7444.44 10.168
7456.46 10.2489
7468.47 10.3305
7480.48 11.2865
7492.49 12.9167
7504.5 14.5526
7516.52 16.1941
7528.53 17.8412
7540.54 19.4939
7552.55 21.1523
7564.56 22.8163
7576.58 24.486
7588.59 24.5512
7600.6 24.2198
7612.61 23.8877
7624.62 23.555
7636.64 23.2215
7648.65 22.8874
7660.66 22.5526
7672.67 22.2172
7684.68 21.894
7696.7 21.8859
7708.71 21.8783
7720.72 21.871
7732.73 21.8641
7744.74 21.8575
7756.76 21.8513
7768.77 21.8455
7780.78 21.8401
7792.79 21.8626
7804.8 21.9574
7816.82 22.0529
7828.83 22.1492
7840.84 22.2461
7852.85 22.3437
7864.86 22.4421
7876.88 22.5412
7888.89 22.641
7900.9 22.763
7912.91 22.9061
7924.92 23.0502
7936.94 23.195
7948.95 23.3408
7960.96 23.4874
7972.97 23.6348
7984.98 23.7832
7997 23.9324
8009.01 24.0068
8021.02 24.0565
8033.03 24.1068
8045.05 24.1577
8057.06 24.2092
8069.07 24.2612
8081.08 24.3138
8093.09 24.367
8105.11 24.4207
8117.12 24.5021
8129.13 24.5845
8141.14 24.6675
8153.15 24.7512
8165.17 24.8355
8177.18 24.9205
8189.19 25.0062
8201.2 25.0925
8213.21 25.183
8225.23 25.2862
8237.24 25.3901
8249.25 25.4948
8261.26 25.6001
8273.27 25.7062
8285.29 25.8129
8297.3 25.9203
8309.31 26.0284
8321.32 26.152
8333.33 26.2937
8345.35 26.4361
8357.36 26.5793
8369.37 26.7233
8381.38 26.8681
8393.39 27.0136
8405.41 27.1598
8417.42 27.3068
8429.43 27.4224
8441.44 27.5247
8453.45 27.6277
8465.47 27.7312
8477.48 27.8353
8489.49 27.94
8501.5 28.0452
8513.51 28.1511
8525.53 28.2574
8537.54 28.3649
8549.55 28.4729
8561.56 28.5815
8573.57 28.6905
8585.59 28.8002
8597.6 28.9103
8609.61 29.0209
8621.62 29.1321
8633.63 29.2079
8645.65 29.1106
8657.66 29.0132
8669.67 28.9157
8681.68 28.818
8693.69 28.7201
8705.71 28.6221
8717.72 28.524
8729.73 28.4256
8741.74 28.1912
8753.75 27.7588
8765.77 27.3252
8777.78 26.8905
8789.79 26.4547
8801.8 26.0176
8813.81 25.5794
8825.83 25.14
8837.84 24.6993
8849.85 24.6016
8861.86 24.6938
8873.87 24.7861
8885.89 24.8786
8897.9 24.9713
8909.91 25.0641
8921.92 25.1571
8933.93 25.2501
8945.95 25.3432
8957.96 25.4364
8969.97 25.5297
8981.98 25.623
8993.99 25.7164
9006.01 25.8097
9018.02 25.903
9030.03 25.9964
9042.04 26.0896
9054.05 26.1828
9066.07 26.276
9078.08 26.369
9090.09 26.4619
9102.1 26.5547
9114.11 26.6474
9126.13 26.7398
9138.14 26.8321
9150.15 26.9242
9162.16 27.0161
9174.17 27.1078
9186.19 27.1992
9198.2 27.2904
9210.21 27.3813
9222.22 27.4718
9234.23 27.5621
9246.25 27.6521
9258.26 27.7417
9270.27 27.8309
9282.28 27.9198
9294.29 28.0083
9306.31 28.0964
9318.32 28.1841
9330.33 28.2713
9342.34 28.3582
9354.35 28.4446
9366.37 28.5305
9378.38 28.6159
9390.39 28.7009
9402.4 28.7854
9414.41 28.8694
9426.43 28.9529
9438.44 29.0359
9450.45 29.1183
9462.46 29.2003
9474.47 29.2817
9486.49 29.3625
9498.5 29.4429
9510.51 29.5227
9522.52 29.6019
9534.53 29.6806
9546.55 29.7588
9558.56 29.8364
9570.57 29.9134
9582.58 29.99
9594.59 30.066
9606.61 30.1414
9618.62 30.2164
9630.63 30.2908
9642.64 30.3647
9654.65 30.4381
9666.67 30.5111
9678.68 30.5835
9690.69 30.6555
9702.7 30.727
9714.71 30.7981
9726.73 30.8688
9738.74 30.9391
9750.75 31.0089
9762.76 31.0784
9774.77 31.1476
9786.79 31.2164
9798.8 31.285
9810.81 31.3532
9822.82 31.4213
9834.83 31.4891
9846.85 31.5567
9858.86 31.6241
9870.87 31.6914
9882.88 31.7586
9894.89 31.8257
9906.91 31.8928
9918.92 31.9599
9930.93 32.027
9942.94 32.0942
9954.95 32.1615
9966.97 32.229
9978.98 32.2966
9990.99 32.3645
10003 32.4327
10015 32.5012
10027 32.5701
10039 32.6393
10051.1 32.7091
10063.1 32.7793
10075.1 32.8501
10087.1 32.9216
10099.1 32.9936
10111.1 33.0664
10123.1 33.1399
10135.1 33.2143
10147.1 33.2895
10159.2 33.3656
10171.2 33.4427
10183.2 33.5208
10195.2 33.6
10207.2 33.6802
10219.2 33.7617
10231.2 33.8444
10243.2 33.9284
10255.3 34.0137
10267.3 34.1004
10279.3 34.1885
10291.3 34.2781
10303.3 34.3692
10315.3 34.462
10327.3 34.5563
10339.3 34.6523
10351.4 34.75
10363.4 34.8495
10375.4 34.9508
10387.4 35.0539
10399.4 35.1589
10411.4 35.2658
10423.4 35.3747
10435.4 35.4855
10447.4 35.5983
10459.5 35.7131
10471.5 35.8299
10483.5 35.9488
10495.5 36.0698
10507.5 36.1928
10519.5 36.3179
10531.5 36.4451
10543.5 36.5743
10555.6 36.7056
10567.6 36.8389
10579.6 36.9742
10591.6 37.1115
10603.6 37.2508
10615.6 37.392
10627.6 37.535
10639.6 37.6799
10651.7 37.8265
10663.7 37.9747
10675.7 38.1246
10687.7 38.276
10699.7 38.4288
10711.7 38.5829
10723.7 38.7383
10735.7 38.8947
10747.7 39.0521
10759.8 39.2103
10771.8 39.3691
10783.8 39.5285
10795.8 39.6882
10807.8 39.8481
10819.8 40.0079
10831.8 40.1676
10843.8 40.2975
10855.9 40.2544
10867.9 40.21
10879.9 40.164
10891.9 40.1162
10903.9 40.0663
10915.9 40.014
10927.9 39.959
10939.9 39.9011
10952 39.9617
10964 40.2186
10976 40.4724
10988 40.7227
11000 40.9691
11012 41.2113
11024 41.449
11036 41.6818
11048 41.9093
11060.1 42.158
11072.1 42.4172
11084.1 42.6701
11096.1 42.9164
11108.1 43.1557
11120.1 43.3876
11132.1 43.6117
11144.1 43.8277
11156.2 44.0352
11168.2 44.2762
11180.2 44.5152
11192.2 44.7448
11204.2 44.9646
11216.2 45.1743
11228.2 45.3736
11240.2 45.5621
11252.3 45.7395
11264.3 45.9162
11276.3 46.1897
11288.3 46.4515
11300.3 46.7016
11312.3 46.9396
11324.3 47.1655
11336.3 47.3789
11348.3 47.5798
11360.4 47.768
11372.4 47.9088
11384.4 47.9667
11396.4 48.0114
11408.4 48.0428
11420.4 48.0611
11432.4 48.0661
11444.4 48.0579
11456.5 48.0365
11468.5 48.0021
11480.5 48.0512
11492.5 48.1623
11504.5 48.2611
11516.5 48.3476
11528.5 48.422
11540.5 48.4846
11552.6 48.5355
11564.6 48.575
11576.6 48.6033
11588.6 48.6788
11600.6 48.7577
11612.6 48.8265
11624.6 48.8853
11636.6 48.9346
11648.6 48.9746
11660.7 49.0057
11672.7 49.0282
11684.7 49.0453
11696.7 49.1191
11708.7 49.1856
11720.7 49.245
11732.7 49.2978
11744.7 49.3444
11756.8 49.385
11768.8 49.4201
11780.8 49.45
11792.8 49.4132
11804.8 49.2079
11816.8 48.998
11828.8 48.7839
11840.8 48.5659
11852.9 48.3444
11864.9 48.1197
11876.9 47.8921
11888.9 47.662
11900.9 47.4964
11912.9 47.3916
11924.9 47.2854
11936.9 47.1781
11948.9 47.07
11961 46.9614
11973 46.8524
11985 46.7434
11997 46.6347
12009 46.5016
12021 46.361
12033 46.2212
12045 46.0823
12057.1 45.9447
12069.1 45.8084
12081.1 45.6737
12093.1 45.5407
12105.1 45.4095
12117.1 45.039
12129.1 44.6661
12141.1 44.295
12153.2 43.9258
12165.2 43.5587
12177.2 43.1938
12189.2 42.8311
12201.2 42.4707
12213.2 42.1296
12225.2 41.8486
12237.2 41.5702
12249.2 41.2947
12261.3 41.0221
12273.3 40.7524
12285.3 40.4857
12297.3 40.2219
12309.3 39.9613
12321.3 39.7072
12333.3 39.4603
12345.3 39.2166
12357.4 38.976
12369.4 38.7387
12381.4 38.5046
12393.4 38.2737
12405.4 38.046
12417.4 37.8216
12429.4 37.5603
12441.4 37.2844
12453.5 37.0116
12465.5 36.7419
12477.5 36.4753
12489.5 36.2118
12501.5 35.9513
12513.5 35.694
12525.5 35.4396
12537.5 35.1128
12549.5 34.7837
12561.6 34.4574
12573.6 34.1338
12585.6 33.813
12597.6 33.495
12609.6 33.1796
12621.6 32.8669
12633.6 32.5789
12645.6 32.4019
12657.7 32.2277
12669.7 32.0563
12681.7 31.8876
12693.7 31.7217
12705.7 31.5584
12717.7 31.3977
12729.7 31.2397
12741.7 31.0353
12753.8 30.7633
12765.8 30.4935
12777.8 30.2259
12789.8 29.9605
12801.8 29.6973
12813.8 29.4362
12825.8 29.1772
12837.8 28.9202
12849.8 28.5914
12861.9 28.2238
12873.9 27.858
12885.9 27.4938
12897.9 27.1312
12909.9 26.7702
12921.9 26.4107
12933.9 26.0528
12945.9 25.6963
12958 25.4568
12970 25.235
12982 25.0147
12994 24.796
13006 24.5788
13018 24.363
13030 24.1488
13042 23.9359
13054.1 23.7367
13066.1 23.6281
13078.1 23.521
13090.1 23.4154
13102.1 23.3111
13114.1 23.2083
13126.1 23.1067
13138.1 23.0065
13150.2 22.9076
13162.2 22.744
13174.2 22.4617
13186.2 22.1803
13198.2 21.8996
13210.2 21.6197
13222.2 21.3405
13234.2 21.062
13246.2 20.7842
13258.3 20.507
13270.3 20.2462
13282.3 19.997
13294.3 19.7484
13306.3 19.5003
13318.3 19.2528
13330.3 19.0057
13342.3 18.7591
13354.4 18.5129
13366.4 18.2671
13378.4 18.0461
13390.4 17.8305
13402.4 17.6152
13414.4 17.4003
13426.4 17.1856
13438.4 16.9713
13450.5 16.7572
13462.5 16.5433
13474.5 16.3369
13486.5 16.2367
13498.5 16.1369
13510.5 16.0373
13522.5 15.9381
13534.5 15.8391
13546.5 15.7404
13558.6 15.6419
13570.6 15.5436
13582.6 15.4173
13594.6 15.2276
13606.6 15.0377
13618.6 14.8478
13630.6 14.6578
13642.6 14.4677
13654.7 14.2775
13666.7 14.0872
13678.7 13.8966
13690.7 13.6109
13702.7 13.244
13714.7 12.8766
13726.7 12.5086
13738.7 12.1401
13750.8 11.7709
13762.8 11.4011
13774.8 11.0307
13786.8 10.6596
13798.8 10.3475
13810.8 10.0521
13822.8 9.75625
13834.8 9.45977
13846.8 9.1627
13858.9 8.86501
13870.9 8.56668
13882.9 8.26772
13894.9 7.96814
13906.9 7.67105
13918.9 7.37328
13930.9 7.07482
13942.9 6.77565
13955 6.47578
13967 6.17518
13979 5.87386
13991 5.57179
14003 5.29888
14015 5.11507
14027 4.9307
14039 4.74576
14051.1 4.56025
14063.1 4.37417
14075.1 4.1875
14087.1 4.00026
14099.1 3.81242
14111.1 3.64414
14123.1 3.49681
14135.1 3.34896
14147.1 3.20058
14159.2 3.05169
14171.2 2.90228
14183.2 2.75235
14195.2 2.60191
14207.2 2.45095
14219.2 2.30367
14231.2 2.15747
14243.2 2.01078
14255.3 1.86363
14267.3 1.716
14279.3 1.56792
14291.3 1.41939
14303.3 1.27042
14315.3 1.12104
14327.3 0.859655
14339.3 0.592994
14351.4 0.325759
14363.4 0.0579683
14375.4 -0.210362
14387.4 -0.479212
14399.4 -0.748561
14411.4 -1.01839
14423.4 -1.31604
14435.4 -1.72838
14447.4 -2.14137
14459.5 -2.55497
14471.5 -2.96916
14483.5 -3.38391
14495.5 -3.7992
14507.5 -4.21498
14519.5 -4.63124
14531.5 -4.9771
14543.5 -5.23136
14555.6 -5.48572
14567.6 -5.74014
14579.6 -5.99458
14591.6 -6.24899
14603.6 -6.50333
14615.6 -6.75757
14627.6 -7.01166
14639.6 -7.31754
14651.7 -7.64897
14663.7 -7.98024
14675.7 -8.31129
14687.7 -8.64207
14699.7 -8.97253
14711.7 -9.30262
14723.7 -9.63228
14735.7 -9.96146
14747.7 -10.1693
14759.8 -10.3646
14771.8 -10.559
14783.8 -10.7524
14795.8 -10.9449
14807.8 -11.1362
14819.8 -11.3265
14831.8 -11.5155
14843.8 -11.7036
14855.9 -11.8918
14867.9 -12.0785
14879.9 -12.2638
14891.9 -12.4476
14903.9 -12.6297
14915.9 -12.8101
14927.9 -12.9888
14939.9 -13.1656
14952 -13.3262
14964 -13.4615
14976 -13.5947
14988 -13.7256
15000 -13.8542
15012 -13.9804
15024 -14.1042
15036 -14.2254
15048 -14.344
15060.1 -14.6587
15072.1 -15.0925
15084.1 -15.5239
15096.1 -15.9528
15108.1 -16.3792
15120.1 -16.8029
15132.1 -17.2239
15144.1 -17.6422
15156.2 -18.0576
15168.2 -18.4831
15180.2 -18.9077
15192.2 -19.3293
15204.2 -19.7477
15216.2 -20.1629
15228.2 -20.5747
15240.2 -20.983
15252.3 -21.3879
15264.3 -21.7806
15276.3 -22.0813
15288.3 -22.3781
15300.3 -22.671
15312.3 -22.9598
15324.3 -23.2445
15336.3 -23.525
15348.3 -23.8013
15360.4 -24.0733
15372.4 -24.3637
15384.4 -24.696
15396.4 -25.0238
15408.4 -25.3472
15420.4 -25.6661
15432.4 -25.9804
15444.4 -26.2901
15456.5 -26.5951
15468.5 -26.8954
15480.5 -27.1731
15492.5 -27.4323
15504.5 -27.6866
15516.5 -27.9359
15528.5 -28.1802
15540.5 -28.4195
15552.6 -28.6537
15564.6 -28.8829
15576.6 -29.1069
15588.6 -29.2417
15600.6 -29.3511
15612.6 -29.4552
15624.6 -29.5539
15636.6 -29.6472
15648.6 -29.7352
15660.7 -29.8178
15672.7 -29.8949
15684.7 -29.967
15696.7 -30.0402
15708.7 -30.1079
15720.7 -30.1704
15732.7 -30.2274
15744.7 -30.2791
15756.8 -30.3255
15768.8 -30.3666
15780.8 -30.4024
15792.8 -30.5026
15804.8 -30.7823
15816.8 -31.0572
15828.8 -31.3273
15840.8 -31.5926
15852.9 -31.8532
15864.9 -32.1091
15876.9 -32.3605
15888.9 -32.6072
15900.9 -32.9323
15912.9 -33.3307
15924.9 -33.725
15936.9 -34.1151
15948.9 -34.5012
15961 -34.8832
15973 -35.2612
15985 -35.6354
15997 -36.0056
16009 -36.2628
16021 -36.4796
16033 -36.6926
16045 -36.9018
16057.1 -37.1072
16069.1 -37.309
16081.1 -37.5072
16093.1 -37.7019
16105.1 -37.8931
16117.1 -38.1754
16129.1 -38.4561
16141.1 -38.7338
16153.2 -39.0084
16165.2 -39.2802
16177.2 -39.5491
16189.2 -39.8153
16201.2 -40.0789
16213.2 -40.3124
16225.2 -40.4493
16237.2 -40.5836
16249.2 -40.7153
16261.3 -40.8447
16273.3 -40.9716
16285.3 -41.0964
16297.3 -41.2189
16309.3 -41.3393
16321.3 -41.4233
16333.3 -41.4648
16345.3 -41.5043
16357.4 -41.5419
16369.4 -41.5778
16381.4 -41.6118
16393.4 -41.6442
16405.4 -41.675
16417.4 -41.7044
16429.4 -41.7801
16441.4 -41.8758
16453.5 -41.9704
16465.5 -42.0638
16477.5 -42.1561
16489.5 -42.2475
16501.5 -42.3381
16513.5 -42.4277
16525.5 -42.5167
16537.5 -42.4788
16549.5 -42.4313
16561.6 -42.3832
16573.6 -42.3343
16585.6 -42.2849
16597.6 -42.2348
16609.6 -42.1843
16621.6 -42.1333
16633.6 -42.0807
16645.6 -42.0212
16657.7 -41.9615
16669.7 -41.9016
16681.7 -41.8415
16693.7 -41.7813
16705.7 -41.721
16717.7 -41.6607
16729.7 -41.6005
16741.7 -41.4767
16753.8 -41.2616
16765.8 -41.0465
16777.8 -40.8315
16789.8 -40.6164
16801.8 -40.4015
16813.8 -40.1867
16825.8 -39.9721
16837.8 -39.7577
16849.8 -39.5793
16861.9 -39.4208
16873.9 -39.2626
16885.9 -39.105
16897.9 -38.9478
16909.9 -38.7911
16921.9 -38.635
16933.9 -38.4795
16945.9 -38.3246
16958 -37.9547
16970 -37.5555
16982 -37.1567
16994 -36.7582
17006 -36.3601
17018 -35.9625
17030 -35.5653
17042 -35.1685
17054.1 -34.7898
17066.1 -34.5394
17078.1 -34.2896
17090.1 -34.0406
17102.1 -33.7924
17114.1 -33.545
17126.1 -33.2984
17138.1 -33.0526
17150.2 -32.8077
17162.2 -32.4817
17174.2 -32.0077
17186.2 -31.5341
17198.2 -31.0612
17210.2 -30.5888
17222.2 -30.1171
17234.2 -29.6459
17246.2 -29.1754
17258.3 -28.7055
17270.3 -28.2484
17282.3 -27.8006
17294.3 -27.3535
17306.3 -26.907
17318.3 -26.4613
17330.3 -26.0162
17342.3 -25.5719
17354.4 -25.1283
17366.4 -24.6854
17378.4 -24.4319
17390.4 -24.2179
17402.4 -24.0049
17414.4 -23.793
17426.4 -23.5821
17438.4 -23.3723
17450.5 -23.1636
17462.5 -22.9559
17474.5 -22.7429
17486.5 -22.4372
17498.5 -22.1324
17510.5 -21.8286
17522.5 -21.5257
17534.5 -21.2237
17546.5 -20.9227
17558.6 -20.6226
17570.6 -20.3234
17582.6 -20.0439
17594.6 -19.808
17606.6 -19.5731
17618.6 -19.3391
17630.6 -19.1062
17642.6 -18.8743
17654.7 -18.6434
17666.7 -18.4135
17678.7 -18.1845
17690.7 -17.8895
17702.7 -17.5382
17714.7 -17.1878
17726.7 -16.8382
17738.7 -16.4894
17750.8 -16.1413
17762.8 -15.7941
17774.8 -15.4477
17786.8 -15.1021
17798.8 -14.821
17810.8 -14.5594
17822.8 -14.2987
17834.8 -14.0389
17846.8 -13.78
17858.9 -13.5219
17870.9 -13.2647
17882.9 -13.0084
17894.9 -12.7551
17906.9 -12.6351
17918.9 -12.5161
17930.9 -12.3981
17942.9 -12.2811
17955 -12.1652
17967 -12.0502
17979 -11.9363
17991 -11.8233
18003 -11.7123
18015 -11.6051
18027 -11.4989
18039 -11.3937
18051.1 -11.2894
18063.1 -11.1861
18075.1 -11.0838
18087.1 -10.9824
18099.1 -10.8819
18111.1 -10.7576
18123.1 -10.6078
18135.1 -10.4589
18147.1 -10.3108
18159.2 -10.1635
18171.2 -10.0171
18183.2 -9.87155
18195.2 -9.7268
18207.2 -9.58288
18219.2 -9.41677
18231.2 -9.24274
18243.2 -9.06948
18255.3 -8.89697
18267.3 -8.72522
18279.3 -8.5542
18291.3 -8.38392
18303.3 -8.21437
18315.3 -8.04555
18327.3 -8.00278
18339.3 -7.96616
18351.4 -7.93041
18363.4 -7.89554
18375.4 -7.86154
18387.4 -7.82839
18399.4 -7.79609
18411.4 -7.76465
18423.4 -7.70643
18435.4 -7.53381
18447.4 -7.36184
18459.5 -7.1905
18471.5 -7.0198
18483.5 -6.84972
18495.5 -6.68026
18507.5 -6.51141
18519.5 -6.34318
18531.5 -6.34296
18543.5 -6.56067
18555.6 -6.77947
18567.6 -6.99935
18579.6 -7.22032
18591.6 -7.44235
18603.6 -7.66546
18615.6 -7.88962
18627.6 -8.11484
18639.6 -8.34286
18651.7 -8.57278
18663.7 -8.80375
18675.7 -9.03576
18687.7 -9.2688
18699.7 -9.50286
18711.7 -9.73795
18723.7 -9.97406
18735.7 -10.2112
18747.7 -10.406
18759.8 -10.5975
18771.8 -10.79
18783.8 -10.9834
18795.8 -11.1777
18807.8 -11.3729
18819.8 -11.5691
18831.8 -11.7662
18843.8 -11.9249
18855.9 -11.8528
18867.9 -11.7813
18879.9 -11.7103
18891.9 -11.6399
18903.9 -11.57
18915.9 -11.5006
18927.9 -11.4318
18939.9 -11.3635
18952 -11.2957
18964 -11.2285
18976 -11.1617
18988 -11.0955
19000 -11.0297
