7000 7.59243
7012.01 7.65228
7024.02 7.71262
7036.04 7.77346
7048.05 7.8348
7060.06 7.89665
7072.07 7.95901
7084.08 8.02189
7096.1 8.08528
7108.11 8.14919
7120.12 8.21363
7132.13 8.2786
7144.14 8.3441
7156.16 8.41015
7168.17 8.47673
7180.18 8.54387
7192.19 8.61155
7204.2 8.67979
7216.22 8.74859
7228.23 8.81796
7240.24 8.8879
7252.25 8.9584
7264.26 9.02949
7276.28 9.10115
7288.29 9.17341
7300.3 9.24625
7312.31 9.31969
7324.32 9.39372
7336.34 9.46836
7348.35 9.54361
7360.36 9.61947
7372.37 9.69594
7384.38 9.77304
7396.4 9.85076
7408.41 9.92911
7420.42 10.0081
7432.43 10.0877
7444.44 10.168
7456.46 10.2489
7468.47 10.3305
7480.48 11.5006
7492.49 13.51
7504.5 15.5262
7516.52 17.5492
7528.53 19.5791
7540.54 21.6159
7552.55 23.6595
7564.56 25.7099
7576.58 27.7672
7588.59 27.9058
7600.6 27.5702
7612.61 27.234
7624.62 26.897
7636.64 26.5592
7648.65 26.2208
7660.66 25.8817
7672.67 25.5419
7684.68 25.2147
7696.7 25.2116
7708.71 25.2089
7720.72 25.2065
7732.73 25.2046
7744.74 25.203
7756.76 25.2018
7768.77 25.2009
7780.78 25.2005
7792.79 25.2132
7804.8 25.2597
7816.82 25.3067
7828.83 25.3543
7840.84 25.4025
7852.85 25.4512
7864.86 25.5004
7876.88 25.5502
7888.89 25.6005
7900.9 25.654
7912.91 25.7105
7924.92 25.7675
7936.94 25.8252
7948.95 25.8834
7960.96 25.9422
7972.97 26.0016
7984.98 26.0615
7997 26.1221
8009.01 26.2234
8021.02 26.3387
8033.03 26.4549
8045.05 26.5718
8057.06 26.6894
8069.07 26.8078
8081.08 26.927
8093.09 27.0469
8105.11 27.1676
8117.12 27.2366
8129.13 27.3055
8141.14 27.3751
8153.15 27.4452
8165.17 27.516
8177.18 27.5873
8189.19 27.6593
8201.2 27.7319
8213.21 27.8315
8225.23 28.0238
8237.24 28.2172
8249.25 28.4114
8261.26 28.6066
8273.27 28.8028
8285.29 28.9999
8297.3 29.1979
8309.31 29.3969
8321.32 29.5784
8333.33 29.7391
8345.35 29.9007
8357.36 30.063
8369.37 30.2262
8381.38 30.3901
8393.39 30.5549
8405.41 30.7204
8417.42 30.8868
8429.43 31.0207
8441.44 31.1408
8453.45 31.2615
8465.47 31.3829
8477.48 31.5049
8489.49 31.6275
8501.5 31.7508
8513.51 31.8746
8525.53 31.9991
8537.54 32.039
8549.55 32.0732
8561.56 32.1078
8573.57 32.1426
8585.59 32.1778
8597.6 32.2132
8609.61 32.249
8621.62 32.285
8633.63 32.29
8645.65 32.1436
8657.66 31.9969
8669.67 31.85
8681.68 31.7027
8693.69 31.5552
8705.71 31.4073
8717.72 31.2592
8729.73 31.1107
8741.74 30.8652
8753.75 30.4788
8765.77 30.0914
8777.78 29.7029
8789.79 29.3134
8801.8 28.9228
8813.81 28.5312
8825.83 28.1384
8837.84 27.7446
8849.85 27.6735
8861.86 27.7812
8873.87 27.8892
8885.89 27.9973
8897.9 28.1056
8909.91 28.2141
8921.92 28.3227
8933.93 28.4315
8945.95 28.5404
8957.96 28.6494
8969.97 28.7585
8981.98 28.8677
8993.99 28.9769
9006.01 29.0862
9018.02 29.1955
9030.03 29.3048
9042.04 29.4141
9054.05 29.5233
9066.07 29.6325
9078.08 29.7417
9090.09 29.8507
9102.1 29.9597
9114.11 30.0686
9126.13 30.1773
9138.14 30.2858
9150.15 30.3942
9162.16 30.5025
9174.17 30.6105
9186.19 30.7183
9198.2 30.8259
9210.21 30.9332
9222.22 31.0402
9234.23 31.147
9246.25 31.2535
9258.26 31.3597
9270.27 31.4655
9282.28 31.571
9294.29 31.6762
9306.31 31.781
9318.32 31.8854
9330.33 31.9894
9342.34 32.0931
9354.35 32.1963
9366.37 32.299
9378.38 32.4014
9390.39 32.5033
9402.4 32.6047
9414.41 32.7057
9426.43 32.8062
9438.44 32.9062
9450.45 33.0057
9462.46 33.1047
9474.47 33.2032
9486.49 33.3013
9498.5 33.3988
9510.51 33.4958
9522.52 33.5923
9534.53 33.6883
9546.55 33.7837
9558.56 33.8787
9570.57 33.9732
9582.58 34.0671
9594.59 34.1605
9606.61 34.2535
9618.62 34.3459
9630.63 34.4379
9642.64 34.5293
9654.65 34.6203
9666.67 34.7109
9678.68 34.801
9690.69 34.8906
9702.7 34.9799
9714.71 35.0687
9726.73 35.1572
9738.74 35.2452
9750.75 35.3329
9762.76 35.4203
9774.77 35.5074
9786.79 35.5942
9798.8 35.6807
9810.81 35.7669
9822.82 35.8529
9834.83 35.9388
9846.85 36.0245
9858.86 36.11
9870.87 36.1955
9882.88 36.2808
9894.89 36.3662
9906.91 36.4515
9918.92 36.5368
9930.93 36.6223
9942.94 36.7078
9954.95 36.7935
9966.97 36.8793
9978.98 36.9654
9990.99 37.0517
10003 37.1384
10015 37.2254
10027 37.3128
10039 37.4007
10051.1 37.489
10063.1 37.5779
10075.1 37.6674
10087.1 37.7575
10099.1 37.8483
10111.1 37.9399
10123.1 38.0322
10135.1 38.1254
10147.1 38.2194
10159.2 38.3144
10171.2 38.4104
10183.2 38.5075
10195.2 38.6056
10207.2 38.7049
10219.2 38.8054
10231.2 38.9072
10243.2 39.0103
10255.3 39.1147
10267.3 39.2206
10279.3 39.3279
10291.3 39.4367
10303.3 39.5471
10315.3 39.6591
10327.3 39.7728
10339.3 39.8881
10351.4 40.0052
10363.4 40.1241
10375.4 40.2448
10387.4 40.3674
10399.4 40.4919
10411.4 40.6184
10423.4 40.7468
10435.4 40.8772
10447.4 41.0096
10459.5 41.1441
10471.5 41.2806
10483.5 41.4192
10495.5 41.5599
10507.5 41.7027
10519.5 41.8476
10531.5 41.9946
10543.5 42.1437
10555.6 42.2949
10567.6 42.4482
10579.6 42.6035
10591.6 42.7608
10603.6 42.9201
10615.6 43.0813
10627.6 43.2445
10639.6 43.4094
10651.7 43.5762
10663.7 43.7446
10675.7 43.9147
10687.7 44.0863
10699.7 44.2594
10711.7 44.4339
10723.7 44.6095
10735.7 44.7863
10747.7 44.9641
10759.8 45.1427
10771.8 45.322
10783.8 45.5019
10795.8 45.6821
10807.8 45.8626
10819.8 46.043
10831.8 46.2232
10843.8 46.369
10855.9 46.3134
10867.9 46.2565
10879.9 46.1979
10891.9 46.1375
10903.9 46.0749
10915.9 46.0099
10927.9 45.9422
10939.9 45.8715
10952 45.9016
10964 46.0992
10976 46.2935
10988 46.4841
11000 46.6707
11012 46.853
11024 47.0306
11036 47.2031
11048 47.3703
11060.1 47.5566
11072.1 47.7521
11084.1 47.9412
11096.1 48.1235
11108.1 48.2987
11120.1 48.4663
11132.1 48.626
11144.1 48.7774
11156.2 48.9201
11168.2 49.0827
11180.2 49.2409
11192.2 49.3895
11204.2 49.5281
11216.2 49.6564
11228.2 49.774
11240.2 49.8808
11252.3 49.9763
11264.3 50.0747
11276.3 50.3095
11288.3 50.5327
11300.3 50.7439
11312.3 50.9431
11324.3 51.1299
11336.3 51.3042
11348.3 51.4659
11360.4 51.6149
11372.4 51.6854
11384.4 51.6102
11396.4 51.5216
11408.4 51.4194
11420.4 51.3038
11432.4 51.1746
11444.4 51.0319
11456.5 50.8757
11468.5 50.7062
11480.5 50.6245
11492.5 50.608
11504.5 50.5788
11516.5 50.5372
11528.5 50.4831
11540.5 50.417
11552.6 50.3389
11564.6 50.2491
11576.6 50.1479
11588.6 50.1372
11600.6 50.1403
11612.6 50.133
11624.6 50.1157
11636.6 50.0886
11648.6 50.0521
11660.7 50.0065
11672.7 49.9522
11684.7 49.8907
11696.7 49.847
11708.7 49.7958
11720.7 49.7373
11732.7 49.6719
11744.7 49.6
11756.8 49.522
11768.8 49.4381
11780.8 49.3489
11792.8 49.2044
11804.8 48.9223
11816.8 48.6355
11828.8 48.3444
11840.8 48.0492
11852.9 47.7503
11864.9 47.448
11876.9 47.1427
11888.9 46.8348
11900.9 46.6053
11912.9 46.4497
11924.9 46.2927
11936.9 46.1345
11948.9 45.9754
11961 45.8156
11973 45.6555
11985 45.4951
11997 45.3349
12009 45.0957
12021 44.8303
12033 44.5655
12045 44.3014
12057.1 44.0383
12069.1 43.7763
12081.1 43.5157
12093.1 43.2565
12105.1 42.9989
12117.1 42.4885
12129.1 41.9753
12141.1 41.4636
12153.2 40.9536
12165.2 40.4454
12177.2 39.939
12189.2 39.4347
12201.2 38.9324
12213.2 38.4408
12225.2 37.9806
12237.2 37.5229
12249.2 37.0676
12261.3 36.6148
12273.3 36.1646
12285.3 35.717
12297.3 35.2722
12309.3 34.83
12321.3 34.4096
12333.3 34.0146
12345.3 33.6225
12357.4 33.2333
12369.4 32.847
12381.4 32.4636
12393.4 32.0832
12405.4 31.7057
12417.4 31.3312
12429.4 30.9319
12441.4 30.5232
12453.5 30.1174
12465.5 29.7145
12477.5 29.3144
12489.5 28.9171
12501.5 28.5226
12513.5 28.131
12525.5 27.7422
12537.5 27.2924
12549.5 26.8408
12561.6 26.3918
12573.6 25.9454
12585.6 25.5015
12597.6 25.0601
12609.6 24.6212
12621.6 24.1848
12633.6 23.7888
12645.6 23.5825
12657.7 23.3789
12669.7 23.178
12681.7 22.9799
12693.7 22.7844
12705.7 22.5916
12717.7 22.4014
12729.7 22.2137
12741.7 21.9702
12753.8 21.6453
12765.8 21.3225
12777.8 21.0019
12789.8 20.6835
12801.8 20.367
12813.8 20.0527
12825.8 19.7403
12837.8 19.4298
12849.8 19.0983
12861.9 18.7559
12873.9 18.4153
12885.9 18.0764
12897.9 17.7392
12909.9 17.4036
12921.9 17.0697
12933.9 16.7373
12945.9 16.4064
12958 16.1911
12970 15.9932
12982 15.7969
12994 15.6023
13006 15.4092
13018 15.2177
13030 15.0277
13042 14.8391
13054.1 14.6518
13066.1 14.4646
13078.1 14.2788
13090.1 14.0942
13102.1 13.911
13114.1 13.729
13126.1 13.5482
13138.1 13.3685
13150.2 13.19
13162.2 12.9595
13174.2 12.6334
13186.2 12.308
13198.2 11.9833
13210.2 11.6593
13222.2 11.3359
13234.2 11.0132
13246.2 10.6911
13258.3 10.3695
13270.3 10.0486
13282.3 9.72836
13294.3 9.40853
13306.3 9.08914
13318.3 8.77016
13330.3 8.45154
13342.3 8.13327
13354.4 7.81531
13366.4 7.49763
13378.4 7.24153
13390.4 6.99828
13402.4 6.75535
13414.4 6.51273
13426.4 6.27037
13438.4 6.02826
13450.5 5.78636
13462.5 5.54465
13474.5 5.30595
13486.5 5.10883
13498.5 4.9119
13510.5 4.71514
13522.5 4.5185
13534.5 4.32198
13546.5 4.12554
13558.6 3.92916
13570.6 3.73282
13582.6 3.52328
13594.6 3.28378
13606.6 3.04418
13618.6 2.80444
13630.6 2.56455
13642.6 2.32447
13654.7 2.0842
13666.7 1.8437
13678.7 1.60297
13690.7 1.35451
13702.7 1.09941
13714.7 0.843977
13726.7 0.588199
13738.7 0.332054
13750.8 0.0755227
13762.8 -0.181412
13774.8 -0.43877
13786.8 -0.696567
13798.8 -0.954906
13810.8 -1.21374
13822.8 -1.47307
13834.8 -1.7329
13846.8 -1.99326
13858.9 -2.25415
13870.9 -2.51559
13882.9 -2.77759
13894.9 -3.0407
13906.9 -3.33638
13918.9 -3.63271
13930.9 -3.92971
13942.9 -4.2274
13955 -4.52578
13967 -4.82486
13979 -5.12465
13991 -5.42517
14003 -5.71181
14015 -5.9553
14027 -6.19945
14039 -6.44424
14051.1 -6.68969
14063.1 -6.9358
14075.1 -7.18258
14087.1 -7.43003
14099.1 -7.67815
14111.1 -7.90883
14123.1 -8.12081
14135.1 -8.33339
14147.1 -8.5466
14159.2 -8.76042
14171.2 -8.97485
14183.2 -9.18989
14195.2 -9.40554
14207.2 -9.62179
14219.2 -9.83312
14231.2 -10.0429
14243.2 -10.2533
14255.3 -10.4643
14267.3 -10.6758
14279.3 -10.8879
14291.3 -11.1005
14303.3 -11.3136
14315.3 -11.5273
14327.3 -11.7845
14339.3 -12.0442
14351.4 -12.3043
14363.4 -12.565
14375.4 -12.8263
14387.4 -13.088
14399.4 -13.3501
14411.4 -13.6127
14423.4 -13.8754
14435.4 -14.137
14447.4 -14.3989
14459.5 -14.6611
14471.5 -14.9237
14483.5 -15.1865
14495.5 -15.4497
14507.5 -15.713
14519.5 -15.9766
14531.5 -16.2464
14543.5 -16.5243
14555.6 -16.8023
14567.6 -17.0804
14579.6 -17.3585
14591.6 -17.6367
14603.6 -17.9148
14615.6 -18.1928
14627.6 -18.4706
14639.6 -18.7892
14651.7 -19.1278
14663.7 -19.4662
14675.7 -19.8044
14687.7 -20.1424
14699.7 -20.48
14711.7 -20.8172
14723.7 -21.154
14735.7 -21.4903
14747.7 -21.7411
14759.8 -21.9829
14771.8 -22.2238
14783.8 -22.4639
14795.8 -22.703
14807.8 -22.9411
14819.8 -23.1782
14831.8 -23.4141
14843.8 -23.6477
14855.9 -23.8738
14867.9 -24.0986
14879.9 -24.3219
14891.9 -24.5438
14903.9 -24.764
14915.9 -24.9826
14927.9 -25.1995
14939.9 -25.4146
14952 -25.6575
14964 -25.9474
14976 -26.2354
14988 -26.5214
15000 -26.8053
15012 -27.087
15024 -27.3665
15036 -27.6437
15048 -27.9185
15060.1 -28.1946
15072.1 -28.4703
15084.1 -28.7435
15096.1 -29.0139
15108.1 -29.2815
15120.1 -29.5463
15132.1 -29.808
15144.1 -30.0667
15156.2 -30.3222
15168.2 -30.6237
15180.2 -30.9303
15192.2 -31.2336
15204.2 -31.5335
15216.2 -31.8299
15228.2 -32.1228
15240.2 -32.4121
15252.3 -32.6977
15264.3 -32.9758
15276.3 -33.2124
15288.3 -33.4451
15300.3 -33.6736
15312.3 -33.8981
15324.3 -34.1182
15336.3 -34.3341
15348.3 -34.5457
15360.4 -34.7528
15372.4 -34.9952
15384.4 -35.3139
15396.4 -35.6281
15408.4 -35.9379
15420.4 -36.243
15432.4 -36.5436
15444.4 -36.8395
15456.5 -37.1307
15468.5 -37.4171
15480.5 -37.7055
15492.5 -37.9944
15504.5 -38.2783
15516.5 -38.5574
15528.5 -38.8315
15540.5 -39.1005
15552.6 -39.3646
15564.6 -39.6236
15576.6 -39.8775
15588.6 -40.0308
15600.6 -40.156
15612.6 -40.2758
15624.6 -40.3902
15636.6 -40.4993
15648.6 -40.603
15660.7 -40.7014
15672.7 -40.7944
15684.7 -40.8789
15696.7 -40.884
15708.7 -40.8836
15720.7 -40.8778
15732.7 -40.8664
15744.7 -40.8496
15756.8 -40.8274
15768.8 -40.7997
15780.8 -40.7667
15792.8 -40.7847
15804.8 -40.947
15816.8 -41.1044
15828.8 -41.2567
15840.8 -41.4041
15852.9 -41.5467
15864.9 -41.6843
15876.9 -41.8171
15888.9 -41.9452
15900.9 -42.1091
15912.9 -42.3065
15924.9 -42.4994
15936.9 -42.6878
15948.9 -42.8719
15961 -43.0515
15973 -43.2269
15985 -43.3981
15997 -43.5651
16009 -43.7011
16021 -43.8241
16033 -43.943
16045 -44.058
16057.1 -44.1692
16069.1 -44.2765
16081.1 -44.3801
16093.1 -44.48
16105.1 -44.5764
16117.1 -44.8202
16129.1 -45.0634
16141.1 -45.3035
16153.2 -45.5405
16165.2 -45.7746
16177.2 -46.0057
16189.2 -46.2341
16201.2 -46.4597
16213.2 -46.6473
16225.2 -46.711
16237.2 -46.7719
16249.2 -46.8302
16261.3 -46.886
16273.3 -46.9393
16285.3 -46.9902
16297.3 -47.0388
16309.3 -47.0852
16321.3 -47.0781
16333.3 -47.0086
16345.3 -46.937
16357.4 -46.8633
16369.4 -46.7876
16381.4 -46.71
16393.4 -46.6305
16405.4 -46.5493
16417.4 -46.4665
16429.4 -46.4959
16441.4 -46.5744
16453.5 -46.6517
16465.5 -46.7279
16477.5 -46.803
16489.5 -46.8771
16501.5 -46.9502
16513.5 -47.0225
16525.5 -47.0941
16537.5 -46.9938
16549.5 -46.8809
16561.6 -46.7671
16573.6 -46.6525
16585.6 -46.5372
16597.6 -46.4213
16609.6 -46.3047
16621.6 -46.1876
16633.6 -46.076
16645.6 -45.9932
16657.7 -45.9101
16669.7 -45.8267
16681.7 -45.7432
16693.7 -45.6594
16705.7 -45.5756
16717.7 -45.4918
16729.7 -45.4079
16741.7 -45.2711
16753.8 -45.0586
16765.8 -44.846
16777.8 -44.6334
16789.8 -44.4208
16801.8 -44.2084
16813.8 -43.9961
16825.8 -43.7839
16837.8 -43.572
16849.8 -43.3687
16861.9 -43.1702
16873.9 -42.9721
16885.9 -42.7743
16897.9 -42.577
16909.9 -42.3801
16921.9 -42.1838
16933.9 -41.9879
16945.9 -41.7926
16958 -41.4885
16970 -41.1698
16982 -40.8515
16994 -40.5338
17006 -40.2165
17018 -39.8998
17030 -39.5837
17042 -39.2681
17054.1 -38.9408
17066.1 -38.5249
17078.1 -38.1094
17090.1 -37.6945
17102.1 -37.2802
17114.1 -36.8663
17126.1 -36.4531
17138.1 -36.0404
17150.2 -35.6284
17162.2 -35.1492
17174.2 -34.5473
17186.2 -33.9458
17198.2 -33.3447
17210.2 -32.744
17222.2 -32.1437
17234.2 -31.5438
17246.2 -30.9444
17258.3 -30.3454
17270.3 -29.8234
17282.3 -29.3556
17294.3 -28.8884
17306.3 -28.4218
17318.3 -27.956
17330.3 -27.4908
17342.3 -27.0262
17354.4 -26.5624
17366.4 -26.0993
17378.4 -25.837
17390.4 -25.6164
17402.4 -25.3969
17414.4 -25.1785
17426.4 -24.9611
17438.4 -24.7447
17450.5 -24.5294
17462.5 -24.3151
17474.5 -24.0908
17486.5 -23.7067
17498.5 -23.3234
17510.5 -22.9409
17522.5 -22.5592
17534.5 -22.1783
17546.5 -21.7983
17558.6 -21.4191
17570.6 -21.0407
17582.6 -20.7033
17594.6 -20.4577
17606.6 -20.213
17618.6 -19.9694
17630.6 -19.7268
17642.6 -19.4851
17654.7 -19.2445
17666.7 -19.0048
17678.7 -18.7661
17690.7 -18.5162
17702.7 -18.2569
17714.7 -17.9986
17726.7 -17.7412
17738.7 -17.4848
17750.8 -17.2292
17762.8 -16.9746
17774.8 -16.7209
17786.8 -16.4682
17798.8 -16.1691
17810.8 -15.8571
17822.8 -15.5459
17834.8 -15.2355
17846.8 -14.926
17858.9 -14.6172
17870.9 -14.3092
17882.9 -14.0021
17894.9 -13.6999
17906.9 -13.6545
17918.9 -13.6102
17930.9 -13.567
17942.9 -13.5249
17955 -13.4839
17967 -13.444
17979 -13.4053
17991 -13.3676
18003 -13.3354
18015 -13.3175
18027 -13.3006
18039 -13.2849
18051.1 -13.2702
18063.1 -13.2567
18075.1 -13.2441
18087.1 -13.2327
18099.1 -13.2223
18111.1 -13.2513
18123.1 -13.3221
18135.1 -13.3941
18147.1 -13.4672
18159.2 -13.5414
18171.2 -13.6168
18183.2 -13.6933
18195.2 -13.771
18207.2 -13.8497
18219.2 -13.6984
18231.2 -13.4605
18243.2 -13.2234
18255.3 -12.9869
18267.3 -12.751
18279.3 -12.5158
18291.3 -12.2813
18303.3 -12.0474
18315.3 -11.8141
18327.3 -11.6577
18339.3 -11.5052
18351.4 -11.3534
18363.4 -11.2023
18375.4 -11.052
18387.4 -10.9023
18399.4 -10.7534
18411.4 -10.6051
18423.4 -10.4502
18435.4 -10.2653
18447.4 -10.0811
18459.5 -9.89748
18471.5 -9.71448
18483.5 -9.53208
18495.5 -9.35029
18507.5 -9.16909
18519.5 -8.98848
18531.5 -8.84422
18543.5 -8.74698
18555.6 -8.65042
18567.6 -8.55453
18579.6 -8.45932
18591.6 -8.36476
18603.6 -8.27086
18615.6 -8.17762
18627.6 -8.08502
18639.6 -8.31968
18651.7 -8.7169
18663.7 -9.11537
18675.7 -9.5151
18687.7 -9.91608
18699.7 -10.3183
18711.7 -10.7218
18723.7 -11.1264
18735.7 -11.5324
18747.7 -11.6039
18759.8 -11.6436
18771.8 -11.684
18783.8 -11.7252
18795.8 -11.7671
18807.8 -11.8097
18819.8 -11.8531
18831.8 -11.8971
18843.8 -11.9249
18855.9 -11.8528
18867.9 -11.7813
18879.9 -11.7103
18891.9 -11.6399
18903.9 -11.57
18915.9 -11.5006
18927.9 -11.4318
18939.9 -11.3635
18952 -11.2957
18964 -11.2285
18976 -11.1617
18988 -11.0955
19000 -11.0297
