7000 7.59243
7012.01 7.65228
7024.02 7.71262
7036.04 7.77346
7048.05 7.8348
7060.06 7.89665
7072.07 7.95901
7084.08 8.02189
7096.1 8.08528
7108.11 8.14919
7120.12 8.21363
7132.13 8.2786
7144.14 8.3441
7156.16 8.41015
7168.17 8.47673
7180.18 8.54387
7192.19 8.61155
7204.2 8.67979
7216.22 8.74859
7228.23 8.81796
7240.24 8.8879
7252.25 8.9584
7264.26 9.02949
7276.28 9.10115
7288.29 9.17341
7300.3 9.24625
7312.31 9.31969
7324.32 9.39372
7336.34 9.46836
7348.35 9.54361
7360.36 9.61947
7372.37 9.69594
7384.38 9.77304
7396.4 9.85076
7408.41 9.92911
7420.42 10.0081
7432.43 10.0877
7444.44 10.168
7456.46 10.2489
7468.47 10.3305
7480.48 11.665
7492.49 13.9655
7504.5 16.2737
7516.52 18.5897
7528.53 20.9135
7540.54 23.245
7552.55 25.5844
7564.56 27.9315
7576.58 30.2864
7588.59 30.4259
7600.6 30.0179
7612.61 29.6089
7624.62 29.1989
7636.64 28.788
7648.65 28.3761
7660.66 27.9633
7672.67 27.5495
7684.68 27.1513
7696.7 27.1554
7708.71 27.1598
7720.72 27.1647
7732.73 27.1699
7744.74 27.1755
7756.76 27.1814
7768.77 27.1878
7780.78 27.1946
7792.79 27.2161
7804.8 27.2755
7816.82 27.3355
7828.83 27.3961
7840.84 27.4572
7852.85 27.5189
7864.86 27.5812
7876.88 27.6441
7888.89 27.7076
7900.9 27.7653
7912.91 27.8177
7924.92 27.8706
7936.94 27.924
7948.95 27.978
7960.96 28.0326
7972.97 28.0878
7984.98 28.1435
7997 28.1998
8009.01 28.3053
8021.02 28.4278
8033.03 28.551
8045.05 28.675
8057.06 28.7998
8069.07 28.9254
8081.08 29.0517
8093.09 29.1788
8105.11 29.3067
8117.12 29.4031
8129.13 29.4998
8141.14 29.5971
8153.15 29.6951
8165.17 29.7938
8177.18 29.8932
8189.19 29.9932
8201.2 30.0939
8213.21 30.2168
8225.23 30.4152
8237.24 30.6146
8249.25 30.815
8261.26 31.0163
8273.27 31.2185
8285.29 31.4217
8297.3 31.6259
8309.31 31.831
8321.32 31.9807
8333.33 32.0651
8345.35 32.1501
8357.36 32.2357
8369.37 32.3218
8381.38 32.4086
8393.39 32.4959
8405.41 32.5837
8417.42 32.6721
8429.43 32.8502
8441.44 33.0678
8453.45 33.2862
8465.47 33.5056
8477.48 33.7258
8489.49 33.947
8501.5 34.169
8513.51 34.3919
8525.53 34.6156
8537.54 34.7028
8549.55 34.7807
8561.56 34.859
8573.57 34.9378
8585.59 35.017
8597.6 35.0965
8609.61 35.1765
8621.62 35.2569
8633.63 35.3079
8645.65 35.2154
8657.66 35.1227
8669.67 35.0299
8681.68 34.937
8693.69 34.8438
8705.71 34.7506
8717.72 34.6571
8729.73 34.5634
8741.74 34.2956
8753.75 33.7743
8765.77 33.2517
8777.78 32.7276
8789.79 32.2021
8801.8 31.6751
8813.81 31.1467
8825.83 30.6168
8837.84 30.0855
8849.85 29.9684
8861.86 30.0806
8873.87 30.1931
8885.89 30.3058
8897.9 30.4187
8909.91 30.5318
8921.92 30.645
8933.93 30.7584
8945.95 30.8719
8957.96 30.9855
8969.97 31.0992
8981.98 31.213
8993.99 31.3268
9006.01 31.4407
9018.02 31.5546
9030.03 31.6686
9042.04 31.7825
9054.05 31.8963
9066.07 32.0102
9078.08 32.124
9090.09 32.2377
9102.1 32.3513
9114.11 32.4648
9126.13 32.5781
9138.14 32.6914
9150.15 32.8044
9162.16 32.9173
9174.17 33.03
9186.19 33.1425
9198.2 33.2547
9210.21 33.3667
9222.22 33.4785
9234.23 33.5899
9246.25 33.7011
9258.26 33.812
9270.27 33.9225
9282.28 34.0328
9294.29 34.1426
9306.31 34.2521
9318.32 34.3613
9330.33 34.47
9342.34 34.5784
9354.35 34.6863
9366.37 34.7938
9378.38 34.9009
9390.39 35.0075
9402.4 35.1137
9414.41 35.2194
9426.43 35.3246
9438.44 35.4294
9450.45 35.5337
9462.46 35.6375
9474.47 35.7408
9486.49 35.8436
9498.5 35.9459
9510.51 36.0477
9522.52 36.1489
9534.53 36.2497
9546.55 36.35
9558.56 36.4497
9570.57 36.549
9582.58 36.6477
9594.59 36.7459
9606.61 36.8437
9618.62 36.9409
9630.63 37.0377
9642.64 37.134
9654.65 37.2299
9666.67 37.3252
9678.68 37.4202
9690.69 37.5147
9702.7 37.6087
9714.71 37.7024
9726.73 37.7957
9738.74 37.8886
9750.75 37.9812
9762.76 38.0735
9774.77 38.1654
9786.79 38.257
9798.8 38.3484
9810.81 38.4395
9822.82 38.5304
9834.83 38.6212
9846.85 38.7117
9858.86 38.8022
9870.87 38.8925
9882.88 38.9828
9894.89 39.073
9906.91 39.1633
9918.92 39.2535
9930.93 39.3439
9942.94 39.4343
9954.95 39.5249
9966.97 39.6157
9978.98 39.7067
9990.99 39.798
10003 39.8896
10015 39.9816
10027 40.0739
10039 40.1667
10051.1 40.26
10063.1 40.3539
10075.1 40.4483
10087.1 40.5434
10099.1 40.6392
10111.1 40.7357
10123.1 40.833
10135.1 40.9312
10147.1 41.0302
10159.2 41.1302
10171.2 41.2312
10183.2 41.3332
10195.2 41.4364
10207.2 41.5407
10219.2 41.6462
10231.2 41.753
10243.2 41.8611
10255.3 41.9706
10267.3 42.0814
10279.3 42.1938
10291.3 42.3077
10303.3 42.4231
10315.3 42.5401
10327.3 42.6588
10339.3 42.7793
10351.4 42.9014
10363.4 43.0254
10375.4 43.1512
10387.4 43.2788
10399.4 43.4084
10411.4 43.5399
10423.4 43.6734
10435.4 43.8089
10447.4 43.9464
10459.5 44.0859
10471.5 44.2276
10483.5 44.3713
10495.5 44.5171
10507.5 44.665
10519.5 44.815
10531.5 44.9671
10543.5 45.1213
10555.6 45.2776
10567.6 45.436
10579.6 45.5965
10591.6 45.7589
10603.6 45.9233
10615.6 46.0897
10627.6 46.258
10639.6 46.4281
10651.7 46.6
10663.7 46.7736
10675.7 46.9489
10687.7 47.1257
10699.7 47.3039
10711.7 47.4835
10723.7 47.6644
10735.7 47.8463
10747.7 48.0293
10759.8 48.2131
10771.8 48.3976
10783.8 48.5827
10795.8 48.7681
10807.8 48.9538
10819.8 49.1394
10831.8 49.3248
10843.8 49.482
10855.9 49.4741
10867.9 49.4649
10879.9 49.4542
10891.9 49.4417
10903.9 49.4272
10915.9 49.4104
10927.9 49.3909
10939.9 49.3686
10952 49.4372
10964 49.657
10976 49.8735
10988 50.0864
11000 50.2953
11012 50.4999
11024 50.6999
11036 50.895
11048 51.0846
11060.1 51.2612
11072.1 51.4272
11084.1 51.5868
11096.1 51.7395
11108.1 51.8849
11120.1 52.0228
11132.1 52.1526
11144.1 52.2741
11156.2 52.3869
11168.2 52.5709
11180.2 52.7592
11192.2 52.938
11204.2 53.1068
11216.2 53.2654
11228.2 53.4134
11240.2 53.5505
11252.3 53.6765
11264.3 53.8027
11276.3 54.0371
11288.3 54.2598
11300.3 54.4705
11312.3 54.6692
11324.3 54.8555
11336.3 55.0294
11348.3 55.1906
11360.4 55.339
11372.4 55.3969
11384.4 55.2845
11396.4 55.1586
11408.4 55.019
11420.4 54.8659
11432.4 54.6991
11444.4 54.5187
11456.5 54.3249
11468.5 54.1175
11480.5 54.0779
11492.5 54.1652
11504.5 54.2401
11516.5 54.3027
11528.5 54.3532
11540.5 54.3918
11552.6 54.4186
11564.6 54.434
11576.6 54.4381
11588.6 54.4379
11600.6 54.4286
11612.6 54.4089
11624.6 54.3791
11636.6 54.3395
11648.6 54.2906
11660.7 54.2325
11672.7 54.1656
11684.7 54.0932
11696.7 54.0811
11708.7 54.0615
11720.7 54.0346
11732.7 54.001
11744.7 53.9609
11756.8 53.9146
11768.8 53.8627
11780.8 53.8053
11792.8 53.6879
11804.8 53.4198
11816.8 53.1469
11828.8 52.8697
11840.8 52.5885
11852.9 52.3037
11864.9 52.0155
11876.9 51.7242
11888.9 51.4303
11900.9 51.2233
11912.9 51.098
11924.9 50.9713
11936.9 50.8435
11948.9 50.7147
11961 50.5854
11973 50.4558
11985 50.326
11997 50.1964
12009 49.9075
12021 49.5655
12033 49.2239
12045 48.8829
12057.1 48.5427
12069.1 48.2034
12081.1 47.8653
12093.1 47.5285
12105.1 47.1932
12117.1 46.7962
12129.1 46.3998
12141.1 46.0052
12153.2 45.6125
12165.2 45.2217
12177.2 44.8331
12189.2 44.4467
12201.2 44.0626
12213.2 43.6476
12225.2 43.1212
12237.2 42.597
12249.2 42.0751
12261.3 41.5556
12273.3 41.0385
12285.3 40.5239
12297.3 40.0119
12309.3 39.5024
12321.3 38.9598
12333.3 38.3776
12345.3 37.7979
12357.4 37.2208
12369.4 36.6462
12381.4 36.0742
12393.4 35.5048
12405.4 34.9379
12417.4 34.3736
12429.4 34.0269
12441.4 33.7783
12453.5 33.5329
12465.5 33.2906
12477.5 33.0515
12489.5 32.8156
12501.5 32.5828
12513.5 32.3531
12525.5 32.1265
12537.5 31.6723
12549.5 31.2048
12561.6 30.7399
12573.6 30.2775
12585.6 29.8176
12597.6 29.3602
12609.6 28.9053
12621.6 28.4527
12633.6 28.0418
12645.6 27.8262
12657.7 27.6134
12669.7 27.4033
12681.7 27.1959
12693.7 26.9912
12705.7 26.789
12717.7 26.5895
12729.7 26.3924
12741.7 26.1608
12753.8 25.8784
12765.8 25.5983
12777.8 25.3204
12789.8 25.0447
12801.8 24.7711
12813.8 24.4996
12825.8 24.2302
12837.8 23.9628
12849.8 23.6064
12861.9 23.2018
12873.9 22.7989
12885.9 22.3975
12897.9 21.9977
12909.9 21.5994
12921.9 21.2026
12933.9 20.8073
12945.9 20.4134
12958 20.1525
12970 19.9114
12982 19.6719
12994 19.4339
13006 19.1974
13018 18.9624
13030 18.7288
13042 18.4965
13054.1 18.2692
13066.1 18.0695
13078.1 17.871
13090.1 17.6739
13102.1 17.478
13114.1 17.2833
13126.1 17.0898
13138.1 16.8975
13150.2 16.7062
13162.2 16.4439
13174.2 16.0512
13186.2 15.6591
13198.2 15.2677
13210.2 14.8768
13222.2 14.4864
13234.2 14.0965
13246.2 13.7071
13258.3 13.3181
13270.3 12.9313
13282.3 12.546
13294.3 12.161
13306.3 11.7764
13318.3 11.392
13330.3 11.0079
13342.3 10.624
13354.4 10.2403
13366.4 9.85672
13378.4 9.63789
13390.4 9.45303
13402.4 9.26861
13414.4 9.08458
13426.4 8.90092
13438.4 8.71761
13450.5 8.53461
13462.5 8.3519
13474.5 8.16576
13486.5 7.92623
13498.5 7.68681
13510.5 7.44747
13522.5 7.20818
13534.5 6.96892
13546.5 6.72967
13558.6 6.49039
13570.6 6.25108
13582.6 6.01831
13594.6 5.80042
13606.6 5.58247
13618.6 5.36441
13630.6 5.14623
13642.6 4.92791
13654.7 4.70942
13666.7 4.49074
13678.7 4.27186
13690.7 4.00498
13702.7 3.69709
13714.7 3.38878
13726.7 3.08002
13738.7 2.7708
13750.8 2.4611
13762.8 2.1509
13774.8 1.84017
13786.8 1.52892
13798.8 1.24754
13810.8 0.974544
13822.8 0.701027
13834.8 0.426976
13846.8 0.152376
13858.9 -0.122788
13870.9 -0.39853
13882.9 -0.674864
13894.9 -0.952505
13906.9 -1.27332
13918.9 -1.59484
13930.9 -1.91707
13942.9 -2.24004
13955 -2.56374
13967 -2.8882
13979 -3.21341
13991 -3.53939
14003 -3.85578
14015 -4.14183
14027 -4.42859
14039 -4.71608
14051.1 -5.0043
14063.1 -5.29327
14075.1 -5.58297
14087.1 -5.87342
14099.1 -6.16462
14111.1 -6.41612
14123.1 -6.62512
14135.1 -6.83472
14147.1 -7.04494
14159.2 -7.25576
14171.2 -7.4672
14183.2 -7.67925
14195.2 -7.89189
14207.2 -8.10514
14219.2 -8.29189
14231.2 -8.46894
14243.2 -8.6465
14255.3 -8.82458
14267.3 -9.00317
14279.3 -9.18224
14291.3 -9.3618
14303.3 -9.54184
14315.3 -9.72233
14327.3 -10.0174
14339.3 -10.3179
14351.4 -10.619
14363.4 -10.9207
14375.4 -11.223
14387.4 -11.5258
14399.4 -11.8292
14411.4 -12.1331
14423.4 -12.4488
14435.4 -12.812
14447.4 -13.1757
14459.5 -13.54
14471.5 -13.9048
14483.5 -14.27
14495.5 -14.6357
14507.5 -15.0017
14519.5 -15.3682
14531.5 -15.6577
14543.5 -15.8471
14555.6 -16.0365
14567.6 -16.2258
14579.6 -16.415
14591.6 -16.6041
14603.6 -16.793
14615.6 -16.9816
14627.6 -17.17
14639.6 -17.4752
14651.7 -17.8382
14663.7 -18.2011
14675.7 -18.5637
14687.7 -18.9262
14699.7 -19.2883
14711.7 -19.6502
14723.7 -20.0116
14735.7 -20.3726
14747.7 -20.6473
14759.8 -20.9129
14771.8 -21.1777
14783.8 -21.4417
14795.8 -21.7048
14807.8 -21.9669
14819.8 -22.228
14831.8 -22.488
14843.8 -22.7518
14855.9 -23.0435
14867.9 -23.3339
14879.9 -23.6231
14891.9 -23.9108
14903.9 -24.1971
14915.9 -24.4818
14927.9 -24.7649
14939.9 -25.0463
14952 -25.3201
14964 -25.5826
14976 -25.843
14988 -26.1015
15000 -26.3578
15012 -26.612
15024 -26.8638
15036 -27.1133
15048 -27.3603
15060.1 -27.5776
15072.1 -27.7756
15084.1 -27.9708
15096.1 -28.1631
15108.1 -28.3526
15120.1 -28.539
15132.1 -28.7223
15144.1 -28.9024
15156.2 -29.0793
15168.2 -29.394
15180.2 -29.7296
15192.2 -30.0619
15204.2 -30.3908
15216.2 -30.7164
15228.2 -31.0384
15240.2 -31.3569
15252.3 -31.6717
15264.3 -31.9825
15276.3 -32.2865
15288.3 -32.5867
15300.3 -32.8828
15312.3 -33.1749
15324.3 -33.4629
15336.3 -33.7468
15348.3 -34.0263
15360.4 -34.3015
15372.4 -34.6278
15384.4 -35.0621
15396.4 -35.4921
15408.4 -35.9178
15420.4 -36.3391
15432.4 -36.756
15444.4 -37.1684
15456.5 -37.5763
15468.5 -37.9796
15480.5 -38.2952
15492.5 -38.5419
15504.5 -38.7836
15516.5 -39.0203
15528.5 -39.252
15540.5 -39.4787
15552.6 -39.7002
15564.6 -39.9167
15576.6 -40.1279
15588.6 -40.2255
15600.6 -40.2916
15612.6 -40.3524
15624.6 -40.4077
15636.6 -40.4575
15648.6 -40.5019
15660.7 -40.5408
15672.7 -40.5742
15684.7 -40.6001
15696.7 -40.5703
15708.7 -40.535
15720.7 -40.4942
15732.7 -40.4478
15744.7 -40.396
15756.8 -40.3386
15768.8 -40.2757
15780.8 -40.2074
15792.8 -40.1813
15804.8 -40.2759
15816.8 -40.3653
15828.8 -40.4497
15840.8 -40.5291
15852.9 -40.6035
15864.9 -40.6728
15876.9 -40.7373
15888.9 -40.7969
15900.9 -40.979
15912.9 -41.2761
15924.9 -41.5687
15936.9 -41.8571
15948.9 -42.1412
15961 -42.4212
15973 -42.697
15985 -42.9687
15997 -43.2364
16009 -43.4337
16021 -43.6048
16033 -43.7719
16045 -43.9352
16057.1 -44.0947
16069.1 -44.2505
16081.1 -44.4026
16093.1 -44.5511
16105.1 -44.6961
16117.1 -44.8204
16129.1 -44.941
16141.1 -45.0583
16153.2 -45.1724
16165.2 -45.2833
16177.2 -45.3911
16189.2 -45.496
16201.2 -45.598
16213.2 -45.6783
16225.2 -45.6913
16237.2 -45.7015
16249.2 -45.709
16261.3 -45.7139
16273.3 -45.7163
16285.3 -45.7161
16297.3 -45.7136
16309.3 -45.7088
16321.3 -45.7218
16333.3 -45.7562
16345.3 -45.7885
16357.4 -45.819
16369.4 -45.8476
16381.4 -45.8745
16393.4 -45.8996
16405.4 -45.9232
16417.4 -45.9453
16429.4 -45.9777
16441.4 -46.014
16453.5 -46.0491
16465.5 -46.0829
16477.5 -46.1156
16489.5 -46.1473
16501.5 -46.1779
16513.5 -46.2077
16525.5 -46.2366
16537.5 -46.0011
16549.5 -45.7464
16561.6 -45.4906
16573.6 -45.2338
16585.6 -44.9761
16597.6 -44.7175
16609.6 -44.4582
16621.6 -44.198
16633.6 -43.9729
16645.6 -43.9227
16657.7 -43.8723
16669.7 -43.8216
16681.7 -43.7707
16693.7 -43.7198
16705.7 -43.6688
16717.7 -43.6178
16729.7 -43.5669
16741.7 -43.4439
16753.8 -43.2179
16765.8 -42.9918
16777.8 -42.7656
16789.8 -42.5396
16801.8 -42.3135
16813.8 -42.0877
16825.8 -41.8619
16837.8 -41.6364
16849.8 -41.359
16861.9 -41.053
16873.9 -40.7473
16885.9 -40.4418
16897.9 -40.1366
16909.9 -39.8317
16921.9 -39.5271
16933.9 -39.2229
16945.9 -38.9191
16958 -38.5769
16970 -38.2297
16982 -37.8829
16994 -37.5366
17006 -37.1907
17018 -36.8454
17030 -36.5005
17042 -36.1562
17054.1 -35.8039
17066.1 -35.3902
17078.1 -34.9769
17090.1 -34.5642
17102.1 -34.152
17114.1 -33.7404
17126.1 -33.3294
17138.1 -32.919
17150.2 -32.5091
17162.2 -32.0858
17174.2 -31.6374
17186.2 -31.1896
17198.2 -30.7424
17210.2 -30.2958
17222.2 -29.8499
17234.2 -29.4046
17246.2 -28.96
17258.3 -28.516
17270.3 -28.0885
17282.3 -27.6727
17294.3 -27.2577
17306.3 -26.8435
17318.3 -26.4299
17330.3 -26.0171
17342.3 -25.6051
17354.4 -25.1939
17366.4 -24.7834
17378.4 -24.4769
17390.4 -24.1923
17402.4 -23.9087
17414.4 -23.6261
17426.4 -23.3444
17438.4 -23.0637
17450.5 -22.7839
17462.5 -22.5051
17474.5 -22.2217
17486.5 -21.8574
17498.5 -21.494
17510.5 -21.1314
17522.5 -20.7697
17534.5 -20.4089
17546.5 -20.0488
17558.6 -19.6897
17570.6 -19.3314
17582.6 -19.0154
17594.6 -18.7943
17606.6 -18.5742
17618.6 -18.3552
17630.6 -18.1372
17642.6 -17.9202
17654.7 -17.7042
17666.7 -17.4892
17678.7 -17.2753
17690.7 -17.0678
17702.7 -16.8659
17714.7 -16.665
17726.7 -16.4652
17738.7 -16.2663
17750.8 -16.0685
17762.8 -15.8717
17774.8 -15.6758
17786.8 -15.481
17798.8 -15.2149
17810.8 -14.9286
17822.8 -14.6432
17834.8 -14.3586
17846.8 -14.0749
17858.9 -13.792
17870.9 -13.5099
17882.9 -13.2287
17894.9 -12.9517
17906.9 -12.8834
17918.9 -12.8162
17930.9 -12.7501
17942.9 -12.6851
17955 -12.6212
17967 -12.5583
17979 -12.4965
17991 -12.4358
18003 -12.3617
18015 -12.2452
18027 -12.1296
18039 -12.015
18051.1 -11.9014
18063.1 -11.7887
18075.1 -11.677
18087.1 -11.5662
18099.1 -11.4564
18111.1 -11.3795
18123.1 -11.338
18135.1 -11.2974
18147.1 -11.2578
18159.2 -11.2192
18171.2 -11.1816
18183.2 -11.145
18195.2 -11.1093
18207.2 -11.0747
18219.2 -11.0346
18231.2 -10.9932
18243.2 -10.9527
18255.3 -10.9131
18267.3 -10.8745
18279.3 -10.8367
18291.3 -10.7999
18303.3 -10.764
18315.3 -10.7289
18327.3 -10.5578
18339.3 -10.3816
18351.4 -10.206
18363.4 -10.0312
18375.4 -9.85705
18387.4 -9.68357
18399.4 -9.51076
18411.4 -9.33861
18423.4 -9.19275
18435.4 -9.15457
18447.4 -9.11721
18459.5 -9.08065
18471.5 -9.04491
18483.5 -9.00996
18495.5 -8.9758
18507.5 -8.94244
18519.5 -8.90985
18531.5 -8.94527
18543.5 -9.06873
18555.6 -9.19316
18567.6 -9.31855
18579.6 -9.44489
18591.6 -9.57218
18603.6 -9.70041
18615.6 -9.82958
18627.6 -9.95969
18639.6 -10.2599
18651.7 -10.6449
18663.7 -11.0312
18675.7 -11.4187
18687.7 -11.8075
18699.7 -12.1974
18711.7 -12.5886
18723.7 -12.981
18735.7 -13.3746
18747.7 -13.2546
18759.8 -13.0851
18771.8 -12.916
18783.8 -12.7474
18795.8 -12.5793
18807.8 -12.4116
18819.8 -12.2444
18831.8 -12.0776
18843.8 -11.9249
18855.9 -11.8528
18867.9 -11.7813
18879.9 -11.7103
18891.9 -11.6399
18903.9 -11.57
18915.9 -11.5006
18927.9 -11.4318
18939.9 -11.3635
18952 -11.2957
18964 -11.2285
18976 -11.1617
18988 -11.0955
19000 -11.0297
