7000 -12.8312
7012.01 -13.3053
7024.02 -13.7914
7036.04 -14.2893
7048.05 -14.7987
7060.06 -15.3191
7072.07 -15.85
7084.08 -16.3908
7096.1 -16.9407
7108.11 -17.4989
7120.12 -18.0644
7132.13 -18.636
7144.14 -19.2124
7156.16 -19.7922
7168.17 -20.3737
7180.18 -20.9553
7192.19 -21.5349
7204.2 -22.1104
7216.22 -22.6797
7228.23 -23.2402
7240.24 -23.7896
7252.25 -24.3251
7264.26 -24.844
7276.28 -25.3435
7288.29 -25.8207
7300.3 -26.2726
7312.31 -26.6965
7324.32 -27.0896
7336.34 -27.4489
7348.35 -27.7721
7360.36 -28.0566
7372.37 -28.3002
7384.38 -28.501
7396.4 -28.6572
7408.41 -28.7674
7420.42 -28.8307
7432.43 -28.8463
7444.44 -28.8139
7456.46 -28.7334
7468.47 -28.6054
7480.48 -27.7896
7492.49 -26.434
7504.5 -25.0305
7516.52 -23.5808
7528.53 -22.0869
7540.54 -20.5509
7552.55 -18.9753
7564.56 -17.3626
7576.58 -15.7154
7588.59 -14.9279
7600.6 -14.334
7612.61 -13.7175
7624.62 -13.081
7636.64 -12.4273
7648.65 -11.7588
7660.66 -11.0782
7672.67 -10.3878
7684.68 -9.69041
7696.7 -9.00358
7708.71 -8.3133
7720.72 -7.62141
7732.73 -6.92956
7744.74 -6.23926
7756.76 -5.55189
7768.77 -4.86866
7780.78 -4.19067
7792.79 -3.46117
7804.8 -2.58738
7816.82 -1.7207
7828.83 -0.861727
7840.84 -0.0109823
7852.85 0.831117
7864.86 1.66424
7876.88 2.48811
7888.89 3.30256
7900.9 4.17207
7912.91 5.09362
7924.92 6.0059
7936.94 6.90892
7948.95 7.80274
7960.96 8.68746
7972.97 9.5632
7984.98 10.4301
7997 11.2883
8009.01 11.9838
8021.02 12.6191
8033.03 13.2456
8045.05 13.8638
8057.06 14.4736
8069.07 15.0755
8081.08 15.6697
8093.09 16.2563
8105.11 16.8357
8117.12 17.2398
8129.13 17.6344
8141.14 18.022
8153.15 18.4028
8165.17 18.777
8177.18 19.145
8189.19 19.5069
8201.2 19.863
8213.21 20.2426
8225.23 20.7182
8237.24 21.1891
8249.25 21.6554
8261.26 22.1173
8273.27 22.5751
8285.29 23.0289
8297.3 23.4789
8309.31 23.9253
8321.32 24.1004
8333.33 23.9571
8345.35 23.809
8357.36 23.6564
8369.37 23.4994
8381.38 23.3381
8393.39 23.1728
8405.41 23.0036
8417.42 22.8307
8429.43 22.9966
8441.44 23.3087
8453.45 23.6189
8465.47 23.9273
8477.48 24.234
8489.49 24.5392
8501.5 24.843
8513.51 25.1455
8525.53 25.4468
8537.54 25.4244
8549.55 25.3773
8561.56 25.3284
8573.57 25.2778
8585.59 25.2257
8597.6 25.172
8609.61 25.1171
8621.62 25.0608
8633.63 25.0108
8645.65 24.9955
8657.66 24.9794
8669.67 24.9626
8681.68 24.9451
8693.69 24.9271
8705.71 24.9086
8717.72 24.8898
8729.73 24.8707
8741.74 24.8157
8753.75 24.7086
8765.77 24.6013
8777.78 24.4938
8789.79 24.3863
8801.8 24.2788
8813.81 24.1715
8825.83 24.0643
8837.84 23.9575
8849.85 24.0237
8861.86 24.1863
8873.87 24.3502
8885.89 24.5155
8897.9 24.6822
8909.91 24.8505
8921.92 25.0205
8933.93 25.1921
8945.95 25.3656
8957.96 25.5411
8969.97 25.7185
8981.98 25.898
8993.99 26.0796
9006.01 26.2636
9018.02 26.4499
9030.03 26.6386
9042.04 26.8299
9054.05 27.0238
9066.07 27.2204
9078.08 27.4199
9090.09 27.6222
9102.1 27.8275
9114.11 28.0359
9126.13 28.2475
9138.14 28.4623
9150.15 28.6805
9162.16 28.9021
9174.17 29.1273
9186.19 29.356
9198.2 29.5885
9210.21 29.8247
9222.22 30.0648
9234.23 30.3088
9246.25 30.5568
9258.26 30.809
9270.27 31.0652
9282.28 31.3258
9294.29 31.5906
9306.31 31.8598
9318.32 32.1334
9330.33 32.4114
9342.34 32.694
9354.35 32.981
9366.37 33.2727
9378.38 33.5689
9390.39 33.8698
9402.4 34.1752
9414.41 34.4852
9426.43 34.7998
9438.44 35.1189
9450.45 35.4425
9462.46 35.7706
9474.47 36.103
9486.49 36.4396
9498.5 36.7804
9510.51 37.1252
9522.52 37.4739
9534.53 37.8263
9546.55 38.1822
9558.56 38.5414
9570.57 38.9036
9582.58 39.2686
9594.59 39.6362
9606.61 40.0059
9618.62 40.3775
9630.63 40.7506
9642.64 41.1248
9654.65 41.4996
9666.67 41.8748
9678.68 42.2497
9690.69 42.6238
9702.7 42.9968
9714.71 43.3679
9726.73 43.7368
9738.74 44.1027
9750.75 44.4652
9762.76 44.8235
9774.77 45.1771
9786.79 45.5254
9798.8 45.8678
9810.81 46.2036
9822.82 46.5322
9834.83 46.853
9846.85 47.1654
9858.86 47.469
9870.87 47.763
9882.88 48.047
9894.89 48.3206
9906.91 48.5833
9918.92 48.8346
9930.93 49.0744
9942.94 49.3021
9954.95 49.5177
9966.97 49.7208
9978.98 49.9114
9990.99 50.0894
10003 50.2548
10015 50.4076
10027 50.5478
10039 50.6758
10051.1 50.7916
10063.1 50.8955
10075.1 50.9879
10087.1 51.0692
10099.1 51.1396
10111.1 51.1997
10123.1 51.2499
10135.1 51.2907
10147.1 51.3228
10159.2 51.3466
10171.2 51.3627
10183.2 51.3717
10195.2 51.3742
10207.2 51.3708
10219.2 51.3621
10231.2 51.3486
10243.2 51.331
10255.3 51.3099
10267.3 51.2858
10279.3 51.2592
10291.3 51.2307
10303.3 51.2008
10315.3 51.1699
10327.3 51.1386
10339.3 51.1073
10351.4 51.0763
10363.4 51.0461
10375.4 51.017
10387.4 50.9894
10399.4 50.9636
10411.4 50.9399
10423.4 50.9184
10435.4 50.8996
10447.4 50.8835
10459.5 50.8705
10471.5 50.8605
10483.5 50.8539
10495.5 50.8507
10507.5 50.851
10519.5 50.855
10531.5 50.8626
10543.5 50.874
10555.6 50.8892
10567.6 50.9083
10579.6 50.9311
10591.6 50.9579
10603.6 50.9884
10615.6 51.0227
10627.6 51.0608
10639.6 51.1027
10651.7 51.1482
10663.7 51.1973
10675.7 51.25
10687.7 51.3061
10699.7 51.3656
10711.7 51.4284
10723.7 51.4944
10735.7 51.5635
10747.7 51.6356
10759.8 51.7105
10771.8 51.7882
10783.8 51.8686
10795.8 51.9514
10807.8 52.0367
10819.8 52.1242
10831.8 52.2139
10843.8 52.3722
10855.9 52.9257
10867.9 53.482
10879.9 54.0408
10891.9 54.6021
10903.9 55.1658
10915.9 55.7316
10927.9 56.2994
10939.9 56.8691
10952 57.2098
10964 57.173
10976 57.1364
10988 57.0997
11000 57.0628
11012 57.0255
11024 56.9877
11036 56.9492
11048 56.9099
11060.1 57.8391
11072.1 59.3613
11084.1 60.8856
11096.1 62.4119
11108.1 63.94
11120.1 65.4697
11132.1 67.0009
11144.1 68.5335
11156.2 70.0672
11168.2 70.218
11180.2 70.1314
11192.2 70.0421
11204.2 69.9498
11216.2 69.8545
11228.2 69.7561
11240.2 69.6542
11252.3 69.5489
11264.3 69.4924
11276.3 69.972
11288.3 70.449
11300.3 70.9232
11312.3 71.3944
11324.3 71.8626
11336.3 72.3276
11348.3 72.7893
11360.4 73.2475
11372.4 73.7853
11384.4 74.4883
11396.4 75.1879
11408.4 75.8841
11420.4 76.5768
11432.4 77.2659
11444.4 77.9511
11456.5 78.6325
11468.5 79.3099
11480.5 79.1009
11492.5 78.2044
11504.5 77.3004
11516.5 76.3887
11528.5 75.4693
11540.5 74.542
11552.6 73.6068
11564.6 72.6636
11576.6 71.7123
11588.6 72.9606
11600.6 74.7352
11612.6 76.5071
11624.6 78.2764
11636.6 80.0429
11648.6 81.8066
11660.7 83.5675
11672.7 85.3254
11684.7 86.9291
11696.7 84.9286
11708.7 82.9173
11720.7 80.8953
11732.7 78.8624
11744.7 76.8187
11756.8 74.7641
11768.8 72.6987
11780.8 70.6224
11792.8 69.5838
11804.8 71.3159
11816.8 73.045
11828.8 74.771
11840.8 76.4938
11852.9 78.2136
11864.9 79.9302
11876.9 81.6438
11888.9 83.3544
11900.9 82.9283
11912.9 80.4933
11924.9 78.0471
11936.9 75.5896
11948.9 73.1208
11961 70.6408
11973 68.1497
11985 65.6475
11997 63.1342
12009 63.7606
12021 65.4336
12033 67.1041
12045 68.7722
12057.1 70.438
12069.1 72.1014
12081.1 73.7626
12093.1 75.4217
12105.1 77.0787
12117.1 76.4826
12129.1 75.8429
12141.1 75.1968
12153.2 74.5444
12165.2 73.8858
12177.2 73.2211
12189.2 72.5503
12201.2 71.8736
12213.2 71.3802
12225.2 71.5305
12237.2 71.6768
12249.2 71.819
12261.3 71.9575
12273.3 72.0922
12285.3 72.2232
12297.3 72.3506
12309.3 72.4746
12321.3 72.0863
12333.3 71.0948
12345.3 70.0979
12357.4 69.0958
12369.4 68.0886
12381.4 67.0763
12393.4 66.0591
12405.4 65.037
12417.4 64.0102
12429.4 63.9458
12441.4 64.3066
12453.5 64.6656
12465.5 65.023
12477.5 65.3788
12489.5 65.7331
12501.5 66.086
12513.5 66.4377
12525.5 66.7881
12537.5 67.3921
12549.5 68.0131
12561.6 68.6337
12573.6 69.2539
12585.6 69.874
12597.6 70.4938
12609.6 71.1136
12621.6 71.7335
12633.6 71.6928
12645.6 68.4067
12657.7 65.1133
12669.7 61.813
12681.7 58.5056
12693.7 55.1912
12705.7 51.8701
12717.7 48.5421
12729.7 45.2075
12741.7 43.8706
12753.8 45.4015
12765.8 46.9351
12777.8 48.4715
12789.8 50.0107
12801.8 51.5527
12813.8 53.0977
12825.8 54.6458
12837.8 56.1969
12849.8 56.2678
12861.9 55.5226
12873.9 54.7763
12885.9 54.0291
12897.9 53.2809
12909.9 52.5318
12921.9 51.7818
12933.9 51.031
12945.9 50.2795
12958 49.739
12970 49.2273
12982 48.7155
12994 48.2035
13006 47.6915
13018 47.1793
13030 46.6672
13042 46.1551
13054.1 45.7651
13066.1 46.2631
13078.1 46.7631
13090.1 47.2651
13102.1 47.7692
13114.1 48.2753
13126.1 48.7834
13138.1 49.2937
13150.2 49.8061
13162.2 49.8736
13174.2 49.129
13186.2 48.3842
13198.2 47.6393
13210.2 46.8944
13222.2 46.1495
13234.2 45.4045
13246.2 44.6595
13258.3 43.9145
13270.3 44.2077
13282.3 45.2292
13294.3 46.254
13306.3 47.2819
13318.3 48.3132
13330.3 49.3477
13342.3 50.3854
13354.4 51.4265
13366.4 52.4708
13378.4 50.9907
13390.4 48.9938
13402.4 46.9947
13414.4 44.9935
13426.4 42.99
13438.4 40.9845
13450.5 38.9767
13462.5 36.9668
13474.5 35.1096
13486.5 35.498
13498.5 35.8886
13510.5 36.2813
13522.5 36.6762
13534.5 37.0731
13546.5 37.4721
13558.6 37.8732
13570.6 38.2764
13582.6 38.5255
13594.6 38.423
13606.6 38.3217
13618.6 38.2215
13630.6 38.1224
13642.6 38.0245
13654.7 37.9277
13666.7 37.832
13678.7 37.7374
13690.7 37.3171
13702.7 36.619
13714.7 35.921
13726.7 35.2229
13738.7 34.5249
13750.8 33.8267
13762.8 33.1285
13774.8 32.4303
13786.8 31.7319
13798.8 31.1593
13810.8 30.6235
13822.8 30.0879
13834.8 29.5524
13846.8 29.017
13858.9 28.4817
13870.9 27.9464
13882.9 27.4112
13894.9 26.883
13906.9 26.7837
13918.9 26.6852
13930.9 26.5873
13942.9 26.4901
13955 26.3936
13967 26.2978
13979 26.2025
13991 26.1079
14003 26.0351
14015 26.0269
14027 26.0194
14039 26.0125
14051.1 26.0062
14063.1 26.0005
14075.1 25.9954
14087.1 25.9908
14099.1 25.9867
14111.1 25.7653
14123.1 25.3114
14135.1 24.8571
14147.1 24.4025
14159.2 23.9475
14171.2 23.492
14183.2 23.036
14195.2 22.5796
14207.2 22.1226
14219.2 21.6103
14231.2 21.0766
14243.2 20.5421
14255.3 20.0068
14267.3 19.4707
14279.3 18.9338
14291.3 18.396
14303.3 17.8572
14315.3 17.3175
14327.3 17.2064
14339.3 17.1131
14351.4 17.0195
14363.4 16.9255
14375.4 16.8311
14387.4 16.7362
14399.4 16.6409
14411.4 16.5451
14423.4 16.2952
14435.4 15.4037
14447.4 14.5103
14459.5 13.6148
14471.5 12.7173
14483.5 11.8177
14495.5 10.916
14507.5 10.0121
14519.5 9.10604
14531.5 8.51255
14543.5 8.32571
14555.6 8.1377
14567.6 7.9485
14579.6 7.75804
14591.6 7.56629
14603.6 7.37318
14615.6 7.17868
14627.6 6.98274
14639.6 6.53659
14651.7 5.96551
14663.7 5.39222
14675.7 4.81667
14687.7 4.2388
14699.7 3.65857
14711.7 3.07592
14723.7 2.49079
14735.7 1.90313
14747.7 1.64691
14759.8 1.4211
14771.8 1.19318
14783.8 0.963099
14795.8 0.730802
14807.8 0.496229
14819.8 0.25932
14831.8 0.0200144
14843.8 -0.23082
14855.9 -0.537648
14867.9 -0.847157
14879.9 -1.15941
14891.9 -1.47446
14903.9 -1.79239
14915.9 -2.11325
14927.9 -2.4371
14939.9 -2.76402
14952 -3.13007
14964 -3.55843
14976 -3.99019
14988 -4.42544
15000 -4.86423
15012 -5.30663
15024 -5.7527
15036 -6.20253
15048 -6.65616
15060.1 -7.28277
15072.1 -8.01685
15084.1 -8.75538
15096.1 -9.49844
15108.1 -10.2461
15120.1 -10.9984
15132.1 -11.7554
15144.1 -12.5172
15156.2 -13.2839
15168.2 -13.8193
15180.2 -14.3192
15192.2 -14.8237
15204.2 -15.3328
15216.2 -15.8468
15228.2 -16.3655
15240.2 -16.8891
15252.3 -17.4177
15264.3 -17.9462
15276.3 -18.4278
15288.3 -18.9145
15300.3 -19.4062
15312.3 -19.9031
15324.3 -20.4051
15336.3 -20.9123
15348.3 -21.4249
15360.4 -21.9427
15372.4 -22.4642
15384.4 -22.9875
15396.4 -23.5163
15408.4 -24.0505
15420.4 -24.5902
15432.4 -25.1354
15444.4 -25.6861
15456.5 -26.2423
15468.5 -26.8041
15480.5 -27.2998
15492.5 -27.7454
15504.5 -28.1964
15516.5 -28.6527
15528.5 -29.1144
15540.5 -29.5814
15552.6 -30.0536
15564.6 -30.5311
15576.6 -31.0138
15588.6 -31.5182
15600.6 -32.0316
15612.6 -32.55
15624.6 -33.0734
15636.6 -33.6017
15648.6 -34.1348
15660.7 -34.6725
15672.7 -35.2147
15684.7 -35.755
15696.7 -36.1481
15708.7 -36.5451
15720.7 -36.9458
15732.7 -37.3501
15744.7 -37.7576
15756.8 -38.1683
15768.8 -38.5819
15780.8 -38.9982
15792.8 -39.5109
15804.8 -40.275
15816.8 -41.0416
15828.8 -41.8102
15840.8 -42.5807
15852.9 -43.3526
15864.9 -44.1257
15876.9 -44.8996
15888.9 -45.6738
15900.9 -46.4915
15912.9 -47.3494
15924.9 -48.2067
15936.9 -49.0628
15948.9 -49.9174
15961 -50.7699
15973 -51.6198
15985 -52.4667
15997 -53.3101
16009 -53.9148
16021 -54.4364
16033 -54.9523
16045 -55.462
16057.1 -55.9648
16069.1 -56.4602
16081.1 -56.9476
16093.1 -57.4263
16105.1 -57.8958
16117.1 -58.587
16129.1 -59.2719
16141.1 -59.946
16153.2 -60.6086
16165.2 -61.2591
16177.2 -61.8969
16189.2 -62.5213
16201.2 -63.1318
16213.2 -63.7081
16225.2 -64.2022
16237.2 -64.6803
16249.2 -65.1418
16261.3 -65.5861
16273.3 -66.0127
16285.3 -66.421
16297.3 -66.8104
16309.3 -67.1805
16321.3 -67.4616
16333.3 -67.641
16345.3 -67.7994
16357.4 -67.9364
16369.4 -68.0515
16381.4 -68.1445
16393.4 -68.215
16405.4 -68.2626
16417.4 -68.2872
16429.4 -68.5451
16441.4 -68.8934
16453.5 -69.2185
16465.5 -69.5204
16477.5 -69.799
16489.5 -70.0542
16501.5 -70.286
16513.5 -70.4944
16525.5 -70.6794
16537.5 -70.7629
16549.5 -70.8177
16561.6 -70.8495
16573.6 -70.8585
16585.6 -70.8448
16597.6 -70.8089
16609.6 -70.751
16621.6 -70.6714
16633.6 -70.6332
16645.6 -70.8822
16657.7 -71.1112
16669.7 -71.3207
16681.7 -71.5111
16693.7 -71.6831
16705.7 -71.837
16717.7 -71.9734
16729.7 -72.0928
16741.7 -72.1187
16753.8 -72.0179
16765.8 -71.9017
16777.8 -71.7706
16789.8 -71.6252
16801.8 -71.4662
16813.8 -71.294
16825.8 -71.1095
16837.8 -70.9131
16849.8 -70.6403
16861.9 -70.321
16873.9 -69.9915
16885.9 -69.6526
16897.9 -69.3047
16909.9 -68.9486
16921.9 -68.5847
16933.9 -68.2137
16945.9 -67.8361
16958 -67.2189
16970 -66.5638
16982 -65.9033
16994 -65.2381
17006 -64.5686
17018 -63.8954
17030 -63.2188
17042 -62.5395
17054.1 -61.8556
17066.1 -61.1536
17078.1 -60.4501
17090.1 -59.7454
17102.1 -59.0401
17114.1 -58.3344
17126.1 -57.6288
17138.1 -56.9235
17150.2 -56.2189
17162.2 -55.5398
17174.2 -54.9065
17186.2 -54.2749
17198.2 -53.6454
17210.2 -53.018
17222.2 -52.3932
17234.2 -51.7711
17246.2 -51.152
17258.3 -50.536
17270.3 -49.8627
17282.3 -49.1504
17294.3 -48.4417
17306.3 -47.7367
17318.3 -47.0356
17330.3 -46.3385
17342.3 -45.6456
17354.4 -44.9569
17366.4 -44.2726
17378.4 -43.7568
17390.4 -43.2793
17402.4 -42.8066
17414.4 -42.339
17426.4 -41.8765
17438.4 -41.419
17450.5 -40.9668
17462.5 -40.5197
17474.5 -40.0762
17486.5 -39.6124
17498.5 -39.1539
17510.5 -38.7007
17522.5 -38.2529
17534.5 -37.8103
17546.5 -37.3731
17558.6 -36.9412
17570.6 -36.5147
17582.6 -36.0388
17594.6 -35.4442
17606.6 -34.8546
17618.6 -34.2701
17630.6 -33.6907
17642.6 -33.1162
17654.7 -32.5467
17666.7 -31.9822
17678.7 -31.4226
17690.7 -30.7684
17702.7 -30.0342
17714.7 -29.3046
17726.7 -28.5795
17738.7 -27.8589
17750.8 -27.1428
17762.8 -26.4311
17774.8 -25.7237
17786.8 -25.0207
17798.8 -24.4097
17810.8 -23.8286
17822.8 -23.2519
17834.8 -22.6795
17846.8 -22.1113
17858.9 -21.5474
17870.9 -20.9875
17882.9 -20.4318
17894.9 -19.8868
17906.9 -19.7556
17918.9 -19.6289
17930.9 -19.5067
17942.9 -19.3889
17955 -19.2754
17967 -19.1661
17979 -19.0612
17991 -18.9604
18003 -18.7881
18015 -18.3924
18027 -18.0004
18039 -17.6119
18051.1 -17.227
18063.1 -16.8456
18075.1 -16.4676
18087.1 -16.093
18099.1 -15.7218
18111.1 -15.3669
18123.1 -15.0292
18135.1 -14.6947
18147.1 -14.3634
18159.2 -14.0352
18171.2 -13.7102
18183.2 -13.3881
18195.2 -13.0691
18207.2 -12.753
18219.2 -12.3419
18231.2 -11.8966
18243.2 -11.4539
18255.3 -11.0138
18267.3 -10.5762
18279.3 -10.1412
18291.3 -9.7086
18303.3 -9.27847
18315.3 -8.85073
18327.3 -8.73037
18339.3 -8.62555
18351.4 -8.52343
18363.4 -8.42396
18375.4 -8.3271
18387.4 -8.23282
18399.4 -8.14108
18411.4 -8.05185
18423.4 -7.90652
18435.4 -7.51918
18447.4 -7.13385
18459.5 -6.75048
18471.5 -6.36905
18483.5 -5.98953
18495.5 -5.61187
18507.5 -5.23605
18519.5 -4.86204
18531.5 -4.51509
18543.5 -4.20272
18555.6 -3.89214
18567.6 -3.58331
18579.6 -3.27622
18591.6 -2.97082
18603.6 -2.6671
18615.6 -2.36502
18627.6 -2.06456
18639.6 -2.08383
18651.7 -2.26238
18663.7 -2.44307
18675.7 -2.62589
18687.7 -2.8108
18699.7 -2.99779
18711.7 -3.18682
18723.7 -3.37787
18735.7 -3.57091
18747.7 -4.10373
18759.8 -4.67178
18771.8 -5.24224
18783.8 -5.81508
18795.8 -6.39028
18807.8 -6.96781
18819.8 -7.54766
18831.8 -8.1298
18843.8 -8.61376
18855.9 -8.50796
18867.9 -8.40351
18879.9 -8.30039
18891.9 -8.19858
18903.9 -8.09806
18915.9 -7.99882
18927.9 -7.90083
18939.9 -7.80407
18952 -7.70853
18964 -7.6142
18976 -7.52104
18988 -7.42906
19000 -7.33822
