7000 -199.806
7012.01 -200.257
7024.02 -200.652
7036.04 -200.989
7048.05 -201.269
7060.06 -201.491
7072.07 -201.655
7084.08 -201.759
7096.1 -201.806
7108.11 -201.793
7120.12 -201.722
7132.13 -201.592
7144.14 -201.403
7156.16 -201.156
7168.17 -200.852
7180.18 -200.49
7192.19 -200.071
7204.2 -199.595
7216.22 -199.064
7228.23 -198.478
7240.24 -197.839
7252.25 -197.145
7264.26 -196.4
7276.28 -195.603
7288.29 -194.756
7300.3 -193.859
7312.31 -192.915
7324.32 -191.923
7336.34 -190.886
7348.35 -189.805
7360.36 -188.68
7372.37 -187.514
7384.38 -186.307
7396.4 -185.061
7408.41 -183.778
7420.42 -182.458
7432.43 -181.103
7444.44 -179.714
7456.46 -178.294
7468.47 -176.842
7480.48 -175.362
7492.49 -173.853
7504.5 -172.318
7516.52 -170.757
7528.53 -169.173
7540.54 -167.567
7552.55 -165.939
7564.56 -164.291
7576.58 -162.625
7588.59 -160.941
7600.6 -159.242
7612.61 -157.527
7624.62 -155.799
7636.64 -153.986
7648.65 -152.064
7660.66 -150.13
7672.67 -148.186
7684.68 -146.234
7696.7 -144.274
7708.71 -142.306
7720.72 -140.333
7732.73 -138.355
7744.74 -136.526
7756.76 -134.774
7768.77 -133.02
7780.78 -131.265
7792.79 -129.51
7804.8 -127.755
7816.82 -126
7828.83 -124.247
7840.84 -122.496
7852.85 -121.058
7864.86 -119.66
7876.88 -118.267
7888.89 -116.879
7900.9 -115.496
7912.91 -114.12
7924.92 -112.75
7936.94 -111.386
7948.95 -109.97
7960.96 -108.165
7972.97 -106.365
7984.98 -104.573
7997 -102.787
8009.01 -101.008
8021.02 -99.2367
8033.03 -97.4727
8045.05 -95.7164
8057.06 -94.2371
8069.07 -93.2286
8081.08 -92.2303
8093.09 -91.2423
8105.11 -90.2647
8117.12 -89.2976
8129.13 -88.3411
8141.14 -87.3952
8153.15 -86.4599
8165.17 -84.2523
8177.18 -81.215
8189.19 -78.1821
8201.2 -75.1536
8213.21 -72.1295
8225.23 -69.1098
8237.24 -66.0943
8249.25 -63.0831
8261.26 -60.0762
8273.27 -59.6231
8285.29 -59.6609
8297.3 -59.7114
8309.31 -59.7747
8321.32 -59.8505
8333.33 -59.9389
8345.35 -60.0396
8357.36 -60.1526
8369.37 -59.8829
8381.38 -55.0156
8393.39 -50.1459
8405.41 -45.2736
8417.42 -40.3987
8429.43 -35.521
8441.44 -30.6403
8453.45 -25.7566
8465.47 -20.8696
8477.48 -18.346
8489.49 -20.9522
8501.5 -23.5759
8513.51 -26.2171
8525.53 -28.8755
8537.54 -31.5511
8549.55 -34.2435
8561.56 -36.9528
8573.57 -39.6787
8585.59 -40.0973
8597.6 -38.6403
8609.61 -37.1877
8621.62 -35.7392
8633.63 -34.2949
8645.65 -32.8544
8657.66 -31.4177
8669.67 -29.9846
8681.68 -28.5548
8693.69 -27.1284
8705.71 -25.705
8717.72 -24.2845
8729.73 -22.8668
8741.74 -21.4517
8753.75 -20.039
8765.77 -18.6286
8777.78 -17.2203
8789.79 -15.8139
8801.8 -14.4093
8813.81 -13.0064
8825.83 -11.6049
8837.84 -10.2047
8849.85 -8.80563
8861.86 -7.40755
8873.87 -6.01029
8885.89 -4.61369
8897.9 -3.2176
8909.91 -1.82185
8921.92 -0.426293
8933.93 0.969229
8945.95 2.36487
8957.96 3.76078
8969.97 5.15713
8981.98 6.55405
8993.99 7.9517
9006.01 9.35023
9018.02 10.7498
9030.03 12.1505
9042.04 13.5526
9054.05 14.9562
9066.07 16.3613
9078.08 17.7683
9090.09 19.1771
9102.1 20.588
9114.11 22.0011
9126.13 23.4165
9138.14 24.8344
9150.15 26.255
9162.16 27.6782
9174.17 29.1044
9186.19 30.5336
9198.2 31.9659
9210.21 33.4015
9222.22 34.8405
9234.23 36.2831
9246.25 37.7294
9258.26 39.1794
9270.27 40.6334
9282.28 42.0915
9294.29 43.5537
9306.31 45.0202
9318.32 46.4911
9330.33 47.9666
9342.34 49.4467
9354.35 50.9316
9366.37 52.4213
9378.38 53.9161
9390.39 55.4159
9402.4 56.9209
9414.41 58.4313
9426.43 59.947
9438.44 61.4683
9450.45 62.9951
9462.46 64.5277
9474.47 66.066
9486.49 67.6103
9498.5 69.1605
9510.51 70.7168
9522.52 72.2792
9534.53 73.8479
9546.55 75.4229
9558.56 77.0042
9570.57 78.5921
9582.58 80.1864
9594.59 81.7873
9606.61 83.3949
9618.62 85.0092
9630.63 86.6303
9642.64 88.2582
9654.65 89.893
9666.67 91.5347
9678.68 93.1834
9690.69 94.8391
9702.7 96.5018
9714.71 98.1716
9726.73 99.8485
9738.74 101.533
9750.75 103.224
9762.76 104.922
9774.77 106.627
9786.79 108.34
9798.8 110.06
9810.81 111.787
9822.82 113.521
9834.83 115.262
9846.85 117.01
9858.86 118.765
9870.87 120.528
9882.88 122.297
9894.89 124.073
9906.91 125.856
9918.92 127.646
9930.93 129.443
9942.94 131.246
9954.95 133.056
9966.97 134.873
9978.98 136.696
9990.99 138.525
10003 140.36
10015 142.202
10027 144.049
10039 145.903
10051.1 147.761
10063.1 149.626
10075.1 151.496
10087.1 153.371
10099.1 155.251
10111.1 157.136
10123.1 159.025
10135.1 160.919
10147.1 162.817
10159.2 164.719
10171.2 166.625
10183.2 168.534
10195.2 170.447
10207.2 172.362
10219.2 174.28
10231.2 176.201
10243.2 178.124
10255.3 180.048
10267.3 181.974
10279.3 183.901
10291.3 185.829
10303.3 187.758
10315.3 189.686
10327.3 191.614
10339.3 193.542
10351.4 195.468
10363.4 197.393
10375.4 199.317
10387.4 201.237
10399.4 203.155
10411.4 205.07
10423.4 206.981
10435.4 208.888
10447.4 210.79
10459.5 212.687
10471.5 214.579
10483.5 216.464
10495.5 218.342
10507.5 220.214
10519.5 222.077
10531.5 223.932
10543.5 225.778
10555.6 227.615
10567.6 229.441
10579.6 231.257
10591.6 233.061
10603.6 234.853
10615.6 236.633
10627.6 238.4
10639.6 240.153
10651.7 241.891
10663.7 243.614
10675.7 245.321
10687.7 247.012
10699.7 248.686
10711.7 250.341
10723.7 251.979
10735.7 253.597
10747.7 255.195
10759.8 256.773
10771.8 258.329
10783.8 259.863
10795.8 261.375
10807.8 262.864
10819.8 264.328
10831.8 265.768
10843.8 267.182
10855.9 268.57
10867.9 269.931
10879.9 271.265
10891.9 272.571
10903.9 273.848
10915.9 275.095
10927.9 276.313
10939.9 277.499
10952 278.654
10964 279.777
10976 280.868
10988 281.925
11000 282.948
11012 283.936
11024 284.89
11036 285.808
11048 286.69
11060.1 287.535
11072.1 288.343
11084.1 289.113
11096.1 289.845
11108.1 290.207
11120.1 289.441
11132.1 288.632
11144.1 287.78
11156.2 286.884
11168.2 285.945
11180.2 284.962
11192.2 283.934
11204.2 282.861
11216.2 282.262
11228.2 282.191
11240.2 282.076
11252.3 281.918
11264.3 281.716
11276.3 281.47
11288.3 281.181
11300.3 280.847
11312.3 280.469
11324.3 280.493
11336.3 280.656
11348.3 280.777
11360.4 280.854
11372.4 280.888
11384.4 280.88
11396.4 280.828
11408.4 280.733
11420.4 280.596
11432.4 279.806
11444.4 278.936
11456.5 278.022
11468.5 277.065
11480.5 276.065
11492.5 275.021
11504.5 273.934
11516.5 272.805
11528.5 271.781
11540.5 271.362
11552.6 270.902
11564.6 270.403
11576.6 269.865
11588.6 269.288
11600.6 268.672
11612.6 268.019
11624.6 267.328
11636.6 266.562
11648.6 265.707
11660.7 264.815
11672.7 263.888
11684.7 262.925
11696.7 261.927
11708.7 260.895
11720.7 259.829
11732.7 258.73
11744.7 257.286
11756.8 255.65
11768.8 253.981
11780.8 252.28
11792.8 250.548
11804.8 248.784
11816.8 246.991
11828.8 245.168
11840.8 243.316
11852.9 241.509
11864.9 239.683
11876.9 237.83
11888.9 235.95
11900.9 234.045
11912.9 232.115
11924.9 230.16
11936.9 228.182
11948.9 226.161
11961 223.986
11973 221.789
11985 219.57
11997 217.331
12009 215.071
12021 212.792
12033 210.494
12045 208.178
12057.1 205.86
12069.1 203.551
12081.1 201.226
12093.1 198.886
12105.1 196.531
12117.1 194.162
12129.1 191.779
12141.1 189.383
12153.2 186.976
12165.2 183.904
12177.2 180.392
12189.2 176.869
12201.2 173.334
12213.2 169.787
12225.2 166.231
12237.2 162.665
12249.2 159.091
12261.3 155.508
12273.3 152.567
12285.3 149.745
12297.3 146.919
12309.3 144.088
12321.3 141.255
12333.3 138.419
12345.3 135.581
12357.4 132.741
12369.4 129.899
12381.4 127.022
12393.4 124.145
12405.4 121.27
12417.4 118.398
12429.4 115.528
12441.4 112.662
12453.5 109.799
12465.5 106.942
12477.5 104.4
12489.5 102.542
12501.5 100.692
12513.5 98.8511
12525.5 97.0211
12537.5 95.202
12549.5 93.3947
12561.6 91.5998
12573.6 89.818
12585.6 87.8538
12597.6 85.7473
12609.6 83.6552
12621.6 81.5784
12633.6 79.5175
12645.6 77.4732
12657.7 75.4461
12669.7 73.4369
12681.7 71.4463
12693.7 69.491
12705.7 67.5599
12717.7 65.6494
12729.7 63.7601
12741.7 61.8926
12753.8 60.0476
12765.8 58.2256
12777.8 56.4272
12789.8 54.6537
12801.8 52.9262
12813.8 51.2241
12825.8 49.5479
12837.8 47.8982
12849.8 46.2754
12861.9 44.68
12873.9 43.1126
12885.9 41.5735
12897.9 40.0401
12909.9 38.4721
12921.9 36.9335
12933.9 35.4247
12945.9 33.946
12958 32.4979
12970 31.0805
12982 29.6943
12994 28.3393
13006 27.0388
13018 25.7929
13030 24.579
13042 23.3973
13054.1 22.248
13066.1 21.1311
13078.1 20.0468
13090.1 18.995
13102.1 17.9758
13114.1 16.5216
13126.1 14.9294
13138.1 13.3686
13150.2 11.839
13162.2 10.3407
13174.2 8.87339
13186.2 7.43706
13198.2 6.03149
13210.2 4.6565
13222.2 3.24596
13234.2 1.86379
13246.2 0.511335
13258.3 -0.811675
13270.3 -2.10555
13282.3 -3.37061
13294.3 -4.60721
13306.3 -5.8157
13318.3 -7.0066
13330.3 -8.20842
13342.3 -9.38341
13354.4 -10.532
13366.4 -11.6546
13378.4 -12.7518
13390.4 -13.8239
13402.4 -14.8715
13414.4 -15.895
13426.4 -16.678
13438.4 -17.165
13450.5 -17.6286
13462.5 -18.0693
13474.5 -18.4877
13486.5 -18.8842
13498.5 -19.2595
13510.5 -19.6141
13522.5 -19.9485
13534.5 -20.0305
13546.5 -19.9862
13558.6 -19.9227
13570.6 -19.8407
13582.6 -19.7407
13594.6 -19.6232
13606.6 -19.4888
13618.6 -19.338
13630.6 -19.1714
13642.6 -19.2095
13654.7 -19.2525
13666.7 -19.2818
13678.7 -19.2978
13690.7 -19.301
13702.7 -19.292
13714.7 -19.2713
13726.7 -19.2393
13738.7 -19.1983
13750.8 -19.1557
13762.8 -19.1033
13774.8 -19.0417
13786.8 -18.9712
13798.8 -18.8924
13810.8 -18.8056
13822.8 -18.7113
13834.8 -18.61
13846.8 -18.5593
13858.9 -18.5902
13870.9 -18.6156
13882.9 -18.6357
13894.9 -18.651
13906.9 -18.6619
13918.9 -18.6686
13930.9 -18.6716
13942.9 -18.6712
13955 -18.8088
13967 -19.0272
13979 -19.2436
13991 -19.4582
14003 -19.6714
14015 -19.8834
14027 -20.0945
14039 -20.305
14051.1 -20.5152
14063.1 -20.9182
14075.1 -21.3503
14087.1 -21.7832
14099.1 -22.2171
14111.1 -22.6522
14123.1 -23.0888
14135.1 -23.527
14147.1 -23.967
14159.2 -24.3653
14171.2 -24.3909
14183.2 -24.4182
14195.2 -24.4474
14207.2 -24.4786
14219.2 -24.5121
14231.2 -24.5479
14243.2 -24.5863
14255.3 -24.6274
14267.3 -24.6218
14279.3 -24.5225
14291.3 -24.426
14303.3 -24.3325
14315.3 -24.2421
14327.3 -24.1549
14339.3 -24.0711
14351.4 -23.9906
14363.4 -23.9137
14375.4 -23.7647
14387.4 -23.5645
14399.4 -23.3679
14411.4 -23.175
14423.4 -22.9859
14435.4 -22.8008
14447.4 -22.6195
14459.5 -22.4423
14471.5 -22.2693
14483.5 -22.0389
14495.5 -21.7987
14507.5 -21.5626
14519.5 -21.3309
14531.5 -21.1035
14543.5 -20.8806
14555.6 -20.6621
14567.6 -20.4481
14579.6 -20.2488
14591.6 -20.2212
14603.6 -20.1986
14615.6 -20.181
14627.6 -20.1686
14639.6 -20.1614
14651.7 -20.1594
14663.7 -20.1626
14675.7 -20.1712
14687.7 -20.234
14699.7 -20.4218
14711.7 -20.6152
14723.7 -20.8145
14735.7 -21.0197
14747.7 -21.2308
14759.8 -21.4478
14771.8 -21.6709
14783.8 -21.9
14795.8 -22.165
14807.8 -22.4634
14819.8 -22.768
14831.8 -23.079
14843.8 -23.3964
14855.9 -23.7202
14867.9 -24.0506
14879.9 -24.3876
14891.9 -24.7312
14903.9 -24.8264
14915.9 -24.8501
14927.9 -24.88
14939.9 -24.9162
14952 -24.9588
14964 -25.0079
14976 -25.0634
14988 -25.1255
15000 -25.1943
15012 -25.3611
15024 -25.5348
15036 -25.7155
15048 -25.9033
15060.1 -26.0981
15072.1 -26.3001
15084.1 -26.5094
15096.1 -26.726
15108.1 -26.8682
15120.1 -26.7494
15132.1 -26.6376
15144.1 -26.533
15156.2 -26.4354
15168.2 -26.3452
15180.2 -26.2623
15192.2 -26.1868
15204.2 -26.1188
15216.2 -26.2035
15228.2 -26.4558
15240.2 -26.7165
15252.3 -26.9856
15264.3 -27.2631
15276.3 -27.5493
15288.3 -27.8442
15300.3 -28.1479
15312.3 -28.4605
15324.3 -28.8668
15336.3 -29.3171
15348.3 -29.7768
15360.4 -30.2462
15372.4 -30.7252
15384.4 -31.2141
15396.4 -31.713
15408.4 -32.2219
15420.4 -32.7411
15432.4 -33.478
15444.4 -34.2383
15456.5 -35.0095
15468.5 -35.7918
15480.5 -36.5855
15492.5 -37.3906
15504.5 -38.2073
15516.5 -39.0358
15528.5 -39.8642
15540.5 -40.6525
15552.6 -41.453
15564.6 -42.2657
15576.6 -43.091
15588.6 -43.9289
15600.6 -44.7796
15612.6 -45.6434
15624.6 -46.5204
15636.6 -47.2767
15648.6 -47.8606
15660.7 -48.4577
15672.7 -49.0684
15684.7 -49.6927
15696.7 -50.3309
15708.7 -50.9832
15720.7 -51.6497
15732.7 -52.3308
15744.7 -53.0076
15756.8 -53.6897
15768.8 -54.3868
15780.8 -55.0992
15792.8 -55.8272
15804.8 -56.5708
15816.8 -57.3304
15828.8 -58.1062
15840.8 -58.8984
15852.9 -60.0184
15864.9 -61.1922
15876.9 -62.3836
15888.9 -63.5927
15900.9 -64.82
15912.9 -66.0655
15924.9 -67.3296
15936.9 -68.6123
15948.9 -69.9478
15961 -71.531
15973 -73.1339
15985 -74.7569
15997 -76.4
16009 -78.0636
16021 -79.7479
16033 -81.453
16045 -83.1791
16057.1 -85.0232
16069.1 -87.0529
16081.1 -89.1046
16093.1 -91.1785
16105.1 -93.2747
16117.1 -95.3933
16129.1 -97.5346
16141.1 -99.6987
16153.2 -101.886
16165.2 -104.214
16177.2 -106.644
16189.2 -109.097
16201.2 -111.574
16213.2 -114.074
16225.2 -116.597
16237.2 -119.145
16249.2 -121.716
16261.3 -124.31
16273.3 -126.149
16285.3 -127.861
16297.3 -129.595
16309.3 -131.35
16321.3 -133.127
16333.3 -134.926
16345.3 -136.745
16357.4 -138.586
16369.4 -140.443
16381.4 -142.277
16393.4 -144.132
16405.4 -146.005
16417.4 -147.898
16429.4 -149.809
16441.4 -151.738
16453.5 -153.683
16465.5 -155.646
16477.5 -157.59
16489.5 -159.477
16501.5 -161.377
16513.5 -163.29
16525.5 -165.216
16537.5 -167.153
16549.5 -169.1
16561.6 -171.055
16573.6 -173.019
16585.6 -175.048
16597.6 -177.129
16609.6 -179.215
16621.6 -181.302
16633.6 -183.391
16645.6 -185.478
16657.7 -187.564
16669.7 -189.645
16681.7 -191.719
16693.7 -194.114
16705.7 -196.586
16717.7 -199.047
16729.7 -201.495
16741.7 -203.927
16753.8 -206.341
16765.8 -208.735
16777.8 -211.107
16789.8 -213.452
16801.8 -215.691
16813.8 -217.9
16825.8 -220.077
16837.8 -222.22
16849.8 -224.326
16861.9 -226.392
16873.9 -228.417
16885.9 -230.397
16897.9 -232.059
16909.9 -232.922
16921.9 -233.732
16933.9 -234.486
16945.9 -235.183
16958 -235.819
16970 -236.392
16982 -236.901
16994 -237.344
17006 -237.731
17018 -238.062
17030 -238.32
17042 -238.504
17054.1 -238.612
17066.1 -238.643
17078.1 -238.595
17090.1 -238.468
17102.1 -238.259
17114.1 -238.296
17126.1 -238.369
17138.1 -238.36
17150.2 -238.267
17162.2 -238.091
17174.2 -237.832
17186.2 -237.489
17198.2 -237.063
17210.2 -236.553
17222.2 -236.336
17234.2 -236.047
17246.2 -235.677
17258.3 -235.227
17270.3 -234.699
17282.3 -234.093
17294.3 -233.411
17306.3 -232.655
17318.3 -231.979
17330.3 -231.816
17342.3 -231.585
17354.4 -231.287
17366.4 -230.923
17378.4 -230.498
17390.4 -230.011
17402.4 -229.466
17414.4 -228.864
17426.4 -228.433
17438.4 -228.233
17450.5 -227.985
17462.5 -227.69
17474.5 -227.351
17486.5 -226.971
17498.5 -226.551
17510.5 -226.095
17522.5 -225.605
17534.5 -224.282
17546.5 -222.559
17558.6 -220.808
17570.6 -219.031
17582.6 -217.229
17594.6 -215.405
17606.6 -213.56
17618.6 -211.698
17630.6 -209.82
17642.6 -207.565
17654.7 -205.265
17666.7 -202.955
17678.7 -200.636
17690.7 -198.31
17702.7 -195.978
17714.7 -193.643
17726.7 -191.306
17738.7 -188.911
17750.8 -186.223
17762.8 -183.537
17774.8 -180.854
17786.8 -178.175
17798.8 -175.501
17810.8 -172.834
17822.8 -170.174
17834.8 -167.523
17846.8 -165.136
17858.9 -163.151
17870.9 -161.179
17882.9 -159.219
17894.9 -157.272
17906.9 -155.34
17918.9 -153.423
17930.9 -151.521
17942.9 -149.635
17955 -147.765
17967 -145.912
17979 -144.076
17991 -142.258
18003 -140.458
18015 -138.677
18027 -136.914
18039 -135.169
18051.1 -133.443
18063.1 -131.737
18075.1 -130.05
18087.1 -128.382
18099.1 -126.734
18111.1 -125.105
18123.1 -123.496
18135.1 -121.906
18147.1 -120.336
18159.2 -118.786
18171.2 -117.255
18183.2 -115.744
18195.2 -114.252
18207.2 -112.78
18219.2 -111.327
18231.2 -109.893
18243.2 -108.479
18255.3 -107.083
18267.3 -105.706
18279.3 -104.348
18291.3 -103.009
18303.3 -101.688
18315.3 -100.386
18327.3 -99.1011
18339.3 -97.8345
18351.4 -96.5857
18363.4 -95.3546
18375.4 -94.1408
18387.4 -92.9443
18399.4 -91.7647
18411.4 -90.6021
18423.4 -89.456
18435.4 -88.3264
18447.4 -87.2131
18459.5 -86.1158
18471.5 -85.0343
18483.5 -83.9684
18495.5 -82.918
18507.5 -81.8828
18519.5 -80.8627
18531.5 -79.8573
18543.5 -78.8666
18555.6 -77.8902
18567.6 -76.9281
18579.6 -75.98
18591.6 -75.0457
18603.6 -74.1249
18615.6 -73.2176
18627.6 -72.3235
18639.6 -71.4425
18651.7 -70.5742
18663.7 -69.7185
18675.7 -68.8753
18687.7 -68.0444
18699.7 -67.2255
18711.7 -66.4185
18723.7 -65.6232
18735.7 -64.8394
18747.7 -64.0669
18759.8 -63.3056
18771.8 -62.5553
18783.8 -61.8158
18795.8 -61.087
18807.8 -60.3686
18819.8 -59.6605
18831.8 -58.9626
18843.8 -58.2747
18855.9 -57.5966
18867.9 -56.9282
18879.9 -56.2692
18891.9 -55.6197
18903.9 -54.9794
18915.9 -54.3481
18927.9 -53.7258
18939.9 -53.1122
18952 -52.5073
18964 -51.9109
18976 -51.3229
18988 -50.7431
19000 -50.1714
