7000 -104.389
7012.01 -104.011
7024.02 -103.599
7036.04 -103.152
7048.05 -102.673
7060.06 -102.16
7072.07 -101.615
7084.08 -101.037
7096.1 -100.427
7108.11 -99.7856
7120.12 -99.1134
7132.13 -98.4108
7144.14 -97.6784
7156.16 -96.9168
7168.17 -96.1266
7180.18 -95.3085
7192.19 -94.4632
7204.2 -93.5912
7216.22 -92.6935
7228.23 -91.7706
7240.24 -90.8234
7252.25 -89.8526
7264.26 -88.859
7276.28 -87.8434
7288.29 -86.8066
7300.3 -85.7494
7312.31 -84.6725
7324.32 -83.5769
7336.34 -82.4633
7348.35 -81.3326
7360.36 -80.1855
7372.37 -79.023
7384.38 -77.8457
7396.4 -76.6546
7408.41 -75.4505
7420.42 -74.234
7432.43 -73.0061
7444.44 -71.7676
7456.46 -70.5191
7468.47 -69.2615
7480.48 -67.9956
7492.49 -66.722
7504.5 -65.4415
7516.52 -64.1549
7528.53 -62.8628
7540.54 -61.5659
7552.55 -60.265
7564.56 -58.9607
7576.58 -57.6536
7588.59 -56.3444
7600.6 -55.0338
7612.61 -53.7222
7624.62 -52.4104
7636.64 -51.0765
7648.65 -49.7125
7660.66 -48.3498
7672.67 -46.9888
7684.68 -45.6302
7696.7 -44.2744
7708.71 -42.9219
7720.72 -41.5732
7732.73 -40.2287
7744.74 -39.0934
7756.76 -38.0703
7768.77 -37.0537
7780.78 -36.044
7792.79 -35.0416
7804.8 -34.0468
7816.82 -33.0602
7828.83 -32.0819
7840.84 -31.1123
7852.85 -30.2625
7864.86 -29.4355
7876.88 -28.6186
7888.89 -27.812
7900.9 -27.0161
7912.91 -26.2311
7924.92 -25.4572
7936.94 -24.6947
7948.95 -23.8483
7960.96 -22.3816
7972.97 -20.9247
7984.98 -19.478
7997 -18.0415
8009.01 -16.6155
8021.02 -15.2002
8033.03 -13.7957
8045.05 -12.4022
8057.06 -11.4583
8069.07 -11.2792
8081.08 -11.1151
8093.09 -10.9662
8105.11 -10.8324
8117.12 -10.714
8129.13 -10.6111
8141.14 -10.5237
8153.15 -10.4519
8165.17 -8.79095
8177.18 -6.09453
8189.19 -3.40618
8201.2 -0.725969
8213.21 1.94604
8225.23 4.6098
8237.24 7.26525
8249.25 9.91238
8261.26 12.5511
8273.27 12.1051
8285.29 11.0633
8297.3 10.0025
8309.31 8.92265
8321.32 7.8237
8333.33 6.7057
8345.35 5.56864
8357.36 4.41253
8369.37 3.68327
8381.38 8.13947
8393.39 12.5929
8405.41 17.0435
8417.42 21.4914
8429.43 25.9367
8441.44 30.3793
8453.45 34.8193
8465.47 39.2567
8477.48 41.0867
8489.49 37.2639
8501.5 33.4154
8513.51 29.5413
8525.53 25.6416
8537.54 21.7164
8549.55 17.7658
8561.56 13.7899
8573.57 9.7888
8585.59 8.23506
8597.6 8.66933
8609.61 9.09119
8621.62 9.50072
8633.63 9.89804
8645.65 10.2833
8657.66 10.6565
8669.67 11.0178
8681.68 11.3673
8693.69 11.7052
8705.71 12.0316
8717.72 12.3465
8729.73 12.6502
8741.74 12.9427
8753.75 13.2241
8765.77 13.4947
8777.78 13.7545
8789.79 14.0036
8801.8 14.2423
8813.81 14.4705
8825.83 14.6886
8837.84 14.8965
8849.85 15.0945
8861.86 15.2827
8873.87 15.4612
8885.89 15.6302
8897.9 15.7897
8909.91 15.9401
8921.92 16.0813
8933.93 16.2136
8945.95 16.3371
8957.96 16.452
8969.97 16.5583
8981.98 16.6562
8993.99 16.7459
9006.01 16.8275
9018.02 16.9012
9030.03 16.9671
9042.04 17.0253
9054.05 17.0761
9066.07 17.1194
9078.08 17.1556
9090.09 17.1846
9102.1 17.2068
9114.11 17.2221
9126.13 17.2307
9138.14 17.2329
9150.15 17.2287
9162.16 17.2182
9174.17 17.2016
9186.19 17.179
9198.2 17.1506
9210.21 17.1165
9222.22 17.0768
9234.23 17.0316
9246.25 16.9811
9258.26 16.9254
9270.27 16.8647
9282.28 16.799
9294.29 16.7284
9306.31 16.6532
9318.32 16.5734
9330.33 16.4891
9342.34 16.4004
9354.35 16.3075
9366.37 16.2105
9378.38 16.1095
9390.39 16.0045
9402.4 15.8958
9414.41 15.7834
9426.43 15.6673
9438.44 15.5478
9450.45 15.4249
9462.46 15.2988
9474.47 15.1694
9486.49 15.0369
9498.5 14.9015
9510.51 14.7631
9522.52 14.6219
9534.53 14.478
9546.55 14.3315
9558.56 14.1824
9570.57 14.0308
9582.58 13.8768
9594.59 13.7206
9606.61 13.5621
9618.62 13.4014
9630.63 13.2387
9642.64 13.074
9654.65 12.9074
9666.67 12.7389
9678.68 12.5686
9690.69 12.3966
9702.7 12.2229
9714.71 12.0476
9726.73 11.8709
9738.74 11.6926
9750.75 11.513
9762.76 11.332
9774.77 11.1497
9786.79 10.9662
9798.8 10.7815
9810.81 10.5956
9822.82 10.4087
9834.83 10.2208
9846.85 10.0319
9858.86 9.84209
9870.87 9.65138
9882.88 9.45983
9894.89 9.2675
9906.91 9.07441
9918.92 8.88062
9930.93 8.68615
9942.94 8.49106
9954.95 8.29538
9966.97 8.09914
9978.98 7.90238
9990.99 7.70514
10003 7.50745
10015 7.30934
10027 7.11084
10039 6.91199
10051.1 6.71281
10063.1 6.51333
10075.1 6.31358
10087.1 6.11358
10099.1 5.91337
10111.1 5.71296
10123.1 5.51238
10135.1 5.31166
10147.1 5.11081
10159.2 4.90986
10171.2 4.70882
10183.2 4.50772
10195.2 4.30658
10207.2 4.10542
10219.2 3.90424
10231.2 3.70308
10243.2 3.50193
10255.3 3.30084
10267.3 3.09979
10279.3 2.89882
10291.3 2.69793
10303.3 2.49713
10315.3 2.29644
10327.3 2.09588
10339.3 1.89544
10351.4 1.69515
10363.4 1.49501
10375.4 1.29503
10387.4 1.09522
10399.4 0.895591
10411.4 0.696148
10423.4 0.4969
10435.4 0.297853
10447.4 0.0990138
10459.5 -0.0996111
10471.5 -0.298016
10483.5 -0.496196
10495.5 -0.694147
10507.5 -0.891863
10519.5 -1.08934
10531.5 -1.28658
10543.5 -1.48357
10555.6 -1.68031
10567.6 -1.8768
10579.6 -2.07304
10591.6 -2.26902
10603.6 -2.46475
10615.6 -2.66022
10627.6 -2.85543
10639.6 -3.05038
10651.7 -3.24507
10663.7 -3.4395
10675.7 -3.63367
10687.7 -3.82758
10699.7 -4.02124
10711.7 -4.21463
10723.7 -4.40777
10735.7 -4.60066
10747.7 -4.79329
10759.8 -4.98566
10771.8 -5.17779
10783.8 -5.36967
10795.8 -5.56131
10807.8 -5.7527
10819.8 -5.94386
10831.8 -6.13478
10843.8 -6.32546
10855.9 -6.51591
10867.9 -6.70614
10879.9 -6.89615
10891.9 -7.08593
10903.9 -7.2755
10915.9 -7.46486
10927.9 -7.65401
10939.9 -7.84296
10952 -8.03172
10964 -8.22027
10976 -8.40864
10988 -8.59683
11000 -8.78484
11012 -8.97267
11024 -9.16033
11036 -9.34783
11048 -9.53517
11060.1 -9.72236
11072.1 -9.9094
11084.1 -10.0963
11096.1 -10.2831
11108.1 -10.2641
11120.1 -9.56981
11132.1 -8.87353
11144.1 -8.17524
11156.2 -7.47493
11168.2 -6.77262
11180.2 -6.06832
11192.2 -5.36202
11204.2 -4.65373
11216.2 -4.38768
11228.2 -4.61037
11240.2 -4.8331
11252.3 -5.05586
11264.3 -5.27867
11276.3 -5.50153
11288.3 -5.72444
11300.3 -5.94742
11312.3 -6.17046
11324.3 -6.5539
11336.3 -7.00341
11348.3 -7.45349
11360.4 -7.90414
11372.4 -8.35537
11384.4 -8.80719
11396.4 -9.25959
11408.4 -9.71259
11420.4 -10.1662
11432.4 -10.4147
11444.4 -10.6511
11456.5 -10.8876
11468.5 -11.1243
11480.5 -11.3611
11492.5 -11.5982
11504.5 -11.8354
11516.5 -12.0728
11528.5 -12.1389
11540.5 -11.4513
11552.6 -10.762
11564.6 -10.0709
11576.6 -9.37813
11588.6 -8.68366
11600.6 -7.9875
11612.6 -7.28964
11624.6 -6.59009
11636.6 -5.43098
11648.6 -3.63447
11660.7 -1.83404
11672.7 -0.0296781
11684.7 1.7786
11696.7 3.59079
11708.7 5.40689
11720.7 7.22689
11732.7 9.0508
11744.7 11.1295
11756.8 13.3411
11768.8 15.5574
11780.8 17.7783
11792.8 20.0039
11804.8 22.2342
11816.8 24.4691
11828.8 26.7086
11840.8 28.9528
11852.9 31.1141
11864.9 33.2696
11876.9 35.4296
11888.9 37.5939
11900.9 39.7627
11912.9 41.936
11924.9 44.1136
11936.9 46.2957
11948.9 48.3705
11961 49.694
11973 51.0201
11985 52.3488
11997 53.6803
12009 55.0145
12021 56.3513
12033 57.6909
12045 59.0331
12057.1 59.8018
12069.1 59.5945
12081.1 59.3867
12093.1 59.1786
12105.1 58.97
12117.1 58.7611
12129.1 58.5517
12141.1 58.342
12153.2 58.1319
12165.2 56.537
12177.2 54.0337
12189.2 51.5254
12201.2 49.0123
12213.2 46.4942
12225.2 43.9713
12237.2 41.4435
12249.2 38.9108
12261.3 36.3733
12273.3 32.9249
12285.3 29.2954
12297.3 25.659
12309.3 22.0155
12321.3 18.3652
12333.3 14.7079
12345.3 11.0436
12357.4 7.37245
12369.4 3.64177
12381.4 -0.695565
12393.4 -5.04107
12405.4 -9.39472
12417.4 -13.7565
12429.4 -18.1264
12441.4 -22.5045
12453.5 -26.8907
12465.5 -31.2849
12477.5 -35.408
12489.5 -38.9292
12501.5 -42.4567
12513.5 -45.9906
12525.5 -49.5308
12537.5 -53.0773
12549.5 -56.6302
12561.6 -60.1892
12573.6 -63.7546
12585.6 -66.631
12597.6 -68.9579
12609.6 -71.2887
12621.6 -73.6232
12633.6 -75.9616
12645.6 -78.3037
12657.7 -80.6496
12669.7 -82.9992
12681.7 -85.3526
12693.7 -85.5274
12705.7 -85.1224
12717.7 -84.7158
12729.7 -84.3076
12741.7 -83.8978
12753.8 -83.4863
12765.8 -83.0732
12777.8 -82.6584
12789.8 -82.1657
12801.8 -78.5826
12813.8 -74.9918
12825.8 -71.3933
12837.8 -67.7871
12849.8 -64.1731
12861.9 -60.5513
12873.9 -56.9217
12885.9 -53.2842
12897.9 -49.4819
12909.9 -45.2385
12921.9 -40.986
12933.9 -36.7244
12945.9 -32.4538
12958 -28.1741
12970 -23.8852
12982 -19.5872
12994 -15.28
13006 -11.3835
13018 -7.89901
13030 -4.40677
13042 -0.906769
13054.1 2.60102
13066.1 6.11661
13078.1 9.64006
13090.1 13.1714
13102.1 16.7106
13114.1 18.4024
13126.1 19.4251
13138.1 20.4511
13150.2 21.4805
13162.2 22.5133
13174.2 23.5496
13186.2 24.5894
13198.2 25.6327
13210.2 26.6795
13222.2 25.3388
13234.2 23.9382
13246.2 22.5367
13258.3 21.1345
13270.3 19.7316
13282.3 18.3279
13294.3 16.9235
13306.3 15.5185
13318.3 13.6739
13330.3 10.1722
13342.3 6.66607
13354.4 3.15564
13366.4 -0.359088
13378.4 -3.87808
13390.4 -7.40131
13402.4 -10.9288
13414.4 -14.4604
13426.4 -18.1332
13438.4 -21.9826
13450.5 -25.8367
13462.5 -29.6954
13474.5 -33.5587
13486.5 -37.4266
13498.5 -41.299
13510.5 -45.176
13522.5 -49.0575
13534.5 -51.8453
13546.5 -54.1313
13558.6 -56.4189
13570.6 -58.7082
13582.6 -60.999
13594.6 -63.2913
13606.6 -65.5852
13618.6 -67.8807
13630.6 -70.1776
13642.6 -70.585
13654.7 -70.8245
13666.7 -71.0618
13678.7 -71.2969
13690.7 -71.5298
13702.7 -71.7606
13714.7 -71.9891
13726.7 -72.2154
13738.7 -72.0404
13750.8 -69.7873
13762.8 -67.5277
13774.8 -65.2614
13786.8 -62.9886
13798.8 -60.7092
13810.8 -58.4232
13822.8 -56.1306
13834.8 -53.8314
13846.8 -50.953
13858.9 -47.1898
13870.9 -43.4176
13882.9 -39.6362
13894.9 -35.8457
13906.9 -32.0462
13918.9 -28.2375
13930.9 -24.4197
13942.9 -20.5929
13955 -17.0716
13967 -13.7277
13979 -10.3755
13991 -7.01508
14003 -3.64652
14015 -0.269774
14027 3.11513
14039 6.50818
14051.1 9.90937
14063.1 10.9906
14075.1 11.7311
14087.1 12.475
14099.1 13.2225
14111.1 13.9735
14123.1 14.7279
14135.1 15.4858
14147.1 16.2472
14159.2 16.5833
14171.2 13.258
14183.2 9.92925
14195.2 6.59689
14207.2 3.26093
14219.2 -0.0786602
14231.2 -3.42189
14243.2 -6.76879
14255.3 -10.1194
14267.3 -13.886
14279.3 -18.4632
14291.3 -23.0461
14303.3 -27.6349
14315.3 -32.2296
14327.3 -36.8302
14339.3 -41.4366
14351.4 -46.0491
14363.4 -50.6675
14375.4 -54.4125
14387.4 -57.5266
14399.4 -60.6442
14411.4 -63.7654
14423.4 -66.8902
14435.4 -70.0186
14447.4 -73.1506
14459.5 -76.2863
14471.5 -79.4257
14483.5 -79.1036
14495.5 -77.9896
14507.5 -76.8724
14519.5 -75.7518
14531.5 -74.6281
14543.5 -73.5012
14555.6 -72.3712
14567.6 -71.238
14579.6 -69.8933
14591.6 -65.0658
14603.6 -60.2291
14615.6 -55.3834
14627.6 -50.5286
14639.6 -45.6649
14651.7 -40.7921
14663.7 -35.9104
14675.7 -31.0197
14687.7 -25.8827
14699.7 -20.1556
14711.7 -14.4183
14723.7 -8.67081
14735.7 -2.91322
14747.7 2.85446
14759.8 8.63221
14771.8 14.42
14783.8 20.2178
14795.8 24.2524
14807.8 26.6827
14819.8 29.1174
14831.8 31.5566
14843.8 34.0002
14855.9 36.4481
14867.9 38.9004
14879.9 41.3569
14891.9 43.8178
14903.9 41.0145
14915.9 36.5984
14927.9 32.1754
14939.9 27.7454
14952 23.3086
14964 18.8648
14976 14.4141
14988 9.95632
15000 5.49157
15012 0.842184
15024 -3.81455
15036 -8.47863
15048 -13.1501
15060.1 -17.829
15072.1 -22.5153
15084.1 -27.209
15096.1 -31.9102
15108.1 -36.0865
15120.1 -38.5233
15132.1 -40.9641
15144.1 -43.4087
15156.2 -45.8572
15168.2 -48.3098
15180.2 -50.7662
15192.2 -53.2267
15204.2 -55.6911
15216.2 -57.5219
15228.2 -58.6527
15240.2 -59.7855
15252.3 -60.9202
15264.3 -62.0569
15276.3 -63.1955
15288.3 -64.3362
15300.3 -65.4788
15312.3 -66.6235
15324.3 -65.2534
15336.3 -62.851
15348.3 -60.445
15360.4 -58.0356
15372.4 -55.6227
15384.4 -53.2063
15396.4 -50.7864
15408.4 -48.3631
15420.4 -45.9363
15432.4 -39.9584
15444.4 -33.7586
15456.5 -27.5495
15468.5 -21.3312
15480.5 -15.1037
15492.5 -8.86688
15504.5 -2.62087
15516.5 3.63436
15528.5 9.23387
15540.5 11.9202
15552.6 14.6101
15564.6 17.3037
15576.6 20.0009
15588.6 22.7017
15600.6 25.4062
15612.6 28.1143
15624.6 30.8259
15636.6 31.0035
15648.6 27.6633
15660.7 24.3175
15672.7 20.966
15684.7 17.6087
15696.7 14.2458
15708.7 10.877
15720.7 7.50259
15732.7 4.12241
15744.7 0.0674242
15756.8 -4.33711
15768.8 -8.74893
15780.8 -13.1681
15792.8 -17.5945
15804.8 -22.0282
15816.8 -26.4693
15828.8 -30.9176
15840.8 -35.3733
15852.9 -38.0015
15864.9 -40.4193
15876.9 -42.8413
15888.9 -45.2675
15900.9 -47.6979
15912.9 -50.1325
15924.9 -52.5714
15936.9 -55.0145
15948.9 -56.8796
15961 -54.8124
15973 -52.7426
15985 -50.6702
15997 -48.5953
16009 -46.5178
16021 -44.4377
16033 -42.3551
16045 -40.2699
16057.1 -36.5702
16069.1 -30.131
16081.1 -23.6828
16093.1 -17.2256
16105.1 -10.7592
16117.1 -4.28385
16129.1 2.20059
16141.1 8.69408
16153.2 15.1966
16165.2 19.9001
16177.2 23.4278
16189.2 26.96
16201.2 30.4968
16213.2 34.0383
16225.2 37.5844
16237.2 41.1351
16249.2 44.6904
16261.3 48.2504
16273.3 45.2748
16285.3 41.0344
16297.3 36.7872
16309.3 32.5331
16321.3 28.2721
16333.3 24.0042
16345.3 19.7294
16357.4 15.4478
16369.4 11.0296
16381.4 5.12623
16393.4 -0.786341
16405.4 -6.70815
16417.4 -12.6392
16429.4 -18.5795
16441.4 -24.529
16453.5 -30.4878
16465.5 -36.4558
16477.5 -41.5437
16489.5 -44.6997
16501.5 -47.8608
16513.5 -51.027
16525.5 -54.1984
16537.5 -57.3748
16549.5 -60.5563
16561.6 -63.7429
16573.6 -66.9346
16585.6 -66.8266
16597.6 -64.0842
16609.6 -61.3382
16621.6 -58.5887
16633.6 -55.8357
16645.6 -53.0792
16657.7 -50.3192
16669.7 -47.5556
16681.7 -44.7885
16693.7 -38.8474
16705.7 -32.0565
16717.7 -25.2563
16729.7 -18.4468
16741.7 -11.6281
16753.8 -4.79997
16765.8 2.03743
16777.8 8.88414
16789.8 15.6506
16801.8 18.8028
16813.8 21.959
16825.8 25.1192
16837.8 28.2834
16849.8 31.4516
16861.9 34.6238
16873.9 37.8
16885.9 40.9803
16897.9 41.8695
16909.9 36.4295
16921.9 30.9813
16933.9 25.5248
16945.9 20.06
16958 14.5871
16970 9.10594
16982 3.61656
16994 -1.88104
17006 -7.61816
17018 -13.5953
17030 -19.5813
17042 -25.5761
17054.1 -31.5798
17066.1 -37.5924
17078.1 -43.6138
17090.1 -49.6441
17102.1 -55.6832
17114.1 -58.1952
17126.1 -59.4272
17138.1 -60.6613
17150.2 -61.8974
17162.2 -63.1357
17174.2 -64.376
17186.2 -65.6184
17198.2 -66.8628
17210.2 -68.1093
17222.2 -64.5527
17234.2 -60.8725
17246.2 -57.1875
17258.3 -53.4978
17270.3 -49.8032
17282.3 -46.1038
17294.3 -42.3996
17306.3 -38.6905
17318.3 -34.8123
17330.3 -30.3087
17342.3 -25.7992
17354.4 -21.2838
17366.4 -16.7626
17378.4 -12.2353
17390.4 -7.70222
17402.4 -3.16318
17414.4 1.38178
17426.4 3.97504
17438.4 4.11266
17450.5 4.25013
17462.5 4.38743
17474.5 4.52458
17486.5 4.66157
17498.5 4.79841
17510.5 4.9351
17522.5 5.07163
17534.5 1.96359
17546.5 -2.63841
17558.6 -7.24703
17570.6 -11.8623
17582.6 -16.4842
17594.6 -21.1127
17606.6 -25.7478
17618.6 -30.3895
17630.6 -35.0379
17642.6 -39.0182
17654.7 -42.9449
17666.7 -46.8773
17678.7 -50.8152
17690.7 -54.7588
17702.7 -58.708
17714.7 -62.6628
17726.7 -66.6232
17738.7 -68.8111
17750.8 -61.7578
17762.8 -54.6951
17774.8 -47.6231
17786.8 -40.5418
17798.8 -33.4512
17810.8 -26.3512
17822.8 -19.2419
17834.8 -12.1233
17846.8 -7.79911
17858.9 -7.7635
17870.9 -7.72811
17882.9 -7.69293
17894.9 -7.65797
17906.9 -7.62322
17918.9 -7.58868
17930.9 -7.55436
17942.9 -7.52024
17955 -7.48633
17967 -7.45262
17979 -7.41912
17991 -7.38582
18003 -7.35273
18015 -7.31983
18027 -7.28714
18039 -7.25464
18051.1 -7.22233
18063.1 -7.19022
18075.1 -7.15831
18087.1 -7.12659
18099.1 -7.09505
18111.1 -7.06371
18123.1 -7.03255
18135.1 -7.00158
18147.1 -6.9708
18159.2 -6.9402
18171.2 -6.90978
18183.2 -6.87955
18195.2 -6.84949
18207.2 -6.81962
18219.2 -6.78992
18231.2 -6.7604
18243.2 -6.73105
18255.3 -6.70188
18267.3 -6.67288
18279.3 -6.64405
18291.3 -6.61539
18303.3 -6.5869
18315.3 -6.55858
18327.3 -6.53043
18339.3 -6.50244
18351.4 -6.47462
18363.4 -6.44696
18375.4 -6.41946
18387.4 -6.39212
18399.4 -6.36494
18411.4 -6.33793
18423.4 -6.31107
18435.4 -6.28436
18447.4 -6.25782
18459.5 -6.23142
18471.5 -6.20518
18483.5 -6.1791
18495.5 -6.15316
18507.5 -6.12738
18519.5 -6.10174
18531.5 -6.07625
18543.5 -6.05091
18555.6 -6.02572
18567.6 -6.00067
18579.6 -5.97576
18591.6 -5.951
18603.6 -5.92638
18615.6 -5.9019
18627.6 -5.87757
18639.6 -5.85337
18651.7 -5.82931
18663.7 -5.80538
18675.7 -5.7816
18687.7 -5.75795
18699.7 -5.73443
18711.7 -5.71105
18723.7 -5.6878
18735.7 -5.66468
18747.7 -5.64169
18759.8 -5.61883
18771.8 -5.5961
18783.8 -5.5735
18795.8 -5.55103
18807.8 -5.52869
18819.8 -5.50646
18831.8 -5.48437
18843.8 -5.4624
18855.9 -5.44055
18867.9 -5.41882
18879.9 -5.39722
18891.9 -5.37573
18903.9 -5.35437
18915.9 -5.33312
18927.9 -5.31199
18939.9 -5.29098
18952 -5.27009
18964 -5.24931
18976 -5.22865
18988 -5.2081
19000 -5.18766
