7000 -95.8058
7012.01 -96.8051
7024.02 -97.7625
7036.04 -98.6759
7048.05 -99.5432
7060.06 -100.362
7072.07 -101.131
7084.08 -101.847
7096.1 -102.508
7108.11 -103.112
7120.12 -103.658
7132.13 -104.143
7144.14 -104.566
7156.16 -104.925
7168.17 -105.217
7180.18 -105.442
7192.19 -105.597
7204.2 -105.681
7216.22 -105.694
7228.23 -105.633
7240.24 -105.497
7252.25 -105.286
7264.26 -104.998
7276.28 -104.632
7288.29 -104.189
7300.3 -103.666
7312.31 -103.065
7324.32 -102.383
7336.34 -101.622
7348.35 -100.781
7360.36 -99.8598
7372.37 -98.859
7384.38 -97.7788
7396.4 -96.6196
7408.41 -95.3819
7420.42 -94.0662
7432.43 -92.6735
7444.44 -91.2046
7456.46 -89.6603
7468.47 -88.0419
7480.48 -86.3505
7492.49 -84.5874
7504.5 -82.7538
7516.52 -80.8512
7528.53 -78.8812
7540.54 -76.8453
7552.55 -74.7451
7564.56 -72.5823
7576.58 -70.3587
7588.59 -68.076
7600.6 -65.736
7612.61 -63.3407
7624.62 -60.8918
7636.64 -58.4135
7648.65 -55.9163
7660.66 -53.3714
7672.67 -50.7807
7684.68 -48.1462
7696.7 -45.4699
7708.71 -42.7535
7720.72 -39.999
7732.73 -37.2082
7744.74 -34.2185
7756.76 -31.1101
7768.77 -27.9701
7780.78 -24.8003
7792.79 -21.6022
7804.8 -18.3777
7816.82 -15.1283
7828.83 -11.8556
7840.84 -8.56111
7852.85 -5.56805
7864.86 -2.59524
7876.88 0.393859
7888.89 3.39789
7900.9 6.41556
7912.91 9.44559
7924.92 12.4868
7936.94 15.538
7948.95 18.5653
7960.96 21.3832
7972.97 24.2073
7984.98 27.0364
7997 29.8697
8009.01 32.7063
8021.02 35.5455
8033.03 38.3863
8045.05 41.2281
8057.06 44.1245
8069.07 47.114
8081.08 50.1029
8093.09 53.0907
8105.11 56.0768
8117.12 59.0608
8129.13 62.0422
8141.14 65.0205
8153.15 67.9954
8165.17 71.5189
8177.18 75.4001
8189.19 79.2796
8201.2 83.157
8213.21 87.0322
8225.23 90.9048
8237.24 94.7748
8249.25 98.642
8261.26 102.506
8273.27 104.929
8285.29 107.075
8297.3 109.212
8309.31 111.341
8321.32 113.462
8333.33 115.574
8345.35 117.677
8357.36 119.772
8369.37 122.103
8381.38 127.274
8393.39 132.446
8405.41 137.619
8417.42 142.791
8429.43 147.965
8441.44 153.139
8453.45 158.313
8465.47 163.489
8477.48 166.893
8489.49 166.455
8501.5 166.001
8513.51 165.533
8525.53 165.05
8537.54 164.553
8549.55 164.041
8561.56 163.515
8573.57 162.975
8585.59 164.417
8597.6 167.47
8609.61 170.52
8621.62 173.565
8633.63 176.608
8645.65 179.647
8657.66 182.683
8669.67 185.716
8681.68 188.746
8693.69 191.773
8705.71 194.798
8717.72 197.82
8729.73 200.84
8741.74 203.857
8753.75 206.873
8765.77 209.886
8777.78 212.897
8789.79 215.907
8801.8 218.915
8813.81 221.921
8825.83 224.925
8837.84 227.929
8849.85 230.931
8861.86 233.931
8873.87 236.931
8885.89 239.929
8897.9 242.927
8909.91 245.923
8921.92 248.919
8933.93 251.914
8945.95 254.908
8957.96 257.901
8969.97 260.894
8981.98 263.887
8993.99 266.878
9006.01 269.869
9018.02 272.86
9030.03 275.85
9042.04 278.84
9054.05 281.83
9066.07 284.819
9078.08 287.807
9090.09 290.795
9102.1 293.783
9114.11 296.77
9126.13 299.757
9138.14 302.743
9150.15 305.729
9162.16 308.714
9174.17 311.699
9186.19 314.683
9198.2 317.666
9210.21 320.649
9222.22 323.63
9234.23 326.611
9246.25 329.59
9258.26 332.569
9270.27 335.546
9282.28 338.522
9294.29 341.497
9306.31 344.47
9318.32 347.442
9330.33 350.412
9342.34 353.38
9354.35 356.346
9366.37 359.31
9378.38 362.271
9390.39 365.23
9402.4 368.186
9414.41 371.14
9426.43 374.091
9438.44 377.038
9450.45 379.982
9462.46 382.923
9474.47 385.86
9486.49 388.793
9498.5 391.722
9510.51 394.646
9522.52 397.566
9534.53 400.481
9546.55 403.391
9558.56 406.296
9570.57 409.195
9582.58 412.088
9594.59 414.975
9606.61 417.856
9618.62 420.731
9630.63 423.598
9642.64 426.458
9654.65 429.311
9666.67 432.156
9678.68 434.993
9690.69 437.822
9702.7 440.642
9714.71 443.453
9726.73 446.255
9738.74 449.048
9750.75 451.83
9762.76 454.602
9774.77 457.363
9786.79 460.114
9798.8 462.853
9810.81 465.581
9822.82 468.296
9834.83 471
9846.85 473.69
9858.86 476.368
9870.87 479.032
9882.88 481.682
9894.89 484.318
9906.91 486.94
9918.92 489.546
9930.93 492.137
9942.94 494.713
9954.95 497.272
9966.97 499.815
9978.98 502.342
9990.99 504.85
10003 507.342
10015 509.815
10027 512.27
10039 514.705
10051.1 517.122
10063.1 519.519
10075.1 521.896
10087.1 524.253
10099.1 526.589
10111.1 528.903
10123.1 531.196
10135.1 533.467
10147.1 535.716
10159.2 537.942
10171.2 540.144
10183.2 542.323
10195.2 544.478
10207.2 546.609
10219.2 548.715
10231.2 550.796
10243.2 552.852
10255.3 554.882
10267.3 556.885
10279.3 558.862
10291.3 560.812
10303.3 562.735
10315.3 564.631
10327.3 566.498
10339.3 568.337
10351.4 570.147
10363.4 571.928
10375.4 573.681
10387.4 575.403
10399.4 577.095
10411.4 578.758
10423.4 580.39
10435.4 581.99
10447.4 583.56
10459.5 585.099
10471.5 586.605
10483.5 588.08
10495.5 589.523
10507.5 590.933
10519.5 592.311
10531.5 593.656
10543.5 594.967
10555.6 596.245
10567.6 597.49
10579.6 598.701
10591.6 599.878
10603.6 601.021
10615.6 602.129
10627.6 603.203
10639.6 604.243
10651.7 605.248
10663.7 606.218
10675.7 607.153
10687.7 608.053
10699.7 608.917
10711.7 609.746
10723.7 610.54
10735.7 611.299
10747.7 612.022
10759.8 612.709
10771.8 613.361
10783.8 613.977
10795.8 614.557
10807.8 615.102
10819.8 615.611
10831.8 616.084
10843.8 616.522
10855.9 616.924
10867.9 617.29
10879.9 617.621
10891.9 617.916
10903.9 618.176
10915.9 618.4
10927.9 618.589
10939.9 618.743
10952 618.862
10964 618.946
10976 618.996
10988 619.01
11000 618.99
11012 618.935
11024 618.847
11036 618.724
11048 618.567
11060.1 618.377
11072.1 618.153
11084.1 617.896
11096.1 617.606
11108.1 617.752
11120.1 619.41
11132.1 621.04
11144.1 622.642
11156.2 624.216
11168.2 625.763
11180.2 627.283
11192.2 628.776
11204.2 630.243
11216.2 631.644
11228.2 632.976
11240.2 634.282
11252.3 635.563
11264.3 636.818
11276.3 638.049
11288.3 639.255
11300.3 640.436
11312.3 641.594
11324.3 643.635
11336.3 646.025
11348.3 648.396
11360.4 650.747
11372.4 653.078
11384.4 655.39
11396.4 657.683
11408.4 659.958
11420.4 662.215
11432.4 660.926
11444.4 659.4
11456.5 657.85
11468.5 656.275
11480.5 654.676
11492.5 653.054
11504.5 651.408
11516.5 649.739
11528.5 648.317
11540.5 648.06
11552.6 647.783
11564.6 647.489
11576.6 647.176
11588.6 646.845
11600.6 646.498
11612.6 646.133
11624.6 645.752
11636.6 645.132
11648.6 644.187
11660.7 643.226
11672.7 642.249
11684.7 641.256
11696.7 640.247
11708.7 639.224
11720.7 638.186
11732.7 637.133
11744.7 634.903
11756.8 632.059
11768.8 629.199
11780.8 626.322
11792.8 623.43
11804.8 620.521
11816.8 617.598
11828.8 614.659
11840.8 611.705
11852.9 609.49
11864.9 607.35
11876.9 605.198
11888.9 603.035
11900.9 600.86
11912.9 598.675
11924.9 596.479
11936.9 594.272
11948.9 592.023
11961 589.543
11973 587.053
11985 584.553
11997 582.045
12009 579.527
12021 577.001
12033 574.467
12045 571.924
12057.1 569.977
12069.1 569.046
12081.1 568.112
12093.1 567.174
12105.1 566.232
12117.1 565.288
12129.1 564.341
12141.1 563.391
12153.2 562.439
12165.2 559.581
12177.2 555.472
12189.2 551.355
12201.2 547.23
12213.2 543.099
12225.2 538.961
12237.2 534.815
12249.2 530.664
12261.3 526.506
12273.3 524.589
12285.3 523.104
12297.3 521.618
12309.3 520.132
12321.3 518.646
12333.3 517.16
12345.3 515.675
12357.4 514.191
12369.4 512.696
12381.4 511.068
12393.4 509.442
12405.4 507.817
12417.4 506.193
12429.4 504.571
12441.4 502.95
12453.5 501.331
12465.5 499.715
12477.5 496.835
12489.5 491.195
12501.5 485.55
12513.5 479.899
12525.5 474.244
12537.5 468.583
12549.5 462.919
12561.6 457.249
12573.6 451.575
12585.6 447.314
12597.6 444.18
12609.6 441.046
12621.6 437.914
12633.6 434.783
12645.6 431.653
12657.7 428.525
12669.7 425.398
12681.7 422.272
12693.7 418.834
12705.7 415.314
12717.7 411.795
12729.7 408.277
12741.7 404.76
12753.8 401.245
12765.8 397.731
12777.8 394.219
12789.8 390.736
12801.8 388.375
12813.8 386.017
12825.8 383.664
12837.8 381.315
12849.8 378.97
12861.9 376.629
12873.9 374.292
12885.9 371.96
12897.9 369.576
12909.9 367.041
12921.9 364.511
12933.9 361.985
12945.9 359.462
12958 356.944
12970 354.431
12982 351.922
12994 349.417
13006 348.415
13018 348.92
13030 349.435
13042 349.96
13054.1 350.495
13066.1 351.04
13078.1 351.596
13090.1 352.162
13102.1 352.738
13114.1 351.256
13126.1 349.029
13138.1 346.808
13150.2 344.592
13162.2 342.381
13174.2 340.175
13186.2 337.974
13198.2 335.779
13210.2 333.589
13222.2 334.234
13234.2 334.961
13246.2 335.698
13258.3 336.445
13270.3 337.203
13282.3 337.971
13294.3 338.75
13306.3 339.54
13318.3 340.21
13330.3 340.4
13342.3 340.599
13354.4 340.807
13366.4 341.025
13378.4 341.252
13390.4 341.489
13402.4 341.735
13414.4 341.991
13426.4 340.567
13438.4 337.028
13450.5 333.491
13462.5 329.957
13474.5 326.425
13486.5 322.896
13498.5 319.37
13510.5 315.846
13522.5 312.324
13534.5 310.903
13546.5 310.452
13558.6 310.008
13570.6 309.572
13582.6 309.144
13594.6 308.724
13606.6 308.312
13618.6 307.907
13630.6 307.511
13642.6 305.627
13654.7 303.617
13666.7 301.611
13678.7 299.611
13690.7 297.615
13702.7 295.624
13714.7 293.638
13726.7 291.656
13738.7 289.881
13750.8 289.158
13762.8 288.442
13774.8 287.732
13786.8 287.03
13798.8 286.334
13810.8 285.645
13822.8 284.963
13834.8 284.287
13846.8 283.65
13858.9 283.069
13870.9 282.494
13882.9 281.926
13894.9 281.365
13906.9 280.81
13918.9 280.262
13930.9 279.72
13942.9 279.185
13955 280.014
13967 281.654
13979 283.304
13991 284.964
14003 286.634
14015 288.314
14027 290.004
14039 291.704
14051.1 293.414
14063.1 293.542
14075.1 293.442
14087.1 293.348
14099.1 293.262
14111.1 293.181
14123.1 293.108
14135.1 293.04
14147.1 292.98
14159.2 292.806
14171.2 291.622
14183.2 290.442
14195.2 289.266
14207.2 288.094
14219.2 286.927
14231.2 285.764
14243.2 284.606
14255.3 283.451
14267.3 281.969
14279.3 279.841
14291.3 277.716
14303.3 275.593
14315.3 273.472
14327.3 271.354
14339.3 269.238
14351.4 267.124
14363.4 265.012
14375.4 263.254
14387.4 261.754
14399.4 260.256
14411.4 258.761
14423.4 257.269
14435.4 255.78
14447.4 254.294
14459.5 252.81
14471.5 251.33
14483.5 250.186
14495.5 249.121
14507.5 248.059
14519.5 247.001
14531.5 245.945
14543.5 244.893
14555.6 243.844
14567.6 242.798
14579.6 241.794
14591.6 241.443
14603.6 241.096
14615.6 240.752
14627.6 240.413
14639.6 240.077
14651.7 239.745
14663.7 239.417
14675.7 239.092
14687.7 239.09
14699.7 239.873
14711.7 240.661
14723.7 241.454
14735.7 242.252
14747.7 243.055
14759.8 243.863
14771.8 244.676
14783.8 245.494
14795.8 245.84
14807.8 245.755
14819.8 245.674
14831.8 245.596
14843.8 245.521
14855.9 245.448
14867.9 245.379
14879.9 245.313
14891.9 245.249
14903.9 244.095
14915.9 242.608
14927.9 241.122
14939.9 239.635
14952 238.149
14964 236.663
14976 235.176
14988 233.69
15000 232.203
15012 229.578
15024 226.951
15036 224.322
15048 221.691
15060.1 219.056
15072.1 216.42
15084.1 213.78
15096.1 211.138
15108.1 208.731
15120.1 207.106
15132.1 205.479
15144.1 203.851
15156.2 202.221
15168.2 200.589
15180.2 198.955
15192.2 197.319
15204.2 195.681
15216.2 194.468
15228.2 193.726
15240.2 192.983
15252.3 192.238
15264.3 191.492
15276.3 190.745
15288.3 189.996
15300.3 189.245
15312.3 188.493
15324.3 187.882
15336.3 187.328
15348.3 186.772
15360.4 186.214
15372.4 185.654
15384.4 185.091
15396.4 184.526
15408.4 183.959
15420.4 183.388
15432.4 183.983
15444.4 184.647
15456.5 185.309
15468.5 185.97
15480.5 186.629
15492.5 187.286
15504.5 187.941
15516.5 188.593
15528.5 188.894
15540.5 187.66
15552.6 186.419
15564.6 185.172
15576.6 183.919
15588.6 182.66
15600.6 181.394
15612.6 180.12
15624.6 178.84
15636.6 176.571
15648.6 172.935
15660.7 169.287
15672.7 165.628
15684.7 161.956
15696.7 158.272
15708.7 154.575
15720.7 150.865
15732.7 147.141
15744.7 143.718
15756.8 140.443
15768.8 137.153
15780.8 133.85
15792.8 130.533
15804.8 127.201
15816.8 123.854
15828.8 120.492
15840.8 117.114
15852.9 115.018
15864.9 113.06
15876.9 111.087
15888.9 109.099
15900.9 107.095
15912.9 105.076
15924.9 103.04
15936.9 100.988
15948.9 98.9606
15961 97.2056
15973 95.4328
15985 93.6418
15997 91.832
16009 90.0029
16021 88.1539
16033 86.2846
16045 84.3944
16057.1 82.7163
16069.1 81.4128
16081.1 80.0876
16093.1 78.7399
16105.1 77.3693
16117.1 75.975
16129.1 74.5563
16141.1 73.1127
16153.2 71.6434
16165.2 70.1191
16177.2 68.5489
16189.2 66.9509
16201.2 65.3244
16213.2 63.6684
16225.2 61.9825
16237.2 60.2657
16249.2 58.5173
16261.3 56.7365
16273.3 52.5896
16285.3 47.9559
16297.3 43.2834
16309.3 38.5712
16321.3 33.8186
16333.3 29.0248
16345.3 24.1888
16357.4 19.3101
16369.4 14.4244
16381.4 9.91222
16393.4 5.35557
16405.4 0.753665
16417.4 -3.89424
16429.4 -8.58884
16441.4 -13.3308
16453.5 -18.1209
16465.5 -22.9596
16477.5 -27.4333
16489.5 -31.0524
16501.5 -34.7199
16513.5 -38.4361
16525.5 -42.2014
16537.5 -46.0161
16549.5 -49.8804
16561.6 -53.7943
16573.6 -57.7578
16585.6 -60.5846
16597.6 -62.5132
16609.6 -64.4877
16621.6 -66.5076
16633.6 -68.5722
16645.6 -70.6809
16657.7 -72.8325
16669.7 -75.0259
16681.7 -77.2597
16693.7 -78.5564
16705.7 -79.6297
16717.7 -80.7362
16729.7 -81.8735
16741.7 -83.0392
16753.8 -84.2303
16765.8 -85.4437
16777.8 -86.6759
16789.8 -87.9333
16801.8 -89.6085
16813.8 -91.2909
16825.8 -92.9758
16837.8 -94.658
16849.8 -96.3322
16861.9 -97.9926
16873.9 -99.6332
16885.9 -101.247
16897.9 -103.189
16909.9 -106.085
16921.9 -108.935
16933.9 -111.733
16945.9 -114.47
16958 -117.138
16970 -119.73
16982 -122.236
16994 -124.649
17006 -127.34
17018 -130.302
17030 -133.147
17042 -135.866
17054.1 -138.451
17066.1 -140.895
17078.1 -143.19
17090.1 -145.329
17102.1 -147.306
17114.1 -149.207
17126.1 -150.968
17138.1 -152.55
17150.2 -153.947
17162.2 -155.158
17174.2 -156.178
17186.2 -157.005
17198.2 -157.637
17210.2 -158.075
17222.2 -158.255
17234.2 -158.24
17246.2 -158.031
17258.3 -157.632
17270.3 -157.046
17282.3 -156.275
17294.3 -155.326
17306.3 -154.202
17318.3 -152.959
17330.3 -151.74
17342.3 -150.366
17354.4 -148.842
17366.4 -147.178
17378.4 -145.38
17390.4 -143.455
17402.4 -141.413
17414.4 -139.261
17426.4 -137.612
17438.4 -136.63
17450.5 -135.564
17462.5 -134.424
17474.5 -133.215
17486.5 -131.948
17498.5 -130.628
17510.5 -129.264
17522.5 -127.862
17534.5 -126.863
17546.5 -126.04
17558.6 -125.2
17570.6 -124.349
17582.6 -123.493
17594.6 -122.636
17606.6 -121.785
17618.6 -120.942
17630.6 -120.114
17642.6 -120.101
17654.7 -120.18
17666.7 -120.286
17678.7 -120.421
17690.7 -120.588
17702.7 -120.79
17714.7 -121.029
17726.7 -121.308
17738.7 -120.236
17750.8 -111.971
17762.8 -103.739
17774.8 -95.5408
17786.8 -87.3774
17798.8 -79.2496
17810.8 -71.1583
17822.8 -63.1041
17834.8 -55.0874
17846.8 -49.3012
17858.9 -46.914
17870.9 -44.5724
17882.9 -42.2765
17894.9 -40.0262
17906.9 -37.8214
17918.9 -35.6617
17930.9 -33.5469
17942.9 -31.4767
17955 -29.4506
17967 -27.4682
17979 -25.5289
17991 -23.6323
18003 -21.7778
18015 -19.9648
18027 -18.1926
18039 -16.4606
18051.1 -14.7681
18063.1 -13.1146
18075.1 -11.4992
18087.1 -9.92138
18099.1 -8.38033
18111.1 -6.8754
18123.1 -5.40586
18135.1 -3.97102
18147.1 -2.57017
18159.2 -1.2026
18171.2 0.132371
18183.2 1.43545
18195.2 2.70732
18207.2 3.94866
18219.2 5.16014
18231.2 6.34244
18243.2 7.49619
18255.3 8.62206
18267.3 9.72067
18279.3 10.7927
18291.3 11.8386
18303.3 12.8592
18315.3 13.8549
18327.3 14.8265
18339.3 15.7743
18351.4 16.6991
18363.4 17.6013
18375.4 18.4815
18387.4 19.3402
18399.4 20.1779
18411.4 20.9952
18423.4 21.7924
18435.4 22.5702
18447.4 23.3289
18459.5 24.0691
18471.5 24.7912
18483.5 25.4955
18495.5 26.1826
18507.5 26.8529
18519.5 27.5067
18531.5 28.1445
18543.5 28.7666
18555.6 29.3735
18567.6 29.9654
18579.6 30.5428
18591.6 31.106
18603.6 31.6554
18615.6 32.1912
18627.6 32.7139
18639.6 33.2236
18651.7 33.7208
18663.7 34.2057
18675.7 34.6787
18687.7 35.1399
18699.7 35.5897
18711.7 36.0284
18723.7 36.4562
18735.7 36.8734
18747.7 37.2802
18759.8 37.6769
18771.8 38.0637
18783.8 38.4408
18795.8 38.8085
18807.8 39.167
18819.8 39.5165
18831.8 39.8572
18843.8 40.1894
18855.9 40.5131
18867.9 40.8287
18879.9 41.1363
18891.9 41.436
18903.9 41.7281
18915.9 42.0128
18927.9 42.2902
18939.9 42.5604
18952 42.8237
18964 43.0802
18976 43.33
18988 43.5733
19000 43.8103
