7000 -165.801
7012.01 -162.996
7024.02 -160.227
7036.04 -157.495
7048.05 -154.8
7060.06 -152.143
7072.07 -149.522
7084.08 -146.939
7096.1 -144.393
7108.11 -141.884
7120.12 -139.412
7132.13 -136.976
7144.14 -134.577
7156.16 -132.213
7168.17 -129.886
7180.18 -127.593
7192.19 -125.336
7204.2 -123.113
7216.22 -120.925
7228.23 -118.77
7240.24 -116.648
7252.25 -114.559
7264.26 -112.502
7276.28 -110.478
7288.29 -108.484
7300.3 -106.522
7312.31 -104.589
7324.32 -102.687
7336.34 -100.814
7348.35 -98.9694
7360.36 -97.1533
7372.37 -95.3649
7384.38 -93.6038
7396.4 -91.8693
7408.41 -90.1611
7420.42 -88.4785
7432.43 -86.8211
7444.44 -85.1884
7456.46 -83.5799
7468.47 -81.9951
7480.48 -80.4334
7492.49 -78.8945
7504.5 -77.3778
7516.52 -75.8828
7528.53 -74.4091
7540.54 -72.9563
7552.55 -71.5238
7564.56 -70.1113
7576.58 -68.7182
7588.59 -67.3442
7600.6 -65.9888
7612.61 -64.6516
7624.62 -63.3322
7636.64 -61.9335
7648.65 -60.4183
7660.66 -58.9189
7672.67 -57.4351
7684.68 -55.9663
7696.7 -54.5122
7708.71 -53.0725
7720.72 -51.6467
7732.73 -50.2346
7744.74 -49.2446
7756.76 -48.4816
7768.77 -47.7332
7780.78 -46.9989
7792.79 -46.2784
7804.8 -45.5716
7816.82 -44.8779
7828.83 -44.1972
7840.84 -43.5291
7852.85 -42.6608
7864.86 -41.7788
7876.88 -40.9078
7888.89 -40.0476
7900.9 -39.1978
7912.91 -38.3582
7924.92 -37.5286
7936.94 -36.7086
7948.95 -35.9017
7960.96 -35.1287
7972.97 -34.3648
7984.98 -33.6095
7997 -32.8628
8009.01 -32.1244
8021.02 -31.394
8033.03 -30.6715
8045.05 -29.9565
8057.06 -29.1527
8069.07 -28.1907
8081.08 -27.2349
8093.09 -26.2851
8105.11 -25.341
8117.12 -24.4025
8129.13 -23.4693
8141.14 -22.5413
8153.15 -21.6182
8165.17 -20.4242
8177.18 -19.0542
8189.19 -17.6872
8201.2 -16.3231
8213.21 -14.9618
8225.23 -13.6029
8237.24 -12.2464
8249.25 -10.892
8261.26 -9.53971
8273.27 -8.81519
8285.29 -8.21186
8297.3 -7.6122
8309.31 -7.01605
8321.32 -6.42324
8333.33 -5.83362
8345.35 -5.24703
8357.36 -4.66332
8369.37 -3.95722
8381.38 -1.79336
8393.39 0.372628
8405.41 2.54088
8417.42 4.71155
8429.43 6.88477
8441.44 9.0607
8453.45 11.2395
8465.47 13.4212
8477.48 14.7819
8489.49 14.3578
8501.5 13.9298
8513.51 13.4979
8525.53 13.0624
8537.54 12.6232
8549.55 12.1806
8561.56 11.7348
8573.57 11.2857
8585.59 11.5325
8597.6 12.3453
8609.61 13.159
8621.62 13.9735
8633.63 14.7891
8645.65 15.6058
8657.66 16.4238
8669.67 17.2432
8681.68 18.0641
8693.69 18.8868
8705.71 19.7112
8717.72 20.5375
8729.73 21.3659
8741.74 22.1965
8753.75 23.0293
8765.77 23.8647
8777.78 24.7025
8789.79 25.5431
8801.8 26.3864
8813.81 27.2327
8825.83 28.0821
8837.84 28.9347
8849.85 29.7905
8861.86 30.6499
8873.87 31.5128
8885.89 32.3794
8897.9 33.2498
8909.91 34.1242
8921.92 35.0027
8933.93 35.8854
8945.95 36.7725
8957.96 37.664
8969.97 38.5601
8981.98 39.461
8993.99 40.3667
9006.01 41.2774
9018.02 42.1933
9030.03 43.1144
9042.04 44.0409
9054.05 44.973
9066.07 45.9107
9078.08 46.8542
9090.09 47.8037
9102.1 48.7592
9114.11 49.7209
9126.13 50.689
9138.14 51.6635
9150.15 52.6447
9162.16 53.6326
9174.17 54.6275
9186.19 55.6293
9198.2 56.6384
9210.21 57.6548
9222.22 58.6787
9234.23 59.7101
9246.25 60.7494
9258.26 61.7965
9270.27 62.8517
9282.28 63.9151
9294.29 64.9869
9306.31 66.0671
9318.32 67.156
9330.33 68.2537
9342.34 69.3604
9354.35 70.4761
9366.37 71.6011
9378.38 72.7356
9390.39 73.8796
9402.4 75.0333
9414.41 76.1969
9426.43 77.3705
9438.44 78.5543
9450.45 79.7485
9462.46 80.9532
9474.47 82.1686
9486.49 83.3947
9498.5 84.6319
9510.51 85.8803
9522.52 87.1399
9534.53 88.411
9546.55 89.6938
9558.56 90.9884
9570.57 92.2949
9582.58 93.6136
9594.59 94.9446
9606.61 96.288
9618.62 97.644
9630.63 99.0129
9642.64 100.395
9654.65 101.79
9666.67 103.198
9678.68 104.619
9690.69 106.055
9702.7 107.504
9714.71 108.966
9726.73 110.443
9738.74 111.935
9750.75 113.44
9762.76 114.96
9774.77 116.495
9786.79 118.045
9798.8 119.61
9810.81 121.19
9822.82 122.785
9834.83 124.396
9846.85 126.022
9858.86 127.664
9870.87 129.322
9882.88 130.996
9894.89 132.686
9906.91 134.393
9918.92 136.116
9930.93 137.855
9942.94 139.611
9954.95 141.384
9966.97 143.173
9978.98 144.98
9990.99 146.804
10003 148.644
10015 150.502
10027 152.378
10039 154.27
10051.1 156.181
10063.1 158.108
10075.1 160.054
10087.1 162.016
10099.1 163.997
10111.1 165.995
10123.1 168.011
10135.1 170.044
10147.1 172.095
10159.2 174.164
10171.2 176.251
10183.2 178.355
10195.2 180.476
10207.2 182.615
10219.2 184.771
10231.2 186.945
10243.2 189.136
10255.3 191.344
10267.3 193.568
10279.3 195.81
10291.3 198.068
10303.3 200.342
10315.3 202.633
10327.3 204.94
10339.3 207.262
10351.4 209.6
10363.4 211.953
10375.4 214.321
10387.4 216.703
10399.4 219.099
10411.4 221.51
10423.4 223.934
10435.4 226.37
10447.4 228.82
10459.5 231.281
10471.5 233.754
10483.5 236.238
10495.5 238.732
10507.5 241.237
10519.5 243.751
10531.5 246.273
10543.5 248.804
10555.6 251.342
10567.6 253.886
10579.6 256.437
10591.6 258.992
10603.6 261.552
10615.6 264.116
10627.6 266.682
10639.6 269.249
10651.7 271.818
10663.7 274.386
10675.7 276.953
10687.7 279.518
10699.7 282.08
10711.7 284.638
10723.7 287.19
10735.7 289.735
10747.7 292.273
10759.8 294.802
10771.8 297.321
10783.8 299.829
10795.8 302.324
10807.8 304.805
10819.8 307.271
10831.8 309.72
10843.8 312.152
10855.9 314.564
10867.9 316.956
10879.9 319.326
10891.9 321.672
10903.9 323.993
10915.9 326.288
10927.9 328.555
10939.9 330.793
10952 333
10964 335.176
10976 337.317
10988 339.423
11000 341.493
11012 343.525
11024 345.518
11036 347.469
11048 349.379
11060.1 351.245
11072.1 353.065
11084.1 354.84
11096.1 356.567
11108.1 357.823
11120.1 357.648
11132.1 357.417
11144.1 357.13
11156.2 356.784
11168.2 356.38
11180.2 355.917
11192.2 355.392
11204.2 354.805
11216.2 354.901
11228.2 355.759
11240.2 356.556
11252.3 357.29
11264.3 357.962
11276.3 358.57
11288.3 359.114
11300.3 359.594
11312.3 360.009
11324.3 360.824
11336.3 361.765
11348.3 362.641
11360.4 363.453
11372.4 364.199
11384.4 364.881
11396.4 365.498
11408.4 366.05
11420.4 366.537
11432.4 366.026
11444.4 365.393
11456.5 364.694
11468.5 363.929
11480.5 363.099
11492.5 362.205
11504.5 361.246
11516.5 360.224
11528.5 359.338
11540.5 359.267
11552.6 359.136
11564.6 358.947
11576.6 358.701
11588.6 358.399
11600.6 358.041
11612.6 357.629
11624.6 357.163
11636.6 356.651
11648.6 356.096
11660.7 355.491
11672.7 354.837
11684.7 354.136
11696.7 353.388
11708.7 352.596
11720.7 351.76
11732.7 350.881
11744.7 349.508
11756.8 347.862
11768.8 346.176
11780.8 344.451
11792.8 342.69
11804.8 340.892
11816.8 339.061
11828.8 337.196
11840.8 335.3
11852.9 333.693
11864.9 332.096
11876.9 330.471
11888.9 328.821
11900.9 327.146
11912.9 325.449
11924.9 323.73
11936.9 321.991
11948.9 320.241
11961 318.529
11973 316.8
11985 315.056
11997 313.298
12009 311.527
12021 309.744
12033 307.95
12045 306.147
12057.1 304.396
12069.1 302.74
12081.1 301.078
12093.1 299.41
12105.1 297.738
12117.1 296.063
12129.1 294.386
12141.1 292.706
12153.2 291.026
12165.2 288.501
12177.2 285.422
12189.2 282.342
12201.2 279.261
12213.2 276.181
12225.2 273.101
12237.2 270.024
12249.2 266.948
12261.3 263.876
12273.3 262.111
12285.3 260.605
12297.3 259.106
12309.3 257.615
12321.3 256.133
12333.3 254.66
12345.3 253.197
12357.4 251.743
12369.4 250.228
12381.4 247.903
12393.4 245.586
12405.4 243.28
12417.4 240.983
12429.4 238.697
12441.4 236.422
12453.5 234.158
12465.5 231.905
12477.5 229.762
12489.5 227.843
12501.5 225.938
12513.5 224.045
12525.5 222.165
12537.5 220.298
12549.5 218.444
12561.6 216.604
12573.6 214.777
12585.6 212.645
12597.6 210.271
12609.6 207.91
12621.6 205.562
12633.6 203.227
12645.6 200.904
12657.7 198.595
12669.7 196.299
12681.7 194.016
12693.7 191.966
12705.7 189.987
12717.7 188.022
12729.7 186.07
12741.7 184.133
12753.8 182.209
12765.8 180.299
12777.8 178.402
12789.8 176.517
12801.8 174.555
12813.8 172.606
12825.8 170.671
12837.8 168.749
12849.8 166.84
12861.9 164.945
12873.9 163.062
12885.9 161.193
12897.9 159.539
12909.9 158.459
12921.9 157.394
12933.9 156.343
12945.9 155.305
12958 154.282
12970 153.273
12982 152.277
12994 151.295
13006 150.074
13018 148.612
13030 147.162
13042 145.725
13054.1 144.3
13066.1 142.888
13078.1 141.487
13090.1 140.099
13102.1 138.722
13114.1 137.546
13126.1 136.45
13138.1 135.366
13150.2 134.294
13162.2 133.233
13174.2 132.185
13186.2 131.148
13198.2 130.122
13210.2 129.108
13222.2 127.822
13234.2 126.539
13246.2 125.266
13258.3 124.004
13270.3 122.752
13282.3 121.511
13294.3 120.279
13306.3 119.057
13318.3 118.017
13330.3 117.634
13342.3 117.262
13354.4 116.9
13366.4 116.55
13378.4 116.21
13390.4 115.881
13402.4 115.562
13414.4 115.254
13426.4 114.538
13438.4 113.305
13450.5 112.081
13462.5 110.865
13474.5 109.657
13486.5 108.457
13498.5 107.265
13510.5 106.081
13522.5 104.905
13534.5 104.324
13546.5 104.022
13558.6 103.729
13570.6 103.444
13582.6 103.169
13594.6 102.902
13606.6 102.643
13618.6 102.393
13630.6 102.152
13642.6 101.13
13654.7 100.045
13666.7 98.9674
13678.7 97.8959
13690.7 96.8308
13702.7 95.772
13714.7 94.7193
13726.7 93.6727
13738.7 92.6613
13750.8 91.8075
13762.8 90.96
13774.8 90.1184
13786.8 89.2828
13798.8 88.453
13810.8 87.629
13822.8 86.8107
13834.8 85.998
13846.8 85.3028
13858.9 84.7846
13870.9 84.2723
13882.9 83.7657
13894.9 83.2648
13906.9 82.7695
13918.9 82.2797
13930.9 81.7953
13942.9 81.3162
13955 80.7898
13967 80.2376
13979 79.6902
13991 79.1478
14003 78.6101
14015 78.0772
14027 77.5488
14039 77.0251
14051.1 76.5058
14063.1 75.8561
14075.1 75.1904
14087.1 74.5288
14099.1 73.8711
14111.1 73.2172
14123.1 72.5671
14135.1 71.9207
14147.1 71.2779
14159.2 70.6194
14171.2 69.7997
14183.2 68.983
14195.2 68.1693
14207.2 67.3586
14219.2 66.5508
14231.2 65.7458
14243.2 64.9435
14255.3 64.1439
14267.3 63.3807
14279.3 62.6864
14291.3 61.9947
14303.3 61.3056
14315.3 60.6189
14327.3 59.9347
14339.3 59.2528
14351.4 58.5732
14363.4 57.8958
14375.4 57.2544
14387.4 56.6396
14399.4 56.027
14411.4 55.4163
14423.4 54.8077
14435.4 54.2009
14447.4 53.596
14459.5 52.9928
14471.5 52.3914
14483.5 51.6738
14495.5 50.9307
14507.5 50.1889
14519.5 49.4482
14531.5 48.7087
14543.5 47.9702
14555.6 47.2328
14567.6 46.4962
14579.6 45.7787
14591.6 45.3656
14603.6 44.9538
14615.6 44.5431
14627.6 44.1336
14639.6 43.7251
14651.7 43.3175
14663.7 42.9108
14675.7 42.505
14687.7 42.0176
14699.7 41.3296
14711.7 40.6417
14723.7 39.9539
14735.7 39.2661
14747.7 38.5782
14759.8 37.8902
14771.8 37.202
14783.8 36.5135
14795.8 36.1065
14807.8 35.9557
14819.8 35.8052
14831.8 35.655
14843.8 35.5051
14855.9 35.3553
14867.9 35.2055
14879.9 35.0558
14891.9 34.906
14903.9 34.123
14915.9 33.1455
14927.9 32.1664
14939.9 31.1855
14952 30.2028
14964 29.2182
14976 28.2317
14988 27.2431
15000 26.2524
15012 25.8721
15024 25.4905
15036 25.1076
15048 24.7231
15060.1 24.3371
15072.1 23.9494
15084.1 23.56
15096.1 23.1687
15108.1 22.7736
15120.1 22.3697
15132.1 21.9638
15144.1 21.5557
15156.2 21.1453
15168.2 20.7326
15180.2 20.3173
15192.2 19.8995
15204.2 19.4791
15216.2 18.9716
15228.2 18.3681
15240.2 17.7615
15252.3 17.1515
15264.3 16.5382
15276.3 15.9213
15288.3 15.3008
15300.3 14.6766
15312.3 14.0486
15324.3 13.3967
15336.3 12.7325
15348.3 12.0642
15360.4 11.3916
15372.4 10.7146
15384.4 10.0332
15396.4 9.34722
15408.4 8.65657
15420.4 7.96113
15432.4 8.10694
15444.4 8.29985
15456.5 8.48906
15468.5 8.67447
15480.5 8.85595
15492.5 9.03342
15504.5 9.20676
15516.5 9.37586
15528.5 9.30387
15540.5 8.18688
15552.6 7.06336
15564.6 5.9332
15576.6 4.79629
15588.6 3.65253
15600.6 2.5018
15612.6 1.34401
15624.6 0.179057
15636.6 -0.687042
15648.6 -1.13575
15660.7 -1.59082
15672.7 -2.05234
15684.7 -2.52042
15696.7 -2.99516
15708.7 -3.47666
15720.7 -3.965
15732.7 -4.46029
15744.7 -5.32807
15756.8 -6.39077
15768.8 -7.46152
15780.8 -8.54041
15792.8 -9.62752
15804.8 -10.7229
15816.8 -11.8267
15828.8 -12.9389
15840.8 -14.0596
15852.9 -15.0727
15864.9 -16.0807
15876.9 -17.0971
15888.9 -18.1221
15900.9 -19.1556
15912.9 -20.1978
15924.9 -21.2487
15936.9 -22.3082
15948.9 -23.3551
15961 -24.2656
15973 -25.1847
15985 -26.1122
15997 -27.0483
16009 -27.9928
16021 -28.9458
16033 -29.9072
16045 -30.8769
16057.1 -31.7949
16069.1 -32.619
16081.1 -33.451
16093.1 -34.2909
16105.1 -35.1387
16117.1 -35.9941
16129.1 -36.8571
16141.1 -37.7276
16153.2 -38.6054
16165.2 -39.6329
16177.2 -40.7609
16189.2 -41.8961
16201.2 -43.0383
16213.2 -44.1872
16225.2 -45.3427
16237.2 -46.5045
16249.2 -47.6723
16261.3 -48.846
16273.3 -50.2119
16285.3 -51.6194
16297.3 -53.032
16309.3 -54.4495
16321.3 -55.8715
16333.3 -57.2976
16345.3 -58.7274
16357.4 -60.1606
16369.4 -61.6064
16381.4 -63.1647
16393.4 -64.7252
16405.4 -66.2874
16417.4 -67.8507
16429.4 -69.4147
16441.4 -70.9787
16453.5 -72.5423
16465.5 -74.1049
16477.5 -75.6089
16489.5 -76.9866
16501.5 -78.3611
16513.5 -79.7319
16525.5 -81.0981
16537.5 -82.4592
16549.5 -83.8145
16561.6 -85.1631
16573.6 -86.5045
16585.6 -87.6742
16597.6 -88.7042
16609.6 -89.7243
16621.6 -90.7337
16633.6 -91.7315
16645.6 -92.717
16657.7 -93.6894
16669.7 -94.6478
16681.7 -95.5915
16693.7 -96.3808
16705.7 -97.1167
16717.7 -97.8352
16729.7 -98.5354
16741.7 -99.2165
16753.8 -99.8778
16765.8 -100.518
16777.8 -101.138
16789.8 -101.732
16801.8 -102.216
16813.8 -102.676
16825.8 -103.111
16837.8 -103.521
16849.8 -103.905
16861.9 -104.262
16873.9 -104.592
16885.9 -104.893
16897.9 -105.27
16909.9 -105.905
16921.9 -106.51
16933.9 -107.085
16945.9 -107.63
16958 -108.144
16970 -108.626
16982 -109.078
16994 -109.497
17006 -109.976
17018 -110.515
17030 -111.021
17042 -111.495
17054.1 -111.936
17066.1 -112.343
17078.1 -112.718
17090.1 -113.058
17102.1 -113.366
17114.1 -113.511
17126.1 -113.576
17138.1 -113.607
17150.2 -113.605
17162.2 -113.571
17174.2 -113.503
17186.2 -113.403
17198.2 -113.271
17210.2 -113.107
17222.2 -112.669
17234.2 -112.194
17246.2 -111.688
17258.3 -111.152
17270.3 -110.586
17282.3 -109.99
17294.3 -109.366
17306.3 -108.713
17318.3 -108.004
17330.3 -107.155
17342.3 -106.28
17354.4 -105.38
17366.4 -104.454
17378.4 -103.504
17390.4 -102.531
17402.4 -101.535
17414.4 -100.517
17426.4 -99.5869
17438.4 -98.7747
17450.5 -97.9431
17462.5 -97.0931
17474.5 -96.2253
17486.5 -95.3407
17498.5 -94.4399
17510.5 -93.5239
17522.5 -92.5934
17534.5 -91.9573
17546.5 -91.4501
17558.6 -90.9314
17570.6 -90.402
17582.6 -89.8626
17594.6 -89.3141
17606.6 -88.7571
17618.6 -88.1924
17630.6 -87.6207
17642.6 -87.1394
17654.7 -86.661
17666.7 -86.178
17678.7 -85.6908
17690.7 -85.2003
17702.7 -84.707
17714.7 -84.2115
17726.7 -83.7144
17738.7 -83.0978
17750.8 -81.8638
17762.8 -80.629
17774.8 -79.3938
17786.8 -78.1589
17798.8 -76.9247
17810.8 -75.6916
17822.8 -74.4601
17834.8 -73.2308
17846.8 -72.1153
17858.9 -71.1736
17870.9 -70.2355
17882.9 -69.3015
17894.9 -68.3719
17906.9 -67.447
17918.9 -66.5272
17930.9 -65.6127
17942.9 -64.7039
17955 -63.801
17967 -62.9043
17979 -62.0141
17991 -61.1305
18003 -60.2538
18015 -59.3841
18027 -58.5217
18039 -57.6667
18051.1 -56.8194
18063.1 -55.9797
18075.1 -55.148
18087.1 -54.3242
18099.1 -53.5086
18111.1 -52.7011
18123.1 -51.902
18135.1 -51.1113
18147.1 -50.329
18159.2 -49.5553
18171.2 -48.7901
18183.2 -48.0336
18195.2 -47.2857
18207.2 -46.5465
18219.2 -45.816
18231.2 -45.0943
18243.2 -44.3813
18255.3 -43.677
18267.3 -42.9815
18279.3 -42.2947
18291.3 -41.6166
18303.3 -40.9472
18315.3 -40.2864
18327.3 -39.6343
18339.3 -38.9907
18351.4 -38.3558
18363.4 -37.7293
18375.4 -37.1113
18387.4 -36.5017
18399.4 -35.9004
18411.4 -35.3074
18423.4 -34.7227
18435.4 -34.1462
18447.4 -33.5777
18459.5 -33.0174
18471.5 -32.4649
18483.5 -31.9204
18495.5 -31.3837
18507.5 -30.8548
18519.5 -30.3335
18531.5 -29.8198
18543.5 -29.3136
18555.6 -28.8149
18567.6 -28.3235
18579.6 -27.8395
18591.6 -27.3625
18603.6 -26.8927
18615.6 -26.43
18627.6 -25.9741
18639.6 -25.5252
18651.7 -25.0829
18663.7 -24.6474
18675.7 -24.2185
18687.7 -23.7961
18699.7 -23.3801
18711.7 -22.9705
18723.7 -22.5671
18735.7 -22.1699
18747.7 -21.7788
18759.8 -21.3937
18771.8 -21.0145
18783.8 -20.6412
18795.8 -20.2736
18807.8 -19.9117
18819.8 -19.5554
18831.8 -19.2046
18843.8 -18.8593
18855.9 -18.5193
18867.9 -18.1846
18879.9 -17.855
18891.9 -17.5306
18903.9 -17.2113
18915.9 -16.8969
18927.9 -16.5874
18939.9 -16.2828
18952 -15.9829
18964 -15.6876
18976 -15.397
18988 -15.1109
19000 -14.8292
