7000 2.42114
7012.01 2.35026
7024.02 2.27451
7036.04 2.19362
7048.05 2.10729
7060.06 2.0152
7072.07 1.91703
7084.08 1.81242
7096.1 1.70101
7108.11 1.58239
7120.12 1.45618
7132.13 1.32192
7144.14 1.17917
7156.16 1.02745
7168.17 0.866281
7180.18 0.695133
7192.19 0.513476
7204.2 0.320758
7216.22 0.116412
7228.23 -0.100142
7240.24 -0.329491
7252.25 -0.572226
7264.26 -0.828934
7276.28 -1.10019
7288.29 -1.38655
7300.3 -1.68852
7312.31 -2.00658
7324.32 -2.34114
7336.34 -2.6925
7348.35 -3.06086
7360.36 -3.4463
7372.37 -3.8487
7384.38 -4.26775
7396.4 -4.70288
7408.41 -5.15324
7420.42 -5.61766
7432.43 -6.09456
7444.44 -6.58196
7456.46 -7.07741
7468.47 -7.57794
7480.48 -8.08005
7492.49 -8.57972
7504.5 -9.07235
7516.52 -9.55284
7528.53 -10.0156
7540.54 -10.4548
7552.55 -10.8641
7564.56 -11.2372
7576.58 -11.5678
7588.59 -11.8499
7600.6 -12.0779
7612.61 -12.2468
7624.62 -12.3527
7636.64 -12.2692
7648.65 -11.9476
7660.66 -11.5565
7672.67 -11.0964
7684.68 -10.5693
7696.7 -9.97819
7708.71 -9.32707
7720.72 -8.62077
7732.73 -7.86477
7744.74 -7.38865
7756.76 -7.04428
7768.77 -6.66991
7780.78 -6.27156
7792.79 -5.85498
7804.8 -5.42555
7816.82 -4.9882
7828.83 -4.54737
7840.84 -4.10698
7852.85 -3.70772
7864.86 -3.31969
7876.88 -2.94091
7888.89 -2.57334
7900.9 -2.21852
7912.91 -1.87766
7924.92 -1.55162
7936.94 -1.24101
7948.95 -0.918798
7960.96 -0.431201
7972.97 0.0410887
7984.98 0.498214
7997 0.94043
8009.01 1.36808
8021.02 1.78158
8033.03 2.18138
8045.05 2.568
8057.06 2.93809
8069.07 3.28944
8081.08 3.62918
8093.09 3.95786
8105.11 4.27604
8117.12 4.58426
8129.13 4.88303
8141.14 5.17287
8153.15 5.45428
8165.17 6.02124
8177.18 6.77297
8189.19 7.51908
8201.2 8.26
8213.21 8.99613
8225.23 9.72788
8237.24 10.4556
8249.25 11.1797
8261.26 11.9004
8273.27 12.0443
8285.29 12.076
8297.3 12.1033
8309.31 12.1264
8321.32 12.1458
8333.33 12.1615
8345.35 12.174
8357.36 12.1833
8369.37 12.2853
8381.38 13.5009
8393.39 14.7175
8405.41 15.9353
8417.42 17.1544
8429.43 18.3751
8441.44 19.5975
8453.45 20.8217
8465.47 22.048
8477.48 22.6946
8489.49 22.0814
8501.5 21.4655
8513.51 20.8469
8525.53 20.2258
8537.54 19.6023
8549.55 18.9765
8561.56 18.3486
8573.57 17.7186
8585.59 17.5853
8597.6 17.8563
8609.61 18.128
8621.62 18.4006
8633.63 18.6742
8645.65 18.9488
8657.66 19.2246
8669.67 19.5016
8681.68 19.7799
8693.69 20.0597
8705.71 20.3409
8717.72 20.6237
8729.73 20.9082
8741.74 21.1944
8753.75 21.4824
8765.77 21.7722
8777.78 22.0641
8789.79 22.3579
8801.8 22.6539
8813.81 22.9521
8825.83 23.2525
8837.84 23.5552
8849.85 23.8604
8861.86 24.168
8873.87 24.4781
8885.89 24.7908
8897.9 25.1063
8909.91 25.4245
8921.92 25.7455
8933.93 26.0694
8945.95 26.3962
8957.96 26.7261
8969.97 27.0591
8981.98 27.3953
8993.99 27.7348
9006.01 28.0775
9018.02 28.4237
9030.03 28.7733
9042.04 29.1264
9054.05 29.4832
9066.07 29.8437
9078.08 30.2079
9090.09 30.576
9102.1 30.948
9114.11 31.324
9126.13 31.704
9138.14 32.0883
9150.15 32.4767
9162.16 32.8695
9174.17 33.2666
9186.19 33.6682
9198.2 34.0744
9210.21 34.4852
9222.22 34.9008
9234.23 35.3211
9246.25 35.7464
9258.26 36.1767
9270.27 36.612
9282.28 37.0525
9294.29 37.4983
9306.31 37.9494
9318.32 38.406
9330.33 38.8682
9342.34 39.3359
9354.35 39.8095
9366.37 40.2888
9378.38 40.7741
9390.39 41.2655
9402.4 41.763
9414.41 42.2668
9426.43 42.7769
9438.44 43.2935
9450.45 43.8167
9462.46 44.3466
9474.47 44.8833
9486.49 45.427
9498.5 45.9777
9510.51 46.5355
9522.52 47.1006
9534.53 47.6732
9546.55 48.2532
9558.56 48.841
9570.57 49.4365
9582.58 50.0399
9594.59 50.6513
9606.61 51.271
9618.62 51.8989
9630.63 52.5353
9642.64 53.1803
9654.65 53.834
9666.67 54.4965
9678.68 55.1681
9690.69 55.8488
9702.7 56.5389
9714.71 57.2384
9726.73 57.9475
9738.74 58.6663
9750.75 59.3951
9762.76 60.1339
9774.77 60.8829
9786.79 61.6423
9798.8 62.4123
9810.81 63.193
9822.82 63.9845
9834.83 64.7871
9846.85 65.6009
9858.86 66.426
9870.87 67.2627
9882.88 68.1111
9894.89 68.9713
9906.91 69.8437
9918.92 70.7282
9930.93 71.6252
9942.94 72.5347
9954.95 73.457
9966.97 74.3922
9978.98 75.3405
9990.99 76.3021
10003 77.2772
10015 78.2659
10027 79.2684
10039 80.2849
10051.1 81.3155
10063.1 82.3605
10075.1 83.42
10087.1 84.4942
10099.1 85.5832
10111.1 86.6873
10123.1 87.8065
10135.1 88.941
10147.1 90.0911
10159.2 91.2568
10171.2 92.4383
10183.2 93.6358
10195.2 94.8493
10207.2 96.0791
10219.2 97.3253
10231.2 98.5879
10243.2 99.8671
10255.3 101.163
10267.3 102.476
10279.3 103.806
10291.3 105.152
10303.3 106.516
10315.3 107.897
10327.3 109.295
10339.3 110.71
10351.4 112.143
10363.4 113.593
10375.4 115.06
10387.4 116.545
10399.4 118.047
10411.4 119.566
10423.4 121.102
10435.4 122.655
10447.4 124.225
10459.5 125.812
10471.5 127.416
10483.5 129.036
10495.5 130.673
10507.5 132.326
10519.5 133.994
10531.5 135.679
10543.5 137.378
10555.6 139.093
10567.6 140.822
10579.6 142.566
10591.6 144.324
10603.6 146.094
10615.6 147.878
10627.6 149.674
10639.6 151.482
10651.7 153.301
10663.7 155.131
10675.7 156.971
10687.7 158.819
10699.7 160.676
10711.7 162.541
10723.7 164.413
10735.7 166.29
10747.7 168.172
10759.8 170.058
10771.8 171.947
10783.8 173.838
10795.8 175.729
10807.8 177.62
10819.8 179.509
10831.8 181.395
10843.8 183.277
10855.9 185.153
10867.9 187.022
10879.9 188.883
10891.9 190.734
10903.9 192.573
10915.9 194.399
10927.9 196.211
10939.9 198.006
10952 199.784
10964 201.542
10976 203.278
10988 204.992
11000 206.681
11012 208.343
11024 209.977
11036 211.581
11048 213.154
11060.1 214.692
11072.1 216.196
11084.1 217.662
11096.1 219.089
11108.1 220.096
11120.1 219.811
11132.1 219.479
11144.1 219.098
11156.2 218.666
11168.2 218.182
11180.2 217.644
11192.2 217.051
11204.2 216.402
11216.2 216.218
11228.2 216.553
11240.2 216.831
11252.3 217.05
11264.3 217.208
11276.3 217.306
11288.3 217.342
11300.3 217.316
11312.3 217.226
11324.3 217.508
11336.3 217.906
11348.3 218.241
11360.4 218.512
11372.4 218.719
11384.4 218.864
11396.4 218.945
11408.4 218.962
11420.4 218.917
11432.4 218.31
11444.4 217.611
11456.5 216.848
11468.5 216.024
11480.5 215.139
11492.5 214.193
11504.5 213.188
11516.5 212.124
11528.5 211.166
11540.5 210.869
11552.6 210.518
11564.6 210.116
11576.6 209.663
11588.6 209.162
11600.6 208.612
11612.6 208.017
11624.6 207.377
11636.6 206.729
11648.6 206.088
11660.7 205.407
11672.7 204.689
11684.7 203.934
11696.7 203.145
11708.7 202.322
11720.7 201.469
11732.7 200.586
11744.7 199.405
11756.8 198.059
11768.8 196.687
11780.8 195.292
11792.8 193.875
11804.8 192.436
11816.8 190.979
11828.8 189.504
11840.8 188.013
11852.9 186.718
11864.9 185.434
11876.9 184.139
11888.9 182.834
11900.9 181.521
11912.9 180.2
11924.9 178.873
11936.9 177.541
11948.9 176.193
11961 174.753
11973 173.312
11985 171.87
11997 170.428
12009 168.988
12021 167.55
12033 166.115
12045 164.683
12057.1 163.293
12069.1 161.969
12081.1 160.651
12093.1 159.34
12105.1 158.037
12117.1 156.742
12129.1 155.456
12141.1 154.18
12153.2 152.914
12165.2 150.987
12177.2 148.633
12189.2 146.287
12201.2 143.951
12213.2 141.625
12225.2 139.309
12237.2 137.003
12249.2 134.708
12261.3 132.424
12273.3 130.936
12285.3 129.612
12297.3 128.301
12309.3 127.004
12321.3 125.721
12333.3 124.452
12345.3 123.197
12357.4 121.956
12369.4 120.692
12381.4 119.019
12393.4 117.361
12405.4 115.715
12417.4 114.083
12429.4 112.465
12441.4 110.86
12453.5 109.268
12465.5 107.69
12477.5 106.178
12489.5 104.795
12501.5 103.424
12513.5 102.068
12525.5 100.725
12537.5 99.395
12549.5 98.0787
12561.6 96.7757
12573.6 95.4858
12585.6 94.0844
12597.6 92.5965
12609.6 91.1209
12621.6 89.6577
12633.6 88.2067
12645.6 86.7678
12657.7 85.3408
12669.7 83.9257
12681.7 82.5223
12693.7 81.1269
12705.7 79.742
12717.7 78.3684
12729.7 77.0059
12741.7 75.6545
12753.8 74.314
12765.8 72.9842
12777.8 71.665
12789.8 70.3618
12801.8 69.2947
12813.8 68.2383
12825.8 67.1923
12837.8 66.1566
12849.8 65.1311
12861.9 64.1156
12873.9 63.1101
12885.9 62.1142
12897.9 61.1618
12909.9 60.3121
12921.9 59.472
12933.9 58.6414
12945.9 57.82
12958 57.0077
12970 56.2044
12982 55.41
12994 54.6243
13006 53.9473
13018 53.3791
13030 52.8197
13042 52.2687
13054.1 51.7262
13066.1 51.192
13078.1 50.666
13090.1 50.148
13102.1 49.6378
13114.1 48.7913
13126.1 47.8268
13138.1 46.869
13150.2 45.9177
13162.2 44.9729
13174.2 44.0343
13186.2 43.102
13198.2 42.1757
13210.2 41.2554
13222.2 40.6313
13234.2 40.0206
13246.2 39.4161
13258.3 38.8177
13270.3 38.2251
13282.3 37.6385
13294.3 37.0575
13306.3 36.4821
13318.3 35.9098
13330.3 35.3336
13342.3 34.7627
13354.4 34.197
13366.4 33.6363
13378.4 33.0807
13390.4 32.5299
13402.4 31.9839
13414.4 31.4427
13426.4 30.9227
13438.4 30.4282
13450.5 29.9383
13462.5 29.4527
13474.5 28.9714
13486.5 28.4944
13498.5 28.0214
13510.5 27.5526
13522.5 27.0876
13534.5 26.7743
13546.5 26.5328
13558.6 26.2954
13570.6 26.062
13582.6 25.8325
13594.6 25.6069
13606.6 25.385
13618.6 25.1669
13630.6 24.9523
13642.6 24.361
13654.7 23.739
13666.7 23.1197
13678.7 22.503
13690.7 21.8888
13702.7 21.277
13714.7 20.6676
13726.7 20.0604
13738.7 19.4731
13750.8 18.9793
13762.8 18.4879
13774.8 17.9986
13786.8 17.5115
13798.8 17.0264
13810.8 16.5433
13822.8 16.0622
13834.8 15.5829
13846.8 15.137
13858.9 14.7412
13870.9 14.3472
13882.9 13.955
13894.9 13.5644
13906.9 13.1755
13918.9 12.7881
13930.9 12.4022
13942.9 12.0177
13955 11.5811
13967 11.114
13979 10.6481
13991 10.1832
14003 9.71934
14015 9.25637
14027 8.79428
14039 8.33299
14051.1 7.87246
14063.1 7.30349
14075.1 6.71881
14087.1 6.1345
14099.1 5.5505
14111.1 4.96676
14123.1 4.38321
14135.1 3.79981
14147.1 3.2165
14159.2 2.63943
14171.2 2.11537
14183.2 1.59133
14195.2 1.06726
14207.2 0.54311
14219.2 0.0188201
14231.2 -0.505662
14243.2 -1.03039
14255.3 -1.55542
14267.3 -2.06375
14279.3 -2.53912
14291.3 -3.01487
14303.3 -3.49104
14315.3 -3.9677
14327.3 -4.44489
14339.3 -4.92266
14351.4 -5.40108
14363.4 -5.88018
14375.4 -6.31919
14387.4 -6.72941
14399.4 -7.14037
14411.4 -7.55211
14423.4 -7.96468
14435.4 -8.37814
14447.4 -8.79254
14459.5 -9.20793
14471.5 -9.62436
14483.5 -10.0662
14495.5 -10.5148
14507.5 -10.9646
14519.5 -11.4157
14531.5 -11.8682
14543.5 -12.3221
14555.6 -12.7774
14567.6 -13.2342
14579.6 -13.6975
14591.6 -14.2443
14603.6 -14.7929
14615.6 -15.3434
14627.6 -15.8957
14639.6 -16.4501
14651.7 -17.0064
14663.7 -17.5648
14675.7 -18.1253
14687.7 -18.6877
14699.7 -19.2517
14711.7 -19.8179
14723.7 -20.3865
14735.7 -20.9574
14747.7 -21.5307
14759.8 -22.1066
14771.8 -22.6849
14783.8 -23.2658
14795.8 -23.8079
14807.8 -24.315
14819.8 -24.8247
14831.8 -25.337
14843.8 -25.852
14855.9 -26.3698
14867.9 -26.8904
14879.9 -27.4139
14891.9 -27.9402
14903.9 -28.4412
14915.9 -28.9366
14927.9 -29.4349
14939.9 -29.9363
14952 -30.4407
14964 -30.9484
14976 -31.4592
14988 -31.9734
15000 -32.4908
15012 -32.9764
15024 -33.4653
15036 -33.9576
15048 -34.4533
15060.1 -34.9526
15072.1 -35.4554
15084.1 -35.9618
15096.1 -36.4718
15108.1 -36.9769
15120.1 -37.4572
15132.1 -37.9413
15144.1 -38.4291
15156.2 -38.9207
15168.2 -39.4162
15180.2 -39.9156
15192.2 -40.419
15204.2 -40.9263
15216.2 -41.4488
15228.2 -41.9878
15240.2 -42.5309
15252.3 -43.0781
15264.3 -43.6296
15276.3 -44.1854
15288.3 -44.7454
15300.3 -45.3098
15312.3 -45.8785
15324.3 -46.4139
15336.3 -46.9383
15348.3 -47.467
15360.4 -48.0001
15372.4 -48.5377
15384.4 -49.0797
15396.4 -49.6261
15408.4 -50.1771
15420.4 -50.7326
15432.4 -51.3721
15444.4 -52.0209
15456.5 -52.6745
15468.5 -53.3328
15480.5 -53.9959
15492.5 -54.6636
15504.5 -55.3362
15516.5 -56.0134
15528.5 -56.6832
15540.5 -57.3041
15552.6 -57.9296
15564.6 -58.5597
15576.6 -59.1945
15588.6 -59.8339
15600.6 -60.4779
15612.6 -61.1264
15624.6 -61.7796
15636.6 -62.4299
15648.6 -63.0745
15660.7 -63.7235
15672.7 -64.3769
15684.7 -65.0347
15696.7 -65.6969
15708.7 -66.3634
15720.7 -67.0341
15732.7 -67.7091
15744.7 -68.3826
15756.8 -69.0575
15768.8 -69.7363
15780.8 -70.4191
15792.8 -71.1057
15804.8 -71.796
15816.8 -72.4901
15828.8 -73.1877
15840.8 -73.8889
15852.9 -74.856
15864.9 -75.8576
15876.9 -76.8629
15888.9 -77.8716
15900.9 -78.8837
15912.9 -79.899
15924.9 -80.9174
15936.9 -81.9388
15948.9 -82.9583
15961 -83.9488
15973 -84.9417
15985 -85.9369
15997 -86.9341
16009 -87.9333
16021 -88.9342
16033 -89.9366
16045 -90.9404
16057.1 -91.9242
16069.1 -92.8731
16081.1 -93.8227
16093.1 -94.7726
16105.1 -95.7226
16117.1 -96.6726
16129.1 -97.6221
16141.1 -98.571
16153.2 -99.519
16165.2 -100.584
16177.2 -101.726
16189.2 -102.866
16201.2 -104.005
16213.2 -105.141
16225.2 -106.275
16237.2 -107.406
16249.2 -108.535
16261.3 -109.66
16273.3 -110.583
16285.3 -111.463
16297.3 -112.339
16309.3 -113.209
16321.3 -114.075
16333.3 -114.934
16345.3 -115.788
16357.4 -116.635
16369.4 -117.494
16381.4 -118.556
16393.4 -119.611
16405.4 -120.659
16417.4 -121.699
16429.4 -122.73
16441.4 -123.753
16453.5 -124.766
16465.5 -125.771
16477.5 -126.763
16489.5 -127.743
16501.5 -128.712
16513.5 -129.67
16525.5 -130.617
16537.5 -131.552
16549.5 -132.475
16561.6 -133.385
16573.6 -134.282
16585.6 -135.125
16597.6 -135.923
16609.6 -136.706
16621.6 -137.475
16633.6 -138.229
16645.6 -138.967
16657.7 -139.691
16669.7 -140.398
16681.7 -141.089
16693.7 -141.883
16705.7 -142.692
16717.7 -143.484
16729.7 -144.259
16741.7 -145.016
16753.8 -145.756
16765.8 -146.478
16777.8 -147.182
16789.8 -147.867
16801.8 -148.504
16813.8 -149.122
16825.8 -149.721
16837.8 -150.301
16849.8 -150.862
16861.9 -151.403
16873.9 -151.925
16885.9 -152.427
16897.9 -152.837
16909.9 -153.03
16921.9 -153.203
16933.9 -153.355
16945.9 -153.486
16958 -153.598
16970 -153.689
16982 -153.759
16994 -153.809
17006 -153.809
17018 -153.759
17030 -153.689
17042 -153.598
17054.1 -153.488
17066.1 -153.357
17078.1 -153.206
17090.1 -153.036
17102.1 -152.846
17114.1 -152.565
17126.1 -152.239
17138.1 -151.893
17150.2 -151.529
17162.2 -151.146
17174.2 -150.744
17186.2 -150.324
17198.2 -149.886
17210.2 -149.43
17222.2 -148.75
17234.2 -148.047
17246.2 -147.328
17258.3 -146.591
17270.3 -145.837
17282.3 -145.068
17294.3 -144.282
17306.3 -143.481
17318.3 -142.675
17330.3 -141.892
17342.3 -141.094
17354.4 -140.281
17366.4 -139.456
17378.4 -138.616
17390.4 -137.764
17402.4 -136.899
17414.4 -136.022
17426.4 -135.236
17438.4 -134.568
17450.5 -133.889
17462.5 -133.199
17474.5 -132.5
17486.5 -131.791
17498.5 -131.072
17510.5 -130.344
17522.5 -129.608
17534.5 -128.767
17546.5 -127.875
17558.6 -126.975
17570.6 -126.067
17582.6 -125.153
17594.6 -124.231
17606.6 -123.303
17618.6 -122.369
17630.6 -121.429
17642.6 -120.223
17654.7 -118.988
17666.7 -117.748
17678.7 -116.503
17690.7 -115.254
17702.7 -114
17714.7 -112.742
17726.7 -111.481
17738.7 -110.444
17750.8 -110.588
17762.8 -110.731
17774.8 -110.873
17786.8 -111.015
17798.8 -111.157
17810.8 -111.299
17822.8 -111.441
17834.8 -111.584
17846.8 -111.374
17858.9 -110.622
17870.9 -109.87
17882.9 -109.118
17894.9 -108.366
17906.9 -107.615
17918.9 -106.865
17930.9 -106.116
17942.9 -105.369
17955 -104.622
17967 -103.877
17979 -103.134
17991 -102.393
18003 -101.654
18015 -100.917
18027 -100.182
18039 -99.4494
18051.1 -98.7196
18063.1 -97.9924
18075.1 -97.2681
18087.1 -96.5466
18099.1 -95.8282
18111.1 -95.1129
18123.1 -94.4008
18135.1 -93.6921
18147.1 -92.9868
18159.2 -92.285
18171.2 -91.5867
18183.2 -90.8921
18195.2 -90.2013
18207.2 -89.5142
18219.2 -88.831
18231.2 -88.1518
18243.2 -87.4765
18255.3 -86.8052
18267.3 -86.1381
18279.3 -85.4751
18291.3 -84.8163
18303.3 -84.1617
18315.3 -83.5113
18327.3 -82.8653
18339.3 -82.2236
18351.4 -81.5863
18363.4 -80.9533
18375.4 -80.3248
18387.4 -79.7007
18399.4 -79.081
18411.4 -78.4658
18423.4 -77.8552
18435.4 -77.249
18447.4 -76.6473
18459.5 -76.0501
18471.5 -75.4574
18483.5 -74.8693
18495.5 -74.2857
18507.5 -73.7066
18519.5 -73.1321
18531.5 -72.5621
18543.5 -71.9966
18555.6 -71.4356
18567.6 -70.8792
18579.6 -70.3272
18591.6 -69.7797
18603.6 -69.2368
18615.6 -68.6983
18627.6 -68.1642
18639.6 -67.6346
18651.7 -67.1094
18663.7 -66.5886
18675.7 -66.0722
18687.7 -65.5602
18699.7 -65.0526
18711.7 -64.5493
18723.7 -64.0503
18735.7 -63.5556
18747.7 -63.0652
18759.8 -62.579
18771.8 -62.097
18783.8 -61.6193
18795.8 -61.1457
18807.8 -60.6763
18819.8 -60.211
18831.8 -59.7498
18843.8 -59.2927
18855.9 -58.8397
18867.9 -58.3907
18879.9 -57.9456
18891.9 -57.5046
18903.9 -57.0674
18915.9 -56.6342
18927.9 -56.2049
18939.9 -55.7794
18952 -55.3578
18964 -54.9399
18976 -54.5259
18988 -54.1155
19000 -53.7089
