7000 -225.48
7012.01 -222.952
7024.02 -220.42
7036.04 -217.886
7048.05 -215.352
7060.06 -212.818
7072.07 -210.288
7084.08 -207.761
7096.1 -205.24
7108.11 -202.727
7120.12 -200.221
7132.13 -197.726
7144.14 -195.24
7156.16 -192.767
7168.17 -190.306
7180.18 -187.858
7192.19 -185.425
7204.2 -183.006
7216.22 -180.604
7228.23 -178.218
7240.24 -175.848
7252.25 -173.496
7264.26 -171.162
7276.28 -168.846
7288.29 -166.549
7300.3 -164.27
7312.31 -162.01
7324.32 -159.77
7336.34 -157.549
7348.35 -155.348
7360.36 -153.167
7372.37 -151.005
7384.38 -148.862
7396.4 -146.74
7408.41 -144.637
7420.42 -142.553
7432.43 -140.489
7444.44 -138.443
7456.46 -136.417
7468.47 -134.41
7480.48 -132.421
7492.49 -130.45
7504.5 -128.497
7516.52 -126.562
7528.53 -124.644
7540.54 -122.742
7552.55 -120.858
7564.56 -118.989
7576.58 -117.136
7588.59 -115.298
7600.6 -113.474
7612.61 -111.665
7624.62 -109.869
7636.64 -107.988
7648.65 -105.985
7660.66 -103.992
7672.67 -102.01
7684.68 -100.038
7696.7 -98.074
7708.71 -96.1187
7720.72 -94.1709
7732.73 -92.2296
7744.74 -89.968
7756.76 -87.5406
7768.77 -85.1156
7780.78 -82.6919
7792.79 -80.2686
7804.8 -77.8445
7816.82 -75.4184
7828.83 -72.9892
7840.84 -70.5556
7852.85 -68.5548
7864.86 -66.6001
7876.88 -64.638
7888.89 -62.6671
7900.9 -60.6856
7912.91 -58.6917
7924.92 -56.6835
7936.94 -54.6588
7948.95 -52.5942
7960.96 -50.3662
7972.97 -48.1145
7984.98 -45.8364
7997 -43.5291
8009.01 -41.1899
8021.02 -38.8155
8033.03 -36.4027
8045.05 -33.9482
8057.06 -31.8642
8069.07 -30.4458
8081.08 -28.9778
8093.09 -27.4561
8105.11 -25.8765
8117.12 -24.2349
8129.13 -22.5269
8141.14 -20.7485
8153.15 -18.8957
8165.17 -16.2919
8177.18 -13.1661
8189.19 -9.95295
8201.2 -6.65077
8213.21 -3.25891
8225.23 0.221841
8237.24 3.78886
8249.25 7.4373
8261.26 11.1596
8273.27 12.144
8285.29 12.6426
8297.3 13.1621
8309.31 13.6798
8321.32 14.1686
8333.33 14.5968
8345.35 14.9285
8357.36 15.1245
8369.37 15.6371
8381.38 21.6969
8393.39 27.5127
8405.41 33.0456
8417.42 38.2619
8429.43 43.1346
8441.44 47.6461
8453.45 51.7882
8465.47 55.5636
8477.48 57.6104
8489.49 56.3435
8501.5 54.7631
8513.51 52.9055
8525.53 50.8109
8537.54 48.5213
8549.55 46.0785
8561.56 43.523
8573.57 40.892
8585.59 38.7933
8597.6 37.1496
8609.61 35.5215
8621.62 33.9296
8633.63 32.3907
8645.65 30.9177
8657.66 29.5202
8669.67 28.2051
8681.68 26.9767
8693.69 25.8376
8705.71 24.7886
8717.72 23.8291
8729.73 22.9579
8741.74 22.1726
8753.75 21.4706
8765.77 20.8488
8777.78 20.3039
8789.79 19.8323
8801.8 19.4305
8813.81 19.095
8825.83 18.8223
8837.84 18.6091
8849.85 18.4521
8861.86 18.3483
8873.87 18.2946
8885.89 18.2882
8897.9 18.3266
8909.91 18.4072
8921.92 18.5277
8933.93 18.686
8945.95 18.8799
8957.96 19.1077
8969.97 19.3674
8981.98 19.6576
8993.99 19.9767
9006.01 20.3233
9018.02 20.696
9030.03 21.0937
9042.04 21.5152
9054.05 21.9595
9066.07 22.4257
9078.08 22.9128
9090.09 23.4202
9102.1 23.9469
9114.11 24.4925
9126.13 25.0561
9138.14 25.6373
9150.15 26.2354
9162.16 26.8502
9174.17 27.481
9186.19 28.1276
9198.2 28.7895
9210.21 29.4664
9222.22 30.1581
9234.23 30.8643
9246.25 31.5847
9258.26 32.3191
9270.27 33.0674
9282.28 33.8294
9294.29 34.605
9306.31 35.3941
9318.32 36.1965
9330.33 37.0123
9342.34 37.8413
9354.35 38.6835
9366.37 39.539
9378.38 40.4076
9390.39 41.2894
9402.4 42.1844
9414.41 43.0927
9426.43 44.0143
9438.44 44.9493
9450.45 45.8978
9462.46 46.8597
9474.47 47.8353
9486.49 48.8246
9498.5 49.8278
9510.51 50.8449
9522.52 51.8761
9534.53 52.9216
9546.55 53.9815
9558.56 55.0559
9570.57 56.145
9582.58 57.249
9594.59 58.3681
9606.61 59.5025
9618.62 60.6523
9630.63 61.8178
9642.64 62.9992
9654.65 64.1966
9666.67 65.4103
9678.68 66.6406
9690.69 67.8877
9702.7 69.1517
9714.71 70.433
9726.73 71.7318
9738.74 73.0483
9750.75 74.3829
9762.76 75.7357
9774.77 77.107
9786.79 78.4972
9798.8 79.9064
9810.81 81.335
9822.82 82.7832
9834.83 84.2514
9846.85 85.7398
9858.86 87.2486
9870.87 88.7783
9882.88 90.329
9894.89 91.9012
9906.91 93.495
9918.92 95.1108
9930.93 96.7488
9942.94 98.4094
9954.95 100.093
9966.97 101.8
9978.98 103.53
9990.99 105.283
10003 107.061
10015 108.863
10027 110.69
10039 112.542
10051.1 114.418
10063.1 116.321
10075.1 118.248
10087.1 120.202
10099.1 122.182
10111.1 124.188
10123.1 126.221
10135.1 128.28
10147.1 130.367
10159.2 132.481
10171.2 134.622
10183.2 136.79
10195.2 138.987
10207.2 141.21
10219.2 143.462
10231.2 145.742
10243.2 148.049
10255.3 150.385
10267.3 152.748
10279.3 155.14
10291.3 157.559
10303.3 160.006
10315.3 162.48
10327.3 164.982
10339.3 167.512
10351.4 170.068
10363.4 172.651
10375.4 175.26
10387.4 177.896
10399.4 180.556
10411.4 183.242
10423.4 185.953
10435.4 188.687
10447.4 191.445
10459.5 194.225
10471.5 197.028
10483.5 199.851
10495.5 202.694
10507.5 205.557
10519.5 208.437
10531.5 211.334
10543.5 214.248
10555.6 217.175
10567.6 220.116
10579.6 223.069
10591.6 226.032
10603.6 229.003
10615.6 231.981
10627.6 234.965
10639.6 237.952
10651.7 240.94
10663.7 243.928
10675.7 246.912
10687.7 249.892
10699.7 252.865
10711.7 255.828
10723.7 258.78
10735.7 261.717
10747.7 264.636
10759.8 267.536
10771.8 270.414
10783.8 273.266
10795.8 276.09
10807.8 278.883
10819.8 281.642
10831.8 284.364
10843.8 287.046
10855.9 289.685
10867.9 292.277
10879.9 294.821
10891.9 297.312
10903.9 299.747
10915.9 302.124
10927.9 304.438
10939.9 306.688
10952 308.871
10964 310.982
10976 313.02
10988 314.981
11000 316.863
11012 318.663
11024 320.379
11036 322.008
11048 323.547
11060.1 324.995
11072.1 326.349
11084.1 327.608
11096.1 328.769
11108.1 329.297
11120.1 327.969
11132.1 326.534
11144.1 324.992
11156.2 323.341
11168.2 321.581
11180.2 319.711
11192.2 317.731
11204.2 315.641
11216.2 314.312
11228.2 313.837
11240.2 313.255
11252.3 312.569
11264.3 311.779
11276.3 310.886
11288.3 309.891
11300.3 308.795
11312.3 307.6
11324.3 307.127
11336.3 306.895
11348.3 306.573
11360.4 306.161
11372.4 305.662
11384.4 305.079
11396.4 304.414
11408.4 303.669
11420.4 302.847
11432.4 301.337
11444.4 299.716
11456.5 298.026
11468.5 296.268
11480.5 294.446
11492.5 292.563
11504.5 290.621
11516.5 288.624
11528.5 286.762
11540.5 285.677
11552.6 284.548
11564.6 283.378
11576.6 282.168
11588.6 280.923
11600.6 279.644
11612.6 278.335
11624.6 276.998
11636.6 275.586
11648.6 274.082
11660.7 272.558
11672.7 271.016
11684.7 269.459
11696.7 267.889
11708.7 266.308
11720.7 264.719
11732.7 263.123
11744.7 260.987
11756.8 258.572
11768.8 256.155
11780.8 253.738
11792.8 251.322
11804.8 248.909
11816.8 246.501
11828.8 244.099
11840.8 241.704
11852.9 239.248
11864.9 236.794
11876.9 234.351
11888.9 231.92
11900.9 229.503
11912.9 227.099
11924.9 224.712
11936.9 222.34
11948.9 219.937
11961 217.227
11973 214.535
11985 211.861
11997 209.206
12009 206.57
12021 203.955
12033 201.359
12045 198.785
12057.1 196.15
12069.1 193.396
12081.1 190.663
12093.1 187.952
12105.1 185.263
12117.1 182.596
12129.1 179.952
12141.1 177.329
12153.2 174.73
12165.2 171.363
12177.2 167.502
12189.2 163.661
12201.2 159.839
12213.2 156.038
12225.2 152.257
12237.2 148.496
12249.2 144.754
12261.3 141.033
12273.3 137.993
12285.3 135.101
12297.3 132.231
12309.3 129.381
12321.3 126.553
12333.3 123.744
12345.3 120.956
12357.4 118.188
12369.4 115.47
12381.4 113.112
12393.4 110.775
12405.4 108.457
12417.4 106.159
12429.4 103.881
12441.4 101.623
12453.5 99.3834
12465.5 97.163
12477.5 95.5648
12489.5 95.3033
12501.5 95.0638
12513.5 94.846
12525.5 94.6496
12537.5 94.4745
12549.5 94.3204
12561.6 94.1871
12573.6 94.0743
12585.6 93.6726
12597.6 93.0439
12609.6 92.4338
12621.6 91.8423
12633.6 91.269
12645.6 90.7137
12657.7 90.1762
12669.7 89.6562
12681.7 89.1535
12693.7 88.4602
12705.7 87.7283
12717.7 87.0125
12729.7 86.3125
12741.7 85.6282
12753.8 84.9593
12765.8 84.3056
12777.8 83.6669
12789.8 83.0505
12801.8 82.7532
12813.8 82.4709
12825.8 82.2033
12837.8 81.9502
12849.8 81.7114
12861.9 81.4866
12873.9 81.2758
12885.9 81.0786
12897.9 80.7559
12909.9 80.0622
12921.9 79.3808
12933.9 78.7112
12945.9 78.0535
12958 77.4073
12970 76.7726
12982 76.1491
12994 75.5366
13006 74.9275
13018 74.3216
13030 73.7262
13042 73.1411
13054.1 72.5662
13066.1 72.0014
13078.1 71.4465
13090.1 70.9012
13102.1 70.3655
13114.1 69.2926
13126.1 68.0294
13138.1 66.774
13150.2 65.5262
13162.2 64.2858
13174.2 63.0528
13186.2 61.827
13198.2 60.6082
13210.2 59.3964
13222.2 57.8311
13234.2 56.263
13246.2 54.7007
13258.3 53.1442
13270.3 51.5933
13282.3 50.0479
13294.3 48.5078
13306.3 46.973
13318.3 45.5173
13330.3 44.3458
13342.3 43.1799
13354.4 42.0194
13366.4 40.8642
13378.4 39.7143
13390.4 38.5694
13402.4 37.4296
13414.4 36.2947
13426.4 35.7616
13438.4 35.9842
13450.5 36.2138
13462.5 36.4504
13474.5 36.6938
13486.5 36.9439
13498.5 37.2007
13510.5 37.4641
13522.5 37.7339
13534.5 38.5207
13546.5 39.549
13558.6 40.585
13570.6 41.6284
13582.6 42.6791
13594.6 43.7372
13606.6 44.8024
13618.6 45.8748
13630.6 46.9542
13642.6 47.3539
13654.7 47.6989
13666.7 48.0494
13678.7 48.4054
13690.7 48.7667
13702.7 49.1333
13714.7 49.5051
13726.7 49.8821
13738.7 50.235
13750.8 50.441
13762.8 50.6518
13774.8 50.8671
13786.8 51.0868
13798.8 51.3111
13810.8 51.5397
13822.8 51.7726
13834.8 52.0097
13846.8 52.0498
13858.9 51.7853
13870.9 51.524
13882.9 51.2658
13894.9 51.0106
13906.9 50.7585
13918.9 50.5093
13930.9 50.263
13942.9 50.0196
13955 49.3516
13967 48.4332
13979 47.5163
13991 46.6009
14003 45.6868
14015 44.7742
14027 43.8628
14039 42.9526
14051.1 42.0437
14063.1 40.741
14075.1 39.3803
14087.1 38.0199
14099.1 36.6596
14111.1 35.2996
14123.1 33.9396
14135.1 32.5798
14147.1 31.2199
14159.2 29.9728
14171.2 29.69
14183.2 29.4089
14195.2 29.1295
14207.2 28.8517
14219.2 28.5754
14231.2 28.3006
14243.2 28.0274
14255.3 27.7555
14267.3 27.6227
14279.3 27.7604
14291.3 27.9002
14303.3 28.0418
14315.3 28.1854
14327.3 28.3308
14339.3 28.478
14351.4 28.6269
14363.4 28.7776
14375.4 29.0122
14387.4 29.3082
14399.4 29.606
14411.4 29.9055
14423.4 30.2068
14435.4 30.5098
14447.4 30.8143
14459.5 31.1205
14471.5 31.4283
14483.5 31.5132
14495.5 31.5482
14507.5 31.5841
14519.5 31.6209
14531.5 31.6585
14543.5 31.697
14555.6 31.7363
14567.6 31.7763
14579.6 31.8025
14591.6 31.5867
14603.6 31.371
14615.6 31.1555
14627.6 30.9401
14639.6 30.7247
14651.7 30.5093
14663.7 30.2938
14675.7 30.0782
14687.7 29.7126
14699.7 28.98
14711.7 28.2462
14723.7 27.5113
14735.7 26.7752
14747.7 26.0378
14759.8 25.2991
14771.8 24.5591
14783.8 23.8176
14795.8 22.8836
14807.8 21.7741
14819.8 20.6625
14831.8 19.5486
14843.8 18.4325
14855.9 17.3141
14867.9 16.1932
14879.9 15.0699
14891.9 13.9442
14903.9 13.3859
14915.9 13
14927.9 12.6127
14939.9 12.2238
14952 11.8332
14964 11.4411
14976 11.0471
14988 10.6514
15000 10.2538
15012 10.1581
15024 10.0609
15036 9.96204
15048 9.86155
15060.1 9.75933
15072.1 9.6553
15084.1 9.54939
15096.1 9.44151
15108.1 9.41647
15120.1 9.66783
15132.1 9.91757
15144.1 10.1656
15156.2 10.4119
15168.2 10.6562
15180.2 10.8986
15192.2 11.139
15204.2 11.3772
15216.2 11.5201
15228.2 11.5578
15240.2 11.5928
15252.3 11.625
15264.3 11.6543
15276.3 11.6805
15288.3 11.7035
15300.3 11.7233
15312.3 11.7398
15324.3 11.4989
15336.3 11.15
15348.3 10.7969
15360.4 10.4393
15372.4 10.0773
15384.4 9.71062
15396.4 9.33915
15408.4 8.96279
15420.4 8.58139
15432.4 7.8413
15444.4 7.07414
15456.5 6.30092
15468.5 5.52151
15480.5 4.73576
15492.5 3.9435
15504.5 3.14457
15516.5 2.33883
15528.5 1.5135
15540.5 0.625701
15552.6 -0.269542
15564.6 -1.17241
15576.6 -2.08308
15588.6 -3.00175
15600.6 -3.92861
15612.6 -4.86385
15624.6 -5.80768
15636.6 -6.65505
15648.6 -7.36537
15660.7 -8.08453
15672.7 -8.81276
15684.7 -9.55028
15696.7 -10.2973
15708.7 -11.0541
15720.7 -11.821
15732.7 -12.5981
15744.7 -13.3814
15756.8 -14.1734
15768.8 -14.9763
15780.8 -15.7907
15792.8 -16.6166
15804.8 -17.4544
15816.8 -18.3045
15828.8 -19.167
15840.8 -20.0424
15852.9 -20.9627
15864.9 -21.9003
15876.9 -22.8517
15888.9 -23.8174
15900.9 -24.7976
15912.9 -25.7927
15924.9 -26.8031
15936.9 -27.8291
15948.9 -28.8878
15961 -30.0755
15973 -31.2802
15985 -32.5024
15997 -33.7423
16009 -35.0006
16021 -36.2775
16033 -37.5736
16045 -38.8892
16057.1 -40.2945
16069.1 -41.8384
16081.1 -43.4036
16093.1 -44.9906
16105.1 -46.5997
16117.1 -48.2315
16129.1 -49.8864
16141.1 -51.5651
16153.2 -53.2679
16165.2 -55.233
16177.2 -57.3791
16189.2 -59.5515
16201.2 -61.7506
16213.2 -63.9771
16225.2 -66.2313
16237.2 -68.5139
16249.2 -70.8253
16261.3 -73.166
16273.3 -75.2917
16285.3 -77.4002
16297.3 -79.5391
16309.3 -81.7087
16321.3 -83.9095
16333.3 -86.142
16345.3 -88.4065
16357.4 -90.7034
16369.4 -93.0175
16381.4 -95.1875
16393.4 -97.3905
16405.4 -99.6268
16417.4 -101.897
16429.4 -104.2
16441.4 -106.537
16453.5 -108.908
16465.5 -111.313
16477.5 -113.584
16489.5 -115.524
16501.5 -117.497
16513.5 -119.501
16525.5 -121.537
16537.5 -123.605
16549.5 -125.702
16561.6 -127.829
16573.6 -129.985
16585.6 -131.913
16597.6 -133.664
16609.6 -135.439
16621.6 -137.237
16633.6 -139.056
16645.6 -140.895
16657.7 -142.752
16669.7 -144.623
16681.7 -146.508
16693.7 -148.197
16705.7 -149.84
16717.7 -151.486
16729.7 -153.134
16741.7 -154.779
16753.8 -156.417
16765.8 -158.046
16777.8 -159.661
16789.8 -161.257
16801.8 -162.791
16813.8 -164.298
16825.8 -165.773
16837.8 -167.211
16849.8 -168.608
16861.9 -169.956
16873.9 -171.253
16885.9 -172.491
16897.9 -173.701
16909.9 -174.937
16921.9 -176.099
16933.9 -177.181
16945.9 -178.18
16958 -179.089
16970 -179.904
16982 -180.619
16994 -181.231
17006 -181.993
17018 -182.9
17030 -183.693
17042 -184.367
17054.1 -184.92
17066.1 -185.35
17078.1 -185.654
17090.1 -185.831
17102.1 -185.88
17114.1 -186.094
17126.1 -186.287
17138.1 -186.351
17150.2 -186.288
17162.2 -186.099
17174.2 -185.785
17186.2 -185.349
17198.2 -184.793
17210.2 -184.121
17222.2 -183.475
17234.2 -182.723
17246.2 -181.866
17258.3 -180.907
17270.3 -179.852
17282.3 -178.705
17294.3 -177.471
17306.3 -176.156
17318.3 -174.801
17330.3 -173.52
17342.3 -172.172
17354.4 -170.764
17366.4 -169.3
17378.4 -167.786
17390.4 -166.226
17402.4 -164.626
17414.4 -162.991
17426.4 -161.535
17438.4 -160.318
17450.5 -159.079
17462.5 -157.823
17474.5 -156.555
17486.5 -155.278
17498.5 -153.996
17510.5 -152.712
17522.5 -151.43
17534.5 -150.015
17546.5 -148.545
17558.6 -147.085
17570.6 -145.638
17582.6 -144.205
17594.6 -142.79
17606.6 -141.393
17618.6 -140.017
17630.6 -138.663
17642.6 -137.399
17654.7 -136.166
17666.7 -134.96
17678.7 -133.781
17690.7 -132.63
17702.7 -131.509
17714.7 -130.417
17726.7 -129.355
17738.7 -127.781
17750.8 -123.413
17762.8 -119.071
17774.8 -114.756
17786.8 -110.469
17798.8 -106.209
17810.8 -101.977
17822.8 -97.7713
17834.8 -93.5934
17846.8 -90.4351
17858.9 -88.8252
17870.9 -87.2453
17882.9 -85.6954
17894.9 -84.175
17906.9 -82.6839
17918.9 -81.2217
17930.9 -79.7882
17942.9 -78.3828
17955 -77.0053
17967 -75.6552
17979 -74.3321
17991 -73.0356
18003 -71.7653
18015 -70.5206
18027 -69.3012
18039 -68.1066
18051.1 -66.9364
18063.1 -65.7901
18075.1 -64.6673
18087.1 -63.5674
18099.1 -62.4901
18111.1 -61.4349
18123.1 -60.4014
18135.1 -59.3891
18147.1 -58.3975
18159.2 -57.4263
18171.2 -56.475
18183.2 -55.5432
18195.2 -54.6305
18207.2 -53.7364
18219.2 -52.8606
18231.2 -52.0026
18243.2 -51.1621
18255.3 -50.3387
18267.3 -49.5319
18279.3 -48.7416
18291.3 -47.9671
18303.3 -47.2083
18315.3 -46.4648
18327.3 -45.7361
18339.3 -45.022
18351.4 -44.3222
18363.4 -43.6363
18375.4 -42.964
18387.4 -42.3051
18399.4 -41.6591
18411.4 -41.0258
18423.4 -40.405
18435.4 -39.7962
18447.4 -39.1994
18459.5 -38.6141
18471.5 -38.0402
18483.5 -37.4773
18495.5 -36.9253
18507.5 -36.3838
18519.5 -35.8527
18531.5 -35.3317
18543.5 -34.8206
18555.6 -34.3191
18567.6 -33.827
18579.6 -33.3442
18591.6 -32.8704
18603.6 -32.4055
18615.6 -31.9491
18627.6 -31.5012
18639.6 -31.0615
18651.7 -30.6299
18663.7 -30.2062
18675.7 -29.7902
18687.7 -29.3817
18699.7 -28.9806
18711.7 -28.5867
18723.7 -28.1999
18735.7 -27.82
18747.7 -27.4468
18759.8 -27.0803
18771.8 -26.7202
18783.8 -26.3664
18795.8 -26.0188
18807.8 -25.6773
18819.8 -25.3417
18831.8 -25.012
18843.8 -24.6879
18855.9 -24.3693
18867.9 -24.0562
18879.9 -23.7485
18891.9 -23.4459
18903.9 -23.1485
18915.9 -22.856
18927.9 -22.5685
18939.9 -22.2858
18952 -22.0077
18964 -21.7343
18976 -21.4654
18988 -21.2008
19000 -20.9407
