7000 9.64608
7012.01 9.16348
7024.02 8.65324
7036.04 8.11405
7048.05 7.54455
7060.06 6.94333
7072.07 6.30897
7084.08 5.63999
7096.1 4.93486
7108.11 4.19208
7120.12 3.41007
7132.13 2.5873
7144.14 1.7222
7156.16 0.813267
7168.17 -0.141
7180.18 -1.14202
7192.19 -2.19113
7204.2 -3.28954
7216.22 -4.43833
7228.23 -5.63837
7240.24 -6.89031
7252.25 -8.19449
7264.26 -9.55092
7276.28 -10.9592
7288.29 -12.4185
7300.3 -13.9273
7312.31 -15.4836
7324.32 -17.0846
7336.34 -18.7268
7348.35 -20.4056
7360.36 -22.1155
7372.37 -23.8502
7384.38 -25.6018
7396.4 -27.3615
7408.41 -29.1193
7420.42 -30.8638
7432.43 -32.5825
7444.44 -34.2617
7456.46 -35.8867
7468.47 -37.4419
7480.48 -38.9109
7492.49 -40.277
7504.5 -41.5234
7516.52 -42.6334
7528.53 -43.591
7540.54 -44.3812
7552.55 -44.9903
7564.56 -45.4066
7576.58 -45.6204
7588.59 -45.6244
7600.6 -45.414
7612.61 -44.9876
7624.62 -44.3461
7636.64 -43.4909
7648.65 -42.4276
7660.66 -41.1685
7672.67 -39.7245
7684.68 -38.1086
7696.7 -36.3349
7708.71 -34.4185
7720.72 -32.3754
7732.73 -30.2216
7744.74 -28.136
7756.76 -26.0565
7768.77 -23.9135
7780.78 -21.721
7792.79 -19.4919
7804.8 -17.2384
7816.82 -14.9712
7828.83 -12.6998
7840.84 -10.4328
7852.85 -8.03487
7864.86 -5.63741
7876.88 -3.26239
7888.89 -0.914006
7900.9 1.40446
7912.91 3.69051
7924.92 5.94239
7936.94 8.15899
7948.95 10.2958
7960.96 12.1054
7972.97 13.8786
7984.98 15.6161
7997 17.3191
8009.01 18.9889
8021.02 20.6274
8033.03 22.2362
8045.05 23.8175
8057.06 25.718
8069.07 28.1877
8081.08 30.6397
8093.09 33.0764
8105.11 35.5007
8117.12 37.9151
8129.13 40.3225
8141.14 42.7256
8153.15 45.1272
8165.17 47.3685
8177.18 49.5081
8189.19 51.6541
8201.2 53.8093
8213.21 55.9767
8225.23 58.1589
8237.24 60.3586
8249.25 62.5782
8261.26 64.8201
8273.27 66.7064
8285.29 68.5461
8297.3 70.4119
8309.31 72.3044
8321.32 74.2238
8333.33 76.1696
8345.35 78.1403
8357.36 80.1332
8369.37 82.2162
8381.38 85.1469
8393.39 88.0871
8405.41 91.0289
8417.42 93.9623
8429.43 96.876
8441.44 99.7572
8453.45 102.591
8465.47 105.363
8477.48 107.514
8489.49 108.395
8501.5 109.161
8513.51 109.796
8525.53 110.289
8537.54 110.629
8549.55 110.808
8561.56 110.824
8573.57 110.676
8585.59 110.968
8597.6 111.596
8609.61 112.085
8621.62 112.448
8633.63 112.699
8645.65 112.855
8657.66 112.933
8669.67 112.949
8681.68 112.919
8693.69 112.859
8705.71 112.781
8717.72 112.7
8729.73 112.625
8741.74 112.565
8753.75 112.528
8765.77 112.521
8777.78 112.549
8789.79 112.615
8801.8 112.723
8813.81 112.874
8825.83 113.069
8837.84 113.31
8849.85 113.595
8861.86 113.926
8873.87 114.302
8885.89 114.721
8897.9 115.183
8909.91 115.687
8921.92 116.232
8933.93 116.816
8945.95 117.438
8957.96 118.097
8969.97 118.792
8981.98 119.522
8993.99 120.285
9006.01 121.08
9018.02 121.906
9030.03 122.763
9042.04 123.65
9054.05 124.564
9066.07 125.507
9078.08 126.476
9090.09 127.472
9102.1 128.493
9114.11 129.539
9126.13 130.609
9138.14 131.703
9150.15 132.82
9162.16 133.96
9174.17 135.123
9186.19 136.308
9198.2 137.514
9210.21 138.742
9222.22 139.991
9234.23 141.261
9246.25 142.552
9258.26 143.863
9270.27 145.195
9282.28 146.546
9294.29 147.918
9306.31 149.31
9318.32 150.721
9330.33 152.152
9342.34 153.603
9354.35 155.074
9366.37 156.564
9378.38 158.074
9390.39 159.603
9402.4 161.152
9414.41 162.721
9426.43 164.309
9438.44 165.917
9450.45 167.545
9462.46 169.192
9474.47 170.859
9486.49 172.546
9498.5 174.253
9510.51 175.98
9522.52 177.727
9534.53 179.494
9546.55 181.282
9558.56 183.089
9570.57 184.918
9582.58 186.766
9594.59 188.636
9606.61 190.526
9618.62 192.437
9630.63 194.369
9642.64 196.322
9654.65 198.297
9666.67 200.292
9678.68 202.31
9690.69 204.348
9702.7 206.408
9714.71 208.491
9726.73 210.594
9738.74 212.72
9750.75 214.868
9762.76 217.039
9774.77 219.231
9786.79 221.446
9798.8 223.684
9810.81 225.944
9822.82 228.227
9834.83 230.533
9846.85 232.861
9858.86 235.213
9870.87 237.587
9882.88 239.985
9894.89 242.406
9906.91 244.85
9918.92 247.318
9930.93 249.809
9942.94 252.323
9954.95 254.861
9966.97 257.423
9978.98 260.007
9990.99 262.616
10003 265.247
10015 267.903
10027 270.581
10039 273.284
10051.1 276.009
10063.1 278.758
10075.1 281.53
10087.1 284.326
10099.1 287.144
10111.1 289.986
10123.1 292.85
10135.1 295.738
10147.1 298.647
10159.2 301.58
10171.2 304.534
10183.2 307.511
10195.2 310.509
10207.2 313.529
10219.2 316.57
10231.2 319.632
10243.2 322.716
10255.3 325.819
10267.3 328.943
10279.3 332.086
10291.3 335.249
10303.3 338.431
10315.3 341.631
10327.3 344.85
10339.3 348.086
10351.4 351.339
10363.4 354.608
10375.4 357.894
10387.4 361.195
10399.4 364.511
10411.4 367.842
10423.4 371.185
10435.4 374.542
10447.4 377.911
10459.5 381.291
10471.5 384.681
10483.5 388.082
10495.5 391.491
10507.5 394.908
10519.5 398.333
10531.5 401.763
10543.5 405.199
10555.6 408.639
10567.6 412.082
10579.6 415.527
10591.6 418.973
10603.6 422.419
10615.6 425.864
10627.6 429.306
10639.6 432.745
10651.7 436.179
10663.7 439.606
10675.7 443.026
10687.7 446.436
10699.7 449.837
10711.7 453.225
10723.7 456.601
10735.7 459.962
10747.7 463.307
10759.8 466.634
10771.8 469.942
10783.8 473.23
10795.8 476.495
10807.8 479.737
10819.8 482.953
10831.8 486.142
10843.8 489.302
10855.9 492.432
10867.9 495.53
10879.9 498.594
10891.9 501.623
10903.9 504.615
10915.9 507.568
10927.9 510.48
10939.9 513.351
10952 516.178
10964 518.959
10976 521.693
10988 524.379
11000 527.014
11012 529.597
11024 532.126
11036 534.6
11048 537.018
11060.1 539.377
11072.1 541.676
11084.1 543.914
11096.1 546.089
11108.1 547.655
11120.1 547.368
11132.1 547.009
11144.1 546.578
11156.2 546.071
11168.2 545.49
11180.2 544.831
11192.2 544.095
11204.2 543.279
11216.2 543.396
11228.2 544.551
11240.2 545.628
11252.3 546.627
11264.3 547.548
11276.3 548.39
11288.3 549.152
11300.3 549.834
11312.3 550.434
11324.3 551.681
11336.3 553.145
11348.3 554.53
11360.4 555.835
11372.4 557.06
11384.4 558.205
11396.4 559.27
11408.4 560.256
11420.4 561.162
11432.4 560.162
11444.4 558.97
11456.5 557.696
11468.5 556.339
11480.5 554.9
11492.5 553.38
11504.5 551.78
11516.5 550.1
11528.5 548.651
11540.5 548.493
11552.6 548.26
11564.6 547.955
11576.6 547.578
11588.6 547.129
11600.6 546.611
11612.6 546.024
11624.6 545.369
11636.6 544.691
11648.6 544.008
11660.7 543.262
11672.7 542.453
11684.7 541.583
11696.7 540.653
11708.7 539.666
11720.7 538.621
11732.7 537.522
11744.7 535.726
11756.8 533.548
11768.8 531.317
11780.8 529.034
11792.8 526.702
11804.8 524.322
11816.8 521.895
11828.8 519.423
11840.8 516.907
11852.9 514.992
11864.9 513.112
11876.9 511.195
11888.9 509.242
11900.9 507.254
11912.9 505.234
11924.9 503.182
11936.9 501.101
11948.9 498.999
11961 496.92
11973 494.816
11985 492.689
11997 490.539
12009 488.368
12021 486.177
12033 483.968
12045 481.742
12057.1 479.727
12069.1 478.082
12081.1 476.426
12093.1 474.759
12105.1 473.082
12117.1 471.398
12129.1 469.706
12141.1 468.008
12153.2 466.305
12165.2 463.007
12177.2 458.663
12189.2 454.311
12201.2 449.954
12213.2 445.592
12225.2 441.226
12237.2 436.856
12249.2 432.485
12261.3 428.112
12273.3 425.941
12285.3 424.2
12297.3 422.465
12309.3 420.736
12321.3 419.016
12333.3 417.304
12345.3 415.6
12357.4 413.907
12369.4 412.03
12381.4 407.961
12393.4 403.898
12405.4 399.842
12417.4 395.794
12429.4 391.755
12441.4 387.724
12453.5 383.703
12465.5 379.692
12477.5 375.52
12489.5 370.985
12501.5 366.46
12513.5 361.945
12525.5 357.441
12537.5 352.947
12549.5 348.465
12561.6 343.995
12573.6 339.536
12585.6 335.327
12597.6 331.319
12609.6 327.325
12621.6 323.344
12633.6 319.377
12645.6 315.424
12657.7 311.485
12669.7 307.56
12681.7 303.65
12693.7 300.241
12705.7 296.977
12717.7 293.729
12729.7 290.496
12741.7 287.28
12753.8 284.08
12765.8 280.896
12777.8 277.728
12789.8 274.598
12801.8 272.347
12813.8 270.114
12825.8 267.899
12837.8 265.702
12849.8 263.523
12861.9 261.361
12873.9 259.218
12885.9 257.093
12897.9 255.175
12909.9 253.795
12921.9 252.435
12933.9 251.094
12945.9 249.772
12958 248.469
12970 247.186
12982 245.921
12994 244.674
13006 243.569
13018 242.603
13030 241.657
13042 240.73
13054.1 239.821
13066.1 238.931
13078.1 238.06
13090.1 237.208
13102.1 236.374
13114.1 235.149
13126.1 233.793
13138.1 232.455
13150.2 231.133
13162.2 229.828
13174.2 228.54
13186.2 227.269
13198.2 226.015
13210.2 224.777
13222.2 223.938
13234.2 223.126
13246.2 222.331
13258.3 221.553
13270.3 220.791
13282.3 220.046
13294.3 219.317
13306.3 218.604
13318.3 217.771
13330.3 216.436
13342.3 215.116
13354.4 213.81
13366.4 212.519
13378.4 211.242
13390.4 209.979
13402.4 208.73
13414.4 207.495
13426.4 205.851
13438.4 203.689
13450.5 201.539
13462.5 199.4
13474.5 197.273
13486.5 195.158
13498.5 193.054
13510.5 190.961
13522.5 188.879
13534.5 187.321
13546.5 186.01
13558.6 184.711
13570.6 183.425
13582.6 182.15
13594.6 180.886
13606.6 179.635
13618.6 178.394
13630.6 177.165
13642.6 175.809
13654.7 174.451
13666.7 173.104
13678.7 171.768
13690.7 170.442
13702.7 169.126
13714.7 167.821
13726.7 166.525
13738.7 165.329
13750.8 164.604
13762.8 163.891
13774.8 163.188
13786.8 162.496
13798.8 161.814
13810.8 161.142
13822.8 160.48
13834.8 159.829
13846.8 159.342
13858.9 159.102
13870.9 158.872
13882.9 158.652
13894.9 158.443
13906.9 158.244
13918.9 158.055
13930.9 157.875
13942.9 157.706
13955 157.578
13967 157.48
13979 157.392
13991 157.312
14003 157.243
14015 157.182
14027 157.131
14039 157.089
14051.1 157.055
14063.1 156.83
14075.1 156.583
14087.1 156.345
14099.1 156.115
14111.1 155.893
14123.1 155.679
14135.1 155.474
14147.1 155.275
14159.2 154.926
14171.2 153.223
14183.2 151.525
14195.2 149.831
14207.2 148.143
14219.2 146.46
14231.2 144.781
14243.2 143.106
14255.3 141.436
14267.3 139.816
14279.3 138.288
14291.3 136.764
14303.3 135.245
14315.3 133.73
14327.3 132.22
14339.3 130.713
14351.4 129.211
14363.4 127.712
14375.4 126.624
14387.4 125.834
14399.4 125.048
14411.4 124.268
14423.4 123.492
14435.4 122.721
14447.4 121.954
14459.5 121.192
14471.5 120.434
14483.5 119.664
14495.5 118.893
14507.5 118.127
14519.5 117.365
14531.5 116.606
14543.5 115.852
14555.6 115.102
14567.6 114.355
14579.6 113.628
14591.6 113.166
14603.6 112.708
14615.6 112.254
14627.6 111.803
14639.6 111.357
14651.7 110.914
14663.7 110.475
14675.7 110.039
14687.7 109.696
14699.7 109.574
14711.7 109.455
14723.7 109.341
14735.7 109.23
14747.7 109.122
14759.8 109.019
14771.8 108.918
14783.8 108.821
14795.8 108.446
14807.8 107.817
14819.8 107.191
14831.8 106.567
14843.8 105.945
14855.9 105.325
14867.9 104.707
14879.9 104.091
14891.9 103.477
14903.9 102.353
14915.9 101.074
14927.9 99.7954
14939.9 98.5173
14952 97.2394
14964 95.9619
14976 94.6844
14988 93.407
15000 92.1296
15012 91.1478
15024 90.1662
15036 89.1848
15048 88.2035
15060.1 87.2222
15072.1 86.2408
15084.1 85.2593
15096.1 84.2775
15108.1 83.3661
15120.1 82.6863
15132.1 82.0065
15144.1 81.3265
15156.2 80.6462
15168.2 79.9656
15180.2 79.2846
15192.2 78.603
15204.2 77.9207
15216.2 77.3645
15228.2 76.9474
15240.2 76.5297
15252.3 76.1114
15264.3 75.6923
15276.3 75.2723
15288.3 74.8513
15300.3 74.4292
15312.3 74.0059
15324.3 73.6726
15336.3 73.3753
15348.3 73.0766
15360.4 72.7763
15372.4 72.4745
15384.4 72.1709
15396.4 71.8653
15408.4 71.5577
15420.4 71.2479
15432.4 70.8587
15444.4 70.4623
15456.5 70.0632
15468.5 69.6612
15480.5 69.2561
15492.5 68.8478
15504.5 68.4362
15516.5 68.021
15528.5 67.4614
15540.5 66.2793
15552.6 65.0919
15564.6 63.8992
15576.6 62.701
15588.6 61.497
15600.6 60.287
15612.6 59.071
15624.6 57.8487
15636.6 56.483
15648.6 54.9205
15660.7 53.3506
15672.7 51.7732
15684.7 50.1878
15696.7 48.5944
15708.7 46.9927
15720.7 45.3825
15732.7 43.7635
15744.7 42.4386
15756.8 41.2602
15768.8 40.073
15780.8 38.8768
15792.8 37.6711
15804.8 36.4559
15816.8 35.2308
15828.8 33.9955
15840.8 32.7497
15852.9 31.7052
15864.9 30.6749
15876.9 29.6335
15888.9 28.5807
15900.9 27.5163
15912.9 26.4399
15924.9 25.3511
15936.9 24.2496
15948.9 23.1279
15961 21.9447
15973 20.7476
15985 19.5362
15997 18.3101
16009 17.0691
16021 15.8125
16033 14.5401
16045 13.2514
16057.1 11.9182
16069.1 10.5208
16081.1 9.1057
16093.1 7.67241
16105.1 6.22048
16117.1 4.74945
16129.1 3.25885
16141.1 1.74819
16153.2 0.216974
16165.2 -1.68506
16177.2 -3.83788
16189.2 -6.01361
16201.2 -8.21278
16213.2 -10.4359
16225.2 -12.6835
16237.2 -14.9561
16249.2 -17.2542
16261.3 -19.5784
16273.3 -22.1637
16285.3 -24.8216
16297.3 -27.5076
16309.3 -30.2222
16321.3 -32.9658
16333.3 -35.7391
16345.3 -38.5425
16357.4 -41.3766
16369.4 -44.1938
16381.4 -46.4965
16393.4 -48.8304
16405.4 -51.1959
16417.4 -53.5933
16429.4 -56.0231
16441.4 -58.4856
16453.5 -60.9812
16465.5 -63.51
16477.5 -65.8602
16489.5 -67.7809
16501.5 -69.7345
16513.5 -71.7211
16525.5 -73.7407
16537.5 -75.7931
16549.5 -77.8784
16561.6 -79.9963
16573.6 -82.1464
16585.6 -84.0756
16597.6 -85.8343
16609.6 -87.6232
16621.6 -89.4415
16633.6 -91.2884
16645.6 -93.163
16657.7 -95.0642
16669.7 -96.9907
16681.7 -98.941
16693.7 -100.764
16705.7 -102.567
16717.7 -104.389
16729.7 -106.227
16741.7 -108.079
16753.8 -109.943
16765.8 -111.815
16777.8 -113.693
16789.8 -115.574
16801.8 -117.493
16813.8 -119.407
16825.8 -121.314
16837.8 -123.208
16849.8 -125.087
16861.9 -126.945
16873.9 -128.778
16885.9 -130.581
16897.9 -132.35
16909.9 -134.08
16921.9 -135.766
16933.9 -137.401
16945.9 -138.981
16958 -140.499
16970 -141.951
16982 -143.331
16994 -144.633
17006 -145.835
17018 -146.933
17030 -147.938
17042 -148.843
17054.1 -149.645
17066.1 -150.339
17078.1 -150.921
17090.1 -151.386
17102.1 -151.731
17114.1 -152.235
17126.1 -152.717
17138.1 -153.07
17150.2 -153.294
17162.2 -153.385
17174.2 -153.344
17186.2 -153.169
17198.2 -152.861
17210.2 -152.419
17222.2 -152.429
17234.2 -152.323
17246.2 -152.089
17258.3 -151.73
17270.3 -151.247
17282.3 -150.644
17294.3 -149.925
17306.3 -149.094
17318.3 -148.307
17330.3 -147.994
17342.3 -147.583
17354.4 -147.078
17366.4 -146.485
17378.4 -145.809
17390.4 -145.055
17402.4 -144.228
17414.4 -143.335
17426.4 -142.622
17438.4 -142.159
17450.5 -141.644
17462.5 -141.085
17474.5 -140.486
17486.5 -139.852
17498.5 -139.188
17510.5 -138.498
17522.5 -137.787
17534.5 -136.789
17546.5 -135.655
17558.6 -134.511
17570.6 -133.361
17582.6 -132.21
17594.6 -131.061
17606.6 -129.916
17618.6 -128.779
17630.6 -127.653
17642.6 -126.534
17654.7 -125.43
17666.7 -124.344
17678.7 -123.277
17690.7 -122.231
17702.7 -121.208
17714.7 -120.21
17726.7 -119.237
17738.7 -117.607
17750.8 -112.445
17762.8 -107.307
17774.8 -102.192
17786.8 -97.1024
17798.8 -92.038
17810.8 -86.9992
17822.8 -81.9867
17834.8 -77.0006
17846.8 -73.2934
17858.9 -71.5326
17870.9 -69.803
17882.9 -68.1045
17894.9 -66.4373
17906.9 -64.8011
17918.9 -63.196
17930.9 -61.6216
17942.9 -60.0777
17955 -58.5642
17967 -57.0807
17979 -55.6269
17991 -54.2025
18003 -52.8071
18015 -51.4403
18027 -50.1018
18039 -48.791
18051.1 -47.5077
18063.1 -46.2514
18075.1 -45.0216
18087.1 -43.8178
18099.1 -42.6397
18111.1 -41.4867
18123.1 -40.3584
18135.1 -39.2544
18147.1 -38.1742
18159.2 -37.1172
18171.2 -36.0831
18183.2 -35.0714
18195.2 -34.0817
18207.2 -33.1134
18219.2 -32.1662
18231.2 -31.2396
18243.2 -30.3331
18255.3 -29.4464
18267.3 -28.5789
18279.3 -27.7304
18291.3 -26.9003
18303.3 -26.0883
18315.3 -25.2939
18327.3 -24.5168
18339.3 -23.7566
18351.4 -23.0129
18363.4 -22.2853
18375.4 -21.5735
18387.4 -20.8771
18399.4 -20.1958
18411.4 -19.5291
18423.4 -18.8769
18435.4 -18.2387
18447.4 -17.6142
18459.5 -17.0031
18471.5 -16.4051
18483.5 -15.82
18495.5 -15.2473
18507.5 -14.6868
18519.5 -14.1383
18531.5 -13.6015
18543.5 -13.076
18555.6 -12.5617
18567.6 -12.0582
18579.6 -11.5654
18591.6 -11.083
18603.6 -10.6107
18615.6 -10.1483
18627.6 -9.6956
18639.6 -9.25236
18651.7 -8.81837
18663.7 -8.39342
18675.7 -7.9773
18687.7 -7.56981
18699.7 -7.17076
18711.7 -6.77995
18723.7 -6.39719
18735.7 -6.02231
18747.7 -5.65513
18759.8 -5.29548
18771.8 -4.94318
18783.8 -4.59807
18795.8 -4.26
18807.8 -3.9288
18819.8 -3.60432
18831.8 -3.28642
18843.8 -2.97494
18855.9 -2.66975
18867.9 -2.3707
18879.9 -2.07767
18891.9 -1.79052
18903.9 -1.50913
18915.9 -1.23336
18927.9 -0.96309
18939.9 -0.698211
18952 -0.4386
18964 -0.184146
18976 0.0652638
18988 0.309737
19000 0.549378
