7000 -45.8562
7012.01 -46.7603
7024.02 -47.7042
7036.04 -48.6897
7048.05 -49.7189
7060.06 -50.794
7072.07 -51.9173
7084.08 -53.091
7096.1 -54.3174
7108.11 -55.5989
7120.12 -56.9377
7132.13 -58.3363
7144.14 -59.7968
7156.16 -61.3215
7168.17 -62.9124
7180.18 -64.5712
7192.19 -66.2996
7204.2 -68.0989
7216.22 -69.9698
7228.23 -71.9127
7240.24 -73.9272
7252.25 -76.0122
7264.26 -78.1658
7276.28 -80.3849
7288.29 -82.6652
7300.3 -85.0013
7312.31 -87.3859
7324.32 -89.8101
7336.34 -92.2633
7348.35 -94.7327
7360.36 -97.2037
7372.37 -99.6593
7384.38 -102.081
7396.4 -104.447
7408.41 -106.735
7420.42 -108.921
7432.43 -110.98
7444.44 -112.886
7456.46 -114.614
7468.47 -116.138
7480.48 -117.436
7492.49 -118.485
7504.5 -119.269
7516.52 -119.772
7528.53 -119.986
7540.54 -119.903
7552.55 -119.524
7564.56 -118.852
7576.58 -117.897
7588.59 -116.671
7600.6 -115.191
7612.61 -113.476
7624.62 -111.548
7636.64 -109.403
7648.65 -107.052
7660.66 -104.561
7672.67 -101.952
7684.68 -99.2498
7696.7 -96.4744
7708.71 -93.6461
7720.72 -90.7829
7732.73 -87.9006
7744.74 -85.1632
7756.76 -82.5112
7768.77 -79.8765
7780.78 -77.2675
7792.79 -74.6905
7804.8 -72.1505
7816.82 -69.651
7828.83 -67.1944
7840.84 -64.782
7852.85 -62.3287
7864.86 -59.909
7876.88 -57.5318
7888.89 -55.1954
7900.9 -52.8974
7912.91 -50.6353
7924.92 -48.406
7936.94 -46.2063
7948.95 -43.9923
7960.96 -41.534
7972.97 -39.0933
7984.98 -36.6661
7997 -34.2485
8009.01 -31.8364
8021.02 -29.4255
8033.03 -27.0117
8045.05 -24.5909
8057.06 -22.3064
8069.07 -20.2603
8081.08 -18.1958
8093.09 -16.109
8105.11 -13.9957
8117.12 -11.8521
8129.13 -9.67453
8141.14 -7.45941
8153.15 -5.20341
8165.17 -2.45219
8177.18 0.641289
8189.19 3.78597
8201.2 6.98372
8213.21 10.2358
8225.23 13.543
8237.24 16.905
8249.25 20.3209
8261.26 23.7886
8273.27 25.5246
8285.29 26.9649
8297.3 28.4374
8309.31 29.9345
8321.32 31.4472
8333.33 32.9644
8345.35 34.4733
8357.36 35.9591
8369.37 37.6776
8381.38 42.5156
8393.39 47.2853
8405.41 51.9653
8417.42 56.5329
8429.43 60.9649
8441.44 65.2379
8453.45 69.3289
8465.47 73.2161
8477.48 75.8152
8489.49 75.8645
8501.5 75.6474
8513.51 75.1524
8525.53 74.3719
8537.54 73.3027
8549.55 71.9456
8561.56 70.306
8573.57 68.3932
8585.59 67.0568
8597.6 66.1577
8609.61 65.0381
8621.62 63.7191
8633.63 62.2231
8645.65 60.5736
8657.66 58.794
8669.67 56.9075
8681.68 54.9365
8693.69 52.9023
8705.71 50.8247
8717.72 48.7219
8729.73 46.6104
8741.74 44.5049
8753.75 42.4183
8765.77 40.3617
8777.78 38.3447
8789.79 36.3752
8801.8 34.4596
8813.81 32.6033
8825.83 30.8104
8837.84 29.0838
8849.85 27.4257
8861.86 25.8375
8873.87 24.3199
8885.89 22.873
8897.9 21.4966
8909.91 20.1899
8921.92 18.952
8933.93 17.7815
8945.95 16.6769
8957.96 15.6367
8969.97 14.6592
8981.98 13.7424
8993.99 12.8847
9006.01 12.0841
9018.02 11.3388
9030.03 10.6469
9042.04 10.0066
9054.05 9.41609
9066.07 8.87365
9078.08 8.3776
9090.09 7.92631
9102.1 7.5182
9114.11 7.15178
9126.13 6.8256
9138.14 6.53828
9150.15 6.28851
9162.16 6.07504
9174.17 5.89668
9186.19 5.7523
9198.2 5.64083
9210.21 5.56126
9222.22 5.51264
9234.23 5.49407
9246.25 5.50469
9258.26 5.5437
9270.27 5.61035
9282.28 5.70394
9294.29 5.8238
9306.31 5.9693
9318.32 6.13987
9330.33 6.33495
9342.34 6.55405
9354.35 6.79668
9366.37 7.06241
9378.38 7.35083
9390.39 7.66155
9402.4 7.99423
9414.41 8.34855
9426.43 8.72419
9438.44 9.1209
9450.45 9.53842
9462.46 9.97652
9474.47 10.435
9486.49 10.9137
9498.5 11.4124
9510.51 11.9309
9522.52 12.4692
9534.53 13.0272
9546.55 13.6047
9558.56 14.2016
9570.57 14.818
9582.58 15.4536
9594.59 16.1086
9606.61 16.7829
9618.62 17.4764
9630.63 18.1891
9642.64 18.9211
9654.65 19.6724
9666.67 20.4431
9678.68 21.233
9690.69 22.0424
9702.7 22.8713
9714.71 23.7197
9726.73 24.5877
9738.74 25.4753
9750.75 26.3828
9762.76 27.3102
9774.77 28.2575
9786.79 29.225
9798.8 30.2126
9810.81 31.2206
9822.82 32.2491
9834.83 33.2982
9846.85 34.368
9858.86 35.4588
9870.87 36.5705
9882.88 37.7035
9894.89 38.8578
9906.91 40.0335
9918.92 41.231
9930.93 42.4503
9942.94 43.6915
9954.95 44.955
9966.97 46.2407
9978.98 47.5489
9990.99 48.8798
10003 50.2336
10015 51.6103
10027 53.0102
10039 54.4335
10051.1 55.8802
10063.1 57.3506
10075.1 58.8448
10087.1 60.363
10099.1 61.9053
10111.1 63.4719
10123.1 65.0629
10135.1 66.6784
10147.1 68.3187
10159.2 69.9837
10171.2 71.6737
10183.2 73.3886
10195.2 75.1287
10207.2 76.894
10219.2 78.6846
10231.2 80.5005
10243.2 82.3419
10255.3 84.2086
10267.3 86.1008
10279.3 88.0184
10291.3 89.9615
10303.3 91.93
10315.3 93.9239
10327.3 95.9431
10339.3 97.9875
10351.4 100.057
10363.4 102.151
10375.4 104.271
10387.4 106.415
10399.4 108.583
10411.4 110.775
10423.4 112.992
10435.4 115.232
10447.4 117.495
10459.5 119.781
10471.5 122.09
10483.5 124.42
10495.5 126.772
10507.5 129.146
10519.5 131.54
10531.5 133.953
10543.5 136.386
10555.6 138.838
10567.6 141.307
10579.6 143.793
10591.6 146.296
10603.6 148.813
10615.6 151.346
10627.6 153.891
10639.6 156.449
10651.7 159.018
10663.7 161.598
10675.7 164.186
10687.7 166.782
10699.7 169.384
10711.7 171.991
10723.7 174.601
10735.7 177.214
10747.7 179.827
10759.8 182.439
10771.8 185.048
10783.8 187.652
10795.8 190.251
10807.8 192.841
10819.8 195.421
10831.8 197.989
10843.8 200.543
10855.9 203.082
10867.9 205.602
10879.9 208.102
10891.9 210.58
10903.9 213.034
10915.9 215.461
10927.9 217.859
10939.9 220.226
10952 222.559
10964 224.856
10976 227.116
10988 229.335
11000 231.511
11012 233.642
11024 235.726
11036 237.761
11048 239.743
11060.1 241.671
11072.1 243.543
11084.1 245.356
11096.1 247.108
11108.1 248.369
11120.1 248.156
11132.1 247.872
11144.1 247.516
11156.2 247.085
11168.2 246.578
11180.2 245.994
11192.2 245.33
11204.2 244.585
11216.2 244.411
11228.2 244.873
11240.2 245.255
11252.3 245.553
11264.3 245.769
11276.3 245.9
11288.3 245.946
11300.3 245.908
11312.3 245.783
11324.3 246.16
11336.3 246.694
11348.3 247.142
11360.4 247.507
11372.4 247.788
11384.4 247.985
11396.4 248.099
11408.4 248.131
11420.4 248.081
11432.4 247.305
11444.4 246.41
11456.5 245.434
11468.5 244.379
11480.5 243.247
11492.5 242.038
11504.5 240.755
11516.5 239.398
11528.5 238.132
11540.5 237.514
11552.6 236.829
11564.6 236.079
11576.6 235.267
11588.6 234.395
11600.6 233.464
11612.6 232.477
11624.6 231.435
11636.6 230.351
11648.6 229.23
11660.7 228.062
11672.7 226.847
11684.7 225.59
11696.7 224.29
11708.7 222.952
11720.7 221.576
11732.7 220.165
11744.7 218.364
11756.8 216.348
11768.8 214.303
11780.8 212.229
11792.8 210.13
11804.8 208.008
11816.8 205.863
11828.8 203.699
11840.8 201.517
11852.9 199.401
11864.9 197.281
11876.9 195.149
11888.9 193.006
11900.9 190.853
11912.9 188.694
11924.9 186.528
11936.9 184.358
11948.9 182.16
11961 179.787
11973 177.414
11985 175.041
11997 172.67
12009 170.303
12021 167.939
12033 165.581
12045 163.229
12057.1 160.906
12069.1 158.627
12081.1 156.357
12093.1 154.097
12105.1 151.848
12117.1 149.611
12129.1 147.386
12141.1 145.174
12153.2 142.976
12165.2 140.026
12177.2 136.588
12189.2 133.162
12201.2 129.75
12213.2 126.352
12225.2 122.968
12237.2 119.598
12249.2 116.244
12261.3 112.905
12273.3 110.388
12285.3 108.044
12297.3 105.718
12309.3 103.41
12321.3 101.121
12333.3 98.8502
12345.3 96.598
12357.4 94.3646
12369.4 92.1502
12381.4 89.9553
12393.4 87.7796
12405.4 85.6228
12417.4 83.4853
12429.4 81.3668
12441.4 79.2675
12453.5 77.1873
12465.5 75.1261
12477.5 73.3289
12489.5 72.0854
12501.5 70.8623
12513.5 69.6595
12525.5 68.4771
12537.5 67.3147
12549.5 66.1725
12561.6 65.0502
12573.6 63.9477
12585.6 62.6517
12597.6 61.2048
12609.6 59.7766
12621.6 58.3669
12633.6 56.9757
12645.6 55.6027
12657.7 54.2478
12669.7 52.9108
12681.7 51.5916
12693.7 50.2091
12705.7 48.8223
12717.7 47.4526
12729.7 46.0997
12741.7 44.7635
12753.8 43.4439
12765.8 42.1405
12777.8 40.8533
12789.8 39.583
12801.8 38.3653
12813.8 37.1633
12825.8 35.9767
12837.8 34.8053
12849.8 33.6491
12861.9 32.5077
12873.9 31.381
12885.9 30.2689
12897.9 29.1455
12909.9 27.9659
12921.9 26.8001
12933.9 25.6478
12945.9 24.5089
12958 23.3831
12970 22.2704
12982 21.1705
12994 20.0832
13006 19.0455
13018 18.0572
13030 17.0812
13042 16.1172
13054.1 15.165
13066.1 14.2245
13078.1 13.2955
13090.1 12.3779
13102.1 11.4714
13114.1 10.1608
13126.1 8.7095
13138.1 7.2678
13150.2 5.83554
13162.2 4.41255
13174.2 2.99868
13186.2 1.59375
13198.2 0.197613
13210.2 -1.1899
13222.2 -2.32183
13234.2 -3.43889
13246.2 -4.54733
13258.3 -5.64732
13270.3 -6.73899
13282.3 -7.8225
13294.3 -8.89801
13306.3 -9.96565
13318.3 -10.9232
13330.3 -11.487
13342.3 -12.0424
13354.4 -12.5896
13366.4 -13.1288
13378.4 -13.6601
13390.4 -14.1837
13402.4 -14.6996
13414.4 -15.2081
13426.4 -15.4585
13438.4 -15.3863
13450.5 -15.3059
13462.5 -15.2176
13474.5 -15.1214
13486.5 -15.0175
13498.5 -14.9061
13510.5 -14.7871
13522.5 -14.6609
13534.5 -14.6666
13546.5 -14.7293
13558.6 -14.7854
13570.6 -14.835
13582.6 -14.8782
13594.6 -14.9152
13606.6 -14.946
13618.6 -14.9707
13630.6 -14.9895
13642.6 -15.5742
13654.7 -16.2044
13666.7 -16.8301
13678.7 -17.4514
13690.7 -18.0684
13702.7 -18.6812
13714.7 -19.2899
13726.7 -19.8947
13738.7 -20.5107
13750.8 -21.2015
13762.8 -21.8888
13774.8 -22.5727
13786.8 -23.2533
13798.8 -23.9306
13810.8 -24.6049
13822.8 -25.2762
13834.8 -25.9446
13846.8 -26.6388
13858.9 -27.3739
13870.9 -28.1066
13882.9 -28.8369
13894.9 -29.5649
13906.9 -30.2907
13918.9 -31.0144
13930.9 -31.7361
13942.9 -32.4559
13955 -33.2797
13967 -34.1645
13979 -35.048
13991 -35.9302
14003 -36.8113
14015 -37.6912
14027 -38.5702
14039 -39.4482
14051.1 -40.3254
14063.1 -41.2889
14075.1 -42.2646
14087.1 -43.24
14099.1 -44.2152
14111.1 -45.1901
14123.1 -46.1649
14135.1 -47.1397
14147.1 -48.1145
14159.2 -48.99
14171.2 -49.0148
14183.2 -49.0384
14195.2 -49.0608
14207.2 -49.0821
14219.2 -49.1023
14231.2 -49.1216
14243.2 -49.1401
14255.3 -49.1578
14267.3 -49.1824
14279.3 -49.2213
14291.3 -49.2596
14303.3 -49.2976
14315.3 -49.3353
14327.3 -49.3729
14339.3 -49.4103
14351.4 -49.4477
14363.4 -49.4852
14375.4 -49.7882
14387.4 -50.2835
14399.4 -50.78
14411.4 -51.2777
14423.4 -51.7766
14435.4 -52.277
14447.4 -52.7788
14459.5 -53.2822
14471.5 -53.7873
14483.5 -54.4782
14495.5 -55.2132
14507.5 -55.9506
14519.5 -56.6903
14531.5 -57.4326
14543.5 -58.1775
14555.6 -58.9251
14567.6 -59.6755
14579.6 -60.4504
14591.6 -61.5879
14603.6 -62.7291
14615.6 -63.8741
14627.6 -65.0231
14639.6 -66.1761
14651.7 -67.3332
14663.7 -68.4946
14675.7 -69.6604
14687.7 -70.9
14699.7 -72.3142
14711.7 -73.7334
14723.7 -75.1578
14735.7 -76.5875
14747.7 -78.0225
14759.8 -79.4631
14771.8 -80.9093
14783.8 -82.3612
14795.8 -83.5383
14807.8 -84.4659
14819.8 -85.3988
14831.8 -86.3369
14843.8 -87.2805
14855.9 -88.2297
14867.9 -89.1845
14879.9 -90.1452
14891.9 -91.1117
14903.9 -91.3121
14915.9 -91.2816
14927.9 -91.2558
14939.9 -91.2348
14952 -91.2187
14964 -91.2077
14976 -91.2018
14988 -91.2014
15000 -91.2063
15012 -91.3859
15024 -91.5714
15036 -91.7632
15048 -91.9612
15060.1 -92.1656
15072.1 -92.3766
15084.1 -92.5943
15096.1 -92.8189
15108.1 -93.136
15120.1 -93.7404
15132.1 -94.3527
15144.1 -94.9731
15156.2 -95.6017
15168.2 -96.2386
15180.2 -96.884
15192.2 -97.5381
15204.2 -98.201
15216.2 -99.0849
15228.2 -100.212
15240.2 -101.349
15252.3 -102.496
15264.3 -103.653
15276.3 -104.821
15288.3 -106
15300.3 -107.189
15312.3 -108.39
15324.3 -109.685
15336.3 -111.025
15348.3 -112.377
15360.4 -113.741
15372.4 -115.117
15384.4 -116.505
15396.4 -117.906
15408.4 -119.319
15420.4 -120.745
15432.4 -122.466
15444.4 -124.219
15456.5 -125.984
15468.5 -127.764
15480.5 -129.558
15492.5 -131.366
15504.5 -133.188
15516.5 -135.025
15528.5 -136.657
15540.5 -137.337
15552.6 -138.03
15564.6 -138.737
15576.6 -139.458
15588.6 -140.191
15600.6 -140.939
15612.6 -141.701
15624.6 -142.476
15636.6 -143.003
15648.6 -143.179
15660.7 -143.369
15672.7 -143.572
15684.7 -143.79
15696.7 -144.02
15708.7 -144.265
15720.7 -144.525
15732.7 -144.798
15744.7 -145.485
15756.8 -146.391
15768.8 -147.313
15780.8 -148.251
15792.8 -149.204
15804.8 -150.172
15816.8 -151.156
15828.8 -152.155
15840.8 -153.17
15852.9 -155.139
15864.9 -157.234
15876.9 -159.346
15888.9 -161.476
15900.9 -163.622
15912.9 -165.786
15924.9 -167.966
15936.9 -170.163
15948.9 -172.402
15961 -174.832
15973 -177.278
15985 -179.741
15997 -182.22
16009 -184.715
16021 -187.226
16033 -189.752
16045 -192.293
16057.1 -194.812
16069.1 -197.282
16081.1 -199.765
16093.1 -202.263
16105.1 -204.773
16117.1 -207.296
16129.1 -209.83
16141.1 -212.376
16153.2 -214.933
16165.2 -217.217
16177.2 -219.325
16189.2 -221.44
16201.2 -223.564
16213.2 -225.693
16225.2 -227.829
16237.2 -229.97
16249.2 -232.115
16261.3 -234.264
16273.3 -234.978
16285.3 -235.414
16297.3 -235.848
16309.3 -236.279
16321.3 -236.705
16333.3 -237.126
16345.3 -237.54
16357.4 -237.946
16369.4 -238.42
16381.4 -239.759
16393.4 -241.088
16405.4 -242.404
16417.4 -243.708
16429.4 -244.997
16441.4 -246.27
16453.5 -247.525
16465.5 -248.761
16477.5 -250.207
16489.5 -252.133
16501.5 -254.036
16513.5 -255.914
16525.5 -257.767
16537.5 -259.592
16549.5 -261.388
16561.6 -263.154
16573.6 -264.886
16585.6 -266.798
16597.6 -268.845
16609.6 -270.855
16621.6 -272.826
16633.6 -274.757
16645.6 -276.647
16657.7 -278.493
16669.7 -280.295
16681.7 -282.051
16693.7 -284.282
16705.7 -286.605
16717.7 -288.879
16729.7 -291.101
16741.7 -293.272
16753.8 -295.389
16765.8 -297.452
16777.8 -299.46
16789.8 -301.395
16801.8 -302.632
16813.8 -303.81
16825.8 -304.928
16837.8 -305.986
16849.8 -306.982
16861.9 -307.916
16873.9 -308.788
16885.9 -309.598
16897.9 -309.913
16909.9 -308.975
16921.9 -307.972
16933.9 -306.903
16945.9 -305.768
16958 -304.569
16970 -303.304
16982 -301.975
16994 -300.581
17006 -299.474
17018 -298.655
17030 -297.775
17042 -296.835
17054.1 -295.834
17066.1 -294.774
17078.1 -293.656
17090.1 -292.481
17102.1 -291.251
17114.1 -290.472
17126.1 -289.825
17138.1 -289.127
17150.2 -288.378
17162.2 -287.581
17174.2 -286.737
17186.2 -285.846
17198.2 -284.912
17210.2 -283.934
17222.2 -282.985
17234.2 -281.997
17246.2 -280.971
17258.3 -279.909
17270.3 -278.811
17282.3 -277.68
17294.3 -276.517
17306.3 -275.324
17318.3 -274.121
17330.3 -272.962
17342.3 -271.777
17354.4 -270.568
17366.4 -269.337
17378.4 -268.085
17390.4 -266.814
17402.4 -265.525
17414.4 -264.219
17426.4 -262.842
17438.4 -261.38
17450.5 -259.906
17462.5 -258.421
17474.5 -256.926
17486.5 -255.422
17498.5 -253.911
17510.5 -252.393
17522.5 -250.871
17534.5 -248.401
17546.5 -245.494
17558.6 -242.584
17570.6 -239.67
17582.6 -236.755
17594.6 -233.839
17606.6 -230.923
17618.6 -228.009
17630.6 -225.095
17642.6 -222.031
17654.7 -218.957
17666.7 -215.886
17678.7 -212.82
17690.7 -209.759
17702.7 -206.704
17714.7 -203.655
17726.7 -200.613
17738.7 -197.976
17750.8 -197.416
17762.8 -196.868
17774.8 -196.332
17786.8 -195.808
17798.8 -195.298
17810.8 -194.801
17822.8 -194.318
17834.8 -193.849
17846.8 -192.903
17858.9 -191.22
17870.9 -189.55
17882.9 -187.894
17894.9 -186.251
17906.9 -184.622
17918.9 -183.007
17930.9 -181.407
17942.9 -179.82
17955 -178.248
17967 -176.691
17979 -175.148
17991 -173.62
18003 -172.106
18015 -170.608
18027 -169.124
18039 -167.655
18051.1 -166.201
18063.1 -164.762
18075.1 -163.338
18087.1 -161.929
18099.1 -160.534
18111.1 -159.154
18123.1 -157.789
18135.1 -156.439
18147.1 -155.103
18159.2 -153.782
18171.2 -152.476
18183.2 -151.184
18195.2 -149.906
18207.2 -148.643
18219.2 -147.393
18231.2 -146.158
18243.2 -144.937
18255.3 -143.73
18267.3 -142.536
18279.3 -141.356
18291.3 -140.19
18303.3 -139.037
18315.3 -137.898
18327.3 -136.771
18339.3 -135.658
18351.4 -134.558
18363.4 -133.47
18375.4 -132.396
18387.4 -131.334
18399.4 -130.284
18411.4 -129.246
18423.4 -128.221
18435.4 -127.208
18447.4 -126.207
18459.5 -125.218
18471.5 -124.24
18483.5 -123.274
18495.5 -122.319
18507.5 -121.375
18519.5 -120.443
18531.5 -119.522
18543.5 -118.611
18555.6 -117.711
18567.6 -116.822
18579.6 -115.944
18591.6 -115.075
18603.6 -114.217
18615.6 -113.369
18627.6 -112.531
18639.6 -111.703
18651.7 -110.885
18663.7 -110.076
18675.7 -109.277
18687.7 -108.487
18699.7 -107.706
18711.7 -106.934
18723.7 -106.172
18735.7 -105.418
18747.7 -104.673
18759.8 -103.937
18771.8 -103.209
18783.8 -102.49
18795.8 -101.778
18807.8 -101.076
18819.8 -100.381
18831.8 -99.6941
18843.8 -99.0151
18855.9 -98.344
18867.9 -97.6805
18879.9 -97.0245
18891.9 -96.3761
18903.9 -95.735
18915.9 -95.1011
18927.9 -94.4744
18939.9 -93.8548
18952 -93.2421
18964 -92.6363
18976 -92.0373
18988 -91.445
19000 -90.8593
