7000 -1.28275
7012.01 -1.3468
7024.02 -1.41473
7036.04 -1.48678
7048.05 -1.56316
7060.06 -1.64407
7072.07 -1.72973
7084.08 -1.82029
7096.1 -1.91593
7108.11 -2.01675
7120.12 -2.1228
7132.13 -2.23408
7144.14 -2.35047
7156.16 -2.47177
7168.17 -2.59762
7180.18 -2.72751
7192.19 -2.86075
7204.2 -2.99642
7216.22 -3.13339
7228.23 -3.27026
7240.24 -3.40541
7252.25 -3.53696
7264.26 -3.66284
7276.28 -3.7808
7288.29 -3.88853
7300.3 -3.98371
7312.31 -4.06414
7324.32 -4.12785
7336.34 -4.17322
7348.35 -4.19909
7360.36 -4.2048
7372.37 -4.1903
7384.38 -4.15607
7396.4 -4.10317
7408.41 -4.03308
7420.42 -3.94767
7432.43 -3.84906
7444.44 -3.73951
7456.46 -3.62128
7468.47 -3.4966
7480.48 -3.36754
7492.49 -3.23597
7504.5 -3.10356
7516.52 -2.97173
7528.53 -2.84166
7540.54 -2.7143
7552.55 -2.5904
7564.56 -2.47053
7576.58 -2.35509
7588.59 -2.24433
7600.6 -2.13842
7612.61 -2.03741
7624.62 -1.94128
7636.64 -1.83301
7648.65 -1.70603
7660.66 -1.58348
7672.67 -1.46516
7684.68 -1.34894
7696.7 -1.18872
7708.71 -1.03201
7720.72 -0.878614
7732.73 -0.728329
7744.74 -0.78291
7756.76 -0.945948
7768.77 -1.1125
7780.78 -1.28239
7792.79 -1.26605
7804.8 -0.756065
7816.82 -0.246854
7828.83 0.261718
7840.84 0.76978
7852.85 0.337407
7864.86 -0.209348
7876.88 -0.759491
7888.89 -1.31293
7900.9 -1.73703
7912.91 -2.0378
7924.92 -2.34081
7936.94 -2.64599
7948.95 -2.76704
7960.96 -1.6571
7972.97 -0.544861
7984.98 0.569742
7997 1.68676
8009.01 1.90928
8021.02 1.83218
8033.03 1.75405
8045.05 1.67493
8057.06 1.23823
8069.07 0.187614
8081.08 -0.866768
8093.09 -1.92489
8105.11 -2.98672
8117.12 -2.41418
8129.13 -1.81901
8141.14 -1.22256
8153.15 -0.624815
8165.17 -0.0689187
8177.18 0.460041
8189.19 0.990156
8201.2 1.52144
8213.21 1.61245
8225.23 0.166257
8237.24 -1.2845
8249.25 -2.7398
8261.26 -4.19963
8273.27 -3.29005
8285.29 -1.93173
8297.3 -0.569727
8309.31 0.79598
8321.32 2.14803
8333.33 3.48339
8345.35 4.82236
8357.36 6.16496
8369.37 7.24407
8381.38 5.2088
8393.39 3.16748
8405.41 1.12011
8417.42 -0.933284
8429.43 -2.81799
8441.44 -4.63238
8453.45 -6.45206
8465.47 -8.27704
8477.48 -8.48547
8489.49 -5.1813
8501.5 -1.86788
8513.51 1.45481
8525.53 4.78676
8537.54 4.79305
8549.55 4.56271
8561.56 4.33159
8573.57 4.09971
8585.59 3.98985
8597.6 3.9792
8609.61 3.96841
8621.62 3.9575
8633.63 3.94645
8645.65 3.93527
8657.66 3.92398
8669.67 3.91256
8681.68 3.90102
8693.69 3.88937
8705.71 3.8776
8717.72 3.86573
8729.73 3.85374
8741.74 3.84164
8753.75 3.82944
8765.77 3.81714
8777.78 3.80473
8789.79 3.79223
8801.8 3.77963
8813.81 3.76693
8825.83 3.75413
8837.84 3.74124
8849.85 3.72826
8861.86 3.71519
8873.87 3.70204
8885.89 3.68879
8897.9 3.67546
8909.91 3.66204
8921.92 3.64854
8933.93 3.63495
8945.95 3.62129
8957.96 3.60754
8969.97 3.59372
8981.98 3.57982
8993.99 3.56584
9006.01 3.55178
9018.02 3.53765
9030.03 3.52345
9042.04 3.50917
9054.05 3.49482
9066.07 3.4804
9078.08 3.46591
9090.09 3.45135
9102.1 3.43672
9114.11 3.42203
9126.13 3.40726
9138.14 3.39243
9150.15 3.37754
9162.16 3.36258
9174.17 3.34755
9186.19 3.33247
9198.2 3.31732
9210.21 3.3021
9222.22 3.28683
9234.23 3.2715
9246.25 3.25611
9258.26 3.24066
9270.27 3.22515
9282.28 3.20958
9294.29 3.19395
9306.31 3.17827
9318.32 3.16254
9330.33 3.14675
9342.34 3.1309
9354.35 3.115
9366.37 3.09905
9378.38 3.08304
9390.39 3.06698
9402.4 3.05087
9414.41 3.03471
9426.43 3.0185
9438.44 3.00224
9450.45 2.98594
9462.46 2.96958
9474.47 2.95317
9486.49 2.93672
9498.5 2.92022
9510.51 2.90368
9522.52 2.88709
9534.53 2.87046
9546.55 2.85378
9558.56 2.83705
9570.57 2.82029
9582.58 2.80348
9594.59 2.78663
9606.61 2.76974
9618.62 2.75281
9630.63 2.73584
9642.64 2.71883
9654.65 2.70178
9666.67 2.6847
9678.68 2.66757
9690.69 2.65041
9702.7 2.63322
9714.71 2.61598
9726.73 2.59872
9738.74 2.58142
9750.75 2.56408
9762.76 2.54672
9774.77 2.52932
9786.79 2.51189
9798.8 2.49443
9810.81 2.47694
9822.82 2.45943
9834.83 2.44188
9846.85 2.42431
9858.86 2.40671
9870.87 2.38908
9882.88 2.37143
9894.89 2.35375
9906.91 2.33606
9918.92 2.31833
9930.93 2.30059
9942.94 2.28283
9954.95 2.26504
9966.97 2.24724
9978.98 2.22942
9990.99 2.21158
10003 2.19373
10015 2.17586
10027 2.15797
10039 2.14007
10051.1 2.12216
10063.1 2.10424
10075.1 2.08631
10087.1 2.06837
10099.1 2.05042
10111.1 2.03247
10123.1 2.0145
10135.1 1.99654
10147.1 1.97857
10159.2 1.96059
10171.2 1.94262
10183.2 1.92465
10195.2 1.90667
10207.2 1.8887
10219.2 1.87074
10231.2 1.85278
10243.2 1.83482
10255.3 1.81688
10267.3 1.79894
10279.3 1.78101
10291.3 1.7631
10303.3 1.7452
10315.3 1.72732
10327.3 1.70945
10339.3 1.6916
10351.4 1.67377
10363.4 1.65596
10375.4 1.63818
10387.4 1.62042
10399.4 1.60269
10411.4 1.58499
10423.4 1.56732
10435.4 1.54968
10447.4 1.53207
10459.5 1.5145
10471.5 1.49697
10483.5 1.47948
10495.5 1.46203
10507.5 1.44463
10519.5 1.42727
10531.5 1.40996
10543.5 1.3927
10555.6 1.37549
10567.6 1.35834
10579.6 1.34125
10591.6 1.32421
10603.6 1.30724
10615.6 1.29033
10627.6 1.27349
10639.6 1.25671
10651.7 1.24001
10663.7 1.22338
10675.7 1.20683
10687.7 1.19036
10699.7 1.17397
10711.7 1.15766
10723.7 1.14144
10735.7 1.12531
10747.7 1.10927
10759.8 1.09333
10771.8 1.07748
10783.8 1.06173
10795.8 1.04609
10807.8 1.03055
10819.8 1.01512
10831.8 0.999797
10843.8 0.98459
10855.9 0.969499
10867.9 0.954527
10879.9 0.939676
10891.9 0.924948
10903.9 0.910347
10915.9 0.895875
10927.9 0.881534
10939.9 0.867327
10952 0.853255
10964 0.839321
10976 0.825527
10988 0.811875
11000 0.798366
11012 0.785003
11024 0.771787
11036 0.75872
11048 0.745802
11060.1 0.733035
11072.1 0.720419
11084.1 0.707956
11096.1 0.695644
11108.1 0.663467
11120.1 0.565716
11132.1 0.467931
11144.1 0.370112
11156.2 0.272257
11168.2 0.411201
11180.2 0.59088
11192.2 0.771114
11204.2 0.951899
11216.2 0.951911
11228.2 0.75216
11240.2 0.552133
11252.3 0.351825
11264.3 0.188751
11276.3 0.411837
11288.3 0.635528
11300.3 0.859815
11312.3 1.08469
11324.3 1.05457
11336.3 0.919798
11348.3 0.784822
11360.4 0.649631
11372.4 0.62869
11384.4 0.839685
11396.4 1.05116
11408.4 1.26309
11420.4 1.47548
11432.4 1.37195
11444.4 1.24918
11456.5 1.1261
11468.5 1.0027
11480.5 1.0001
11492.5 1.09096
11504.5 1.18188
11516.5 1.27284
11528.5 1.33381
11540.5 1.2628
11552.6 1.19142
11564.6 1.11965
11576.6 1.04746
11588.6 1.07656
11600.6 1.12983
11612.6 1.18285
11624.6 1.23561
11636.6 1.26835
11648.6 1.27338
11660.7 1.27797
11672.7 1.28208
11684.7 1.2849
11696.7 1.26841
11708.7 1.25134
11720.7 1.23365
11732.7 1.21531
11744.7 1.16383
11756.8 1.09496
11768.8 1.02528
11780.8 0.95477
11792.8 0.91728
11804.8 0.968782
11816.8 1.01965
11828.8 1.06987
11840.8 1.11943
11852.9 1.16299
11864.9 1.20523
11876.9 1.24677
11888.9 1.28761
11900.9 1.25878
11912.9 1.16442
11924.9 1.06908
11936.9 0.972772
11948.9 0.899531
11961 0.987911
11973 1.07571
11985 1.16295
11997 1.24963
12009 1.21185
12021 1.13195
12033 1.0512
12045 0.969642
12057.1 0.923411
12069.1 0.937776
12081.1 0.951579
12093.1 0.964844
12105.1 0.977595
12117.1 1.03845
12129.1 1.09973
12141.1 1.16067
12153.2 1.2213
12165.2 1.20991
12177.2 1.1512
12189.2 1.09203
12201.2 1.0324
12213.2 1.00306
12225.2 1.07871
12237.2 1.15426
12249.2 1.22974
12261.3 1.30516
12273.3 1.24022
12285.3 1.14797
12297.3 1.05541
12309.3 0.962561
12321.3 0.942613
12333.3 1.00866
12345.3 1.07479
12357.4 1.14102
12369.4 1.20986
12381.4 1.30721
12393.4 1.40478
12405.4 1.50257
12417.4 1.60061
12429.4 1.52419
12441.4 1.37037
12453.5 1.21636
12465.5 1.06215
12477.5 0.959429
12489.5 0.969354
12501.5 0.979435
12513.5 0.989681
12525.5 1.0001
12537.5 1.09612
12549.5 1.19838
12561.6 1.30101
12573.6 1.40402
12585.6 1.50167
12597.6 1.59513
12609.6 1.68896
12621.6 1.78315
12633.6 1.78584
12645.6 1.33745
12657.7 0.888401
12669.7 0.438707
12681.7 -0.0116342
12693.7 0.377501
12705.7 0.990646
12717.7 1.60516
12729.7 2.22104
12741.7 2.41606
12753.8 2.00699
12765.8 1.59735
12777.8 1.18714
12789.8 0.777556
12801.8 0.415462
12813.8 0.0528911
12825.8 -0.310158
12837.8 -0.673685
12849.8 -0.317011
12861.9 0.437252
12873.9 1.19312
12885.9 1.95059
12897.9 2.42023
12909.9 2.09245
12921.9 1.76424
12933.9 1.4356
12945.9 1.10653
12958 0.74473
12970 0.377983
12982 0.0107301
12994 -0.35703
13006 -0.13959
13018 0.66467
13030 1.47058
13042 2.27814
13054.1 2.8543
13066.1 1.73798
13078.1 0.619768
13090.1 -0.500354
13102.1 -1.62238
13114.1 -1.11464
13126.1 -0.0132877
13138.1 1.09023
13150.2 2.1959
13162.2 2.80564
13174.2 2.5101
13186.2 2.21415
13198.2 1.91779
13210.2 1.62102
13222.2 0.478387
13234.2 -0.687116
13246.2 -1.85461
13258.3 -3.02411
13270.3 -2.55982
13282.3 -0.950205
13294.3 0.662436
13306.3 2.2781
13318.3 3.26431
13330.3 1.86584
13342.3 0.464951
13354.4 -0.938358
13366.4 -2.34409
13378.4 -1.83774
13390.4 -0.939839
13402.4 -0.0402294
13414.4 0.861089
13426.4 1.48877
13438.4 1.77174
13450.5 2.0553
13462.5 2.33945
13474.5 2.49318
13486.5 0.744554
13498.5 -1.00711
13510.5 -2.76181
13522.5 -4.51955
13534.5 -3.68127
13546.5 -1.64806
13558.6 0.388827
13570.6 2.4294
13582.6 3.57119
13594.6 2.672
13606.6 1.77128
13618.6 0.869045
13630.6 -0.034721
13642.6 -0.487652
13654.7 -0.90157
13666.7 -1.31615
13678.7 -1.73139
13690.7 -1.16936
13702.7 0.226338
13714.7 1.62455
13726.7 3.02526
13738.7 3.953
13750.8 2.40972
13762.8 0.863784
13774.8 -0.684794
13786.8 -2.23602
13798.8 -2.21636
13810.8 -1.73708
13822.8 -1.25692
13834.8 -0.775861
13846.8 -0.397668
13858.9 -0.177695
13870.9 0.0427088
13882.9 0.263541
13894.9 0.486189
13906.9 0.793444
13918.9 1.10127
13930.9 1.40968
13942.9 1.71865
13955 1.23243
13967 0.275527
13979 -0.682979
13991 -1.64309
14003 -2.30506
14015 -2.06811
14027 -1.83071
14039 -1.59286
14051.1 -1.35456
14063.1 -0.0345651
14075.1 1.44793
14087.1 2.933
14099.1 4.42063
14111.1 3.8787
14123.1 1.1656
14135.1 -1.55209
14147.1 -4.27437
14159.2 -6.54673
14171.2 -4.93832
14183.2 -3.32715
14195.2 -1.71321
14207.2 -0.0965078
14219.2 0.768954
14231.2 1.35092
14243.2 1.93389
14255.3 2.51787
14267.3 2.19885
14279.3 0.111992
14291.3 -1.97836
14303.3 -4.07219
14315.3 -6.16952
14327.3 -4.35658
14339.3 -2.37587
14351.4 -0.391815
14363.4 1.59559
14375.4 2.0769
14387.4 1.4682
14399.4 0.858512
14411.4 0.247826
14423.4 -0.389627
14435.4 -1.13567
14447.4 -1.88294
14459.5 -2.63142
14471.5 -3.38112
14483.5 -2.65704
14495.5 -1.59546
14507.5 -0.532103
14519.5 0.533038
14531.5 1.08886
14543.5 0.982641
14555.6 0.876264
14567.6 0.769729
14579.6 0.605076
14591.6 -0.527161
14603.6 -1.66124
14615.6 -2.79718
14627.6 -3.93495
14639.6 -3.29812
14651.7 -1.78175
14663.7 -0.262876
14675.7 1.25851
14687.7 2.11298
14699.7 1.33141
14711.7 0.548574
14723.7 -0.235528
14735.7 -1.02089
14747.7 -1.64671
14759.8 -2.25788
14771.8 -2.87003
14783.8 -3.48316
14795.8 -3.13558
14807.8 -1.91357
14819.8 -0.689556
14831.8 0.536458
14843.8 1.40586
14855.9 0.163351
14867.9 -1.08115
14879.9 -2.32766
14891.9 -3.57616
14903.9 -3.09583
14915.9 -2.0862
14927.9 -1.07494
14939.9 -0.0620292
14952 0.451152
14964 0.14283
14976 -0.165976
14988 -0.475266
15000 -0.78504
15012 -1.08767
15024 -1.39077
15036 -1.69434
15048 -1.99839
15060.1 -1.79625
15072.1 -1.2844
15084.1 -0.771708
15096.1 -0.258191
15108.1 0.0444727
15120.1 -0.346734
15132.1 -0.738552
15144.1 -1.13098
15156.2 -1.52402
15168.2 -1.41985
15180.2 -1.23088
15192.2 -1.0416
15204.2 -0.852015
15216.2 -0.715777
15228.2 -0.638459
15240.2 -0.561009
15252.3 -0.483428
15264.3 -0.419199
15276.3 -0.493684
15288.3 -0.568276
15300.3 -0.642976
15312.3 -0.717785
15324.3 -0.791024
15336.3 -0.863681
15348.3 -0.936444
15360.4 -1.00931
15372.4 -1.03575
15384.4 -0.967956
15396.4 -0.900051
15408.4 -0.832031
15420.4 -0.763896
15432.4 -0.718148
15444.4 -0.67367
15456.5 -0.629116
15468.5 -0.584484
15480.5 -0.618742
15492.5 -0.71402
15504.5 -0.809438
15516.5 -0.904996
15528.5 -0.967759
15540.5 -0.885915
15552.6 -0.803937
15564.6 -0.721825
15576.6 -0.639578
15588.6 -0.597302
15600.6 -0.564577
15612.6 -0.531796
15624.6 -0.498957
15636.6 -0.500933
15648.6 -0.551236
15660.7 -0.601609
15672.7 -0.652054
15684.7 -0.697178
15696.7 -0.614047
15708.7 -0.530782
15720.7 -0.447384
15732.7 -0.363852
15744.7 -0.341604
15756.8 -0.350782
15768.8 -0.359969
15780.8 -0.369164
15792.8 -0.369867
15804.8 -0.34804
15816.8 -0.326174
15828.8 -0.304269
15840.8 -0.282326
15852.9 -0.254887
15864.9 -0.226761
15876.9 -0.198588
15888.9 -0.170367
15900.9 -0.167849
15912.9 -0.189473
15924.9 -0.211125
15936.9 -0.232805
15948.9 -0.255462
15961 -0.28457
15973 -0.313717
15985 -0.342904
15997 -0.372129
16009 -0.397204
16021 -0.420914
16033 -0.444656
16045 -0.468428
16057.1 -0.490051
16069.1 -0.508003
16081.1 -0.525977
16093.1 -0.543973
16105.1 -0.561992
16117.1 -0.566716
16129.1 -0.571223
16141.1 -0.575733
16153.2 -0.580244
16165.2 -0.600697
16177.2 -0.631599
16189.2 -0.662541
16201.2 -0.693526
16213.2 -0.724916
16225.2 -0.757598
16237.2 -0.790324
16249.2 -0.823095
16261.3 -0.855909
16273.3 -0.861172
16285.3 -0.861123
16297.3 -0.861069
16309.3 -0.861012
16321.3 -0.862089
16333.3 -0.864504
16345.3 -0.866918
16357.4 -0.869331
16369.4 -0.872403
16381.4 -0.882994
16393.4 -0.893596
16405.4 -0.904209
16417.4 -0.914834
16429.4 -0.938154
16441.4 -0.967115
16453.5 -0.996116
16465.5 -1.02515
16477.5 -1.0557
16489.5 -1.08948
16501.5 -1.12331
16513.5 -1.15718
16525.5 -1.19109
16537.5 -1.21845
16549.5 -1.24538
16561.6 -1.27235
16573.6 -1.29935
16585.6 -1.31876
16597.6 -1.33212
16609.6 -1.34549
16621.6 -1.35888
16633.6 -1.36957
16645.6 -1.36697
16657.7 -1.36436
16669.7 -1.36174
16681.7 -1.35912
16693.7 -1.34378
16705.7 -1.32504
16717.7 -1.30627
16729.7 -1.28747
16741.7 -1.27406
16753.8 -1.26841
16765.8 -1.26274
16777.8 -1.25706
16789.8 -1.25198
16801.8 -1.27136
16813.8 -1.29078
16825.8 -1.31021
16837.8 -1.32967
16849.8 -1.32866
16861.9 -1.31635
16873.9 -1.30403
16885.9 -1.29169
16897.9 -1.26845
16909.9 -1.21521
16921.9 -1.16188
16933.9 -1.10848
16945.9 -1.055
16958 -0.998975
16970 -0.942531
16982 -0.886004
16994 -0.829394
17006 -0.788549
17018 -0.763501
17030 -0.738416
17042 -0.713292
17054.1 -0.691852
17066.1 -0.697418
17078.1 -0.70299
17090.1 -0.708566
17102.1 -0.714149
17114.1 -0.727687
17126.1 -0.744129
17138.1 -0.760591
17150.2 -0.777074
17162.2 -0.785692
17174.2 -0.77997
17186.2 -0.774238
17198.2 -0.768496
17210.2 -0.762743
17222.2 -0.746423
17234.2 -0.729816
17246.2 -0.713185
17258.3 -0.696527
17270.3 -0.687621
17282.3 -0.684139
17294.3 -0.680651
17306.3 -0.677155
17318.3 -0.669738
17330.3 -0.647545
17342.3 -0.625319
17354.4 -0.60306
17366.4 -0.580768
17378.4 -0.541355
17390.4 -0.498401
17402.4 -0.455384
17414.4 -0.412307
17426.4 -0.380868
17438.4 -0.364079
17450.5 -0.347266
17462.5 -0.330427
17474.5 -0.315582
17486.5 -0.330021
17498.5 -0.344479
17510.5 -0.358954
17522.5 -0.373448
17534.5 -0.379348
17546.5 -0.381302
17558.6 -0.383257
17570.6 -0.385213
17582.6 -0.378643
17594.6 -0.352765
17606.6 -0.32685
17618.6 -0.300898
17630.6 -0.274909
17642.6 -0.241753
17654.7 -0.207925
17666.7 -0.174049
17678.7 -0.140125
17690.7 -0.110543
17702.7 -0.084657
17714.7 -0.058734
17726.7 -0.0327746
17738.7 -0.00949968
17750.8 -0.000339538
17762.8 0.00883423
17774.8 0.0180216
17786.8 0.0272226
17798.8 0.0320061
17810.8 0.0355034
17822.8 0.0390065
17834.8 0.0425155
17846.8 0.0445776
17858.9 0.0444187
17870.9 0.0442606
17882.9 0.0441035
17894.9 0.0439472
17906.9 0.0437918
17918.9 0.0436372
17930.9 0.0434835
17942.9 0.0433307
17955 0.0431787
17967 0.0430275
17979 0.0428772
17991 0.0427277
18003 0.042579
18015 0.0424311
18027 0.0422841
18039 0.0421378
18051.1 0.0419923
18063.1 0.0418477
18075.1 0.0417038
18087.1 0.0415607
18099.1 0.0414183
18111.1 0.0412767
18123.1 0.0411359
18135.1 0.0409959
18147.1 0.0408566
18159.2 0.040718
18171.2 0.0405802
18183.2 0.0404431
18195.2 0.0403068
18207.2 0.0401711
18219.2 0.0400362
18231.2 0.039902
18243.2 0.0397685
18255.3 0.0396357
18267.3 0.0395036
18279.3 0.0393723
18291.3 0.0392415
18303.3 0.0391115
18315.3 0.0389822
18327.3 0.0388535
18339.3 0.0387255
18351.4 0.0385982
18363.4 0.0384715
18375.4 0.0383455
18387.4 0.0382201
18399.4 0.0380954
18411.4 0.0379713
18423.4 0.0378479
18435.4 0.037725
18447.4 0.0376029
18459.5 0.0374813
18471.5 0.0373604
18483.5 0.03724
18495.5 0.0371203
18507.5 0.0370012
18519.5 0.0368827
18531.5 0.0367648
18543.5 0.0366475
18555.6 0.0365308
18567.6 0.0364147
18579.6 0.0362991
18591.6 0.0361841
18603.6 0.0360697
18615.6 0.0359559
18627.6 0.0358427
18639.6 0.03573
18651.7 0.0356178
18663.7 0.0355062
18675.7 0.0353952
18687.7 0.0352847
18699.7 0.0351748
18711.7 0.0350654
18723.7 0.0349566
18735.7 0.0348482
18747.7 0.0347404
18759.8 0.0346332
18771.8 0.0345264
18783.8 0.0344202
18795.8 0.0343145
18807.8 0.0342093
18819.8 0.0341046
18831.8 0.0340004
18843.8 0.0338968
18855.9 0.0337936
18867.9 0.0336909
18879.9 0.0335887
18891.9 0.033487
18903.9 0.0333858
18915.9 0.0332851
18927.9 0.0331849
18939.9 0.0330851
18952 0.0329858
18964 0.032887
18976 0.0327886
18988 0.0326907
19000 0.0325933
