7000 -4.22487
7012.01 -4.47398
7024.02 -4.73089
7036.04 -4.99567
7048.05 -5.26839
7060.06 -5.54908
7072.07 -5.83775
7084.08 -6.13439
7096.1 -6.43893
7108.11 -6.7513
7120.12 -7.07135
7132.13 -7.39891
7144.14 -7.73374
7156.16 -8.07558
7168.17 -8.42406
7180.18 -8.77879
7192.19 -9.13928
7204.2 -9.50499
7216.22 -9.87528
7228.23 -10.2494
7240.24 -10.6267
7252.25 -11.0061
7264.26 -11.3867
7276.28 -11.7674
7288.29 -12.1471
7300.3 -12.5244
7312.31 -12.8981
7324.32 -13.2666
7336.34 -13.6285
7348.35 -13.9821
7360.36 -14.3258
7372.37 -14.6578
7384.38 -14.9764
7396.4 -15.2797
7408.41 -15.5659
7420.42 -15.8333
7432.43 -16.08
7444.44 -16.3043
7456.46 -16.5045
7468.47 -16.6791
7480.48 -16.8266
7492.49 -16.9457
7504.5 -17.0351
7516.52 -17.0939
7528.53 -17.1213
7540.54 -17.1165
7552.55 -17.0793
7564.56 -17.0093
7576.58 -16.9067
7588.59 -16.7715
7600.6 -16.6044
7612.61 -16.4058
7624.62 -16.1766
7636.64 -15.8447
7648.65 -15.3835
7660.66 -14.8946
7672.67 -14.3795
7684.68 -13.8397
7696.7 -13.2767
7708.71 -12.6923
7720.72 -12.0881
7732.73 -11.4659
7744.74 -11.0146
7756.76 -10.6466
7768.77 -10.2665
7780.78 -9.87602
7792.79 -9.47663
7804.8 -9.06987
7816.82 -8.65716
7828.83 -8.23985
7840.84 -7.8192
7852.85 -7.38734
7864.86 -6.95332
7876.88 -6.5192
7888.89 -6.08589
7900.9 -5.65424
7912.91 -5.22498
7924.92 -4.79878
7936.94 -4.37624
7948.95 -3.95435
7960.96 -3.51368
7972.97 -3.07796
7984.98 -2.64749
7997 -2.22256
8009.01 -1.80339
8021.02 -1.39016
8033.03 -0.982992
8045.05 -0.581989
8057.06 -0.208509
8069.07 0.122108
8081.08 0.446302
8093.09 0.764099
8105.11 1.07555
8117.12 1.38072
8129.13 1.67969
8141.14 1.97257
8153.15 2.25946
8165.17 2.85856
8177.18 3.66025
8189.19 4.45791
8201.2 5.25168
8213.21 6.04173
8225.23 6.82821
8237.24 7.61128
8249.25 8.39111
8261.26 9.16786
8273.27 9.27577
8285.29 9.25379
8297.3 9.22695
8309.31 9.19541
8321.32 9.15934
8333.33 9.11891
8345.35 9.07428
8357.36 9.02562
8369.37 9.08367
8381.38 10.4288
8393.39 11.7744
8405.41 13.1206
8417.42 14.4676
8429.43 15.8155
8441.44 17.1644
8453.45 18.5146
8465.47 19.8661
8477.48 20.5777
8489.49 19.8998
8501.5 19.2179
8513.51 18.5322
8525.53 17.8427
8537.54 17.1497
8549.55 16.4531
8561.56 15.7532
8573.57 15.05
8585.59 14.9377
8597.6 15.3059
8609.61 15.6742
8621.62 16.0427
8633.63 16.4116
8645.65 16.7809
8657.66 17.1508
8669.67 17.5213
8681.68 17.8926
8693.69 18.2648
8705.71 18.6379
8717.72 19.0121
8729.73 19.3874
8741.74 19.764
8753.75 20.142
8765.77 20.5214
8777.78 20.9024
8789.79 21.285
8801.8 21.6693
8813.81 22.0555
8825.83 22.4435
8837.84 22.8336
8849.85 23.2258
8861.86 23.6201
8873.87 24.0167
8885.89 24.4157
8897.9 24.8171
8909.91 25.2211
8921.92 25.6276
8933.93 26.0369
8945.95 26.449
8957.96 26.8639
8969.97 27.2819
8981.98 27.7028
8993.99 28.1269
9006.01 28.5543
9018.02 28.9849
9030.03 29.419
9042.04 29.8565
9054.05 30.2977
9066.07 30.7424
9078.08 31.191
9090.09 31.6433
9102.1 32.0996
9114.11 32.56
9126.13 33.0244
9138.14 33.493
9150.15 33.9659
9162.16 34.4432
9174.17 34.925
9186.19 35.4113
9198.2 35.9023
9210.21 36.398
9222.22 36.8986
9234.23 37.4041
9246.25 37.9146
9258.26 38.4303
9270.27 38.9512
9282.28 39.4774
9294.29 40.0091
9306.31 40.5463
9318.32 41.0891
9330.33 41.6377
9342.34 42.192
9354.35 42.7524
9366.37 43.3187
9378.38 43.8912
9390.39 44.47
9402.4 45.0551
9414.41 45.6467
9426.43 46.2449
9438.44 46.8498
9450.45 47.4615
9462.46 48.0801
9474.47 48.7058
9486.49 49.3386
9498.5 49.9786
9510.51 50.6261
9522.52 51.281
9534.53 51.9436
9546.55 52.614
9558.56 53.2922
9570.57 53.9784
9582.58 54.6727
9594.59 55.3752
9606.61 56.0862
9618.62 56.8056
9630.63 57.5337
9642.64 58.2705
9654.65 59.0163
9666.67 59.771
9678.68 60.535
9690.69 61.3082
9702.7 62.0908
9714.71 62.883
9726.73 63.6849
9738.74 64.4967
9750.75 65.3185
9762.76 66.1503
9774.77 66.9924
9786.79 67.845
9798.8 68.708
9810.81 69.5818
9822.82 70.4664
9834.83 71.362
9846.85 72.2686
9858.86 73.1865
9870.87 74.1159
9882.88 75.0567
9894.89 76.0093
9906.91 76.9737
9918.92 77.95
9930.93 78.9384
9942.94 79.9391
9954.95 80.9522
9966.97 81.9778
9978.98 83.0161
9990.99 84.0671
10003 85.1311
10015 86.2082
10027 87.2984
10039 88.4019
10051.1 89.5189
10063.1 90.6495
10075.1 91.7937
10087.1 92.9517
10099.1 94.1236
10111.1 95.3095
10123.1 96.5095
10135.1 97.7237
10147.1 98.9523
10159.2 100.195
10171.2 101.453
10183.2 102.724
10195.2 104.011
10207.2 105.312
10219.2 106.628
10231.2 107.959
10243.2 109.304
10255.3 110.665
10267.3 112.04
10279.3 113.43
10291.3 114.835
10303.3 116.254
10315.3 117.689
10327.3 119.138
10339.3 120.602
10351.4 122.081
10363.4 123.574
10375.4 125.082
10387.4 126.604
10399.4 128.14
10411.4 129.691
10423.4 131.255
10435.4 132.833
10447.4 134.425
10459.5 136.03
10471.5 137.648
10483.5 139.279
10495.5 140.922
10507.5 142.578
10519.5 144.246
10531.5 145.925
10543.5 147.615
10555.6 149.316
10567.6 151.027
10579.6 152.749
10591.6 154.479
10603.6 156.218
10615.6 157.966
10627.6 159.721
10639.6 161.484
10651.7 163.253
10663.7 165.027
10675.7 166.807
10687.7 168.591
10699.7 170.378
10711.7 172.169
10723.7 173.961
10735.7 175.754
10747.7 177.547
10759.8 179.34
10771.8 181.131
10783.8 182.919
10795.8 184.703
10807.8 186.482
10819.8 188.255
10831.8 190.022
10843.8 191.78
10855.9 193.528
10867.9 195.266
10879.9 196.992
10891.9 198.705
10903.9 200.403
10915.9 202.086
10927.9 203.751
10939.9 205.398
10952 207.026
10964 208.632
10976 210.215
10988 211.775
11000 213.31
11012 214.818
11024 216.297
11036 217.748
11048 219.167
11060.1 220.554
11072.1 221.908
11084.1 223.226
11096.1 224.509
11108.1 225.405
11120.1 225.119
11132.1 224.79
11144.1 224.416
11156.2 223.996
11168.2 223.53
11180.2 223.016
11192.2 222.452
11204.2 221.839
11216.2 221.685
11228.2 222.044
11240.2 222.353
11252.3 222.61
11264.3 222.815
11276.3 222.968
11288.3 223.068
11300.3 223.114
11312.3 223.106
11324.3 223.448
11336.3 223.901
11348.3 224.301
11360.4 224.647
11372.4 224.939
11384.4 225.177
11396.4 225.361
11408.4 225.491
11420.4 225.568
11432.4 225.022
11444.4 224.388
11456.5 223.701
11468.5 222.96
11480.5 222.166
11492.5 221.32
11504.5 220.423
11516.5 219.476
11528.5 218.626
11540.5 218.375
11552.6 218.077
11564.6 217.735
11576.6 217.347
11588.6 216.917
11600.6 216.444
11612.6 215.929
11624.6 215.375
11636.6 214.827
11648.6 214.305
11660.7 213.747
11672.7 213.153
11684.7 212.526
11696.7 211.867
11708.7 211.176
11720.7 210.456
11732.7 209.707
11744.7 208.628
11756.8 207.367
11768.8 206.08
11780.8 204.769
11792.8 203.436
11804.8 202.08
11816.8 200.704
11828.8 199.309
11840.8 197.896
11852.9 196.716
11864.9 195.551
11876.9 194.372
11888.9 193.18
11900.9 191.977
11912.9 190.764
11924.9 189.541
11936.9 188.31
11948.9 187.06
11961 185.731
11973 184.396
11985 183.056
11997 181.713
12009 180.367
12021 179.02
12033 177.671
12045 176.322
12057.1 175.041
12069.1 173.874
12081.1 172.71
12093.1 171.549
12105.1 170.392
12117.1 169.238
12129.1 168.09
12141.1 166.947
12153.2 165.811
12165.2 163.981
12177.2 161.7
12189.2 159.424
12201.2 157.154
12213.2 154.89
12225.2 152.632
12237.2 150.381
12249.2 148.137
12261.3 145.901
12273.3 144.516
12285.3 143.303
12297.3 142.1
12309.3 140.908
12321.3 139.726
12333.3 138.556
12345.3 137.396
12357.4 136.248
12369.4 135.068
12381.4 133.405
12393.4 131.753
12405.4 130.111
12417.4 128.481
12429.4 126.861
12441.4 125.253
12453.5 123.655
12465.5 122.069
12477.5 120.527
12489.5 119.07
12501.5 117.624
12513.5 116.19
12525.5 114.767
12537.5 113.356
12549.5 111.956
12561.6 110.568
12573.6 109.191
12585.6 107.713
12597.6 106.156
12609.6 104.611
12621.6 103.076
12633.6 101.552
12645.6 100.039
12657.7 98.5362
12669.7 97.0443
12681.7 95.5629
12693.7 94.1367
12705.7 92.7327
12717.7 91.3392
12729.7 89.956
12741.7 88.5831
12753.8 87.2203
12765.8 85.8676
12777.8 84.5249
12789.8 83.1975
12801.8 82.1032
12813.8 81.019
12825.8 79.9448
12837.8 78.8805
12849.8 77.826
12861.9 76.7811
12873.9 75.7458
12885.9 74.72
12897.9 73.749
12909.9 72.9133
12921.9 72.087
12933.9 71.2699
12945.9 70.4622
12958 69.6635
12970 68.8738
12982 68.093
12994 67.3209
13006 66.659
13018 66.1075
13030 65.5647
13042 65.0306
13054.1 64.5051
13066.1 63.9881
13078.1 63.4795
13090.1 62.9791
13102.1 62.4868
13114.1 61.6792
13126.1 60.7615
13138.1 59.8508
13150.2 58.947
13162.2 58.05
13174.2 57.1597
13186.2 56.2759
13198.2 55.3987
13210.2 54.5278
13222.2 53.9352
13234.2 53.3561
13246.2 52.7835
13258.3 52.2174
13270.3 51.6577
13282.3 51.1043
13294.3 50.557
13306.3 50.0158
13318.3 49.4719
13330.3 48.9008
13342.3 48.3355
13354.4 47.7757
13366.4 47.2216
13378.4 46.6728
13390.4 46.1294
13402.4 45.5913
13414.4 45.0583
13426.4 44.4962
13438.4 43.8962
13450.5 43.3009
13462.5 42.7102
13474.5 42.1242
13486.5 41.5427
13498.5 40.9656
13510.5 40.3929
13522.5 39.8244
13534.5 39.4375
13546.5 39.1365
13558.6 38.8399
13570.6 38.5477
13582.6 38.2599
13594.6 37.9763
13606.6 37.6969
13618.6 37.4216
13630.6 37.1503
13642.6 36.5434
13654.7 35.91
13666.7 35.2798
13678.7 34.6527
13690.7 34.0285
13702.7 33.4073
13714.7 32.7889
13726.7 32.1733
13738.7 31.5843
13750.8 31.1221
13762.8 30.6628
13774.8 30.2062
13786.8 29.7524
13798.8 29.3011
13810.8 28.8525
13822.8 28.4063
13834.8 27.9626
13846.8 27.5476
13858.9 27.1754
13870.9 26.8055
13882.9 26.4378
13894.9 26.0725
13906.9 25.7093
13918.9 25.3482
13930.9 24.9892
13942.9 24.6321
13955 24.2401
13967 23.8281
13979 23.4178
13991 23.0091
14003 22.6021
14015 22.1965
14027 21.7925
14039 21.3898
14051.1 20.9885
14063.1 20.5073
14075.1 20.0152
14087.1 19.5241
14099.1 19.0339
14111.1 18.5447
14123.1 18.0563
14135.1 17.5687
14147.1 17.0819
14159.2 16.5854
14171.2 16.0007
14183.2 15.4164
14195.2 14.8325
14207.2 14.2489
14219.2 13.6655
14231.2 13.0824
14243.2 12.4994
14255.3 11.9164
14267.3 11.3441
14279.3 10.7924
14291.3 10.2407
14303.3 9.68889
14315.3 9.13698
14327.3 8.58488
14339.3 8.03254
14351.4 7.47991
14363.4 6.92694
14375.4 6.432
14387.4 5.97895
14399.4 5.52556
14411.4 5.07178
14423.4 4.61755
14435.4 4.16283
14447.4 3.70756
14459.5 3.25169
14471.5 2.79516
14483.5 2.33587
14495.5 1.87535
14507.5 1.41401
14519.5 0.951788
14531.5 0.488644
14543.5 0.0245196
14555.6 -0.440639
14567.6 -0.906885
14579.6 -1.37619
14591.6 -1.8787
14603.6 -2.38252
14615.6 -2.8877
14627.6 -3.39428
14639.6 -3.90234
14651.7 -4.41192
14663.7 -4.92307
14675.7 -5.43585
14687.7 -5.93866
14699.7 -6.4147
14711.7 -6.89246
14723.7 -7.372
14735.7 -7.85338
14747.7 -8.33666
14759.8 -8.82188
14771.8 -9.3091
14783.8 -9.79839
14795.8 -10.2918
14807.8 -10.7891
14819.8 -11.2887
14831.8 -11.7905
14843.8 -12.2948
14855.9 -12.8014
14867.9 -13.3104
14879.9 -13.822
14891.9 -14.3361
14903.9 -14.9153
14915.9 -15.5163
14927.9 -16.1201
14939.9 -16.7269
14952 -17.3366
14964 -17.9494
14976 -18.5653
14988 -19.1843
15000 -19.8065
15012 -20.3659
15024 -20.9286
15036 -21.4945
15048 -22.0637
15060.1 -22.6364
15072.1 -23.2124
15084.1 -23.792
15096.1 -24.3751
15108.1 -24.9438
15120.1 -25.4568
15132.1 -25.9735
15144.1 -26.4938
15156.2 -27.0178
15168.2 -27.5456
15180.2 -28.0772
15192.2 -28.6127
15204.2 -29.1521
15216.2 -29.6932
15228.2 -30.2357
15240.2 -30.7824
15252.3 -31.3332
15264.3 -31.8882
15276.3 -32.4474
15288.3 -33.0109
15300.3 -33.5787
15312.3 -34.1509
15324.3 -34.6692
15336.3 -35.168
15348.3 -35.6711
15360.4 -36.1787
15372.4 -36.6908
15384.4 -37.2074
15396.4 -37.7286
15408.4 -38.2544
15420.4 -38.7849
15432.4 -39.3114
15444.4 -39.8421
15456.5 -40.3776
15468.5 -40.9178
15480.5 -41.4629
15492.5 -42.0128
15504.5 -42.5676
15516.5 -43.1273
15528.5 -43.6996
15540.5 -44.3107
15552.6 -44.9268
15564.6 -45.548
15576.6 -46.1743
15588.6 -46.8056
15600.6 -47.442
15612.6 -48.0835
15624.6 -48.7301
15636.6 -49.4106
15648.6 -50.1362
15660.7 -50.867
15672.7 -51.6029
15684.7 -52.344
15696.7 -53.0903
15708.7 -53.8417
15720.7 -54.5982
15732.7 -55.3598
15744.7 -56.0789
15756.8 -56.7787
15768.8 -57.4833
15780.8 -58.1927
15792.8 -58.9068
15804.8 -59.6257
15816.8 -60.3493
15828.8 -61.0774
15840.8 -61.81
15852.9 -62.7177
15864.9 -63.6501
15876.9 -64.587
15888.9 -65.5284
15900.9 -66.4741
15912.9 -67.424
15924.9 -68.3781
15936.9 -69.3361
15948.9 -70.2872
15961 -71.168
15973 -72.0523
15985 -72.94
15997 -73.8308
16009 -74.7246
16021 -75.6212
16033 -76.5204
16045 -77.4221
16057.1 -78.2952
16069.1 -79.1181
16081.1 -79.9427
16093.1 -80.7687
16105.1 -81.5961
16117.1 -82.4244
16129.1 -83.2534
16141.1 -84.083
16153.2 -84.9128
16165.2 -85.8885
16177.2 -86.9595
16189.2 -88.0302
16201.2 -89.1003
16213.2 -90.1696
16225.2 -91.2377
16237.2 -92.3043
16249.2 -93.369
16261.3 -94.4314
16273.3 -95.4255
16285.3 -96.4038
16297.3 -97.3787
16309.3 -98.3499
16321.3 -99.3169
16333.3 -100.279
16345.3 -101.237
16357.4 -102.189
16369.4 -103.15
16381.4 -104.273
16393.4 -105.389
16405.4 -106.499
16417.4 -107.601
16429.4 -108.696
16441.4 -109.783
16453.5 -110.861
16465.5 -111.93
16477.5 -112.969
16489.5 -113.951
16501.5 -114.924
16513.5 -115.885
16525.5 -116.835
16537.5 -117.774
16549.5 -118.7
16561.6 -119.613
16573.6 -120.514
16585.6 -121.336
16597.6 -122.093
16609.6 -122.835
16621.6 -123.562
16633.6 -124.273
16645.6 -124.969
16657.7 -125.648
16669.7 -126.311
16681.7 -126.957
16693.7 -127.657
16705.7 -128.358
16717.7 -129.04
16729.7 -129.705
16741.7 -130.351
16753.8 -130.977
16765.8 -131.585
16777.8 -132.172
16789.8 -132.74
16801.8 -133.282
16813.8 -133.805
16825.8 -134.306
16837.8 -134.787
16849.8 -135.246
16861.9 -135.684
16873.9 -136.101
16885.9 -136.496
16897.9 -136.856
16909.9 -137.157
16921.9 -137.437
16933.9 -137.694
16945.9 -137.929
16958 -138.142
16970 -138.333
16982 -138.502
16994 -138.649
17006 -138.755
17018 -138.818
17030 -138.86
17042 -138.88
17054.1 -138.878
17066.1 -138.855
17078.1 -138.81
17090.1 -138.745
17102.1 -138.658
17114.1 -138.444
17126.1 -138.17
17138.1 -137.876
17150.2 -137.561
17162.2 -137.227
17174.2 -136.873
17186.2 -136.499
17198.2 -136.107
17210.2 -135.696
17222.2 -135.051
17234.2 -134.382
17246.2 -133.695
17258.3 -132.991
17270.3 -132.27
17282.3 -131.531
17294.3 -130.777
17306.3 -130.007
17318.3 -129.209
17330.3 -128.351
17342.3 -127.478
17354.4 -126.591
17366.4 -125.691
17378.4 -124.776
17390.4 -123.849
17402.4 -122.909
17414.4 -121.957
17426.4 -121.094
17438.4 -120.348
17450.5 -119.59
17462.5 -118.823
17474.5 -118.046
17486.5 -117.259
17498.5 -116.464
17510.5 -115.661
17522.5 -114.849
17534.5 -114.028
17546.5 -113.198
17558.6 -112.361
17570.6 -111.518
17582.6 -110.669
17594.6 -109.815
17606.6 -108.955
17618.6 -108.09
17630.6 -107.221
17642.6 -106.18
17654.7 -105.119
17666.7 -104.055
17678.7 -102.987
17690.7 -101.916
17702.7 -100.843
17714.7 -99.7672
17726.7 -98.6893
17738.7 -97.7672
17750.8 -97.6628
17762.8 -97.5585
17774.8 -97.4546
17786.8 -97.3513
17798.8 -97.2489
17810.8 -97.1476
17822.8 -97.0477
17834.8 -96.9495
17846.8 -96.5943
17858.9 -95.8444
17870.9 -95.0959
17882.9 -94.349
17894.9 -93.6039
17906.9 -92.8608
17918.9 -92.1198
17930.9 -91.3812
17942.9 -90.645
17955 -89.9115
17967 -89.1808
17979 -88.453
17991 -87.7283
18003 -87.0068
18015 -86.2887
18027 -85.574
18039 -84.863
18051.1 -84.1556
18063.1 -83.452
18075.1 -82.7523
18087.1 -82.0566
18099.1 -81.3649
18111.1 -80.6774
18123.1 -79.9941
18135.1 -79.3152
18147.1 -78.6406
18159.2 -77.9704
18171.2 -77.3047
18183.2 -76.6436
18195.2 -75.9871
18207.2 -75.3352
18219.2 -74.688
18231.2 -74.0455
18243.2 -73.4077
18255.3 -72.7748
18267.3 -72.1467
18279.3 -71.5234
18291.3 -70.905
18303.3 -70.2915
18315.3 -69.6828
18327.3 -69.0791
18339.3 -68.4803
18351.4 -67.8865
18363.4 -67.2976
18375.4 -66.7136
18387.4 -66.1346
18399.4 -65.5605
18411.4 -64.9913
18423.4 -64.4271
18435.4 -63.8678
18447.4 -63.3134
18459.5 -62.764
18471.5 -62.2194
18483.5 -61.6797
18495.5 -61.1449
18507.5 -60.6149
18519.5 -60.0898
18531.5 -59.5695
18543.5 -59.054
18555.6 -58.5432
18567.6 -58.0372
18579.6 -57.5359
18591.6 -57.0393
18603.6 -56.5474
18615.6 -56.0601
18627.6 -55.5775
18639.6 -55.0994
18651.7 -54.626
18663.7 -54.157
18675.7 -53.6926
18687.7 -53.2326
18699.7 -52.7771
18711.7 -52.3259
18723.7 -51.8792
18735.7 -51.4368
18747.7 -50.9987
18759.8 -50.5649
18771.8 -50.1354
18783.8 -49.71
18795.8 -49.2889
18807.8 -48.8718
18819.8 -48.4589
18831.8 -48.0501
18843.8 -47.6453
18855.9 -47.2445
18867.9 -46.8477
18879.9 -46.4548
18891.9 -46.0659
18903.9 -45.6808
18915.9 -45.2995
18927.9 -44.922
18939.9 -44.5483
18952 -44.1783
18964 -43.8119
18976 -43.4493
18988 -43.0902
19000 -42.7348
