7000 -176.83
7012.01 -176.238
7024.02 -175.57
7036.04 -174.825
7048.05 -174.004
7060.06 -173.108
7072.07 -172.137
7084.08 -171.093
7096.1 -169.975
7108.11 -168.786
7120.12 -167.527
7132.13 -166.197
7144.14 -164.8
7156.16 -163.336
7168.17 -161.807
7180.18 -160.214
7192.19 -158.558
7204.2 -156.842
7216.22 -155.067
7228.23 -153.235
7240.24 -151.347
7252.25 -149.405
7264.26 -147.411
7276.28 -145.366
7288.29 -143.274
7300.3 -141.134
7312.31 -138.949
7324.32 -136.721
7336.34 -134.452
7348.35 -132.143
7360.36 -129.796
7372.37 -127.413
7384.38 -124.995
7396.4 -122.544
7408.41 -120.062
7420.42 -117.55
7432.43 -115.009
7444.44 -112.442
7456.46 -109.85
7468.47 -107.233
7480.48 -104.594
7492.49 -101.934
7504.5 -99.2537
7516.52 -96.5547
7528.53 -93.8381
7540.54 -91.105
7552.55 -88.3564
7564.56 -85.5934
7576.58 -82.8171
7588.59 -80.0282
7600.6 -77.2277
7612.61 -74.4164
7624.62 -71.5951
7636.64 -68.7005
7648.65 -65.7089
7660.66 -62.709
7672.67 -59.7014
7684.68 -56.6866
7696.7 -53.6652
7708.71 -50.6377
7720.72 -47.6045
7732.73 -44.5662
7744.74 -41.7939
7756.76 -39.159
7768.77 -36.5213
7780.78 -33.8811
7792.79 -31.2389
7804.8 -28.5947
7816.82 -25.949
7828.83 -23.3019
7840.84 -20.6536
7852.85 -17.8975
7864.86 -15.1277
7876.88 -12.3569
7888.89 -9.58537
7900.9 -6.81319
7912.91 -4.04053
7924.92 -1.26754
7936.94 1.50565
7948.95 4.25292
7960.96 6.82807
7972.97 9.40243
7984.98 11.9758
7997 14.5482
8009.01 17.1193
8021.02 19.689
8033.03 22.2572
8045.05 24.8237
8057.06 27.4833
8069.07 30.3043
8081.08 33.1238
8093.09 35.9416
8105.11 38.7573
8117.12 41.5708
8129.13 44.3818
8141.14 47.19
8153.15 49.995
8165.17 53.3427
8177.18 57.0443
8189.19 60.7443
8201.2 64.4422
8213.21 68.1378
8225.23 71.8304
8237.24 75.5196
8249.25 79.2048
8261.26 82.8856
8273.27 85.2317
8285.29 87.3183
8297.3 89.394
8309.31 91.4581
8321.32 93.5099
8333.33 95.5486
8345.35 97.5735
8357.36 99.5839
8369.37 101.837
8381.38 107.087
8393.39 112.329
8405.41 117.563
8417.42 122.787
8429.43 128
8441.44 133.202
8453.45 138.392
8465.47 143.568
8477.48 146.878
8489.49 146.155
8501.5 145.4
8513.51 144.61
8525.53 143.785
8537.54 142.923
8549.55 142.024
8561.56 141.086
8573.57 140.109
8585.59 140.978
8597.6 143.342
8609.61 145.672
8621.62 147.968
8633.63 150.229
8645.65 152.453
8657.66 154.64
8669.67 156.789
8681.68 158.898
8693.69 160.967
8705.71 162.996
8717.72 164.983
8729.73 166.927
8741.74 168.829
8753.75 170.686
8765.77 172.5
8777.78 174.268
8789.79 175.992
8801.8 177.669
8813.81 179.3
8825.83 180.885
8837.84 182.424
8849.85 183.916
8861.86 185.361
8873.87 186.759
8885.89 188.11
8897.9 189.415
8909.91 190.674
8921.92 191.886
8933.93 193.053
8945.95 194.174
8957.96 195.25
8969.97 196.282
8981.98 197.27
8993.99 198.215
9006.01 199.118
9018.02 199.98
9030.03 200.8
9042.04 201.581
9054.05 202.323
9066.07 203.027
9078.08 203.694
9090.09 204.326
9102.1 204.923
9114.11 205.486
9126.13 206.018
9138.14 206.518
9150.15 206.988
9162.16 207.431
9174.17 207.846
9186.19 208.235
9198.2 208.599
9210.21 208.941
9222.22 209.26
9234.23 209.559
9246.25 209.839
9258.26 210.102
9270.27 210.348
9282.28 210.578
9294.29 210.795
9306.31 211
9318.32 211.194
9330.33 211.378
9342.34 211.553
9354.35 211.722
9366.37 211.884
9378.38 212.042
9390.39 212.196
9402.4 212.348
9414.41 212.499
9426.43 212.65
9438.44 212.802
9450.45 212.957
9462.46 213.115
9474.47 213.277
9486.49 213.445
9498.5 213.619
9510.51 213.8
9522.52 213.99
9534.53 214.188
9546.55 214.397
9558.56 214.617
9570.57 214.849
9582.58 215.093
9594.59 215.35
9606.61 215.621
9618.62 215.908
9630.63 216.209
9642.64 216.527
9654.65 216.861
9666.67 217.213
9678.68 217.582
9690.69 217.97
9702.7 218.377
9714.71 218.804
9726.73 219.25
9738.74 219.717
9750.75 220.205
9762.76 220.714
9774.77 221.245
9786.79 221.799
9798.8 222.374
9810.81 222.973
9822.82 223.594
9834.83 224.24
9846.85 224.909
9858.86 225.602
9870.87 226.319
9882.88 227.061
9894.89 227.828
9906.91 228.62
9918.92 229.437
9930.93 230.279
9942.94 231.147
9954.95 232.041
9966.97 232.961
9978.98 233.906
9990.99 234.878
10003 235.876
10015 236.9
10027 237.95
10039 239.027
10051.1 240.13
10063.1 241.26
10075.1 242.416
10087.1 243.599
10099.1 244.808
10111.1 246.044
10123.1 247.306
10135.1 248.595
10147.1 249.91
10159.2 251.251
10171.2 252.618
10183.2 254.011
10195.2 255.431
10207.2 256.876
10219.2 258.346
10231.2 259.843
10243.2 261.364
10255.3 262.911
10267.3 264.483
10279.3 266.079
10291.3 267.7
10303.3 269.345
10315.3 271.014
10327.3 272.707
10339.3 274.423
10351.4 276.162
10363.4 277.924
10375.4 279.708
10387.4 281.515
10399.4 283.342
10411.4 285.191
10423.4 287.061
10435.4 288.951
10447.4 290.861
10459.5 292.79
10471.5 294.738
10483.5 296.704
10495.5 298.688
10507.5 300.688
10519.5 302.706
10531.5 304.739
10543.5 306.787
10555.6 308.85
10567.6 310.926
10579.6 313.016
10591.6 315.118
10603.6 317.232
10615.6 319.356
10627.6 321.49
10639.6 323.633
10651.7 325.784
10663.7 327.943
10675.7 330.108
10687.7 332.278
10699.7 334.453
10711.7 336.631
10723.7 338.811
10735.7 340.993
10747.7 343.175
10759.8 345.356
10771.8 347.535
10783.8 349.71
10795.8 351.882
10807.8 354.048
10819.8 356.207
10831.8 358.358
10843.8 360.5
10855.9 362.632
10867.9 364.751
10879.9 366.858
10891.9 368.95
10903.9 371.027
10915.9 373.086
10927.9 375.127
10939.9 377.149
10952 379.149
10964 381.126
10976 383.08
10988 385.008
11000 386.91
11012 388.783
11024 390.628
11036 392.441
11048 394.222
11060.1 395.969
11072.1 397.682
11084.1 399.358
11096.1 400.996
11108.1 402.58
11120.1 404.069
11132.1 405.517
11144.1 406.922
11156.2 408.283
11168.2 409.599
11180.2 410.868
11192.2 412.089
11204.2 413.262
11216.2 414.391
11228.2 415.476
11240.2 416.51
11252.3 417.491
11264.3 418.418
11276.3 419.291
11288.3 420.108
11300.3 420.869
11312.3 421.573
11324.3 423.281
11336.3 425.368
11348.3 427.399
11360.4 429.374
11372.4 431.292
11384.4 433.154
11396.4 434.958
11408.4 436.705
11420.4 438.394
11432.4 438.074
11444.4 437.576
11456.5 437.014
11468.5 436.391
11480.5 435.704
11492.5 434.956
11504.5 434.145
11516.5 433.272
11528.5 432.444
11540.5 432.025
11552.6 431.546
11564.6 431.008
11576.6 430.41
11588.6 429.755
11600.6 429.042
11612.6 428.271
11624.6 427.445
11636.6 426.6
11648.6 425.754
11660.7 424.854
11672.7 423.9
11684.7 422.895
11696.7 421.838
11708.7 420.731
11720.7 419.575
11732.7 418.37
11744.7 416.66
11756.8 414.668
11768.8 412.629
11780.8 410.545
11792.8 408.417
11804.8 406.246
11816.8 404.032
11828.8 401.778
11840.8 399.484
11852.9 397.69
11864.9 395.923
11876.9 394.122
11888.9 392.286
11900.9 390.419
11912.9 388.52
11924.9 386.591
11936.9 384.634
11948.9 382.599
11961 380.199
11973 377.773
11985 375.322
11997 372.848
12009 370.352
12021 367.834
12033 365.296
12045 362.739
12057.1 360.496
12069.1 358.797
12081.1 357.084
12093.1 355.358
12105.1 353.621
12117.1 351.873
12129.1 350.115
12141.1 348.348
12153.2 346.573
12165.2 343.849
12177.2 340.502
12189.2 337.147
12201.2 333.784
12213.2 330.414
12225.2 327.039
12237.2 323.659
12249.2 320.275
12261.3 316.888
12273.3 315.731
12285.3 315.007
12297.3 314.286
12309.3 313.571
12321.3 312.86
12333.3 312.156
12345.3 311.458
12357.4 310.768
12369.4 309.978
12381.4 307.982
12393.4 305.992
12405.4 304.008
12417.4 302.032
12429.4 300.063
12441.4 298.103
12453.5 296.151
12465.5 294.208
12477.5 291.62
12489.5 287.616
12501.5 283.617
12513.5 279.625
12525.5 275.64
12537.5 271.661
12549.5 267.69
12561.6 263.726
12573.6 259.77
12585.6 256.254
12597.6 253.092
12609.6 249.94
12621.6 246.799
12633.6 243.667
12645.6 240.546
12657.7 237.435
12669.7 234.336
12681.7 231.247
12693.7 229.663
12705.7 228.49
12717.7 227.331
12729.7 226.188
12741.7 225.059
12753.8 223.946
12765.8 222.847
12777.8 221.764
12789.8 220.66
12801.8 218.112
12813.8 215.577
12825.8 213.055
12837.8 210.545
12849.8 208.047
12861.9 205.562
12873.9 203.089
12885.9 200.629
12897.9 198.137
12909.9 195.531
12921.9 192.937
12933.9 190.355
12945.9 187.786
12958 185.228
12970 182.683
12982 180.149
12994 177.627
13006 176.004
13018 175.283
13030 174.577
13042 173.885
13054.1 173.209
13066.1 172.547
13078.1 171.9
13090.1 171.267
13102.1 170.649
13114.1 168.52
13126.1 165.848
13138.1 163.187
13150.2 160.537
13162.2 157.896
13174.2 155.265
13186.2 152.645
13198.2 150.034
13210.2 147.433
13222.2 147.075
13234.2 146.785
13246.2 146.508
13258.3 146.246
13270.3 145.996
13282.3 145.76
13294.3 145.537
13306.3 145.327
13318.3 145.559
13330.3 147.421
13342.3 149.299
13354.4 151.194
13366.4 153.104
13378.4 155.031
13390.4 156.974
13402.4 158.933
13414.4 160.907
13426.4 160.985
13438.4 158.673
13450.5 156.369
13462.5 154.072
13474.5 151.782
13486.5 149.5
13498.5 147.225
13510.5 144.957
13522.5 142.696
13534.5 140.199
13546.5 137.595
13558.6 134.998
13570.6 132.406
13582.6 129.821
13594.6 127.24
13606.6 124.666
13618.6 122.096
13630.6 119.532
13642.6 118.956
13654.7 118.563
13666.7 118.179
13678.7 117.804
13690.7 117.436
13702.7 117.077
13714.7 116.727
13726.7 116.384
13738.7 115.936
13750.8 114.906
13762.8 113.882
13774.8 112.864
13786.8 111.853
13798.8 110.847
13810.8 109.848
13822.8 108.855
13834.8 107.868
13846.8 107.297
13858.9 107.362
13870.9 107.434
13882.9 107.513
13894.9 107.599
13906.9 107.693
13918.9 107.793
13930.9 107.9
13942.9 108.014
13955 106.902
13967 105.066
13979 103.234
13991 101.405
14003 99.5783
14015 97.7545
14027 95.9332
14039 94.1144
14051.1 92.2979
14063.1 90.6664
14075.1 89.0644
14087.1 87.4648
14099.1 85.8674
14111.1 84.2723
14123.1 82.6793
14135.1 81.0882
14147.1 79.499
14159.2 78.1722
14171.2 79.0755
14183.2 79.9846
14195.2 80.8993
14207.2 81.8196
14219.2 82.7454
14231.2 83.6765
14243.2 84.6129
14255.3 85.5544
14267.3 85.8892
14279.3 85.0322
14291.3 84.177
14303.3 83.3234
14315.3 82.4714
14327.3 81.6208
14339.3 80.7716
14351.4 79.9237
14363.4 79.0769
14375.4 77.706
14387.4 75.9556
14399.4 74.2046
14411.4 72.4527
14423.4 70.6999
14435.4 68.9461
14447.4 67.1912
14459.5 65.435
14471.5 63.6774
14483.5 61.928
14495.5 60.1792
14507.5 58.4287
14519.5 56.6764
14531.5 54.9223
14543.5 53.1661
14555.6 51.4077
14567.6 49.6472
14579.6 47.9039
14591.6 46.4869
14603.6 45.0679
14615.6 43.6467
14627.6 42.2233
14639.6 40.7975
14651.7 39.3692
14663.7 37.9382
14675.7 36.5044
14687.7 35.2089
14699.7 34.2557
14711.7 33.3002
14723.7 32.3421
14735.7 31.3815
14747.7 30.4182
14759.8 29.452
14771.8 28.4828
14783.8 27.5105
14795.8 26.4447
14807.8 25.2932
14819.8 24.1379
14831.8 22.9787
14843.8 21.8154
14855.9 20.6479
14867.9 19.476
14879.9 18.2996
14891.9 17.1186
14903.9 16.5211
14915.9 16.0994
14927.9 15.6738
14939.9 15.2442
14952 14.8104
14964 14.3724
14976 13.9299
14988 13.4827
15000 13.0309
15012 12.6803
15024 12.3248
15036 11.9643
15048 11.5985
15060.1 11.2273
15072.1 10.8506
15084.1 10.4681
15096.1 10.0797
15108.1 9.63793
15120.1 9.03466
15132.1 8.42464
15144.1 7.80772
15156.2 7.1837
15168.2 6.55242
15180.2 5.91369
15192.2 5.26734
15204.2 4.61317
15216.2 3.2254
15228.2 1.02849
15240.2 -1.1792
15252.3 -3.39784
15264.3 -5.62764
15276.3 -7.86878
15288.3 -10.1215
15300.3 -12.3859
15312.3 -14.6622
15324.3 -18.1697
15336.3 -22.1906
15348.3 -26.2267
15360.4 -30.2783
15372.4 -34.3454
15384.4 -38.4283
15396.4 -42.5272
15408.4 -46.6423
15420.4 -50.7739
15432.4 -53.38
15444.4 -55.908
15456.5 -58.4504
15468.5 -61.0075
15480.5 -63.5794
15492.5 -66.1664
15504.5 -68.7687
15516.5 -71.3864
15528.5 -73.3972
15540.5 -72.6879
15552.6 -71.9894
15564.6 -71.302
15576.6 -70.6258
15588.6 -69.9609
15600.6 -69.3077
15612.6 -68.6662
15624.6 -68.0367
15636.6 -67.6889
15648.6 -67.7276
15660.7 -67.7798
15672.7 -67.8455
15684.7 -67.925
15696.7 -68.0183
15708.7 -68.1256
15720.7 -68.2471
15732.7 -68.3829
15744.7 -69.1343
15756.8 -70.2093
15768.8 -71.3002
15780.8 -72.4071
15792.8 -73.5302
15804.8 -74.6695
15816.8 -75.8251
15828.8 -76.9969
15840.8 -78.1851
15852.9 -79.942
15864.9 -81.7807
15876.9 -83.6367
15888.9 -85.5099
15900.9 -87.4003
15912.9 -89.3077
15924.9 -91.232
15936.9 -93.1733
15948.9 -95.3749
15961 -99.241
15973 -103.126
15985 -107.031
15997 -110.954
16009 -114.895
16021 -118.855
16033 -122.833
16045 -126.828
16057.1 -130.949
16069.1 -135.269
16081.1 -139.607
16093.1 -143.96
16105.1 -148.33
16117.1 -152.714
16129.1 -157.113
16141.1 -161.526
16153.2 -165.953
16165.2 -168.641
16177.2 -170.193
16189.2 -171.752
16201.2 -173.317
16213.2 -174.887
16225.2 -176.461
16237.2 -178.039
16249.2 -179.618
16261.3 -181.198
16273.3 -180.587
16285.3 -179.549
16297.3 -178.505
16309.3 -177.453
16321.3 -176.392
16333.3 -175.321
16345.3 -174.238
16357.4 -173.142
16369.4 -172.193
16381.4 -173.057
16393.4 -173.907
16405.4 -174.74
16417.4 -175.555
16429.4 -176.351
16441.4 -177.125
16453.5 -177.876
16465.5 -178.602
16477.5 -179.695
16489.5 -181.617
16501.5 -183.51
16513.5 -185.373
16525.5 -187.204
16537.5 -189.001
16549.5 -190.762
16561.6 -192.485
16573.6 -194.168
16585.6 -196.377
16597.6 -198.996
16609.6 -201.571
16621.6 -204.1
16633.6 -206.582
16645.6 -209.015
16657.7 -211.397
16669.7 -213.727
16681.7 -216.002
16693.7 -219.518
16705.7 -223.323
16717.7 -227.072
16729.7 -230.763
16741.7 -234.394
16753.8 -237.966
16765.8 -241.476
16777.8 -244.924
16789.8 -248.268
16801.8 -249.88
16813.8 -251.425
16825.8 -252.902
16837.8 -254.31
16849.8 -255.648
16861.9 -256.917
16873.9 -258.117
16885.9 -259.246
16897.9 -259.409
16909.9 -257.028
16921.9 -254.573
16933.9 -252.043
16945.9 -249.439
16958 -246.762
16970 -244.012
16982 -241.189
16994 -238.294
17006 -235.877
17018 -233.94
17030 -231.936
17042 -229.865
17054.1 -227.729
17066.1 -225.53
17078.1 -223.268
17090.1 -220.946
17102.1 -218.563
17114.1 -217.762
17126.1 -217.5
17138.1 -217.188
17150.2 -216.825
17162.2 -216.414
17174.2 -215.956
17186.2 -215.454
17198.2 -214.908
17210.2 -214.321
17222.2 -214.606
17234.2 -214.877
17246.2 -215.113
17258.3 -215.317
17270.3 -215.49
17282.3 -215.633
17294.3 -215.75
17306.3 -215.84
17318.3 -215.943
17330.3 -216.159
17342.3 -216.354
17354.4 -216.532
17366.4 -216.692
17378.4 -216.837
17390.4 -216.969
17402.4 -217.089
17414.4 -217.198
17426.4 -216.615
17438.4 -215.165
17450.5 -213.707
17462.5 -212.242
17474.5 -210.771
17486.5 -209.296
17498.5 -207.818
17510.5 -206.337
17522.5 -204.856
17534.5 -201.51
17546.5 -197.307
17558.6 -193.102
17570.6 -188.897
17582.6 -184.692
17594.6 -180.489
17606.6 -176.288
17618.6 -172.091
17630.6 -167.897
17642.6 -164.265
17654.7 -160.689
17666.7 -157.12
17678.7 -153.558
17690.7 -150.004
17702.7 -146.459
17714.7 -142.923
17726.7 -139.396
17738.7 -136.391
17750.8 -136.062
17762.8 -135.748
17774.8 -135.449
17786.8 -135.166
17798.8 -134.899
17810.8 -134.648
17822.8 -134.414
17834.8 -134.196
17846.8 -133.435
17858.9 -131.83
17870.9 -130.241
17882.9 -128.668
17894.9 -127.11
17906.9 -125.568
17918.9 -124.043
17930.9 -122.533
17942.9 -121.039
17955 -119.561
17967 -118.1
17979 -116.654
17991 -115.225
18003 -113.812
18015 -112.415
18027 -111.034
18039 -109.669
18051.1 -108.321
18063.1 -106.988
18075.1 -105.671
18087.1 -104.37
18099.1 -103.085
18111.1 -101.815
18123.1 -100.561
18135.1 -99.3228
18147.1 -98.0996
18159.2 -96.8917
18171.2 -95.6989
18183.2 -94.5212
18195.2 -93.3584
18207.2 -92.2103
18219.2 -91.0769
18231.2 -89.958
18243.2 -88.8535
18255.3 -87.7632
18267.3 -86.687
18279.3 -85.6248
18291.3 -84.5763
18303.3 -83.5416
18315.3 -82.5203
18327.3 -81.5125
18339.3 -80.5178
18351.4 -79.5363
18363.4 -78.5676
18375.4 -77.6118
18387.4 -76.6685
18399.4 -75.7377
18411.4 -74.8193
18423.4 -73.913
18435.4 -73.0187
18447.4 -72.1363
18459.5 -71.2657
18471.5 -70.4066
18483.5 -69.5589
18495.5 -68.7225
18507.5 -67.8972
18519.5 -67.0829
18531.5 -66.2795
18543.5 -65.4867
18555.6 -64.7045
18567.6 -63.9327
18579.6 -63.1712
18591.6 -62.4198
18603.6 -61.6784
18615.6 -60.9469
18627.6 -60.225
18639.6 -59.5128
18651.7 -58.81
18663.7 -58.1165
18675.7 -57.4323
18687.7 -56.757
18699.7 -56.0907
18711.7 -55.4333
18723.7 -54.7845
18735.7 -54.1442
18747.7 -53.5124
18759.8 -52.8889
18771.8 -52.2736
18783.8 -51.6664
18795.8 -51.0672
18807.8 -50.4758
18819.8 -49.8922
18831.8 -49.3162
18843.8 -48.7477
18855.9 -48.1866
18867.9 -47.6328
18879.9 -47.0862
18891.9 -46.5467
18903.9 -46.0142
18915.9 -45.4886
18927.9 -44.9698
18939.9 -44.4577
18952 -43.9521
18964 -43.4531
18976 -42.9605
18988 -42.4742
19000 -41.9941
