7000 -7.49444
7012.01 -7.79411
7024.02 -8.1057
7036.04 -8.42964
7048.05 -8.76643
7060.06 -9.11652
7072.07 -9.4804
7084.08 -9.85856
7096.1 -10.2515
7108.11 -10.6596
7120.12 -11.0835
7132.13 -11.5236
7144.14 -11.9803
7156.16 -12.4541
7168.17 -12.9454
7180.18 -13.4545
7192.19 -13.9817
7204.2 -14.5274
7216.22 -15.0917
7228.23 -15.6747
7240.24 -16.2765
7252.25 -16.897
7264.26 -17.5359
7276.28 -18.193
7288.29 -18.8677
7300.3 -19.5593
7312.31 -20.2669
7324.32 -20.9895
7336.34 -21.7255
7348.35 -22.4735
7360.36 -23.2315
7372.37 -23.9973
7384.38 -24.7683
7396.4 -25.5417
7408.41 -26.3143
7420.42 -27.0824
7432.43 -27.8424
7444.44 -28.59
7456.46 -29.3206
7468.47 -30.0297
7480.48 -30.7124
7492.49 -31.3634
7504.5 -31.9779
7516.52 -32.5505
7528.53 -33.0763
7540.54 -33.5505
7552.55 -33.9684
7564.56 -34.326
7576.58 -34.6194
7588.59 -34.8456
7600.6 -35.0021
7612.61 -35.087
7624.62 -35.0993
7636.64 -34.885
7648.65 -34.3861
7660.66 -33.8148
7672.67 -33.173
7684.68 -32.4633
7696.7 -31.689
7708.71 -30.8538
7720.72 -29.9618
7732.73 -29.0176
7744.74 -28.3866
7756.76 -27.9018
7768.77 -27.3811
7780.78 -26.8293
7792.79 -26.2512
7804.8 -25.6516
7816.82 -25.0349
7828.83 -24.4053
7840.84 -23.7668
7852.85 -23.2311
7864.86 -22.7066
7876.88 -22.1836
7888.89 -21.6648
7900.9 -21.1525
7912.91 -20.6489
7924.92 -20.1559
7936.94 -19.6749
7948.95 -19.1808
7960.96 -18.5259
7972.97 -17.8857
7984.98 -17.2609
7997 -16.6521
8009.01 -16.0596
8021.02 -15.4837
8033.03 -14.9245
8045.05 -14.3821
8057.06 -13.8627
8069.07 -13.371
8081.08 -12.8956
8093.09 -12.4363
8105.11 -11.9928
8117.12 -11.5649
8129.13 -11.152
8141.14 -10.7538
8153.15 -10.37
8165.17 -9.6433
8177.18 -8.69645
8189.19 -7.76088
8201.2 -6.83618
8213.21 -5.9219
8225.23 -5.01761
8237.24 -4.12288
8249.25 -3.23729
8261.26 -2.36043
8273.27 -2.03878
8285.29 -1.82947
8297.3 -1.62958
8309.31 -1.43874
8321.32 -1.25658
8333.33 -1.08275
8345.35 -0.916896
8357.36 -0.758689
8369.37 -0.502209
8381.38 0.979806
8393.39 2.45895
8405.41 3.93551
8417.42 5.40978
8429.43 6.88201
8441.44 8.35249
8453.45 9.82146
8465.47 11.2892
8477.48 12.1689
8489.49 11.7746
8501.5 11.3746
8513.51 10.9689
8525.53 10.5577
8537.54 10.1414
8549.55 9.72001
8561.56 9.29377
8573.57 8.86286
8585.59 8.82418
8597.6 9.10416
8609.61 9.38199
8621.62 9.65781
8633.63 9.93177
8645.65 10.204
8657.66 10.4747
8669.67 10.744
8681.68 11.0119
8693.69 11.2787
8705.71 11.5445
8717.72 11.8094
8729.73 12.0734
8741.74 12.3368
8753.75 12.5996
8765.77 12.8619
8777.78 13.1239
8789.79 13.3857
8801.8 13.6473
8813.81 13.9089
8825.83 14.1706
8837.84 14.4324
8849.85 14.6945
8861.86 14.9569
8873.87 15.2197
8885.89 15.4831
8897.9 15.7471
8909.91 16.0119
8921.92 16.2774
8933.93 16.5438
8945.95 16.8111
8957.96 17.0795
8969.97 17.3491
8981.98 17.6199
8993.99 17.8919
9006.01 18.1653
9018.02 18.4402
9030.03 18.7167
9042.04 18.9947
9054.05 19.2744
9066.07 19.556
9078.08 19.8393
9090.09 20.1246
9102.1 20.4119
9114.11 20.7014
9126.13 20.9929
9138.14 21.2868
9150.15 21.5829
9162.16 21.8815
9174.17 22.1825
9186.19 22.4861
9198.2 22.7924
9210.21 23.1013
9222.22 23.4131
9234.23 23.7278
9246.25 24.0455
9258.26 24.3662
9270.27 24.69
9282.28 25.0171
9294.29 25.3475
9306.31 25.6812
9318.32 26.0185
9330.33 26.3593
9342.34 26.7038
9354.35 27.052
9366.37 27.4041
9378.38 27.7601
9390.39 28.1201
9402.4 28.4843
9414.41 28.8527
9426.43 29.2253
9438.44 29.6024
9450.45 29.984
9462.46 30.3702
9474.47 30.7611
9486.49 31.1569
9498.5 31.5575
9510.51 31.9632
9522.52 32.374
9534.53 32.7901
9546.55 33.2116
9558.56 33.6385
9570.57 34.071
9582.58 34.5092
9594.59 34.9532
9606.61 35.4032
9618.62 35.8592
9630.63 36.3215
9642.64 36.7901
9654.65 37.2651
9666.67 37.7467
9678.68 38.235
9690.69 38.7302
9702.7 39.2324
9714.71 39.7417
9726.73 40.2583
9738.74 40.7823
9750.75 41.3138
9762.76 41.8531
9774.77 42.4002
9786.79 42.9554
9798.8 43.5187
9810.81 44.0904
9822.82 44.6705
9834.83 45.2594
9846.85 45.857
9858.86 46.4637
9870.87 47.0795
9882.88 47.7046
9894.89 48.3393
9906.91 48.9836
9918.92 49.6379
9930.93 50.3021
9942.94 50.9767
9954.95 51.6616
9966.97 52.3572
9978.98 53.0636
9990.99 53.781
10003 54.5096
10015 55.2495
10027 56.0011
10039 56.7645
10051.1 57.5399
10063.1 58.3275
10075.1 59.1275
10087.1 59.9402
10099.1 60.7657
10111.1 61.6042
10123.1 62.4559
10135.1 63.3212
10147.1 64.2001
10159.2 65.0929
10171.2 65.9998
10183.2 66.921
10195.2 67.8567
10207.2 68.8071
10219.2 69.7725
10231.2 70.753
10243.2 71.7489
10255.3 72.7603
10267.3 73.7874
10279.3 74.8304
10291.3 75.8896
10303.3 76.9651
10315.3 78.057
10327.3 79.1656
10339.3 80.291
10351.4 81.4334
10363.4 82.5928
10375.4 83.7696
10387.4 84.9637
10399.4 86.1753
10411.4 87.4045
10423.4 88.6514
10435.4 89.9161
10447.4 91.1986
10459.5 92.4991
10471.5 93.8174
10483.5 95.1536
10495.5 96.5078
10507.5 97.8799
10519.5 99.2697
10531.5 100.677
10543.5 102.103
10555.6 103.545
10567.6 105.006
10579.6 106.483
10591.6 107.977
10603.6 109.488
10615.6 111.015
10627.6 112.559
10639.6 114.118
10651.7 115.692
10663.7 117.281
10675.7 118.884
10687.7 120.501
10699.7 122.132
10711.7 123.774
10723.7 125.429
10735.7 127.095
10747.7 128.77
10759.8 130.456
10771.8 132.149
10783.8 133.851
10795.8 135.558
10807.8 137.271
10819.8 138.988
10831.8 140.708
10843.8 142.43
10855.9 144.152
10867.9 145.873
10879.9 147.591
10891.9 149.305
10903.9 151.013
10915.9 152.714
10927.9 154.405
10939.9 156.086
10952 157.754
10964 159.407
10976 161.044
10988 162.662
11000 164.26
11012 165.835
11024 167.385
11036 168.909
11048 170.404
11060.1 171.867
11072.1 173.298
11084.1 174.693
11096.1 176.051
11108.1 176.961
11120.1 176.488
11132.1 175.969
11144.1 175.4
11156.2 174.779
11168.2 174.105
11180.2 173.376
11192.2 172.59
11204.2 171.745
11216.2 171.366
11228.2 171.507
11240.2 171.587
11252.3 171.604
11264.3 171.558
11276.3 171.448
11288.3 171.272
11300.3 171.03
11312.3 170.721
11324.3 170.836
11336.3 171.085
11348.3 171.268
11360.4 171.384
11372.4 171.433
11384.4 171.415
11396.4 171.332
11408.4 171.182
11420.4 170.967
11432.4 170.413
11444.4 169.779
11456.5 169.081
11468.5 168.321
11480.5 167.5
11492.5 166.619
11504.5 165.68
11516.5 164.683
11528.5 163.78
11540.5 163.472
11552.6 163.114
11564.6 162.707
11576.6 162.254
11588.6 161.756
11600.6 161.215
11612.6 160.634
11624.6 160.014
11636.6 159.404
11648.6 158.825
11660.7 158.213
11672.7 157.571
11684.7 156.9
11696.7 156.203
11708.7 155.481
11720.7 154.737
11732.7 153.973
11744.7 152.939
11756.8 151.759
11768.8 150.563
11780.8 149.353
11792.8 148.131
11804.8 146.898
11816.8 145.657
11828.8 144.407
11840.8 143.152
11852.9 141.952
11864.9 140.756
11876.9 139.557
11888.9 138.359
11900.9 137.161
11912.9 135.966
11924.9 134.773
11936.9 133.585
11948.9 132.375
11961 130.988
11973 129.607
11985 128.234
11997 126.869
12009 125.513
12021 124.166
12033 122.83
12045 121.504
12057.1 120.183
12069.1 118.862
12081.1 117.553
12093.1 116.256
12105.1 114.973
12117.1 113.703
12129.1 112.447
12141.1 111.205
12153.2 109.977
12165.2 108.192
12177.2 106.047
12189.2 103.914
12201.2 101.795
12213.2 99.6889
12225.2 97.5962
12237.2 95.517
12249.2 93.4512
12261.3 91.3989
12273.3 89.8464
12285.3 88.402
12297.3 86.9723
12309.3 85.5572
12321.3 84.1566
12333.3 82.7706
12345.3 81.399
12357.4 80.0417
12369.4 78.6864
12381.4 77.2038
12393.4 75.7349
12405.4 74.2797
12417.4 72.8381
12429.4 71.4098
12441.4 69.9949
12453.5 68.593
12465.5 67.2041
12477.5 66.0304
12489.5 65.311
12501.5 64.6054
12513.5 63.9134
12525.5 63.2349
12537.5 62.5696
12549.5 61.9175
12561.6 61.2782
12573.6 60.6518
12585.6 59.8581
12597.6 58.9331
12609.6 58.0198
12621.6 57.1179
12633.6 56.2274
12645.6 55.3479
12657.7 54.4795
12669.7 53.6218
12681.7 52.7747
12693.7 51.9258
12705.7 51.0839
12717.7 50.2521
12729.7 49.4301
12741.7 48.618
12753.8 47.8154
12765.8 47.0222
12777.8 46.2383
12789.8 45.4644
12801.8 44.7362
12813.8 44.0168
12825.8 43.3062
12837.8 42.604
12849.8 41.9103
12861.9 41.2248
12873.9 40.5474
12885.9 39.878
12897.9 39.2284
12909.9 38.6199
12921.9 38.0191
12933.9 37.4257
12945.9 36.8396
12958 36.2607
12970 35.6889
12982 35.124
12994 34.5658
13006 34.0826
13018 33.6743
13030 33.2727
13042 32.8776
13054.1 32.4889
13066.1 32.1066
13078.1 31.7304
13090.1 31.3603
13102.1 30.9962
13114.1 30.2512
13126.1 29.3707
13138.1 28.495
13150.2 27.6238
13162.2 26.7571
13174.2 25.8947
13186.2 25.0365
13198.2 24.1825
13210.2 23.3326
13222.2 22.5951
13234.2 21.8643
13246.2 21.1374
13258.3 20.4145
13270.3 19.6953
13282.3 18.9798
13294.3 18.2679
13306.3 17.5595
13318.3 16.8672
13330.3 16.2255
13342.3 15.5872
13354.4 14.9522
13366.4 14.3204
13378.4 13.6917
13390.4 13.0661
13402.4 12.4434
13414.4 11.8237
13426.4 11.3809
13438.4 11.1598
13450.5 10.9422
13462.5 10.7278
13474.5 10.5167
13486.5 10.3088
13498.5 10.104
13510.5 9.90218
13522.5 9.70335
13534.5 9.70014
13546.5 9.7886
13558.6 9.88033
13570.6 9.97526
13582.6 10.0733
13594.6 10.1745
13606.6 10.2787
13618.6 10.3859
13630.6 10.4959
13642.6 10.3135
13654.7 10.1073
13666.7 9.90338
13678.7 9.70153
13690.7 9.50173
13702.7 9.30393
13714.7 9.10808
13726.7 8.91412
13738.7 8.71843
13750.8 8.50592
13762.8 8.29511
13774.8 8.08595
13786.8 7.87838
13798.8 7.67236
13810.8 7.46783
13822.8 7.26474
13834.8 7.06306
13846.8 6.83094
13858.9 6.5514
13870.9 6.27296
13882.9 5.9956
13894.9 5.71925
13906.9 5.44388
13918.9 5.16943
13930.9 4.89587
13942.9 4.62314
13955 4.22916
13967 3.76365
13979 3.2985
13991 2.83368
14003 2.36915
14015 1.90485
14027 1.44075
14039 0.976797
14051.1 0.512958
14063.1 -0.171264
14075.1 -0.888499
14087.1 -1.60618
14099.1 -2.32436
14111.1 -3.04306
14123.1 -3.76233
14135.1 -4.48222
14147.1 -5.20277
14159.2 -5.8843
14171.2 -6.22717
14183.2 -6.57018
14195.2 -6.91336
14207.2 -7.25675
14219.2 -7.6004
14231.2 -7.94434
14243.2 -8.28861
14255.3 -8.63326
14267.3 -8.91847
14279.3 -9.08702
14291.3 -9.25576
14303.3 -9.42474
14315.3 -9.59399
14327.3 -9.76356
14339.3 -9.93348
14351.4 -10.1038
14363.4 -10.2745
14375.4 -10.4377
14387.4 -10.5956
14399.4 -10.754
14411.4 -10.913
14423.4 -11.0726
14435.4 -11.2328
14447.4 -11.3937
14459.5 -11.5554
14471.5 -11.7178
14483.5 -11.8012
14495.5 -11.8671
14507.5 -11.9337
14519.5 -12.0011
14531.5 -12.0693
14543.5 -12.1383
14555.6 -12.2082
14567.6 -12.279
14579.6 -12.3613
14591.6 -12.6196
14603.6 -12.8792
14615.6 -13.1402
14627.6 -13.4027
14639.6 -13.6666
14651.7 -13.9321
14663.7 -14.1991
14675.7 -14.4677
14687.7 -14.776
14699.7 -15.1793
14711.7 -15.5846
14723.7 -15.9919
14735.7 -16.4012
14747.7 -16.8125
14759.8 -17.2259
14771.8 -17.6415
14783.8 -18.0592
14795.8 -18.5323
14807.8 -19.0562
14819.8 -19.5824
14831.8 -20.1113
14843.8 -20.6426
14855.9 -21.1766
14867.9 -21.7132
14879.9 -22.2525
14891.9 -22.7946
14903.9 -23.2693
14915.9 -23.7253
14927.9 -24.1841
14939.9 -24.6456
14952 -25.1099
14964 -25.5771
14976 -26.0471
14988 -26.5201
15000 -26.9961
15012 -27.3246
15024 -27.656
15036 -27.9902
15048 -28.3274
15060.1 -28.6675
15072.1 -29.0106
15084.1 -29.3567
15096.1 -29.706
15108.1 -30.0222
15120.1 -30.2228
15132.1 -30.4263
15144.1 -30.6328
15156.2 -30.8425
15168.2 -31.0552
15180.2 -31.2711
15192.2 -31.4902
15204.2 -31.7125
15216.2 -31.9614
15228.2 -32.2393
15240.2 -32.5206
15252.3 -32.8055
15264.3 -33.0938
15276.3 -33.3857
15288.3 -33.6813
15300.3 -33.9804
15312.3 -34.2833
15324.3 -34.6177
15336.3 -34.9672
15348.3 -35.3206
15360.4 -35.6779
15372.4 -36.0391
15384.4 -36.4044
15396.4 -36.7736
15408.4 -37.1469
15420.4 -37.5242
15432.4 -38.0284
15444.4 -38.5443
15456.5 -39.0646
15468.5 -39.5893
15480.5 -40.1184
15492.5 -40.652
15504.5 -41.19
15516.5 -41.7326
15528.5 -42.2992
15540.5 -42.9561
15552.6 -43.6177
15564.6 -44.284
15576.6 -44.9552
15588.6 -45.6311
15600.6 -46.3118
15612.6 -46.9973
15624.6 -47.6876
15636.6 -48.3331
15648.6 -48.9145
15660.7 -49.5006
15672.7 -50.0914
15684.7 -50.6867
15696.7 -51.2867
15708.7 -51.8914
15720.7 -52.5006
15732.7 -53.1144
15744.7 -53.5977
15756.8 -54.0161
15768.8 -54.4388
15780.8 -54.8656
15792.8 -55.2966
15804.8 -55.7317
15816.8 -56.1709
15828.8 -56.6141
15840.8 -57.0613
15852.9 -57.6462
15864.9 -58.251
15876.9 -58.8598
15888.9 -59.4725
15900.9 -60.0891
15912.9 -60.7096
15924.9 -61.3338
15936.9 -61.9617
15948.9 -62.5935
15961 -63.2315
15973 -63.8729
15985 -64.5175
15997 -65.1653
16009 -65.8161
16021 -66.4698
16033 -67.1263
16045 -67.7854
16057.1 -68.4631
16069.1 -69.1706
16081.1 -69.8803
16093.1 -70.5921
16105.1 -71.3058
16117.1 -72.0212
16129.1 -72.7381
16141.1 -73.4564
16153.2 -74.1759
16165.2 -75.1304
16177.2 -76.2392
16189.2 -77.349
16201.2 -78.4597
16213.2 -79.571
16225.2 -80.6827
16237.2 -81.7945
16249.2 -82.9062
16261.3 -84.0175
16273.3 -85.0955
16285.3 -86.1661
16297.3 -87.2355
16309.3 -88.3033
16321.3 -89.3693
16333.3 -90.433
16345.3 -91.4943
16357.4 -92.5527
16369.4 -93.6117
16381.4 -94.7095
16393.4 -95.8035
16405.4 -96.8934
16417.4 -97.9789
16429.4 -99.0597
16441.4 -100.135
16453.5 -101.205
16465.5 -102.27
16477.5 -103.265
16489.5 -104.115
16501.5 -104.959
16513.5 -105.794
16525.5 -106.622
16537.5 -107.442
16549.5 -108.252
16561.6 -109.054
16573.6 -109.846
16585.6 -110.598
16597.6 -111.318
16609.6 -112.027
16621.6 -112.724
16633.6 -113.41
16645.6 -114.085
16657.7 -114.747
16669.7 -115.396
16681.7 -116.033
16693.7 -116.778
16705.7 -117.541
16717.7 -118.291
16729.7 -119.027
16741.7 -119.748
16753.8 -120.455
16765.8 -121.146
16777.8 -121.823
16789.8 -122.484
16801.8 -123.163
16813.8 -123.825
16825.8 -124.47
16837.8 -125.099
16849.8 -125.712
16861.9 -126.307
16873.9 -126.885
16885.9 -127.446
16897.9 -127.932
16909.9 -128.24
16921.9 -128.53
16933.9 -128.801
16945.9 -129.054
16958 -129.289
16970 -129.505
16982 -129.703
16994 -129.882
17006 -129.979
17018 -129.996
17030 -129.994
17042 -129.973
17054.1 -129.933
17066.1 -129.874
17078.1 -129.796
17090.1 -129.7
17102.1 -129.586
17114.1 -129.304
17126.1 -128.949
17138.1 -128.576
17150.2 -128.185
17162.2 -127.776
17174.2 -127.349
17186.2 -126.904
17198.2 -126.442
17210.2 -125.962
17222.2 -125.242
17234.2 -124.499
17246.2 -123.739
17258.3 -122.963
17270.3 -122.17
17282.3 -121.361
17294.3 -120.537
17306.3 -119.697
17318.3 -118.85
17330.3 -118.015
17342.3 -117.166
17354.4 -116.303
17366.4 -115.427
17378.4 -114.537
17390.4 -113.634
17402.4 -112.718
17414.4 -111.79
17426.4 -110.99
17438.4 -110.354
17450.5 -109.708
17462.5 -109.051
17474.5 -108.384
17486.5 -107.708
17498.5 -107.022
17510.5 -106.327
17522.5 -105.623
17534.5 -104.954
17546.5 -104.297
17558.6 -103.632
17570.6 -102.96
17582.6 -102.281
17594.6 -101.596
17606.6 -100.904
17618.6 -100.207
17630.6 -99.5048
17642.6 -98.4744
17654.7 -97.4103
17666.7 -96.3414
17678.7 -95.2678
17690.7 -94.1899
17702.7 -93.1079
17714.7 -92.0223
17726.7 -90.9332
17738.7 -90.0674
17750.8 -90.3769
17762.8 -90.6856
17774.8 -90.9939
17786.8 -91.302
17798.8 -91.6102
17810.8 -91.9187
17822.8 -92.2277
17834.8 -92.5375
17846.8 -92.4638
17858.9 -91.8019
17870.9 -91.1401
17882.9 -90.4787
17894.9 -89.8177
17906.9 -89.1575
17918.9 -88.4983
17930.9 -87.8401
17942.9 -87.1831
17955 -86.5276
17967 -85.8737
17979 -85.2215
17991 -84.5713
18003 -83.9231
18015 -83.277
18027 -82.6333
18039 -81.992
18051.1 -81.3532
18063.1 -80.7172
18075.1 -80.0839
18087.1 -79.4535
18099.1 -78.8261
18111.1 -78.2018
18123.1 -77.5806
18135.1 -76.9628
18147.1 -76.3482
18159.2 -75.7371
18171.2 -75.1295
18183.2 -74.5254
18195.2 -73.925
18207.2 -73.3283
18219.2 -72.7353
18231.2 -72.1461
18243.2 -71.5608
18255.3 -70.9793
18267.3 -70.4018
18279.3 -69.8283
18291.3 -69.2587
18303.3 -68.6933
18315.3 -68.1318
18327.3 -67.5745
18339.3 -67.0214
18351.4 -66.4723
18363.4 -65.9275
18375.4 -65.3868
18387.4 -64.8503
18399.4 -64.318
18411.4 -63.79
18423.4 -63.2661
18435.4 -62.7465
18447.4 -62.2312
18459.5 -61.72
18471.5 -61.2132
18483.5 -60.7105
18495.5 -60.2121
18507.5 -59.7179
18519.5 -59.2279
18531.5 -58.7421
18543.5 -58.2606
18555.6 -57.7832
18567.6 -57.31
18579.6 -56.841
18591.6 -56.3761
18603.6 -55.9153
18615.6 -55.4587
18627.6 -55.0062
18639.6 -54.5577
18651.7 -54.1133
18663.7 -53.673
18675.7 -53.2367
18687.7 -52.8044
18699.7 -52.376
18711.7 -51.9516
18723.7 -51.5312
18735.7 -51.1146
18747.7 -50.702
18759.8 -50.2932
18771.8 -49.8882
18783.8 -49.487
18795.8 -49.0896
18807.8 -48.696
18819.8 -48.306
18831.8 -47.9198
18843.8 -47.5372
18855.9 -47.1583
18867.9 -46.783
18879.9 -46.4113
18891.9 -46.0431
18903.9 -45.6784
18915.9 -45.3173
18927.9 -44.9596
18939.9 -44.6053
18952 -44.2545
18964 -43.907
18976 -43.5629
18988 -43.2221
19000 -42.8846
