7000 -49.5127
7012.01 -50.3207
7024.02 -51.161
7036.04 -52.0354
7048.05 -52.9457
7060.06 -53.8939
7072.07 -54.882
7084.08 -55.9123
7096.1 -56.9869
7108.11 -58.1082
7120.12 -59.2786
7132.13 -60.5008
7144.14 -61.7774
7156.16 -63.1111
7168.17 -64.5047
7180.18 -65.961
7192.19 -67.4829
7204.2 -69.0733
7216.22 -70.7351
7228.23 -72.4709
7240.24 -74.2835
7252.25 -76.1752
7264.26 -78.1482
7276.28 -80.2044
7288.29 -82.345
7300.3 -84.5707
7312.31 -86.8816
7324.32 -89.2767
7336.34 -91.7541
7348.35 -94.3104
7360.36 -96.9411
7372.37 -99.6395
7384.38 -102.397
7396.4 -105.204
7408.41 -108.047
7420.42 -110.91
7432.43 -113.776
7444.44 -116.623
7456.46 -119.429
7468.47 -122.167
7480.48 -124.81
7492.49 -127.327
7504.5 -129.688
7516.52 -131.861
7528.53 -133.815
7540.54 -135.52
7552.55 -136.95
7564.56 -138.08
7576.58 -138.891
7588.59 -139.369
7600.6 -139.506
7612.61 -139.299
7624.62 -138.752
7636.64 -137.757
7648.65 -136.285
7660.66 -134.517
7672.67 -132.477
7684.68 -130.193
7696.7 -127.694
7708.71 -125.009
7720.72 -122.167
7732.73 -119.199
7744.74 -116.512
7756.76 -113.95
7768.77 -111.34
7780.78 -108.704
7792.79 -106.059
7804.8 -103.421
7816.82 -100.805
7828.83 -98.2206
7840.84 -95.6768
7852.85 -93.2954
7864.86 -90.9803
7876.88 -88.7213
7888.89 -86.5203
7900.9 -84.378
7912.91 -82.294
7924.92 -80.2671
7936.94 -78.2953
7948.95 -76.2735
7960.96 -73.623
7972.97 -71.0159
7984.98 -68.4484
7997 -65.9163
8009.01 -63.4152
8021.02 -60.9407
8033.03 -58.488
8045.05 -56.0523
8057.06 -53.8726
8069.07 -52.1192
8081.08 -50.3701
8093.09 -48.6204
8105.11 -46.865
8117.12 -45.0991
8129.13 -43.3178
8141.14 -41.5163
8153.15 -39.6898
8165.17 -36.9622
8177.18 -33.6297
8189.19 -30.255
8201.2 -26.8344
8213.21 -23.3643
8225.23 -19.8418
8237.24 -16.2645
8249.25 -12.6307
8261.26 -8.93965
8273.27 -7.81154
8285.29 -7.12787
8297.3 -6.40014
8309.31 -5.63264
8321.32 -4.83141
8333.33 -4.00447
8345.35 -3.16204
8357.36 -2.31664
8369.37 -1.13089
8381.38 4.13809
8393.39 9.37039
8405.41 14.5437
8417.42 19.6336
8429.43 24.6139
8441.44 29.4573
8453.45 34.1361
8465.47 38.6228
8477.48 41.3775
8489.49 40.6068
8501.5 39.559
8513.51 38.2172
8525.53 36.5692
8537.54 34.6082
8549.55 32.3328
8561.56 29.7476
8573.57 26.8625
8585.59 25.024
8597.6 24.0041
8609.61 22.7482
8621.62 21.2818
8633.63 19.6322
8645.65 17.8271
8657.66 15.8946
8669.67 13.8617
8681.68 11.7542
8693.69 9.59602
8705.71 7.40888
8717.72 5.21229
8729.73 3.02339
8741.74 0.85691
8753.75 -1.27465
8765.77 -3.36095
8777.78 -5.3936
8789.79 -7.36598
8801.8 -9.27305
8813.81 -11.1111
8825.83 -12.8778
8837.84 -14.5715
8849.85 -16.1916
8861.86 -17.7383
8873.87 -19.2122
8885.89 -20.6143
8897.9 -21.9463
8909.91 -23.2097
8921.92 -24.4065
8933.93 -25.539
8945.95 -26.6091
8957.96 -27.6192
8969.97 -28.5715
8981.98 -29.4683
8993.99 -30.3118
9006.01 -31.1042
9018.02 -31.8475
9030.03 -32.5438
9042.04 -33.1952
9054.05 -33.8034
9066.07 -34.3703
9078.08 -34.8976
9090.09 -35.3869
9102.1 -35.8399
9114.11 -36.2579
9126.13 -36.6424
9138.14 -36.9947
9150.15 -37.316
9162.16 -37.6074
9174.17 -37.8702
9186.19 -38.1053
9198.2 -38.3136
9210.21 -38.4961
9222.22 -38.6536
9234.23 -38.7869
9246.25 -38.8968
9258.26 -38.9839
9270.27 -39.0489
9282.28 -39.0923
9294.29 -39.1148
9306.31 -39.1168
9318.32 -39.0988
9330.33 -39.0613
9342.34 -39.0046
9354.35 -38.9292
9366.37 -38.8353
9378.38 -38.7233
9390.39 -38.5935
9402.4 -38.4461
9414.41 -38.2813
9426.43 -38.0994
9438.44 -37.9006
9450.45 -37.685
9462.46 -37.4528
9474.47 -37.204
9486.49 -36.9389
9498.5 -36.6574
9510.51 -36.3597
9522.52 -36.0459
9534.53 -35.7159
9546.55 -35.3698
9558.56 -35.0075
9570.57 -34.6292
9582.58 -34.2348
9594.59 -33.8242
9606.61 -33.3974
9618.62 -32.9544
9630.63 -32.4951
9642.64 -32.0194
9654.65 -31.5273
9666.67 -31.0186
9678.68 -30.4932
9690.69 -29.9511
9702.7 -29.3921
9714.71 -28.816
9726.73 -28.2228
9738.74 -27.6123
9750.75 -26.9842
9762.76 -26.3386
9774.77 -25.6751
9786.79 -24.9936
9798.8 -24.2939
9810.81 -23.5759
9822.82 -22.8393
9834.83 -22.0838
9846.85 -21.3094
9858.86 -20.5157
9870.87 -19.7026
9882.88 -18.8698
9894.89 -18.0171
9906.91 -17.1442
9918.92 -16.2509
9930.93 -15.3369
9942.94 -14.402
9954.95 -13.446
9966.97 -12.4684
9978.98 -11.4692
9990.99 -10.4479
10003 -9.40443
10015 -8.33838
10027 -7.24953
10039 -6.13757
10051.1 -5.00224
10063.1 -3.84325
10075.1 -2.66032
10087.1 -1.45317
10099.1 -0.221512
10111.1 1.03492
10123.1 2.31642
10135.1 3.62324
10147.1 4.95567
10159.2 6.31397
10171.2 7.6984
10183.2 9.10922
10195.2 10.5467
10207.2 12.011
10219.2 13.5024
10231.2 15.0212
10243.2 16.5676
10255.3 18.1416
10267.3 19.7437
10279.3 21.3738
10291.3 23.0322
10303.3 24.719
10315.3 26.4344
10327.3 28.1784
10339.3 29.9511
10351.4 31.7526
10363.4 33.583
10375.4 35.4421
10387.4 37.3301
10399.4 39.2469
10411.4 41.1923
10423.4 43.1663
10435.4 45.1688
10447.4 47.1994
10459.5 49.2581
10471.5 51.3445
10483.5 53.4582
10495.5 55.5991
10507.5 57.7665
10519.5 59.9601
10531.5 62.1793
10543.5 64.4236
10555.6 66.6923
10567.6 68.9847
10579.6 71.3001
10591.6 73.6375
10603.6 75.9962
10615.6 78.375
10627.6 80.7731
10639.6 83.1892
10651.7 85.6221
10663.7 88.0705
10675.7 90.5332
10687.7 93.0085
10699.7 95.495
10711.7 97.9911
10723.7 100.495
10735.7 103.005
10747.7 105.519
10759.8 108.035
10771.8 110.552
10783.8 113.066
10795.8 115.576
10807.8 118.079
10819.8 120.574
10831.8 123.056
10843.8 125.525
10855.9 127.977
10867.9 130.409
10879.9 132.82
10891.9 135.205
10903.9 137.562
10915.9 139.888
10927.9 142.18
10939.9 144.435
10952 146.65
10964 148.822
10976 150.948
10988 153.025
11000 155.049
11012 157.018
11024 158.929
11036 160.778
11048 162.563
11060.1 164.281
11072.1 165.929
11084.1 167.504
11096.1 169.003
11108.1 169.951
11120.1 169.259
11132.1 168.48
11144.1 167.613
11156.2 166.654
11168.2 165.603
11180.2 164.457
11192.2 163.216
11204.2 161.877
11216.2 161.05
11228.2 160.797
11240.2 160.447
11252.3 159.999
11264.3 159.452
11276.3 158.808
11288.3 158.065
11300.3 157.225
11312.3 156.287
11324.3 155.904
11336.3 155.694
11348.3 155.39
11360.4 154.995
11372.4 154.51
11384.4 153.936
11396.4 153.274
11408.4 152.527
11420.4 151.697
11432.4 150.574
11444.4 149.359
11456.5 148.066
11468.5 146.7
11480.5 145.261
11492.5 143.753
11504.5 142.178
11516.5 140.54
11528.5 138.958
11540.5 137.833
11552.6 136.655
11564.6 135.425
11576.6 134.147
11588.6 132.824
11600.6 131.459
11612.6 130.054
11624.6 128.613
11636.6 127.117
11648.6 125.56
11660.7 123.976
11672.7 122.365
11684.7 120.732
11696.7 119.078
11708.7 117.407
11720.7 115.72
11732.7 114.02
11744.7 112.046
11756.8 109.928
11768.8 107.802
11780.8 105.672
11792.8 103.538
11804.8 101.403
11816.8 99.2689
11828.8 97.137
11840.8 95.0092
11852.9 92.7721
11864.9 90.5285
11876.9 88.2932
11888.9 86.0675
11900.9 83.8528
11912.9 81.6501
11924.9 79.4607
11936.9 77.2856
11948.9 75.0942
11961 72.7057
11973 70.3338
11985 67.9793
11997 65.6429
12009 63.3253
12021 61.0271
12033 58.7489
12045 56.4912
12057.1 54.2337
12069.1 51.9624
12081.1 49.7127
12093.1 47.4851
12105.1 45.2797
12117.1 43.0969
12129.1 40.9369
12141.1 38.7998
12153.2 36.6858
12165.2 34.1824
12177.2 31.4316
12189.2 28.7028
12201.2 25.996
12213.2 23.3114
12225.2 20.6488
12237.2 18.0082
12249.2 15.3896
12261.3 12.7929
12273.3 10.5187
12285.3 8.32471
12297.3 6.153
12309.3 4.00342
12321.3 1.87583
12333.3 -0.229929
12345.3 -2.31404
12357.4 -4.37668
12369.4 -6.37676
12381.4 -7.88495
12393.4 -9.37128
12405.4 -10.836
12417.4 -12.2792
12429.4 -13.7013
12441.4 -15.1025
12453.5 -16.4829
12465.5 -17.8428
12477.5 -18.8483
12489.5 -19.1036
12501.5 -19.3372
12513.5 -19.5492
12525.5 -19.74
12537.5 -19.9098
12549.5 -20.0588
12561.6 -20.1874
12573.6 -20.2957
12585.6 -20.8128
12597.6 -21.6529
12609.6 -22.475
12621.6 -23.2794
12633.6 -24.0663
12645.6 -24.836
12657.7 -25.5887
12669.7 -26.3247
12681.7 -27.0443
12693.7 -27.9954
12705.7 -28.9968
12717.7 -29.983
12729.7 -30.9544
12741.7 -31.9112
12753.8 -32.8536
12765.8 -33.7818
12777.8 -34.6961
12789.8 -35.5973
12801.8 -36.5085
12813.8 -37.4065
12825.8 -38.2915
12837.8 -39.1638
12849.8 -40.0236
12861.9 -40.8711
12873.9 -41.7065
12885.9 -42.5301
12897.9 -43.4115
12909.9 -44.4734
12921.9 -45.5246
12933.9 -46.5652
12945.9 -47.5954
12958 -48.6155
12970 -49.6257
12982 -50.626
12994 -51.6168
13006 -52.4934
13018 -53.2559
13030 -54.0089
13042 -54.7527
13054.1 -55.4875
13066.1 -56.2133
13078.1 -56.9304
13090.1 -57.639
13102.1 -58.3392
13114.1 -59.3496
13126.1 -60.4681
13138.1 -61.5796
13150.2 -62.6841
13162.2 -63.7818
13174.2 -64.8729
13186.2 -65.9575
13198.2 -67.0357
13210.2 -68.1078
13222.2 -69.2299
13234.2 -70.3477
13246.2 -71.4598
13258.3 -72.5663
13270.3 -73.6675
13282.3 -74.7635
13294.3 -75.8543
13306.3 -76.9401
13318.3 -77.8807
13330.3 -78.2865
13342.3 -78.6865
13354.4 -79.0808
13366.4 -79.4695
13378.4 -79.8528
13390.4 -80.2308
13402.4 -80.6036
13414.4 -80.9713
13426.4 -80.7962
13438.4 -79.9397
13450.5 -79.0762
13462.5 -78.2059
13474.5 -77.329
13486.5 -76.4454
13498.5 -75.5554
13510.5 -74.6589
13522.5 -73.7562
13534.5 -73.1373
13546.5 -72.6461
13558.6 -72.1496
13570.6 -71.6479
13582.6 -71.1413
13594.6 -70.6297
13606.6 -70.1132
13618.6 -69.5921
13630.6 -69.0662
13642.6 -69.055
13654.7 -69.0859
13666.7 -69.1134
13678.7 -69.1376
13690.7 -69.1586
13702.7 -69.1765
13714.7 -69.1914
13726.7 -69.2033
13738.7 -69.2981
13750.8 -69.8356
13762.8 -70.3713
13774.8 -70.9054
13786.8 -71.4379
13798.8 -71.9689
13810.8 -72.4985
13822.8 -73.0267
13834.8 -73.5537
13846.8 -74.2484
13858.9 -75.2012
13870.9 -76.1538
13882.9 -77.1061
13894.9 -78.0583
13906.9 -79.0104
13918.9 -79.9626
13930.9 -80.9148
13942.9 -81.8673
13955 -83.0484
13967 -84.3651
13979 -85.6828
13991 -87.0017
14003 -88.3217
14015 -89.643
14027 -90.9655
14039 -92.2895
14051.1 -93.615
14063.1 -94.9766
14075.1 -96.3451
14087.1 -97.7153
14099.1 -99.0873
14111.1 -100.461
14123.1 -101.837
14135.1 -103.215
14147.1 -104.595
14159.2 -105.781
14171.2 -105.288
14183.2 -104.794
14195.2 -104.299
14207.2 -103.803
14219.2 -103.307
14231.2 -102.811
14243.2 -102.313
14255.3 -101.816
14267.3 -101.246
14279.3 -100.536
14291.3 -99.8244
14303.3 -99.1128
14315.3 -98.4007
14327.3 -97.6883
14339.3 -96.9756
14351.4 -96.2627
14363.4 -95.5497
14375.4 -95.2265
14387.4 -95.1857
14399.4 -95.1462
14411.4 -95.1079
14423.4 -95.071
14435.4 -95.0355
14447.4 -95.0015
14459.5 -94.9691
14471.5 -94.9383
14483.5 -95.031
14495.5 -95.1534
14507.5 -95.2779
14519.5 -95.4047
14531.5 -95.5337
14543.5 -95.665
14555.6 -95.7988
14567.6 -95.9351
14579.6 -96.1139
14591.6 -96.9635
14603.6 -97.8169
14615.6 -98.6743
14627.6 -99.5358
14639.6 -100.401
14651.7 -101.271
14663.7 -102.145
14675.7 -103.024
14687.7 -104.108
14699.7 -105.689
14711.7 -107.276
14723.7 -108.868
14735.7 -110.466
14747.7 -112.071
14759.8 -113.681
14771.8 -115.298
14783.8 -116.921
14795.8 -118.315
14807.8 -119.502
14819.8 -120.694
14831.8 -121.892
14843.8 -123.096
14855.9 -124.306
14867.9 -125.522
14879.9 -126.745
14891.9 -127.974
14903.9 -127.977
14915.9 -127.608
14927.9 -127.243
14939.9 -126.882
14952 -126.526
14964 -126.173
14976 -125.826
14988 -125.483
15000 -125.144
15012 -124.829
15024 -124.519
15036 -124.214
15048 -123.914
15060.1 -123.619
15072.1 -123.329
15084.1 -123.045
15096.1 -122.767
15108.1 -122.562
15120.1 -122.583
15132.1 -122.611
15144.1 -122.645
15156.2 -122.686
15168.2 -122.734
15180.2 -122.788
15192.2 -122.849
15204.2 -122.918
15216.2 -123.234
15228.2 -123.822
15240.2 -124.419
15252.3 -125.023
15264.3 -125.637
15276.3 -126.258
15288.3 -126.889
15300.3 -127.528
15312.3 -128.176
15324.3 -129.149
15336.3 -130.262
15348.3 -131.384
15360.4 -132.516
15372.4 -133.659
15384.4 -134.812
15396.4 -135.975
15408.4 -137.148
15420.4 -138.333
15432.4 -140.245
15444.4 -142.213
15456.5 -144.193
15468.5 -146.185
15480.5 -148.19
15492.5 -150.207
15504.5 -152.236
15516.5 -154.278
15528.5 -156.083
15540.5 -156.802
15552.6 -157.532
15564.6 -158.273
15576.6 -159.025
15588.6 -159.789
15600.6 -160.563
15612.6 -161.349
15624.6 -162.146
15636.6 -162.444
15648.6 -162.045
15660.7 -161.656
15672.7 -161.277
15684.7 -160.908
15696.7 -160.548
15708.7 -160.199
15720.7 -159.859
15732.7 -159.53
15744.7 -159.552
15756.8 -159.759
15768.8 -159.978
15780.8 -160.207
15792.8 -160.447
15804.8 -160.698
15816.8 -160.96
15828.8 -161.233
15840.8 -161.517
15852.9 -162.705
15864.9 -164.008
15876.9 -165.324
15888.9 -166.653
15900.9 -167.993
15912.9 -169.346
15924.9 -170.71
15936.9 -172.087
15948.9 -173.521
15961 -175.279
15973 -177.049
15985 -178.831
15997 -180.624
16009 -182.429
16021 -184.245
16033 -186.072
16045 -187.91
16057.1 -189.912
16069.1 -192.186
16081.1 -194.47
16093.1 -196.764
16105.1 -199.068
16117.1 -201.381
16129.1 -203.704
16141.1 -206.035
16153.2 -208.375
16165.2 -210.773
16177.2 -213.211
16189.2 -215.657
16201.2 -218.109
16213.2 -220.567
16225.2 -223.031
16237.2 -225.499
16249.2 -227.971
16261.3 -230.448
16273.3 -231.383
16285.3 -232.021
16297.3 -232.658
16309.3 -233.293
16321.3 -233.925
16333.3 -234.554
16345.3 -235.179
16357.4 -235.799
16369.4 -236.444
16381.4 -237.435
16393.4 -238.419
16405.4 -239.395
16417.4 -240.362
16429.4 -241.32
16441.4 -242.267
16453.5 -243.202
16465.5 -244.124
16477.5 -245.134
16489.5 -246.352
16501.5 -247.554
16513.5 -248.74
16525.5 -249.908
16537.5 -251.057
16549.5 -252.187
16561.6 -253.297
16573.6 -254.384
16585.6 -255.662
16597.6 -257.087
16609.6 -258.488
16621.6 -259.862
16633.6 -261.21
16645.6 -262.531
16657.7 -263.822
16669.7 -265.083
16681.7 -266.313
16693.7 -268.23
16705.7 -270.306
16717.7 -272.349
16729.7 -274.359
16741.7 -276.334
16753.8 -278.273
16765.8 -280.176
16777.8 -282.041
16789.8 -283.87
16801.8 -285.686
16813.8 -287.464
16825.8 -289.201
16837.8 -290.897
16849.8 -292.552
16861.9 -294.164
16873.9 -295.735
16885.9 -297.262
16897.9 -298.304
16909.9 -298.083
16921.9 -297.816
16933.9 -297.502
16945.9 -297.141
16958 -296.733
16970 -296.278
16982 -295.776
16994 -295.227
17006 -294.511
17018 -293.628
17030 -292.697
17042 -291.72
17054.1 -290.696
17066.1 -289.626
17078.1 -288.51
17090.1 -287.348
17102.1 -286.142
17114.1 -284.989
17126.1 -283.828
17138.1 -282.624
17150.2 -281.378
17162.2 -280.09
17174.2 -278.761
17186.2 -277.391
17198.2 -275.983
17210.2 -274.535
17222.2 -273.223
17234.2 -271.879
17246.2 -270.499
17258.3 -269.085
17270.3 -267.637
17282.3 -266.156
17294.3 -264.643
17306.3 -263.099
17318.3 -261.659
17330.3 -260.694
17342.3 -259.703
17354.4 -258.685
17366.4 -257.643
17378.4 -256.578
17390.4 -255.489
17402.4 -254.38
17414.4 -253.249
17426.4 -252.358
17438.4 -251.774
17450.5 -251.172
17462.5 -250.556
17474.5 -249.925
17486.5 -249.28
17498.5 -248.622
17510.5 -247.953
17522.5 -247.273
17534.5 -245.596
17546.5 -243.454
17558.6 -241.303
17570.6 -239.143
17582.6 -236.974
17594.6 -234.798
17606.6 -232.615
17618.6 -230.427
17630.6 -228.234
17642.6 -225.064
17654.7 -221.805
17666.7 -218.541
17678.7 -215.274
17690.7 -212.004
17702.7 -208.732
17714.7 -205.458
17726.7 -202.182
17738.7 -199.5
17750.8 -199.902
17762.8 -200.309
17774.8 -200.723
17786.8 -201.143
17798.8 -201.57
17810.8 -202.005
17822.8 -202.448
17834.8 -202.899
17846.8 -202.585
17858.9 -201.095
17870.9 -199.612
17882.9 -198.136
17894.9 -196.667
17906.9 -195.206
17918.9 -193.753
17930.9 -192.309
17942.9 -190.873
17955 -189.446
17967 -188.028
17979 -186.619
17991 -185.219
18003 -183.829
18015 -182.449
18027 -181.079
18039 -179.719
18051.1 -178.369
18063.1 -177.029
18075.1 -175.7
18087.1 -174.381
18099.1 -173.073
18111.1 -171.776
18123.1 -170.489
18135.1 -169.213
18147.1 -167.948
18159.2 -166.694
18171.2 -165.45
18183.2 -164.218
18195.2 -162.996
18207.2 -161.786
18219.2 -160.586
18231.2 -159.398
18243.2 -158.22
18255.3 -157.053
18267.3 -155.898
18279.3 -154.753
18291.3 -153.619
18303.3 -152.496
18315.3 -151.383
18327.3 -150.282
18339.3 -149.191
18351.4 -148.111
18363.4 -147.041
18375.4 -145.982
18387.4 -144.934
18399.4 -143.895
18411.4 -142.868
18423.4 -141.85
18435.4 -140.843
18447.4 -139.846
18459.5 -138.859
18471.5 -137.883
18483.5 -136.916
18495.5 -135.959
18507.5 -135.011
18519.5 -134.074
18531.5 -133.146
18543.5 -132.228
18555.6 -131.319
18567.6 -130.419
18579.6 -129.529
18591.6 -128.648
18603.6 -127.777
18615.6 -126.914
18627.6 -126.06
18639.6 -125.215
18651.7 -124.379
18663.7 -123.551
18675.7 -122.732
18687.7 -121.922
18699.7 -121.12
18711.7 -120.326
18723.7 -119.541
18735.7 -118.764
18747.7 -117.995
18759.8 -117.234
18771.8 -116.48
18783.8 -115.735
18795.8 -114.997
18807.8 -114.267
18819.8 -113.545
18831.8 -112.83
18843.8 -112.122
18855.9 -111.422
18867.9 -110.729
18879.9 -110.043
18891.9 -109.364
18903.9 -108.692
18915.9 -108.027
18927.9 -107.369
18939.9 -106.718
18952 -106.073
18964 -105.435
18976 -104.803
18988 -104.178
19000 -103.559
