7000 -0.00236679
7012.01 -0.00247002
7024.02 -0.00257419
7036.04 -0.00267843
7048.05 -0.00278196
7060.06 -0.00288398
7072.07 -0.0029834
7084.08 -0.00307907
7096.1 -0.00316981
7108.11 -0.00325442
7120.12 -0.00333167
7132.13 -0.00340038
7144.14 -0.0034591
7156.16 -0.00350779
7168.17 -0.00354572
7180.18 -0.00357227
7192.19 -0.00358713
7204.2 -0.00359018
7216.22 -0.00358154
7228.23 -0.00356148
7240.24 -0.00353033
7252.25 -0.00348853
7264.26 -0.00343839
7276.28 -0.0033804
7288.29 -0.00331542
7300.3 -0.00324439
7312.31 -0.00316825
7324.32 -0.00308786
7336.34 -0.0030039
7348.35 -0.00291607
7360.36 -0.00282771
7372.37 -0.00273994
7384.38 -0.00265275
7396.4 -0.0025665
7408.41 -0.00248159
7420.42 -0.00239838
7432.43 -0.00231722
7444.44 -0.0022386
7456.46 -0.00216338
7468.47 -0.00208865
7480.48 -0.0020154
7492.49 -0.00194399
7504.5 -0.00187455
7516.52 -0.00180715
7528.53 -0.00174181
7540.54 -0.00167859
7552.55 -0.00161761
7564.56 -0.00155871
7576.58 -0.00150119
7588.59 -0.00144186
7600.6 -0.00138259
7612.61 -0.0013245
7624.62 -0.00126757
7636.64 -0.00121177
7648.65 -0.00115704
7660.66 -0.00110355
7672.67 -0.00105019
7684.68 -0.000996795
7696.7 -0.000952863
7708.71 -0.000910195
7720.72 -0.000868283
7732.73 -0.000826913
7744.74 -0.000785868
7756.76 -0.000744757
7768.77 -0.000703147
7780.78 -0.000664849
7792.79 -0.000624529
7804.8 -0.000570265
7816.82 -0.000515264
7828.83 -0.000459861
7840.84 -0.000404085
7852.85 -0.000347912
7864.86 -0.000291405
7876.88 -0.000233842
7888.89 -0.000173956
7900.9 -0.000124545
7912.91 -9.04703e-05
7924.92 -5.70164e-05
7936.94 -2.36156e-05
7948.95 1.0007e-05
7960.96 4.41003e-05
7972.97 7.92687e-05
7984.98 0.000113023
7997 0.000145565
8009.01 0.000194556
8021.02 0.000252592
8033.03 0.000312322
8045.05 0.00037352
8057.06 0.000436147
8069.07 0.000500259
8081.08 0.000565953
8093.09 0.000633181
8105.11 0.000703619
8117.12 0.000740866
8129.13 0.00077503
8141.14 0.000808168
8153.15 0.000840346
8165.17 0.000871259
8177.18 0.000899891
8189.19 0.000928187
8201.2 0.000956364
8213.21 0.000992372
8225.23 0.00108015
8237.24 0.0011708
8249.25 0.00126221
8261.26 0.00135351
8273.27 0.00144405
8285.29 0.00153321
8297.3 0.00162261
8309.31 0.00171202
8321.32 0.0017767
8333.33 0.00180059
8345.35 0.00181822
8357.36 0.00183046
8369.37 0.00183756
8381.38 0.00183956
8393.39 0.00183668
8405.41 0.00182945
8417.42 0.00181717
8429.43 0.00181668
8441.44 0.00182257
8453.45 0.00182619
8465.47 0.00182752
8477.48 0.00182673
8489.49 0.00182396
8501.5 0.00181994
8513.51 0.00181494
8525.53 0.00180905
8537.54 0.00180251
8549.55 0.00179552
8561.56 0.00178828
8573.57 0.00178094
8585.59 0.00177354
8597.6 0.00176599
8609.61 0.00176061
8621.62 0.00175639
8633.63 0.0017532
8645.65 0.00175106
8657.66 0.00174999
8669.67 0.00175003
8681.68 0.00175121
8693.69 0.0017536
8705.71 0.00175711
8717.72 0.00176146
8729.73 0.00176687
8741.74 0.00177334
8753.75 0.00178087
8765.77 0.00178946
8777.78 0.00179906
8789.79 0.00180964
8801.8 0.00182103
8813.81 0.00183386
8825.83 0.00184801
8837.84 0.00186327
8849.85 0.00187958
8861.86 0.00189693
8873.87 0.00191529
8885.89 0.00193468
8897.9 0.00195515
8909.91 0.00197676
8921.92 0.00199819
8933.93 0.00202013
8945.95 0.00204267
8957.96 0.00206585
8969.97 0.00208964
8981.98 0.00211404
8993.99 0.00213898
9006.01 0.00216436
9018.02 0.00219052
9030.03 0.00221808
9042.04 0.00224648
9054.05 0.00227564
9066.07 0.00230555
9078.08 0.00233619
9090.09 0.00236758
9102.1 0.00239977
9114.11 0.00243306
9126.13 0.00246587
9138.14 0.00249878
9150.15 0.00253206
9162.16 0.0025658
9174.17 0.00260001
9186.19 0.00263475
9198.2 0.00267004
9210.21 0.002706
9222.22 0.00274261
9234.23 0.00277838
9246.25 0.00281427
9258.26 0.00285042
9270.27 0.00288688
9282.28 0.0029237
9294.29 0.0029609
9306.31 0.00299853
9318.32 0.00303671
9330.33 0.003075
9342.34 0.00311302
9354.35 0.00315128
9366.37 0.00318984
9378.38 0.00322877
9390.39 0.0032681
9402.4 0.00330791
9414.41 0.00334836
9426.43 0.00339003
9438.44 0.00342926
9450.45 0.00346788
9462.46 0.00350641
9474.47 0.00354498
9486.49 0.00358365
9498.5 0.0036225
9510.51 0.00366156
9522.52 0.0037009
9534.53 0.00374049
9546.55 0.00377987
9558.56 0.00381943
9570.57 0.00385927
9582.58 0.00389946
9594.59 0.00394008
9606.61 0.00398125
9618.62 0.00402319
9630.63 0.00406658
9642.64 0.00410739
9654.65 0.00414426
9666.67 0.00418035
9678.68 0.00421602
9690.69 0.00425143
9702.7 0.00428668
9714.71 0.00432185
9726.73 0.00435697
9738.74 0.0043921
9750.75 0.00442727
9762.76 0.00446252
9774.77 0.0044979
9786.79 0.00453345
9798.8 0.00456923
9810.81 0.00460532
9822.82 0.00464187
9834.83 0.0046792
9846.85 0.00471632
9858.86 0.00474914
9870.87 0.00478116
9882.88 0.00481275
9894.89 0.00484406
9906.91 0.00487514
9918.92 0.00490602
9930.93 0.00493667
9942.94 0.00496689
9954.95 0.00499825
9966.97 0.00503091
9978.98 0.00506397
9990.99 0.00509737
10003 0.00513111
10015 0.00516523
10027 0.00519982
10039 0.00523513
10051.1 0.00527177
10063.1 0.00530313
10075.1 0.0053332
10087.1 0.00536259
10099.1 0.00539142
10111.1 0.00541968
10123.1 0.00544726
10135.1 0.0054739
10147.1 0.00549885
10159.2 0.00552442
10171.2 0.00555873
10183.2 0.00559482
10195.2 0.00563194
10207.2 0.00566978
10219.2 0.00570813
10231.2 0.00574679
10243.2 0.00578549
10255.3 0.00582352
10267.3 0.00586455
10279.3 0.00590876
10291.3 0.00595398
10303.3 0.00599984
10315.3 0.00604603
10327.3 0.00609218
10339.3 0.00613773
10351.4 0.00618141
10363.4 0.00622019
10375.4 0.00628102
10387.4 0.00634889
10399.4 0.00642103
10411.4 0.00649668
10423.4 0.00657545
10435.4 0.00665709
10447.4 0.00674138
10459.5 0.0068279
10471.5 0.00691753
10483.5 0.00701375
10495.5 0.00711386
10507.5 0.00721751
10519.5 0.00732458
10531.5 0.00743492
10543.5 0.0075483
10555.6 0.00766424
10567.6 0.00778076
10579.6 0.00790896
10591.6 0.00804952
10603.6 0.00819731
10615.6 0.00835186
10627.6 0.00851313
10639.6 0.00868126
10651.7 0.00885655
10663.7 0.00903966
10675.7 0.00923168
10687.7 0.00942166
10699.7 0.00961608
10711.7 0.00981624
10723.7 0.0100227
10735.7 0.0102358
10747.7 0.010456
10759.8 0.0106837
10771.8 0.0109198
10783.8 0.011162
10795.8 0.0114051
10807.8 0.0116543
10819.8 0.0119104
10831.8 0.0121739
10843.8 0.0124453
10855.9 0.0127252
10867.9 0.0130149
10879.9 0.0133181
10891.9 0.0136039
10903.9 0.0138822
10915.9 0.0141625
10927.9 0.0144462
10939.9 0.014734
10952 0.0150262
10964 0.0153232
10976 0.0156256
10988 0.0159321
11000 0.0162268
11012 0.0165224
11024 0.01682
11036 0.0171199
11048 0.0174222
11060.1 0.0177271
11072.1 0.0180345
11084.1 0.018345
11096.1 0.0186462
11108.1 0.0189348
11120.1 0.0192219
11132.1 0.019508
11144.1 0.0197933
11156.2 0.0200775
11168.2 0.0203606
11180.2 0.0206424
11192.2 0.0209229
11204.2 0.0211934
11216.2 0.0214603
11228.2 0.0217244
11240.2 0.0219854
11252.3 0.0222432
11264.3 0.0224976
11276.3 0.0227484
11288.3 0.0229953
11300.3 0.0232345
11312.3 0.0234614
11324.3 0.0236846
11336.3 0.0239049
11348.3 0.0241235
11360.4 0.024344
11372.4 0.0245392
11384.4 0.0246176
11396.4 0.0246747
11408.4 0.0247175
11420.4 0.0247465
11432.4 0.0247616
11444.4 0.0247627
11456.5 0.024749
11468.5 0.0247176
11480.5 0.0247047
11492.5 0.0247294
11504.5 0.0247501
11516.5 0.0247683
11528.5 0.0247771
11540.5 0.0247759
11552.6 0.0247641
11564.6 0.0247402
11576.6 0.0246996
11588.6 0.0247049
11600.6 0.0247345
11612.6 0.0247706
11624.6 0.0248085
11636.6 0.0248393
11648.6 0.0248633
11660.7 0.0248807
11672.7 0.0248915
11684.7 0.0248955
11696.7 0.0248987
11708.7 0.0248979
11720.7 0.0248996
11732.7 0.0248954
11744.7 0.0248848
11756.8 0.0248687
11768.8 0.0248476
11780.8 0.024823
11792.8 0.0247916
11804.8 0.0247317
11816.8 0.0246673
11828.8 0.0246054
11840.8 0.024533
11852.9 0.0244525
11864.9 0.0243642
11876.9 0.0242679
11888.9 0.0241619
11900.9 0.024069
11912.9 0.0240119
11924.9 0.0239617
11936.9 0.0239123
11948.9 0.0238607
11961 0.0238077
11973 0.0237536
11985 0.0236991
11997 0.0236452
12009 0.023584
12021 0.0235181
12033 0.0234587
12045 0.023396
12057.1 0.0233314
12069.1 0.0232661
12081.1 0.0232013
12093.1 0.0231388
12105.1 0.0230848
12117.1 0.0229766
12129.1 0.0228571
12141.1 0.0227343
12153.2 0.0226072
12165.2 0.0224773
12177.2 0.0223453
12189.2 0.0222122
12201.2 0.0220789
12213.2 0.0219449
12225.2 0.0217971
12237.2 0.0216528
12249.2 0.0215052
12261.3 0.0213533
12273.3 0.0211985
12285.3 0.021041
12297.3 0.0208807
12309.3 0.0207168
12321.3 0.0205618
12333.3 0.0204366
12345.3 0.0203213
12357.4 0.020205
12369.4 0.0200892
12381.4 0.0199745
12393.4 0.0198613
12405.4 0.0197505
12417.4 0.0196438
12429.4 0.0195255
12441.4 0.019398
12453.5 0.0192703
12465.5 0.0191392
12477.5 0.0190067
12489.5 0.0188736
12501.5 0.0187408
12513.5 0.0186093
12525.5 0.018482
12537.5 0.0183305
12549.5 0.0181754
12561.6 0.0180151
12573.6 0.0178505
12585.6 0.0176829
12597.6 0.0175124
12609.6 0.0173392
12621.6 0.0171625
12633.6 0.0169835
12645.6 0.0168374
12657.7 0.0166976
12669.7 0.016558
12681.7 0.0164191
12693.7 0.0162813
12705.7 0.0161448
12717.7 0.0160104
12729.7 0.0158797
12741.7 0.0157419
12753.8 0.0155766
12765.8 0.0154049
12777.8 0.0152253
12789.8 0.01504
12801.8 0.0148495
12813.8 0.0146537
12825.8 0.0144513
12837.8 0.0142387
12849.8 0.0140639
12861.9 0.013935
12873.9 0.0138134
12885.9 0.0136962
12897.9 0.0135822
12909.9 0.0134709
12921.9 0.0133625
12933.9 0.0132576
12945.9 0.0131595
12958 0.0130183
12970 0.0128596
12982 0.0126965
12994 0.01253
13006 0.0123604
13018 0.0121877
13030 0.0120114
13042 0.0118304
13054.1 0.0116439
13066.1 0.0114912
13078.1 0.0113468
13090.1 0.0112089
13102.1 0.0110746
13114.1 0.0109429
13126.1 0.0108134
13138.1 0.0106859
13150.2 0.0105606
13162.2 0.0104326
13174.2 0.0102905
13186.2 0.0101472
13198.2 0.0100033
13210.2 0.00985908
13222.2 0.00971448
13234.2 0.00956948
13246.2 0.00942399
13258.3 0.00927809
13270.3 0.00911452
13282.3 0.00893248
13294.3 0.00875596
13306.3 0.00858076
13318.3 0.00840614
13330.3 0.00823168
13342.3 0.00805696
13354.4 0.00788132
13366.4 0.00770272
13378.4 0.00756266
13390.4 0.0074385
13402.4 0.0073174
13414.4 0.00719835
13426.4 0.00708088
13438.4 0.00696465
13450.5 0.00684936
13462.5 0.00673468
13474.5 0.00661978
13486.5 0.00649807
13498.5 0.00638107
13510.5 0.00626638
13522.5 0.00615341
13534.5 0.00604189
13546.5 0.00593169
13558.6 0.00582272
13570.6 0.005715
13582.6 0.00560354
13594.6 0.00547913
13606.6 0.00535579
13618.6 0.00523312
13630.6 0.00511108
13642.6 0.00498963
13654.7 0.00486869
13666.7 0.00474821
13678.7 0.00462806
13690.7 0.00450158
13702.7 0.00437136
13714.7 0.00424214
13726.7 0.00411357
13738.7 0.00398549
13750.8 0.00385775
13762.8 0.00373013
13774.8 0.00360228
13786.8 0.00347315
13798.8 0.00336081
13810.8 0.00325992
13822.8 0.00316156
13834.8 0.00306502
13846.8 0.00296998
13858.9 0.00287626
13870.9 0.00278375
13882.9 0.00269242
13894.9 0.00260217
13906.9 0.00248596
13918.9 0.00236996
13930.9 0.00225443
13942.9 0.00213938
13955 0.00202478
13967 0.00191054
13979 0.00179651
13991 0.00168229
14003 0.00156856
14015 0.00146459
14027 0.00136282
14039 0.00126255
14051.1 0.00116355
14063.1 0.0010657
14075.1 0.00096892
14087.1 0.000873201
14099.1 0.000778647
14111.1 0.000688146
14123.1 0.00060088
14135.1 0.000514022
14147.1 0.000427616
14159.2 0.000341643
14171.2 0.000256055
14183.2 0.000170761
14195.2 8.55754e-05
14207.2 -3.62497e-07
14219.2 -8.34785e-05
14231.2 -0.000164532
14243.2 -0.000244517
14255.3 -0.000323635
14267.3 -0.000401997
14279.3 -0.000479679
14291.3 -0.000556749
14303.3 -0.000633284
14315.3 -0.000709363
14327.3 -0.000799581
14339.3 -0.00088984
14351.4 -0.000979555
14363.4 -0.00106877
14375.4 -0.00115752
14387.4 -0.00124588
14399.4 -0.00133396
14411.4 -0.00142207
14423.4 -0.00150687
14435.4 -0.0015791
14447.4 -0.0016504
14459.5 -0.00172098
14471.5 -0.00179094
14483.5 -0.00186037
14495.5 -0.00192936
14507.5 -0.00199805
14519.5 -0.00206695
14531.5 -0.00213298
14543.5 -0.00219681
14555.6 -0.00225987
14567.6 -0.00232228
14579.6 -0.0023841
14591.6 -0.0024454
14603.6 -0.00250621
14615.6 -0.00256659
14627.6 -0.00262663
14639.6 -0.00269274
14651.7 -0.00276133
14663.7 -0.00282939
14675.7 -0.00289697
14687.7 -0.00296411
14699.7 -0.00303085
14711.7 -0.00309725
14723.7 -0.00316346
14735.7 -0.00322856
14747.7 -0.00327963
14759.8 -0.00332919
14771.8 -0.00337834
14783.8 -0.0034271
14795.8 -0.00347546
14807.8 -0.00352343
14819.8 -0.003571
14831.8 -0.003618
14843.8 -0.00366566
14855.9 -0.00371411
14867.9 -0.00376242
14879.9 -0.0038106
14891.9 -0.00385863
14903.9 -0.00390657
14915.9 -0.00395445
14927.9 -0.00400243
14939.9 -0.00405025
14952 -0.00409401
14964 -0.00413439
14976 -0.00417441
14988 -0.00421411
15000 -0.00425353
15012 -0.00429266
15024 -0.00433152
15036 -0.00437005
15048 -0.00440858
15060.1 -0.00444559
15072.1 -0.00448167
15084.1 -0.00451774
15096.1 -0.00455379
15108.1 -0.00458982
15120.1 -0.00462588
15132.1 -0.00466205
15144.1 -0.00469855
15156.2 -0.00473395
15168.2 -0.00477697
15180.2 -0.00482065
15192.2 -0.00486397
15204.2 -0.004907
15216.2 -0.00494978
15228.2 -0.00499234
15240.2 -0.00503473
15252.3 -0.00507674
15264.3 -0.00511633
15276.3 -0.00514475
15288.3 -0.00517334
15300.3 -0.00520196
15312.3 -0.00523058
15324.3 -0.0052592
15336.3 -0.00528787
15348.3 -0.00531668
15360.4 -0.00534505
15372.4 -0.00537474
15384.4 -0.00540736
15396.4 -0.00543973
15408.4 -0.00547195
15420.4 -0.00550403
15432.4 -0.00553603
15444.4 -0.005568
15456.5 -0.00560003
15468.5 -0.00563082
15480.5 -0.00566112
15492.5 -0.00569108
15504.5 -0.00572084
15516.5 -0.00575039
15528.5 -0.00577974
15540.5 -0.00580886
15552.6 -0.00583771
15564.6 -0.00586657
15576.6 -0.00589592
15588.6 -0.00591992
15600.6 -0.00594294
15612.6 -0.00596605
15624.6 -0.00598922
15636.6 -0.00601246
15648.6 -0.0060358
15660.7 -0.00605941
15672.7 -0.00608197
15684.7 -0.00610415
15696.7 -0.00613136
15708.7 -0.00615821
15720.7 -0.00618482
15732.7 -0.00621122
15744.7 -0.00623741
15756.8 -0.00626339
15768.8 -0.00628918
15780.8 -0.00631533
15792.8 -0.00634301
15804.8 -0.00637429
15816.8 -0.00640536
15828.8 -0.00643628
15840.8 -0.00646707
15852.9 -0.00649781
15864.9 -0.00652863
15876.9 -0.0065586
15888.9 -0.00658672
15900.9 -0.00662519
15912.9 -0.00667251
15924.9 -0.00671914
15936.9 -0.00676519
15948.9 -0.00681071
15961 -0.00685573
15973 -0.00690022
15985 -0.00694443
15997 -0.00698822
16009 -0.00701769
16021 -0.00704254
16033 -0.00706718
16045 -0.00709156
16057.1 -0.00711566
16069.1 -0.00713951
16081.1 -0.007163
16093.1 -0.00718529
16105.1 -0.00720711
16117.1 -0.00724424
16129.1 -0.00728102
16141.1 -0.00731728
16153.2 -0.00735301
16165.2 -0.00738822
16177.2 -0.00742287
16189.2 -0.00745733
16201.2 -0.00749178
16213.2 -0.00752536
16225.2 -0.00755687
16237.2 -0.00758792
16249.2 -0.00761849
16261.3 -0.00764858
16273.3 -0.00767816
16285.3 -0.00770719
16297.3 -0.00773616
16309.3 -0.00776476
16321.3 -0.00779141
16333.3 -0.0078157
16345.3 -0.00783945
16357.4 -0.00786264
16369.4 -0.00788526
16381.4 -0.00790726
16393.4 -0.0079287
16405.4 -0.00794983
16417.4 -0.00797024
16429.4 -0.00799764
16441.4 -0.00802827
16453.5 -0.00805842
16465.5 -0.00808804
16477.5 -0.00811709
16489.5 -0.00814548
16501.5 -0.00817448
16513.5 -0.00820418
16525.5 -0.00823371
16537.5 -0.00825667
16549.5 -0.00827842
16561.6 -0.00829955
16573.6 -0.00832006
16585.6 -0.00833994
16597.6 -0.00835916
16609.6 -0.00837807
16621.6 -0.00839632
16633.6 -0.00841464
16645.6 -0.00843761
16657.7 -0.00846022
16669.7 -0.00848233
16681.7 -0.00850391
16693.7 -0.00852487
16705.7 -0.00854605
16717.7 -0.00856935
16729.7 -0.0085924
16741.7 -0.00861517
16753.8 -0.00863768
16765.8 -0.00865984
16777.8 -0.00868165
16789.8 -0.00870313
16801.8 -0.00872433
16813.8 -0.00874511
16825.8 -0.00876562
16837.8 -0.00878623
16849.8 -0.0088006
16861.9 -0.00880988
16873.9 -0.00881842
16885.9 -0.00882639
16897.9 -0.00883387
16909.9 -0.0088409
16921.9 -0.00885122
16933.9 -0.00886169
16945.9 -0.0088727
16958 -0.00887334
16970 -0.00887075
16982 -0.00886731
16994 -0.0088632
17006 -0.00885849
17018 -0.0088533
17030 -0.00884772
17042 -0.00884173
17054.1 -0.00883531
17066.1 -0.00882657
17078.1 -0.00881726
17090.1 -0.00880751
17102.1 -0.00879739
17114.1 -0.00878696
17126.1 -0.00877877
17138.1 -0.00877158
17150.2 -0.0087647
17162.2 -0.008755
17174.2 -0.00873527
17186.2 -0.00871418
17198.2 -0.00869216
17210.2 -0.00866939
17222.2 -0.00864599
17234.2 -0.0086224
17246.2 -0.00859837
17258.3 -0.00857419
17270.3 -0.00854611
17282.3 -0.00851293
17294.3 -0.00847846
17306.3 -0.00844285
17318.3 -0.00840616
17330.3 -0.00836874
17342.3 -0.00833058
17354.4 -0.00829087
17366.4 -0.00824861
17378.4 -0.00821726
17390.4 -0.00819113
17402.4 -0.00816548
17414.4 -0.00813995
17426.4 -0.00811441
17438.4 -0.00808968
17450.5 -0.00806505
17462.5 -0.00804027
17474.5 -0.00801542
17486.5 -0.00798905
17498.5 -0.00796226
17510.5 -0.00793516
17522.5 -0.00790782
17534.5 -0.00788035
17546.5 -0.00785314
17558.6 -0.00782609
17570.6 -0.00779981
17582.6 -0.00777136
17594.6 -0.00772508
17606.6 -0.00767526
17618.6 -0.00762274
17630.6 -0.00756759
17642.6 -0.00751048
17654.7 -0.00745075
17666.7 -0.00738607
17678.7 -0.00731284
17690.7 -0.00726154
17702.7 -0.00726234
17714.7 -0.00727113
17726.7 -0.00728493
17738.7 -0.00730278
17750.8 -0.00732328
17762.8 -0.00734748
17774.8 -0.00737642
17786.8 -0.00741325
17798.8 -0.00742575
17810.8 -0.00741778
17822.8 -0.00740674
17834.8 -0.00739407
17846.8 -0.00738055
17858.9 -0.00736709
17870.9 -0.00735306
17882.9 -0.00733862
17894.9 -0.00732384
17906.9 -0.00730879
17918.9 -0.00729353
17930.9 -0.00727807
17942.9 -0.00726242
17955 -0.00724573
17967 -0.00722822
17979 -0.00721068
17991 -0.00719311
18003 -0.00717553
18015 -0.00715792
18027 -0.00714031
18039 -0.0071227
18051.1 -0.00710509
18063.1 -0.00708765
18075.1 -0.00707023
18087.1 -0.0070528
18099.1 -0.00703538
18111.1 -0.00701795
18123.1 -0.00700051
18135.1 -0.00698305
18147.1 -0.00696555
18159.2 -0.00694744
18171.2 -0.00692774
18183.2 -0.00690821
18195.2 -0.00688877
18207.2 -0.00686941
18219.2 -0.00685012
18231.2 -0.00683088
18243.2 -0.0068117
18255.3 -0.00679256
18267.3 -0.00677325
18279.3 -0.00675388
18291.3 -0.00673457
18303.3 -0.00671531
18315.3 -0.00669609
18327.3 -0.00667691
18339.3 -0.00665774
18351.4 -0.00663856
18363.4 -0.00661928
18375.4 -0.00659851
18387.4 -0.00657783
18399.4 -0.00655727
18411.4 -0.00653681
18423.4 -0.00651642
18435.4 -0.00649609
18447.4 -0.00647581
18459.5 -0.00645555
18471.5 -0.00643495
18483.5 -0.00641376
18495.5 -0.00639272
18507.5 -0.00637179
18519.5 -0.00635095
18531.5 -0.00633018
18543.5 -0.00630948
18555.6 -0.00628884
18567.6 -0.00626824
18579.6 -0.00624745
18591.6 -0.00622665
18603.6 -0.00620593
18615.6 -0.00618526
18627.6 -0.00616464
18639.6 -0.00614406
18651.7 -0.0061235
18663.7 -0.00610295
18675.7 -0.00608234
18687.7 -0.00606102
18699.7 -0.00603983
18711.7 -0.00601873
18723.7 -0.00599769
18735.7 -0.0059767
18747.7 -0.00595575
18759.8 -0.00593483
18771.8 -0.00591391
18783.8 -0.00589281
18795.8 -0.0058715
18807.8 -0.00585026
18819.8 -0.00582907
18831.8 -0.0058079
18843.8 -0.00578674
18855.9 -0.00576557
18867.9 -0.00574435
18879.9 -0.00572299
18891.9 -0.00570048
18903.9 -0.00567784
18915.9 -0.00565538
18927.9 -0.00563305
18939.9 -0.00561081
18952 -0.00558866
18964 -0.00556657
18976 -0.00554454
18988 -0.00552256
19000 -0.00550057
