7000 -0.00159095
7012.01 -0.00165455
7024.02 -0.00172079
7036.04 -0.00178961
7048.05 -0.00186121
7060.06 -0.0019357
7072.07 -0.002013
7084.08 -0.00209307
7096.1 -0.00217586
7108.11 -0.00226127
7120.12 -0.00234916
7132.13 -0.00243932
7144.14 -0.00253126
7156.16 -0.00262545
7168.17 -0.00272155
7180.18 -0.00281915
7192.19 -0.00291787
7204.2 -0.00301723
7216.22 -0.00311674
7228.23 -0.0032158
7240.24 -0.00331361
7252.25 -0.00340923
7264.26 -0.00350319
7276.28 -0.00359445
7288.29 -0.00368216
7300.3 -0.00376552
7312.31 -0.00384369
7324.32 -0.00391583
7336.34 -0.00398098
7348.35 -0.00403726
7360.36 -0.00408598
7372.37 -0.00412755
7384.38 -0.00416099
7396.4 -0.00418584
7408.41 -0.00420181
7420.42 -0.00420881
7432.43 -0.00420691
7444.44 -0.00419649
7456.46 -0.00417891
7468.47 -0.0041509
7480.48 -0.00411351
7492.49 -0.00406746
7504.5 -0.00401337
7516.52 -0.00395183
7528.53 -0.00388349
7540.54 -0.00380904
7552.55 -0.00372935
7564.56 -0.00364505
7576.58 -0.00355579
7588.59 -0.00345636
7600.6 -0.00335072
7612.61 -0.00324153
7624.62 -0.00312937
7636.64 -0.00301476
7648.65 -0.00289818
7660.66 -0.00278039
7672.67 -0.00266038
7684.68 -0.00253839
7696.7 -0.00241964
7708.71 -0.00230021
7720.72 -0.00217999
7732.73 -0.00205898
7744.74 -0.00193707
7756.76 -0.0018138
7768.77 -0.00168841
7780.78 -0.00156661
7792.79 -0.0014453
7804.8 -0.0013211
7816.82 -0.00119712
7828.83 -0.00107333
7840.84 -0.000949697
7852.85 -0.000826186
7864.86 -0.000702987
7876.88 -0.00057922
7888.89 -0.00045345
7900.9 -0.000332264
7912.91 -0.000217997
7924.92 -0.000103552
7936.94 1.14185e-05
7948.95 0.000127156
7960.96 0.000243972
7972.97 0.000362787
7984.98 0.000479811
7997 0.000595883
8009.01 0.000724086
8021.02 0.000859183
8033.03 0.000995933
8045.05 0.00113423
8057.06 0.00127411
8069.07 0.00141568
8081.08 0.00155902
8093.09 0.00170391
8105.11 0.0018519
8117.12 0.00197271
8129.13 0.00209143
8141.14 0.00220976
8153.15 0.00232775
8165.17 0.00244503
8177.18 0.00256031
8189.19 0.00267744
8201.2 0.00279676
8213.21 0.00292534
8225.23 0.00310651
8237.24 0.00329201
8249.25 0.0034798
8261.26 0.00366903
8273.27 0.00385908
8285.29 0.00404936
8297.3 0.00424246
8309.31 0.00443779
8321.32 0.00460113
8333.33 0.00471016
8345.35 0.00481238
8357.36 0.00490869
8369.37 0.00499903
8381.38 0.005083
8393.39 0.00516045
8405.41 0.00523136
8417.42 0.00529382
8429.43 0.00537548
8441.44 0.00546639
8453.45 0.00555116
8465.47 0.00562896
8477.48 0.00569932
8489.49 0.00576185
8501.5 0.00581716
8513.51 0.00586487
8525.53 0.00590475
8537.54 0.00593683
8549.55 0.00596122
8561.56 0.00597807
8573.57 0.00598761
8585.59 0.00599001
8597.6 0.00598582
8609.61 0.00597781
8621.62 0.00596443
8633.63 0.00594589
8645.65 0.00592257
8657.66 0.00589489
8669.67 0.00586328
8681.68 0.00582818
8693.69 0.00579006
8705.71 0.00574911
8717.72 0.00570565
8729.73 0.00566031
8741.74 0.0056135
8753.75 0.00556559
8765.77 0.00551691
8777.78 0.00546777
8789.79 0.00541845
8801.8 0.00536913
8813.81 0.00532088
8825.83 0.00527341
8837.84 0.00522683
8849.85 0.00518128
8861.86 0.00513692
8873.87 0.00509391
8885.89 0.00505237
8897.9 0.00501247
8909.91 0.00497413
8921.92 0.00493645
8933.93 0.00490034
8945.95 0.00486594
8957.96 0.0048333
8969.97 0.00480246
8981.98 0.00477344
8993.99 0.00474623
9006.01 0.00472078
9018.02 0.00469762
9030.03 0.00467698
9042.04 0.00465835
9054.05 0.00464169
9066.07 0.00462698
9078.08 0.00461419
9090.09 0.00460334
9102.1 0.00459443
9114.11 0.00458763
9126.13 0.00458138
9138.14 0.00457656
9150.15 0.00457334
9162.16 0.00457174
9174.17 0.00457176
9186.19 0.00457339
9198.2 0.00457663
9210.21 0.00458154
9222.22 0.0045879
9234.23 0.0045945
9246.25 0.00460231
9258.26 0.0046114
9270.27 0.00462179
9282.28 0.00463346
9294.29 0.00464643
9306.31 0.00466069
9318.32 0.00467631
9330.33 0.00469274
9342.34 0.0047098
9354.35 0.00472793
9366.37 0.00474714
9378.38 0.00476747
9390.39 0.00478891
9402.4 0.00481152
9414.41 0.00483538
9426.43 0.00486088
9438.44 0.00488444
9450.45 0.00490827
9462.46 0.00493272
9474.47 0.00495787
9486.49 0.00498377
9498.5 0.00501044
9510.51 0.0050379
9522.52 0.00506619
9534.53 0.0050952
9546.55 0.00512454
9558.56 0.00515459
9570.57 0.0051854
9582.58 0.00521703
9594.59 0.00524953
9606.61 0.00528299
9618.62 0.00531757
9630.63 0.00535383
9642.64 0.00538723
9654.65 0.00541745
9666.67 0.00544748
9678.68 0.00547761
9690.69 0.00550794
9702.7 0.00553855
9714.71 0.00556948
9726.73 0.00560077
9738.74 0.00563244
9750.75 0.00566451
9762.76 0.00569702
9774.77 0.00573
9786.79 0.00576346
9798.8 0.00579747
9810.81 0.00583209
9822.82 0.00586743
9834.83 0.00590378
9846.85 0.00593979
9858.86 0.00597173
9870.87 0.00600328
9882.88 0.00603474
9894.89 0.00606623
9906.91 0.00609779
9918.92 0.00612944
9930.93 0.00616114
9942.94 0.00619273
9954.95 0.00622591
9966.97 0.00626062
9978.98 0.00629594
9990.99 0.00633182
10003 0.00636826
10015 0.00640529
10027 0.00644301
10039 0.00648163
10051.1 0.00652162
10063.1 0.00655609
10075.1 0.00658956
10087.1 0.00662261
10099.1 0.00665533
10111.1 0.00668771
10123.1 0.00671962
10135.1 0.00675081
10147.1 0.00678055
10159.2 0.00681181
10171.2 0.00685254
10183.2 0.00689519
10195.2 0.00693905
10207.2 0.0069838
10219.2 0.00702926
10231.2 0.00707523
10243.2 0.00712144
10255.3 0.00716717
10267.3 0.00721664
10279.3 0.00726962
10291.3 0.00732383
10303.3 0.00737889
10315.3 0.0074345
10327.3 0.00749029
10339.3 0.00754567
10351.4 0.00759935
10363.4 0.00764861
10375.4 0.00772281
10387.4 0.00780452
10399.4 0.00789097
10411.4 0.00798137
10423.4 0.00807535
10435.4 0.00817268
10447.4 0.00827313
10459.5 0.00837629
10471.5 0.00848332
10483.5 0.0085979
10495.5 0.00871699
10507.5 0.00884028
10519.5 0.00896765
10531.5 0.00909895
10543.5 0.00923399
10555.6 0.00937224
10567.6 0.00951162
10579.6 0.00966509
10591.6 0.00983256
10603.6 0.0100084
10615.6 0.0101923
10627.6 0.010384
10639.6 0.0105839
10651.7 0.0107923
10663.7 0.01101
10675.7 0.011238
10687.7 0.011464
10699.7 0.0116957
10711.7 0.0119346
10723.7 0.0121812
10735.7 0.0124361
10747.7 0.0126997
10759.8 0.0129726
10771.8 0.0132558
10783.8 0.0135464
10795.8 0.0138388
10807.8 0.0141391
10819.8 0.0144483
10831.8 0.0147668
10843.8 0.0150953
10855.9 0.0154345
10867.9 0.0157859
10879.9 0.0161538
10891.9 0.0165014
10903.9 0.0168418
10915.9 0.0171859
10927.9 0.0175352
10939.9 0.0178905
10952 0.0182521
10964 0.0186206
10976 0.0189967
10988 0.0193785
11000 0.0197477
11012 0.0201195
11024 0.020495
11036 0.0208748
11048 0.0212588
11060.1 0.0216473
11072.1 0.0220402
11084.1 0.0224382
11096.1 0.0228261
11108.1 0.0232005
11120.1 0.0235749
11132.1 0.0239496
11144.1 0.0243249
11156.2 0.0247005
11168.2 0.0250762
11180.2 0.0254519
11192.2 0.0258273
11204.2 0.0261921
11216.2 0.0265541
11228.2 0.0269142
11240.2 0.027272
11252.3 0.0276273
11264.3 0.0279798
11276.3 0.0283293
11288.3 0.0286753
11300.3 0.029013
11312.3 0.029337
11324.3 0.0296579
11336.3 0.0299767
11348.3 0.030295
11360.4 0.0306176
11372.4 0.0309075
11384.4 0.0310404
11396.4 0.0311461
11408.4 0.0312339
11420.4 0.0313044
11432.4 0.0313578
11444.4 0.031394
11456.5 0.0314122
11468.5 0.0314092
11480.5 0.0314234
11492.5 0.0314748
11504.5 0.0315197
11516.5 0.0315603
11528.5 0.0315877
11540.5 0.0316016
11552.6 0.031601
11564.6 0.0315842
11576.6 0.0315455
11588.6 0.0315613
11600.6 0.0316053
11612.6 0.0316564
11624.6 0.0317077
11636.6 0.0317479
11648.6 0.0317777
11660.7 0.031797
11672.7 0.0318058
11684.7 0.0318031
11696.7 0.0318069
11708.7 0.0318055
11720.7 0.0318064
11732.7 0.031798
11744.7 0.0317798
11756.8 0.0317528
11768.8 0.0317177
11780.8 0.0316758
11792.8 0.0316245
11804.8 0.0315429
11816.8 0.0314557
11828.8 0.0313701
11840.8 0.0312695
11852.9 0.031157
11864.9 0.0310328
11876.9 0.0308967
11888.9 0.0307459
11900.9 0.0306139
11912.9 0.030534
11924.9 0.0304629
11936.9 0.0303917
11948.9 0.0303167
11961 0.0302388
11973 0.0301582
11985 0.0300755
11997 0.0299914
12009 0.0299047
12021 0.0298176
12033 0.0297391
12045 0.0296557
12057.1 0.0295693
12069.1 0.0294814
12081.1 0.0293933
12093.1 0.0293069
12105.1 0.0292287
12117.1 0.0290951
12129.1 0.0289501
12141.1 0.0288017
12153.2 0.0286481
12165.2 0.0284911
12177.2 0.0283318
12189.2 0.0281707
12201.2 0.028009
12213.2 0.0278467
12225.2 0.027679
12237.2 0.0275181
12249.2 0.0273537
12261.3 0.0271849
12273.3 0.0270131
12285.3 0.0268385
12297.3 0.026661
12309.3 0.0264788
12321.3 0.0263123
12333.3 0.0261951
12345.3 0.0260933
12357.4 0.0259924
12369.4 0.0258944
12381.4 0.0258002
12393.4 0.025711
12405.4 0.0256285
12417.4 0.0255576
12429.4 0.0254502
12441.4 0.0253083
12453.5 0.0251632
12465.5 0.0250122
12477.5 0.0248587
12489.5 0.0247043
12501.5 0.0245504
12513.5 0.0243989
12525.5 0.0242557
12537.5 0.0240654
12549.5 0.0238654
12561.6 0.023657
12573.6 0.0234422
12585.6 0.0232227
12597.6 0.0229994
12609.6 0.0227724
12621.6 0.0225416
12633.6 0.0223083
12645.6 0.0221
12657.7 0.021897
12669.7 0.0216922
12681.7 0.021487
12693.7 0.0212818
12705.7 0.0210772
12717.7 0.0208743
12729.7 0.020675
12741.7 0.0204672
12753.8 0.020229
12765.8 0.019982
12777.8 0.0197242
12789.8 0.0194589
12801.8 0.0191868
12813.8 0.0189077
12825.8 0.0186209
12837.8 0.0183227
12849.8 0.0180582
12861.9 0.0178346
12873.9 0.0176169
12885.9 0.0174022
12897.9 0.017189
12909.9 0.016977
12921.9 0.0167658
12933.9 0.0165559
12945.9 0.0163489
12958 0.0161162
12970 0.0158721
12982 0.0156243
12994 0.0153732
13006 0.0151188
13018 0.0148608
13030 0.0145987
13042 0.014331
13054.1 0.0140567
13066.1 0.0138105
13078.1 0.0135743
13090.1 0.013346
13102.1 0.0131217
13114.1 0.0129003
13126.1 0.0126812
13138.1 0.0124643
13150.2 0.0122502
13162.2 0.0120291
13174.2 0.0117777
13186.2 0.0115225
13198.2 0.0112647
13210.2 0.0110044
13222.2 0.0107414
13234.2 0.0104751
13246.2 0.0102044
13258.3 0.00992626
13270.3 0.00967523
13282.3 0.00946274
13294.3 0.00926518
13306.3 0.00907391
13318.3 0.00888683
13330.3 0.00870279
13342.3 0.00852089
13354.4 0.00834011
13366.4 0.008158
13378.4 0.00802011
13390.4 0.00790154
13402.4 0.007788
13414.4 0.00767837
13426.4 0.00757214
13438.4 0.00746905
13450.5 0.00736905
13462.5 0.00727248
13474.5 0.00717822
13486.5 0.00700668
13498.5 0.00683619
13510.5 0.00666649
13522.5 0.0064976
13534.5 0.00632957
13546.5 0.00616243
13558.6 0.00599621
13570.6 0.00583097
13582.6 0.00566154
13594.6 0.00547906
13606.6 0.00529811
13618.6 0.00511804
13630.6 0.00493881
13642.6 0.00476039
13654.7 0.00458278
13666.7 0.00440605
13678.7 0.00423044
13690.7 0.00403266
13702.7 0.00381445
13714.7 0.00359643
13726.7 0.00337856
13738.7 0.00316079
13750.8 0.002943
13762.8 0.00272497
13774.8 0.00250621
13786.8 0.00228517
13798.8 0.00209464
13810.8 0.00192276
13822.8 0.00175444
13834.8 0.00158863
13846.8 0.00142487
13858.9 0.00126289
13870.9 0.00110251
13882.9 0.000943637
13894.9 0.000786046
13906.9 0.000605089
13918.9 0.000424937
13930.9 0.000245645
13942.9 6.71676e-05
13955 -0.000110591
13967 -0.000287793
13979 -0.000464726
13991 -0.00064208
14003 -0.000808909
14015 -0.000928609
14027 -0.00104433
14039 -0.00115744
14051.1 -0.00126841
14063.1 -0.00137747
14075.1 -0.00148475
14087.1 -0.00159025
14099.1 -0.00169374
14111.1 -0.00181184
14123.1 -0.00194883
14135.1 -0.0020856
14147.1 -0.00222188
14159.2 -0.00235762
14171.2 -0.00249283
14183.2 -0.00262762
14195.2 -0.00276224
14207.2 -0.00289794
14219.2 -0.002977
14231.2 -0.00303235
14243.2 -0.00308592
14255.3 -0.00313812
14267.3 -0.0031892
14279.3 -0.00323933
14291.3 -0.00328862
14303.3 -0.00333723
14315.3 -0.00338525
14327.3 -0.00349282
14339.3 -0.00360229
14351.4 -0.0037111
14363.4 -0.00381927
14375.4 -0.00392686
14387.4 -0.00403395
14399.4 -0.00414071
14411.4 -0.00424754
14423.4 -0.00435429
14435.4 -0.0044625
14447.4 -0.00456937
14459.5 -0.00467519
14471.5 -0.00478012
14483.5 -0.00488425
14495.5 -0.00498772
14507.5 -0.0050907
14519.5 -0.00519389
14531.5 -0.00529915
14543.5 -0.00540895
14555.6 -0.00551749
14567.6 -0.00562494
14579.6 -0.00573141
14591.6 -0.00583698
14603.6 -0.00594171
14615.6 -0.00604569
14627.6 -0.00614908
14639.6 -0.00626896
14651.7 -0.00639571
14663.7 -0.0065213
14675.7 -0.00664584
14687.7 -0.00676934
14699.7 -0.00689183
14711.7 -0.00701333
14723.7 -0.00713395
14735.7 -0.00725193
14747.7 -0.0073251
14759.8 -0.00739425
14771.8 -0.00746279
14783.8 -0.00753065
14795.8 -0.00759775
14807.8 -0.00766401
14819.8 -0.00772931
14831.8 -0.00779326
14843.8 -0.00784842
14855.9 -0.00785908
14867.9 -0.0078707
14879.9 -0.00788271
14891.9 -0.00789498
14903.9 -0.00790749
14915.9 -0.0079203
14927.9 -0.00793359
14939.9 -0.00794694
14952 -0.00796408
14964 -0.00798957
14976 -0.00801442
14988 -0.00803884
15000 -0.00806292
15012 -0.00808674
15024 -0.00811034
15036 -0.00813373
15048 -0.00815756
15060.1 -0.00819298
15072.1 -0.00823418
15084.1 -0.00827497
15096.1 -0.00831549
15108.1 -0.00835581
15120.1 -0.00839603
15132.1 -0.00843629
15144.1 -0.00847688
15156.2 -0.00851616
15168.2 -0.0085781
15180.2 -0.00864228
15192.2 -0.00870561
15204.2 -0.00876829
15216.2 -0.00883042
15228.2 -0.0088921
15240.2 -0.00895347
15252.3 -0.00901431
15264.3 -0.00907565
15276.3 -0.00914985
15288.3 -0.00922298
15300.3 -0.00929532
15312.3 -0.00936698
15324.3 -0.009438
15336.3 -0.00950847
15348.3 -0.0095785
15360.4 -0.00964725
15372.4 -0.0097161
15384.4 -0.00978634
15396.4 -0.00985584
15408.4 -0.00992465
15420.4 -0.00999282
15432.4 -0.0100604
15444.4 -0.0101273
15456.5 -0.0101937
15468.5 -0.0102578
15480.5 -0.0103152
15492.5 -0.0103682
15504.5 -0.0104205
15516.5 -0.0104723
15528.5 -0.0105234
15540.5 -0.0105737
15552.6 -0.0106231
15564.6 -0.0106718
15576.6 -0.0107197
15588.6 -0.0107067
15600.6 -0.0106825
15612.6 -0.0106592
15624.6 -0.0106366
15636.6 -0.0106144
15648.6 -0.0105926
15660.7 -0.0105714
15672.7 -0.010549
15684.7 -0.0105275
15696.7 -0.0105276
15708.7 -0.010527
15720.7 -0.010526
15732.7 -0.0105247
15744.7 -0.0105232
15756.8 -0.0105216
15768.8 -0.0105199
15780.8 -0.010519
15792.8 -0.0105338
15804.8 -0.0105856
15816.8 -0.0106362
15828.8 -0.0106859
15840.8 -0.010735
15852.9 -0.0107835
15864.9 -0.0108317
15876.9 -0.0108781
15888.9 -0.0109221
15900.9 -0.0109919
15912.9 -0.0110836
15924.9 -0.0111738
15936.9 -0.0112628
15948.9 -0.0113507
15961 -0.0114376
15973 -0.0115235
15985 -0.0116088
15997 -0.0116932
16009 -0.0117616
16021 -0.0118247
16033 -0.0118871
16045 -0.0119491
16057.1 -0.0120104
16069.1 -0.0120712
16081.1 -0.0121313
16093.1 -0.0121897
16105.1 -0.0122474
16117.1 -0.0123163
16129.1 -0.0123847
16141.1 -0.0124525
16153.2 -0.0125197
16165.2 -0.0125864
16177.2 -0.0126527
16189.2 -0.012719
16201.2 -0.0127857
16213.2 -0.0128367
16225.2 -0.0128329
16237.2 -0.0128288
16249.2 -0.0128243
16261.3 -0.0128195
16273.3 -0.0128144
16285.3 -0.0128089
16297.3 -0.0128037
16309.3 -0.0127982
16321.3 -0.0127864
16333.3 -0.0127667
16345.3 -0.0127465
16357.4 -0.0127257
16369.4 -0.0127043
16381.4 -0.0126822
16393.4 -0.0126596
16405.4 -0.0126364
16417.4 -0.012612
16429.4 -0.012619
16441.4 -0.0126416
16453.5 -0.0126642
16465.5 -0.0126865
16477.5 -0.0127084
16489.5 -0.01273
16501.5 -0.0127529
16513.5 -0.0127767
16525.5 -0.0128
16537.5 -0.0128287
16549.5 -0.0128578
16561.6 -0.0128868
16573.6 -0.0129154
16585.6 -0.0129439
16597.6 -0.012972
16609.6 -0.0130004
16621.6 -0.0130285
16633.6 -0.0130573
16645.6 -0.0130929
16657.7 -0.0131287
16669.7 -0.0131647
16681.7 -0.0132008
16693.7 -0.0132371
16705.7 -0.0132751
16717.7 -0.0133165
16729.7 -0.0133585
16741.7 -0.0133984
16753.8 -0.0134338
16765.8 -0.0134694
16777.8 -0.0135054
16789.8 -0.0135421
16801.8 -0.0135796
16813.8 -0.013618
16825.8 -0.0136582
16837.8 -0.0137018
16849.8 -0.013708
16861.9 -0.0136842
16873.9 -0.0136583
16885.9 -0.0136312
16897.9 -0.0136036
16909.9 -0.013576
16921.9 -0.0135529
16933.9 -0.0135299
16945.9 -0.0135081
16958 -0.0134641
16970 -0.0134134
16982 -0.013361
16994 -0.0133072
17006 -0.0132521
17018 -0.0131958
17030 -0.0131382
17042 -0.0130787
17054.1 -0.0130182
17066.1 -0.0129823
17078.1 -0.012948
17090.1 -0.0129144
17102.1 -0.0128811
17114.1 -0.0128481
17126.1 -0.0128188
17138.1 -0.0127902
17150.2 -0.0127613
17162.2 -0.0127323
17174.2 -0.0127034
17186.2 -0.0126743
17198.2 -0.0126452
17210.2 -0.0126159
17222.2 -0.0125868
17234.2 -0.0125581
17246.2 -0.0125296
17258.3 -0.0125016
17270.3 -0.0124693
17282.3 -0.0124311
17294.3 -0.0123919
17306.3 -0.0123521
17318.3 -0.0123116
17330.3 -0.0122712
17342.3 -0.0122307
17354.4 -0.012189
17366.4 -0.0121454
17378.4 -0.012113
17390.4 -0.0120863
17402.4 -0.0120608
17414.4 -0.0120363
17426.4 -0.0120129
17438.4 -0.0119919
17450.5 -0.0119726
17462.5 -0.0119555
17474.5 -0.011943
17486.5 -0.0118959
17498.5 -0.0118436
17510.5 -0.0117889
17522.5 -0.0117326
17534.5 -0.0116751
17546.5 -0.011617
17558.6 -0.0115582
17570.6 -0.0114992
17582.6 -0.0114377
17594.6 -0.0113604
17606.6 -0.0112794
17618.6 -0.0111956
17630.6 -0.0111092
17642.6 -0.0110216
17654.7 -0.0109317
17666.7 -0.0108376
17678.7 -0.0107374
17690.7 -0.0106461
17702.7 -0.0105782
17714.7 -0.010512
17726.7 -0.0104457
17738.7 -0.0103785
17750.8 -0.0103082
17762.8 -0.0102358
17774.8 -0.0101602
17786.8 -0.0100777
17798.8 -0.0100215
17810.8 -0.00998743
17822.8 -0.00995735
17834.8 -0.00992972
17846.8 -0.00990419
17858.9 -0.00988088
17870.9 -0.0098585
17882.9 -0.00983691
17894.9 -0.00981603
17906.9 -0.00979573
17918.9 -0.00977594
17930.9 -0.00975657
17942.9 -0.00973751
17955 -0.00971745
17967 -0.00969703
17979 -0.0096771
17991 -0.00965758
18003 -0.00963842
18015 -0.00961958
18027 -0.00960103
18039 -0.00958276
18051.1 -0.00956475
18063.1 -0.00954719
18075.1 -0.00952982
18087.1 -0.00951263
18099.1 -0.00949558
18111.1 -0.00947867
18123.1 -0.00946186
18135.1 -0.00944512
18147.1 -0.00942837
18159.2 -0.00941073
18171.2 -0.00939122
18183.2 -0.00937213
18195.2 -0.00935329
18207.2 -0.00933466
18219.2 -0.00931621
18231.2 -0.00929791
18243.2 -0.00927973
18255.3 -0.00926165
18267.3 -0.00924337
18279.3 -0.00922506
18291.3 -0.00920688
18303.3 -0.00918879
18315.3 -0.00917078
18327.3 -0.00915283
18339.3 -0.00913489
18351.4 -0.00911692
18363.4 -0.00909876
18375.4 -0.00907853
18387.4 -0.00905853
18399.4 -0.00903872
18411.4 -0.00901906
18423.4 -0.0089995
18435.4 -0.00898001
18447.4 -0.00896056
18459.5 -0.0089411
18471.5 -0.00892112
18483.5 -0.00890034
18495.5 -0.00887978
18507.5 -0.00885936
18519.5 -0.00883904
18531.5 -0.0088188
18543.5 -0.00879862
18555.6 -0.00877848
18567.6 -0.00875835
18579.6 -0.00873792
18591.6 -0.00871745
18603.6 -0.00869704
18615.6 -0.00867667
18627.6 -0.00865632
18639.6 -0.00863598
18651.7 -0.00861561
18663.7 -0.0085952
18675.7 -0.00857462
18687.7 -0.00855299
18699.7 -0.00853153
18711.7 -0.00851014
18723.7 -0.0084888
18735.7 -0.00846747
18747.7 -0.00844614
18759.8 -0.00842478
18771.8 -0.00840337
18783.8 -0.00838161
18795.8 -0.00835952
18807.8 -0.00833747
18819.8 -0.00831543
18831.8 -0.00829336
18843.8 -0.00827123
18855.9 -0.00824901
18867.9 -0.00822664
18879.9 -0.008204
18891.9 -0.00817959
18903.9 -0.00815499
18915.9 -0.00813061
18927.9 -0.00810635
18939.9 -0.00808217
18952 -0.00805805
18964 -0.00803396
18976 -0.00800989
18988 -0.00798582
19000 -0.00796166
