7000 -0.00243426
7012.01 -0.00242452
7024.02 -0.00241332
7036.04 -0.00240052
7048.05 -0.00238647
7060.06 -0.00237131
7072.07 -0.00235497
7084.08 -0.00233742
7096.1 -0.00231868
7108.11 -0.00229874
7120.12 -0.00227758
7132.13 -0.00225514
7144.14 -0.0022311
7156.16 -0.00220663
7168.17 -0.00218148
7180.18 -0.00215554
7192.19 -0.00212879
7204.2 -0.00210122
7216.22 -0.00207279
7228.23 -0.00204347
7240.24 -0.00201302
7252.25 -0.00198151
7264.26 -0.00195022
7276.28 -0.00191861
7288.29 -0.00188655
7300.3 -0.00185401
7312.31 -0.0018209
7324.32 -0.00178716
7336.34 -0.00175259
7348.35 -0.00171616
7360.36 -0.00168066
7372.37 -0.00164604
7384.38 -0.00161174
7396.4 -0.00157763
7408.41 -0.00154368
7420.42 -0.0015099
7432.43 -0.00147636
7444.44 -0.00144332
7456.46 -0.00141132
7468.47 -0.00137749
7480.48 -0.00134285
7492.49 -0.00130766
7504.5 -0.00127204
7516.52 -0.00123607
7528.53 -0.0011998
7540.54 -0.00116335
7552.55 -0.00112693
7564.56 -0.00109052
7576.58 -0.00105394
7588.59 -0.00100369
7600.6 -0.000947202
7612.61 -0.00088915
7624.62 -0.000829741
7636.64 -0.000769035
7648.65 -0.000707046
7660.66 -0.000643909
7672.67 -0.000578339
7684.68 -0.000509868
7696.7 -0.000467624
7708.71 -0.00042658
7720.72 -0.000385425
7732.73 -0.000343803
7744.74 -0.00030146
7756.76 -0.000258003
7768.77 -0.000213125
7780.78 -0.000170604
7792.79 -0.000125946
7804.8 -7.00723e-05
7816.82 -1.29931e-05
7828.83 4.5016e-05
7840.84 0.000103902
7852.85 0.000163646
7864.86 0.000224137
7876.88 0.000286124
7888.89 0.000350796
7900.9 0.000403704
7912.91 0.000439289
7924.92 0.000474022
7936.94 0.000508433
7948.95 0.000542709
7960.96 0.000576984
7972.97 0.000611681
7984.98 0.00064406
7997 0.000674025
8009.01 0.000727577
8021.02 0.000793497
8033.03 0.000860663
8045.05 0.000928583
8057.06 0.000997039
8069.07 0.00106594
8081.08 0.00113522
8093.09 0.00120468
8105.11 0.00127558
8117.12 0.00131934
8129.13 0.00135948
8141.14 0.00139754
8153.15 0.00143351
8165.17 0.00146711
8177.18 0.00149738
8189.19 0.00152654
8201.2 0.00155457
8213.21 0.00159033
8225.23 0.00168141
8237.24 0.00177536
8249.25 0.00187022
8261.26 0.00196531
8273.27 0.00206028
8285.29 0.00215486
8297.3 0.002251
8309.31 0.0023489
8321.32 0.00241796
8333.33 0.00243835
8345.35 0.0024535
8357.36 0.00246467
8369.37 0.00247224
8381.38 0.00247631
8393.39 0.00247707
8405.41 0.00247491
8417.42 0.00246889
8429.43 0.00247851
8441.44 0.00249718
8453.45 0.00251449
8465.47 0.00253012
8477.48 0.00254396
8489.49 0.0025559
8501.5 0.00256645
8513.51 0.00257558
8525.53 0.0025832
8537.54 0.00258935
8549.55 0.00259408
8561.56 0.00259745
8573.57 0.00259952
8585.59 0.00260026
8597.6 0.00259965
8609.61 0.00259983
8621.62 0.00259969
8633.63 0.00259913
8645.65 0.00259817
8657.66 0.00259686
8669.67 0.0025953
8681.68 0.00259355
8693.69 0.00259173
8705.71 0.00258979
8717.72 0.00258758
8729.73 0.00258537
8741.74 0.00258323
8753.75 0.00258125
8765.77 0.00257947
8777.78 0.00257794
8789.79 0.00257668
8801.8 0.00257563
8813.81 0.00257546
8825.83 0.00257603
8837.84 0.00257721
8849.85 0.00257901
8861.86 0.00258147
8873.87 0.00258461
8885.89 0.00258848
8897.9 0.00259317
8909.91 0.0025987
8921.92 0.00260398
8933.93 0.00260972
8945.95 0.00261602
8957.96 0.00262293
8969.97 0.00263046
8981.98 0.00263863
8993.99 0.0026474
9006.01 0.0026567
9018.02 0.00266691
9030.03 0.00267851
9042.04 0.002691
9054.05 0.00270435
9066.07 0.00271854
9078.08 0.00273357
9090.09 0.00274947
9102.1 0.00276627
9114.11 0.00278424
9126.13 0.00280194
9138.14 0.00281999
9150.15 0.00283863
9162.16 0.00285792
9174.17 0.00287787
9186.19 0.00289853
9198.2 0.00291993
9210.21 0.00294216
9222.22 0.00296516
9234.23 0.00298766
9246.25 0.00301052
9258.26 0.00303387
9270.27 0.00305775
9282.28 0.0030822
9294.29 0.00310723
9306.31 0.00313288
9318.32 0.00315925
9330.33 0.00318591
9342.34 0.00321258
9354.35 0.0032397
9366.37 0.00326732
9378.38 0.00329548
9390.39 0.00332422
9402.4 0.00335361
9414.41 0.00338377
9426.43 0.00341518
9438.44 0.00344455
9450.45 0.00347362
9462.46 0.00350283
9474.47 0.00353227
9486.49 0.00356202
9498.5 0.00359211
9510.51 0.00362259
9522.52 0.0036535
9534.53 0.00368481
9546.55 0.0037161
9558.56 0.00374773
9570.57 0.00377979
9582.58 0.00381232
9594.59 0.0038454
9606.61 0.00387913
9618.62 0.0039137
9630.63 0.0039497
9642.64 0.00398337
9654.65 0.00401367
9666.67 0.00404344
9678.68 0.00407299
9690.69 0.00410246
9702.7 0.00413193
9714.71 0.00416146
9726.73 0.00419108
9738.74 0.00422083
9750.75 0.00425075
9762.76 0.00428087
9774.77 0.00431122
9786.79 0.00434184
9798.8 0.00437278
9810.81 0.00440411
9822.82 0.00443596
9834.83 0.00446861
9846.85 0.00450112
9858.86 0.00452979
9870.87 0.00455783
9882.88 0.00458559
9894.89 0.00461319
9906.91 0.00464067
9918.92 0.00466806
9930.93 0.00469532
9942.94 0.00472228
9954.95 0.00475038
9966.97 0.00477977
9978.98 0.00480959
9990.99 0.00483979
10003 0.00487038
10015 0.00490139
10027 0.0049329
10039 0.00496513
10051.1 0.00499864
10063.1 0.00502731
10075.1 0.00505485
10087.1 0.00508183
10099.1 0.00510836
10111.1 0.00513441
10123.1 0.0051599
10135.1 0.00518456
10147.1 0.00520773
10159.2 0.00523157
10171.2 0.0052636
10183.2 0.00529732
10195.2 0.00533205
10207.2 0.00536748
10219.2 0.00540344
10231.2 0.00543973
10243.2 0.00547611
10255.3 0.00551191
10267.3 0.00555058
10279.3 0.00559227
10291.3 0.00563495
10303.3 0.00567826
10315.3 0.00572193
10327.3 0.00576561
10339.3 0.00580876
10351.4 0.00585022
10363.4 0.00588716
10375.4 0.00594488
10387.4 0.00600922
10399.4 0.00607763
10411.4 0.00614937
10423.4 0.0062241
10435.4 0.0063016
10447.4 0.00638163
10459.5 0.00646383
10471.5 0.00654902
10483.5 0.00664048
10495.5 0.00673566
10507.5 0.00683427
10519.5 0.00693615
10531.5 0.00704119
10543.5 0.00714918
10555.6 0.00725965
10567.6 0.00737075
10579.6 0.00749297
10591.6 0.00762695
10603.6 0.00776785
10615.6 0.00791523
10627.6 0.00806905
10639.6 0.00822945
10651.7 0.00839674
10663.7 0.00857153
10675.7 0.00875486
10687.7 0.00893636
10699.7 0.00912218
10711.7 0.00931354
10723.7 0.00951097
10735.7 0.00971484
10747.7 0.00992553
10759.8 0.0101435
10771.8 0.0103696
10783.8 0.0106015
10795.8 0.0108344
10807.8 0.0110733
10819.8 0.0113188
10831.8 0.0115714
10843.8 0.0118317
10855.9 0.0121002
10867.9 0.012378
10879.9 0.0126689
10891.9 0.0129434
10903.9 0.0132107
10915.9 0.0134801
10927.9 0.0137529
10939.9 0.0140295
10952 0.0143105
10964 0.0145961
10976 0.014887
10988 0.0151818
11000 0.0154654
11012 0.0157499
11024 0.0160364
11036 0.0163251
11048 0.0166161
11060.1 0.0169096
11072.1 0.0172054
11084.1 0.0175042
11096.1 0.0177942
11108.1 0.018072
11120.1 0.0183483
11132.1 0.0186237
11144.1 0.0188981
11156.2 0.0191715
11168.2 0.0194437
11180.2 0.0197145
11192.2 0.0199839
11204.2 0.0202437
11216.2 0.0204999
11228.2 0.0207532
11240.2 0.0210033
11252.3 0.0212502
11264.3 0.0214936
11276.3 0.0217332
11288.3 0.0219689
11300.3 0.022197
11312.3 0.0224129
11324.3 0.0226251
11336.3 0.022834
11348.3 0.0230409
11360.4 0.023249
11372.4 0.0234333
11384.4 0.0235094
11396.4 0.0235653
11408.4 0.0236075
11420.4 0.0236363
11432.4 0.0236516
11444.4 0.0236533
11456.5 0.0236406
11468.5 0.0236106
11480.5 0.0235988
11492.5 0.0236237
11504.5 0.0236447
11516.5 0.0236632
11528.5 0.0236724
11540.5 0.0236719
11552.6 0.023661
11564.6 0.0236382
11576.6 0.0235988
11588.6 0.0236059
11600.6 0.0236375
11612.6 0.0236755
11624.6 0.0237155
11636.6 0.0237486
11648.6 0.0237753
11660.7 0.0237958
11672.7 0.0238101
11684.7 0.0238183
11696.7 0.0238237
11708.7 0.0238251
11720.7 0.0238289
11732.7 0.023827
11744.7 0.0238189
11756.8 0.0238055
11768.8 0.0237876
11780.8 0.0237662
11792.8 0.0237385
11804.8 0.0236826
11816.8 0.0236224
11828.8 0.0235647
11840.8 0.023497
11852.9 0.0234215
11864.9 0.0233387
11876.9 0.0232484
11888.9 0.0231489
11900.9 0.023062
11912.9 0.0230096
11924.9 0.022964
11936.9 0.0229194
11948.9 0.0228729
11961 0.0228252
11973 0.0227768
11985 0.0227283
11997 0.0226809
12009 0.0226248
12021 0.0225629
12033 0.0225071
12045 0.0224481
12057.1 0.0223874
12069.1 0.0223261
12081.1 0.0222653
12093.1 0.0222068
12105.1 0.0221567
12117.1 0.0220546
12129.1 0.0219418
12141.1 0.0218261
12153.2 0.0217063
12165.2 0.021584
12177.2 0.02146
12189.2 0.0213351
12201.2 0.0212103
12213.2 0.0210849
12225.2 0.0209437
12237.2 0.0208056
12249.2 0.0206641
12261.3 0.0205186
12273.3 0.0203702
12285.3 0.0202192
12297.3 0.0200655
12309.3 0.0199082
12321.3 0.0197597
12333.3 0.0196399
12345.3 0.0195297
12357.4 0.0194185
12369.4 0.0193078
12381.4 0.019198
12393.4 0.0190896
12405.4 0.0189833
12417.4 0.0188805
12429.4 0.0187694
12441.4 0.0186525
12453.5 0.0185363
12465.5 0.0184171
12477.5 0.0182971
12489.5 0.018177
12501.5 0.0180575
12513.5 0.0179396
12525.5 0.0178267
12537.5 0.0176877
12549.5 0.0175444
12561.6 0.017396
12573.6 0.0172437
12585.6 0.0170885
12597.6 0.0169308
12609.6 0.0167706
12621.6 0.0166075
12633.6 0.0164425
12645.6 0.0163043
12657.7 0.0161715
12669.7 0.0160386
12681.7 0.0159061
12693.7 0.0157745
12705.7 0.015644
12717.7 0.0155153
12729.7 0.01539
12741.7 0.0152579
12753.8 0.0150998
12765.8 0.0149355
12777.8 0.0147636
12789.8 0.0145862
12801.8 0.0144037
12813.8 0.0142159
12825.8 0.0140218
12837.8 0.0138177
12849.8 0.0136505
12861.9 0.0135278
12873.9 0.0134122
12885.9 0.0133008
12897.9 0.0131925
12909.9 0.0130867
12921.9 0.0129834
12933.9 0.0128831
12945.9 0.0127885
12958 0.012659
12970 0.0125152
12982 0.0123679
12994 0.0122179
13006 0.0120655
13018 0.0119106
13030 0.0117527
13042 0.0115909
13054.1 0.0114246
13066.1 0.011282
13078.1 0.0111462
13090.1 0.0110163
13102.1 0.0108897
13114.1 0.0107654
13126.1 0.0106431
13138.1 0.0105227
13150.2 0.0104047
13162.2 0.0102826
13174.2 0.0101415
13186.2 0.00999852
13198.2 0.00985447
13210.2 0.00970958
13222.2 0.00956385
13234.2 0.00941719
13246.2 0.00926939
13258.3 0.00912005
13270.3 0.00896145
13282.3 0.00879446
13294.3 0.00863387
13306.3 0.0084752
13318.3 0.00831763
13330.3 0.0081607
13342.3 0.008004
13354.4 0.00784702
13366.4 0.0076883
13378.4 0.00755611
13390.4 0.00743507
13402.4 0.00731635
13414.4 0.00719921
13426.4 0.00708328
13438.4 0.00696827
13450.5 0.00685393
13462.5 0.00673989
13474.5 0.00662536
13486.5 0.00650831
13498.5 0.00639607
13510.5 0.00628616
13522.5 0.00617796
13534.5 0.00607121
13546.5 0.00596577
13558.6 0.00586159
13570.6 0.00575876
13582.6 0.0056508
13594.6 0.00552501
13606.6 0.00539982
13618.6 0.00527501
13630.6 0.00515058
13642.6 0.00502648
13654.7 0.00490266
13666.7 0.00477896
13678.7 0.00465511
13690.7 0.00453189
13702.7 0.00441281
13714.7 0.0042952
13726.7 0.00417853
13738.7 0.00406255
13750.8 0.00394711
13762.8 0.00383199
13774.8 0.0037169
13786.8 0.00360108
13798.8 0.0034892
13810.8 0.0033835
13822.8 0.00327982
13834.8 0.00317761
13846.8 0.00307661
13858.9 0.00297667
13870.9 0.00287765
13882.9 0.00277943
13894.9 0.00268174
13906.9 0.00258181
13918.9 0.002483
13930.9 0.00238499
13942.9 0.00228769
13955 0.00219099
13967 0.00209478
13979 0.00199891
13991 0.00190302
14003 0.00180459
14015 0.00170492
14027 0.00160711
14039 0.00151063
14051.1 0.00141529
14063.1 0.00132101
14075.1 0.00122772
14087.1 0.00113543
14099.1 0.00104429
14111.1 0.000953897
14123.1 0.000862928
14135.1 0.00077224
14147.1 0.000681917
14159.2 0.000591959
14171.2 0.000502329
14183.2 0.00041295
14195.2 0.000323647
14207.2 0.000233587
14219.2 0.000142726
14231.2 5.24764e-05
14243.2 -3.67497e-05
14255.3 -0.000125135
14267.3 -0.000212777
14279.3 -0.000299745
14291.3 -0.000386095
14303.3 -0.000471894
14315.3 -0.000557224
14327.3 -0.000637187
14339.3 -0.000716335
14351.4 -0.000794945
14363.4 -0.000873079
14375.4 -0.000950793
14387.4 -0.00102816
14399.4 -0.00110531
14411.4 -0.00118256
14423.4 -0.00125888
14435.4 -0.00133185
14447.4 -0.00140389
14459.5 -0.00147521
14471.5 -0.00154592
14483.5 -0.00161611
14495.5 -0.00168587
14507.5 -0.00175534
14519.5 -0.00182503
14531.5 -0.00189319
14543.5 -0.00196071
14555.6 -0.00202742
14567.6 -0.00209345
14579.6 -0.00215887
14591.6 -0.0022237
14603.6 -0.00228801
14615.6 -0.0023518
14627.6 -0.00241511
14639.6 -0.00247647
14651.7 -0.00253675
14663.7 -0.00259663
14675.7 -0.00265612
14687.7 -0.00271526
14699.7 -0.00277408
14711.7 -0.00283265
14723.7 -0.00289113
14735.7 -0.00294872
14747.7 -0.00299824
14759.8 -0.00304669
14771.8 -0.0030947
14783.8 -0.00314231
14795.8 -0.00318952
14807.8 -0.00323634
14819.8 -0.00328277
14831.8 -0.00332863
14843.8 -0.00337512
14855.9 -0.00342229
14867.9 -0.00346935
14879.9 -0.00351629
14891.9 -0.00356311
14903.9 -0.00360986
14915.9 -0.0036566
14927.9 -0.00370349
14939.9 -0.00375034
14952 -0.00379624
14964 -0.0038431
14976 -0.00388943
14988 -0.00393534
15000 -0.00398086
15012 -0.00402601
15024 -0.00407081
15036 -0.0041152
15048 -0.00415946
15060.1 -0.00420069
15072.1 -0.00424019
15084.1 -0.00427965
15096.1 -0.00431904
15108.1 -0.00435836
15120.1 -0.00439764
15132.1 -0.00443695
15144.1 -0.00447645
15156.2 -0.00451462
15168.2 -0.00455154
15180.2 -0.0045881
15192.2 -0.00462447
15204.2 -0.00466068
15216.2 -0.00469675
15228.2 -0.00473272
15240.2 -0.00476865
15252.3 -0.00480437
15264.3 -0.00483899
15276.3 -0.0048714
15288.3 -0.00490369
15300.3 -0.00493585
15312.3 -0.0049679
15324.3 -0.00499986
15336.3 -0.00503175
15348.3 -0.00506366
15360.4 -0.00509498
15372.4 -0.00512404
15384.4 -0.00514998
15396.4 -0.00517589
15408.4 -0.00520177
15420.4 -0.00522764
15432.4 -0.0052535
15444.4 -0.00527944
15456.5 -0.00530554
15468.5 -0.00533058
15480.5 -0.00535898
15492.5 -0.00538956
15504.5 -0.00541984
15516.5 -0.00544986
15528.5 -0.00547966
15540.5 -0.00550922
15552.6 -0.00553851
15564.6 -0.0055678
15576.6 -0.00559768
15588.6 -0.00562689
15600.6 -0.00565594
15612.6 -0.00568497
15624.6 -0.00571398
15636.6 -0.00574298
15648.6 -0.00577201
15660.7 -0.00580123
15672.7 -0.00582934
15684.7 -0.00585666
15696.7 -0.00588407
15708.7 -0.00591124
15720.7 -0.00593821
15732.7 -0.00596498
15744.7 -0.00599157
15756.8 -0.00601797
15768.8 -0.00604418
15780.8 -0.00607077
15792.8 -0.00609903
15804.8 -0.00613122
15816.8 -0.00616321
15828.8 -0.00619505
15840.8 -0.00622677
15852.9 -0.00625844
15864.9 -0.00629021
15876.9 -0.00632115
15888.9 -0.00635024
15900.9 -0.00638766
15912.9 -0.00643223
15924.9 -0.00647618
15936.9 -0.0065196
15948.9 -0.00656253
15961 -0.006605
15973 -0.00664699
15985 -0.00668875
15997 -0.00673013
16009 -0.00675929
16021 -0.00678448
16033 -0.00680948
16045 -0.00683424
16057.1 -0.00685875
16069.1 -0.00688302
16081.1 -0.00690698
16093.1 -0.00692979
16105.1 -0.00695213
16117.1 -0.00698529
16129.1 -0.00701812
16141.1 -0.00705047
16153.2 -0.00708234
16165.2 -0.00711374
16177.2 -0.00714461
16189.2 -0.00717532
16201.2 -0.00720604
16213.2 -0.00723715
16225.2 -0.00727057
16237.2 -0.00730357
16249.2 -0.00733612
16261.3 -0.00736821
16273.3 -0.00739984
16285.3 -0.00743094
16297.3 -0.00746199
16309.3 -0.00749271
16321.3 -0.00752314
16333.3 -0.00755332
16345.3 -0.00758302
16357.4 -0.00761224
16369.4 -0.00764095
16381.4 -0.00766914
16393.4 -0.00769684
16405.4 -0.00772433
16417.4 -0.00775127
16429.4 -0.00778211
16441.4 -0.00781467
16453.5 -0.00784678
16465.5 -0.00787841
16477.5 -0.00790952
16489.5 -0.00794003
16501.5 -0.00797117
16513.5 -0.00800314
16525.5 -0.00803505
16537.5 -0.00805968
16549.5 -0.00808311
16561.6 -0.00810598
16573.6 -0.00812831
16585.6 -0.00815009
16597.6 -0.0081713
16609.6 -0.00819229
16621.6 -0.00821275
16633.6 -0.00823307
16645.6 -0.00825584
16657.7 -0.00827821
16669.7 -0.0083001
16681.7 -0.00832147
16693.7 -0.00834224
16705.7 -0.00836321
16717.7 -0.00838634
16729.7 -0.00840929
16741.7 -0.00843213
16753.8 -0.00845503
16765.8 -0.00847762
16777.8 -0.00849991
16789.8 -0.0085219
16801.8 -0.00854362
16813.8 -0.00856493
16825.8 -0.00858595
16837.8 -0.00860698
16849.8 -0.00862328
16861.9 -0.00863569
16873.9 -0.0086475
16885.9 -0.00865883
16897.9 -0.00866974
16909.9 -0.0086802
16921.9 -0.00869404
16933.9 -0.00870813
16945.9 -0.00872286
16958 -0.00872732
16970 -0.00872866
16982 -0.00872922
16994 -0.00872917
17006 -0.00872861
17018 -0.00872763
17030 -0.00872636
17042 -0.00872477
17054.1 -0.00872283
17066.1 -0.00871791
17078.1 -0.00871242
17090.1 -0.00870653
17102.1 -0.00870032
17114.1 -0.00869385
17126.1 -0.00868969
17138.1 -0.00868673
17150.2 -0.00868433
17162.2 -0.00867855
17174.2 -0.00866032
17186.2 -0.00864054
17198.2 -0.00861975
17210.2 -0.00859816
17222.2 -0.00857593
17234.2 -0.00855354
17246.2 -0.00853078
17258.3 -0.00850808
17270.3 -0.00847994
17282.3 -0.00844464
17294.3 -0.00840773
17306.3 -0.00836945
17318.3 -0.00832986
17330.3 -0.00828933
17342.3 -0.00824787
17354.4 -0.00820465
17366.4 -0.00815862
17378.4 -0.00812385
17390.4 -0.00809437
17402.4 -0.00806521
17414.4 -0.00803599
17426.4 -0.00800651
17438.4 -0.00797756
17450.5 -0.00794842
17462.5 -0.0079187
17474.5 -0.00788819
17486.5 -0.00786005
17498.5 -0.00783189
17510.5 -0.00780351
17522.5 -0.00777486
17534.5 -0.00774599
17546.5 -0.00771726
17558.6 -0.00768853
17570.6 -0.00766037
17582.6 -0.00762984
17594.6 -0.00758161
17606.6 -0.00752957
17618.6 -0.00747449
17630.6 -0.00741631
17642.6 -0.00735554
17654.7 -0.00729139
17666.7 -0.00722111
17678.7 -0.00713996
17690.7 -0.00708781
17702.7 -0.00710419
17714.7 -0.00713135
17726.7 -0.00716544
17738.7 -0.00720526
17750.8 -0.00724938
17762.8 -0.00729888
17774.8 -0.00735533
17786.8 -0.0074235
17798.8 -0.00745485
17810.8 -0.00745524
17822.8 -0.00745088
17834.8 -0.00744397
17846.8 -0.00743555
17858.9 -0.00742679
17870.9 -0.00741714
17882.9 -0.0074068
17894.9 -0.00739592
17906.9 -0.00738459
17918.9 -0.00737288
17930.9 -0.00736085
17942.9 -0.00734853
17955 -0.00733508
17967 -0.00732064
17979 -0.00730607
17991 -0.00729137
18003 -0.00727657
18015 -0.00726167
18027 -0.0072467
18039 -0.00723165
18051.1 -0.00721655
18063.1 -0.00720157
18075.1 -0.00718655
18087.1 -0.00717149
18099.1 -0.00715638
18111.1 -0.00714123
18123.1 -0.00712603
18135.1 -0.00711078
18147.1 -0.00709546
18159.2 -0.00707952
18171.2 -0.00706189
18183.2 -0.00704435
18195.2 -0.00702686
18207.2 -0.00700941
18219.2 -0.00699198
18231.2 -0.00697457
18243.2 -0.00695718
18255.3 -0.0069398
18267.3 -0.00692222
18279.3 -0.00690454
18291.3 -0.00688688
18303.3 -0.00686925
18315.3 -0.00685163
18327.3 -0.00683401
18339.3 -0.00681639
18351.4 -0.00679874
18363.4 -0.00678099
18375.4 -0.00676168
18387.4 -0.00674239
18399.4 -0.0067232
18411.4 -0.00670407
18423.4 -0.00668498
18435.4 -0.00666593
18447.4 -0.00664691
18459.5 -0.00662787
18471.5 -0.0066085
18483.5 -0.00658846
18495.5 -0.00656855
18507.5 -0.00654872
18519.5 -0.00652894
18531.5 -0.00650922
18543.5 -0.00648955
18555.6 -0.00646991
18567.6 -0.00645028
18579.6 -0.00643046
18591.6 -0.00641059
18603.6 -0.00639077
18615.6 -0.00637099
18627.6 -0.00635123
18639.6 -0.0063315
18651.7 -0.00631177
18663.7 -0.00629204
18675.7 -0.00627222
18687.7 -0.00625167
18699.7 -0.00623121
18711.7 -0.00621082
18723.7 -0.00619047
18735.7 -0.00617016
18747.7 -0.00614986
18759.8 -0.00612958
18771.8 -0.00610929
18783.8 -0.00608879
18795.8 -0.00606806
18807.8 -0.00604738
18819.8 -0.00602673
18831.8 -0.00600608
18843.8 -0.00598543
18855.9 -0.00596475
18867.9 -0.00594401
18879.9 -0.00592313
18891.9 -0.00590105
18903.9 -0.00587879
18915.9 -0.00585669
18927.9 -0.0058347
18939.9 -0.00581279
18952 -0.00579094
18964 -0.00576915
18976 -0.0057474
18988 -0.00572568
19000 -0.00570394
