7000 -0.00243425
7012.01 -0.00242454
7024.02 -0.00241338
7036.04 -0.00240061
7048.05 -0.00238661
7060.06 -0.00237149
7072.07 -0.00235518
7084.08 -0.00233768
7096.1 -0.00231897
7108.11 -0.00229908
7120.12 -0.00227797
7132.13 -0.00225557
7144.14 -0.00223157
7156.16 -0.00220715
7168.17 -0.00218205
7180.18 -0.00215616
7192.19 -0.00212947
7204.2 -0.00210195
7216.22 -0.00207358
7228.23 -0.00204431
7240.24 -0.00201393
7252.25 -0.00198248
7264.26 -0.00195126
7276.28 -0.00191972
7288.29 -0.00188773
7300.3 -0.00185526
7312.31 -0.00182224
7324.32 -0.00178858
7336.34 -0.00175409
7348.35 -0.00171775
7360.36 -0.00168234
7372.37 -0.00164782
7384.38 -0.00161363
7396.4 -0.00157964
7408.41 -0.00154582
7420.42 -0.00151217
7432.43 -0.00147877
7444.44 -0.00144588
7456.46 -0.00141406
7468.47 -0.00138042
7480.48 -0.00134597
7492.49 -0.00131101
7504.5 -0.00127563
7516.52 -0.00123993
7528.53 -0.00120399
7540.54 -0.0011679
7552.55 -0.00113195
7564.56 -0.00109613
7576.58 -0.00106045
7588.59 -0.00100676
7600.6 -0.000944971
7612.61 -0.000881309
7624.62 -0.000816047
7636.64 -0.000749259
7648.65 -0.000680945
7660.66 -0.000611199
7672.67 -0.000538612
7684.68 -0.000462487
7696.7 -0.000422657
7708.71 -0.000384864
7720.72 -0.000347329
7732.73 -0.000309594
7744.74 -0.000271367
7756.76 -0.000232248
7768.77 -0.000191951
7780.78 -0.000154327
7792.79 -0.000113611
7804.8 -5.68111e-05
7816.82 1.50436e-06
7828.83 6.08966e-05
7840.84 0.000121262
7852.85 0.000182558
7864.86 0.000244659
7876.88 0.000308312
7888.89 0.000374704
7900.9 0.000429287
7912.91 0.000466463
7924.92 0.000502813
7936.94 0.000538869
7948.95 0.000574821
7960.96 0.000610806
7972.97 0.00064725
7984.98 0.000681413
7997 0.000713241
8009.01 0.00076784
8021.02 0.000834385
8033.03 0.000902144
8045.05 0.000970642
8057.06 0.00103967
8069.07 0.00110915
8081.08 0.00117901
8093.09 0.00124908
8105.11 0.00132069
8117.12 0.00136377
8129.13 0.00140307
8141.14 0.00144022
8153.15 0.00147525
8165.17 0.00150785
8177.18 0.00153706
8189.19 0.00156513
8201.2 0.00159196
8213.21 0.00162685
8225.23 0.0017193
8237.24 0.00181477
8249.25 0.00191124
8261.26 0.00200802
8273.27 0.00210474
8285.29 0.00220114
8297.3 0.00229921
8309.31 0.00239918
8321.32 0.00246894
8333.33 0.00248768
8345.35 0.00250102
8357.36 0.00251025
8369.37 0.0025158
8381.38 0.00251776
8393.39 0.00251634
8405.41 0.0025119
8417.42 0.00250344
8429.43 0.00251235
8441.44 0.0025314
8453.45 0.00254917
8465.47 0.0025653
8477.48 0.00257966
8489.49 0.00259216
8501.5 0.00260328
8513.51 0.00261301
8525.53 0.00262123
8537.54 0.00262798
8549.55 0.00263333
8561.56 0.00263733
8573.57 0.00264003
8585.59 0.00264141
8597.6 0.00264145
8609.61 0.00264229
8621.62 0.00264282
8633.63 0.00264293
8645.65 0.00264264
8657.66 0.00264201
8669.67 0.00264112
8681.68 0.00264006
8693.69 0.00263892
8705.71 0.00263766
8717.72 0.00263614
8729.73 0.00263461
8741.74 0.00263317
8753.75 0.00263187
8765.77 0.00263078
8777.78 0.00262995
8789.79 0.00262938
8801.8 0.00262902
8813.81 0.00262955
8825.83 0.00263082
8837.84 0.0026327
8849.85 0.0026352
8861.86 0.00263836
8873.87 0.0026422
8885.89 0.00264676
8897.9 0.00265214
8909.91 0.00265836
8921.92 0.00266433
8933.93 0.00267075
8945.95 0.00267774
8957.96 0.00268533
8969.97 0.00269354
8981.98 0.00270239
8993.99 0.00271184
9006.01 0.00272182
9018.02 0.00273271
9030.03 0.00274499
9042.04 0.00275817
9054.05 0.00277219
9066.07 0.00278705
9078.08 0.00280276
9090.09 0.00281932
9102.1 0.00283679
9114.11 0.00285541
9126.13 0.00287376
9138.14 0.00289245
9150.15 0.00291173
9162.16 0.00293165
9174.17 0.00295224
9186.19 0.00297354
9198.2 0.00299556
9210.21 0.00301841
9222.22 0.00304202
9234.23 0.00306512
9246.25 0.00308859
9258.26 0.00311254
9270.27 0.00313701
9282.28 0.00316205
9294.29 0.00318767
9306.31 0.00321391
9318.32 0.00324085
9330.33 0.00326809
9342.34 0.00329532
9354.35 0.003323
9366.37 0.00335118
9378.38 0.0033799
9390.39 0.00340919
9402.4 0.00343913
9414.41 0.00346983
9426.43 0.00350176
9438.44 0.00353163
9450.45 0.00356121
9462.46 0.00359092
9474.47 0.00362087
9486.49 0.00365113
9498.5 0.00368172
9510.51 0.0037127
9522.52 0.0037441
9534.53 0.0037759
9546.55 0.00380768
9558.56 0.0038398
9570.57 0.00387233
9582.58 0.00390535
9594.59 0.0039389
9606.61 0.0039731
9618.62 0.00400813
9630.63 0.00404457
9642.64 0.00407863
9654.65 0.00410933
9666.67 0.00413952
9678.68 0.00416949
9690.69 0.00419939
9702.7 0.00422929
9714.71 0.00425926
9726.73 0.00428932
9738.74 0.00431952
9750.75 0.00434989
9762.76 0.00438045
9774.77 0.00441125
9786.79 0.00444233
9798.8 0.00447372
9810.81 0.00450552
9822.82 0.00453782
9834.83 0.00457093
9846.85 0.00460386
9858.86 0.00463295
9870.87 0.00466144
9882.88 0.00468966
9894.89 0.00471772
9906.91 0.00474569
9918.92 0.00477357
9930.93 0.00480134
9942.94 0.00482882
9954.95 0.00485748
9966.97 0.00488741
9978.98 0.00491779
9990.99 0.00494856
10003 0.00497972
10015 0.0050113
10027 0.0050434
10039 0.00507623
10051.1 0.0051103
10063.1 0.00513953
10075.1 0.00516766
10087.1 0.00519526
10099.1 0.00522243
10111.1 0.00524916
10123.1 0.00527533
10135.1 0.00530072
10147.1 0.00532465
10159.2 0.00534936
10171.2 0.00538227
10183.2 0.00541687
10195.2 0.00545248
10207.2 0.00548881
10219.2 0.00552567
10231.2 0.0055629
10243.2 0.00560023
10255.3 0.00563701
10267.3 0.00567674
10279.3 0.00571948
10291.3 0.00576323
10303.3 0.00580763
10315.3 0.00585241
10327.3 0.00589724
10339.3 0.00594158
10351.4 0.00598427
10363.4 0.00602261
10375.4 0.00608184
10387.4 0.00614766
10399.4 0.00621754
10411.4 0.00629076
10423.4 0.00636698
10435.4 0.00644597
10447.4 0.00652753
10459.5 0.00661127
10471.5 0.00669807
10483.5 0.00679116
10495.5 0.00688799
10507.5 0.00698826
10519.5 0.00709183
10531.5 0.00719859
10543.5 0.00730832
10555.6 0.00742058
10567.6 0.00753354
10579.6 0.00765778
10591.6 0.00779375
10603.6 0.00793665
10615.6 0.00808604
10627.6 0.00824189
10639.6 0.00840433
10651.7 0.00857367
10663.7 0.00875051
10675.7 0.00893586
10687.7 0.00911935
10699.7 0.00930721
10711.7 0.00950064
10723.7 0.00970016
10735.7 0.00990615
10747.7 0.010119
10759.8 0.0103391
10771.8 0.0105673
10783.8 0.0108013
10795.8 0.0110364
10807.8 0.0112774
10819.8 0.0115251
10831.8 0.0117799
10843.8 0.0120423
10855.9 0.012313
10867.9 0.012593
10879.9 0.012886
10891.9 0.0131621
10903.9 0.0134314
10915.9 0.0137027
10927.9 0.0139775
10939.9 0.0142561
10952 0.0145392
10964 0.0148268
10976 0.0151197
10988 0.0154165
11000 0.015702
11012 0.0159885
11024 0.016277
11036 0.0165678
11048 0.0168609
11060.1 0.0171564
11072.1 0.0174543
11084.1 0.0177552
11096.1 0.0180469
11108.1 0.0183266
11120.1 0.018605
11132.1 0.0188824
11144.1 0.0191589
11156.2 0.0194345
11168.2 0.0197089
11180.2 0.0199819
11192.2 0.0202535
11204.2 0.0205154
11216.2 0.0207739
11228.2 0.0210295
11240.2 0.0212821
11252.3 0.0215314
11264.3 0.0217773
11276.3 0.0220195
11288.3 0.0222578
11300.3 0.0224885
11312.3 0.0227071
11324.3 0.0229221
11336.3 0.0231341
11348.3 0.0233443
11360.4 0.023556
11372.4 0.0237433
11384.4 0.0238191
11396.4 0.0238743
11408.4 0.0239156
11420.4 0.0239434
11432.4 0.0239577
11444.4 0.0239584
11456.5 0.0239446
11468.5 0.0239137
11480.5 0.0239003
11492.5 0.0239229
11504.5 0.0239415
11516.5 0.0239576
11528.5 0.0239642
11540.5 0.0239612
11552.6 0.0239476
11564.6 0.0239221
11576.6 0.0238802
11588.6 0.0238844
11600.6 0.0239133
11612.6 0.0239487
11624.6 0.0239859
11636.6 0.0240162
11648.6 0.02404
11660.7 0.0240576
11672.7 0.0240691
11684.7 0.0240745
11696.7 0.0240759
11708.7 0.0240731
11720.7 0.0240727
11732.7 0.0240663
11744.7 0.0240537
11756.8 0.0240356
11768.8 0.0240129
11780.8 0.0239867
11792.8 0.023954
11804.8 0.0238934
11816.8 0.0238287
11828.8 0.0237664
11840.8 0.0236939
11852.9 0.0236135
11864.9 0.0235257
11876.9 0.0234303
11888.9 0.0233257
11900.9 0.0232336
11912.9 0.0231756
11924.9 0.0231243
11936.9 0.0230739
11948.9 0.0230214
11961 0.0229677
11973 0.0229131
11985 0.0228583
11997 0.0228046
12009 0.0227418
12021 0.0226729
12033 0.02261
12045 0.0225436
12057.1 0.0224752
12069.1 0.0224061
12081.1 0.0223372
12093.1 0.0222704
12105.1 0.0222113
12117.1 0.0221027
12129.1 0.0219841
12141.1 0.0218625
12153.2 0.0217369
12165.2 0.0216089
12177.2 0.0214792
12189.2 0.0213486
12201.2 0.0212183
12213.2 0.0210875
12225.2 0.0209383
12237.2 0.0207919
12249.2 0.0206417
12261.3 0.0204872
12273.3 0.0203294
12285.3 0.0201688
12297.3 0.0200051
12309.3 0.0198375
12321.3 0.0196792
12333.3 0.0195524
12345.3 0.0194354
12357.4 0.0193173
12369.4 0.0191997
12381.4 0.0190831
12393.4 0.0189678
12405.4 0.0188545
12417.4 0.0187446
12429.4 0.0186265
12441.4 0.0185025
12453.5 0.0183789
12465.5 0.0182523
12477.5 0.0181245
12489.5 0.0179964
12501.5 0.0178687
12513.5 0.0177422
12525.5 0.0176196
12537.5 0.0174764
12549.5 0.0173306
12561.6 0.0171801
12573.6 0.017026
12585.6 0.0168692
12597.6 0.0167101
12609.6 0.0165487
12621.6 0.0163846
12633.6 0.0162186
12645.6 0.01608
12657.7 0.0159469
12669.7 0.0158139
12681.7 0.0156815
12693.7 0.0155501
12705.7 0.0154201
12717.7 0.0152921
12729.7 0.0151681
12741.7 0.0150364
12753.8 0.0148755
12765.8 0.014708
12777.8 0.0145325
12789.8 0.0143513
12801.8 0.0141649
12813.8 0.0139731
12825.8 0.0137747
12837.8 0.0135661
12849.8 0.0133953
12861.9 0.0132703
12873.9 0.0131527
12885.9 0.0130394
12897.9 0.0129292
12909.9 0.0128217
12921.9 0.0127169
12933.9 0.0126153
12945.9 0.0125197
12958 0.0123866
12970 0.0122382
12982 0.012086
12994 0.011931
13006 0.0117733
13018 0.0116131
13030 0.0114497
13042 0.0112823
13054.1 0.0111103
13066.1 0.010963
13078.1 0.010823
13090.1 0.010689
13102.1 0.0105582
13114.1 0.0104299
13126.1 0.0103036
13138.1 0.0101794
13150.2 0.0100575
13162.2 0.00993106
13174.2 0.00978332
13186.2 0.00963338
13198.2 0.00948218
13210.2 0.00932996
13222.2 0.00917674
13234.2 0.00902242
13246.2 0.00886674
13258.3 0.00870916
13270.3 0.00854451
13282.3 0.0083744
13294.3 0.00821103
13306.3 0.00804975
13318.3 0.00788968
13330.3 0.0077303
13342.3 0.00757119
13354.4 0.00741177
13366.4 0.00725044
13378.4 0.00711841
13390.4 0.00699867
13402.4 0.00688148
13414.4 0.00676603
13426.4 0.00665191
13438.4 0.00653881
13450.5 0.00642644
13462.5 0.00631439
13474.5 0.00620185
13486.5 0.00609067
13498.5 0.00598476
13510.5 0.00588142
13522.5 0.00578001
13534.5 0.00568024
13546.5 0.00558197
13558.6 0.00548519
13570.6 0.00539004
13582.6 0.00528851
13594.6 0.00516449
13606.6 0.00504082
13618.6 0.00491742
13630.6 0.00479433
13642.6 0.00467155
13654.7 0.00454902
13666.7 0.00442661
13678.7 0.00430405
13690.7 0.0041821
13702.7 0.0040643
13714.7 0.00394796
13726.7 0.00383257
13738.7 0.00371788
13750.8 0.00360374
13762.8 0.00348994
13774.8 0.00337619
13786.8 0.00326174
13798.8 0.00315094
13810.8 0.00304619
13822.8 0.00294347
13834.8 0.00284221
13846.8 0.00274217
13858.9 0.0026432
13870.9 0.00254515
13882.9 0.00244793
13894.9 0.00235125
13906.9 0.00225182
13918.9 0.00215349
13930.9 0.00205597
13942.9 0.00195915
13955 0.00186295
13967 0.00176727
13979 0.00167193
13991 0.00157661
14003 0.00147819
14015 0.00137642
14027 0.00127645
14039 0.00117779
14051.1 0.00108026
14063.1 0.000983764
14075.1 0.000888271
14087.1 0.000793782
14099.1 0.000700439
14111.1 0.00060723
14123.1 0.000512738
14135.1 0.000418523
14147.1 0.000324675
14159.2 0.0002312
14171.2 0.000138062
14183.2 4.51864e-05
14195.2 -4.76015e-05
14207.2 -0.000141138
14219.2 -0.000230836
14231.2 -0.000318091
14243.2 -0.000404285
14255.3 -0.000489612
14267.3 -0.000574179
14279.3 -0.000658057
14291.3 -0.000741306
14303.3 -0.000823996
14315.3 -0.000906204
14327.3 -0.000983945
14339.3 -0.00106091
14351.4 -0.00113733
14363.4 -0.00121327
14375.4 -0.00128879
14387.4 -0.00136396
14399.4 -0.0014389
14411.4 -0.00151394
14423.4 -0.00158811
14435.4 -0.00165932
14447.4 -0.00172961
14459.5 -0.00179919
14471.5 -0.00186816
14483.5 -0.00193662
14495.5 -0.00200464
14507.5 -0.00207237
14519.5 -0.00214032
14531.5 -0.00220682
14543.5 -0.00227281
14555.6 -0.002338
14567.6 -0.00240252
14579.6 -0.00246643
14591.6 -0.00252979
14603.6 -0.00259263
14615.6 -0.00265499
14627.6 -0.00271692
14639.6 -0.00277987
14651.7 -0.00284307
14663.7 -0.00290581
14675.7 -0.00296814
14687.7 -0.00303007
14699.7 -0.00309166
14711.7 -0.00315295
14723.7 -0.00321412
14735.7 -0.00327432
14747.7 -0.00332526
14759.8 -0.00337505
14771.8 -0.0034244
14783.8 -0.00347332
14795.8 -0.00352184
14807.8 -0.00356996
14819.8 -0.00361767
14831.8 -0.00366481
14843.8 -0.00371261
14855.9 -0.00376128
14867.9 -0.00380981
14879.9 -0.00385817
14891.9 -0.00390639
14903.9 -0.00395449
14915.9 -0.00400252
14927.9 -0.00405064
14939.9 -0.00409858
14952 -0.00414292
14964 -0.00418448
14976 -0.00422566
14988 -0.00426649
15000 -0.004307
15012 -0.00434721
15024 -0.00438712
15036 -0.00442668
15048 -0.0044662
15060.1 -0.00450389
15072.1 -0.00454047
15084.1 -0.00457702
15096.1 -0.0046135
15108.1 -0.00464993
15120.1 -0.00468634
15132.1 -0.00472278
15144.1 -0.00475944
15156.2 -0.00479481
15168.2 -0.00483039
15180.2 -0.00486578
15192.2 -0.00490097
15204.2 -0.00493599
15216.2 -0.00497088
15228.2 -0.00500565
15240.2 -0.00504038
15252.3 -0.00507489
15264.3 -0.00510828
15276.3 -0.00513919
15288.3 -0.00517
15300.3 -0.0052007
15312.3 -0.00523129
15324.3 -0.0052618
15336.3 -0.00529225
15348.3 -0.00532272
15360.4 -0.0053526
15372.4 -0.0053801
15384.4 -0.00540427
15396.4 -0.00542844
15408.4 -0.0054526
15420.4 -0.00547676
15432.4 -0.00550094
15444.4 -0.00552521
15456.5 -0.00554968
15468.5 -0.00557314
15480.5 -0.00560202
15492.5 -0.00563444
15504.5 -0.00566648
15516.5 -0.00569822
15528.5 -0.0057297
15540.5 -0.0057609
15552.6 -0.00579177
15564.6 -0.00582261
15576.6 -0.00585388
15588.6 -0.00587912
15600.6 -0.00590322
15612.6 -0.0059274
15624.6 -0.00595162
15636.6 -0.0059759
15648.6 -0.00600025
15660.7 -0.00602482
15672.7 -0.00604833
15684.7 -0.00607121
15696.7 -0.00609543
15708.7 -0.00611942
15720.7 -0.00614322
15732.7 -0.00616685
15744.7 -0.00619032
15756.8 -0.00621363
15768.8 -0.00623679
15780.8 -0.00626033
15792.8 -0.00628579
15804.8 -0.00631572
15816.8 -0.00634543
15828.8 -0.00637501
15840.8 -0.00640448
15852.9 -0.0064339
15864.9 -0.00646342
15876.9 -0.00649211
15888.9 -0.006519
15900.9 -0.00655511
15912.9 -0.00659911
15924.9 -0.00664249
15936.9 -0.00668534
15948.9 -0.00672772
15961 -0.00676964
15973 -0.00681109
15985 -0.00685231
15997 -0.00689315
16009 -0.0069205
16021 -0.00694352
16033 -0.00696635
16045 -0.00698898
16057.1 -0.00701137
16069.1 -0.00703354
16081.1 -0.0070554
16093.1 -0.00707613
16105.1 -0.00709644
16117.1 -0.00713113
16129.1 -0.00716553
16141.1 -0.00719945
16153.2 -0.00723291
16165.2 -0.0072659
16177.2 -0.00729839
16189.2 -0.00733073
16201.2 -0.00736311
16213.2 -0.00739502
16225.2 -0.00742617
16237.2 -0.00745691
16249.2 -0.00748723
16261.3 -0.00751712
16273.3 -0.00754657
16285.3 -0.00757552
16297.3 -0.00760446
16309.3 -0.00763309
16321.3 -0.00766038
16333.3 -0.00768609
16345.3 -0.00771133
16357.4 -0.00773609
16369.4 -0.00776035
16381.4 -0.00778409
16393.4 -0.00780735
16405.4 -0.00783039
16417.4 -0.00785285
16429.4 -0.00788038
16441.4 -0.00791021
16453.5 -0.00793962
16465.5 -0.00796856
16477.5 -0.00799701
16489.5 -0.00802487
16501.5 -0.00805339
16513.5 -0.0080827
16525.5 -0.00811193
16537.5 -0.00813395
16549.5 -0.00815476
16561.6 -0.00817501
16573.6 -0.00819471
16585.6 -0.00821386
16597.6 -0.00823242
16609.6 -0.00825075
16621.6 -0.00826852
16633.6 -0.00828625
16645.6 -0.0083074
16657.7 -0.00832818
16669.7 -0.00834849
16681.7 -0.00836829
16693.7 -0.0083875
16705.7 -0.00840694
16717.7 -0.00842845
16729.7 -0.00844971
16741.7 -0.00847142
16753.8 -0.0084943
16765.8 -0.00851695
16777.8 -0.00853933
16789.8 -0.00856146
16801.8 -0.00858337
16813.8 -0.00860492
16825.8 -0.00862626
16837.8 -0.00864777
16849.8 -0.00866284
16861.9 -0.00867267
16873.9 -0.00868177
16885.9 -0.00869033
16897.9 -0.0086984
16909.9 -0.008706
16921.9 -0.00871687
16933.9 -0.00872787
16945.9 -0.00873932
16958 -0.00874185
16970 -0.00874161
16982 -0.00874062
16994 -0.00873903
17006 -0.00873691
17018 -0.00873438
17030 -0.00873152
17042 -0.00872835
17054.1 -0.00872479
17066.1 -0.00871816
17078.1 -0.00871093
17090.1 -0.00870326
17102.1 -0.00869523
17114.1 -0.00868691
17126.1 -0.00868083
17138.1 -0.00867584
17150.2 -0.00867126
17162.2 -0.00866353
17174.2 -0.00864441
17186.2 -0.00862379
17198.2 -0.00860217
17210.2 -0.00857973
17222.2 -0.00855661
17234.2 -0.00853327
17246.2 -0.00850946
17258.3 -0.00848552
17270.3 -0.00845715
17282.3 -0.00842301
17294.3 -0.0083874
17306.3 -0.00835054
17318.3 -0.00831246
17330.3 -0.0082735
17342.3 -0.00823368
17354.4 -0.00819215
17366.4 -0.0081479
17378.4 -0.00811469
17390.4 -0.00808668
17402.4 -0.008059
17414.4 -0.00803128
17426.4 -0.00800335
17438.4 -0.00797598
17450.5 -0.00794844
17462.5 -0.00792038
17474.5 -0.00789158
17486.5 -0.0078651
17498.5 -0.00783867
17510.5 -0.00781206
17522.5 -0.00778526
17534.5 -0.00775835
17546.5 -0.0077317
17558.6 -0.00770524
17570.6 -0.00767969
17582.6 -0.00765146
17594.6 -0.00760161
17606.6 -0.00754734
17618.6 -0.00748965
17630.6 -0.00742854
17642.6 -0.00736451
17654.7 -0.0072967
17666.7 -0.00722225
17678.7 -0.00713607
17690.7 -0.00708101
17702.7 -0.00709949
17714.7 -0.00712953
17726.7 -0.00716698
17738.7 -0.00721053
17750.8 -0.00725874
17762.8 -0.00731272
17774.8 -0.00737411
17786.8 -0.007448
17798.8 -0.00748264
17810.8 -0.00748427
17822.8 -0.00748084
17834.8 -0.00747468
17846.8 -0.00746692
17858.9 -0.00745872
17870.9 -0.00744958
17882.9 -0.0074397
17894.9 -0.00742923
17906.9 -0.00741828
17918.9 -0.00740693
17930.9 -0.00739523
17942.9 -0.00738321
17955 -0.00737002
17967 -0.00735584
17979 -0.00734152
17991 -0.00732707
18003 -0.00731249
18015 -0.00729782
18027 -0.00728306
18039 -0.00726822
18051.1 -0.00725332
18063.1 -0.00723852
18075.1 -0.00722369
18087.1 -0.0072088
18099.1 -0.00719385
18111.1 -0.00717886
18123.1 -0.00716381
18135.1 -0.00714869
18147.1 -0.00713349
18159.2 -0.00711766
18171.2 -0.00710013
18183.2 -0.0070827
18195.2 -0.00706532
18207.2 -0.00704797
18219.2 -0.00703064
18231.2 -0.00701333
18243.2 -0.00699604
18255.3 -0.00697875
18267.3 -0.00696126
18279.3 -0.00694365
18291.3 -0.00692608
18303.3 -0.00690852
18315.3 -0.00689097
18327.3 -0.00687342
18339.3 -0.00685587
18351.4 -0.00683827
18363.4 -0.00682056
18375.4 -0.00680128
18387.4 -0.00678203
18399.4 -0.00676288
18411.4 -0.00674378
18423.4 -0.00672474
18435.4 -0.00670572
18447.4 -0.00668673
18459.5 -0.00666772
18471.5 -0.00664836
18483.5 -0.00662834
18495.5 -0.00660845
18507.5 -0.00658863
18519.5 -0.00656888
18531.5 -0.00654918
18543.5 -0.00652952
18555.6 -0.00650989
18567.6 -0.00649028
18579.6 -0.00647046
18591.6 -0.00645059
18603.6 -0.00643078
18615.6 -0.006411
18627.6 -0.00639124
18639.6 -0.00637151
18651.7 -0.00635177
18663.7 -0.00633203
18675.7 -0.0063122
18687.7 -0.00629162
18699.7 -0.00627114
18711.7 -0.00625073
18723.7 -0.00623036
18735.7 -0.00621002
18747.7 -0.0061897
18759.8 -0.00616939
18771.8 -0.00614907
18783.8 -0.00612853
18795.8 -0.00610776
18807.8 -0.00608704
18819.8 -0.00606635
18831.8 -0.00604566
18843.8 -0.00602496
18855.9 -0.00600424
18867.9 -0.00598344
18879.9 -0.0059625
18891.9 -0.00594034
18903.9 -0.00591801
18915.9 -0.00589584
18927.9 -0.00587378
18939.9 -0.00585181
18952 -0.0058299
18964 -0.00580804
18976 -0.00578623
18988 -0.00576445
19000 -0.00574263
