7000 -0.00242471
7012.01 -0.0024149
7024.02 -0.00240364
7036.04 -0.00239078
7048.05 -0.00237667
7060.06 -0.00236144
7072.07 -0.00234503
7084.08 -0.0023274
7096.1 -0.00230858
7108.11 -0.00228856
7120.12 -0.00226733
7132.13 -0.00224481
7144.14 -0.00222069
7156.16 -0.00219613
7168.17 -0.00217088
7180.18 -0.00214485
7192.19 -0.002118
7204.2 -0.00209032
7216.22 -0.00206179
7228.23 -0.00203235
7240.24 -0.0020018
7252.25 -0.00197017
7264.26 -0.00193876
7276.28 -0.00190702
7288.29 -0.00187482
7300.3 -0.00184213
7312.31 -0.00180888
7324.32 -0.00177499
7336.34 -0.00174026
7348.35 -0.00170368
7360.36 -0.00166801
7372.37 -0.0016332
7384.38 -0.00159869
7396.4 -0.00156436
7408.41 -0.00153016
7420.42 -0.00149612
7432.43 -0.0014623
7444.44 -0.00142894
7456.46 -0.0013966
7468.47 -0.00136243
7480.48 -0.00132742
7492.49 -0.00129185
7504.5 -0.00125581
7516.52 -0.00121938
7528.53 -0.0011826
7540.54 -0.00114556
7552.55 -0.00110845
7564.56 -0.00107118
7576.58 -0.00103335
7588.59 -0.000987073
7600.6 -0.000936793
7612.61 -0.000885306
7624.62 -0.000832739
7636.64 -0.000779129
7648.65 -0.000724493
7660.66 -0.000669004
7672.67 -0.000611499
7684.68 -0.00055172
7696.7 -0.000508802
7708.71 -0.000466331
7720.72 -0.000423434
7732.73 -0.000379847
7744.74 -0.000335355
7756.76 -0.000289574
7768.77 -0.000242171
7780.78 -0.0001968
7792.79 -0.000150361
7804.8 -9.8005e-05
7816.82 -4.48295e-05
7828.83 9.05962e-06
7840.84 6.36555e-05
7852.85 0.000118953
7864.86 0.000174835
7876.88 0.000232
7888.89 0.000291525
7900.9 0.000341797
7912.91 0.00037837
7924.92 0.000414367
7936.94 0.000450204
7948.95 0.000486029
7960.96 0.000521956
7972.97 0.000558406
7984.98 0.000592674
7997 0.000624702
8009.01 0.000678842
8021.02 0.000744593
8033.03 0.000811544
8045.05 0.000879232
8057.06 0.000947457
8069.07 0.00101614
8081.08 0.00108523
8093.09 0.00115456
8105.11 0.00122552
8117.12 0.00126668
8129.13 0.00130393
8141.14 0.00133898
8153.15 0.00137186
8165.17 0.00140227
8177.18 0.00142926
8189.19 0.00145498
8201.2 0.00147936
8213.21 0.00151205
8225.23 0.00160415
8237.24 0.0016994
8249.25 0.00179569
8261.26 0.00189233
8273.27 0.00198894
8285.29 0.00208525
8297.3 0.00218322
8309.31 0.00228309
8321.32 0.00235299
8333.33 0.00237226
8345.35 0.00238617
8357.36 0.00239602
8369.37 0.00240221
8381.38 0.00240487
8393.39 0.00240417
8405.41 0.00240049
8417.42 0.00239287
8429.43 0.0024018
8441.44 0.00242035
8453.45 0.00243759
8465.47 0.00245317
8477.48 0.00246698
8489.49 0.00247891
8501.5 0.00248946
8513.51 0.0024986
8525.53 0.00250623
8537.54 0.0025124
8549.55 0.00251717
8561.56 0.00252058
8573.57 0.0025227
8585.59 0.0025235
8597.6 0.00252294
8609.61 0.00252317
8621.62 0.00252308
8633.63 0.00252258
8645.65 0.00252168
8657.66 0.00252044
8669.67 0.00251895
8681.68 0.00251729
8693.69 0.00251555
8705.71 0.00251371
8717.72 0.0025116
8729.73 0.00250949
8741.74 0.00250748
8753.75 0.00250561
8765.77 0.00250396
8777.78 0.00250255
8789.79 0.00250143
8801.8 0.00250052
8813.81 0.00250049
8825.83 0.0025012
8837.84 0.00250253
8849.85 0.00250448
8861.86 0.0025071
8873.87 0.0025104
8885.89 0.00251444
8897.9 0.0025193
8909.91 0.00252501
8921.92 0.00253049
8933.93 0.00253642
8945.95 0.00254293
8957.96 0.00255005
8969.97 0.00255779
8981.98 0.00256617
8993.99 0.00257516
9006.01 0.00258468
9018.02 0.00259512
9030.03 0.00260693
9042.04 0.00261965
9054.05 0.00263323
9066.07 0.00264766
9078.08 0.00266293
9090.09 0.00267907
9102.1 0.00269612
9114.11 0.00271434
9126.13 0.00273231
9138.14 0.00275063
9150.15 0.00276955
9162.16 0.00278911
9174.17 0.00280934
9186.19 0.00283029
9198.2 0.00285198
9210.21 0.00287449
9222.22 0.00289779
9234.23 0.0029206
9246.25 0.00294377
9258.26 0.00296743
9270.27 0.00299163
9282.28 0.00301639
9294.29 0.00304174
9306.31 0.00306771
9318.32 0.0030944
9330.33 0.0031214
9342.34 0.0031484
9354.35 0.00317586
9366.37 0.00320381
9378.38 0.00323231
9390.39 0.0032614
9402.4 0.00329113
9414.41 0.00332164
9426.43 0.0033534
9438.44 0.00338314
9450.45 0.00341258
9462.46 0.00344215
9474.47 0.00347196
9486.49 0.00350208
9498.5 0.00353253
9510.51 0.00356338
9522.52 0.00359465
9534.53 0.00362633
9546.55 0.00365799
9558.56 0.00368999
9570.57 0.00372242
9582.58 0.00375532
9594.59 0.00378877
9606.61 0.00382287
9618.62 0.00385782
9630.63 0.0038942
9642.64 0.00392828
9654.65 0.00395899
9666.67 0.00398916
9678.68 0.00401911
9690.69 0.00404897
9702.7 0.00407883
9714.71 0.00410874
9726.73 0.00413875
9738.74 0.00416889
9750.75 0.00419918
9762.76 0.00422968
9774.77 0.0042604
9786.79 0.00429139
9798.8 0.00432271
9810.81 0.00435441
9822.82 0.00438663
9834.83 0.00441965
9846.85 0.00445255
9858.86 0.0044816
9870.87 0.00451003
9882.88 0.00453816
9894.89 0.00456613
9906.91 0.00459398
9918.92 0.00462173
9930.93 0.00464935
9942.94 0.00467667
9954.95 0.00470512
9966.97 0.00473484
9978.98 0.00476501
9990.99 0.00479555
10003 0.00482647
10015 0.00485782
10027 0.00488967
10039 0.00492224
10051.1 0.00495609
10063.1 0.0049851
10075.1 0.00501299
10087.1 0.00504032
10099.1 0.00506718
10111.1 0.00509357
10123.1 0.00511939
10135.1 0.00514438
10147.1 0.00516787
10159.2 0.005192
10171.2 0.00522432
10183.2 0.00525833
10195.2 0.00529334
10207.2 0.00532907
10219.2 0.00536531
10231.2 0.00540189
10243.2 0.00543856
10255.3 0.00547465
10267.3 0.0055136
10279.3 0.00555556
10291.3 0.00559851
10303.3 0.00564209
10315.3 0.00568604
10327.3 0.00573
10339.3 0.00577343
10351.4 0.00581517
10363.4 0.00585237
10375.4 0.0059103
10387.4 0.00597487
10399.4 0.0060435
10411.4 0.00611547
10423.4 0.00619044
10435.4 0.00626817
10447.4 0.00634844
10459.5 0.00643088
10471.5 0.0065163
10483.5 0.006608
10495.5 0.00670343
10507.5 0.00680227
10519.5 0.00690439
10531.5 0.00700968
10543.5 0.00711792
10555.6 0.00722864
10567.6 0.00733999
10579.6 0.00746245
10591.6 0.00759666
10603.6 0.00773778
10615.6 0.0078854
10627.6 0.00803945
10639.6 0.0082001
10651.7 0.00836762
10663.7 0.00854265
10675.7 0.00872623
10687.7 0.00890799
10699.7 0.00909408
10711.7 0.00928572
10723.7 0.00948341
10735.7 0.00968756
10747.7 0.00989852
10759.8 0.0101168
10771.8 0.0103431
10783.8 0.0105753
10795.8 0.0108086
10807.8 0.0110477
10819.8 0.0112935
10831.8 0.0115465
10843.8 0.011807
10855.9 0.0120758
10867.9 0.012354
10879.9 0.0126452
10891.9 0.01292
10903.9 0.0131877
10915.9 0.0134575
10927.9 0.0137306
10939.9 0.0140077
10952 0.014289
10964 0.014575
10976 0.0148663
10988 0.0151615
11000 0.0154455
11012 0.0157304
11024 0.0160173
11036 0.0163065
11048 0.016598
11060.1 0.0168918
11072.1 0.0171881
11084.1 0.0174874
11096.1 0.0177778
11108.1 0.0180561
11120.1 0.018333
11132.1 0.0186088
11144.1 0.0188838
11156.2 0.0191577
11168.2 0.0194305
11180.2 0.0197019
11192.2 0.0199718
11204.2 0.0202321
11216.2 0.020489
11228.2 0.0207428
11240.2 0.0209937
11252.3 0.0212412
11264.3 0.0214852
11276.3 0.0217256
11288.3 0.021962
11300.3 0.0221909
11312.3 0.0224076
11324.3 0.0226206
11336.3 0.0228305
11348.3 0.0230384
11360.4 0.0232477
11372.4 0.0234328
11384.4 0.0235081
11396.4 0.0235631
11408.4 0.0236041
11420.4 0.0236317
11432.4 0.0236458
11444.4 0.0236462
11456.5 0.0236322
11468.5 0.0236008
11480.5 0.0235875
11492.5 0.0236107
11504.5 0.0236299
11516.5 0.0236465
11528.5 0.0236538
11540.5 0.0236513
11552.6 0.0236383
11564.6 0.0236133
11576.6 0.0235715
11588.6 0.0235775
11600.6 0.023609
11612.6 0.023647
11624.6 0.023687
11636.6 0.0237202
11648.6 0.0237472
11660.7 0.0237681
11672.7 0.023783
11684.7 0.0237922
11696.7 0.0237956
11708.7 0.0237945
11720.7 0.0237956
11732.7 0.0237907
11744.7 0.0237796
11756.8 0.0237629
11768.8 0.0237414
11780.8 0.0237163
11792.8 0.023685
11804.8 0.0236283
11816.8 0.0235678
11828.8 0.0235098
11840.8 0.023442
11852.9 0.0233665
11864.9 0.0232839
11876.9 0.0231938
11888.9 0.0230948
11900.9 0.0230079
11912.9 0.022954
11924.9 0.0229068
11936.9 0.0228604
11948.9 0.0228122
11961 0.0227627
11973 0.0227124
11985 0.0226621
11997 0.022613
12009 0.0225541
12021 0.0224885
12033 0.0224287
12045 0.0223655
12057.1 0.0223003
12069.1 0.0222344
12081.1 0.0221689
12093.1 0.0221053
12105.1 0.0220494
12117.1 0.0219443
12129.1 0.021829
12141.1 0.0217108
12153.2 0.0215886
12165.2 0.021464
12177.2 0.0213376
12189.2 0.0212104
12201.2 0.0210833
12213.2 0.0209557
12225.2 0.0208119
12237.2 0.020671
12249.2 0.0205267
12261.3 0.0203783
12273.3 0.0202268
12285.3 0.0200727
12297.3 0.0199158
12309.3 0.0197551
12321.3 0.0196035
12333.3 0.0194821
12345.3 0.0193703
12357.4 0.0192576
12369.4 0.0191453
12381.4 0.019034
12393.4 0.0189241
12405.4 0.0188162
12417.4 0.0187116
12429.4 0.0185995
12441.4 0.0184825
12453.5 0.0183662
12465.5 0.0182471
12477.5 0.0181271
12489.5 0.018007
12501.5 0.0178875
12513.5 0.0177695
12525.5 0.017656
12537.5 0.0175196
12549.5 0.0173801
12561.6 0.0172359
12573.6 0.0170881
12585.6 0.0169377
12597.6 0.0167851
12609.6 0.0166303
12621.6 0.0164729
12633.6 0.0163139
12645.6 0.0161799
12657.7 0.0160512
12669.7 0.0159224
12681.7 0.0157942
12693.7 0.0156669
12705.7 0.015541
12717.7 0.0154171
12729.7 0.0152972
12741.7 0.0151694
12753.8 0.015011
12765.8 0.0148458
12777.8 0.0146726
12789.8 0.0144937
12801.8 0.0143094
12813.8 0.0141196
12825.8 0.0139231
12837.8 0.013716
12849.8 0.013548
12861.9 0.0134275
12873.9 0.0133144
12885.9 0.0132058
12897.9 0.0131005
12909.9 0.0129978
12921.9 0.0128979
12933.9 0.0128013
12945.9 0.0127107
12958 0.0125832
12970 0.0124407
12982 0.0122946
12994 0.0121457
13006 0.0119944
13018 0.0118405
13030 0.0116837
13042 0.011523
13054.1 0.0113578
13066.1 0.0112156
13078.1 0.0110802
13090.1 0.0109506
13102.1 0.0108242
13114.1 0.0107002
13126.1 0.0105781
13138.1 0.010458
13150.2 0.0103402
13162.2 0.0102182
13174.2 0.0100768
13186.2 0.00993341
13198.2 0.00978893
13210.2 0.00964356
13222.2 0.00949733
13234.2 0.00935014
13246.2 0.00920179
13258.3 0.00905187
13270.3 0.00889273
13282.3 0.00872533
13294.3 0.00856429
13306.3 0.00840517
13318.3 0.00824712
13330.3 0.00808968
13342.3 0.00793244
13354.4 0.00777488
13366.4 0.00761548
13378.4 0.00748357
13390.4 0.0073632
13402.4 0.00724519
13414.4 0.0071288
13426.4 0.00701365
13438.4 0.00689945
13450.5 0.00678592
13462.5 0.00667271
13474.5 0.00655903
13486.5 0.00644314
13498.5 0.00633211
13510.5 0.00622342
13522.5 0.00611647
13534.5 0.00601098
13546.5 0.00590683
13558.6 0.00580396
13570.6 0.00570249
13582.6 0.00559567
13594.6 0.00547018
13606.6 0.00534524
13618.6 0.00522065
13630.6 0.00509642
13642.6 0.00497252
13654.7 0.00484887
13666.7 0.00472535
13678.7 0.00460166
13690.7 0.00447857
13702.7 0.00435957
13714.7 0.00424203
13726.7 0.00412542
13738.7 0.0040095
13750.8 0.0038941
13762.8 0.00377902
13774.8 0.00366395
13786.8 0.00354812
13798.8 0.00343695
13810.8 0.00333224
13822.8 0.00322958
13834.8 0.0031284
13846.8 0.00302843
13858.9 0.00292953
13870.9 0.00283156
13882.9 0.00273439
13894.9 0.00263776
13906.9 0.00253872
13918.9 0.00244078
13930.9 0.00234365
13942.9 0.00224722
13955 0.0021514
13967 0.00205607
13979 0.00196108
13991 0.00186608
14003 0.00176828
14015 0.00166829
14027 0.00157014
14039 0.0014733
14051.1 0.00137759
14063.1 0.00128292
14075.1 0.00118925
14087.1 0.00109657
14099.1 0.00100504
14111.1 0.000913707
14123.1 0.000821158
14135.1 0.000728873
14147.1 0.000636942
14159.2 0.000545369
14171.2 0.000454118
14183.2 0.000363114
14195.2 0.000272181
14207.2 0.000180487
14219.2 8.87602e-05
14231.2 -2.05112e-06
14243.2 -9.18342e-05
14255.3 -0.000180774
14267.3 -0.00026897
14279.3 -0.000356491
14291.3 -0.000443394
14303.3 -0.000529748
14315.3 -0.000615631
14327.3 -0.000697416
14339.3 -0.000778439
14351.4 -0.000858925
14363.4 -0.000938931
14375.4 -0.00101851
14387.4 -0.00109775
14399.4 -0.00117676
14411.4 -0.00125587
14423.4 -0.00133409
14435.4 -0.00140922
14447.4 -0.0014834
14459.5 -0.00155686
14471.5 -0.0016297
14483.5 -0.001702
14495.5 -0.00177387
14507.5 -0.00184542
14519.5 -0.00191719
14531.5 -0.00198693
14543.5 -0.00205544
14555.6 -0.00212315
14567.6 -0.00219018
14579.6 -0.00225658
14591.6 -0.00232241
14603.6 -0.00238771
14615.6 -0.0024525
14627.6 -0.00251681
14639.6 -0.00258031
14651.7 -0.00264321
14663.7 -0.00270569
14675.7 -0.00276776
14687.7 -0.00282945
14699.7 -0.00289079
14711.7 -0.00295185
14723.7 -0.0030128
14735.7 -0.00307277
14747.7 -0.00312248
14759.8 -0.00317097
14771.8 -0.00321904
14783.8 -0.00326671
14795.8 -0.003314
14807.8 -0.00336091
14819.8 -0.00340744
14831.8 -0.00345344
14843.8 -0.00350053
14855.9 -0.00355053
14867.9 -0.00360035
14879.9 -0.00364999
14891.9 -0.00369949
14903.9 -0.00374887
14915.9 -0.00379819
14927.9 -0.00384762
14939.9 -0.00389692
14952 -0.00394379
14964 -0.00398951
14976 -0.00403477
14988 -0.00407964
15000 -0.00412414
15012 -0.00416829
15024 -0.0042121
15036 -0.00425551
15048 -0.0042988
15060.1 -0.00433887
15072.1 -0.00437711
15084.1 -0.00441531
15096.1 -0.00445347
15108.1 -0.00449157
15120.1 -0.00452964
15132.1 -0.00456774
15144.1 -0.00460606
15156.2 -0.00464308
15168.2 -0.00467997
15180.2 -0.00471664
15192.2 -0.0047531
15204.2 -0.00478939
15216.2 -0.00482552
15228.2 -0.00486154
15240.2 -0.0048975
15252.3 -0.00493322
15264.3 -0.00496767
15276.3 -0.00499864
15288.3 -0.00502954
15300.3 -0.00506032
15312.3 -0.00509101
15324.3 -0.00512162
15336.3 -0.00515217
15348.3 -0.00518274
15360.4 -0.0052127
15372.4 -0.00523988
15384.4 -0.00526304
15396.4 -0.00528623
15408.4 -0.00530942
15420.4 -0.00533263
15432.4 -0.00535587
15444.4 -0.00537921
15456.5 -0.00540276
15468.5 -0.00542529
15480.5 -0.00545225
15492.5 -0.00548212
15504.5 -0.00551166
15516.5 -0.00554095
15528.5 -0.00557001
15540.5 -0.00559885
15552.6 -0.00562741
15564.6 -0.005656
15576.6 -0.00568519
15588.6 -0.00571449
15600.6 -0.00574378
15612.6 -0.00577304
15624.6 -0.00580226
15636.6 -0.00583147
15648.6 -0.00586069
15660.7 -0.0058901
15672.7 -0.00591838
15684.7 -0.00594584
15696.7 -0.00597278
15708.7 -0.0059995
15720.7 -0.00602603
15732.7 -0.00605237
15744.7 -0.00607855
15756.8 -0.00610454
15768.8 -0.00613035
15780.8 -0.00615656
15792.8 -0.00618476
15804.8 -0.00621765
15816.8 -0.00625031
15828.8 -0.00628282
15840.8 -0.0063152
15852.9 -0.00634752
15864.9 -0.00637993
15876.9 -0.00641151
15888.9 -0.00644124
15900.9 -0.00647963
15912.9 -0.00652545
15924.9 -0.00657064
15936.9 -0.00661529
15948.9 -0.00665946
15961 -0.00670316
15973 -0.00674638
15985 -0.00678936
15997 -0.00683194
16009 -0.00685926
16021 -0.00688169
16033 -0.00690397
16045 -0.00692603
16057.1 -0.00694788
16069.1 -0.00696951
16081.1 -0.00699084
16093.1 -0.00701104
16105.1 -0.00703082
16117.1 -0.00706496
16129.1 -0.00709881
16141.1 -0.00713218
16153.2 -0.00716508
16165.2 -0.00719751
16177.2 -0.00722944
16189.2 -0.00726121
16201.2 -0.00729301
16213.2 -0.00732471
16225.2 -0.00735699
16237.2 -0.00738886
16249.2 -0.0074203
16261.3 -0.0074513
16273.3 -0.00748186
16285.3 -0.00751191
16297.3 -0.00754195
16309.3 -0.00757167
16321.3 -0.00760019
16333.3 -0.0076273
16345.3 -0.00765394
16357.4 -0.0076801
16369.4 -0.00770577
16381.4 -0.00773092
16393.4 -0.00775559
16405.4 -0.00778007
16417.4 -0.00780399
16429.4 -0.00783205
16441.4 -0.00786195
16453.5 -0.00789143
16465.5 -0.00792043
16477.5 -0.00794893
16489.5 -0.00797685
16501.5 -0.00800543
16513.5 -0.00803482
16525.5 -0.00806418
16537.5 -0.00808516
16549.5 -0.0081048
16561.6 -0.00812385
16573.6 -0.00814234
16585.6 -0.00816026
16597.6 -0.00817758
16609.6 -0.00819464
16621.6 -0.0082111
16633.6 -0.00822766
16645.6 -0.00824872
16657.7 -0.00826944
16669.7 -0.00828973
16681.7 -0.00830952
16693.7 -0.00832875
16705.7 -0.00834822
16717.7 -0.00836984
16729.7 -0.00839132
16741.7 -0.00841187
16753.8 -0.00843081
16765.8 -0.00844932
16777.8 -0.00846744
16789.8 -0.00848518
16801.8 -0.00850257
16813.8 -0.00851946
16825.8 -0.00853594
16837.8 -0.00855226
16849.8 -0.00856507
16861.9 -0.00857496
16873.9 -0.00858426
16885.9 -0.00859304
16897.9 -0.00860133
16909.9 -0.00860911
16921.9 -0.00862009
16933.9 -0.00863111
16945.9 -0.00864231
16958 -0.00864788
16970 -0.00865162
16982 -0.0086548
16994 -0.0086575
17006 -0.0086598
17018 -0.00866179
17030 -0.00866359
17042 -0.0086652
17054.1 -0.00866652
17066.1 -0.00866332
17078.1 -0.00865945
17090.1 -0.00865515
17102.1 -0.00865052
17114.1 -0.00864561
17126.1 -0.008643
17138.1 -0.00864158
17150.2 -0.00864069
17162.2 -0.00863655
17174.2 -0.00862043
17186.2 -0.00860282
17198.2 -0.00858426
17210.2 -0.00856495
17222.2 -0.00854505
17234.2 -0.00852505
17246.2 -0.00850476
17258.3 -0.00848462
17270.3 -0.00845869
17282.3 -0.00842509
17294.3 -0.00838984
17306.3 -0.00835322
17318.3 -0.00831531
17330.3 -0.00827649
17342.3 -0.00823679
17354.4 -0.00819539
17366.4 -0.00815133
17378.4 -0.00811768
17390.4 -0.00808891
17402.4 -0.0080604
17414.4 -0.00803176
17426.4 -0.00800284
17438.4 -0.00797442
17450.5 -0.00794576
17462.5 -0.00791648
17474.5 -0.00788632
17486.5 -0.00785934
17498.5 -0.00783251
17510.5 -0.00780553
17522.5 -0.00777837
17534.5 -0.00775108
17546.5 -0.00772404
17558.6 -0.00769715
17570.6 -0.00767108
17582.6 -0.00764243
17594.6 -0.00759336
17606.6 -0.00754008
17618.6 -0.00748351
17630.6 -0.00742365
17642.6 -0.00736099
17654.7 -0.00729473
17666.7 -0.00722206
17678.7 -0.00713807
17690.7 -0.00708413
17702.7 -0.00710125
17714.7 -0.00712953
17726.7 -0.00716497
17738.7 -0.0072063
17750.8 -0.00725209
17762.8 -0.00730342
17774.8 -0.00736189
17786.8 -0.00743241
17798.8 -0.00746513
17810.8 -0.00746606
17822.8 -0.00746211
17834.8 -0.00745554
17846.8 -0.00744742
17858.9 -0.00743893
17870.9 -0.00742953
17882.9 -0.00741942
17894.9 -0.00740874
17906.9 -0.00739761
17918.9 -0.00738609
17930.9 -0.00737423
17942.9 -0.00736208
17955 -0.00734878
17967 -0.00733449
17979 -0.00732005
17991 -0.0073055
18003 -0.00729083
18015 -0.00727606
18027 -0.00726122
18039 -0.0072463
18051.1 -0.00723132
18063.1 -0.00721645
18075.1 -0.00720155
18087.1 -0.00718659
18099.1 -0.00717159
18111.1 -0.00715654
18123.1 -0.00714144
18135.1 -0.00712629
18147.1 -0.00711105
18159.2 -0.0070952
18171.2 -0.00707764
18183.2 -0.00706019
18195.2 -0.00704278
18207.2 -0.0070254
18219.2 -0.00700805
18231.2 -0.00699072
18243.2 -0.0069734
18255.3 -0.00695609
18267.3 -0.00693858
18279.3 -0.00692097
18291.3 -0.00690338
18303.3 -0.00688581
18315.3 -0.00686825
18327.3 -0.0068507
18339.3 -0.00683313
18351.4 -0.00681554
18363.4 -0.00679783
18375.4 -0.00677857
18387.4 -0.00675933
18399.4 -0.00674018
18411.4 -0.00672109
18423.4 -0.00670205
18435.4 -0.00668305
18447.4 -0.00666407
18459.5 -0.00664507
18471.5 -0.00662573
18483.5 -0.00660573
18495.5 -0.00658585
18507.5 -0.00656606
18519.5 -0.00654632
18531.5 -0.00652663
18543.5 -0.00650699
18555.6 -0.00648738
18567.6 -0.00646779
18579.6 -0.006448
18591.6 -0.00642815
18603.6 -0.00640836
18615.6 -0.0063886
18627.6 -0.00636888
18639.6 -0.00634917
18651.7 -0.00632946
18663.7 -0.00630974
18675.7 -0.00628995
18687.7 -0.00626941
18699.7 -0.00624896
18711.7 -0.00622859
18723.7 -0.00620825
18735.7 -0.00618795
18747.7 -0.00616767
18759.8 -0.0061474
18771.8 -0.00612711
18783.8 -0.00610662
18795.8 -0.00608589
18807.8 -0.00606522
18819.8 -0.00604457
18831.8 -0.00602393
18843.8 -0.00600328
18855.9 -0.0059826
18867.9 -0.00596186
18879.9 -0.00594097
18891.9 -0.00591887
18903.9 -0.0058966
18915.9 -0.00587449
18927.9 -0.00585249
18939.9 -0.00583057
18952 -0.00580871
18964 -0.00578691
18976 -0.00576515
18988 -0.00574342
19000 -0.00572167
