7000 0.000733296
7012.01 0.000756306
7024.02 0.000779947
7036.04 0.000804445
7048.05 0.000829071
7060.06 0.000854049
7072.07 0.000879556
7084.08 0.000905668
7096.1 0.000932451
7108.11 0.000959979
7120.12 0.000988346
7132.13 0.00101773
7144.14 0.00104829
7156.16 0.00107852
7168.17 0.00110925
7180.18 0.00114067
7192.19 0.00117291
7204.2 0.00120607
7216.22 0.00124027
7228.23 0.00127566
7240.24 0.00131259
7252.25 0.00135039
7264.26 0.00138799
7276.28 0.0014264
7288.29 0.00146583
7300.3 0.00150643
7312.31 0.00154835
7324.32 0.0015918
7336.34 0.0016371
7348.35 0.00168543
7360.36 0.00173191
7372.37 0.00177829
7384.38 0.00182533
7396.4 0.00187329
7408.41 0.00192227
7420.42 0.00197233
7432.43 0.00202344
7444.44 0.00207535
7456.46 0.00212812
7468.47 0.00218574
7480.48 0.00224615
7492.49 0.00230908
7504.5 0.00237448
7516.52 0.00244238
7528.53 0.00251281
7540.54 0.00258581
7552.55 0.00266128
7564.56 0.00274018
7576.58 0.00282366
7588.59 0.00289892
7600.6 0.00297241
7612.61 0.00304822
7624.62 0.0031265
7636.64 0.0032072
7648.65 0.00329007
7660.66 0.00337438
7672.67 0.00346069
7684.68 0.00354583
7696.7 0.0037476
7708.71 0.00396449
7720.72 0.00419153
7732.73 0.00442785
7744.74 0.00467342
7756.76 0.00492886
7768.77 0.00519382
7780.78 0.00546397
7792.79 0.00572512
7804.8 0.00592187
7816.82 0.00611992
7828.83 0.00632185
7840.84 0.00652863
7852.85 0.00674076
7864.86 0.00695843
7876.88 0.00718385
7888.89 0.00741783
7900.9 0.00764909
7912.91 0.00787357
7924.92 0.008104
7936.94 0.00834098
7948.95 0.00858491
7960.96 0.00883625
7972.97 0.00909557
7984.98 0.00935876
7997 0.00963099
8009.01 0.00985327
8021.02 0.0100516
8033.03 0.0102514
8045.05 0.0104536
8057.06 0.0106582
8069.07 0.0108649
8081.08 0.0110729
8093.09 0.0112805
8105.11 0.0114832
8117.12 0.011781
8129.13 0.0120896
8141.14 0.0124022
8153.15 0.0127169
8165.17 0.0130325
8177.18 0.0133473
8189.19 0.0136693
8201.2 0.0139934
8213.21 0.0143061
8225.23 0.0145597
8237.24 0.0148028
8249.25 0.0150358
8261.26 0.0152575
8273.27 0.0154661
8285.29 0.0156605
8297.3 0.0158398
8309.31 0.015996
8321.32 0.0162392
8333.33 0.0166407
8345.35 0.0170389
8357.36 0.0174279
8369.37 0.0178051
8381.38 0.0181694
8393.39 0.0185212
8405.41 0.0188607
8417.42 0.0191912
8429.43 0.0193656
8441.44 0.0194336
8453.45 0.0194739
8465.47 0.0194894
8477.48 0.0194817
8489.49 0.019452
8501.5 0.0194025
8513.51 0.0193325
8525.53 0.0192431
8537.54 0.0191353
8549.55 0.0190103
8561.56 0.0188693
8573.57 0.0187134
8585.59 0.0185442
8597.6 0.0183652
8609.61 0.0181761
8621.62 0.0179754
8633.63 0.0177646
8645.65 0.017545
8657.66 0.0173177
8669.67 0.0170838
8681.68 0.0168442
8693.69 0.0165999
8705.71 0.0163513
8717.72 0.0161
8729.73 0.015847
8741.74 0.0155929
8753.75 0.0153384
8765.77 0.0150841
8777.78 0.0148308
8789.79 0.0145788
8801.8 0.0143291
8813.81 0.0140824
8825.83 0.0138375
8837.84 0.0135952
8849.85 0.0133558
8861.86 0.0131196
8873.87 0.0128869
8885.89 0.0126576
8897.9 0.012432
8909.91 0.0122089
8921.92 0.0119904
8933.93 0.0117769
8945.95 0.0115683
8957.96 0.0113643
8969.97 0.0111652
8981.98 0.0109709
8993.99 0.0107814
9006.01 0.0105969
9018.02 0.0104182
9030.03 0.0102431
9042.04 0.0100722
9054.05 0.00990534
9066.07 0.00974262
9078.08 0.00958395
9090.09 0.00942925
9102.1 0.00927834
9114.11 0.00913059
9126.13 0.00898627
9138.14 0.00884674
9150.15 0.0087114
9162.16 0.00858006
9174.17 0.00845254
9186.19 0.00832872
9198.2 0.00820842
9210.21 0.0080914
9222.22 0.00797672
9234.23 0.00786602
9246.25 0.00775921
9258.26 0.00765597
9270.27 0.00755612
9282.28 0.00745951
9294.29 0.00736601
9306.31 0.00727549
9318.32 0.00718771
9330.33 0.00710223
9342.34 0.00702008
9354.35 0.00694089
9366.37 0.00686449
9378.38 0.00679074
9390.39 0.0067195
9402.4 0.00665061
9414.41 0.00658385
9426.43 0.00651816
9438.44 0.00645448
9450.45 0.00639431
9462.46 0.00633694
9474.47 0.00628213
9486.49 0.00622972
9498.5 0.0061796
9510.51 0.00613165
9522.52 0.00608575
9534.53 0.00604161
9546.55 0.00599957
9558.56 0.00595957
9570.57 0.00592144
9582.58 0.0058851
9594.59 0.00585041
9606.61 0.00581723
9618.62 0.0057853
9630.63 0.00575391
9642.64 0.00572108
9654.65 0.00569221
9666.67 0.00566598
9678.68 0.005642
9690.69 0.00562004
9702.7 0.00559996
9714.71 0.00558167
9726.73 0.00556508
9738.74 0.00555013
9750.75 0.00553673
9762.76 0.00552485
9774.77 0.00551442
9786.79 0.00550538
9798.8 0.00549767
9810.81 0.00549121
9822.82 0.00548588
9834.83 0.00548142
9846.85 0.00547616
9858.86 0.00547257
9870.87 0.00547096
9882.88 0.005471
9894.89 0.00547257
9906.91 0.00547559
9918.92 0.00548001
9930.93 0.00548583
9942.94 0.00549314
9954.95 0.00550263
9966.97 0.00551297
9978.98 0.00552429
9990.99 0.00553663
10003 0.00554999
10015 0.00556436
10027 0.0055797
10039 0.00559589
10051.1 0.00561199
10063.1 0.00562763
10075.1 0.00564503
10087.1 0.00566384
10099.1 0.00568396
10111.1 0.00570536
10123.1 0.00572804
10135.1 0.00575205
10147.1 0.0057776
10159.2 0.00580785
10171.2 0.00584047
10183.2 0.00587358
10195.2 0.00590747
10207.2 0.00594227
10219.2 0.00597805
10231.2 0.00601489
10243.2 0.00605283
10255.3 0.00609202
10267.3 0.00613469
10279.3 0.00617853
10291.3 0.00622343
10303.3 0.00626947
10315.3 0.0063167
10327.3 0.00636519
10339.3 0.00641496
10351.4 0.00646611
10363.4 0.00652117
10375.4 0.00658739
10387.4 0.00665483
10399.4 0.00672383
10411.4 0.00679456
10423.4 0.00686714
10435.4 0.00694167
10447.4 0.00701823
10459.5 0.00709689
10471.5 0.00717903
10483.5 0.0072648
10495.5 0.00735308
10507.5 0.00744395
10519.5 0.00753751
10531.5 0.00763384
10543.5 0.00773301
10555.6 0.00783506
10567.6 0.00793984
10579.6 0.00805502
10591.6 0.00817564
10603.6 0.00830039
10615.6 0.00842936
10627.6 0.00856271
10639.6 0.00870061
10651.7 0.00884323
10663.7 0.00899083
10675.7 0.00914268
10687.7 0.0092944
10699.7 0.00945076
10711.7 0.00961209
10723.7 0.00977858
10735.7 0.00995042
10747.7 0.0101278
10759.8 0.0103109
10771.8 0.0104999
10783.8 0.0106922
10795.8 0.0108874
10807.8 0.0110882
10819.8 0.0112949
10831.8 0.0115077
10843.8 0.0117267
10855.9 0.0119521
10867.9 0.012184
10879.9 0.012423
10891.9 0.0126468
10903.9 0.0128722
10915.9 0.0131024
10927.9 0.0133374
10939.9 0.0135774
10952 0.0138224
10964 0.0140723
10976 0.0143271
10988 0.0145835
11000 0.0148345
11012 0.0150893
11024 0.015348
11036 0.0156103
11048 0.0158762
11060.1 0.0161453
11072.1 0.0164174
11084.1 0.0166919
11096.1 0.0169571
11108.1 0.0172178
11120.1 0.0174802
11132.1 0.0177442
11144.1 0.0180093
11156.2 0.0182752
11168.2 0.0185415
11180.2 0.0188077
11192.2 0.0190731
11204.2 0.0193311
11216.2 0.0195884
11228.2 0.0198444
11240.2 0.0200988
11252.3 0.020351
11264.3 0.0206006
11276.3 0.0208471
11288.3 0.0210898
11300.3 0.0213239
11312.3 0.0215488
11324.3 0.0217708
11336.3 0.0219894
11348.3 0.022205
11360.4 0.0224187
11372.4 0.0226182
11384.4 0.0227621
11396.4 0.0228933
11408.4 0.0230151
11420.4 0.0231268
11432.4 0.023228
11444.4 0.0233186
11456.5 0.0233982
11468.5 0.0234656
11480.5 0.0235351
11492.5 0.0236145
11504.5 0.0236878
11516.5 0.0237568
11528.5 0.0238151
11540.5 0.0238633
11552.6 0.0239011
11564.6 0.0239282
11576.6 0.0239428
11588.6 0.0239706
11600.6 0.0240036
11612.6 0.0240401
11624.6 0.0240716
11636.6 0.0240914
11648.6 0.0241006
11660.7 0.0240994
11672.7 0.0240874
11684.7 0.0240619
11696.7 0.0240684
11708.7 0.0240753
11720.7 0.024086
11732.7 0.0240891
11744.7 0.0240853
11756.8 0.0240755
11768.8 0.0240609
11780.8 0.0240429
11792.8 0.0240178
11804.8 0.0239577
11816.8 0.0238939
11828.8 0.0238301
11840.8 0.023754
11852.9 0.023669
11864.9 0.0235762
11876.9 0.0234759
11888.9 0.0233676
11900.9 0.0232642
11912.9 0.0231785
11924.9 0.0230976
11936.9 0.0230139
11948.9 0.0229258
11961 0.0228345
11973 0.0227405
11985 0.0226445
11997 0.022547
12009 0.0224503
12021 0.0223561
12033 0.0222693
12045 0.0221775
12057.1 0.0220833
12069.1 0.0219882
12081.1 0.0218933
12093.1 0.0218003
12105.1 0.0217146
12117.1 0.0215829
12129.1 0.0214425
12141.1 0.0212992
12153.2 0.0211519
12165.2 0.0210025
12177.2 0.0208518
12189.2 0.0207008
12201.2 0.0205509
12213.2 0.020401
12225.2 0.0202303
12237.2 0.0200634
12249.2 0.0198908
12261.3 0.0197134
12273.3 0.0195328
12285.3 0.0193496
12297.3 0.019164
12309.3 0.0189757
12321.3 0.0187932
12333.3 0.0186309
12345.3 0.0184764
12357.4 0.018318
12369.4 0.0181584
12381.4 0.0179982
12393.4 0.017838
12405.4 0.0176782
12417.4 0.0175198
12429.4 0.0173581
12441.4 0.0171967
12453.5 0.017034
12465.5 0.0168666
12477.5 0.0166967
12489.5 0.0165248
12501.5 0.016351
12513.5 0.0161753
12525.5 0.0159963
12537.5 0.015834
12549.5 0.0156811
12561.6 0.0155244
12573.6 0.0153646
12585.6 0.015202
12597.6 0.015036
12609.6 0.0148654
12621.6 0.014687
12633.6 0.0145037
12645.6 0.014443
12657.7 0.0144034
12669.7 0.0143724
12681.7 0.0143493
12693.7 0.0143334
12705.7 0.0143252
12717.7 0.0143253
12729.7 0.0143369
12741.7 0.0143393
12753.8 0.0142919
12765.8 0.0142375
12777.8 0.0141769
12789.8 0.0141138
12801.8 0.0140496
12813.8 0.0139853
12825.8 0.0139218
12837.8 0.0138608
12849.8 0.0137842
12861.9 0.0136877
12873.9 0.0135906
12885.9 0.0134938
12897.9 0.013398
12909.9 0.0133043
12921.9 0.0132144
12933.9 0.0131317
12945.9 0.0130687
12958 0.0128532
12970 0.0125741
12982 0.0122778
12994 0.0119685
13006 0.0116477
13018 0.011316
13030 0.010973
13042 0.0106168
13054.1 0.0102471
13066.1 0.00995004
13078.1 0.00966597
13090.1 0.00938841
13102.1 0.00911293
13114.1 0.00883786
13126.1 0.00856219
13138.1 0.00828509
13150.2 0.0080054
13162.2 0.00773136
13174.2 0.00748296
13186.2 0.00723603
13198.2 0.00698918
13210.2 0.00674177
13222.2 0.00649335
13234.2 0.00624348
13246.2 0.00599168
13258.3 0.00573733
13270.3 0.00546852
13282.3 0.00518882
13294.3 0.0049164
13306.3 0.00464481
13318.3 0.00437258
13330.3 0.00409854
13342.3 0.00382119
13354.4 0.00353786
13366.4 0.00323959
13378.4 0.00311714
13390.4 0.00306563
13402.4 0.00302652
13414.4 0.00299576
13426.4 0.0029715
13438.4 0.00295264
13450.5 0.00293847
13462.5 0.00292856
13474.5 0.00292169
13486.5 0.00288122
13498.5 0.00284636
13510.5 0.002815
13522.5 0.0027868
13534.5 0.00276169
13546.5 0.00273981
13558.6 0.00272162
13570.6 0.00270851
13582.6 0.00266743
13594.6 0.00252632
13606.6 0.00238089
13618.6 0.0022333
13630.6 0.00208443
13642.6 0.00193475
13654.7 0.00178458
13666.7 0.00163422
13678.7 0.00148421
13690.7 0.00130641
13702.7 0.00110153
13714.7 0.000895348
13726.7 0.000688037
13738.7 0.0004796
13750.8 0.000269883
13762.8 5.85109e-05
13774.8 -0.00015539
13786.8 -0.000374803
13798.8 -0.000492189
13810.8 -0.000563288
13822.8 -0.000629089
13834.8 -0.000691461
13846.8 -0.000751235
13858.9 -0.000808894
13870.9 -0.000864758
13882.9 -0.000919051
13894.9 -0.000972099
13906.9 -0.00103964
13918.9 -0.00110603
13930.9 -0.00117137
13942.9 -0.00123568
13955 -0.00129896
13967 -0.00136117
13979 -0.00142215
13991 -0.0014814
14003 -0.00159557
14015 -0.00189446
14027 -0.0021962
14039 -0.00249899
14051.1 -0.0028022
14063.1 -0.0031055
14075.1 -0.00340866
14087.1 -0.00371153
14099.1 -0.00401393
14111.1 -0.00429235
14123.1 -0.00454435
14135.1 -0.00479574
14147.1 -0.0050466
14159.2 -0.00529698
14171.2 -0.00554693
14183.2 -0.00579661
14195.2 -0.00604633
14207.2 -0.00629763
14219.2 -0.00636129
14231.2 -0.00634916
14243.2 -0.0063345
14255.3 -0.00631819
14267.3 -0.00630064
14279.3 -0.00628217
14291.3 -0.00626298
14303.3 -0.00624328
14315.3 -0.0062232
14327.3 -0.0062295
14339.3 -0.00623663
14351.4 -0.00624356
14363.4 -0.0062504
14375.4 -0.00625727
14387.4 -0.00626435
14399.4 -0.00627188
14411.4 -0.00628046
14423.4 -0.00631521
14435.4 -0.00645448
14447.4 -0.0065924
14459.5 -0.00672937
14471.5 -0.00686556
14483.5 -0.00700107
14495.5 -0.00713596
14507.5 -0.00727038
14519.5 -0.0074048
14531.5 -0.00752597
14543.5 -0.00763325
14555.6 -0.00773972
14567.6 -0.00784546
14579.6 -0.00795052
14591.6 -0.00805492
14603.6 -0.00815869
14615.6 -0.00826179
14627.6 -0.00836408
14639.6 -0.00844276
14651.7 -0.00851079
14663.7 -0.00857893
14675.7 -0.00864715
14687.7 -0.00871553
14699.7 -0.00878423
14711.7 -0.00885353
14723.7 -0.00892408
14735.7 -0.0089962
14747.7 -0.00920731
14759.8 -0.00942661
14771.8 -0.00964323
14783.8 -0.00985763
14795.8 -0.01007
14807.8 -0.0102802
14819.8 -0.0104883
14831.8 -0.0106938
14843.8 -0.0108846
14855.9 -0.0110063
14867.9 -0.0111285
14879.9 -0.0112502
14891.9 -0.0113713
14903.9 -0.0114913
14915.9 -0.0116102
14927.9 -0.0117274
14939.9 -0.0118412
14952 -0.0118776
14964 -0.0118083
14976 -0.0117421
14988 -0.0116777
15000 -0.0116147
15012 -0.0115528
15024 -0.011492
15036 -0.0114321
15048 -0.011374
15060.1 -0.0113318
15072.1 -0.0112982
15084.1 -0.0112649
15096.1 -0.0112323
15108.1 -0.0112005
15120.1 -0.0111695
15132.1 -0.0111398
15144.1 -0.0111117
15156.2 -0.011085
15168.2 -0.0111577
15180.2 -0.011242
15192.2 -0.0113243
15204.2 -0.0114053
15216.2 -0.0114852
15228.2 -0.0115642
15240.2 -0.0116423
15252.3 -0.0117192
15264.3 -0.0117925
15276.3 -0.0118506
15288.3 -0.0119085
15300.3 -0.0119659
15312.3 -0.0120229
15324.3 -0.0120793
15336.3 -0.012135
15348.3 -0.0121902
15360.4 -0.0122433
15372.4 -0.0122751
15384.4 -0.0122717
15396.4 -0.0122693
15408.4 -0.0122675
15420.4 -0.0122662
15432.4 -0.0122652
15444.4 -0.0122648
15456.5 -0.0122649
15468.5 -0.0122646
15480.5 -0.012306
15492.5 -0.0123747
15504.5 -0.0124416
15516.5 -0.0125073
15528.5 -0.0125718
15540.5 -0.0126354
15552.6 -0.0126979
15564.6 -0.0127599
15576.6 -0.0128214
15588.6 -0.0128522
15600.6 -0.0128769
15612.6 -0.0129017
15624.6 -0.0129265
15636.6 -0.0129512
15648.6 -0.0129758
15660.7 -0.0130004
15672.7 -0.0130234
15684.7 -0.0130491
15696.7 -0.0131285
15708.7 -0.0132056
15720.7 -0.0132814
15732.7 -0.0133559
15744.7 -0.0134293
15756.8 -0.0135016
15768.8 -0.013573
15780.8 -0.0136441
15792.8 -0.0137124
15804.8 -0.013775
15816.8 -0.0138369
15828.8 -0.013898
15840.8 -0.0139584
15852.9 -0.014018
15864.9 -0.0140769
15876.9 -0.0141333
15888.9 -0.0141868
15900.9 -0.0142483
15912.9 -0.0143165
15924.9 -0.0143835
15936.9 -0.0144494
15948.9 -0.0145142
15961 -0.0145781
15973 -0.0146408
15985 -0.014703
15997 -0.014764
16009 -0.0148035
16021 -0.0148358
16033 -0.0148674
16045 -0.0148984
16057.1 -0.0149285
16069.1 -0.0149579
16081.1 -0.0149862
16093.1 -0.0150126
16105.1 -0.0150382
16117.1 -0.0150543
16129.1 -0.0150696
16141.1 -0.0150841
16153.2 -0.0150979
16165.2 -0.015111
16177.2 -0.0151234
16189.2 -0.0151357
16201.2 -0.015148
16213.2 -0.0151401
16225.2 -0.015063
16237.2 -0.014985
16249.2 -0.0149061
16261.3 -0.0148261
16273.3 -0.0147451
16285.3 -0.0146628
16297.3 -0.0145796
16309.3 -0.0144944
16321.3 -0.014462
16333.3 -0.0144963
16345.3 -0.0145301
16357.4 -0.0145629
16369.4 -0.0145947
16381.4 -0.0146253
16393.4 -0.0146547
16405.4 -0.014683
16417.4 -0.0147087
16429.4 -0.0147982
16441.4 -0.0149195
16453.5 -0.0150412
16465.5 -0.015163
16477.5 -0.0152849
16489.5 -0.0154072
16501.5 -0.0155323
16513.5 -0.0156597
16525.5 -0.0157903
16537.5 -0.0158309
16549.5 -0.015861
16561.6 -0.0158899
16573.6 -0.0159181
16585.6 -0.0159458
16597.6 -0.0159734
16609.6 -0.0160018
16621.6 -0.016031
16633.6 -0.0160525
16645.6 -0.0160147
16657.7 -0.0159741
16669.7 -0.0159318
16681.7 -0.0158884
16693.7 -0.015844
16705.7 -0.0158007
16717.7 -0.0157591
16729.7 -0.0157161
16741.7 -0.0156759
16753.8 -0.0156426
16765.8 -0.0156089
16777.8 -0.0155746
16789.8 -0.0155397
16801.8 -0.0155043
16813.8 -0.0154681
16825.8 -0.0154316
16837.8 -0.0153954
16849.8 -0.0153454
16861.9 -0.0152842
16873.9 -0.0152211
16885.9 -0.0151564
16897.9 -0.0150901
16909.9 -0.0150225
16921.9 -0.0149573
16933.9 -0.0148882
16945.9 -0.0148119
16958 -0.0148015
16970 -0.0148092
16982 -0.0148193
16994 -0.0148309
17006 -0.0148436
17018 -0.014857
17030 -0.0148711
17042 -0.0148854
17054.1 -0.0149006
17066.1 -0.0149402
17078.1 -0.0149836
17090.1 -0.01503
17102.1 -0.0150795
17114.1 -0.0151328
17126.1 -0.0151947
17138.1 -0.0152628
17150.2 -0.0153395
17162.2 -0.0153919
17174.2 -0.0153438
17186.2 -0.0152868
17198.2 -0.0152256
17210.2 -0.0151617
17222.2 -0.0150964
17234.2 -0.015031
17246.2 -0.014966
17258.3 -0.0149044
17270.3 -0.0148097
17282.3 -0.0146707
17294.3 -0.0145241
17306.3 -0.0143716
17318.3 -0.0142138
17330.3 -0.0140514
17342.3 -0.0138834
17354.4 -0.0137077
17366.4 -0.0135195
17378.4 -0.0133843
17390.4 -0.0132743
17402.4 -0.013166
17414.4 -0.0130575
17426.4 -0.0129477
17438.4 -0.0128368
17450.5 -0.0127221
17462.5 -0.012601
17474.5 -0.0124678
17486.5 -0.0124171
17498.5 -0.0123782
17510.5 -0.0123439
17522.5 -0.0123125
17534.5 -0.0122831
17546.5 -0.0122554
17558.6 -0.0122285
17570.6 -0.0122019
17582.6 -0.0121768
17594.6 -0.0121605
17606.6 -0.0121459
17618.6 -0.0121323
17630.6 -0.0121196
17642.6 -0.0121089
17654.7 -0.0120991
17666.7 -0.012088
17678.7 -0.0120736
17690.7 -0.0120741
17702.7 -0.0121075
17714.7 -0.0121478
17726.7 -0.0121932
17738.7 -0.0122433
17750.8 -0.0122966
17762.8 -0.0123556
17774.8 -0.0124222
17786.8 -0.0125023
17798.8 -0.0125387
17810.8 -0.0125384
17822.8 -0.0125323
17834.8 -0.0125232
17846.8 -0.0125125
17858.9 -0.0125015
17870.9 -0.0124892
17882.9 -0.012476
17894.9 -0.0124621
17906.9 -0.0124475
17918.9 -0.0124325
17930.9 -0.012417
17942.9 -0.0124009
17955 -0.0123828
17967 -0.0123636
17979 -0.0123445
17991 -0.0123253
18003 -0.0123061
18015 -0.012287
18027 -0.0122678
18039 -0.0122486
18051.1 -0.0122295
18063.1 -0.0122106
18075.1 -0.0121918
18087.1 -0.0121728
18099.1 -0.0121539
18111.1 -0.0121349
18123.1 -0.0121158
18135.1 -0.0120966
18147.1 -0.0120771
18159.2 -0.0120562
18171.2 -0.0120329
18183.2 -0.0120101
18195.2 -0.0119876
18207.2 -0.0119652
18219.2 -0.011943
18231.2 -0.0119208
18243.2 -0.0118988
18255.3 -0.0118768
18267.3 -0.0118544
18279.3 -0.011832
18291.3 -0.0118097
18303.3 -0.0117874
18315.3 -0.0117652
18327.3 -0.0117429
18339.3 -0.0117207
18351.4 -0.0116983
18363.4 -0.0116755
18375.4 -0.01165
18387.4 -0.0116249
18399.4 -0.0116001
18411.4 -0.0115754
18423.4 -0.0115509
18435.4 -0.0115264
18447.4 -0.0115019
18459.5 -0.0114774
18471.5 -0.0114521
18483.5 -0.0114259
18495.5 -0.0114
18507.5 -0.0113743
18519.5 -0.0113487
18531.5 -0.0113232
18543.5 -0.0112978
18555.6 -0.0112724
18567.6 -0.0112471
18579.6 -0.0112213
18591.6 -0.0111955
18603.6 -0.0111697
18615.6 -0.0111441
18627.6 -0.0111184
18639.6 -0.0110927
18651.7 -0.011067
18663.7 -0.0110412
18675.7 -0.0110152
18687.7 -0.0109878
18699.7 -0.0109606
18711.7 -0.0109336
18723.7 -0.0109067
18735.7 -0.0108797
18747.7 -0.0108528
18759.8 -0.0108258
18771.8 -0.0107987
18783.8 -0.0107712
18795.8 -0.0107432
18807.8 -0.0107153
18819.8 -0.0106875
18831.8 -0.0106596
18843.8 -0.0106316
18855.9 -0.0106034
18867.9 -0.0105751
18879.9 -0.0105463
18891.9 -0.0105151
18903.9 -0.0104839
18915.9 -0.010453
18927.9 -0.0104224
18939.9 -0.0103918
18952 -0.0103614
18964 -0.010331
18976 -0.0103006
18988 -0.0102703
19000 -0.0102398
