7000 -0.00196601
7012.01 -0.00197705
7024.02 -0.00198621
7036.04 -0.00199334
7048.05 -0.00199854
7060.06 -0.00200189
7072.07 -0.0020033
7084.08 -0.00200274
7096.1 -0.00200018
7108.11 -0.00199561
7120.12 -0.001989
7132.13 -0.00198031
7144.14 -0.00196929
7156.16 -0.00195669
7168.17 -0.00194243
7180.18 -0.00192647
7192.19 -0.00190883
7204.2 -0.00188955
7216.22 -0.00186864
7228.23 -0.00184611
7240.24 -0.00182187
7252.25 -0.00179592
7264.26 -0.00176923
7276.28 -0.00174152
7288.29 -0.00171276
7300.3 -0.00168298
7312.31 -0.00165219
7324.32 -0.00162037
7336.34 -0.00158744
7348.35 -0.00155272
7360.36 -0.00151806
7372.37 -0.00148362
7384.38 -0.00144907
7396.4 -0.00141435
7408.41 -0.00137948
7420.42 -0.0013445
7432.43 -0.00130949
7444.44 -0.00127466
7456.46 -0.00124048
7468.47 -0.00120492
7480.48 -0.00116867
7492.49 -0.00113194
7504.5 -0.00109482
7516.52 -0.00105738
7528.53 -0.00101968
7540.54 -0.000981815
7552.55 -0.00094397
7564.56 -0.000906179
7576.58 -0.000868457
7588.59 -0.000817239
7600.6 -0.000759919
7612.61 -0.000701141
7624.62 -0.000641109
7636.64 -0.000579885
7648.65 -0.000517481
7660.66 -0.000453995
7672.67 -0.000388493
7684.68 -0.000320644
7696.7 -0.000270512
7708.71 -0.000220828
7720.72 -0.000170665
7732.73 -0.000119756
7744.74 -6.78977e-05
7756.76 -1.47884e-05
7768.77 3.97668e-05
7780.78 9.30347e-05
7792.79 0.000148636
7804.8 0.0002141
7816.82 0.000281145
7828.83 0.000349576
7840.84 0.000419395
7852.85 0.000490645
7864.86 0.000563331
7876.88 0.000638182
7888.89 0.000716317
7900.9 0.000780622
7912.91 0.000824475
7924.92 0.000867744
7936.94 0.0009111
7948.95 0.000954789
7960.96 0.000998953
7972.97 0.00104385
7984.98 0.00108743
7997 0.0011295
8009.01 0.00119587
8021.02 0.00127535
8033.03 0.00135689
8045.05 0.00144001
8057.06 0.0015245
8069.07 0.00161027
8081.08 0.0016973
8093.09 0.0017856
8105.11 0.00187707
8117.12 0.00192699
8129.13 0.00197221
8141.14 0.00201518
8153.15 0.00205601
8165.17 0.00209438
8177.18 0.00212948
8189.19 0.00216288
8201.2 0.00219318
8213.21 0.00223452
8225.23 0.00235671
8237.24 0.00248296
8249.25 0.00261035
8261.26 0.00273789
8273.27 0.002865
8285.29 0.00299148
8297.3 0.00311868
8309.31 0.00324708
8321.32 0.0033366
8333.33 0.00336121
8345.35 0.00337776
8357.36 0.00338782
8369.37 0.00339185
8381.38 0.00339
8393.39 0.00338248
8405.41 0.00336929
8417.42 0.00334946
8429.43 0.00334804
8441.44 0.00335664
8453.45 0.00336195
8465.47 0.00336364
8477.48 0.00336167
8489.49 0.00335606
8501.5 0.0033473
8513.51 0.00333533
8525.53 0.00332028
8537.54 0.00330234
8549.55 0.00328173
8561.56 0.00325865
8573.57 0.00323332
8585.59 0.00320596
8597.6 0.00317698
8609.61 0.00314739
8621.62 0.00311657
8633.63 0.00308467
8645.65 0.00305188
8657.66 0.00301838
8669.67 0.00298435
8681.68 0.00294995
8693.69 0.00291536
8705.71 0.00288061
8717.72 0.00284583
8729.73 0.00281124
8741.74 0.00277696
8753.75 0.00274309
8765.77 0.00270973
8777.78 0.00267696
8789.79 0.00264485
8801.8 0.00261344
8813.81 0.00258313
8825.83 0.00255372
8837.84 0.00252523
8849.85 0.00249769
8861.86 0.00247113
8873.87 0.00244557
8885.89 0.00242106
8897.9 0.00239761
8909.91 0.00237515
8921.92 0.00235333
8933.93 0.00233252
8945.95 0.00231274
8957.96 0.00229399
8969.97 0.00227628
8981.98 0.0022596
8993.99 0.00224393
9006.01 0.00222924
9018.02 0.00221577
9030.03 0.00220356
9042.04 0.00219239
9054.05 0.00218225
9066.07 0.00217312
9078.08 0.00216499
9090.09 0.00215785
9102.1 0.0021517
9114.11 0.00214662
9126.13 0.0021419
9138.14 0.00213797
9150.15 0.00213489
9162.16 0.00213265
9174.17 0.00213126
9186.19 0.0021307
9198.2 0.00213098
9210.21 0.00213212
9222.22 0.00213401
9234.23 0.00213614
9246.25 0.00213893
9258.26 0.0021424
9270.27 0.00214658
9282.28 0.00215144
9294.29 0.00215699
9306.31 0.00216323
9318.32 0.0021702
9330.33 0.00217762
9342.34 0.00218545
9354.35 0.00219387
9366.37 0.00220288
9378.38 0.0022125
9390.39 0.00222274
9402.4 0.00223361
9414.41 0.00224515
9426.43 0.00225753
9438.44 0.00226913
9450.45 0.00228096
9462.46 0.00229316
9474.47 0.00230579
9486.49 0.00231886
9498.5 0.00233237
9510.51 0.00234635
9522.52 0.0023608
9534.53 0.00237568
9546.55 0.0023908
9558.56 0.00240635
9570.57 0.00242234
9582.58 0.00243881
9594.59 0.00245578
9606.61 0.00247329
9618.62 0.00249143
9630.63 0.00251047
9642.64 0.00252826
9654.65 0.0025446
9666.67 0.00256093
9678.68 0.00257737
9690.69 0.00259398
9702.7 0.00261079
9714.71 0.00262784
9726.73 0.00264512
9738.74 0.00266266
9750.75 0.00268046
9762.76 0.00269855
9774.77 0.00271693
9786.79 0.00273562
9798.8 0.00275465
9810.81 0.00277405
9822.82 0.00279388
9834.83 0.00281429
9846.85 0.00283465
9858.86 0.00285305
9870.87 0.0028713
9882.88 0.00288957
9894.89 0.0029079
9906.91 0.00292632
9918.92 0.00294484
9930.93 0.00296343
9942.94 0.00298201
9954.95 0.00300143
9966.97 0.00302169
9978.98 0.00304231
9990.99 0.00306329
10003 0.00308462
10015 0.00310631
10027 0.00312842
10039 0.00315108
10051.1 0.00317454
10063.1 0.00319527
10075.1 0.00321552
10087.1 0.0032356
10099.1 0.00325554
10111.1 0.00327535
10123.1 0.00329496
10135.1 0.00331422
10147.1 0.00333274
10159.2 0.00335194
10171.2 0.00337614
10183.2 0.00340145
10195.2 0.00342748
10207.2 0.00345408
10219.2 0.00348112
10231.2 0.00350851
10243.2 0.00353611
10255.3 0.00356352
10267.3 0.00359291
10279.3 0.00362429
10291.3 0.00365644
10303.3 0.00368916
10315.3 0.00372227
10327.3 0.00375559
10339.3 0.00378877
10351.4 0.00382111
10363.4 0.00385093
10375.4 0.00389411
10387.4 0.00394165
10399.4 0.00399199
10411.4 0.00404472
10423.4 0.00409965
10435.4 0.00415665
10447.4 0.00421562
10459.5 0.00427633
10471.5 0.00433937
10483.5 0.00440686
10495.5 0.00447717
10507.5 0.00455016
10519.5 0.00462576
10531.5 0.00470392
10543.5 0.00478454
10555.6 0.00486735
10567.6 0.00495115
10579.6 0.00504297
10591.6 0.00514323
10603.6 0.00524881
10615.6 0.00535947
10627.6 0.00547526
10639.6 0.00559632
10651.7 0.00572293
10663.7 0.00585557
10675.7 0.00599503
10687.7 0.00613429
10699.7 0.0062776
10711.7 0.00642586
10723.7 0.00657949
10735.7 0.00673882
10747.7 0.00690419
10759.8 0.00707598
10771.8 0.00725487
10783.8 0.00743936
10795.8 0.00762612
10807.8 0.00781865
10819.8 0.00801756
10831.8 0.00822327
10843.8 0.00843621
10855.9 0.0086569
10867.9 0.0088862
10879.9 0.00912697
10891.9 0.00935788
10903.9 0.00958573
10915.9 0.00981713
10927.9 0.010053
10939.9 0.0102939
10952 0.0105401
10964 0.0107919
10976 0.0110498
10988 0.0113128
11000 0.0115698
11012 0.0118297
11024 0.0120932
11036 0.0123606
11048 0.0126321
11060.1 0.0129074
11072.1 0.0131868
11084.1 0.0134706
11096.1 0.0137494
11108.1 0.0140211
11120.1 0.0142935
11132.1 0.0145671
11144.1 0.0148417
11156.2 0.0151172
11168.2 0.0153933
11180.2 0.0156698
11192.2 0.0159464
11204.2 0.0162167
11216.2 0.0164854
11228.2 0.0167528
11240.2 0.0170186
11252.3 0.0172825
11264.3 0.0175442
11276.3 0.0178034
11288.3 0.0180597
11300.3 0.0183099
11312.3 0.0185507
11324.3 0.0187888
11336.3 0.0190247
11348.3 0.0192598
11360.4 0.019498
11372.4 0.0197085
11384.4 0.0197882
11396.4 0.0198445
11408.4 0.0198847
11420.4 0.0199094
11432.4 0.0199186
11444.4 0.0199121
11456.5 0.0198887
11468.5 0.0198449
11480.5 0.0198246
11492.5 0.0198506
11504.5 0.0198724
11516.5 0.01989
11528.5 0.0198969
11540.5 0.0198928
11552.6 0.0198767
11564.6 0.0198471
11576.6 0.0197992
11588.6 0.0197982
11600.6 0.0198215
11612.6 0.0198492
11624.6 0.0198753
11636.6 0.0198929
11648.6 0.0199024
11660.7 0.0199041
11672.7 0.0198976
11684.7 0.0198822
11696.7 0.0198757
11708.7 0.0198663
11720.7 0.0198584
11732.7 0.0198438
11744.7 0.019823
11756.8 0.0197965
11768.8 0.0197654
11780.8 0.0197306
11792.8 0.0196899
11804.8 0.0196251
11816.8 0.019557
11828.8 0.0194899
11840.8 0.0194136
11852.9 0.0193304
11864.9 0.0192412
11876.9 0.019146
11888.9 0.019044
11900.9 0.0189498
11912.9 0.0188776
11924.9 0.0188108
11936.9 0.0187439
11948.9 0.0186754
11961 0.0186062
11973 0.0185368
11985 0.0184683
11997 0.0184024
12009 0.0183235
12021 0.0182353
12033 0.0181519
12045 0.018065
12057.1 0.0179766
12069.1 0.017888
12081.1 0.0178003
12093.1 0.0177152
12105.1 0.0176384
12117.1 0.0175145
12129.1 0.0173815
12141.1 0.0172461
12153.2 0.0171076
12165.2 0.0169676
12177.2 0.016827
12189.2 0.0166866
12201.2 0.0165478
12213.2 0.0164091
12225.2 0.0162457
12237.2 0.016084
12249.2 0.0159177
12261.3 0.0157475
12273.3 0.0155744
12285.3 0.0153989
12297.3 0.0152211
12309.3 0.0150403
12321.3 0.0148657
12333.3 0.0147127
12345.3 0.0145665
12357.4 0.0144177
12369.4 0.0142679
12381.4 0.0141175
12393.4 0.0139663
12405.4 0.0138139
12417.4 0.0136586
12429.4 0.0135241
12441.4 0.0134144
12453.5 0.0133093
12465.5 0.0132049
12477.5 0.0131021
12489.5 0.0130013
12501.5 0.0129029
12513.5 0.0128076
12525.5 0.0127179
12537.5 0.0126088
12549.5 0.0124979
12561.6 0.0123835
12573.6 0.0122671
12585.6 0.0121497
12597.6 0.0120317
12609.6 0.0119131
12621.6 0.0117941
12633.6 0.0116751
12645.6 0.0115698
12657.7 0.0114684
12669.7 0.0113671
12681.7 0.0112669
12693.7 0.0111682
12705.7 0.0110715
12717.7 0.0109778
12729.7 0.0108893
12741.7 0.0107913
12753.8 0.0106546
12765.8 0.0105097
12777.8 0.010357
12789.8 0.0101989
12801.8 0.0100359
12813.8 0.00986801
12825.8 0.00969447
12837.8 0.00951222
12849.8 0.00936068
12861.9 0.00924648
12873.9 0.00913835
12885.9 0.00903374
12897.9 0.00893171
12909.9 0.00883197
12921.9 0.00873461
12933.9 0.00864033
12945.9 0.0085524
12958 0.00842286
12970 0.0082763
12982 0.0081254
12994 0.00797125
13006 0.00781417
13018 0.00765419
13030 0.007491
13042 0.00732375
13054.1 0.00715189
13066.1 0.00700112
13078.1 0.00685754
13090.1 0.00671894
13102.1 0.00658294
13114.1 0.0064488
13126.1 0.00631623
13138.1 0.00618521
13150.2 0.00605624
13162.2 0.00592197
13174.2 0.00576517
13186.2 0.00560568
13198.2 0.00544453
13210.2 0.005282
13222.2 0.00511813
13234.2 0.00495289
13246.2 0.00478611
13258.3 0.0046175
13270.3 0.00443905
13282.3 0.00425299
13294.3 0.00407207
13306.3 0.0038921
13318.3 0.00371222
13330.3 0.00353185
13342.3 0.00335036
13354.4 0.00316663
13366.4 0.00297712
13378.4 0.00285633
13390.4 0.00276339
13402.4 0.00267535
13414.4 0.00259054
13426.4 0.00250818
13438.4 0.00242774
13450.5 0.0023488
13462.5 0.0022709
13474.5 0.00219326
13486.5 0.00211848
13498.5 0.00204907
13510.5 0.00198236
13522.5 0.00191775
13534.5 0.00185497
13546.5 0.0017939
13558.6 0.00173452
13570.6 0.00167702
13582.6 0.00161315
13594.6 0.00152612
13606.6 0.00143935
13618.6 0.00135289
13630.6 0.00126682
13642.6 0.00118118
13654.7 0.00109595
13666.7 0.00101112
13678.7 0.000926613
13690.7 0.000836701
13702.7 0.000743566
13714.7 0.000651267
13726.7 0.000559563
13738.7 0.000468355
13750.8 0.000377561
13762.8 0.000287086
13774.8 0.000196783
13786.8 0.000106314
13798.8 6.97284e-06
13810.8 -9.2012e-05
13822.8 -0.000189775
13834.8 -0.000286609
13846.8 -0.000382642
13858.9 -0.000477949
13870.9 -0.000572585
13882.9 -0.000666588
13894.9 -0.000760099
13906.9 -0.000863251
13918.9 -0.000965867
13930.9 -0.001068
13942.9 -0.00116967
13955 -0.00127093
13967 -0.00137182
13979 -0.00147244
13991 -0.00157301
14003 -0.0016779
14015 -0.0017921
14027 -0.00190503
14039 -0.002017
14051.1 -0.00212811
14063.1 -0.00223842
14075.1 -0.00234797
14087.1 -0.00245677
14099.1 -0.0025648
14111.1 -0.00266106
14123.1 -0.00274464
14135.1 -0.00282766
14147.1 -0.00291015
14159.2 -0.00299217
14171.2 -0.00307378
14183.2 -0.00315506
14195.2 -0.00323618
14207.2 -0.00331785
14219.2 -0.00336928
14231.2 -0.00340809
14243.2 -0.00344584
14255.3 -0.00348277
14267.3 -0.00351902
14279.3 -0.00355468
14291.3 -0.00358982
14303.3 -0.00362451
14315.3 -0.0036588
14327.3 -0.00370258
14339.3 -0.00374634
14351.4 -0.00378972
14363.4 -0.00383274
14375.4 -0.00387546
14387.4 -0.00391793
14399.4 -0.00396025
14411.4 -0.00400267
14423.4 -0.00404463
14435.4 -0.00408623
14447.4 -0.00412717
14459.5 -0.00416761
14471.5 -0.00420764
14483.5 -0.00424734
14495.5 -0.00428679
14507.5 -0.00432609
14519.5 -0.00436566
14531.5 -0.0044083
14543.5 -0.00445601
14555.6 -0.0045031
14567.6 -0.0045497
14579.6 -0.00459588
14591.6 -0.00464169
14603.6 -0.0046872
14615.6 -0.00473248
14627.6 -0.00477772
14639.6 -0.00484271
14651.7 -0.0049163
14663.7 -0.0049892
14675.7 -0.00506151
14687.7 -0.00513328
14699.7 -0.00520455
14711.7 -0.00527537
14723.7 -0.00534586
14735.7 -0.00541513
14747.7 -0.00547773
14759.8 -0.00553924
14771.8 -0.00560015
14783.8 -0.00566045
14795.8 -0.00572015
14807.8 -0.0057792
14819.8 -0.00583754
14831.8 -0.00589495
14843.8 -0.0059475
14855.9 -0.00597556
14867.9 -0.00600395
14879.9 -0.00603236
14891.9 -0.0060607
14903.9 -0.00608893
14915.9 -0.00611704
14927.9 -0.00614508
14939.9 -0.00617251
14952 -0.00619077
14964 -0.0061981
14976 -0.00620548
14988 -0.00621283
15000 -0.0062201
15012 -0.0062273
15024 -0.00623442
15036 -0.00624143
15048 -0.00624864
15060.1 -0.00625671
15072.1 -0.00626513
15084.1 -0.00627353
15096.1 -0.00628194
15108.1 -0.00629036
15120.1 -0.00629882
15132.1 -0.0063074
15144.1 -0.0063162
15156.2 -0.00632415
15168.2 -0.00634141
15180.2 -0.00635963
15192.2 -0.00637755
15204.2 -0.00639528
15216.2 -0.00641284
15228.2 -0.00643031
15240.2 -0.00644776
15252.3 -0.00646504
15264.3 -0.00648326
15276.3 -0.00651295
15288.3 -0.00654201
15300.3 -0.00657067
15312.3 -0.00659901
15324.3 -0.00662708
15336.3 -0.00665494
15348.3 -0.00668268
15360.4 -0.00670982
15372.4 -0.00674032
15384.4 -0.00677723
15396.4 -0.00681356
15408.4 -0.00684945
15420.4 -0.00688495
15432.4 -0.00692011
15444.4 -0.00695499
15456.5 -0.00698961
15468.5 -0.00702304
15480.5 -0.00706236
15492.5 -0.00710541
15504.5 -0.00714776
15516.5 -0.0071895
15528.5 -0.00723063
15540.5 -0.00727114
15552.6 -0.00731096
15564.6 -0.00735033
15576.6 -0.00738916
15588.6 -0.00739609
15600.6 -0.00739694
15612.6 -0.00739813
15624.6 -0.00739947
15636.6 -0.00740089
15648.6 -0.00740236
15660.7 -0.00740393
15672.7 -0.00740436
15684.7 -0.00740424
15696.7 -0.00740375
15708.7 -0.00740311
15720.7 -0.00740231
15732.7 -0.00740136
15744.7 -0.00740026
15756.8 -0.00739902
15768.8 -0.00739769
15780.8 -0.00739672
15792.8 -0.00740064
15804.8 -0.00741606
15816.8 -0.00743099
15828.8 -0.00744558
15840.8 -0.00745986
15852.9 -0.00747391
15864.9 -0.00748783
15876.9 -0.00750062
15888.9 -0.00751194
15900.9 -0.00753791
15912.9 -0.00757636
15924.9 -0.007614
15936.9 -0.00765095
15948.9 -0.00768729
15961 -0.00772305
15973 -0.00775824
15985 -0.00779311
15997 -0.00782749
16009 -0.00785527
16021 -0.00788073
16033 -0.00790581
16045 -0.00793051
16057.1 -0.00795482
16069.1 -0.00797876
16081.1 -0.0080022
16093.1 -0.0080245
16105.1 -0.00804637
16117.1 -0.00809139
16129.1 -0.00813615
16141.1 -0.00818036
16153.2 -0.00822407
16165.2 -0.0082673
16177.2 -0.00831007
16189.2 -0.00835278
16201.2 -0.0083955
16213.2 -0.00843383
16225.2 -0.00845751
16237.2 -0.00848083
16249.2 -0.00850383
16261.3 -0.0085265
16273.3 -0.00854885
16285.3 -0.00857089
16297.3 -0.00859309
16309.3 -0.00861515
16321.3 -0.00863019
16333.3 -0.00863647
16345.3 -0.00864233
16357.4 -0.00864783
16369.4 -0.00865294
16381.4 -0.00865767
16393.4 -0.00866208
16405.4 -0.00866633
16417.4 -0.00867005
16429.4 -0.00868242
16441.4 -0.00869901
16453.5 -0.0087154
16465.5 -0.00873155
16477.5 -0.00874745
16489.5 -0.00876305
16501.5 -0.00877965
16513.5 -0.00879693
16525.5 -0.00881417
16537.5 -0.00882628
16549.5 -0.00883758
16561.6 -0.00884855
16573.6 -0.00885919
16585.6 -0.0088695
16597.6 -0.00887946
16609.6 -0.00888938
16621.6 -0.00889886
16633.6 -0.00890918
16645.6 -0.00892805
16657.7 -0.00894706
16669.7 -0.00896604
16681.7 -0.00898493
16693.7 -0.00900371
16705.7 -0.00902336
16717.7 -0.00904512
16729.7 -0.00906676
16741.7 -0.00909058
16753.8 -0.00911872
16765.8 -0.00914724
16777.8 -0.00917607
16789.8 -0.00920526
16801.8 -0.00923488
16813.8 -0.00926487
16825.8 -0.00929555
16837.8 -0.00932766
16849.8 -0.00934574
16861.9 -0.00935257
16873.9 -0.00935878
16885.9 -0.0093648
16897.9 -0.00937086
16909.9 -0.00937728
16921.9 -0.00938756
16933.9 -0.0093986
16945.9 -0.00941161
16958 -0.00940173
16970 -0.0093853
16982 -0.00936776
16994 -0.00934948
17006 -0.00933064
17018 -0.0093114
17030 -0.00929189
17042 -0.00927211
17054.1 -0.00925204
17066.1 -0.00922916
17078.1 -0.00920579
17090.1 -0.0091821
17102.1 -0.00915816
17114.1 -0.0091341
17126.1 -0.00911246
17138.1 -0.00909146
17150.2 -0.00907052
17162.2 -0.00904735
17174.2 -0.00901659
17186.2 -0.00898468
17198.2 -0.00895195
17210.2 -0.00891849
17222.2 -0.00888441
17234.2 -0.00885002
17246.2 -0.00881496
17258.3 -0.00877929
17270.3 -0.00874239
17282.3 -0.00870407
17294.3 -0.00866488
17306.3 -0.00862477
17318.3 -0.0085837
17330.3 -0.00854197
17342.3 -0.00849937
17354.4 -0.00845496
17366.4 -0.00840737
17378.4 -0.0083752
17390.4 -0.00835055
17402.4 -0.00832682
17414.4 -0.00830348
17426.4 -0.00828031
17438.4 -0.00825805
17450.5 -0.00823583
17462.5 -0.00821326
17474.5 -0.00819006
17486.5 -0.0081711
17498.5 -0.00815275
17510.5 -0.00813469
17522.5 -0.0081169
17534.5 -0.00809954
17546.5 -0.00808307
17558.6 -0.00806763
17570.6 -0.00805452
17582.6 -0.00803742
17594.6 -0.0079828
17606.6 -0.00792125
17618.6 -0.00785464
17630.6 -0.00778314
17642.6 -0.00770723
17654.7 -0.00762558
17666.7 -0.00753464
17678.7 -0.00742738
17690.7 -0.00736333
17702.7 -0.00740149
17714.7 -0.00745569
17726.7 -0.00752013
17738.7 -0.007593
17750.8 -0.00767262
17762.8 -0.00776025
17774.8 -0.00785794
17786.8 -0.00797251
17798.8 -0.00803473
17810.8 -0.00805294
17822.8 -0.0080645
17834.8 -0.00807251
17846.8 -0.00807845
17858.9 -0.00808368
17870.9 -0.00808773
17882.9 -0.00809087
17894.9 -0.00809331
17906.9 -0.00809517
17918.9 -0.00809657
17930.9 -0.00809756
17942.9 -0.0080982
17955 -0.00809754
17967 -0.00809581
17979 -0.00809392
17991 -0.0080919
18003 -0.00808974
18015 -0.00808748
18027 -0.00808513
18039 -0.00808269
18051.1 -0.00808018
18063.1 -0.0080778
18075.1 -0.00807537
18087.1 -0.00807288
18099.1 -0.00807033
18111.1 -0.00806772
18123.1 -0.00806505
18135.1 -0.0080623
18147.1 -0.00805944
18159.2 -0.00805587
18171.2 -0.00805036
18183.2 -0.00804494
18195.2 -0.00803955
18207.2 -0.00803417
18219.2 -0.00802879
18231.2 -0.00802341
18243.2 -0.00801802
18255.3 -0.0080126
18267.3 -0.00800692
18279.3 -0.00800107
18291.3 -0.00799522
18303.3 -0.00798935
18315.3 -0.00798345
18327.3 -0.00797752
18339.3 -0.00797153
18351.4 -0.00796546
18363.4 -0.00795921
18375.4 -0.00795109
18387.4 -0.00794294
18399.4 -0.00793483
18411.4 -0.00792674
18423.4 -0.00791864
18435.4 -0.00791052
18447.4 -0.00790236
18459.5 -0.00789413
18471.5 -0.00788542
18483.5 -0.00787586
18495.5 -0.00786637
18507.5 -0.00785689
18519.5 -0.00784742
18531.5 -0.00783793
18543.5 -0.00782842
18555.6 -0.00781887
18567.6 -0.00780927
18579.6 -0.00779934
18591.6 -0.00778927
18603.6 -0.00777918
18615.6 -0.00776905
18627.6 -0.00775888
18639.6 -0.00774864
18651.7 -0.00773833
18663.7 -0.00772791
18675.7 -0.00771732
18687.7 -0.00770572
18699.7 -0.00769416
18711.7 -0.00768258
18723.7 -0.00767096
18735.7 -0.00765929
18747.7 -0.00764755
18759.8 -0.00763573
18771.8 -0.0076238
18783.8 -0.00761153
18795.8 -0.00759885
18807.8 -0.00758615
18819.8 -0.00757338
18831.8 -0.00756053
18843.8 -0.00754756
18855.9 -0.00753446
18867.9 -0.00752119
18879.9 -0.00750763
18891.9 -0.00749246
18903.9 -0.00747694
18915.9 -0.00746151
18927.9 -0.00744612
18939.9 -0.00743071
18952 -0.00741528
18964 -0.00739981
18976 -0.00738429
18988 -0.0073687
19000 -0.00735296
