7000 0.000209833
7012.01 0.000223074
7024.02 0.000236717
7036.04 0.000250982
7048.05 0.000265186
7060.06 0.0002795
7072.07 0.00029409
7084.08 0.000309024
7096.1 0.000324363
7108.11 0.000340171
7120.12 0.000356533
7132.13 0.000373612
7144.14 0.000391623
7156.16 0.000409077
7168.17 0.000426717
7180.18 0.000444738
7192.19 0.000463248
7204.2 0.000482341
7216.22 0.00050212
7228.23 0.000522729
7240.24 0.000544507
7252.25 0.000566923
7264.26 0.000588818
7276.28 0.000611132
7288.29 0.000634067
7300.3 0.000657767
7312.31 0.000682373
7324.32 0.000708069
7336.34 0.000735172
7348.35 0.000764887
7360.36 0.000792722
7372.37 0.000820012
7384.38 0.000847523
7396.4 0.000875482
7408.41 0.000903998
7420.42 0.000933118
7432.43 0.000962808
7444.44 0.000992818
7456.46 0.001023
7468.47 0.00105727
7480.48 0.00109382
7492.49 0.00113239
7504.5 0.00117296
7516.52 0.00121556
7528.53 0.00126031
7540.54 0.0013073
7552.55 0.00135661
7564.56 0.00140938
7576.58 0.00146808
7588.59 0.00148891
7600.6 0.00149479
7612.61 0.00150015
7624.62 0.00150558
7636.64 0.00151108
7648.65 0.00151628
7660.66 0.00152001
7672.67 0.00152175
7684.68 0.0015166
7696.7 0.00171084
7708.71 0.00192664
7720.72 0.00215521
7732.73 0.00239485
7744.74 0.00264522
7756.76 0.00290691
7768.77 0.00318017
7780.78 0.00346068
7792.79 0.00372753
7804.8 0.00390551
7816.82 0.00408358
7828.83 0.00426526
7840.84 0.00445185
7852.85 0.00464409
7864.86 0.00484232
7876.88 0.00504869
7888.89 0.00526452
7900.9 0.00547848
7912.91 0.00568659
7924.92 0.00590203
7936.94 0.00612561
7948.95 0.00635797
7960.96 0.00659984
7972.97 0.00685229
7984.98 0.0071116
7997 0.00738336
8009.01 0.00759056
8021.02 0.00776736
8033.03 0.00794729
8045.05 0.00813167
8057.06 0.00832084
8069.07 0.00851473
8081.08 0.00871267
8093.09 0.00891329
8105.11 0.0091136
8117.12 0.00937743
8129.13 0.0096502
8141.14 0.00992686
8153.15 0.0102055
8165.17 0.0104844
8177.18 0.0107612
8189.19 0.0110419
8201.2 0.0113214
8213.21 0.0115958
8225.23 0.0118638
8237.24 0.0121218
8249.25 0.0123671
8261.26 0.0125971
8273.27 0.0128091
8285.29 0.0130006
8297.3 0.0131702
8309.31 0.0133091
8321.32 0.0135276
8333.33 0.0138966
8345.35 0.0142539
8357.36 0.0145935
8369.37 0.0149131
8381.38 0.0152119
8393.39 0.0154909
8405.41 0.0157516
8417.42 0.0159985
8429.43 0.0160706
8441.44 0.0160239
8453.45 0.0159464
8465.47 0.0158428
8477.48 0.015716
8489.49 0.0155686
8501.5 0.0154038
8513.51 0.0152224
8525.53 0.0150266
8537.54 0.0148185
8549.55 0.0145999
8561.56 0.0143728
8573.57 0.014139
8585.59 0.0139002
8597.6 0.0136595
8609.61 0.0134177
8621.62 0.0131739
8633.63 0.0129294
8645.65 0.0126853
8657.66 0.0124426
8669.67 0.0122021
8681.68 0.0119644
8693.69 0.0117301
8705.71 0.0114993
8717.72 0.011273
8729.73 0.0110517
8741.74 0.0108355
8753.75 0.0106247
8765.77 0.0104194
8777.78 0.0102199
8789.79 0.0100261
8801.8 0.00983839
8813.81 0.00965708
8825.83 0.00948119
8837.84 0.00931086
8849.85 0.00914606
8861.86 0.00898674
8873.87 0.00883282
8885.89 0.00868417
8897.9 0.00854063
8909.91 0.00840147
8921.92 0.00826715
8933.93 0.00813809
8945.95 0.00801402
8957.96 0.00789479
8969.97 0.00778024
8981.98 0.00767025
8993.99 0.0075647
9006.01 0.00746354
9018.02 0.00736724
9030.03 0.00727475
9042.04 0.00718594
9054.05 0.00710075
9066.07 0.00701909
9078.08 0.00694084
9090.09 0.00686589
9102.1 0.00679411
9114.11 0.0067252
9126.13 0.00665853
9138.14 0.00659514
9150.15 0.00653478
9162.16 0.00647729
9174.17 0.00642258
9186.19 0.00637052
9198.2 0.00632103
9210.21 0.00627397
9222.22 0.00622874
9234.23 0.00618558
9246.25 0.00614489
9258.26 0.00610651
9270.27 0.00607036
9282.28 0.00603634
9294.29 0.00600439
9306.31 0.00597443
9318.32 0.00594636
9330.33 0.00591969
9342.34 0.00589485
9354.35 0.00587185
9366.37 0.00585062
9378.38 0.0058311
9390.39 0.00581322
9402.4 0.00579694
9414.41 0.00578216
9426.43 0.00576858
9438.44 0.00575484
9450.45 0.00574281
9462.46 0.00573231
9474.47 0.00572328
9486.49 0.00571566
9498.5 0.0057094
9510.51 0.00570446
9522.52 0.0057008
9534.53 0.00569823
9546.55 0.00569672
9558.56 0.00569642
9570.57 0.00569731
9582.58 0.00569936
9594.59 0.00570254
9606.61 0.00570683
9618.62 0.00571218
9630.63 0.00571854
9642.64 0.00572253
9654.65 0.0057267
9666.67 0.00573197
9678.68 0.00573827
9690.69 0.00574557
9702.7 0.00575384
9714.71 0.00576305
9726.73 0.00577318
9738.74 0.00578422
9750.75 0.00579615
9762.76 0.00580895
9774.77 0.00582262
9786.79 0.00583716
9798.8 0.00585255
9810.81 0.0058688
9822.82 0.00588592
9834.83 0.00590392
9846.85 0.00592127
9858.86 0.00593718
9870.87 0.0059538
9882.88 0.00597112
9894.89 0.00598914
9906.91 0.00600785
9918.92 0.00602724
9930.93 0.00604729
9942.94 0.00606795
9954.95 0.00609049
9966.97 0.00611423
9978.98 0.00613872
9990.99 0.00616398
10003 0.00618999
10015 0.00621679
10027 0.00624439
10039 0.00627286
10051.1 0.00630201
10063.1 0.00632789
10075.1 0.00635405
10087.1 0.00638064
10099.1 0.00640765
10111.1 0.00643507
10123.1 0.00646282
10135.1 0.00649079
10147.1 0.00651867
10159.2 0.00654961
10171.2 0.0065869
10183.2 0.00662547
10195.2 0.00666507
10207.2 0.0067056
10219.2 0.00674698
10231.2 0.00678913
10243.2 0.00683195
10255.3 0.0068751
10267.3 0.00692196
10279.3 0.00697137
10291.3 0.00702197
10303.3 0.00707361
10315.3 0.00712614
10327.3 0.00717937
10339.3 0.007233
10351.4 0.00728631
10363.4 0.00733892
10375.4 0.00741087
10387.4 0.00748775
10399.4 0.00756812
10411.4 0.00765163
10423.4 0.00773814
10435.4 0.00782758
10447.4 0.00791985
10459.5 0.00801477
10471.5 0.00811362
10483.5 0.00821864
10495.5 0.00832759
10507.5 0.00844034
10519.5 0.00855686
10531.5 0.00867714
10543.5 0.00880109
10555.6 0.00892845
10567.6 0.00905793
10579.6 0.00920053
10591.6 0.00935413
10603.6 0.00951488
10615.6 0.00968257
10627.6 0.0098573
10639.6 0.0100393
10651.7 0.0102289
10663.7 0.0104267
10675.7 0.0106331
10687.7 0.0108389
10699.7 0.0110506
10711.7 0.0112693
10723.7 0.0114956
10735.7 0.0117299
10747.7 0.0119725
10759.8 0.0122239
10771.8 0.0124849
10783.8 0.0127527
10795.8 0.0130236
10807.8 0.0133025
10819.8 0.0135902
10831.8 0.0138872
10843.8 0.0141938
10855.9 0.0145108
10867.9 0.014839
10879.9 0.0151816
10891.9 0.0155063
10903.9 0.015828
10915.9 0.016155
10927.9 0.0164881
10939.9 0.016828
10952 0.017175
10964 0.0175293
10976 0.0178914
10988 0.0182587
11000 0.0186167
11012 0.0189787
11024 0.0193455
11036 0.0197173
11048 0.020094
11060.1 0.0204755
11072.1 0.0208618
11084.1 0.0212529
11096.1 0.0216342
11108.1 0.0220054
11120.1 0.0223776
11132.1 0.022751
11144.1 0.0231253
11156.2 0.0235002
11168.2 0.0238754
11180.2 0.0242503
11192.2 0.0246245
11204.2 0.0249885
11216.2 0.0253499
11228.2 0.0257091
11240.2 0.0260654
11252.3 0.0264184
11264.3 0.0267677
11276.3 0.0271127
11288.3 0.0274528
11300.3 0.0277826
11312.3 0.0280986
11324.3 0.0284101
11336.3 0.0287177
11348.3 0.0290225
11360.4 0.0293288
11372.4 0.0296028
11384.4 0.0297316
11396.4 0.0298327
11408.4 0.0299145
11420.4 0.029977
11432.4 0.0300201
11444.4 0.0300435
11456.5 0.030046
11468.5 0.0300232
11480.5 0.0300259
11492.5 0.0300809
11504.5 0.0301298
11516.5 0.0301735
11528.5 0.0302028
11540.5 0.0302175
11552.6 0.0302165
11564.6 0.0301981
11576.6 0.0301566
11588.6 0.0301713
11600.6 0.030215
11612.6 0.0302658
11624.6 0.0303147
11636.6 0.0303515
11648.6 0.0303774
11660.7 0.0303927
11672.7 0.0303974
11684.7 0.030391
11696.7 0.0303886
11708.7 0.0303813
11720.7 0.0303764
11732.7 0.030362
11744.7 0.0303385
11756.8 0.0303072
11768.8 0.0302695
11780.8 0.0302275
11792.8 0.0301761
11804.8 0.0300802
11816.8 0.0299786
11828.8 0.0298779
11840.8 0.0297627
11852.9 0.0296369
11864.9 0.0295014
11876.9 0.0293565
11888.9 0.029201
11900.9 0.0290565
11912.9 0.0289448
11924.9 0.0288408
11936.9 0.0287359
11948.9 0.0286277
11961 0.0285174
11973 0.0284059
11985 0.0282944
11997 0.0281848
12009 0.0280615
12021 0.0279289
12033 0.027804
12045 0.0276733
12057.1 0.0275399
12069.1 0.0274055
12081.1 0.0272717
12093.1 0.0271408
12105.1 0.0270204
12117.1 0.0268344
12129.1 0.0266353
12141.1 0.0264319
12153.2 0.0262232
12165.2 0.0260112
12177.2 0.0257968
12189.2 0.025581
12201.2 0.0253646
12213.2 0.0251478
12225.2 0.0249241
12237.2 0.0247067
12249.2 0.0244845
12261.3 0.0242574
12273.3 0.0240268
12285.3 0.023793
12297.3 0.0235555
12309.3 0.0233126
12321.3 0.0230847
12333.3 0.0229053
12345.3 0.0227394
12357.4 0.0225721
12369.4 0.0224055
12381.4 0.02224
12393.4 0.0220757
12405.4 0.0219124
12417.4 0.0217493
12429.4 0.0216018
12441.4 0.0214749
12453.5 0.0213531
12465.5 0.0212313
12477.5 0.0211114
12489.5 0.0209941
12501.5 0.0208802
12513.5 0.0207709
12525.5 0.0206701
12537.5 0.0205403
12549.5 0.0204079
12561.6 0.0202709
12573.6 0.0201314
12585.6 0.0199907
12597.6 0.0198499
12609.6 0.0197092
12621.6 0.0195694
12633.6 0.0194308
12645.6 0.0192916
12657.7 0.0191555
12669.7 0.0190179
12681.7 0.0188808
12693.7 0.018745
12705.7 0.0186115
12717.7 0.0184815
12729.7 0.0183583
12741.7 0.0182224
12753.8 0.0180355
12765.8 0.0178377
12777.8 0.0176287
12789.8 0.0174121
12801.8 0.0171889
12813.8 0.0169591
12825.8 0.016722
12837.8 0.0164745
12849.8 0.0162589
12861.9 0.016082
12873.9 0.0159113
12885.9 0.0157439
12897.9 0.0155787
12909.9 0.0154155
12921.9 0.0152544
12933.9 0.0150963
12945.9 0.0149456
12958 0.0147403
12970 0.0145123
12982 0.0142777
12994 0.0140381
13006 0.0137939
13018 0.013545
13030 0.0132911
13042 0.013031
13054.1 0.0127638
13066.1 0.0125167
13078.1 0.012278
13090.1 0.0120456
13102.1 0.0118158
13114.1 0.0115875
13126.1 0.01136
13138.1 0.011133
13150.2 0.0109062
13162.2 0.0106787
13174.2 0.0104488
13186.2 0.0102179
13198.2 0.0099858
13210.2 0.00975233
13222.2 0.00951714
13234.2 0.0092797
13246.2 0.00903912
13258.3 0.00879334
13270.3 0.00855804
13282.3 0.00834124
13294.3 0.00813654
13306.3 0.00793625
13318.3 0.00773859
13330.3 0.00754251
13342.3 0.00734703
13354.4 0.00715086
13366.4 0.00695033
13378.4 0.0068187
13390.4 0.0067158
13402.4 0.00661888
13414.4 0.00652622
13426.4 0.006437
13438.4 0.00635071
13450.5 0.00626698
13462.5 0.00618556
13474.5 0.00610532
13486.5 0.00599378
13498.5 0.00588725
13510.5 0.0057834
13522.5 0.00568177
13534.5 0.00558219
13546.5 0.00548464
13558.6 0.00538925
13570.6 0.00529657
13582.6 0.00519041
13594.6 0.00503698
13606.6 0.00488281
13618.6 0.00472832
13630.6 0.00457381
13642.6 0.0044194
13654.7 0.00426518
13666.7 0.00411119
13678.7 0.00395753
13690.7 0.00378864
13702.7 0.0036072
13714.7 0.0034262
13726.7 0.00324544
13738.7 0.00306483
13750.8 0.00288425
13762.8 0.00270353
13774.8 0.00252234
13786.8 0.00233977
13798.8 0.00215934
13810.8 0.00198596
13822.8 0.00181485
13834.8 0.00164529
13846.8 0.00147697
13858.9 0.00130967
13870.9 0.00114321
13882.9 0.000977333
13894.9 0.00081151
13906.9 0.00066309
13918.9 0.000516818
13930.9 0.000371783
13942.9 0.000227729
13955 8.44719e-05
13967 -5.81737e-05
13979 -0.000200459
13991 -0.000342894
14003 -0.000486578
14015 -0.000624414
14027 -0.00075964
14039 -0.000893079
14051.1 -0.00102503
14063.1 -0.00115565
14075.1 -0.00128505
14087.1 -0.00141327
14099.1 -0.00154028
14111.1 -0.00164957
14123.1 -0.00174004
14135.1 -0.00182979
14147.1 -0.0019189
14159.2 -0.00200748
14171.2 -0.00209562
14183.2 -0.00218348
14195.2 -0.00227131
14207.2 -0.00236028
14219.2 -0.00243458
14231.2 -0.00250207
14243.2 -0.0025683
14255.3 -0.00263357
14267.3 -0.00269805
14279.3 -0.00276187
14291.3 -0.00282514
14303.3 -0.00288796
14315.3 -0.00295044
14327.3 -0.00303657
14339.3 -0.00312328
14351.4 -0.00320958
14363.4 -0.00329555
14375.4 -0.00338127
14387.4 -0.00346684
14399.4 -0.00355244
14411.4 -0.00363854
14423.4 -0.00372835
14435.4 -0.00383327
14447.4 -0.00393709
14459.5 -0.00404012
14471.5 -0.00414253
14483.5 -0.00424442
14495.5 -0.00434594
14507.5 -0.00444727
14519.5 -0.00454916
14531.5 -0.0046551
14543.5 -0.00476789
14555.6 -0.0048796
14567.6 -0.00499042
14579.6 -0.00510046
14591.6 -0.00520978
14603.6 -0.00531843
14615.6 -0.00542644
14627.6 -0.00553382
14639.6 -0.0056392
14651.7 -0.00574339
14663.7 -0.00584704
14675.7 -0.00595016
14687.7 -0.00605277
14699.7 -0.0061549
14711.7 -0.00625659
14723.7 -0.006358
14735.7 -0.00645755
14747.7 -0.00652505
14759.8 -0.00658975
14771.8 -0.00665414
14783.8 -0.00671817
14795.8 -0.0067818
14807.8 -0.00684499
14819.8 -0.00690763
14831.8 -0.00696938
14843.8 -0.00702552
14855.9 -0.00705077
14867.9 -0.00707697
14879.9 -0.00710375
14891.9 -0.00713102
14903.9 -0.00715879
14915.9 -0.00718712
14927.9 -0.00721625
14939.9 -0.00724581
14952 -0.00727812
14964 -0.00731744
14976 -0.00735641
14988 -0.00739524
15000 -0.00743403
15012 -0.00747286
15024 -0.00751177
15036 -0.00755079
15048 -0.00759066
15060.1 -0.00764643
15072.1 -0.00771032
15084.1 -0.007774
15096.1 -0.00783764
15108.1 -0.00790133
15120.1 -0.00796518
15132.1 -0.00802934
15144.1 -0.00809416
15156.2 -0.00815771
15168.2 -0.00824154
15180.2 -0.00832753
15192.2 -0.00841297
15204.2 -0.00849802
15216.2 -0.00858278
15228.2 -0.00866734
15240.2 -0.00875181
15252.3 -0.00883592
15264.3 -0.00891886
15276.3 -0.00900195
15288.3 -0.00908472
15300.3 -0.00916723
15312.3 -0.00924954
15324.3 -0.00933165
15336.3 -0.00941363
15348.3 -0.00949558
15360.4 -0.00957649
15372.4 -0.00965343
15384.4 -0.00972466
15396.4 -0.00979587
15408.4 -0.00986701
15420.4 -0.00993807
15432.4 -0.010009
15444.4 -0.01008
15456.5 -0.0101509
15468.5 -0.0102197
15480.5 -0.0102772
15492.5 -0.0103274
15504.5 -0.0103777
15516.5 -0.010428
15528.5 -0.0104783
15540.5 -0.0105285
15552.6 -0.0105783
15564.6 -0.0106282
15576.6 -0.0106785
15588.6 -0.0106908
15600.6 -0.0106963
15612.6 -0.010703
15624.6 -0.0107104
15636.6 -0.0107185
15648.6 -0.0107274
15660.7 -0.0107372
15672.7 -0.0107458
15684.7 -0.0107554
15696.7 -0.0107849
15708.7 -0.0108141
15720.7 -0.0108431
15732.7 -0.0108722
15744.7 -0.0109013
15756.8 -0.0109305
15768.8 -0.0109599
15780.8 -0.0109905
15792.8 -0.0110367
15804.8 -0.0111189
15816.8 -0.0112003
15828.8 -0.0112811
15840.8 -0.0113615
15852.9 -0.0114418
15864.9 -0.011522
15876.9 -0.0116008
15888.9 -0.0116768
15900.9 -0.0117758
15912.9 -0.0118944
15924.9 -0.0120118
15936.9 -0.0121282
15948.9 -0.0122437
15961 -0.0123583
15973 -0.0124721
15985 -0.0125854
15997 -0.012698
16009 -0.0127828
16021 -0.0128589
16033 -0.0129346
16045 -0.01301
16057.1 -0.0130851
16069.1 -0.0131597
16081.1 -0.0132338
16093.1 -0.013306
16105.1 -0.0133776
16117.1 -0.0134538
16129.1 -0.0135294
16141.1 -0.0136044
16153.2 -0.0136788
16165.2 -0.0137527
16177.2 -0.0138258
16189.2 -0.0138991
16201.2 -0.0139726
16213.2 -0.0140334
16225.2 -0.0140507
16237.2 -0.0140674
16249.2 -0.0140835
16261.3 -0.014099
16273.3 -0.0141137
16285.3 -0.0141277
16297.3 -0.0141416
16309.3 -0.0141548
16321.3 -0.0141681
16333.3 -0.0141814
16345.3 -0.0141939
16357.4 -0.0142053
16369.4 -0.0142156
16381.4 -0.0142248
16393.4 -0.0142327
16405.4 -0.0142397
16417.4 -0.0142446
16429.4 -0.0142858
16441.4 -0.0143448
16453.5 -0.0144031
16465.5 -0.0144605
16477.5 -0.0145169
16489.5 -0.0145722
16501.5 -0.0146284
16513.5 -0.0146853
16525.5 -0.014741
16537.5 -0.0147999
16549.5 -0.0148582
16561.6 -0.0149155
16573.6 -0.0149718
16585.6 -0.015027
16597.6 -0.015081
16609.6 -0.0151346
16621.6 -0.0151869
16633.6 -0.0152391
16645.6 -0.0152965
16657.7 -0.0153532
16669.7 -0.015409
16681.7 -0.0154639
16693.7 -0.015518
16705.7 -0.0155728
16717.7 -0.015631
16729.7 -0.0156888
16741.7 -0.0157425
16753.8 -0.0157889
16765.8 -0.0158342
16777.8 -0.0158787
16789.8 -0.0159224
16801.8 -0.0159657
16813.8 -0.0160084
16825.8 -0.016051
16837.8 -0.0160949
16849.8 -0.016111
16861.9 -0.0161044
16873.9 -0.0160952
16885.9 -0.0160839
16897.9 -0.0160708
16909.9 -0.0160565
16921.9 -0.0160464
16933.9 -0.0160348
16945.9 -0.0160219
16958 -0.0160049
16970 -0.0159856
16982 -0.0159647
16994 -0.0159421
17006 -0.0159178
17018 -0.0158919
17030 -0.0158642
17042 -0.0158342
17054.1 -0.0158027
17066.1 -0.0157937
17078.1 -0.0157858
17090.1 -0.015778
17102.1 -0.01577
17114.1 -0.0157619
17126.1 -0.015758
17138.1 -0.0157552
17150.2 -0.0157523
17162.2 -0.0157467
17174.2 -0.015732
17186.2 -0.0157159
17198.2 -0.015699
17210.2 -0.0156814
17222.2 -0.0156634
17234.2 -0.0156458
17246.2 -0.0156282
17258.3 -0.0156118
17270.3 -0.0155837
17282.3 -0.0155401
17294.3 -0.0154937
17306.3 -0.0154455
17318.3 -0.0153955
17330.3 -0.0153449
17342.3 -0.0152933
17354.4 -0.0152399
17366.4 -0.0151839
17378.4 -0.0151365
17390.4 -0.0150931
17402.4 -0.0150498
17414.4 -0.0150065
17426.4 -0.0149632
17438.4 -0.0149216
17450.5 -0.0148804
17462.5 -0.0148398
17474.5 -0.0148011
17486.5 -0.0147412
17498.5 -0.0146775
17510.5 -0.0146116
17522.5 -0.0145442
17534.5 -0.0144755
17546.5 -0.0144063
17558.6 -0.0143364
17570.6 -0.0142669
17582.6 -0.0141927
17594.6 -0.0140875
17606.6 -0.0139753
17618.6 -0.0138573
17630.6 -0.0137337
17642.6 -0.0136053
17654.7 -0.0134699
17666.7 -0.0133226
17678.7 -0.013155
17690.7 -0.01304
17702.7 -0.01305
17714.7 -0.0130792
17726.7 -0.0131205
17738.7 -0.0131716
17750.8 -0.0132298
17762.8 -0.0132974
17774.8 -0.0133768
17786.8 -0.0134756
17798.8 -0.0135147
17810.8 -0.0135035
17822.8 -0.0134847
17834.8 -0.0134621
17846.8 -0.0134373
17858.9 -0.0134121
17870.9 -0.0133854
17882.9 -0.0133576
17894.9 -0.013329
17906.9 -0.0132996
17918.9 -0.0132696
17930.9 -0.0132391
17942.9 -0.0132081
17955 -0.0131748
17967 -0.0131403
17979 -0.0131059
17991 -0.0130714
18003 -0.0130369
18015 -0.0130025
18027 -0.012968
18039 -0.0129335
18051.1 -0.012899
18063.1 -0.0128648
18075.1 -0.0128306
18087.1 -0.0127964
18099.1 -0.0127622
18111.1 -0.0127278
18123.1 -0.0126935
18135.1 -0.012659
18147.1 -0.0126242
18159.2 -0.012588
18171.2 -0.0125493
18183.2 -0.0125111
18195.2 -0.0124732
18207.2 -0.0124356
18219.2 -0.0123981
18231.2 -0.0123608
18243.2 -0.0123236
18255.3 -0.0122865
18267.3 -0.0122491
18279.3 -0.0122116
18291.3 -0.0121743
18303.3 -0.0121371
18315.3 -0.0121
18327.3 -0.012063
18339.3 -0.0120259
18351.4 -0.0119888
18363.4 -0.0119513
18375.4 -0.0119111
18387.4 -0.0118714
18399.4 -0.011832
18411.4 -0.0117929
18423.4 -0.011754
18435.4 -0.0117152
18447.4 -0.0116766
18459.5 -0.0116379
18471.5 -0.0115985
18483.5 -0.0115582
18495.5 -0.0115184
18507.5 -0.0114788
18519.5 -0.0114395
18531.5 -0.0114003
18543.5 -0.0113614
18555.6 -0.0113225
18567.6 -0.0112837
18579.6 -0.0112446
18591.6 -0.0112055
18603.6 -0.0111667
18615.6 -0.0111279
18627.6 -0.0110893
18639.6 -0.0110508
18651.7 -0.0110123
18663.7 -0.0109738
18675.7 -0.0109351
18687.7 -0.0108951
18699.7 -0.0108555
18711.7 -0.0108162
18723.7 -0.010777
18735.7 -0.0107379
18747.7 -0.010699
18759.8 -0.01066
18771.8 -0.0106211
18783.8 -0.0105818
18795.8 -0.0105422
18807.8 -0.0105028
18819.8 -0.0104635
18831.8 -0.0104242
18843.8 -0.010385
18855.9 -0.0103457
18867.9 -0.0103062
18879.9 -0.0102665
18891.9 -0.0102244
18903.9 -0.0101825
18915.9 -0.0101411
18927.9 -0.0100999
18939.9 -0.0100591
18952 -0.0100184
18964 -0.00997785
18976 -0.00993747
18988 -0.0098972
19000 -0.00985693
