7000 -0.00106611
7012.01 -0.00112055
7024.02 -0.00117664
7036.04 -0.00123427
7048.05 -0.00129355
7060.06 -0.00135447
7072.07 -0.00141695
7084.08 -0.0014809
7096.1 -0.0015462
7108.11 -0.00161275
7120.12 -0.00168039
7132.13 -0.00174894
7144.14 -0.00181799
7156.16 -0.00188788
7168.17 -0.00195834
7180.18 -0.00202908
7192.19 -0.00209983
7204.2 -0.0021703
7216.22 -0.00224017
7228.23 -0.00230908
7240.24 -0.00237656
7252.25 -0.00244203
7264.26 -0.00250605
7276.28 -0.002568
7288.29 -0.00262743
7300.3 -0.00268394
7312.31 -0.00273713
7324.32 -0.00278657
7336.34 -0.00283177
7348.35 -0.00287155
7360.36 -0.00290703
7372.37 -0.00293863
7384.38 -0.00296575
7396.4 -0.00298814
7408.41 -0.00300562
7420.42 -0.00301815
7432.43 -0.00302573
7444.44 -0.00302859
7456.46 -0.0030276
7468.47 -0.00302034
7480.48 -0.0030074
7492.49 -0.00298914
7504.5 -0.00296582
7516.52 -0.00293769
7528.53 -0.00290502
7540.54 -0.00286811
7552.55 -0.00282742
7564.56 -0.00278322
7576.58 -0.00273498
7588.59 -0.00268215
7600.6 -0.0026257
7612.61 -0.00256633
7624.62 -0.00250434
7636.64 -0.00244001
7648.65 -0.00237361
7660.66 -0.0023056
7672.67 -0.00223509
7684.68 -0.00216186
7696.7 -0.00210847
7708.71 -0.00205596
7720.72 -0.00200353
7732.73 -0.00195108
7744.74 -0.00189856
7756.76 -0.00184576
7768.77 -0.00179218
7780.78 -0.00174227
7792.79 -0.00168946
7804.8 -0.00161726
7816.82 -0.00154452
7828.83 -0.00147191
7840.84 -0.00139967
7852.85 -0.00132794
7864.86 -0.00125698
7876.88 -0.00118628
7888.89 -0.00111462
7900.9 -0.00105247
7912.91 -0.00100383
7924.92 -0.000957022
7936.94 -0.00091168
7948.95 -0.000867673
7960.96 -0.000824884
7972.97 -0.000782756
7984.98 -0.000744262
7997 -0.00071007
8009.01 -0.000643103
8021.02 -0.000559316
8033.03 -0.000474494
8045.05 -0.000389245
8057.06 -0.000303769
8069.07 -0.000218084
8081.08 -0.000132104
8093.09 -4.59137e-05
8105.11 4.23245e-05
8117.12 9.31648e-05
8129.13 0.000139356
8141.14 0.000183236
8153.15 0.000225001
8165.17 0.000264464
8177.18 0.000300632
8189.19 0.000335663
8201.2 0.000370413
8213.21 0.00041551
8225.23 0.000527046
8237.24 0.00064355
8249.25 0.000762893
8261.26 0.000884486
8273.27 0.0010081
8285.29 0.00113358
8297.3 0.00126356
8309.31 0.00139916
8321.32 0.00148913
8333.33 0.0015003
8345.35 0.00150589
8357.36 0.00150814
8369.37 0.00150779
8381.38 0.0015051
8393.39 0.00150028
8405.41 0.00149386
8417.42 0.0014846
8429.43 0.00150191
8441.44 0.0015358
8453.45 0.00157054
8465.47 0.00160555
8477.48 0.00164058
8489.49 0.00167541
8501.5 0.00171047
8513.51 0.00174575
8525.53 0.00178099
8537.54 0.00181614
8549.55 0.00185113
8561.56 0.00188592
8573.57 0.00192043
8585.59 0.00195449
8597.6 0.00198778
8609.61 0.00202299
8621.62 0.00205879
8633.63 0.00209487
8645.65 0.00213115
8657.66 0.00216759
8669.67 0.00220417
8681.68 0.00224088
8693.69 0.00227775
8705.71 0.00231467
8717.72 0.00235129
8729.73 0.00238785
8741.74 0.0024244
8753.75 0.00246093
8765.77 0.00249745
8777.78 0.00253394
8789.79 0.00257037
8801.8 0.00260658
8813.81 0.00264338
8825.83 0.00268059
8837.84 0.00271801
8849.85 0.00275559
8861.86 0.00279335
8873.87 0.00283128
8885.89 0.00286943
8897.9 0.00290786
8909.91 0.00294664
8921.92 0.00298431
8933.93 0.00302173
8945.95 0.00305904
8957.96 0.00309629
8969.97 0.0031335
8981.98 0.00317066
8993.99 0.00320775
9006.01 0.00324468
9018.02 0.00328191
9030.03 0.00332007
9042.04 0.00335852
9054.05 0.00339723
9066.07 0.00343617
9078.08 0.00347535
9090.09 0.0035148
9102.1 0.00355458
9114.11 0.00359499
9126.13 0.00363427
9138.14 0.00367323
9150.15 0.00371215
9162.16 0.00375112
9174.17 0.00379018
9186.19 0.00382939
9198.2 0.00386878
9210.21 0.00390848
9222.22 0.00394837
9234.23 0.00398699
9246.25 0.00402541
9258.26 0.0040638
9270.27 0.0041022
9282.28 0.00414067
9294.29 0.00417924
9306.31 0.00421797
9318.32 0.00425696
9330.33 0.00429569
9342.34 0.00433392
9354.35 0.00437215
9366.37 0.00441045
9378.38 0.00444889
9390.39 0.00448752
9402.4 0.00452641
9414.41 0.00456568
9426.43 0.00460584
9438.44 0.0046431
9450.45 0.00467968
9462.46 0.00471604
9474.47 0.00475231
9486.49 0.00478856
9498.5 0.00482484
9510.51 0.00486121
9522.52 0.00489773
9534.53 0.00493432
9546.55 0.00497058
9558.56 0.00500692
9570.57 0.00504342
9582.58 0.00508015
9594.59 0.00511719
9606.61 0.00515464
9618.62 0.00519268
9630.63 0.00523189
9642.64 0.00526777
9654.65 0.00529994
9666.67 0.00533146
9678.68 0.00536262
9690.69 0.00539357
9702.7 0.0054244
9714.71 0.00545517
9726.73 0.00548593
9738.74 0.00551671
9750.75 0.00554757
9762.76 0.00557852
9774.77 0.00560963
9786.79 0.00564091
9798.8 0.00567244
9810.81 0.00570428
9822.82 0.00573654
9834.83 0.0057695
9846.85 0.00580182
9858.86 0.00583008
9870.87 0.00585779
9882.88 0.00588525
9894.89 0.00591258
9906.91 0.00593984
9918.92 0.00596704
9930.93 0.00599417
9942.94 0.00602109
9954.95 0.00604944
9966.97 0.00607905
9978.98 0.00610912
9990.99 0.00613958
10003 0.00617045
10015 0.00620177
10027 0.0062336
10039 0.00626615
10051.1 0.00629973
10063.1 0.00632819
10075.1 0.00635579
10087.1 0.00638302
10099.1 0.00640998
10111.1 0.00643666
10123.1 0.00646298
10135.1 0.00648873
10147.1 0.00651333
10159.2 0.00653973
10171.2 0.00657448
10183.2 0.00661083
10195.2 0.0066482
10207.2 0.00668633
10219.2 0.00672507
10231.2 0.00676427
10243.2 0.0068037
10255.3 0.00684281
10267.3 0.00688542
10279.3 0.00693097
10291.3 0.00697755
10303.3 0.00702486
10315.3 0.00707267
10327.3 0.00712068
10339.3 0.00716843
10351.4 0.00721493
10363.4 0.00725855
10375.4 0.00732381
10387.4 0.00739498
10399.4 0.00746986
10411.4 0.00754784
10423.4 0.00762861
10435.4 0.00771197
10447.4 0.00779773
10459.5 0.00788556
10471.5 0.00797662
10483.5 0.00807364
10495.5 0.00817403
10507.5 0.00827755
10519.5 0.00838406
10531.5 0.00849343
10543.5 0.0086055
10555.6 0.00871986
10567.6 0.00883496
10579.6 0.00896194
10591.6 0.0090993
10603.6 0.00924259
10615.6 0.00939143
10627.6 0.00954574
10639.6 0.00970559
10651.7 0.00987118
10663.7 0.010043
10675.7 0.0102213
10687.7 0.0103966
10699.7 0.0105753
10711.7 0.0107584
10723.7 0.0109462
10735.7 0.011139
10747.7 0.011337
10759.8 0.0115405
10771.8 0.01175
10783.8 0.0119627
10795.8 0.0121749
10807.8 0.0123913
10819.8 0.0126122
10831.8 0.0128379
10843.8 0.0130688
10855.9 0.0133051
10867.9 0.0135474
10879.9 0.0137984
10891.9 0.0140286
10903.9 0.0142521
10915.9 0.0144759
10927.9 0.0147009
10939.9 0.0149275
10952 0.0151558
10964 0.015386
10976 0.0156182
10988 0.0158502
11000 0.0160695
11012 0.0162879
11024 0.0165059
11036 0.0167236
11048 0.0169409
11060.1 0.0171577
11072.1 0.017374
11084.1 0.0175898
11096.1 0.017793
11108.1 0.0179841
11120.1 0.0181723
11132.1 0.0183577
11144.1 0.0185403
11156.2 0.0187198
11168.2 0.018896
11180.2 0.0190689
11192.2 0.019238
11204.2 0.0193963
11216.2 0.01955
11228.2 0.0196993
11240.2 0.0198442
11252.3 0.0199844
11264.3 0.0201197
11276.3 0.0202498
11288.3 0.0203745
11300.3 0.02049
11312.3 0.0205935
11324.3 0.020692
11336.3 0.0207854
11348.3 0.0208739
11360.4 0.0209581
11372.4 0.0210325
11384.4 0.0210788
11396.4 0.0211161
11408.4 0.0211466
11420.4 0.0211694
11432.4 0.0211842
11444.4 0.0211908
11456.5 0.0211887
11468.5 0.0211764
11480.5 0.0211729
11492.5 0.0211881
11504.5 0.0212007
11516.5 0.0212126
11528.5 0.0212183
11540.5 0.0212178
11552.6 0.0212107
11564.6 0.0211962
11576.6 0.0211714
11588.6 0.0211785
11600.6 0.0212032
11612.6 0.0212353
11624.6 0.0212706
11636.6 0.0213019
11648.6 0.02133
11660.7 0.0213553
11672.7 0.0213785
11684.7 0.0214012
11696.7 0.0214035
11708.7 0.0214014
11720.7 0.0214024
11732.7 0.0213996
11744.7 0.0213928
11756.8 0.021383
11768.8 0.0213711
11780.8 0.0213587
11792.8 0.0213415
11804.8 0.0212899
11816.8 0.0212347
11828.8 0.0211824
11840.8 0.0211221
11852.9 0.021056
11864.9 0.0209846
11876.9 0.0209079
11888.9 0.0208248
11900.9 0.0207508
11912.9 0.0207012
11924.9 0.0206575
11936.9 0.0206149
11948.9 0.0205709
11961 0.0205263
11973 0.0204814
11985 0.020437
11997 0.0203944
12009 0.0203418
12021 0.0202824
12033 0.0202284
12045 0.0201715
12057.1 0.0201129
12069.1 0.0200538
12081.1 0.0199952
12093.1 0.0199388
12105.1 0.0198901
12117.1 0.0197925
12129.1 0.0196847
12141.1 0.0195739
12153.2 0.0194592
12165.2 0.0193419
12177.2 0.019223
12189.2 0.0191031
12201.2 0.0189835
12213.2 0.0188628
12225.2 0.0187196
12237.2 0.0185773
12249.2 0.0184307
12261.3 0.0182792
12273.3 0.0181239
12285.3 0.017965
12297.3 0.0178025
12309.3 0.0176352
12321.3 0.0174758
12333.3 0.0173452
12345.3 0.0172223
12357.4 0.0170975
12369.4 0.0169718
12381.4 0.0168454
12393.4 0.0167183
12405.4 0.0165903
12417.4 0.0164607
12429.4 0.0163423
12441.4 0.0162383
12453.5 0.0161376
12465.5 0.016036
12477.5 0.0159347
12489.5 0.015834
12501.5 0.0157344
12513.5 0.0156368
12525.5 0.0155438
12537.5 0.0154285
12549.5 0.0153095
12561.6 0.0151863
12573.6 0.0150599
12585.6 0.0149309
12597.6 0.0147998
12609.6 0.0146664
12621.6 0.0145303
12633.6 0.0143922
12645.6 0.0142842
12657.7 0.0141821
12669.7 0.0140806
12681.7 0.0139801
12693.7 0.0138809
12705.7 0.0137833
12717.7 0.0136881
12729.7 0.0135971
12741.7 0.0134979
12753.8 0.0133662
12765.8 0.0132281
12777.8 0.0130825
12789.8 0.0129317
12801.8 0.0127759
12813.8 0.012615
12825.8 0.012448
12837.8 0.0122711
12849.8 0.012131
12861.9 0.0120353
12873.9 0.0119466
12885.9 0.0118622
12897.9 0.0117809
12909.9 0.0117024
12921.9 0.0116268
12933.9 0.0115545
12945.9 0.011489
12958 0.0113825
12970 0.0112595
12982 0.0111325
12994 0.0110026
13006 0.0108701
13018 0.010735
13030 0.0105969
13042 0.010455
13054.1 0.0103088
13066.1 0.0101871
13078.1 0.0100716
13090.1 0.00996143
13102.1 0.00985421
13114.1 0.00974923
13126.1 0.00964622
13138.1 0.00954523
13150.2 0.00944685
13162.2 0.00934258
13174.2 0.00921249
13186.2 0.00907966
13198.2 0.00894529
13210.2 0.00880974
13222.2 0.00867315
13234.2 0.00853554
13246.2 0.00839689
13258.3 0.00825722
13270.3 0.00810329
13282.3 0.00793454
13294.3 0.00777014
13306.3 0.00760651
13318.3 0.007443
13330.3 0.0072792
13342.3 0.00711469
13354.4 0.00694877
13366.4 0.00677923
13378.4 0.00665195
13390.4 0.00654183
13402.4 0.00643469
13414.4 0.00632948
13426.4 0.00622565
13438.4 0.00612282
13450.5 0.00602064
13462.5 0.00591863
13474.5 0.00581606
13486.5 0.00572245
13498.5 0.00563404
13510.5 0.00554817
13522.5 0.00546417
13534.5 0.00538172
13546.5 0.00530064
13558.6 0.00522082
13570.6 0.00514225
13582.6 0.00506063
13594.6 0.00496793
13606.6 0.0048762
13618.6 0.00478511
13630.6 0.00469459
13642.6 0.00460458
13654.7 0.004515
13666.7 0.00442572
13678.7 0.00433645
13690.7 0.0042482
13702.7 0.00416393
13714.7 0.00408108
13726.7 0.00399916
13738.7 0.00391797
13750.8 0.00383737
13762.8 0.00375719
13774.8 0.0036772
13786.8 0.00359686
13798.8 0.00351491
13810.8 0.00343626
13822.8 0.00335921
13834.8 0.00328337
13846.8 0.00320853
13858.9 0.0031346
13870.9 0.0030615
13882.9 0.00298918
13894.9 0.00291752
13906.9 0.0028319
13918.9 0.00274671
13930.9 0.00266199
13942.9 0.0025777
13955 0.00249381
13967 0.00241026
13979 0.00232692
13991 0.00224354
14003 0.00215657
14015 0.00206383
14027 0.00197253
14039 0.00188225
14051.1 0.00179288
14063.1 0.00170434
14075.1 0.0016166
14087.1 0.00152968
14099.1 0.00144371
14111.1 0.00135752
14123.1 0.00126983
14135.1 0.00118232
14147.1 0.00109508
14159.2 0.00100814
14171.2 0.000921444
14183.2 0.000834943
14195.2 0.000748482
14207.2 0.00066131
14219.2 0.000584983
14231.2 0.000513823
14243.2 0.000443612
14255.3 0.000374154
14267.3 0.000305348
14279.3 0.000237123
14291.3 0.000169424
14303.3 0.000102186
14315.3 3.53344e-05
14327.3 -2.7607e-05
14339.3 -8.9897e-05
14351.4 -0.000151747
14363.4 -0.000213206
14375.4 -0.000274324
14387.4 -0.000335161
14399.4 -0.000395813
14411.4 -0.000456543
14423.4 -0.000514189
14435.4 -0.000559599
14447.4 -0.000604328
14459.5 -0.000648542
14471.5 -0.000692338
14483.5 -0.000735791
14495.5 -0.000778983
14507.5 -0.000822038
14519.5 -0.000865415
14531.5 -0.000908754
14543.5 -0.000952966
14555.6 -0.000996588
14567.6 -0.00103973
14579.6 -0.00108246
14591.6 -0.00112482
14603.6 -0.00116685
14615.6 -0.00120859
14627.6 -0.00125008
14639.6 -0.00129343
14651.7 -0.00133749
14663.7 -0.00138128
14675.7 -0.00142482
14687.7 -0.00146816
14699.7 -0.00151133
14711.7 -0.00155441
14723.7 -0.00159759
14735.7 -0.00164034
14747.7 -0.00168515
14759.8 -0.0017297
14771.8 -0.00177382
14783.8 -0.00181757
14795.8 -0.00186099
14807.8 -0.00190409
14819.8 -0.00194686
14831.8 -0.00198918
14843.8 -0.00203275
14855.9 -0.00208045
14867.9 -0.00212795
14879.9 -0.00217528
14891.9 -0.00222247
14903.9 -0.00226955
14915.9 -0.00231657
14927.9 -0.00236366
14939.9 -0.00241071
14952 -0.00245562
14964 -0.00249945
14976 -0.00254283
14988 -0.00258583
15000 -0.00262845
15012 -0.00267072
15024 -0.00271261
15036 -0.00275404
15048 -0.00279517
15060.1 -0.00282782
15072.1 -0.00285596
15084.1 -0.00288421
15096.1 -0.00291248
15108.1 -0.00294074
15120.1 -0.00296901
15132.1 -0.00299729
15144.1 -0.00302575
15156.2 -0.00305299
15168.2 -0.00307366
15180.2 -0.0030934
15192.2 -0.00311312
15204.2 -0.00313281
15216.2 -0.00315247
15228.2 -0.00317211
15240.2 -0.0031918
15252.3 -0.0032114
15264.3 -0.0032303
15276.3 -0.00324843
15288.3 -0.00326645
15300.3 -0.00328438
15312.3 -0.00330222
15324.3 -0.00331999
15336.3 -0.00333772
15348.3 -0.00335548
15360.4 -0.00337279
15372.4 -0.00338821
15384.4 -0.00340102
15396.4 -0.00341381
15408.4 -0.00342657
15420.4 -0.0034393
15432.4 -0.00345205
15444.4 -0.00346487
15456.5 -0.00347791
15468.5 -0.00349019
15480.5 -0.00351076
15492.5 -0.00353672
15504.5 -0.00356216
15516.5 -0.0035872
15528.5 -0.00361189
15540.5 -0.00363624
15552.6 -0.00366025
15564.6 -0.00368418
15576.6 -0.00370876
15588.6 -0.00374789
15600.6 -0.00378949
15612.6 -0.00383054
15624.6 -0.00387114
15636.6 -0.00391134
15648.6 -0.00395119
15660.7 -0.00399085
15672.7 -0.00402926
15684.7 -0.00406637
15696.7 -0.0040999
15708.7 -0.00413296
15720.7 -0.00416554
15732.7 -0.00419762
15744.7 -0.00422921
15756.8 -0.00426027
15768.8 -0.00429081
15780.8 -0.00432126
15792.8 -0.00435072
15804.8 -0.00437832
15816.8 -0.00440554
15828.8 -0.00443237
15840.8 -0.00445882
15852.9 -0.00448493
15864.9 -0.00451084
15876.9 -0.00453583
15888.9 -0.00455888
15900.9 -0.00458721
15912.9 -0.00462001
15924.9 -0.00465197
15936.9 -0.00468313
15948.9 -0.00471354
15961 -0.0047432
15973 -0.00477209
15985 -0.00480041
15997 -0.00482808
16009 -0.00485076
16021 -0.00487144
16033 -0.00489148
16045 -0.00491085
16057.1 -0.00492957
16069.1 -0.00494764
16081.1 -0.00496502
16093.1 -0.00498098
16105.1 -0.00499608
16117.1 -0.00502909
16129.1 -0.00506139
16141.1 -0.00509275
16153.2 -0.00512319
16165.2 -0.0051527
16177.2 -0.00518123
16189.2 -0.00520904
16201.2 -0.00523634
16213.2 -0.00526694
16225.2 -0.00531133
16237.2 -0.00535486
16249.2 -0.00539751
16261.3 -0.00543929
16273.3 -0.00548018
16285.3 -0.00552015
16297.3 -0.0055596
16309.3 -0.00559831
16321.3 -0.00563653
16333.3 -0.00567431
16345.3 -0.00571129
16357.4 -0.00574744
16369.4 -0.00578278
16381.4 -0.0058173
16393.4 -0.00585104
16405.4 -0.00588428
16417.4 -0.00591678
16429.4 -0.00594898
16441.4 -0.00598065
16453.5 -0.00601159
16465.5 -0.00604179
16477.5 -0.00607124
16489.5 -0.00609989
16501.5 -0.00612873
16513.5 -0.00615808
16525.5 -0.00618731
16537.5 -0.00620495
16549.5 -0.00622071
16561.6 -0.0062357
16573.6 -0.00624995
16585.6 -0.00626347
16597.6 -0.00627626
16609.6 -0.00628863
16621.6 -0.00630032
16633.6 -0.00631171
16645.6 -0.00632512
16657.7 -0.006338
16669.7 -0.00635031
16681.7 -0.00636202
16693.7 -0.00637306
16705.7 -0.00638403
16717.7 -0.00639662
16729.7 -0.00640897
16741.7 -0.00642063
16753.8 -0.00643122
16765.8 -0.00644137
16777.8 -0.00645109
16789.8 -0.00646039
16801.8 -0.00646928
16813.8 -0.0064776
16825.8 -0.00648536
16837.8 -0.00649254
16849.8 -0.0065023
16861.9 -0.00651409
16873.9 -0.00652581
16885.9 -0.00653739
16897.9 -0.00654882
16909.9 -0.00656001
16921.9 -0.00657396
16933.9 -0.00658827
16945.9 -0.00660292
16958 -0.00661499
16970 -0.00662643
16982 -0.0066379
16994 -0.00664951
17006 -0.00666134
17018 -0.00667353
17030 -0.00668629
17042 -0.00669986
17054.1 -0.00671381
17066.1 -0.00671403
17078.1 -0.00671326
17090.1 -0.00671225
17102.1 -0.00671126
17114.1 -0.00671046
17126.1 -0.00671199
17138.1 -0.00671523
17150.2 -0.00671999
17162.2 -0.00672016
17174.2 -0.00670166
17186.2 -0.00668146
17198.2 -0.00666044
17210.2 -0.00663892
17222.2 -0.00661714
17234.2 -0.0065956
17246.2 -0.00657426
17258.3 -0.00655376
17270.3 -0.00652631
17282.3 -0.00648952
17294.3 -0.00645127
17306.3 -0.006412
17318.3 -0.00637185
17330.3 -0.00633119
17342.3 -0.00629008
17354.4 -0.00624802
17366.4 -0.00620456
17378.4 -0.00616593
17390.4 -0.00612951
17402.4 -0.00609307
17414.4 -0.00605644
17426.4 -0.00601953
17438.4 -0.00598289
17450.5 -0.00594589
17462.5 -0.00590811
17474.5 -0.00586894
17486.5 -0.00583842
17498.5 -0.00580905
17510.5 -0.00578006
17522.5 -0.00575126
17534.5 -0.00572259
17546.5 -0.00569413
17558.6 -0.00566556
17570.6 -0.00563666
17582.6 -0.00560834
17594.6 -0.00558543
17606.6 -0.0055635
17618.6 -0.00554225
17630.6 -0.00552169
17642.6 -0.00550254
17654.7 -0.00548497
17666.7 -0.00546858
17678.7 -0.00545435
17690.7 -0.00543378
17702.7 -0.0053984
17714.7 -0.0053605
17726.7 -0.00532087
17738.7 -0.00527968
17750.8 -0.00523618
17762.8 -0.00519087
17774.8 -0.00514339
17786.8 -0.00509199
17798.8 -0.00505402
17810.8 -0.00502735
17822.8 -0.00500261
17834.8 -0.00497899
17846.8 -0.00495628
17858.9 -0.00493469
17870.9 -0.00491356
17882.9 -0.00489283
17894.9 -0.00487243
17906.9 -0.00485235
17918.9 -0.00483253
17930.9 -0.00481296
17942.9 -0.00479359
17955 -0.00477385
17967 -0.00475383
17979 -0.00473404
17991 -0.00471448
18003 -0.00469511
18015 -0.00467594
18027 -0.00465696
18039 -0.00463815
18051.1 -0.00461952
18063.1 -0.00460116
18075.1 -0.00458296
18087.1 -0.00456492
18099.1 -0.00454702
18111.1 -0.00452926
18123.1 -0.00451163
18135.1 -0.00449412
18147.1 -0.00447671
18159.2 -0.00445906
18171.2 -0.00444049
18183.2 -0.00442213
18195.2 -0.00440393
18207.2 -0.00438588
18219.2 -0.00436798
18231.2 -0.00435022
18243.2 -0.00433259
18255.3 -0.00431508
18267.3 -0.00429757
18279.3 -0.0042801
18291.3 -0.00426276
18303.3 -0.00424554
18315.3 -0.00422843
18327.3 -0.00421143
18339.3 -0.00419453
18351.4 -0.00417771
18363.4 -0.00416093
18375.4 -0.0041433
18387.4 -0.00412576
18399.4 -0.00410837
18411.4 -0.0040911
18423.4 -0.00407396
18435.4 -0.00405692
18447.4 -0.00403998
18459.5 -0.00402312
18471.5 -0.00400615
18483.5 -0.00398885
18495.5 -0.00397169
18507.5 -0.00395466
18519.5 -0.00393774
18531.5 -0.00392092
18543.5 -0.00390421
18555.6 -0.00388759
18567.6 -0.00387105
18579.6 -0.00385446
18591.6 -0.00383791
18603.6 -0.00382146
18615.6 -0.00380509
18627.6 -0.00378881
18639.6 -0.0037726
18651.7 -0.00375647
18663.7 -0.00374039
18675.7 -0.00372435
18687.7 -0.00370792
18699.7 -0.0036916
18711.7 -0.00367537
18723.7 -0.00365923
18735.7 -0.00364316
18747.7 -0.00362716
18759.8 -0.00361123
18771.8 -0.00359535
18783.8 -0.00357941
18795.8 -0.00356338
18807.8 -0.00354744
18819.8 -0.00353156
18831.8 -0.00351573
18843.8 -0.00349996
18855.9 -0.00348423
18867.9 -0.00346852
18879.9 -0.00345279
18891.9 -0.00343644
18903.9 -0.00341999
18915.9 -0.00340367
18927.9 -0.00338745
18939.9 -0.00337132
18952 -0.00335526
18964 -0.00333929
18976 -0.00332338
18988 -0.00330753
19000 -0.0032917
