7000 -0.00146395
7012.01 -0.00153924
7024.02 -0.00161846
7036.04 -0.0017015
7048.05 -0.00178919
7060.06 -0.00188167
7072.07 -0.0019789
7084.08 -0.00208094
7096.1 -0.00218787
7108.11 -0.00229974
7120.12 -0.00241655
7132.13 -0.00253817
7144.14 -0.00266413
7156.16 -0.00279615
7168.17 -0.00293359
7180.18 -0.00307611
7192.19 -0.00322343
7204.2 -0.00337519
7216.22 -0.00353096
7228.23 -0.00369015
7240.24 -0.00385182
7252.25 -0.00401518
7264.26 -0.0041816
7276.28 -0.00434931
7288.29 -0.00451711
7300.3 -0.00468378
7312.31 -0.004848
7324.32 -0.00500826
7336.34 -0.0051628
7348.35 -0.00530807
7360.36 -0.005447
7372.37 -0.00557896
7384.38 -0.00570153
7396.4 -0.00581319
7408.41 -0.00591267
7420.42 -0.00599893
7432.43 -0.00607126
7444.44 -0.00612952
7456.46 -0.00617507
7468.47 -0.00620122
7480.48 -0.00620945
7492.49 -0.00620047
7504.5 -0.00617488
7516.52 -0.00613335
7528.53 -0.00607673
7540.54 -0.00600606
7552.55 -0.00592278
7564.56 -0.00582783
7576.58 -0.00572025
7588.59 -0.00560309
7600.6 -0.0054772
7612.61 -0.0053435
7624.62 -0.00520312
7636.64 -0.00505719
7648.65 -0.00490679
7660.66 -0.00475352
7672.67 -0.0045956
7684.68 -0.00443337
7696.7 -0.00429451
7708.71 -0.0041567
7720.72 -0.00401925
7732.73 -0.00388223
7744.74 -0.00374563
7756.76 -0.00360888
7768.77 -0.00347089
7780.78 -0.00334285
7792.79 -0.00321006
7804.8 -0.00303782
7816.82 -0.00286531
7828.83 -0.00269379
7840.84 -0.0025236
7852.85 -0.00235493
7864.86 -0.00218824
7876.88 -0.00202201
7888.89 -0.00185321
7900.9 -0.00170291
7912.91 -0.00157898
7924.92 -0.00145782
7936.94 -0.00133845
7948.95 -0.00122032
7960.96 -0.00110279
7972.97 -0.000984019
7984.98 -0.000870983
7997 -0.000763094
8009.01 -0.000615027
8021.02 -0.000445466
8033.03 -0.000272943
8045.05 -9.77611e-05
8057.06 8.03064e-05
8069.07 0.000261792
8081.08 0.000447407
8093.09 0.000637417
8105.11 0.000836839
8117.12 0.000949884
8129.13 0.00105699
8141.14 0.00116433
8153.15 0.00127287
8165.17 0.00138257
8177.18 0.00149138
8189.19 0.0016057
8201.2 0.00172852
8213.21 0.00186715
8225.23 0.00207663
8237.24 0.00229323
8249.25 0.00251251
8261.26 0.002731
8273.27 0.00294495
8285.29 0.00314982
8297.3 0.00334698
8309.31 0.00353116
8321.32 0.00368983
8333.33 0.00381487
8345.35 0.003918
8357.36 0.00399971
8369.37 0.00406134
8381.38 0.00410499
8393.39 0.00413383
8405.41 0.0041528
8417.42 0.00416415
8429.43 0.00416428
8441.44 0.00415791
8453.45 0.00415059
8465.47 0.00414411
8477.48 0.00413974
8489.49 0.0041381
8501.5 0.00414107
8513.51 0.00414912
8525.53 0.00416187
8537.54 0.00417924
8549.55 0.00420105
8561.56 0.00422707
8573.57 0.00425691
8585.59 0.00428994
8597.6 0.00432501
8609.61 0.00436872
8621.62 0.00441757
8633.63 0.0044706
8645.65 0.00452737
8657.66 0.00458757
8669.67 0.00465095
8681.68 0.00471735
8693.69 0.00478668
8705.71 0.0048585
8717.72 0.00493176
8729.73 0.00500696
8741.74 0.00508404
8753.75 0.00516291
8765.77 0.00524347
8777.78 0.00532558
8789.79 0.00540908
8801.8 0.00549345
8813.81 0.00558062
8825.83 0.00567024
8837.84 0.00576165
8849.85 0.00585474
8861.86 0.00594942
8873.87 0.00604568
8885.89 0.00614356
8897.9 0.00624325
8909.91 0.00634495
8921.92 0.00644467
8933.93 0.00654457
8945.95 0.00664501
8957.96 0.00674606
8969.97 0.00684775
8981.98 0.00695003
8993.99 0.00705282
9006.01 0.00715581
9018.02 0.00726012
9030.03 0.00736753
9042.04 0.00747641
9054.05 0.00758655
9066.07 0.00769792
9078.08 0.00781049
9090.09 0.00792433
9102.1 0.0080396
9114.11 0.00815717
9126.13 0.00827233
9138.14 0.00838697
9150.15 0.00850192
9162.16 0.00861739
9174.17 0.0087335
9186.19 0.00885034
9198.2 0.00896806
9210.21 0.00908694
9222.22 0.00920686
9234.23 0.00932362
9246.25 0.00944006
9258.26 0.00955661
9270.27 0.00967343
9282.28 0.00979064
9294.29 0.00990832
9306.31 0.0100266
9318.32 0.0101458
9330.33 0.0102646
9342.34 0.010382
9354.35 0.0104996
9366.37 0.0106175
9378.38 0.0107358
9390.39 0.0108547
9402.4 0.0109743
9414.41 0.0110951
9426.43 0.0112185
9438.44 0.0113342
9450.45 0.0114479
9462.46 0.0115608
9474.47 0.0116735
9486.49 0.0117859
9498.5 0.0118983
9510.51 0.0120109
9522.52 0.0121237
9534.53 0.0122366
9546.55 0.0123485
9558.56 0.0124604
9570.57 0.0125725
9582.58 0.0126851
9594.59 0.0127983
9606.61 0.0129124
9618.62 0.0130279
9630.63 0.0131465
9642.64 0.0132563
9654.65 0.0133555
9666.67 0.0134525
9678.68 0.0135481
9690.69 0.0136427
9702.7 0.0137366
9714.71 0.01383
9726.73 0.0139229
9738.74 0.0140155
9750.75 0.0141078
9762.76 0.0141999
9774.77 0.0142921
9786.79 0.0143842
9798.8 0.0144766
9810.81 0.0145693
9822.82 0.0146626
9834.83 0.0147574
9846.85 0.0148501
9858.86 0.0149315
9870.87 0.0150108
9882.88 0.0150889
9894.89 0.015166
9906.91 0.0152424
9918.92 0.015318
9930.93 0.0153929
9942.94 0.0154667
9954.95 0.0155435
9966.97 0.0156231
9978.98 0.0157032
9990.99 0.0157838
10003 0.0158648
10015 0.0159462
10027 0.0160284
10039 0.0161117
10051.1 0.0161971
10063.1 0.0162684
10075.1 0.0163368
10087.1 0.0164036
10099.1 0.0164689
10111.1 0.0165328
10123.1 0.0165951
10135.1 0.0166552
10147.1 0.0167117
10159.2 0.0167722
10171.2 0.0168532
10183.2 0.0169374
10195.2 0.0170234
10207.2 0.0171104
10219.2 0.017198
10231.2 0.0172859
10243.2 0.0173735
10255.3 0.0174594
10267.3 0.0175532
10279.3 0.0176532
10291.3 0.0177548
10303.3 0.0178572
10315.3 0.0179596
10327.3 0.0180615
10339.3 0.0181616
10351.4 0.0182576
10363.4 0.018346
10375.4 0.0184866
10387.4 0.01864
10399.4 0.0188007
10411.4 0.0189674
10423.4 0.019139
10435.4 0.0193152
10447.4 0.0194954
10459.5 0.0196787
10471.5 0.019868
10483.5 0.0200695
10495.5 0.020277
10507.5 0.0204898
10519.5 0.0207073
10531.5 0.0209294
10543.5 0.0211554
10555.6 0.0213845
10567.6 0.021613
10579.6 0.0218675
10591.6 0.0221432
10603.6 0.0224297
10615.6 0.022726
10627.6 0.0230317
10639.6 0.023347
10651.7 0.023672
10663.7 0.0240078
10675.7 0.0243546
10687.7 0.0246906
10699.7 0.025031
10711.7 0.0253777
10723.7 0.0257314
10735.7 0.0260925
10747.7 0.0264615
10759.8 0.0268389
10771.8 0.0272259
10783.8 0.0276155
10795.8 0.0280002
10807.8 0.0283901
10819.8 0.0287862
10831.8 0.0291891
10843.8 0.0295992
10855.9 0.0300173
10867.9 0.0304446
10879.9 0.0308867
10891.9 0.0312788
10903.9 0.0316529
10915.9 0.0320249
10927.9 0.0323965
10939.9 0.0327684
10952 0.0331413
10964 0.0335154
10976 0.0338915
10988 0.0342644
11000 0.0346082
11012 0.034948
11024 0.0352853
11036 0.0356205
11048 0.0359537
11060.1 0.0362849
11072.1 0.0366141
11084.1 0.0369419
11096.1 0.0372434
11108.1 0.0375193
11120.1 0.0377893
11132.1 0.0380539
11144.1 0.0383132
11156.2 0.0385673
11168.2 0.0388161
11180.2 0.0390593
11192.2 0.039297
11204.2 0.0395143
11216.2 0.0397243
11228.2 0.0399278
11240.2 0.0401248
11252.3 0.0403151
11264.3 0.0404987
11276.3 0.0406752
11288.3 0.0408445
11300.3 0.0409994
11312.3 0.0411332
11324.3 0.0412604
11336.3 0.0413811
11348.3 0.0414954
11360.4 0.0416042
11372.4 0.0417015
11384.4 0.0417672
11396.4 0.0418225
11408.4 0.0418709
11420.4 0.041911
11432.4 0.0419422
11444.4 0.0419645
11456.5 0.0419777
11468.5 0.0419813
11480.5 0.0419837
11492.5 0.0419893
11504.5 0.0419893
11516.5 0.0419906
11528.5 0.0419831
11540.5 0.041967
11552.6 0.0419419
11564.6 0.0419066
11576.6 0.0418567
11588.6 0.0418575
11600.6 0.0418869
11612.6 0.0419307
11624.6 0.0419857
11636.6 0.0420363
11648.6 0.0420837
11660.7 0.0421286
11672.7 0.0421727
11684.7 0.0422202
11696.7 0.0422147
11708.7 0.0421995
11720.7 0.0421907
11732.7 0.0421769
11744.7 0.0421568
11756.8 0.042132
11768.8 0.042104
11780.8 0.0420751
11792.8 0.0420378
11804.8 0.0419402
11816.8 0.0418354
11828.8 0.0417386
11840.8 0.0416282
11852.9 0.0415073
11864.9 0.0413764
11876.9 0.0412352
11888.9 0.0410807
11900.9 0.0409466
11912.9 0.0408661
11924.9 0.0407967
11936.9 0.0407306
11948.9 0.0406621
11961 0.0405916
11973 0.0405194
11985 0.040446
11997 0.0403719
12009 0.0402951
12021 0.0402175
12033 0.0401515
12045 0.0400823
12057.1 0.0400105
12069.1 0.0399375
12081.1 0.0398646
12093.1 0.039794
12105.1 0.039734
12117.1 0.0396011
12129.1 0.0394522
12141.1 0.0392989
12153.2 0.0391384
12165.2 0.0389726
12177.2 0.0388024
12189.2 0.0386286
12201.2 0.0384517
12213.2 0.0382723
12225.2 0.0380901
12237.2 0.0379147
12249.2 0.0377364
12261.3 0.0375517
12273.3 0.0373617
12285.3 0.0371665
12297.3 0.0369653
12309.3 0.0367555
12321.3 0.0365647
12333.3 0.0364382
12345.3 0.0363299
12357.4 0.0362227
12369.4 0.0361174
12381.4 0.0360146
12393.4 0.035915
12405.4 0.0358201
12417.4 0.035734
12429.4 0.0356155
12441.4 0.0354672
12453.5 0.0353178
12465.5 0.0351614
12477.5 0.0350009
12489.5 0.0348378
12501.5 0.034673
12513.5 0.0345077
12525.5 0.0343448
12537.5 0.0341602
12549.5 0.0339746
12561.6 0.0337835
12573.6 0.0335868
12585.6 0.0333859
12597.6 0.0331812
12609.6 0.0329732
12621.6 0.0327618
12633.6 0.0325479
12645.6 0.0323473
12657.7 0.0321506
12669.7 0.031951
12681.7 0.0317495
12693.7 0.0315466
12705.7 0.0313428
12717.7 0.0311388
12729.7 0.0309362
12741.7 0.0307273
12753.8 0.0305004
12765.8 0.0302694
12777.8 0.0300278
12789.8 0.0297784
12801.8 0.0295217
12813.8 0.0292572
12825.8 0.0289835
12837.8 0.0286956
12849.8 0.0284558
12861.9 0.0282736
12873.9 0.0280997
12885.9 0.0279303
12897.9 0.0277639
12909.9 0.0275998
12921.9 0.0274376
12933.9 0.0272777
12945.9 0.0271222
12958 0.0269373
12970 0.0267403
12982 0.0265396
12994 0.026336
13006 0.0261294
13018 0.0259197
13030 0.0257063
13042 0.0254879
13054.1 0.0252633
13066.1 0.0250626
13078.1 0.0248671
13090.1 0.0246792
13102.1 0.0244955
13114.1 0.0243145
13126.1 0.0241358
13138.1 0.023959
13150.2 0.0237842
13162.2 0.0236074
13174.2 0.0234192
13186.2 0.0232299
13198.2 0.0230401
13210.2 0.0228496
13222.2 0.0226583
13234.2 0.0224659
13246.2 0.022272
13258.3 0.0220755
13270.3 0.0218728
13282.3 0.021663
13294.3 0.0214635
13306.3 0.0212682
13318.3 0.0210756
13330.3 0.020885
13342.3 0.0206962
13354.4 0.0205086
13366.4 0.0203216
13378.4 0.0201438
13390.4 0.0199707
13402.4 0.0197995
13414.4 0.0196297
13426.4 0.019461
13438.4 0.0192933
13450.5 0.0191263
13462.5 0.0189597
13474.5 0.0187921
13486.5 0.0186123
13498.5 0.018438
13510.5 0.0182669
13522.5 0.018098
13534.5 0.017931
13546.5 0.0177658
13558.6 0.0176022
13570.6 0.0174402
13582.6 0.0172729
13594.6 0.0170865
13606.6 0.0169017
13618.6 0.0167178
13630.6 0.0165348
13642.6 0.0163526
13654.7 0.0161711
13666.7 0.0159902
13678.7 0.0158096
13690.7 0.0156242
13702.7 0.0154384
13714.7 0.0152546
13726.7 0.0150721
13738.7 0.0148907
13750.8 0.0147101
13762.8 0.01453
13774.8 0.01435
13786.8 0.0141686
13798.8 0.0139978
13810.8 0.0138382
13822.8 0.0136822
13834.8 0.0135288
13846.8 0.0133776
13858.9 0.0132282
13870.9 0.0130806
13882.9 0.0129345
13894.9 0.0127895
13906.9 0.0126372
13918.9 0.0124868
13930.9 0.0123377
13942.9 0.01219
13955 0.0120433
13967 0.0118976
13979 0.0117525
13991 0.0116074
14003 0.0114633
14015 0.0113361
14027 0.0112127
14039 0.0110919
14051.1 0.0109734
14063.1 0.0108569
14075.1 0.0107423
14087.1 0.0106297
14099.1 0.0105191
14111.1 0.0104115
14123.1 0.0103043
14135.1 0.0101979
14147.1 0.0100923
14159.2 0.0099876
14171.2 0.0098836
14183.2 0.00978022
14195.2 0.00967717
14207.2 0.00957312
14219.2 0.00944311
14231.2 0.00930502
14243.2 0.00916864
14255.3 0.00903376
14267.3 0.00890024
14279.3 0.00876801
14291.3 0.00863697
14303.3 0.00850702
14315.3 0.00837796
14327.3 0.00825091
14339.3 0.00812513
14351.4 0.00800046
14363.4 0.00787682
14375.4 0.0077541
14387.4 0.0076322
14399.4 0.00751089
14411.4 0.00738963
14423.4 0.00726867
14435.4 0.00715135
14447.4 0.00703592
14459.5 0.006922
14471.5 0.0068094
14483.5 0.00669798
14495.5 0.00658759
14507.5 0.00647799
14519.5 0.0063682
14531.5 0.00625912
14543.5 0.00615011
14555.6 0.00604287
14567.6 0.00593718
14579.6 0.00583294
14591.6 0.00573011
14603.6 0.00562863
14615.6 0.00552853
14627.6 0.00542992
14639.6 0.00535584
14651.7 0.00529324
14663.7 0.0052313
14675.7 0.00517009
14687.7 0.00510957
14699.7 0.00504971
14711.7 0.0049904
14723.7 0.00493131
14735.7 0.00487308
14747.7 0.00482962
14759.8 0.00478821
14771.8 0.00474766
14783.8 0.00470792
14795.8 0.00466896
14807.8 0.00463075
14819.8 0.00459331
14831.8 0.00455693
14843.8 0.00451841
14855.9 0.0044707
14867.9 0.00442349
14879.9 0.00437667
14891.9 0.00433017
14903.9 0.0042839
14915.9 0.00423768
14927.9 0.00419114
14939.9 0.00414368
14952 0.00408882
14964 0.0040206
14976 0.00395394
14988 0.00388847
15000 0.00382406
15012 0.00376061
15024 0.0036981
15036 0.00363655
15048 0.00357566
15060.1 0.0035118
15072.1 0.00344684
15084.1 0.0033825
15096.1 0.00331875
15108.1 0.00325553
15120.1 0.00319278
15132.1 0.00313035
15144.1 0.00306769
15156.2 0.00300701
15168.2 0.00294956
15180.2 0.00289324
15192.2 0.00283765
15204.2 0.00278274
15216.2 0.00272845
15228.2 0.00267475
15240.2 0.00262153
15252.3 0.00256878
15264.3 0.00252002
15276.3 0.00248943
15288.3 0.00245888
15300.3 0.00242863
15312.3 0.0023987
15324.3 0.0023691
15336.3 0.00233981
15348.3 0.00231069
15360.4 0.00228241
15372.4 0.00226553
15384.4 0.00226674
15396.4 0.0022676
15408.4 0.00226834
15420.4 0.00226899
15432.4 0.00226954
15444.4 0.00226989
15456.5 0.00226963
15468.5 0.00227075
15480.5 0.0022783
15492.5 0.00228995
15504.5 0.00230155
15516.5 0.0023131
15528.5 0.0023246
15540.5 0.00233601
15552.6 0.00234737
15564.6 0.00235847
15576.6 0.00236716
15588.6 0.00231887
15600.6 0.00225998
15612.6 0.00220204
15624.6 0.00214468
15636.6 0.00208767
15648.6 0.0020308
15660.7 0.00197354
15672.7 0.00191699
15684.7 0.00186072
15696.7 0.00178375
15708.7 0.00170809
15720.7 0.00163332
15732.7 0.00155929
15744.7 0.00148594
15756.8 0.00141327
15768.8 0.0013414
15780.8 0.00126945
15792.8 0.00120233
15804.8 0.00114639
15816.8 0.00109026
15828.8 0.001034
15840.8 0.00097758
15852.9 0.000920861
15864.9 0.00086348
15876.9 0.00080565
15888.9 0.000750801
15900.9 0.000702539
15912.9 0.000659685
15924.9 0.000617071
15936.9 0.000574665
15948.9 0.000532433
15961 0.00049036
15973 0.000448492
15985 0.000406577
15997 0.00036458
16009 0.000343151
16021 0.000327871
16033 0.000312175
16045 0.0002961
16057.1 0.000279626
16069.1 0.000262671
16081.1 0.000244961
16093.1 0.000228045
16105.1 0.0002113
16117.1 0.000214669
16129.1 0.000218078
16141.1 0.000221264
16153.2 0.000224261
16165.2 0.000227127
16177.2 0.000229999
16189.2 0.000232812
16201.2 0.000234713
16213.2 0.000223646
16225.2 0.00016795
16237.2 0.000111897
16249.2 5.55445e-05
16261.3 -1.08342e-06
16273.3 -5.79464e-05
16285.3 -0.000114881
16297.3 -0.000172374
16309.3 -0.000230386
16321.3 -0.000306704
16333.3 -0.000405891
16345.3 -0.000505937
16357.4 -0.000606764
16369.4 -0.000708371
16381.4 -0.000810759
16393.4 -0.000913894
16405.4 -0.00101858
16417.4 -0.00112475
16429.4 -0.00121666
16441.4 -0.00130192
16453.5 -0.00138803
16465.5 -0.00147506
16477.5 -0.00156302
16489.5 -0.0016517
16501.5 -0.0017419
16513.5 -0.00183635
16525.5 -0.00193435
16537.5 -0.0019903
16549.5 -0.00204289
16561.6 -0.00209647
16573.6 -0.00215124
16585.6 -0.00220733
16597.6 -0.00226475
16609.6 -0.00232418
16621.6 -0.00238591
16633.6 -0.00244425
16645.6 -0.00246566
16657.7 -0.00248661
16669.7 -0.00250786
16681.7 -0.00252949
16693.7 -0.00255134
16705.7 -0.00257305
16717.7 -0.00259966
16729.7 -0.00262924
16741.7 -0.00264511
16753.8 -0.0026323
16765.8 -0.00261825
16777.8 -0.00260343
16789.8 -0.00258783
16801.8 -0.0025713
16813.8 -0.00255339
16825.8 -0.00253328
16837.8 -0.00250971
16849.8 -0.0025155
16861.9 -0.0025446
16873.9 -0.00257417
16885.9 -0.00260309
16897.9 -0.00263053
16909.9 -0.00265478
16921.9 -0.00268001
16933.9 -0.00270394
16945.9 -0.00272272
16958 -0.00279209
16970 -0.00287489
16982 -0.00295868
16994 -0.00304242
17006 -0.00312554
17018 -0.00320764
17030 -0.00328862
17042 -0.00336819
17054.1 -0.00344593
17066.1 -0.00351665
17078.1 -0.00358455
17090.1 -0.00364966
17102.1 -0.00371177
17114.1 -0.00377036
17126.1 -0.00382701
17138.1 -0.00388403
17150.2 -0.00393973
17162.2 -0.00398857
17174.2 -0.00401845
17186.2 -0.0040435
17198.2 -0.0040643
17210.2 -0.00408103
17222.2 -0.00409371
17234.2 -0.004103
17246.2 -0.0041089
17258.3 -0.00411193
17270.3 -0.00410405
17282.3 -0.00408273
17294.3 -0.00405616
17306.3 -0.00402476
17318.3 -0.00398867
17330.3 -0.00394807
17342.3 -0.00390394
17354.4 -0.00385572
17366.4 -0.00380328
17378.4 -0.00374825
17390.4 -0.00368995
17402.4 -0.00362781
17414.4 -0.00356173
17426.4 -0.00349147
17438.4 -0.00341734
17450.5 -0.00333932
17462.5 -0.0032559
17474.5 -0.00316417
17486.5 -0.0031128
17498.5 -0.0030655
17510.5 -0.00301866
17522.5 -0.00297131
17534.5 -0.00292279
17546.5 -0.00287281
17558.6 -0.00282017
17570.6 -0.00276223
17582.6 -0.00271122
17594.6 -0.0027323
17606.6 -0.00276583
17618.6 -0.00280807
17630.6 -0.00285841
17642.6 -0.00291761
17654.7 -0.00298913
17666.7 -0.00307579
17678.7 -0.00318806
17690.7 -0.00323692
17702.7 -0.0031342
17714.7 -0.00300899
17726.7 -0.0028701
17738.7 -0.00272063
17750.8 -0.00256111
17762.8 -0.00239121
17774.8 -0.00220951
17786.8 -0.00200849
17798.8 -0.00186698
17810.8 -0.00177562
17822.8 -0.00169201
17834.8 -0.00161266
17846.8 -0.00153604
17858.9 -0.00146205
17870.9 -0.00139003
17882.9 -0.00131963
17894.9 -0.00125063
17906.9 -0.00118291
17918.9 -0.0011164
17930.9 -0.00105105
17942.9 -0.000986912
17955 -0.000924026
17967 -0.000861374
17979 -0.000799417
17991 -0.00073823
18003 -0.00067783
18015 -0.000618221
18027 -0.000559403
18039 -0.000501367
18051.1 -0.000444093
18063.1 -0.000387611
18075.1 -0.000331993
18087.1 -0.000277194
18099.1 -0.000223213
18111.1 -0.000170057
18123.1 -0.000117743
18135.1 -6.63091e-05
18147.1 -1.58452e-05
18159.2 3.31993e-05
18171.2 8.2123e-05
18183.2 0.000130735
18195.2 0.00017882
18207.2 0.000226317
18219.2 0.000273195
18231.2 0.000319436
18243.2 0.00036502
18255.3 0.000409918
18267.3 0.000454071
18279.3 0.000497706
18291.3 0.000540742
18303.3 0.000583151
18315.3 0.000624915
18327.3 0.000666015
18339.3 0.000706418
18351.4 0.000746065
18363.4 0.000784732
18375.4 0.00082252
18387.4 0.000860322
18399.4 0.000897733
18411.4 0.000934679
18423.4 0.000971122
18435.4 0.00100703
18447.4 0.00104237
18459.5 0.00107709
18471.5 0.00111088
18483.5 0.00114439
18495.5 0.00117763
18507.5 0.00121048
18519.5 0.00124291
18531.5 0.00127488
18543.5 0.0013064
18555.6 0.00133744
18567.6 0.00136797
18579.6 0.0013979
18591.6 0.0014275
18603.6 0.00145669
18615.6 0.00148544
18627.6 0.00151375
18639.6 0.0015416
18651.7 0.00156896
18663.7 0.00159579
18675.7 0.00162197
18687.7 0.00164749
18699.7 0.0016729
18711.7 0.001698
18723.7 0.00172273
18735.7 0.00174707
18747.7 0.00177101
18759.8 0.00179452
18771.8 0.00181757
18783.8 0.00183998
18795.8 0.00186208
18807.8 0.00188388
18819.8 0.00190532
18831.8 0.00192636
18843.8 0.00194698
18855.9 0.00196713
18867.9 0.00198676
18879.9 0.0020057
18891.9 0.00202343
18903.9 0.00204146
18915.9 0.00205944
18927.9 0.00207725
18939.9 0.00209485
18952 0.00211219
18964 0.00212927
18976 0.00214606
18988 0.00216255
19000 0.00217872
