7000 -70.2334
7012.01 -70.2128
7024.02 -70.1993
7036.04 -70.1956
7048.05 -70.2052
7060.06 -70.2321
7072.07 -70.2808
7084.08 -70.3567
7096.1 -70.4658
7108.11 -70.6153
7120.12 -70.8129
7132.13 -71.068
7144.14 -71.3908
7156.16 -71.7929
7168.17 -72.2874
7180.18 -72.8889
7192.19 -73.6136
7204.2 -74.4791
7216.22 -75.5047
7228.23 -76.711
7240.24 -78.1201
7252.25 -79.7546
7264.26 -81.638
7276.28 -83.7933
7288.29 -86.2427
7300.3 -89.0062
7312.31 -92.1011
7324.32 -95.5398
7336.34 -99.3294
7348.35 -103.47
7360.36 -107.952
7372.37 -112.758
7384.38 -117.862
7396.4 -123.225
7408.41 -128.803
7420.42 -134.543
7432.43 -140.387
7444.44 -146.277
7456.46 -152.164
7468.47 -158.026
7480.48 -163.906
7492.49 -169.315
7504.5 -174.337
7516.52 -178.968
7528.53 -183.185
7540.54 -186.962
7552.55 -190.268
7564.56 -193.039
7576.58 -195.067
7588.59 -196.343
7600.6 -198.109
7612.61 -199.886
7624.62 -201.606
7636.64 -203.255
7648.65 -204.843
7660.66 -206.394
7672.67 -207.956
7684.68 -209.732
7696.7 -211.382
7708.71 -212.747
7720.72 -213.98
7732.73 -215.129
7744.74 -216.227
7756.76 -217.3
7768.77 -218.379
7780.78 -219.514
7792.79 -220.888
7804.8 -222.053
7816.82 -223.073
7828.83 -224.02
7840.84 -224.924
7852.85 -225.805
7864.86 -226.681
7876.88 -227.573
7888.89 -228.523
7900.9 -229.642
7912.91 -230.545
7924.92 -231.346
7936.94 -232.081
7948.95 -232.764
7960.96 -233.4
7972.97 -233.992
7984.98 -234.534
7997 -234.996
8009.01 -235.364
8021.02 -235.849
8033.03 -236.375
8045.05 -236.93
8057.06 -237.514
8069.07 -238.132
8081.08 -238.802
8093.09 -239.561
8105.11 -240.6
8117.12 -241.627
8129.13 -242.25
8141.14 -242.683
8153.15 -242.958
8165.17 -243.079
8177.18 -243.032
8189.19 -242.783
8201.2 -242.237
8213.21 -240.893
8225.23 -240.009
8237.24 -239.522
8249.25 -239.228
8261.26 -239.072
8273.27 -239.036
8285.29 -239.129
8297.3 -239.39
8309.31 -239.958
8321.32 -241.331
8333.33 -241.755
8345.35 -241.648
8357.36 -241.152
8369.37 -240.286
8381.38 -239.02
8393.39 -237.267
8405.41 -234.833
8417.42 -231.09
8429.43 -225.368
8441.44 -222.411
8453.45 -220.519
8465.47 -219.354
8477.48 -218.815
8489.49 -218.901
8501.5 -219.714
8513.51 -221.551
8525.53 -225.753
8537.54 -230.86
8549.55 -232.554
8561.56 -232.898
8573.57 -232.212
8585.59 -230.571
8597.6 -227.921
8609.61 -224.052
8621.62 -218.391
8633.63 -207.676
8645.65 -199.661
8657.66 -194.603
8669.67 -191.014
8681.68 -188.506
8693.69 -186.944
8705.71 -186.327
8717.72 -186.803
8729.73 -188.893
8741.74 -194.719
8753.75 -197.549
8765.77 -198.863
8777.78 -199.373
8789.79 -199.325
8801.8 -198.84
8813.81 -197.992
8825.83 -196.826
8837.84 -195.373
8849.85 -193.655
8861.86 -191.689
8873.87 -189.487
8885.89 -187.058
8897.9 -184.411
8909.91 -181.55
8921.92 -178.483
8933.93 -175.213
8945.95 -171.744
8957.96 -168.081
8969.97 -164.228
8981.98 -160.187
8993.99 -155.964
9006.01 -151.562
9018.02 -146.986
9030.03 -142.239
9042.04 -137.327
9054.05 -132.255
9066.07 -127.028
9078.08 -121.652
9090.09 -116.133
9102.1 -110.478
9114.11 -104.693
9126.13 -98.7861
9138.14 -92.7645
9150.15 -86.6362
9162.16 -80.4093
9174.17 -74.0926
9186.19 -67.6948
9198.2 -61.2249
9210.21 -54.6923
9222.22 -48.1064
9234.23 -41.4768
9246.25 -34.8134
9258.26 -28.1257
9270.27 -21.4238
9282.28 -14.7174
9294.29 -8.01619
9306.31 -1.32992
9318.32 5.33188
9330.33 11.9598
9342.34 18.5448
9354.35 25.0779
9366.37 31.5504
9378.38 37.954
9390.39 44.2808
9402.4 50.5229
9414.41 56.6733
9426.43 62.725
9438.44 68.6715
9450.45 74.507
9462.46 80.2257
9474.47 85.8226
9486.49 91.293
9498.5 96.6327
9510.51 101.838
9522.52 106.905
9534.53 111.832
9546.55 116.616
9558.56 121.254
9570.57 125.746
9582.58 130.09
9594.59 134.285
9606.61 138.331
9618.62 142.227
9630.63 145.975
9642.64 149.573
9654.65 153.024
9666.67 156.328
9678.68 159.487
9690.69 162.502
9702.7 165.375
9714.71 168.108
9726.73 170.703
9738.74 173.162
9750.75 175.488
9762.76 177.683
9774.77 179.75
9786.79 181.692
9798.8 183.512
9810.81 185.212
9822.82 186.796
9834.83 188.266
9846.85 189.625
9858.86 190.877
9870.87 192.024
9882.88 193.07
9894.89 194.018
9906.91 194.87
9918.92 195.629
9930.93 196.299
9942.94 196.883
9954.95 197.383
9966.97 197.801
9978.98 198.142
9990.99 198.408
10003 198.601
10015 198.723
10027 198.778
10039 198.769
10051.1 198.696
10063.1 198.564
10075.1 198.373
10087.1 198.127
10099.1 197.828
10111.1 197.477
10123.1 197.077
10135.1 196.629
10147.1 196.137
10159.2 195.6
10171.2 195.023
10183.2 194.405
10195.2 193.749
10207.2 193.057
10219.2 192.33
10231.2 191.57
10243.2 190.777
10255.3 189.954
10267.3 189.102
10279.3 188.222
10291.3 187.316
10303.3 186.385
10315.3 185.429
10327.3 184.451
10339.3 183.451
10351.4 182.431
10363.4 181.391
10375.4 180.332
10387.4 179.256
10399.4 178.163
10411.4 177.055
10423.4 175.932
10435.4 174.794
10447.4 173.644
10459.5 172.482
10471.5 171.308
10483.5 170.124
10495.5 168.929
10507.5 167.726
10519.5 166.514
10531.5 165.294
10543.5 164.068
10555.6 162.835
10567.6 161.596
10579.6 160.352
10591.6 159.104
10603.6 157.852
10615.6 156.597
10627.6 155.339
10639.6 154.079
10651.7 152.818
10663.7 151.555
10675.7 150.292
10687.7 149.028
10699.7 147.764
10711.7 146.5
10723.7 145.237
10735.7 143.973
10747.7 142.71
10759.8 141.445
10771.8 140.179
10783.8 138.909
10795.8 137.634
10807.8 136.349
10819.8 135.051
10831.8 133.731
10843.8 132.379
10855.9 130.976
10867.9 129.488
10879.9 127.845
10891.9 125.815
10903.9 123.3
10915.9 121.778
10927.9 120.679
10939.9 119.9
10952 119.413
10964 119.216
10976 119.338
10988 119.858
11000 121.19
11012 122.664
11024 123.613
11036 124.454
11048 125.278
11060.1 126.133
11072.1 127.054
11084.1 128.072
11096.1 129.23
11108.1 130.681
11120.1 132.092
11132.1 133.499
11144.1 134.974
11156.2 136.548
11168.2 138.253
11180.2 140.12
11192.2 142.2
11204.2 144.61
11216.2 147.696
11228.2 150.291
11240.2 152.709
11252.3 155.069
11264.3 157.414
11276.3 159.766
11288.3 162.136
11300.3 164.522
11312.3 166.897
11324.3 169.23
11336.3 171.782
11348.3 174.459
11360.4 177.239
11372.4 180.113
11384.4 183.072
11396.4 186.109
11408.4 189.214
11420.4 192.378
11432.4 195.591
11444.4 198.843
11456.5 202.12
11468.5 205.402
11480.5 208.67
11492.5 211.894
11504.5 215.032
11516.5 218.003
11528.5 220.431
11540.5 223.165
11552.6 226.192
11564.6 229.335
11576.6 232.529
11588.6 235.731
11600.6 238.907
11612.6 242.016
11624.6 244.995
11636.6 247.657
11648.6 250.527
11660.7 253.468
11672.7 256.409
11684.7 259.322
11696.7 262.184
11708.7 264.979
11720.7 267.69
11732.7 270.288
11744.7 272.74
11756.8 275.201
11768.8 277.611
11780.8 279.955
11792.8 282.226
11804.8 284.42
11816.8 286.535
11828.8 288.569
11840.8 290.51
11852.9 292.372
11864.9 294.204
11876.9 295.993
11888.9 297.741
11900.9 299.458
11912.9 301.158
11924.9 302.865
11936.9 304.629
11948.9 306.698
11961 308.535
11973 310.082
11985 311.469
11997 312.74
12009 313.917
12021 315.018
12033 316.059
12045 317.056
12057.1 318.048
12069.1 318.968
12081.1 319.845
12093.1 320.701
12105.1 321.557
12117.1 322.437
12129.1 323.379
12141.1 324.45
12153.2 325.833
12165.2 327.88
12177.2 328.976
12189.2 329.647
12201.2 330.024
12213.2 330.154
12225.2 330.052
12237.2 329.714
12249.2 329.1
12261.3 328.038
12273.3 326.573
12285.3 325.585
12297.3 324.698
12309.3 323.844
12321.3 322.988
12333.3 322.11
12345.3 321.187
12357.4 320.187
12369.4 318.966
12381.4 317.8
12393.4 316.761
12405.4 315.756
12417.4 314.756
12429.4 313.737
12441.4 312.673
12453.5 311.52
12465.5 310.184
12477.5 308.234
12489.5 306.862
12501.5 305.889
12513.5 305.165
12525.5 304.648
12537.5 304.326
12549.5 304.208
12561.6 304.331
12573.6 304.811
12585.6 305.942
12597.6 306.531
12609.6 306.943
12621.6 307.285
12633.6 307.605
12645.6 307.934
12657.7 308.3
12669.7 308.748
12681.7 309.393
12693.7 310.265
12705.7 310.741
12717.7 311.079
12729.7 311.335
12741.7 311.533
12753.8 311.691
12765.8 311.826
12777.8 311.961
12789.8 312.194
12801.8 312.356
12813.8 312.34
12825.8 312.219
12837.8 312.007
12849.8 311.704
12861.9 311.301
12873.9 310.772
12885.9 310.05
12897.9 308.792
12909.9 307.91
12921.9 307.312
12933.9 306.869
12945.9 306.546
12958 306.33
12970 306.223
12982 306.244
12994 306.449
13006 307.017
13018 307.311
13030 307.513
13042 307.69
13054.1 307.876
13066.1 308.102
13078.1 308.408
13090.1 308.863
13102.1 309.68
13114.1 311.014
13126.1 311.442
13138.1 311.503
13150.2 311.304
13162.2 310.888
13174.2 310.273
13186.2 309.462
13198.2 308.445
13210.2 307.163
13222.2 305.69
13234.2 304.149
13246.2 302.448
13258.3 300.55
13270.3 298.409
13282.3 295.962
13294.3 293.097
13306.3 289.567
13318.3 284.113
13330.3 279.801
13342.3 276.512
13354.4 273.703
13366.4 271.198
13378.4 268.899
13390.4 266.729
13402.4 264.598
13414.4 262.336
13426.4 259.394
13438.4 257.532
13450.5 256.32
13462.5 255.592
13474.5 255.305
13486.5 255.465
13498.5 256.12
13510.5 257.399
13522.5 259.714
13534.5 263.561
13546.5 265.737
13558.6 267.399
13570.6 268.808
13582.6 270.081
13594.6 271.295
13606.6 272.525
13618.6 273.877
13630.6 275.7
13642.6 277.694
13654.7 278.73
13666.7 279.353
13678.7 279.652
13690.7 279.654
13702.7 279.354
13714.7 278.707
13726.7 277.586
13738.7 275.256
13750.8 273.438
13762.8 272.211
13774.8 271.219
13786.8 270.354
13798.8 269.554
13810.8 268.765
13822.8 267.919
13834.8 266.867
13846.8 265.058
13858.9 264.182
13870.9 263.884
13882.9 263.994
13894.9 264.47
13906.9 265.319
13918.9 266.585
13930.9 268.387
13942.9 271.079
13955 275.283
13967 277.912
13979 280.012
13991 281.853
14003 283.556
14015 285.21
14027 286.91
14039 288.806
14051.1 291.396
14063.1 294.438
14075.1 295.849
14087.1 296.548
14099.1 296.687
14111.1 296.307
14123.1 295.393
14135.1 293.872
14147.1 291.535
14159.2 287.171
14171.2 283.391
14183.2 280.679
14195.2 278.345
14207.2 276.192
14219.2 274.11
14231.2 272.008
14243.2 269.774
14255.3 267.192
14267.3 263.388
14279.3 260.808
14291.3 259.024
14303.3 257.734
14315.3 256.847
14327.3 256.329
14339.3 256.189
14351.4 256.479
14363.4 257.395
14375.4 259.382
14387.4 260.499
14399.4 261.359
14411.4 262.138
14423.4 262.915
14435.4 263.752
14447.4 264.718
14459.5 265.929
14471.5 267.754
14483.5 270.194
14495.5 271.33
14507.5 271.957
14519.5 272.22
14531.5 272.169
14543.5 271.816
14555.6 271.144
14567.6 270.077
14579.6 268.146
14591.6 266.285
14603.6 264.85
14615.6 263.514
14627.6 262.187
14639.6 260.813
14651.7 259.34
14663.7 257.693
14675.7 255.715
14687.7 252.713
14699.7 250.538
14711.7 248.944
14723.7 247.674
14735.7 246.645
14747.7 245.82
14759.8 245.185
14771.8 244.743
14783.8 244.54
14795.8 244.717
14807.8 244.708
14819.8 244.673
14831.8 244.667
14843.8 244.713
14855.9 244.833
14867.9 245.05
14879.9 245.408
14891.9 246.031
14903.9 246.976
14915.9 247.499
14927.9 247.902
14939.9 248.251
14952 248.583
14964 248.931
14976 249.335
14988 249.873
15000 250.894
15012 251.833
15024 252.121
15036 252.1
15048 251.833
15060.1 251.335
15072.1 250.601
15084.1 249.592
15096.1 248.204
15108.1 245.869
15120.1 244.031
15132.1 242.593
15144.1 241.319
15156.2 240.137
15168.2 239.004
15180.2 237.891
15192.2 236.764
15204.2 235.562
15216.2 234.104
15228.2 232.991
15240.2 232.064
15252.3 231.268
15264.3 230.588
15276.3 230.027
15288.3 229.6
15300.3 229.353
15312.3 229.435
15324.3 229.991
15336.3 229.913
15348.3 229.61
15360.4 229.167
15372.4 228.623
15384.4 228
15396.4 227.318
15408.4 226.607
15420.4 225.972
15432.4 225.289
15444.4 224.237
15456.5 222.961
15468.5 221.469
15480.5 219.746
15492.5 217.748
15504.5 215.389
15516.5 212.465
15528.5 207.871
15540.5 204.255
15552.6 201.626
15564.6 199.494
15576.6 197.718
15588.6 196.238
15600.6 195.029
15612.6 194.094
15624.6 193.482
15636.6 193.418
15648.6 193.171
15660.7 192.916
15672.7 192.741
15684.7 192.692
15696.7 192.814
15708.7 193.17
15720.7 193.871
15732.7 195.229
15744.7 197.683
15756.8 198.78
15768.8 199.386
15780.8 199.709
15792.8 199.838
15804.8 199.829
15816.8 199.73
15828.8 199.596
15840.8 199.58
15852.9 199.595
15864.9 199.129
15876.9 198.431
15888.9 197.547
15900.9 196.498
15912.9 195.295
15924.9 193.937
15936.9 192.409
15948.9 190.594
15961 188.768
15973 186.968
15985 185.131
15997 183.24
16009 181.288
16021 179.268
16033 177.174
16045 174.996
16057.1 172.699
16069.1 170.369
16081.1 167.981
16093.1 165.518
16105.1 162.965
16117.1 160.303
16129.1 157.504
16141.1 154.511
16153.2 151.168
16165.2 147.17
16177.2 143.912
16189.2 140.937
16201.2 138.126
16213.2 135.427
16225.2 132.807
16237.2 130.235
16249.2 127.662
16261.3 124.925
16273.3 122.07
16285.3 119.905
16297.3 118.107
16309.3 116.643
16321.3 115.526
16333.3 114.808
16345.3 114.599
16357.4 115.151
16369.4 117.858
16381.4 119.851
16393.4 120.35
16405.4 120.212
16417.4 119.66
16429.4 118.805
16441.4 117.717
16453.5 116.453
16465.5 115.085
16477.5 113.842
16489.5 112.144
16501.5 110.084
16513.5 107.739
16525.5 105.126
16537.5 102.24
16549.5 99.0521
16561.6 95.4971
16573.6 91.3764
16585.6 86.2059
16597.6 81.9542
16609.6 78.0212
16621.6 74.2306
16633.6 70.5101
16645.6 66.8156
16657.7 63.1108
16669.7 59.3528
16681.7 55.4406
16693.7 51.3449
16705.7 47.5609
16717.7 43.8736
16729.7 40.2325
16741.7 36.6072
16753.8 32.9698
16765.8 29.2852
16777.8 25.4904
16789.8 21.2903
16801.8 17.2009
16813.8 13.5414
16825.8 10.0734
16837.8 6.7377
16849.8 3.50199
16861.9 0.340778
16873.9 -2.77513
16885.9 -5.9007
16897.9 -9.28662
16909.9 -12.2731
16921.9 -14.9232
16933.9 -17.322
16945.9 -19.4815
16958 -21.3865
16970 -22.9939
16982 -24.2078
16994 -24.758
17006 -23.837
17018 -24.3785
17030 -25.579
17042 -27.1709
17054.1 -29.0615
17066.1 -31.2117
17078.1 -33.6119
17090.1 -36.2832
17102.1 -39.3315
17114.1 -42.8384
17126.1 -46.0415
17138.1 -49.2418
17150.2 -52.5156
17162.2 -55.9136
17174.2 -59.491
17186.2 -63.3287
17198.2 -67.5861
17210.2 -72.9316
17222.2 -78.4585
17234.2 -82.6978
17246.2 -86.4718
17258.3 -89.9467
17270.3 -93.2063
17282.3 -96.3078
17294.3 -99.3044
17306.3 -102.274
17318.3 -105.538
17330.3 -108.346
17342.3 -110.729
17354.4 -112.819
17366.4 -114.651
17378.4 -116.234
17390.4 -117.56
17402.4 -118.592
17414.4 -119.221
17426.4 -119.05
17438.4 -119.391
17450.5 -119.922
17462.5 -120.506
17474.5 -121.091
17486.5 -121.644
17498.5 -122.136
17510.5 -122.529
17522.5 -122.728
17534.5 -122.625
17546.5 -122.874
17558.6 -123.233
17570.6 -123.643
17582.6 -124.075
17594.6 -124.507
17606.6 -124.912
17618.6 -125.246
17630.6 -125.338
17642.6 -125.347
17654.7 -125.855
17666.7 -126.595
17678.7 -127.529
17690.7 -128.658
17702.7 -130.004
17714.7 -131.623
17726.7 -133.654
17738.7 -136.851
17750.8 -139.465
17762.8 -141.419
17774.8 -143.078
17786.8 -144.553
17798.8 -145.907
17810.8 -147.192
17822.8 -148.466
17834.8 -149.846
17846.8 -151.749
17858.9 -152.928
17870.9 -153.652
17882.9 -154.058
17894.9 -154.189
17906.9 -154.058
17918.9 -153.66
17930.9 -152.964
17942.9 -151.864
17955 -150.175
17967 -148.812
17979 -147.455
17991 -146.015
18003 -144.438
18015 -142.675
18027 -140.655
18039 -138.252
18051.1 -135.033
18063.1 -131.201
18075.1 -128.547
18087.1 -126.252
18099.1 -124.152
18111.1 -122.166
18123.1 -120.23
18135.1 -118.274
18147.1 -116.183
18159.2 -113.397
18171.2 -111.089
18183.2 -109.478
18195.2 -108.259
18207.2 -107.355
18219.2 -106.743
18231.2 -106.424
18243.2 -106.432
18255.3 -106.875
18267.3 -108.245
18279.3 -109.134
18291.3 -109.794
18303.3 -110.41
18315.3 -111.059
18327.3 -111.799
18339.3 -112.696
18351.4 -113.855
18363.4 -115.544
18375.4 -118.331
18387.4 -119.802
18399.4 -120.723
18411.4 -121.308
18423.4 -121.642
18435.4 -121.776
18447.4 -121.743
18459.5 -121.579
18471.5 -121.364
18483.5 -121.101
18495.5 -120.407
18507.5 -119.434
18519.5 -118.198
18531.5 -116.69
18543.5 -114.88
18555.6 -112.71
18567.6 -110.042
18579.6 -106.152
18591.6 -102.448
18603.6 -99.4644
18615.6 -96.699
18627.6 -94.0107
18639.6 -91.3126
18651.7 -88.5237
18663.7 -85.5355
18675.7 -82.1266
18687.7 -77.3205
18699.7 -73.7059
18711.7 -70.9343
18723.7 -68.6412
18735.7 -66.7071
18747.7 -65.0732
18759.8 -63.7075
18771.8 -62.5944
18783.8 -61.7365
18795.8 -61.1689
18807.8 -60.7359
18819.8 -60.4874
18831.8 -60.4487
18843.8 -60.6449
18855.9 -61.1118
18867.9 -61.9085
18879.9 -63.1523
18891.9 -65.2134
18903.9 -68.2565
18915.9 -70.0376
18927.9 -71.4587
18939.9 -72.7123
18952 -73.8971
18964 -75.0908
18976 -76.3824
18988 -77.9244
19000 -80.3768
