7000 -16.6921
7012.01 -17.1396
7024.02 -17.6147
7036.04 -18.1185
7048.05 -18.6515
7060.06 -19.2145
7072.07 -19.8083
7084.08 -20.4332
7096.1 -21.0899
7108.11 -21.7787
7120.12 -22.4999
7132.13 -23.2537
7144.14 -24.0402
7156.16 -24.8592
7168.17 -25.7105
7180.18 -26.5939
7192.19 -27.5087
7204.2 -28.4543
7216.22 -29.4299
7228.23 -30.4346
7240.24 -31.4671
7252.25 -32.5262
7264.26 -33.6104
7276.28 -34.7182
7288.29 -35.8479
7300.3 -36.9977
7312.31 -38.1656
7324.32 -39.3497
7336.34 -40.548
7348.35 -41.7585
7360.36 -42.9792
7372.37 -44.2082
7384.38 -45.4439
7396.4 -46.6847
7408.41 -47.9298
7420.42 -49.1788
7432.43 -50.4328
7444.44 -51.6951
7456.46 -52.975
7468.47 -54.3027
7480.48 -55.7512
7492.49 -57.0029
7504.5 -58.1512
7516.52 -59.2196
7528.53 -60.2138
7540.54 -61.1331
7552.55 -61.9713
7564.56 -62.7128
7576.58 -63.3036
7588.59 -63.7371
7600.6 -64.3111
7612.61 -64.9019
7624.62 -65.4843
7636.64 -66.0459
7648.65 -66.5773
7660.66 -67.0685
7672.67 -67.5023
7684.68 -67.7981
7696.7 -68.1053
7708.71 -68.4982
7720.72 -68.9189
7732.73 -69.3548
7744.74 -69.8017
7756.76 -70.2594
7768.77 -70.7319
7780.78 -71.2326
7792.79 -71.8307
7804.8 -72.3406
7816.82 -72.7836
7828.83 -73.1857
7840.84 -73.5546
7852.85 -73.8934
7864.86 -74.2018
7876.88 -74.4758
7888.89 -74.6986
7900.9 -74.819
7912.91 -75.0388
7924.92 -75.3051
7936.94 -75.6037
7948.95 -75.9329
7960.96 -76.2968
7972.97 -76.7057
7984.98 -77.1822
7997 -77.8006
8009.01 -78.604
8021.02 -79.1079
8033.03 -79.498
8045.05 -79.8098
8057.06 -80.0559
8069.07 -80.2387
8081.08 -80.3523
8093.09 -80.3737
8105.11 -80.1794
8117.12 -79.9645
8129.13 -79.9895
8141.14 -80.1147
8153.15 -80.3195
8165.17 -80.6022
8177.18 -80.9732
8189.19 -81.4597
8201.2 -82.1323
8213.21 -83.3676
8225.23 -84.2158
8237.24 -84.7242
8249.25 -85.0442
8261.26 -85.2161
8273.27 -85.2517
8285.29 -85.1452
8297.3 -84.8676
8309.31 -84.326
8321.32 -83.1946
8333.33 -82.5932
8345.35 -82.2435
8357.36 -82.0418
8369.37 -81.9566
8381.38 -81.9798
8393.39 -82.1199
8405.41 -82.4103
8417.42 -82.9711
8429.43 -83.9328
8441.44 -84.3541
8453.45 -84.5707
8465.47 -84.6497
8477.48 -84.6123
8489.49 -84.4614
8501.5 -84.1832
8513.51 -83.7342
8525.53 -82.9144
8537.54 -81.9416
8549.55 -81.4594
8561.56 -81.1596
8573.57 -80.9941
8585.59 -80.9509
8597.6 -81.0371
8609.61 -81.283
8621.62 -81.7728
8633.63 -82.9904
8645.65 -83.7814
8657.66 -84.1065
8669.67 -84.1846
8681.68 -84.071
8693.69 -83.7824
8705.71 -83.3143
8717.72 -82.6358
8729.73 -81.6492
8741.74 -79.9657
8753.75 -78.8112
8765.77 -77.9143
8777.78 -77.1438
8789.79 -76.4537
8801.8 -75.8206
8813.81 -75.2302
8825.83 -74.6734
8837.84 -74.1437
8849.85 -73.6361
8861.86 -73.1471
8873.87 -72.6738
8885.89 -72.214
8897.9 -71.7656
8909.91 -71.3273
8921.92 -70.8976
8933.93 -70.4754
8945.95 -70.0598
8957.96 -69.6499
8969.97 -69.2451
8981.98 -68.8445
8993.99 -68.4477
9006.01 -68.054
9018.02 -67.6631
9030.03 -67.2745
9042.04 -66.8877
9054.05 -66.5025
9066.07 -66.1184
9078.08 -65.7352
9090.09 -65.3525
9102.1 -64.9701
9114.11 -64.5876
9126.13 -64.205
9138.14 -63.8218
9150.15 -63.438
9162.16 -63.0532
9174.17 -62.6673
9186.19 -62.28
9198.2 -61.8912
9210.21 -61.5008
9222.22 -61.1084
9234.23 -60.714
9246.25 -60.3173
9258.26 -59.9183
9270.27 -59.5167
9282.28 -59.1125
9294.29 -58.7053
9306.31 -58.2952
9318.32 -57.8819
9330.33 -57.4654
9342.34 -57.0454
9354.35 -56.6218
9366.37 -56.1945
9378.38 -55.7634
9390.39 -55.3283
9402.4 -54.8891
9414.41 -54.4456
9426.43 -53.9978
9438.44 -53.5455
9450.45 -53.0885
9462.46 -52.6269
9474.47 -52.1603
9486.49 -51.6887
9498.5 -51.2121
9510.51 -50.7301
9522.52 -50.2429
9534.53 -49.7501
9546.55 -49.2517
9558.56 -48.7477
9570.57 -48.2377
9582.58 -47.7219
9594.59 -47.1999
9606.61 -46.6718
9618.62 -46.1373
9630.63 -45.5965
9642.64 -45.0491
9654.65 -44.495
9666.67 -43.9342
9678.68 -43.3665
9690.69 -42.7919
9702.7 -42.2101
9714.71 -41.6211
9726.73 -41.0248
9738.74 -40.4211
9750.75 -39.8099
9762.76 -39.191
9774.77 -38.5643
9786.79 -37.9298
9798.8 -37.2873
9810.81 -36.6368
9822.82 -35.9781
9834.83 -35.3111
9846.85 -34.6357
9858.86 -33.9519
9870.87 -33.2594
9882.88 -32.5583
9894.89 -31.8485
9906.91 -31.1297
9918.92 -30.402
9930.93 -29.6653
9942.94 -28.9193
9954.95 -28.1642
9966.97 -27.3997
9978.98 -26.6258
9990.99 -25.8424
10003 -25.0494
10015 -24.2467
10027 -23.4343
10039 -22.612
10051.1 -21.7799
10063.1 -20.9378
10075.1 -20.0856
10087.1 -19.2233
10099.1 -18.3508
10111.1 -17.4681
10123.1 -16.575
10135.1 -15.6716
10147.1 -14.7578
10159.2 -13.8335
10171.2 -12.8987
10183.2 -11.9533
10195.2 -10.9972
10207.2 -10.0306
10219.2 -9.0532
10231.2 -8.06513
10243.2 -7.0663
10255.3 -6.05671
10267.3 -5.03633
10279.3 -4.00514
10291.3 -2.96315
10303.3 -1.91033
10315.3 -0.846707
10327.3 0.227731
10339.3 1.31297
10351.4 2.40899
10363.4 3.51577
10375.4 4.63327
10387.4 5.76148
10399.4 6.90034
10411.4 8.0498
10423.4 9.20981
10435.4 10.3803
10447.4 11.5612
10459.5 12.7525
10471.5 13.9539
10483.5 15.1656
10495.5 16.3873
10507.5 17.6189
10519.5 18.8603
10531.5 20.1114
10543.5 21.372
10555.6 22.6419
10567.6 23.921
10579.6 25.2092
10591.6 26.5061
10603.6 27.8116
10615.6 29.1254
10627.6 30.4474
10639.6 31.7771
10651.7 33.1145
10663.7 34.459
10675.7 35.8105
10687.7 37.1685
10699.7 38.5326
10711.7 39.9025
10723.7 41.2777
10735.7 42.6576
10747.7 44.0418
10759.8 45.4297
10771.8 46.8206
10783.8 48.2137
10795.8 49.6084
10807.8 51.0035
10819.8 52.3982
10831.8 53.7911
10843.8 55.1807
10855.9 56.5651
10867.9 57.9416
10879.9 59.306
10891.9 60.647
10903.9 61.9586
10915.9 63.2978
10927.9 64.6384
10939.9 65.9725
10952 67.2935
10964 68.5936
10976 69.8614
10988 71.0745
11000 72.1338
11012 73.194
11024 74.4105
11036 75.6836
11048 76.9903
11060.1 78.3173
11072.1 79.6538
11084.1 80.9877
11096.1 82.2984
11108.1 83.4985
11120.1 84.7964
11132.1 86.1745
11144.1 87.595
11156.2 89.0433
11168.2 90.5088
11180.2 91.9808
11192.2 93.4438
11204.2 94.8627
11216.2 96.1331
11228.2 97.6078
11240.2 99.1922
11252.3 100.851
11264.3 102.57
11276.3 104.343
11288.3 106.165
11300.3 108.032
11312.3 109.935
11324.3 111.87
11336.3 113.89
11348.3 115.979
11360.4 118.139
11372.4 120.377
11384.4 122.706
11396.4 125.151
11408.4 127.766
11420.4 130.771
11432.4 133.92
11444.4 136.575
11456.5 139.058
11468.5 141.427
11480.5 143.706
11492.5 145.905
11504.5 148.026
11516.5 150.053
11528.5 151.871
11540.5 153.77
11552.6 155.755
11564.6 157.776
11576.6 159.82
11588.6 161.885
11600.6 163.97
11612.6 166.081
11624.6 168.235
11636.6 170.489
11648.6 172.663
11660.7 174.802
11672.7 176.928
11684.7 179.053
11696.7 181.191
11708.7 183.355
11720.7 185.575
11732.7 187.927
11744.7 190.52
11756.8 192.743
11768.8 194.811
11780.8 196.773
11792.8 198.649
11804.8 200.448
11816.8 202.176
11828.8 203.831
11840.8 205.396
11852.9 206.889
11864.9 208.393
11876.9 209.871
11888.9 211.318
11900.9 212.733
11912.9 214.116
11924.9 215.468
11936.9 216.792
11948.9 218.105
11961 219.367
11973 220.574
11985 221.735
11997 222.851
12009 223.922
12021 224.948
12033 225.925
12045 226.84
12057.1 227.645
12069.1 228.496
12081.1 229.366
12093.1 230.24
12105.1 231.12
12117.1 232.012
12129.1 232.93
12141.1 233.907
12153.2 235.036
12165.2 236.505
12177.2 237.439
12189.2 238.118
12201.2 238.608
12213.2 238.931
12225.2 239.089
12237.2 239.07
12249.2 238.838
12261.3 238.255
12273.3 237.351
12285.3 236.812
12297.3 236.341
12309.3 235.88
12321.3 235.401
12333.3 234.882
12345.3 234.301
12357.4 233.624
12369.4 232.7
12381.4 231.82
12393.4 231.06
12405.4 230.323
12417.4 229.579
12429.4 228.806
12441.4 227.98
12453.5 227.066
12465.5 225.991
12477.5 224.43
12489.5 223.272
12501.5 222.382
12513.5 221.643
12525.5 221.02
12537.5 220.498
12549.5 220.077
12561.6 219.769
12573.6 219.627
12585.6 219.784
12597.6 219.678
12609.6 219.477
12621.6 219.228
12633.6 218.95
12645.6 218.652
12657.7 218.339
12669.7 218.013
12681.7 217.674
12693.7 217.322
12705.7 216.993
12717.7 216.679
12729.7 216.38
12741.7 216.101
12753.8 215.848
12765.8 215.636
12777.8 215.493
12789.8 215.563
12801.8 215.584
12813.8 215.389
12825.8 215.095
12837.8 214.726
12849.8 214.288
12861.9 213.782
12873.9 213.195
12885.9 212.49
12897.9 211.463
12909.9 210.661
12921.9 210.03
12933.9 209.496
12945.9 209.04
12958 208.66
12970 208.362
12982 208.17
12994 208.148
13006 208.495
13018 208.494
13030 208.343
13042 208.109
13054.1 207.82
13066.1 207.49
13078.1 207.13
13090.1 206.75
13102.1 206.368
13114.1 205.998
13126.1 205.544
13138.1 205.044
13150.2 204.508
13162.2 203.938
13174.2 203.336
13186.2 202.702
13198.2 202.032
13210.2 201.307
13222.2 200.555
13234.2 199.821
13246.2 199.081
13258.3 198.329
13270.3 197.563
13282.3 196.782
13294.3 195.983
13306.3 195.167
13318.3 194.342
13330.3 193.475
13342.3 192.563
13354.4 191.604
13366.4 190.588
13378.4 189.504
13390.4 188.327
13402.4 187.014
13414.4 185.45
13426.4 183.238
13438.4 181.681
13450.5 180.459
13462.5 179.443
13474.5 178.59
13486.5 177.881
13498.5 177.313
13510.5 176.898
13522.5 176.695
13534.5 176.777
13546.5 176.656
13558.6 176.507
13570.6 176.372
13582.6 176.271
13594.6 176.22
13606.6 176.237
13618.6 176.357
13630.6 176.691
13642.6 177.145
13654.7 177.353
13666.7 177.498
13678.7 177.616
13690.7 177.728
13702.7 177.85
13714.7 177.999
13726.7 178.206
13738.7 178.608
13750.8 178.901
13762.8 179.074
13774.8 179.193
13786.8 179.281
13798.8 179.351
13810.8 179.415
13822.8 179.484
13834.8 179.584
13846.8 179.796
13858.9 179.882
13870.9 179.897
13882.9 179.869
13894.9 179.811
13906.9 179.731
13918.9 179.636
13930.9 179.535
13942.9 179.451
13955 179.417
13967 179.268
13979 179.059
13991 178.805
14003 178.513
14015 178.186
14027 177.826
14039 177.437
14051.1 177.034
14063.1 176.607
14075.1 176.083
14087.1 175.488
14099.1 174.819
14111.1 174.068
14123.1 173.218
14135.1 172.237
14147.1 171.057
14159.2 169.296
14171.2 167.767
14183.2 166.619
14195.2 165.639
14207.2 164.768
14219.2 163.978
14231.2 163.249
14243.2 162.564
14255.3 161.903
14267.3 161.193
14279.3 160.623
14291.3 160.157
14303.3 159.772
14315.3 159.463
14327.3 159.229
14339.3 159.076
14351.4 159.019
14363.4 159.104
14375.4 159.435
14387.4 159.567
14399.4 159.641
14411.4 159.696
14423.4 159.75
14435.4 159.812
14447.4 159.894
14459.5 160.009
14471.5 160.191
14483.5 160.444
14495.5 160.604
14507.5 160.742
14519.5 160.878
14531.5 161.022
14543.5 161.184
14555.6 161.38
14567.6 161.637
14579.6 162.092
14591.6 162.481
14603.6 162.705
14615.6 162.856
14627.6 162.96
14639.6 163.03
14651.7 163.079
14663.7 163.121
14675.7 163.182
14687.7 163.379
14699.7 163.398
14711.7 163.28
14723.7 163.064
14735.7 162.762
14747.7 162.375
14759.8 161.896
14771.8 161.311
14783.8 160.573
14795.8 159.562
14807.8 158.728
14819.8 157.935
14831.8 157.135
14843.8 156.304
14855.9 155.418
14867.9 154.451
14879.9 153.351
14891.9 151.97
14903.9 150.242
14915.9 149.063
14927.9 148.074
14939.9 147.205
14952 146.422
14964 145.707
14976 145.046
14988 144.428
15000 143.825
15012 143.268
15024 142.787
15036 142.36
15048 141.981
15060.1 141.648
15072.1 141.362
15084.1 141.125
15096.1 140.947
15108.1 140.88
15120.1 140.792
15132.1 140.695
15144.1 140.611
15156.2 140.549
15168.2 140.519
15180.2 140.528
15192.2 140.596
15204.2 140.765
15216.2 141.168
15228.2 141.348
15240.2 141.425
15252.3 141.446
15264.3 141.427
15276.3 141.378
15288.3 141.303
15300.3 141.208
15312.3 141.097
15324.3 140.973
15336.3 140.83
15348.3 140.672
15360.4 140.505
15372.4 140.331
15384.4 140.156
15396.4 139.993
15408.4 139.863
15420.4 139.866
15432.4 139.886
15444.4 139.627
15456.5 139.232
15468.5 138.722
15480.5 138.097
15492.5 137.349
15504.5 136.455
15516.5 135.355
15528.5 133.733
15540.5 132.34
15552.6 131.175
15564.6 130.092
15576.6 129.042
15588.6 127.996
15600.6 126.925
15612.6 125.794
15624.6 124.523
15636.6 122.843
15648.6 121.593
15660.7 120.577
15672.7 119.704
15684.7 118.943
15696.7 118.281
15708.7 117.713
15720.7 117.245
15732.7 116.907
15744.7 116.744
15756.8 116.487
15768.8 116.234
15780.8 116.009
15792.8 115.829
15804.8 115.712
15816.8 115.681
15828.8 115.785
15840.8 116.196
15852.9 116.797
15864.9 116.938
15876.9 116.925
15888.9 116.815
15900.9 116.637
15912.9 116.41
15924.9 116.151
15936.9 115.885
15948.9 115.707
15961 115.419
15973 115.002
15985 114.506
15997 113.947
16009 113.336
16021 112.681
16033 111.992
16045 111.29
16057.1 110.643
16069.1 109.851
16081.1 108.954
16093.1 107.977
16105.1 106.928
16117.1 105.813
16129.1 104.634
16141.1 103.393
16153.2 102.095
16165.2 100.75
16177.2 99.3036
16189.2 97.7674
16201.2 96.1388
16213.2 94.4089
16225.2 92.5615
16237.2 90.5673
16249.2 88.3641
16261.3 85.7313
16273.3 82.7193
16285.3 80.4124
16297.3 78.3494
16309.3 76.4494
16321.3 74.682
16333.3 73.0378
16345.3 71.5236
16357.4 70.1727
16369.4 69.2012
16381.4 68.1543
16393.4 66.9089
16405.4 65.601
16417.4 64.2683
16429.4 62.9328
16441.4 61.6131
16453.5 60.3319
16465.5 59.1319
16477.5 58.1842
16489.5 57.0351
16501.5 55.7603
16513.5 54.4255
16525.5 53.0567
16537.5 51.6716
16549.5 50.2868
16561.6 48.9237
16573.6 47.6274
16585.6 46.4967
16597.6 45.161
16609.6 43.7411
16621.6 42.2772
16633.6 40.7908
16645.6 39.3004
16657.7 37.8285
16669.7 36.4129
16681.7 35.1669
16693.7 34.1164
16705.7 32.6305
16717.7 30.9668
16729.7 29.1744
16741.7 27.2735
16753.8 25.2726
16765.8 23.1732
16777.8 20.9671
16789.8 18.5946
16801.8 16.1653
16813.8 13.7452
16825.8 11.2796
16837.8 8.74869
16849.8 6.13329
16861.9 3.40721
16873.9 0.525531
16885.9 -2.61551
16897.9 -6.51403
16909.9 -9.86958
16921.9 -12.8221
16933.9 -15.5644
16945.9 -18.1582
16958 -20.6344
16970 -23.011
16982 -25.2993
16994 -27.5051
17006 -29.627
17018 -31.6964
17030 -33.7091
17042 -35.6647
17054.1 -37.5636
17066.1 -39.4056
17078.1 -41.1892
17090.1 -42.9102
17102.1 -44.5531
17114.1 -46.1066
17126.1 -47.6812
17138.1 -49.2353
17150.2 -50.7602
17162.2 -52.2522
17174.2 -53.7084
17186.2 -55.1263
17198.2 -56.5016
17210.2 -57.8191
17222.2 -59.0983
17234.2 -60.3709
17246.2 -61.6178
17258.3 -62.8339
17270.3 -64.0153
17282.3 -65.1571
17294.3 -66.2514
17306.3 -67.2807
17318.3 -68.1547
17330.3 -69.0953
17342.3 -70.0947
17354.4 -71.1144
17366.4 -72.1426
17378.4 -73.1732
17390.4 -74.2012
17402.4 -75.2205
17414.4 -76.2163
17426.4 -77.1353
17438.4 -78.1633
17450.5 -79.2604
17462.5 -80.4151
17474.5 -81.6309
17486.5 -82.9195
17498.5 -84.3043
17510.5 -85.8329
17522.5 -87.6497
17534.5 -89.9251
17546.5 -91.5683
17558.6 -92.9741
17570.6 -94.2315
17582.6 -95.3786
17594.6 -96.4379
17606.6 -97.4263
17618.6 -98.3611
17630.6 -99.2825
17642.6 -100.164
17654.7 -100.893
17666.7 -101.528
17678.7 -102.08
17690.7 -102.553
17702.7 -102.947
17714.7 -103.262
17726.7 -103.488
17738.7 -103.573
17750.8 -103.636
17762.8 -103.681
17774.8 -103.679
17786.8 -103.619
17798.8 -103.489
17810.8 -103.274
17822.8 -102.948
17834.8 -102.449
17846.8 -101.541
17858.9 -100.94
17870.9 -100.491
17882.9 -100.11
17894.9 -99.7673
17906.9 -99.4441
17918.9 -99.1255
17930.9 -98.7937
17942.9 -98.4098
17955 -97.9109
17967 -97.5982
17979 -97.3695
17991 -97.2009
18003 -97.0842
18015 -97.0181
18027 -97.0064
18039 -97.0625
18051.1 -97.2407
18063.1 -97.5134
18075.1 -97.6449
18087.1 -97.7426
18099.1 -97.8281
18111.1 -97.9135
18123.1 -98.0095
18135.1 -98.1297
18147.1 -98.2997
18159.2 -98.6483
18171.2 -98.9047
18183.2 -99.0197
18195.2 -99.0658
18207.2 -99.0635
18219.2 -99.0236
18231.2 -98.9542
18243.2 -98.8636
18255.3 -98.7663
18267.3 -98.7187
18279.3 -98.5621
18291.3 -98.3233
18303.3 -98.0198
18315.3 -97.6548
18327.3 -97.226
18339.3 -96.7257
18351.4 -96.1363
18363.4 -95.4065
18375.4 -94.4237
18387.4 -93.6707
18399.4 -92.9944
18411.4 -92.3517
18423.4 -91.7245
18435.4 -91.1013
18447.4 -90.472
18459.5 -89.8242
18471.5 -89.1271
18483.5 -88.3778
18495.5 -87.7197
18507.5 -87.0892
18519.5 -86.472
18531.5 -85.8599
18543.5 -85.2458
18555.6 -84.6213
18567.6 -83.9725
18579.6 -83.2344
18591.6 -82.5279
18603.6 -81.8983
18615.6 -81.3006
18627.6 -80.7213
18639.6 -80.1512
18651.7 -79.581
18663.7 -78.9971
18675.7 -78.3701
18687.7 -77.5651
18699.7 -76.9461
18711.7 -76.4669
18723.7 -76.0796
18735.7 -75.7721
18747.7 -75.5427
18759.8 -75.3977
18771.8 -75.3553
18783.8 -75.47
18795.8 -75.8936
18807.8 -76.051
18819.8 -76.1087
18831.8 -76.1203
18843.8 -76.1076
18855.9 -76.084
18867.9 -76.061
18879.9 -76.0526
18891.9 -76.0935
18903.9 -76.1996
18915.9 -76.1803
18927.9 -76.1136
18939.9 -76.0164
18952 -75.8968
18964 -75.7608
18976 -75.6137
18988 -75.4635
19000 -75.3408
