7000 -22.6146
7012.01 -23.3368
7024.02 -24.0797
7036.04 -24.8434
7048.05 -25.6279
7060.06 -26.4331
7072.07 -27.259
7084.08 -28.1055
7096.1 -28.9723
7108.11 -29.8593
7120.12 -30.7663
7132.13 -31.6929
7144.14 -32.6389
7156.16 -33.6038
7168.17 -34.5873
7180.18 -35.5889
7192.19 -36.6082
7204.2 -37.6445
7216.22 -38.6973
7228.23 -39.766
7240.24 -40.8499
7252.25 -41.9484
7264.26 -43.0608
7276.28 -44.1862
7288.29 -45.324
7300.3 -46.4732
7312.31 -47.6332
7324.32 -48.803
7336.34 -49.9818
7348.35 -51.1687
7360.36 -52.363
7372.37 -53.5637
7384.38 -54.77
7396.4 -55.9811
7408.41 -57.1963
7420.42 -58.4146
7432.43 -59.6356
7444.44 -60.8583
7456.46 -62.0823
7468.47 -63.3064
7480.48 -64.5288
7492.49 -65.7576
7504.5 -66.9915
7516.52 -68.2312
7528.53 -69.4792
7540.54 -70.7404
7552.55 -72.0238
7564.56 -73.3493
7576.58 -74.7873
7588.59 -76.3433
7600.6 -77.6169
7612.61 -78.7679
7624.62 -79.8229
7636.64 -80.7888
7648.65 -81.6631
7660.66 -82.4337
7672.67 -83.0677
7684.68 -83.3805
7696.7 -83.7239
7708.71 -84.2723
7720.72 -84.8895
7732.73 -85.5439
7744.74 -86.2218
7756.76 -86.9165
7768.77 -87.6261
7780.78 -88.3564
7792.79 -89.1521
7804.8 -89.8831
7816.82 -90.5616
7828.83 -91.203
7840.84 -91.8098
7852.85 -92.3804
7864.86 -92.9096
7876.88 -93.3861
7888.89 -93.7769
7900.9 -93.9876
7912.91 -94.3715
7924.92 -94.8312
7936.94 -95.3368
7948.95 -95.8799
7960.96 -96.4602
7972.97 -97.0841
7984.98 -97.7695
7997 -98.5806
8009.01 -99.5542
8021.02 -100.26
8033.03 -100.861
8045.05 -101.388
8057.06 -101.849
8069.07 -102.247
8081.08 -102.572
8093.09 -102.798
8105.11 -102.793
8117.12 -102.764
8129.13 -102.988
8141.14 -103.314
8153.15 -103.72
8165.17 -104.202
8177.18 -104.767
8189.19 -105.44
8201.2 -106.287
8213.21 -107.653
8225.23 -108.663
8237.24 -109.36
8249.25 -109.883
8261.26 -110.27
8273.27 -110.532
8285.29 -110.662
8297.3 -110.635
8309.31 -110.364
8321.32 -109.547
8333.33 -109.224
8345.35 -109.139
8357.36 -109.194
8369.37 -109.362
8381.38 -109.637
8393.39 -110.027
8405.41 -110.568
8417.42 -111.381
8429.43 -112.598
8441.44 -113.274
8453.45 -113.746
8465.47 -114.082
8477.48 -114.306
8489.49 -114.42
8501.5 -114.414
8513.51 -114.244
8525.53 -113.717
8537.54 -113.048
8549.55 -112.868
8561.56 -112.878
8573.57 -113.035
8585.59 -113.33
8597.6 -113.778
8609.61 -114.418
8621.62 -115.361
8633.63 -117.217
8645.65 -118.534
8657.66 -119.265
8669.67 -119.687
8681.68 -119.872
8693.69 -119.844
8705.71 -119.601
8717.72 -119.111
8729.73 -118.268
8741.74 -116.641
8753.75 -115.592
8765.77 -114.818
8777.78 -114.177
8789.79 -113.617
8801.8 -113.113
8813.81 -112.649
8825.83 -112.217
8837.84 -111.808
8849.85 -111.419
8861.86 -111.044
8873.87 -110.682
8885.89 -110.33
8897.9 -109.986
8909.91 -109.649
8921.92 -109.317
8933.93 -108.989
8945.95 -108.664
8957.96 -108.342
8969.97 -108.022
8981.98 -107.703
8993.99 -107.385
9006.01 -107.067
9018.02 -106.749
9030.03 -106.43
9042.04 -106.111
9054.05 -105.79
9066.07 -105.468
9078.08 -105.144
9090.09 -104.818
9102.1 -104.49
9114.11 -104.159
9126.13 -103.825
9138.14 -103.489
9150.15 -103.149
9162.16 -102.807
9174.17 -102.461
9186.19 -102.111
9198.2 -101.757
9210.21 -101.4
9222.22 -101.039
9234.23 -100.673
9246.25 -100.303
9258.26 -99.9287
9270.27 -99.5497
9282.28 -99.166
9294.29 -98.7773
9306.31 -98.3837
9318.32 -97.985
9330.33 -97.581
9342.34 -97.1716
9354.35 -96.7567
9366.37 -96.3362
9378.38 -95.91
9390.39 -95.4779
9402.4 -95.0398
9414.41 -94.5956
9426.43 -94.1452
9438.44 -93.6885
9450.45 -93.2253
9462.46 -92.7556
9474.47 -92.2792
9486.49 -91.7959
9498.5 -91.3058
9510.51 -90.8086
9522.52 -90.3043
9534.53 -89.7927
9546.55 -89.2737
9558.56 -88.7472
9570.57 -88.2131
9582.58 -87.6713
9594.59 -87.1217
9606.61 -86.5641
9618.62 -85.9984
9630.63 -85.4246
9642.64 -84.8424
9654.65 -84.2519
9666.67 -83.6528
9678.68 -83.0451
9690.69 -82.4286
9702.7 -81.8033
9714.71 -81.169
9726.73 -80.5256
9738.74 -79.873
9750.75 -79.2111
9762.76 -78.5398
9774.77 -77.8589
9786.79 -77.1684
9798.8 -76.4682
9810.81 -75.7581
9822.82 -75.038
9834.83 -74.3079
9846.85 -73.5675
9858.86 -72.8169
9870.87 -72.0559
9882.88 -71.2844
9894.89 -70.5023
9906.91 -69.7095
9918.92 -68.9059
9930.93 -68.0913
9942.94 -67.2658
9954.95 -66.4292
9966.97 -65.5814
9978.98 -64.7223
9990.99 -63.8518
10003 -62.9698
10015 -62.0763
10027 -61.1711
10039 -60.2541
10051.1 -59.3253
10063.1 -58.3846
10075.1 -57.4319
10087.1 -56.4672
10099.1 -55.4902
10111.1 -54.5011
10123.1 -53.4996
10135.1 -52.4858
10147.1 -51.4595
10159.2 -50.4207
10171.2 -49.3693
10183.2 -48.3052
10195.2 -47.2285
10207.2 -46.139
10219.2 -45.0366
10231.2 -43.9214
10243.2 -42.7933
10255.3 -41.6522
10267.3 -40.4981
10279.3 -39.3309
10291.3 -38.1506
10303.3 -36.9572
10315.3 -35.7506
10327.3 -34.5308
10339.3 -33.2977
10351.4 -32.0514
10363.4 -30.7918
10375.4 -29.5189
10387.4 -28.2326
10399.4 -26.9331
10411.4 -25.6201
10423.4 -24.2937
10435.4 -22.954
10447.4 -21.6008
10459.5 -20.2342
10471.5 -18.8542
10483.5 -17.4608
10495.5 -16.0538
10507.5 -14.6334
10519.5 -13.1996
10531.5 -11.7522
10543.5 -10.2912
10555.6 -8.81676
10567.6 -7.32868
10579.6 -5.82696
10591.6 -4.31154
10603.6 -2.78237
10615.6 -1.23935
10627.6 0.317621
10639.6 1.88867
10651.7 3.47394
10663.7 5.07364
10675.7 6.688
10687.7 8.31731
10699.7 9.96191
10711.7 11.6223
10723.7 13.2989
10735.7 14.9925
10747.7 16.7038
10759.8 18.434
10771.8 20.1843
10783.8 21.9565
10795.8 23.7528
10807.8 25.5761
10819.8 27.4304
10831.8 29.3214
10843.8 31.2573
10855.9 33.2511
10867.9 35.325
10879.9 37.5249
10891.9 40.0009
10903.9 42.8169
10915.9 45.0299
10927.9 47.006
10939.9 48.8116
10952 50.4685
10964 51.9791
10976 53.3288
10988 54.4717
11000 55.1646
11012 55.8064
11024 56.796
11036 57.887
11048 59.0261
11060.1 60.1855
11072.1 61.3453
11084.1 62.4853
11096.1 63.5738
11108.1 64.4832
11120.1 65.5146
11132.1 66.6419
11144.1 67.8099
11156.2 68.9967
11168.2 70.1865
11180.2 71.3629
11192.2 72.5024
11204.2 73.5524
11216.2 74.3554
11228.2 75.4406
11240.2 76.6654
11252.3 77.9758
11264.3 79.3506
11276.3 80.7778
11288.3 82.2483
11300.3 83.7535
11312.3 85.2762
11324.3 86.8012
11336.3 88.4366
11348.3 90.1446
11360.4 91.9208
11372.4 93.7683
11384.4 95.6967
11396.4 97.726
11408.4 99.9012
11420.4 102.412
11432.4 105.044
11444.4 107.243
11456.5 109.286
11468.5 111.221
11480.5 113.068
11492.5 114.832
11504.5 116.509
11516.5 118.073
11528.5 119.368
11540.5 120.781
11552.6 122.318
11564.6 123.907
11576.6 125.53
11588.6 127.179
11600.6 128.851
11612.6 130.547
11624.6 132.274
11636.6 134.062
11648.6 135.817
11660.7 137.563
11672.7 139.313
11684.7 141.074
11696.7 142.857
11708.7 144.674
11720.7 146.55
11732.7 148.556
11744.7 150.793
11756.8 152.694
11768.8 154.459
11780.8 156.133
11792.8 157.733
11804.8 159.269
11816.8 160.744
11828.8 162.158
11840.8 163.49
11852.9 164.76
11864.9 166.058
11876.9 167.346
11888.9 168.618
11900.9 169.874
11912.9 171.116
11924.9 172.346
11936.9 173.576
11948.9 174.857
11961 176.073
11973 177.21
11985 178.294
11997 179.335
12009 180.333
12021 181.292
12033 182.208
12045 183.072
12057.1 183.841
12069.1 184.659
12081.1 185.5
12093.1 186.356
12105.1 187.227
12117.1 188.123
12129.1 189.062
12141.1 190.08
12153.2 191.284
12165.2 192.885
12177.2 193.905
12189.2 194.658
12201.2 195.221
12213.2 195.621
12225.2 195.865
12237.2 195.944
12249.2 195.833
12261.3 195.416
12273.3 194.721
12285.3 194.322
12297.3 193.972
12309.3 193.623
12321.3 193.253
12333.3 192.845
12345.3 192.383
12357.4 191.844
12369.4 191.13
12381.4 190.425
12393.4 189.775
12405.4 189.117
12417.4 188.428
12429.4 187.688
12441.4 186.875
12453.5 185.953
12465.5 184.842
12477.5 183.186
12489.5 181.964
12501.5 181.025
12513.5 180.243
12525.5 179.576
12537.5 179.01
12549.5 178.54
12561.6 178.176
12573.6 177.963
12585.6 178.02
12597.6 177.845
12609.6 177.585
12621.6 177.283
12633.6 176.954
12645.6 176.606
12657.7 176.241
12669.7 175.86
12681.7 175.451
12693.7 175.014
12705.7 174.628
12717.7 174.266
12729.7 173.923
12741.7 173.603
12753.8 173.31
12765.8 173.054
12777.8 172.858
12789.8 172.845
12801.8 172.79
12813.8 172.557
12825.8 172.24
12837.8 171.859
12849.8 171.419
12861.9 170.917
12873.9 170.34
12885.9 169.647
12897.9 168.627
12909.9 167.846
12921.9 167.248
12933.9 166.755
12945.9 166.347
12958 166.02
12970 165.779
12982 165.645
12994 165.678
13006 166.063
13018 166.133
13030 166.074
13042 165.948
13054.1 165.781
13066.1 165.587
13078.1 165.378
13090.1 165.166
13102.1 164.977
13114.1 164.83
13126.1 164.581
13138.1 164.286
13150.2 163.961
13162.2 163.611
13174.2 163.241
13186.2 162.856
13198.2 162.46
13210.2 162.07
13222.2 161.667
13234.2 161.221
13246.2 160.752
13258.3 160.263
13270.3 159.758
13282.3 159.242
13294.3 158.722
13306.3 158.215
13318.3 157.812
13330.3 157.277
13342.3 156.615
13354.4 155.858
13366.4 155.008
13378.4 154.057
13390.4 152.984
13402.4 151.744
13414.4 150.221
13426.4 148.008
13438.4 146.441
13450.5 145.191
13462.5 144.124
13474.5 143.191
13486.5 142.371
13498.5 141.65
13510.5 141.028
13522.5 140.521
13534.5 140.152
13546.5 139.743
13558.6 139.356
13570.6 139.005
13582.6 138.697
13594.6 138.44
13606.6 138.243
13618.6 138.125
13630.6 138.15
13642.6 138.262
13654.7 138.246
13666.7 138.208
13678.7 138.171
13690.7 138.147
13702.7 138.145
13714.7 138.177
13726.7 138.263
13738.7 138.492
13750.8 138.667
13762.8 138.783
13774.8 138.884
13786.8 138.985
13798.8 139.099
13810.8 139.237
13822.8 139.413
13834.8 139.663
13846.8 140.108
13858.9 140.387
13870.9 140.581
13882.9 140.732
13894.9 140.86
13906.9 140.975
13918.9 141.088
13930.9 141.214
13942.9 141.384
13955 141.652
13967 141.768
13979 141.819
13991 141.827
14003 141.802
14015 141.753
14027 141.685
14039 141.61
14051.1 141.559
14063.1 141.518
14075.1 141.344
14087.1 141.099
14099.1 140.79
14111.1 140.416
14123.1 139.97
14135.1 139.436
14147.1 138.776
14159.2 137.781
14171.2 136.901
14183.2 136.217
14195.2 135.613
14207.2 135.054
14219.2 134.524
14231.2 134.009
14243.2 133.497
14255.3 132.965
14267.3 132.333
14279.3 131.822
14291.3 131.391
14303.3 131.013
14315.3 130.677
14327.3 130.381
14339.3 130.122
14351.4 129.905
14363.4 129.743
14375.4 129.667
14387.4 129.535
14399.4 129.391
14411.4 129.246
14423.4 129.105
14435.4 128.97
14447.4 128.842
14459.5 128.721
14471.5 128.604
14483.5 128.493
14495.5 128.413
14507.5 128.355
14519.5 128.32
14531.5 128.312
14543.5 128.334
14555.6 128.397
14567.6 128.518
14579.6 128.801
14591.6 129.046
14603.6 129.18
14615.6 129.271
14627.6 129.338
14639.6 129.392
14651.7 129.44
14663.7 129.494
14675.7 129.571
14687.7 129.751
14699.7 129.824
14711.7 129.82
14723.7 129.767
14735.7 129.675
14747.7 129.548
14759.8 129.391
14771.8 129.203
14783.8 128.989
14795.8 128.753
14807.8 128.469
14819.8 128.142
14831.8 127.77
14843.8 127.348
14855.9 126.869
14867.9 126.318
14879.9 125.669
14891.9 124.832
14903.9 123.769
14915.9 123.014
14927.9 122.354
14939.9 121.745
14952 121.164
14964 120.598
14976 120.032
14988 119.447
15000 118.767
15012 118.105
15024 117.57
15036 117.092
15048 116.651
15060.1 116.239
15072.1 115.849
15084.1 115.471
15096.1 115.095
15108.1 114.666
15120.1 114.314
15132.1 114.029
15144.1 113.791
15156.2 113.594
15168.2 113.435
15180.2 113.315
15192.2 113.24
15204.2 113.225
15216.2 113.324
15228.2 113.35
15240.2 113.35
15252.3 113.343
15264.3 113.337
15276.3 113.334
15288.3 113.337
15300.3 113.349
15312.3 113.374
15324.3 113.413
15336.3 113.458
15348.3 113.513
15360.4 113.584
15372.4 113.675
15384.4 113.792
15396.4 113.946
15408.4 114.161
15420.4 114.532
15432.4 114.952
15444.4 115.143
15456.5 115.245
15468.5 115.281
15480.5 115.262
15492.5 115.189
15504.5 115.061
15516.5 114.865
15528.5 114.53
15540.5 114.229
15552.6 113.964
15564.6 113.698
15576.6 113.421
15588.6 113.125
15600.6 112.8
15612.6 112.435
15624.6 112.001
15636.6 111.404
15648.6 110.936
15660.7 110.527
15672.7 110.144
15684.7 109.772
15696.7 109.401
15708.7 109.023
15720.7 108.623
15732.7 108.169
15744.7 107.614
15756.8 107.209
15768.8 106.864
15780.8 106.561
15792.8 106.291
15804.8 106.052
15816.8 105.844
15828.8 105.676
15840.8 105.581
15852.9 105.533
15864.9 105.393
15876.9 105.225
15888.9 105.039
15900.9 104.84
15912.9 104.632
15924.9 104.417
15936.9 104.197
15948.9 103.982
15961 103.754
15973 103.51
15985 103.256
15997 102.996
16009 102.731
16021 102.465
16033 102.203
16045 101.96
16057.1 101.787
16069.1 101.534
16081.1 101.233
16093.1 100.904
16105.1 100.556
16117.1 100.197
16129.1 99.8377
16141.1 99.4957
16153.2 99.2206
16165.2 99.1077
16177.2 98.7143
16189.2 98.1827
16201.2 97.5475
16213.2 96.8195
16225.2 96.0002
16237.2 95.0835
16249.2 94.0497
16261.3 92.8212
16273.3 91.4172
16285.3 90.2287
16297.3 89.0897
16309.3 87.9707
16321.3 86.8598
16333.3 85.7517
16345.3 84.6456
16357.4 83.5458
16369.4 82.4894
16381.4 81.3952
16393.4 80.2405
16405.4 79.0487
16417.4 77.8253
16429.4 76.5729
16441.4 75.2926
16453.5 73.9837
16465.5 72.6428
16477.5 71.2469
16489.5 69.8657
16501.5 68.4908
16513.5 67.1156
16525.5 65.7398
16537.5 64.3654
16549.5 62.996
16561.6 61.6381
16573.6 60.3066
16585.6 59.0347
16597.6 57.703
16609.6 56.3532
16621.6 55.0013
16633.6 53.6583
16645.6 52.3362
16657.7 51.0511
16669.7 49.8321
16681.7 48.767
16693.7 47.8772
16705.7 46.6813
16717.7 45.3797
16729.7 44.0148
16741.7 42.608
16753.8 41.175
16765.8 39.7318
16777.8 38.3017
16789.8 36.9822
16801.8 35.6085
16813.8 34.0784
16825.8 32.4688
16837.8 30.7978
16849.8 29.0734
16861.9 27.2985
16873.9 25.471
16885.9 23.5791
16897.9 21.5521
16909.9 19.5832
16921.9 17.653
16933.9 15.7338
16945.9 13.8163
16958 11.8948
16970 9.96398
16982 8.01604
16994 6.0331
17006 3.96502
17018 1.9863
17030 0.0464538
17042 -1.87347
17054.1 -3.78305
17066.1 -5.69055
17078.1 -7.60614
17090.1 -9.54713
17102.1 -11.5631
17114.1 -13.6905
17126.1 -15.609
17138.1 -17.4431
17150.2 -19.2209
17162.2 -20.956
17174.2 -22.6592
17186.2 -24.3418
17198.2 -26.0221
17210.2 -27.7697
17222.2 -29.4929
17234.2 -31.0418
17246.2 -32.5003
17258.3 -33.8847
17270.3 -35.2017
17282.3 -36.4541
17294.3 -37.641
17306.3 -38.7552
17318.3 -39.7488
17330.3 -40.7443
17342.3 -41.7379
17354.4 -42.7084
17366.4 -43.6485
17378.4 -44.5533
17390.4 -45.4167
17402.4 -46.2288
17414.4 -46.9636
17426.4 -47.5308
17438.4 -48.2316
17450.5 -48.9942
17462.5 -49.7907
17474.5 -50.6133
17486.5 -51.4612
17498.5 -52.3389
17510.5 -53.2584
17522.5 -54.2584
17534.5 -55.3851
17546.5 -56.3473
17558.6 -57.2527
17570.6 -58.1275
17582.6 -58.9857
17594.6 -59.8386
17606.6 -60.6994
17618.6 -61.5902
17630.6 -62.5858
17642.6 -63.6242
17654.7 -64.4675
17666.7 -65.2355
17678.7 -65.9532
17690.7 -66.6351
17702.7 -67.2932
17714.7 -67.9422
17726.7 -68.6086
17738.7 -69.4214
17750.8 -70.0874
17762.8 -70.5937
17774.8 -71.0004
17786.8 -71.3237
17798.8 -71.5692
17810.8 -71.7369
17822.8 -71.8196
17834.8 -71.7929
17846.8 -71.5539
17858.9 -71.4232
17870.9 -71.3323
17882.9 -71.2457
17894.9 -71.1504
17906.9 -71.0384
17918.9 -70.9031
17930.9 -70.736
17942.9 -70.5176
17955 -70.2158
17967 -69.9828
17979 -69.7662
17991 -69.5523
18003 -69.335
18015 -69.1104
18027 -68.8751
18039 -68.6248
18051.1 -68.3494
18063.1 -68.0518
18075.1 -67.7682
18087.1 -67.4801
18099.1 -67.1826
18111.1 -66.8719
18123.1 -66.5434
18135.1 -66.1902
18147.1 -65.7984
18159.2 -65.2933
18171.2 -64.8338
18183.2 -64.4496
18195.2 -64.0991
18207.2 -63.7714
18219.2 -63.462
18231.2 -63.1687
18243.2 -62.8919
18255.3 -62.636
18267.3 -62.4246
18279.3 -62.1866
18291.3 -61.9339
18303.3 -61.6749
18315.3 -61.4127
18327.3 -61.1487
18339.3 -60.8844
18351.4 -60.6217
18363.4 -60.3643
18375.4 -60.1207
18387.4 -59.857
18399.4 -59.5843
18411.4 -59.306
18423.4 -59.0238
18435.4 -58.7392
18447.4 -58.4544
18459.5 -58.1732
18471.5 -57.9087
18483.5 -57.6604
18495.5 -57.3575
18507.5 -57.0287
18519.5 -56.6785
18531.5 -56.3076
18543.5 -55.9153
18555.6 -55.4986
18567.6 -55.0501
18579.6 -54.5309
18591.6 -54.0162
18603.6 -53.5341
18615.6 -53.0571
18627.6 -52.5765
18639.6 -52.0863
18651.7 -51.5796
18663.7 -51.0465
18675.7 -50.4646
18687.7 -49.7341
18699.7 -49.122
18711.7 -48.5926
18723.7 -48.1088
18735.7 -47.6586
18747.7 -47.2365
18759.8 -46.84
18771.8 -46.4692
18783.8 -46.1297
18795.8 -45.8403
18807.8 -45.5239
18819.8 -45.2016
18831.8 -44.8796
18843.8 -44.56
18855.9 -44.2435
18867.9 -43.9299
18879.9 -43.6184
18891.9 -43.3045
18903.9 -42.9864
18915.9 -42.6962
18927.9 -42.4223
18939.9 -42.1635
18952 -41.9204
18964 -41.6951
18976 -41.4914
18988 -41.3182
19000 -41.2171
