7000 -59.9965
7012.01 -60.6006
7024.02 -61.2069
7036.04 -61.8154
7048.05 -62.4258
7060.06 -63.038
7072.07 -63.6519
7084.08 -64.2672
7096.1 -64.884
7108.11 -65.5019
7120.12 -66.1209
7132.13 -66.7408
7144.14 -67.3614
7156.16 -67.9826
7168.17 -68.6042
7180.18 -69.2261
7192.19 -69.8482
7204.2 -70.4703
7216.22 -71.0922
7228.23 -71.7139
7240.24 -72.335
7252.25 -72.9557
7264.26 -73.5756
7276.28 -74.1946
7288.29 -74.8127
7300.3 -75.4296
7312.31 -76.0453
7324.32 -76.6596
7336.34 -77.2723
7348.35 -77.8833
7360.36 -78.4924
7372.37 -79.0995
7384.38 -79.7042
7396.4 -80.3063
7408.41 -80.9054
7420.42 -81.5008
7432.43 -82.0917
7444.44 -82.6763
7456.46 -83.2513
7468.47 -83.806
7480.48 -84.3157
7492.49 -84.8887
7504.5 -85.494
7516.52 -86.1249
7528.53 -86.7818
7540.54 -87.4692
7552.55 -88.1966
7564.56 -88.9858
7576.58 -89.9121
7588.59 -90.9826
7600.6 -91.7721
7612.61 -92.4522
7624.62 -93.0528
7636.64 -93.5838
7648.65 -94.0457
7660.66 -94.431
7672.67 -94.7159
7684.68 -94.7599
7696.7 -94.8335
7708.71 -95.0712
7720.72 -95.3693
7732.73 -95.7042
7744.74 -96.066
7756.76 -96.4502
7768.77 -96.8567
7780.78 -97.2917
7792.79 -97.798
7804.8 -98.2545
7816.82 -98.6731
7828.83 -99.0693
7840.84 -99.4462
7852.85 -99.8037
7864.86 -100.139
7876.88 -100.446
7888.89 -100.703
7900.9 -100.853
7912.91 -101.114
7924.92 -101.426
7936.94 -101.769
7948.95 -102.14
7960.96 -102.538
7972.97 -102.967
7984.98 -103.438
7997 -103.995
8009.01 -104.661
8021.02 -105.149
8033.03 -105.566
8045.05 -105.932
8057.06 -106.252
8069.07 -106.524
8081.08 -106.739
8093.09 -106.873
8105.11 -106.804
8117.12 -106.72
8129.13 -106.867
8141.14 -107.11
8153.15 -107.426
8165.17 -107.812
8177.18 -108.272
8189.19 -108.825
8201.2 -109.525
8213.21 -110.658
8225.23 -111.497
8237.24 -112.076
8249.25 -112.512
8261.26 -112.833
8273.27 -113.045
8285.29 -113.142
8297.3 -113.097
8309.31 -112.826
8321.32 -112.042
8333.33 -111.729
8345.35 -111.641
8357.36 -111.687
8369.37 -111.836
8381.38 -112.08
8393.39 -112.425
8405.41 -112.895
8417.42 -113.582
8429.43 -114.587
8441.44 -115.177
8453.45 -115.614
8465.47 -115.947
8477.48 -116.192
8489.49 -116.349
8501.5 -116.404
8513.51 -116.314
8525.53 -115.89
8537.54 -115.337
8549.55 -115.269
8561.56 -115.392
8573.57 -115.662
8585.59 -116.07
8597.6 -116.626
8609.61 -117.364
8621.62 -118.374
8633.63 -120.174
8645.65 -121.537
8657.66 -122.426
8669.67 -123.076
8681.68 -123.55
8693.69 -123.871
8705.71 -124.044
8717.72 -124.053
8729.73 -123.836
8741.74 -123.135
8753.75 -122.774
8765.77 -122.572
8777.78 -122.443
8789.79 -122.356
8801.8 -122.298
8813.81 -122.258
8825.83 -122.232
8837.84 -122.215
8849.85 -122.205
8861.86 -122.2
8873.87 -122.198
8885.89 -122.198
8897.9 -122.198
8909.91 -122.199
8921.92 -122.199
8933.93 -122.197
8945.95 -122.194
8957.96 -122.189
8969.97 -122.182
8981.98 -122.171
8993.99 -122.158
9006.01 -122.141
9018.02 -122.12
9030.03 -122.096
9042.04 -122.068
9054.05 -122.035
9066.07 -121.998
9078.08 -121.957
9090.09 -121.91
9102.1 -121.859
9114.11 -121.803
9126.13 -121.742
9138.14 -121.675
9150.15 -121.603
9162.16 -121.526
9174.17 -121.442
9186.19 -121.353
9198.2 -121.258
9210.21 -121.157
9222.22 -121.05
9234.23 -120.937
9246.25 -120.817
9258.26 -120.691
9270.27 -120.557
9282.28 -120.418
9294.29 -120.271
9306.31 -120.117
9318.32 -119.956
9330.33 -119.788
9342.34 -119.613
9354.35 -119.43
9366.37 -119.239
9378.38 -119.041
9390.39 -118.834
9402.4 -118.62
9414.41 -118.398
9426.43 -118.167
9438.44 -117.928
9450.45 -117.681
9462.46 -117.425
9474.47 -117.16
9486.49 -116.886
9498.5 -116.603
9510.51 -116.311
9522.52 -116.01
9534.53 -115.699
9546.55 -115.379
9558.56 -115.049
9570.57 -114.709
9582.58 -114.359
9594.59 -113.999
9606.61 -113.629
9618.62 -113.248
9630.63 -112.857
9642.64 -112.455
9654.65 -112.043
9666.67 -111.619
9678.68 -111.184
9690.69 -110.738
9702.7 -110.28
9714.71 -109.811
9726.73 -109.33
9738.74 -108.837
9750.75 -108.333
9762.76 -107.816
9774.77 -107.286
9786.79 -106.744
9798.8 -106.19
9810.81 -105.623
9822.82 -105.042
9834.83 -104.449
9846.85 -103.842
9858.86 -103.222
9870.87 -102.589
9882.88 -101.941
9894.89 -101.28
9906.91 -100.605
9918.92 -99.9154
9930.93 -99.2116
9942.94 -98.4933
9954.95 -97.7603
9966.97 -97.0126
9978.98 -96.2498
9990.99 -95.472
10003 -94.6789
10015 -93.8704
10027 -93.0463
10039 -92.2065
10051.1 -91.3508
10063.1 -90.4791
10075.1 -89.5913
10087.1 -88.6872
10099.1 -87.7666
10111.1 -86.8294
10123.1 -85.8756
10135.1 -84.9048
10147.1 -83.9171
10159.2 -82.9122
10171.2 -81.8901
10183.2 -80.8505
10195.2 -79.7935
10207.2 -78.7187
10219.2 -77.6262
10231.2 -76.5159
10243.2 -75.3874
10255.3 -74.2409
10267.3 -73.0761
10279.3 -71.8929
10291.3 -70.6913
10303.3 -69.4711
10315.3 -68.2322
10327.3 -66.9745
10339.3 -65.698
10351.4 -64.4025
10363.4 -63.0879
10375.4 -61.7541
10387.4 -60.4011
10399.4 -59.0288
10411.4 -57.6371
10423.4 -56.2259
10435.4 -54.7952
10447.4 -53.3448
10459.5 -51.8747
10471.5 -50.3848
10483.5 -48.8751
10495.5 -47.3455
10507.5 -45.7959
10519.5 -44.2262
10531.5 -42.6365
10543.5 -41.0265
10555.6 -39.3963
10567.6 -37.7458
10579.6 -36.0748
10591.6 -34.3833
10603.6 -32.6713
10615.6 -30.9385
10627.6 -29.1848
10639.6 -27.4102
10651.7 -25.6144
10663.7 -23.7972
10675.7 -21.9584
10687.7 -20.0978
10699.7 -18.215
10711.7 -16.3095
10723.7 -14.381
10735.7 -12.4288
10747.7 -10.4521
10759.8 -8.45014
10771.8 -6.42162
10783.8 -4.3651
10795.8 -2.27866
10807.8 -0.15974
10819.8 1.9951
10831.8 4.19071
10843.8 6.43415
10855.9 8.73647
10867.9 11.1166
10879.9 13.6135
10891.9 16.3541
10903.9 19.3925
10915.9 21.9338
10927.9 24.2874
10939.9 26.5103
10952 28.6224
10964 30.6278
10976 32.5183
10988 34.2641
11000 35.7035
11012 37.1019
11024 38.7243
11036 40.4056
11048 42.1088
11060.1 43.8133
11072.1 45.5019
11084.1 47.1551
11096.1 48.7377
11108.1 50.0957
11120.1 51.6002
11132.1 53.2206
11144.1 54.8911
11156.2 56.5865
11168.2 58.2894
11180.2 59.9819
11192.2 61.6391
11204.2 63.2054
11216.2 64.5151
11228.2 66.1243
11240.2 67.8827
11252.3 69.7335
11264.3 71.6539
11276.3 73.6304
11288.3 75.6525
11300.3 77.7083
11312.3 79.7715
11324.3 81.8181
11336.3 84.0255
11348.3 86.3317
11360.4 88.7282
11372.4 91.2186
11384.4 93.8149
11396.4 96.543
11408.4 99.4623
11420.4 102.822
11432.4 106.34
11444.4 109.287
11456.5 112.029
11468.5 114.627
11480.5 117.109
11492.5 119.48
11504.5 121.735
11516.5 123.84
11528.5 125.589
11540.5 127.493
11552.6 129.555
11564.6 131.685
11576.6 133.857
11588.6 136.059
11600.6 138.288
11612.6 140.545
11624.6 142.839
11636.6 145.208
11648.6 147.529
11660.7 149.832
11672.7 152.134
11684.7 154.445
11696.7 156.775
11708.7 159.138
11720.7 161.565
11732.7 164.139
11744.7 166.977
11756.8 169.409
11768.8 171.668
11780.8 173.807
11792.8 175.845
11804.8 177.791
11816.8 179.643
11828.8 181.393
11840.8 182.988
11852.9 184.47
11864.9 186.054
11876.9 187.643
11888.9 189.22
11900.9 190.776
11912.9 192.31
11924.9 193.818
11936.9 195.301
11948.9 196.763
11961 198.188
11973 199.574
11985 200.924
11997 202.235
12009 203.508
12021 204.737
12033 205.917
12045 207.027
12057.1 207.983
12069.1 209.045
12081.1 210.165
12093.1 211.32
12105.1 212.507
12117.1 213.734
12129.1 215.022
12141.1 216.411
12153.2 218.027
12165.2 220.116
12177.2 221.523
12189.2 222.615
12201.2 223.483
12213.2 224.153
12225.2 224.629
12237.2 224.893
12249.2 224.894
12261.3 224.428
12273.3 223.544
12285.3 223.26
12297.3 223.142
12309.3 223.113
12321.3 223.138
12333.3 223.201
12345.3 223.294
12357.4 223.421
12369.4 223.633
12381.4 223.804
12393.4 223.895
12405.4 223.939
12417.4 223.939
12429.4 223.895
12441.4 223.801
12453.5 223.645
12465.5 223.395
12477.5 222.904
12489.5 222.581
12501.5 222.364
12513.5 222.202
12525.5 222.08
12537.5 221.993
12549.5 221.945
12561.6 221.945
12573.6 222.032
12585.6 222.299
12597.6 222.357
12609.6 222.322
12621.6 222.226
12633.6 222.082
12645.6 221.893
12657.7 221.66
12669.7 221.375
12681.7 221.01
12693.7 220.561
12705.7 220.207
12717.7 219.877
12729.7 219.559
12741.7 219.252
12753.8 218.956
12765.8 218.676
12777.8 218.427
12789.8 218.295
12801.8 218.119
12813.8 217.798
12825.8 217.4
12837.8 216.934
12849.8 216.4
12861.9 215.791
12873.9 215.083
12885.9 214.222
12897.9 212.927
12909.9 211.943
12921.9 211.194
12933.9 210.576
12945.9 210.058
12958 209.63
12970 209.296
12982 209.071
12994 209.01
13006 209.287
13018 209.272
13030 209.139
13042 208.946
13054.1 208.716
13066.1 208.462
13078.1 208.192
13090.1 207.916
13102.1 207.653
13114.1 207.416
13126.1 207.1
13138.1 206.745
13150.2 206.361
13162.2 205.949
13174.2 205.509
13186.2 205.037
13198.2 204.519
13210.2 203.897
13222.2 203.257
13234.2 202.741
13246.2 202.275
13258.3 201.847
13270.3 201.454
13282.3 201.101
13294.3 200.797
13306.3 200.57
13318.3 200.573
13330.3 200.423
13342.3 200.131
13354.4 199.759
13366.4 199.322
13378.4 198.824
13390.4 198.257
13402.4 197.604
13414.4 196.807
13426.4 195.667
13438.4 194.85
13450.5 194.194
13462.5 193.636
13474.5 193.151
13486.5 192.732
13498.5 192.376
13510.5 192.089
13522.5 191.896
13534.5 191.829
13546.5 191.677
13558.6 191.516
13570.6 191.365
13582.6 191.234
13594.6 191.132
13606.6 191.073
13618.6 191.076
13630.6 191.224
13642.6 191.445
13654.7 191.475
13666.7 191.442
13678.7 191.372
13690.7 191.274
13702.7 191.156
13714.7 191.02
13726.7 190.869
13738.7 190.693
13750.8 190.52
13762.8 190.353
13774.8 190.187
13786.8 190.023
13798.8 189.862
13810.8 189.706
13822.8 189.558
13834.8 189.424
13846.8 189.329
13858.9 189.2
13870.9 189.055
13882.9 188.901
13894.9 188.743
13906.9 188.582
13918.9 188.422
13930.9 188.266
13942.9 188.121
13955 188.002
13967 187.844
13979 187.669
13991 187.483
14003 187.289
14015 187.086
14027 186.877
14039 186.663
14051.1 186.446
14063.1 186.225
14075.1 185.986
14087.1 185.733
14099.1 185.468
14111.1 185.187
14123.1 184.887
14135.1 184.564
14147.1 184.202
14159.2 183.73
14171.2 183.303
14183.2 182.953
14195.2 182.636
14207.2 182.342
14219.2 182.066
14231.2 181.804
14243.2 181.553
14255.3 181.31
14267.3 181.065
14279.3 180.843
14291.3 180.639
14303.3 180.45
14315.3 180.276
14327.3 180.116
14339.3 179.971
14351.4 179.846
14363.4 179.747
14375.4 179.694
14387.4 179.607
14399.4 179.511
14411.4 179.412
14423.4 179.316
14435.4 179.224
14447.4 179.138
14459.5 179.064
14471.5 179.013
14483.5 178.987
14495.5 178.921
14507.5 178.843
14519.5 178.757
14531.5 178.668
14543.5 178.578
14555.6 178.488
14567.6 178.403
14579.6 178.344
14591.6 178.27
14603.6 178.166
14615.6 178.045
14627.6 177.911
14639.6 177.764
14651.7 177.604
14663.7 177.431
14675.7 177.241
14687.7 177.018
14699.7 176.804
14711.7 176.592
14723.7 176.376
14735.7 176.152
14747.7 175.919
14759.8 175.673
14771.8 175.409
14783.8 175.116
14795.8 174.766
14807.8 174.461
14819.8 174.17
14831.8 173.883
14843.8 173.592
14855.9 173.292
14867.9 172.978
14879.9 172.637
14891.9 172.238
14903.9 171.765
14915.9 171.413
14927.9 171.103
14939.9 170.82
14952 170.556
14964 170.307
14976 170.069
14988 169.838
15000 169.606
15012 169.383
15024 169.183
15036 168.997
15048 168.822
15060.1 168.658
15072.1 168.503
15084.1 168.357
15096.1 168.221
15108.1 168.101
15120.1 167.981
15132.1 167.862
15144.1 167.745
15156.2 167.633
15168.2 167.525
15180.2 167.423
15192.2 167.329
15204.2 167.249
15216.2 167.201
15228.2 167.118
15240.2 167.018
15252.3 166.906
15264.3 166.783
15276.3 166.65
15288.3 166.505
15300.3 166.345
15312.3 166.157
15324.3 165.932
15336.3 165.752
15348.3 165.587
15360.4 165.431
15372.4 165.28
15384.4 165.135
15396.4 164.996
15408.4 164.866
15420.4 164.763
15432.4 164.665
15444.4 164.516
15456.5 164.342
15468.5 164.147
15480.5 163.929
15492.5 163.687
15504.5 163.415
15516.5 163.101
15528.5 162.674
15540.5 162.298
15552.6 161.973
15564.6 161.666
15576.6 161.367
15588.6 161.071
15600.6 160.771
15612.6 160.462
15624.6 160.131
15636.6 159.737
15648.6 159.406
15660.7 159.108
15672.7 158.829
15684.7 158.563
15696.7 158.309
15708.7 158.063
15720.7 157.826
15732.7 157.598
15744.7 157.377
15756.8 157.165
15768.8 156.962
15780.8 156.771
15792.8 156.594
15804.8 156.437
15816.8 156.308
15828.8 156.225
15840.8 156.262
15852.9 156.366
15864.9 156.263
15876.9 156.079
15888.9 155.838
15900.9 155.548
15912.9 155.215
15924.9 154.84
15936.9 154.421
15948.9 153.934
15961 153.435
15973 152.928
15985 152.402
15997 151.853
16009 151.279
16021 150.676
16033 150.04
16045 149.362
16057.1 148.601
16069.1 147.877
16081.1 147.167
16093.1 146.457
16105.1 145.745
16117.1 145.031
16129.1 144.319
16141.1 143.616
16153.2 142.953
16165.2 142.385
16177.2 141.641
16189.2 140.807
16201.2 139.902
16213.2 138.932
16225.2 137.895
16237.2 136.783
16249.2 135.576
16261.3 134.198
16273.3 132.668
16285.3 131.368
16297.3 130.138
16309.3 128.95
16321.3 127.795
16333.3 126.671
16345.3 125.586
16357.4 124.558
16369.4 123.712
16381.4 122.79
16393.4 121.724
16405.4 120.588
16417.4 119.403
16429.4 118.178
16441.4 116.921
16453.5 115.637
16465.5 114.332
16477.5 113.024
16489.5 111.673
16501.5 110.289
16513.5 108.878
16525.5 107.445
16537.5 105.994
16549.5 104.528
16561.6 103.055
16573.6 101.584
16585.6 100.142
16597.6 98.6394
16609.6 97.1072
16621.6 95.5571
16633.6 93.9966
16645.6 92.4339
16657.7 90.8794
16669.7 89.3521
16681.7 87.909
16693.7 86.5637
16705.7 85.0015
16717.7 83.3525
16729.7 81.643
16741.7 79.8855
16753.8 78.0875
16765.8 76.2548
16777.8 74.3933
16789.8 72.5187
16801.8 70.6084
16813.8 68.648
16825.8 66.6486
16837.8 64.6118
16849.8 62.5365
16861.9 60.4187
16873.9 58.2491
16885.9 56.0032
16897.9 53.5566
16909.9 51.2398
16921.9 49.0186
16933.9 46.8457
16945.9 44.7067
16958 42.5953
16970 40.5088
16982 38.4468
16994 36.4138
17006 34.4259
17018 32.4195
17030 30.4111
17042 28.4056
17054.1 26.4042
17066.1 24.4065
17078.1 22.4104
17090.1 20.4114
17102.1 18.3939
17114.1 16.3465
17126.1 14.3732
17138.1 12.4336
17150.2 10.5183
17162.2 8.62224
17174.2 6.74068
17186.2 4.86747
17198.2 2.99104
17210.2 1.06337
17222.2 -0.850173
17234.2 -2.64363
17246.2 -4.37565
17258.3 -6.0575
17270.3 -7.69414
17282.3 -9.28798
17294.3 -10.8398
17306.3 -12.348
17318.3 -13.7989
17330.3 -15.2289
17342.3 -16.6371
17354.4 -18.0169
17366.4 -19.366
17378.4 -20.6819
17390.4 -21.9613
17402.4 -23.1979
17414.4 -24.3739
17426.4 -25.4265
17438.4 -26.568
17450.5 -27.7489
17462.5 -28.9505
17474.5 -30.1694
17486.5 -31.4077
17498.5 -32.6728
17510.5 -33.9821
17522.5 -35.3902
17534.5 -36.9617
17546.5 -38.2826
17558.6 -39.5033
17570.6 -40.6579
17582.6 -41.7617
17594.6 -42.8243
17606.6 -43.8539
17618.6 -44.8601
17630.6 -45.8693
17642.6 -46.8626
17654.7 -47.7644
17666.7 -48.6142
17678.7 -49.421
17690.7 -50.1902
17702.7 -50.9263
17714.7 -51.6349
17726.7 -52.3258
17738.7 -53.048
17750.8 -53.6896
17762.8 -54.245
17774.8 -54.7363
17786.8 -55.168
17798.8 -55.54
17810.8 -55.8486
17822.8 -56.084
17834.8 -56.2192
17846.8 -56.1463
17858.9 -56.1968
17870.9 -56.2991
17882.9 -56.4161
17894.9 -56.534
17906.9 -56.6449
17918.9 -56.7422
17930.9 -56.8181
17942.9 -56.8546
17955 -56.8226
17967 -56.8632
17979 -56.929
17991 -57.0087
18003 -57.099
18015 -57.1992
18027 -57.3116
18039 -57.4433
18051.1 -57.6235
18063.1 -57.8365
18075.1 -57.953
18087.1 -58.0299
18099.1 -58.0772
18111.1 -58.0983
18123.1 -58.0944
18135.1 -58.0645
18147.1 -58.0035
18159.2 -57.8789
18171.2 -57.7629
18183.2 -57.6697
18195.2 -57.5809
18207.2 -57.4923
18219.2 -57.4022
18231.2 -57.3104
18243.2 -57.2181
18255.3 -57.1294
18267.3 -57.0652
18279.3 -56.9637
18291.3 -56.8347
18303.3 -56.6852
18315.3 -56.5163
18327.3 -56.3277
18339.3 -56.1173
18351.4 -55.8806
18363.4 -55.6035
18375.4 -55.2554
18387.4 -54.9679
18399.4 -54.6993
18411.4 -54.438
18423.4 -54.1794
18435.4 -53.9205
18447.4 -53.6592
18459.5 -53.393
18471.5 -53.1173
18483.5 -52.8311
18495.5 -52.5539
18507.5 -52.2763
18519.5 -51.9958
18531.5 -51.7104
18543.5 -51.4183
18555.6 -51.1165
18567.6 -50.7999
18579.6 -50.4436
18591.6 -50.0942
18603.6 -49.7689
18615.6 -49.45
18627.6 -49.1319
18639.6 -48.81
18651.7 -48.4792
18663.7 -48.1314
18675.7 -47.7482
18687.7 -47.2435
18699.7 -46.8497
18711.7 -46.5371
18723.7 -46.2748
18735.7 -46.0546
18747.7 -45.8746
18759.8 -45.7374
18771.8 -45.6519
18783.8 -45.6462
18795.8 -45.7993
18807.8 -45.8092
18819.8 -45.7623
18831.8 -45.6856
18843.8 -45.589
18855.9 -45.4772
18867.9 -45.3518
18879.9 -45.2121
18891.9 -45.0482
18903.9 -44.8571
18915.9 -44.7129
18927.9 -44.5889
18939.9 -44.4817
18952 -44.3919
18964 -44.3223
18976 -44.279
18988 -44.2757
19000 -44.3789
