7000 -117.68
7012.01 -118.682
7024.02 -119.679
7036.04 -120.672
7048.05 -121.659
7060.06 -122.642
7072.07 -123.62
7084.08 -124.592
7096.1 -125.559
7108.11 -126.519
7120.12 -127.474
7132.13 -128.423
7144.14 -129.365
7156.16 -130.3
7168.17 -131.229
7180.18 -132.15
7192.19 -133.065
7204.2 -133.971
7216.22 -134.871
7228.23 -135.763
7240.24 -136.646
7252.25 -137.522
7264.26 -138.39
7276.28 -139.25
7288.29 -140.101
7300.3 -140.945
7312.31 -141.78
7324.32 -142.607
7336.34 -143.427
7348.35 -144.239
7360.36 -145.044
7372.37 -145.843
7384.38 -146.637
7396.4 -147.427
7408.41 -148.216
7420.42 -149.006
7432.43 -149.803
7444.44 -150.615
7456.46 -151.459
7468.47 -152.384
7480.48 -153.501
7492.49 -154.341
7504.5 -155.045
7516.52 -155.653
7528.53 -156.175
7540.54 -156.616
7552.55 -156.971
7564.56 -157.228
7576.58 -157.337
7588.59 -157.291
7600.6 -157.369
7612.61 -157.453
7624.62 -157.518
7636.64 -157.55
7648.65 -157.535
7660.66 -157.457
7672.67 -157.281
7684.68 -156.844
7696.7 -156.45
7708.71 -156.248
7720.72 -156.118
7732.73 -156.034
7744.74 -155.983
7756.76 -155.961
7768.77 -155.97
7780.78 -156.025
7792.79 -156.209
7804.8 -156.286
7816.82 -156.278
7828.83 -156.217
7840.84 -156.11
7852.85 -155.957
7864.86 -155.755
7876.88 -155.494
7888.89 -155.141
7900.9 -154.606
7912.91 -154.228
7924.92 -153.912
7936.94 -153.63
7948.95 -153.373
7960.96 -153.136
7972.97 -152.924
7984.98 -152.747
7997 -152.64
8009.01 -152.626
8021.02 -152.461
8033.03 -152.239
8045.05 -151.982
8057.06 -151.701
8069.07 -151.404
8081.08 -151.103
8093.09 -150.819
8105.11 -150.641
8117.12 -150.438
8129.13 -150.03
8141.14 -149.519
8153.15 -148.919
8165.17 -148.235
8177.18 -147.462
8189.19 -146.583
8201.2 -145.553
8213.21 -144.114
8225.23 -142.929
8237.24 -141.97
8249.25 -141.14
8261.26 -140.42
8273.27 -139.818
8285.29 -139.363
8297.3 -139.121
8309.31 -139.282
8321.32 -140.495
8333.33 -140.545
8345.35 -139.979
8357.36 -138.996
8369.37 -137.647
8381.38 -135.93
8393.39 -133.789
8405.41 -131.08
8417.42 -127.312
8429.43 -121.959
8441.44 -118.836
8453.45 -116.593
8465.47 -114.977
8477.48 -113.925
8489.49 -113.469
8501.5 -113.739
8513.51 -115.074
8525.53 -118.941
8537.54 -123.771
8549.55 -124.901
8561.56 -124.582
8573.57 -123.172
8585.59 -120.777
8597.6 -117.365
8609.61 -112.762
8621.62 -106.456
8633.63 -95.5093
8645.65 -86.918
8657.66 -80.909
8669.67 -76.1348
8681.68 -72.2327
8693.69 -69.057
8705.71 -66.568
8717.72 -64.8234
8729.73 -64.0952
8741.74 -65.544
8753.75 -65.4432
8765.77 -64.6058
8777.78 -63.4207
8789.79 -62.0215
8801.8 -60.4741
8813.81 -58.8173
8825.83 -57.0759
8837.84 -55.267
8849.85 -53.4027
8861.86 -51.4922
8873.87 -49.5427
8885.89 -47.5599
8897.9 -45.5483
8909.91 -43.5117
8921.92 -41.4533
8933.93 -39.3761
8945.95 -37.2824
8957.96 -35.1743
8969.97 -33.0539
8981.98 -30.9229
8993.99 -28.7829
9006.01 -26.6354
9018.02 -24.4818
9030.03 -22.3235
9042.04 -20.1617
9054.05 -17.9976
9066.07 -15.8322
9078.08 -13.6667
9090.09 -11.5021
9102.1 -9.33936
9114.11 -7.17951
9126.13 -5.02345
9138.14 -2.87209
9150.15 -0.726297
9162.16 1.41308
9174.17 3.5452
9186.19 5.66927
9198.2 7.78449
9210.21 9.89012
9222.22 11.9854
9234.23 14.0696
9246.25 16.142
9258.26 18.202
9270.27 20.2488
9282.28 22.2818
9294.29 24.3004
9306.31 26.304
9318.32 28.2919
9330.33 30.2636
9342.34 32.2185
9354.35 34.1561
9366.37 36.0757
9378.38 37.977
9390.39 39.8594
9402.4 41.7224
9414.41 43.5655
9426.43 45.3883
9438.44 47.1904
9450.45 48.9714
9462.46 50.7308
9474.47 52.4682
9486.49 54.1833
9498.5 55.8757
9510.51 57.5451
9522.52 59.1912
9534.53 60.8136
9546.55 62.412
9558.56 63.9862
9570.57 65.5359
9582.58 67.0609
9594.59 68.5608
9606.61 70.0355
9618.62 71.4848
9630.63 72.9084
9642.64 74.3063
9654.65 75.6781
9666.67 77.0238
9678.68 78.3432
9690.69 79.6362
9702.7 80.9027
9714.71 82.1425
9726.73 83.3555
9738.74 84.5417
9750.75 85.701
9762.76 86.8333
9774.77 87.9386
9786.79 89.0168
9798.8 90.0679
9810.81 91.0919
9822.82 92.0887
9834.83 93.0583
9846.85 94.0008
9858.86 94.9162
9870.87 95.8044
9882.88 96.6655
9894.89 97.4996
9906.91 98.3066
9918.92 99.0866
9930.93 99.8397
9942.94 100.566
9954.95 101.265
9966.97 101.938
9978.98 102.584
9990.99 103.203
10003 103.796
10015 104.363
10027 104.903
10039 105.417
10051.1 105.905
10063.1 106.367
10075.1 106.803
10087.1 107.213
10099.1 107.597
10111.1 107.956
10123.1 108.289
10135.1 108.597
10147.1 108.88
10159.2 109.138
10171.2 109.37
10183.2 109.578
10195.2 109.761
10207.2 109.919
10219.2 110.053
10231.2 110.162
10243.2 110.246
10255.3 110.307
10267.3 110.343
10279.3 110.355
10291.3 110.344
10303.3 110.308
10315.3 110.249
10327.3 110.166
10339.3 110.059
10351.4 109.929
10363.4 109.775
10375.4 109.598
10387.4 109.398
10399.4 109.174
10411.4 108.927
10423.4 108.656
10435.4 108.362
10447.4 108.046
10459.5 107.705
10471.5 107.342
10483.5 106.955
10495.5 106.545
10507.5 106.111
10519.5 105.654
10531.5 105.173
10543.5 104.669
10555.6 104.141
10567.6 103.588
10579.6 103.012
10591.6 102.41
10603.6 101.784
10615.6 101.133
10627.6 100.457
10639.6 99.7545
10651.7 99.0258
10663.7 98.2701
10675.7 97.4869
10687.7 96.6754
10699.7 95.8348
10711.7 94.964
10723.7 94.0619
10735.7 93.127
10747.7 92.1577
10759.8 91.152
10771.8 90.1074
10783.8 89.0209
10795.8 87.8887
10807.8 86.7059
10819.8 85.4659
10831.8 84.16
10843.8 82.7754
10855.9 81.2927
10867.9 79.6791
10879.9 77.8683
10891.9 75.6465
10903.9 72.9215
10915.9 71.0208
10927.9 69.4243
10939.9 68.0332
10952 66.8098
10964 65.7399
10976 64.8256
10988 64.0919
11000 63.6936
11012 63.372
11024 62.8695
11036 62.3466
11048 61.8408
11060.1 61.3743
11072.1 60.9671
11084.1 60.6441
11096.1 60.451
11108.1 60.586
11120.1 60.5772
11132.1 60.4668
11144.1 60.343
11156.2 60.2432
11168.2 60.1967
11180.2 60.2353
11192.2 60.4055
11204.2 60.8077
11216.2 61.7348
11228.2 62.23
11240.2 62.5618
11252.3 62.8391
11264.3 63.1132
11276.3 63.4225
11288.3 63.8049
11300.3 64.3097
11312.3 65.0457
11324.3 66.1171
11336.3 66.8932
11348.3 67.632
11360.4 68.4029
11372.4 69.247
11384.4 70.1977
11396.4 71.2884
11408.4 72.5636
11420.4 74.147
11432.4 75.9283
11444.4 77.5966
11456.5 79.3149
11468.5 81.1088
11480.5 82.9779
11492.5 84.9021
11504.5 86.8316
11516.5 88.6471
11528.5 89.7473
11540.5 91.5063
11552.6 93.8966
11564.6 96.6161
11576.6 99.538
11588.6 102.562
11600.6 105.582
11612.6 108.462
11624.6 110.941
11636.6 112.212
11648.6 114.616
11660.7 117.554
11672.7 120.733
11684.7 124.026
11696.7 127.354
11708.7 130.663
11720.7 133.913
11732.7 137.064
11744.7 140.08
11756.8 143.082
11768.8 146.028
11780.8 148.923
11792.8 151.784
11804.8 154.646
11816.8 157.567
11828.8 160.657
11840.8 164.287
11852.9 168.231
11864.9 171.169
11876.9 173.755
11888.9 176.135
11900.9 178.4
11912.9 180.632
11924.9 182.929
11936.9 185.46
11948.9 189.007
11961 191.923
11973 194.035
11985 195.759
11997 197.229
12009 198.529
12021 199.729
12033 200.914
12045 202.239
12057.1 204.256
12069.1 205.403
12081.1 206.009
12093.1 206.271
12105.1 206.263
12117.1 206.032
12129.1 205.611
12141.1 205.036
12153.2 204.368
12165.2 203.716
12177.2 202.63
12189.2 201.261
12201.2 199.649
12213.2 197.808
12225.2 195.742
12237.2 193.451
12249.2 190.928
12261.3 188.155
12273.3 185.124
12285.3 181.88
12297.3 178.378
12309.3 174.586
12321.3 170.466
12333.3 165.958
12345.3 160.967
12357.4 155.297
12369.4 147.938
12381.4 140.904
12393.4 134.722
12405.4 128.751
12417.4 122.789
12429.4 116.693
12441.4 110.317
12453.5 103.448
12465.5 95.6335
12477.5 84.9291
12489.5 76.6242
12501.5 69.8825
12513.5 63.9906
12525.5 58.6992
12537.5 53.8713
12549.5 49.4112
12561.6 45.2306
12573.6 41.1918
12585.6 37.0248
12597.6 33.6981
12609.6 30.8986
12621.6 28.5311
12633.6 26.5586
12645.6 24.9648
12657.7 23.7479
12669.7 22.9229
12681.7 22.5598
12693.7 22.6772
12705.7 22.8762
12717.7 23.3356
12729.7 24.1082
12741.7 25.2395
12753.8 26.7864
12765.8 28.8382
12777.8 31.5753
12789.8 35.8792
12801.8 40.2002
12813.8 43.5813
12825.8 46.7453
12837.8 49.881
12849.8 53.102
12861.9 56.5092
12873.9 60.2277
12885.9 64.4929
12897.9 70.3182
12909.9 75.1551
12921.9 79.3077
12933.9 83.1884
12945.9 86.9577
12958 90.7276
12970 94.6108
12982 98.7657
12994 103.548
13006 109.944
13018 114.512
13030 118.227
13042 121.436
13054.1 124.282
13066.1 126.854
13078.1 129.223
13090.1 131.475
13102.1 133.793
13114.1 136.316
13126.1 137.967
13138.1 139.172
13150.2 140.026
13162.2 140.57
13174.2 140.832
13186.2 140.831
13198.2 140.588
13210.2 140.167
13222.2 139.481
13234.2 138.387
13246.2 136.951
13258.3 135.173
13270.3 133.038
13282.3 130.515
13294.3 127.548
13306.3 124.02
13318.3 119.368
13330.3 114.905
13342.3 110.553
13354.4 106.039
13366.4 101.237
13378.4 96.0317
13390.4 90.2762
13402.4 83.7257
13414.4 75.7936
13426.4 64.5125
13438.4 56.2269
13450.5 49.347
13462.5 43.194
13474.5 37.4977
13486.5 32.0907
13498.5 26.8314
13510.5 21.547
13522.5 15.848
13534.5 9.29168
13546.5 4.49388
13558.6 0.483515
13570.6 -2.96612
13582.6 -5.95588
13594.6 -8.54584
13606.6 -10.7792
13618.6 -12.697
13630.6 -14.3862
13642.6 -15.7871
13654.7 -16.6527
13666.7 -17.0977
13678.7 -17.132
13690.7 -16.7436
13702.7 -15.9014
13714.7 -14.5426
13726.7 -12.5233
13738.7 -9.09346
13750.8 -5.95307
13762.8 -3.16178
13774.8 -0.341798
13786.8 2.64386
13798.8 5.89611
13810.8 9.52421
13822.8 13.69
13834.8 18.7502
13846.8 26.0068
13858.9 31.5858
13870.9 36.359
13882.9 40.7944
13894.9 45.0884
13906.9 49.3792
13918.9 53.8058
13930.9 58.5679
13942.9 64.1506
13955 71.3576
13967 76.3515
13979 80.4563
13991 84.0164
14003 87.1904
14015 90.0868
14027 92.8098
14039 95.5091
14051.1 98.6367
14063.1 101.989
14075.1 103.721
14087.1 104.659
14099.1 104.942
14111.1 104.614
14123.1 103.67
14135.1 102.06
14147.1 99.6331
14159.2 95.5283
14171.2 91.583
14183.2 88.1257
14195.2 84.6491
14207.2 80.9877
14219.2 77.0242
14231.2 72.6336
14243.2 67.6317
14255.3 61.6201
14267.3 52.9648
14279.3 46.2177
14291.3 40.5524
14303.3 35.3681
14315.3 30.4324
14327.3 25.5939
14339.3 20.7118
14351.4 15.5986
14363.4 9.82864
14375.4 2.52583
14387.4 -2.6946
14399.4 -7.0011
14411.4 -10.7264
14423.4 -14.0138
14435.4 -16.9526
14447.4 -19.6165
14459.5 -22.0933
14471.5 -24.6014
14483.5 -27.151
14495.5 -28.6866
14507.5 -29.6477
14519.5 -30.1076
14531.5 -30.0825
14543.5 -29.5576
14555.6 -28.4817
14567.6 -26.7263
14579.6 -23.5898
14591.6 -20.4294
14603.6 -17.7555
14615.6 -15.0716
14627.6 -12.2263
14639.6 -9.11252
14651.7 -5.61624
14663.7 -1.571
14675.7 3.37546
14687.7 10.7773
14699.7 16.5448
14711.7 21.2479
14723.7 25.4903
14735.7 29.5
14747.7 33.4282
14759.8 37.4199
14771.8 41.6766
14783.8 46.6575
14795.8 53.5488
14807.8 57.9752
14819.8 61.2144
14831.8 63.6723
14843.8 65.501
14855.9 66.7736
14867.9 67.5211
14879.9 67.736
14891.9 67.315
14903.9 66.213
14915.9 65.1686
14927.9 63.8777
14939.9 62.2598
14952 60.2521
14964 57.7777
14976 54.7155
14988 50.8188
15000 44.9502
15012 38.9121
15024 34.51
15036 30.6008
15048 26.9236
15060.1 23.3322
15072.1 19.7076
15084.1 15.9117
15096.1 11.6948
15108.1 5.94155
15120.1 1.37834
15132.1 -2.20261
15144.1 -5.26302
15156.2 -7.95884
15168.2 -10.3793
15180.2 -12.5931
15192.2 -14.6746
15204.2 -16.761
15216.2 -19.2373
15228.2 -20.8264
15240.2 -21.8695
15252.3 -22.4885
15264.3 -22.7207
15276.3 -22.5728
15288.3 -22.0277
15300.3 -21.0327
15312.3 -19.4121
15324.3 -16.9929
15336.3 -15.0069
15348.3 -12.973
15360.4 -10.7641
15372.4 -8.29644
15384.4 -5.48179
15396.4 -2.19471
15408.4 1.80379
15420.4 7.42676
15432.4 13.7022
15444.4 18.0604
15456.5 21.8409
15468.5 25.3203
15480.5 28.655
15492.5 31.9767
15504.5 35.446
15516.5 39.3632
15528.5 45.1851
15540.5 49.4904
15552.6 52.2771
15564.6 54.1897
15576.6 55.4101
15588.6 56.0132
15600.6 56.0203
15612.6 55.4029
15624.6 54.0271
15636.6 51.3494
15648.6 49.0987
15660.7 46.8598
15672.7 44.4225
15684.7 41.6799
15696.7 38.5326
15708.7 34.8499
15720.7 30.4035
15732.7 24.5618
15744.7 16.4424
15756.8 10.9331
15768.8 6.29105
15780.8 2.09029
15792.8 -1.87094
15804.8 -5.7383
15816.8 -9.66159
15828.8 -13.8712
15840.8 -19.1086
15852.9 -24.894
15864.9 -28.5223
15876.9 -31.2688
15888.9 -33.371
15900.9 -34.9352
15912.9 -36.0188
15924.9 -36.6537
15936.9 -36.8541
15948.9 -36.6027
15961 -35.952
15973 -34.897
15985 -33.4025
15997 -31.4289
16009 -28.917
16021 -25.7725
16033 -21.8237
16045 -16.6585
16057.1 -8.64004
16069.1 -2.53483
16081.1 2.64445
16093.1 7.49834
16105.1 12.2799
16117.1 17.1761
16129.1 22.3891
16141.1 28.2311
16153.2 35.4933
16165.2 45.6774
16177.2 51.9953
16189.2 56.6781
16201.2 60.3066
16213.2 63.1132
16225.2 65.221
16237.2 66.7021
16249.2 67.6003
16261.3 67.9403
16273.3 67.7301
16285.3 66.9564
16297.3 65.6022
16309.3 63.63
16321.3 60.9767
16333.3 57.5369
16345.3 53.1218
16357.4 47.3169
16369.4 37.9029
16381.4 29.4019
16393.4 23.0241
16405.4 17.3876
16417.4 12.1014
16429.4 6.93528
16441.4 1.69077
16453.5 -3.88031
16465.5 -10.267
16477.5 -19.5074
16489.5 -26.0756
16501.5 -30.8438
16513.5 -34.5502
16525.5 -37.4415
16537.5 -39.6389
16549.5 -41.2068
16561.6 -42.1725
16573.6 -42.5174
16585.6 -42.1474
16597.6 -41.4775
16609.6 -40.3643
16621.6 -38.7394
16633.6 -36.5361
16645.6 -33.661
16657.7 -29.9616
16669.7 -25.1366
16681.7 -18.2196
16693.7 -8.98646
16705.7 -2.86671
16717.7 2.38878
16729.7 7.25338
16741.7 11.9769
16753.8 16.7617
16765.8 21.8451
16777.8 27.6429
16789.8 36.1029
16801.8 43.7861
16813.8 48.5508
16825.8 51.9501
16837.8 54.334
16849.8 55.8548
16861.9 56.5803
16873.9 56.519
16885.9 55.5912
16897.9 53.2742
16909.9 50.9717
16921.9 48.5182
16933.9 45.6747
16945.9 42.3212
16958 38.3375
16970 33.5564
16982 27.683
16994 19.9651
17006 8.22823
17018 0.211177
17030 -6.25734
17042 -11.9375
17054.1 -17.142
17066.1 -22.0691
17078.1 -26.8936
17090.1 -31.8442
17102.1 -37.4915
17114.1 -44.2499
17126.1 -48.5466
17138.1 -51.7533
17150.2 -54.1467
17162.2 -55.8287
17174.2 -56.8296
17186.2 -57.1227
17198.2 -56.5873
17210.2 -54.6041
17222.2 -52.0462
17234.2 -50.3141
17246.2 -48.6117
17258.3 -46.7568
17270.3 -44.628
17282.3 -42.099
17294.3 -38.9865
17306.3 -34.9069
17318.3 -27.9689
17330.3 -22.7546
17342.3 -19.0816
17354.4 -16.1315
17366.4 -13.6383
17378.4 -11.4505
17390.4 -9.44698
17402.4 -7.48749
17414.4 -5.29365
17426.4 -1.97933
17438.4 -0.398904
17450.5 0.144319
17462.5 -0.0747526
17474.5 -0.982117
17486.5 -2.57748
17498.5 -4.92303
17510.5 -8.18624
17522.5 -12.9108
17534.5 -19.7486
17546.5 -24.5384
17558.6 -28.8034
17570.6 -32.9071
17582.6 -37.0348
17594.6 -41.3367
17606.6 -45.9907
17618.6 -51.3035
17630.6 -58.3649
17642.6 -66.2274
17654.7 -71.3229
17666.7 -75.3964
17678.7 -78.774
17690.7 -81.6063
17702.7 -83.9802
17714.7 -85.9537
17726.7 -87.5748
17738.7 -88.9484
17750.8 -89.8827
17762.8 -90.3674
17774.8 -90.4328
17786.8 -90.0677
17798.8 -89.237
17810.8 -87.8733
17822.8 -85.8439
17834.8 -82.8122
17846.8 -77.483
17858.9 -73.7857
17870.9 -70.8543
17882.9 -68.23
17894.9 -65.729
17906.9 -63.2276
17918.9 -60.6053
17930.9 -57.6901
17942.9 -54.0587
17955 -49.0077
17967 -45.948
17979 -43.7186
17991 -42.0309
18003 -40.7675
18015 -39.8659
18027 -39.2896
18039 -39.0179
18051.1 -39.042
18063.1 -39.3572
18075.1 -39.9551
18087.1 -40.8539
18099.1 -42.0771
18111.1 -43.6627
18123.1 -45.6729
18135.1 -48.2195
18147.1 -51.5503
18159.2 -57.0013
18171.2 -61.7327
18183.2 -65.2262
18195.2 -68.2431
18207.2 -71.0043
18219.2 -73.6372
18231.2 -76.249
18243.2 -78.9706
18255.3 -82.0601
18267.3 -86.5516
18279.3 -89.5508
18291.3 -91.5674
18303.3 -92.9592
18315.3 -93.8387
18327.3 -94.2482
18339.3 -94.1887
18351.4 -93.6122
18363.4 -92.3368
18375.4 -89.9448
18387.4 -88.2504
18399.4 -86.6731
18411.4 -85.0415
18423.4 -83.2688
18435.4 -81.2806
18447.4 -78.9844
18459.5 -76.219
18471.5 -72.4803
18483.5 -67.757
18495.5 -64.6379
18507.5 -62.0229
18519.5 -59.6908
18531.5 -57.5318
18543.5 -55.4669
18555.6 -53.4157
18567.6 -51.2526
18579.6 -48.406
18591.6 -45.9592
18603.6 -44.3276
18615.6 -43.132
18627.6 -42.2816
18639.6 -41.7397
18651.7 -41.495
18663.7 -41.5588
18675.7 -41.9845
18687.7 -43.0517
18699.7 -44.0105
18711.7 -44.9706
18723.7 -46.0539
18735.7 -47.3212
18747.7 -48.8319
18759.8 -50.6664
18771.8 -52.9661
18783.8 -56.0952
18795.8 -61.0271
18807.8 -64.1278
18819.8 -66.4581
18831.8 -68.3606
18843.8 -69.9749
18855.9 -71.3857
18867.9 -72.6626
18879.9 -73.8915
18891.9 -75.2829
18903.9 -76.9297
18915.9 -77.6255
18927.9 -77.8441
18939.9 -77.669
18952 -77.1209
18964 -76.1875
18976 -74.8202
18988 -72.8934
19000 -69.7768
