7000 -47.5723
7012.01 -48.2948
7024.02 -49.032
7036.04 -49.7837
7048.05 -50.5493
7060.06 -51.3285
7072.07 -52.1206
7084.08 -52.9251
7096.1 -53.7414
7108.11 -54.5689
7120.12 -55.4067
7132.13 -56.2543
7144.14 -57.1107
7156.16 -57.9754
7168.17 -58.8473
7180.18 -59.7257
7192.19 -60.6098
7204.2 -61.4986
7216.22 -62.3913
7228.23 -63.287
7240.24 -64.1849
7252.25 -65.084
7264.26 -65.9836
7276.28 -66.8827
7288.29 -67.7807
7300.3 -68.6767
7312.31 -69.5701
7324.32 -70.4602
7336.34 -71.3464
7348.35 -72.2281
7360.36 -73.105
7372.37 -73.9768
7384.38 -74.8433
7396.4 -75.7046
7408.41 -76.5611
7420.42 -77.4135
7432.43 -78.2634
7444.44 -79.1138
7456.46 -79.9707
7468.47 -80.8517
7480.48 -81.7982
7492.49 -82.637
7504.5 -83.4207
7516.52 -84.1636
7528.53 -84.8709
7540.54 -85.5445
7552.55 -86.1847
7564.56 -86.7898
7576.58 -87.3523
7588.59 -87.8712
7600.6 -88.3885
7612.61 -88.8857
7624.62 -89.3577
7636.64 -89.8003
7648.65 -90.2084
7660.66 -90.5734
7672.67 -90.8774
7684.68 -91.0255
7696.7 -91.1968
7708.71 -91.4804
7720.72 -91.8071
7732.73 -92.1616
7744.74 -92.5381
7756.76 -92.935
7768.77 -93.3548
7780.78 -93.8082
7792.79 -94.3548
7804.8 -94.8321
7816.82 -95.2577
7828.83 -95.6534
7840.84 -96.0252
7852.85 -96.3745
7864.86 -96.6997
7876.88 -96.9951
7888.89 -97.2417
7900.9 -97.383
7912.91 -97.6346
7924.92 -97.9383
7936.94 -98.2768
7948.95 -98.6465
7960.96 -99.0489
7972.97 -99.4907
7984.98 -99.9884
7997 -100.598
8009.01 -101.353
8021.02 -101.878
8033.03 -102.315
8045.05 -102.691
8057.06 -103.014
8069.07 -103.284
8081.08 -103.494
8093.09 -103.62
8105.11 -103.54
8117.12 -103.443
8129.13 -103.58
8141.14 -103.813
8153.15 -104.122
8165.17 -104.501
8177.18 -104.959
8189.19 -105.515
8201.2 -106.225
8213.21 -107.39
8225.23 -108.248
8237.24 -108.837
8249.25 -109.277
8261.26 -109.599
8273.27 -109.811
8285.29 -109.907
8297.3 -109.86
8309.31 -109.587
8321.32 -108.8
8333.33 -108.488
8345.35 -108.404
8357.36 -108.456
8369.37 -108.616
8381.38 -108.875
8393.39 -109.241
8405.41 -109.741
8417.42 -110.477
8429.43 -111.559
8441.44 -112.187
8453.45 -112.644
8465.47 -112.988
8477.48 -113.234
8489.49 -113.384
8501.5 -113.42
8513.51 -113.299
8525.53 -112.812
8537.54 -112.185
8549.55 -112.082
8561.56 -112.187
8573.57 -112.449
8585.59 -112.86
8597.6 -113.427
8609.61 -114.189
8621.62 -115.239
8633.63 -117.126
8645.65 -118.551
8657.66 -119.471
8669.67 -120.135
8681.68 -120.609
8693.69 -120.919
8705.71 -121.066
8717.72 -121.031
8729.73 -120.74
8741.74 -119.891
8753.75 -119.446
8765.77 -119.193
8777.78 -119.031
8789.79 -118.925
8801.8 -118.857
8813.81 -118.816
8825.83 -118.796
8837.84 -118.792
8849.85 -118.801
8861.86 -118.821
8873.87 -118.848
8885.89 -118.882
8897.9 -118.922
8909.91 -118.966
8921.92 -119.013
8933.93 -119.064
8945.95 -119.117
8957.96 -119.171
8969.97 -119.227
8981.98 -119.284
8993.99 -119.341
9006.01 -119.398
9018.02 -119.455
9030.03 -119.511
9042.04 -119.567
9054.05 -119.621
9066.07 -119.675
9078.08 -119.727
9090.09 -119.777
9102.1 -119.826
9114.11 -119.872
9126.13 -119.916
9138.14 -119.958
9150.15 -119.998
9162.16 -120.034
9174.17 -120.068
9186.19 -120.098
9198.2 -120.126
9210.21 -120.15
9222.22 -120.17
9234.23 -120.187
9246.25 -120.2
9258.26 -120.209
9270.27 -120.213
9282.28 -120.214
9294.29 -120.21
9306.31 -120.201
9318.32 -120.188
9330.33 -120.169
9342.34 -120.146
9354.35 -120.117
9366.37 -120.083
9378.38 -120.044
9390.39 -119.998
9402.4 -119.947
9414.41 -119.89
9426.43 -119.826
9438.44 -119.756
9450.45 -119.68
9462.46 -119.597
9474.47 -119.507
9486.49 -119.41
9498.5 -119.305
9510.51 -119.193
9522.52 -119.074
9534.53 -118.947
9546.55 -118.812
9558.56 -118.669
9570.57 -118.517
9582.58 -118.357
9594.59 -118.188
9606.61 -118.01
9618.62 -117.824
9630.63 -117.628
9642.64 -117.422
9654.65 -117.207
9666.67 -116.981
9678.68 -116.746
9690.69 -116.5
9702.7 -116.244
9714.71 -115.977
9726.73 -115.7
9738.74 -115.411
9750.75 -115.11
9762.76 -114.798
9774.77 -114.474
9786.79 -114.138
9798.8 -113.79
9810.81 -113.429
9822.82 -113.056
9834.83 -112.669
9846.85 -112.27
9858.86 -111.857
9870.87 -111.43
9882.88 -110.989
9894.89 -110.534
9906.91 -110.065
9918.92 -109.581
9930.93 -109.082
9942.94 -108.568
9954.95 -108.039
9966.97 -107.493
9978.98 -106.932
9990.99 -106.355
10003 -105.762
10015 -105.151
10027 -104.524
10039 -103.88
10051.1 -103.218
10063.1 -102.538
10075.1 -101.841
10087.1 -101.125
10099.1 -100.391
10111.1 -99.638
10123.1 -98.866
10135.1 -98.0747
10147.1 -97.264
10159.2 -96.4334
10171.2 -95.5827
10183.2 -94.7117
10195.2 -93.8202
10207.2 -92.9078
10219.2 -91.9742
10231.2 -91.0194
10243.2 -90.0429
10255.3 -89.0445
10267.3 -88.0239
10279.3 -86.981
10291.3 -85.9154
10303.3 -84.8269
10315.3 -83.7152
10327.3 -82.5801
10339.3 -81.4214
10351.4 -80.2387
10363.4 -79.0318
10375.4 -77.8005
10387.4 -76.5446
10399.4 -75.2637
10411.4 -73.9576
10423.4 -72.6261
10435.4 -71.269
10447.4 -69.8859
10459.5 -68.4767
10471.5 -67.041
10483.5 -65.5787
10495.5 -64.0894
10507.5 -62.5729
10519.5 -61.029
10531.5 -59.4574
10543.5 -57.8577
10555.6 -56.2297
10567.6 -54.5731
10579.6 -52.8876
10591.6 -51.1728
10603.6 -49.4284
10615.6 -47.654
10627.6 -45.8492
10639.6 -44.0136
10651.7 -42.1465
10663.7 -40.2476
10675.7 -38.3161
10687.7 -36.3515
10699.7 -34.3528
10711.7 -32.3191
10723.7 -30.2495
10735.7 -28.1426
10747.7 -25.997
10759.8 -23.8108
10771.8 -21.5818
10783.8 -19.3073
10795.8 -16.9838
10807.8 -14.6068
10819.8 -12.1702
10831.8 -9.66594
10843.8 -7.082
10855.9 -4.40017
10867.9 -1.58945
10879.9 1.41305
10891.9 4.81116
10903.9 8.69228
10915.9 11.7886
10927.9 14.5958
10939.9 17.2073
10952 19.6575
10964 21.9579
10976 24.1027
10988 26.0596
11000 27.6408
11012 29.1584
11024 30.9239
11036 32.7442
11048 34.5756
11060.1 36.3934
11072.1 38.1765
11084.1 39.8991
11096.1 41.5136
11108.1 42.8069
11120.1 44.2956
11132.1 45.938
11144.1 47.6431
11156.2 49.3767
11168.2 51.115
11180.2 52.8345
11192.2 54.502
11204.2 56.0443
11216.2 57.2435
11228.2 58.8298
11240.2 60.6058
11252.3 62.4965
11264.3 64.4719
11276.3 66.5142
11288.3 68.6101
11300.3 70.7452
11312.3 72.8905
11324.3 75.0197
11336.3 77.3156
11348.3 79.7122
11360.4 82.1993
11372.4 84.7786
11384.4 87.4604
11396.4 90.2682
11408.4 93.2569
11420.4 96.6616
11432.4 100.215
11444.4 103.223
11456.5 106.031
11468.5 108.697
11480.5 111.243
11492.5 113.674
11504.5 115.978
11516.5 118.114
11528.5 119.84
11540.5 121.749
11552.6 123.846
11564.6 126.02
11576.6 128.241
11588.6 130.494
11600.6 132.771
11612.6 135.066
11624.6 137.378
11636.6 139.706
11648.6 142.047
11660.7 144.403
11672.7 146.778
11684.7 149.176
11696.7 151.606
11708.7 154.083
11720.7 156.638
11732.7 159.363
11744.7 162.388
11756.8 164.965
11768.8 167.353
11780.8 169.609
11792.8 171.754
11804.8 173.797
11816.8 175.736
11828.8 177.556
11840.8 179.187
11852.9 180.683
11864.9 182.33
11876.9 183.998
11888.9 185.665
11900.9 187.32
11912.9 188.959
11924.9 190.581
11936.9 192.186
11948.9 193.79
11961 195.353
11973 196.869
11985 198.347
11997 199.787
12009 201.189
12021 202.55
12033 203.863
12045 205.11
12057.1 206.211
12069.1 207.417
12081.1 208.684
12093.1 209.99
12105.1 211.335
12117.1 212.729
12129.1 214.194
12141.1 215.778
12153.2 217.62
12165.2 219.995
12177.2 221.619
12189.2 222.905
12201.2 223.952
12213.2 224.792
12225.2 225.432
12237.2 225.855
12249.2 226.012
12261.3 225.7
12273.3 224.969
12285.3 224.844
12297.3 224.89
12309.3 225.03
12321.3 225.235
12333.3 225.49
12345.3 225.794
12357.4 226.163
12369.4 226.713
12381.4 227.187
12393.4 227.512
12405.4 227.76
12417.4 227.946
12429.4 228.076
12441.4 228.15
12453.5 228.161
12465.5 228.089
12477.5 227.83
12489.5 227.676
12501.5 227.583
12513.5 227.518
12525.5 227.469
12537.5 227.435
12549.5 227.418
12561.6 227.43
12573.6 227.501
12585.6 227.712
12597.6 227.734
12609.6 227.664
12621.6 227.531
12633.6 227.344
12645.6 227.105
12657.7 226.813
12669.7 226.459
12681.7 226.008
12693.7 225.454
12705.7 225.01
12717.7 224.592
12729.7 224.184
12741.7 223.783
12753.8 223.386
12765.8 222.999
12777.8 222.631
12789.8 222.353
12801.8 222.032
12813.8 221.582
12825.8 221.058
12837.8 220.466
12849.8 219.804
12861.9 219.06
12873.9 218.209
12885.9 217.188
12897.9 215.68
12909.9 214.523
12921.9 213.63
12933.9 212.881
12945.9 212.244
12958 211.706
12970 211.267
12982 210.943
12994 210.791
13006 210.982
13018 210.88
13030 210.659
13042 210.378
13054.1 210.057
13066.1 209.71
13078.1 209.342
13090.1 208.96
13102.1 208.567
13114.1 208.169
13126.1 207.749
13138.1 207.315
13150.2 206.867
13162.2 206.406
13174.2 205.931
13186.2 205.439
13198.2 204.919
13210.2 204.33
13222.2 203.734
13234.2 203.232
13246.2 202.771
13258.3 202.343
13270.3 201.949
13282.3 201.592
13294.3 201.283
13306.3 201.048
13318.3 201.034
13330.3 200.875
13342.3 200.579
13354.4 200.209
13366.4 199.778
13378.4 199.289
13390.4 198.737
13402.4 198.105
13414.4 197.339
13426.4 196.254
13438.4 195.471
13450.5 194.837
13462.5 194.294
13474.5 193.82
13486.5 193.408
13498.5 193.055
13510.5 192.768
13522.5 192.572
13534.5 192.501
13546.5 192.337
13558.6 192.158
13570.6 191.983
13582.6 191.82
13594.6 191.679
13606.6 191.566
13618.6 191.498
13630.6 191.53
13642.6 191.613
13654.7 191.572
13666.7 191.494
13678.7 191.395
13690.7 191.283
13702.7 191.165
13714.7 191.045
13726.7 190.93
13738.7 190.844
13750.8 190.735
13762.8 190.6
13774.8 190.452
13786.8 190.293
13798.8 190.126
13810.8 189.951
13822.8 189.765
13834.8 189.564
13846.8 189.32
13858.9 189.119
13870.9 188.944
13882.9 188.786
13894.9 188.644
13906.9 188.52
13918.9 188.416
13930.9 188.34
13942.9 188.314
13955 188.373
13967 188.333
13979 188.255
13991 188.155
14003 188.038
14015 187.907
14027 187.763
14039 187.606
14051.1 187.427
14063.1 187.231
14075.1 187.056
14087.1 186.885
14099.1 186.715
14111.1 186.546
14123.1 186.376
14135.1 186.204
14147.1 186.027
14159.2 185.836
14171.2 185.652
14183.2 185.48
14195.2 185.314
14207.2 185.153
14219.2 184.995
14231.2 184.84
14243.2 184.687
14255.3 184.536
14267.3 184.384
14279.3 184.238
14291.3 184.096
14303.3 183.956
14315.3 183.82
14327.3 183.686
14339.3 183.554
14351.4 183.423
14363.4 183.292
14375.4 183.154
14387.4 183.033
14399.4 182.922
14411.4 182.821
14423.4 182.728
14435.4 182.646
14447.4 182.576
14459.5 182.524
14471.5 182.51
14483.5 182.531
14495.5 182.49
14507.5 182.427
14519.5 182.349
14531.5 182.261
14543.5 182.163
14555.6 182.056
14567.6 181.939
14579.6 181.804
14591.6 181.667
14603.6 181.535
14615.6 181.402
14627.6 181.266
14639.6 181.127
14651.7 180.983
14663.7 180.835
14675.7 180.68
14687.7 180.513
14699.7 180.348
14711.7 180.181
14723.7 180.01
14735.7 179.833
14747.7 179.65
14759.8 179.457
14771.8 179.25
14783.8 179.021
14795.8 178.745
14807.8 178.511
14819.8 178.293
14831.8 178.081
14843.8 177.872
14855.9 177.662
14867.9 177.448
14879.9 177.227
14891.9 176.985
14903.9 176.719
14915.9 176.492
14927.9 176.278
14939.9 176.072
14952 175.869
14964 175.668
14976 175.465
14988 175.256
15000 175.026
15012 174.799
15024 174.597
15036 174.406
15048 174.222
15060.1 174.041
15072.1 173.864
15084.1 173.687
15096.1 173.509
15108.1 173.319
15120.1 173.14
15132.1 172.969
15144.1 172.801
15156.2 172.636
15168.2 172.472
15180.2 172.308
15192.2 172.143
15204.2 171.973
15216.2 171.796
15228.2 171.623
15240.2 171.451
15252.3 171.276
15264.3 171.097
15276.3 170.912
15288.3 170.717
15300.3 170.506
15312.3 170.262
15324.3 169.97
15336.3 169.749
15348.3 169.553
15360.4 169.374
15372.4 169.208
15384.4 169.054
15396.4 168.911
15408.4 168.783
15420.4 168.687
15432.4 168.6
15444.4 168.471
15456.5 168.325
15468.5 168.165
15480.5 167.991
15492.5 167.802
15504.5 167.595
15516.5 167.362
15528.5 167.059
15540.5 166.789
15552.6 166.552
15564.6 166.329
15576.6 166.112
15588.6 165.899
15600.6 165.688
15612.6 165.477
15624.6 165.265
15636.6 165.049
15648.6 164.832
15660.7 164.613
15672.7 164.39
15684.7 164.163
15696.7 163.929
15708.7 163.686
15720.7 163.431
15732.7 163.152
15744.7 162.834
15756.8 162.567
15768.8 162.319
15780.8 162.087
15792.8 161.867
15804.8 161.664
15816.8 161.481
15828.8 161.333
15840.8 161.273
15852.9 161.262
15864.9 161.091
15876.9 160.854
15888.9 160.568
15900.9 160.24
15912.9 159.872
15924.9 159.462
15936.9 159.005
15948.9 158.462
15961 157.92
15973 157.392
15985 156.855
15997 156.304
16009 155.733
16021 155.14
16033 154.518
16045 153.856
16057.1 153.108
16069.1 152.41
16081.1 151.736
16093.1 151.071
16105.1 150.41
16117.1 149.756
16129.1 149.11
16141.1 148.484
16153.2 147.91
16165.2 147.451
16177.2 146.805
16189.2 146.069
16201.2 145.266
16213.2 144.403
16225.2 143.481
16237.2 142.497
16249.2 141.439
16261.3 140.256
16273.3 138.963
16285.3 137.81
16297.3 136.694
16309.3 135.596
16321.3 134.511
16333.3 133.439
16345.3 132.388
16357.4 131.374
16369.4 130.5
16381.4 129.552
16393.4 128.472
16405.4 127.323
16417.4 126.121
16429.4 124.874
16441.4 123.588
16453.5 122.264
16465.5 120.904
16477.5 119.501
16489.5 118.082
16501.5 116.643
16513.5 115.185
16525.5 113.709
16537.5 112.217
16549.5 110.711
16561.6 109.198
16573.6 107.687
16585.6 106.203
16597.6 104.661
16609.6 103.089
16621.6 101.499
16633.6 99.899
16645.6 98.2957
16657.7 96.6995
16669.7 95.1282
16681.7 93.6353
16693.7 92.2337
16705.7 90.6306
16717.7 88.9476
16729.7 87.21
16741.7 85.4297
16753.8 83.6148
16765.8 81.7719
16777.8 79.9089
16789.8 78.0506
16801.8 76.159
16813.8 74.2105
16825.8 72.224
16837.8 70.2037
16849.8 68.1508
16861.9 66.0638
16873.9 63.9374
16885.9 61.7557
16897.9 59.4332
16909.9 57.1999
16921.9 55.0332
16933.9 52.9011
16945.9 50.7946
16958 48.7108
16970 46.6492
16982 44.6127
16994 42.6111
17006 40.6753
17018 38.6917
17030 36.6911
17042 34.6833
17054.1 32.6713
17066.1 30.6553
17078.1 28.6336
17090.1 26.6005
17102.1 24.5369
17114.1 22.4284
17126.1 20.4068
17138.1 18.4208
17150.2 16.459
17162.2 14.5149
17174.2 12.5824
17186.2 10.654
17198.2 8.71493
17210.2 6.70486
17222.2 4.70579
17234.2 2.85061
17246.2 1.06546
17258.3 -0.664076
17270.3 -2.34462
17282.3 -3.97983
17294.3 -5.57166
17306.3 -7.12047
17318.3 -8.62008
17330.3 -10.0896
17342.3 -11.529
17354.4 -12.9353
17366.4 -14.3072
17378.4 -15.6434
17390.4 -16.9413
17402.4 -18.196
17414.4 -19.3925
17426.4 -20.4771
17438.4 -21.6326
17450.5 -22.8167
17462.5 -24.0137
17474.5 -25.221
17486.5 -26.4406
17498.5 -27.6795
17510.5 -28.9535
17522.5 -30.3108
17534.5 -31.809
17546.5 -33.082
17558.6 -34.2632
17570.6 -35.383
17582.6 -36.4553
17594.6 -37.4891
17606.6 -38.4923
17618.6 -39.4745
17630.6 -40.4631
17642.6 -41.4382
17654.7 -42.3203
17666.7 -43.151
17678.7 -43.9394
17690.7 -44.6911
17702.7 -45.4109
17714.7 -46.1043
17726.7 -46.7815
17738.7 -47.4908
17750.8 -48.1217
17762.8 -48.669
17774.8 -49.1545
17786.8 -49.5831
17798.8 -49.9551
17810.8 -50.2672
17822.8 -50.5104
17834.8 -50.6592
17846.8 -50.6113
17858.9 -50.6828
17870.9 -50.8061
17882.9 -50.9465
17894.9 -51.0918
17906.9 -51.2355
17918.9 -51.3735
17930.9 -51.5019
17942.9 -51.6141
17955 -51.6998
17967 -51.8071
17979 -51.9203
17991 -52.0363
18003 -52.155
18015 -52.2785
18027 -52.411
18039 -52.5627
18051.1 -52.7722
18063.1 -53.0194
18075.1 -53.1359
18087.1 -53.196
18099.1 -53.2119
18111.1 -53.1876
18123.1 -53.123
18135.1 -53.0144
18147.1 -52.8496
18159.2 -52.5565
18171.2 -52.2926
18183.2 -52.0877
18195.2 -51.9009
18207.2 -51.7216
18219.2 -51.5446
18231.2 -51.367
18243.2 -51.1866
18255.3 -51.0018
18267.3 -50.8104
18279.3 -50.6147
18291.3 -50.4132
18303.3 -50.2047
18315.3 -49.9879
18327.3 -49.7615
18339.3 -49.5235
18351.4 -49.2705
18363.4 -48.9931
18375.4 -48.6719
18387.4 -48.3894
18399.4 -48.1192
18411.4 -47.8536
18423.4 -47.5896
18435.4 -47.325
18447.4 -47.0581
18459.5 -46.7869
18471.5 -46.5064
18483.5 -46.216
18495.5 -45.9369
18507.5 -45.6592
18519.5 -45.3806
18531.5 -45.0992
18543.5 -44.8132
18555.6 -44.5203
18567.6 -44.2157
18579.6 -43.8762
18591.6 -43.546
18603.6 -43.2417
18615.6 -42.9474
18627.6 -42.6585
18639.6 -42.372
18651.7 -42.0853
18663.7 -41.7946
18675.7 -41.4917
18687.7 -41.14
18699.7 -40.8383
18711.7 -40.574
18723.7 -40.3342
18735.7 -40.1155
18747.7 -39.9177
18759.8 -39.7428
18771.8 -39.5963
18783.8 -39.4951
18795.8 -39.4865
18807.8 -39.3891
18819.8 -39.2543
18831.8 -39.0979
18843.8 -38.9249
18855.9 -38.7367
18867.9 -38.5321
18879.9 -38.3055
18891.9 -38.0349
18903.9 -37.7114
18915.9 -37.4824
18927.9 -37.2919
18939.9 -37.1307
18952 -36.9971
18964 -36.8925
18976 -36.8229
18988 -36.8026
19000 -36.9036
