7000 -162.241
7012.01 -163.407
7024.02 -164.581
7036.04 -165.763
7048.05 -166.953
7060.06 -168.151
7072.07 -169.356
7084.08 -170.569
7096.1 -171.79
7108.11 -173.019
7120.12 -174.255
7132.13 -175.5
7144.14 -176.751
7156.16 -178.01
7168.17 -179.277
7180.18 -180.551
7192.19 -181.832
7204.2 -183.12
7216.22 -184.416
7228.23 -185.718
7240.24 -187.027
7252.25 -188.342
7264.26 -189.663
7276.28 -190.99
7288.29 -192.322
7300.3 -193.659
7312.31 -195
7324.32 -196.345
7336.34 -197.693
7348.35 -199.042
7360.36 -200.39
7372.37 -201.737
7384.38 -203.079
7396.4 -204.412
7408.41 -205.731
7420.42 -207.029
7432.43 -208.293
7444.44 -209.501
7456.46 -210.611
7468.47 -211.496
7480.48 -211.861
7492.49 -212.962
7504.5 -214.428
7516.52 -216.166
7528.53 -218.159
7540.54 -220.425
7552.55 -223.014
7564.56 -226.052
7576.58 -229.98
7588.59 -234.841
7600.6 -238.152
7612.61 -240.921
7624.62 -243.335
7636.64 -245.462
7648.65 -247.33
7660.66 -248.934
7672.67 -250.217
7684.68 -250.807
7696.7 -251.441
7708.71 -252.486
7720.72 -253.661
7732.73 -254.905
7744.74 -256.188
7756.76 -257.494
7768.77 -258.814
7780.78 -260.145
7792.79 -261.495
7804.8 -262.819
7816.82 -264.115
7828.83 -265.385
7840.84 -266.625
7852.85 -267.828
7864.86 -268.984
7876.88 -270.072
7888.89 -271.042
7900.9 -271.753
7912.91 -272.72
7924.92 -273.797
7936.94 -274.937
7948.95 -276.12
7960.96 -277.34
7972.97 -278.593
7984.98 -279.883
7997 -281.237
8009.01 -282.667
8021.02 -283.974
8033.03 -285.227
8045.05 -286.438
8057.06 -287.606
8069.07 -288.725
8081.08 -289.78
8093.09 -290.742
8105.11 -291.465
8117.12 -292.164
8129.13 -293.126
8141.14 -294.188
8153.15 -295.32
8165.17 -296.511
8177.18 -297.761
8189.19 -299.079
8201.2 -300.499
8213.21 -302.222
8225.23 -303.727
8237.24 -305.036
8249.25 -306.225
8261.26 -307.31
8273.27 -308.29
8285.29 -309.149
8297.3 -309.848
8309.31 -310.286
8321.32 -310.115
8333.33 -310.504
8345.35 -311.155
8357.36 -311.954
8369.37 -312.861
8381.38 -313.855
8393.39 -314.93
8405.41 -316.091
8417.42 -317.375
8429.43 -318.823
8441.44 -320.094
8453.45 -321.306
8465.47 -322.477
8477.48 -323.609
8489.49 -324.697
8501.5 -325.725
8513.51 -326.655
8525.53 -327.328
8537.54 -327.913
8549.55 -328.903
8561.56 -330.06
8573.57 -331.342
8585.59 -332.738
8597.6 -334.248
8609.61 -335.886
8621.62 -337.693
8633.63 -339.906
8645.65 -341.97
8657.66 -343.873
8669.67 -345.728
8681.68 -347.574
8693.69 -349.436
8705.71 -351.342
8717.72 -353.329
8729.73 -355.483
8741.74 -358.113
8753.75 -360.273
8765.77 -362.176
8777.78 -363.929
8789.79 -365.569
8801.8 -367.116
8813.81 -368.583
8825.83 -369.979
8837.84 -371.308
8849.85 -372.576
8861.86 -373.786
8873.87 -374.942
8885.89 -376.043
8897.9 -377.094
8909.91 -378.094
8921.92 -379.046
8933.93 -379.95
8945.95 -380.806
8957.96 -381.617
8969.97 -382.381
8981.98 -383.099
8993.99 -383.772
9006.01 -384.4
9018.02 -384.983
9030.03 -385.522
9042.04 -386.017
9054.05 -386.466
9066.07 -386.872
9078.08 -387.233
9090.09 -387.55
9102.1 -387.823
9114.11 -388.052
9126.13 -388.236
9138.14 -388.376
9150.15 -388.472
9162.16 -388.523
9174.17 -388.53
9186.19 -388.493
9198.2 -388.41
9210.21 -388.284
9222.22 -388.113
9234.23 -387.897
9246.25 -387.636
9258.26 -387.331
9270.27 -386.981
9282.28 -386.586
9294.29 -386.146
9306.31 -385.662
9318.32 -385.133
9330.33 -384.559
9342.34 -383.94
9354.35 -383.277
9366.37 -382.569
9378.38 -381.816
9390.39 -381.019
9402.4 -380.177
9414.41 -379.291
9426.43 -378.36
9438.44 -377.385
9450.45 -376.366
9462.46 -375.303
9474.47 -374.196
9486.49 -373.046
9498.5 -371.852
9510.51 -370.615
9522.52 -369.335
9534.53 -368.011
9546.55 -366.645
9558.56 -365.237
9570.57 -363.787
9582.58 -362.294
9594.59 -360.76
9606.61 -359.185
9618.62 -357.568
9630.63 -355.911
9642.64 -354.213
9654.65 -352.476
9666.67 -350.698
9678.68 -348.882
9690.69 -347.026
9702.7 -345.132
9714.71 -343.2
9726.73 -341.23
9738.74 -339.223
9750.75 -337.18
9762.76 -335.099
9774.77 -332.984
9786.79 -330.832
9798.8 -328.646
9810.81 -326.426
9822.82 -324.172
9834.83 -321.884
9846.85 -319.564
9858.86 -317.212
9870.87 -314.828
9882.88 -312.413
9894.89 -309.967
9906.91 -307.492
9918.92 -304.987
9930.93 -302.454
9942.94 -299.892
9954.95 -297.304
9966.97 -294.688
9978.98 -292.047
9990.99 -289.379
10003 -286.687
10015 -283.971
10027 -281.232
10039 -278.469
10051.1 -275.684
10063.1 -272.878
10075.1 -270.05
10087.1 -267.203
10099.1 -264.336
10111.1 -261.45
10123.1 -258.546
10135.1 -255.625
10147.1 -252.687
10159.2 -249.733
10171.2 -246.763
10183.2 -243.778
10195.2 -240.78
10207.2 -237.768
10219.2 -234.743
10231.2 -231.707
10243.2 -228.659
10255.3 -225.6
10267.3 -222.531
10279.3 -219.453
10291.3 -216.365
10303.3 -213.27
10315.3 -210.167
10327.3 -207.057
10339.3 -203.941
10351.4 -200.819
10363.4 -197.692
10375.4 -194.561
10387.4 -191.425
10399.4 -188.286
10411.4 -185.144
10423.4 -181.999
10435.4 -178.853
10447.4 -175.705
10459.5 -172.556
10471.5 -169.407
10483.5 -166.257
10495.5 -163.108
10507.5 -159.96
10519.5 -156.812
10531.5 -153.666
10543.5 -150.521
10555.6 -147.379
10567.6 -144.238
10579.6 -141.101
10591.6 -137.965
10603.6 -134.833
10615.6 -131.703
10627.6 -128.576
10639.6 -125.452
10651.7 -122.33
10663.7 -119.212
10675.7 -116.096
10687.7 -112.982
10699.7 -109.87
10711.7 -106.76
10723.7 -103.651
10735.7 -100.542
10747.7 -97.4333
10759.8 -94.3228
10771.8 -91.2097
10783.8 -88.0924
10795.8 -84.9693
10807.8 -81.8378
10819.8 -78.6951
10831.8 -75.5371
10843.8 -72.3581
10855.9 -69.15
10867.9 -65.8992
10879.9 -62.5789
10891.9 -59.1055
10903.9 -55.442
10915.9 -52.0986
10927.9 -48.8727
10939.9 -45.7234
10952 -42.6323
10964 -39.589
10976 -36.5856
10988 -33.615
11000 -30.6594
11012 -27.7412
11024 -24.8833
11036 -22.0712
11048 -19.3029
11060.1 -16.5798
11072.1 -13.9066
11084.1 -11.2937
11096.1 -8.76716
11108.1 -6.46176
11120.1 -4.03828
11132.1 -1.52124
11144.1 1.03218
11156.2 3.60101
11168.2 6.17004
11180.2 8.72224
11192.2 11.2301
11204.2 13.6252
11216.2 15.6938
11228.2 18.1734
11240.2 20.8704
11252.3 23.714
11264.3 26.6788
11276.3 29.7511
11288.3 32.9217
11300.3 36.179
11312.3 39.4905
11324.3 42.8279
11336.3 46.456
11348.3 50.2925
11360.4 54.3353
11372.4 58.6021
11384.4 63.1289
11396.4 67.9827
11408.4 73.3098
11420.4 79.71
11432.4 86.5136
11444.4 91.9707
11456.5 96.9586
11468.5 101.631
11480.5 106.045
11492.5 110.219
11504.5 114.132
11516.5 117.695
11528.5 120.359
11540.5 123.467
11552.6 127.03
11564.6 130.797
11576.6 134.695
11588.6 138.687
11600.6 142.75
11612.6 146.862
11624.6 150.998
11636.6 155.091
11648.6 159.318
11660.7 163.632
11672.7 168.009
11684.7 172.442
11696.7 176.928
11708.7 181.471
11720.7 186.093
11732.7 190.871
11744.7 195.92
11756.8 200.518
11768.8 204.901
11780.8 209.11
11792.8 213.148
11804.8 217
11816.8 220.633
11828.8 223.971
11840.8 226.739
11852.9 229.122
11864.9 232.157
11876.9 235.353
11888.9 238.617
11900.9 241.9
11912.9 245.171
11924.9 248.402
11936.9 251.561
11948.9 254.529
11961 257.532
11973 260.59
11985 263.638
11997 266.653
12009 269.616
12021 272.507
12033 275.293
12045 277.903
12057.1 280.041
12069.1 282.598
12081.1 285.405
12093.1 288.376
12105.1 291.494
12117.1 294.774
12129.1 298.26
12141.1 302.054
12153.2 306.459
12165.2 312.07
12177.2 316.105
12189.2 319.459
12201.2 322.349
12213.2 324.849
12225.2 326.976
12237.2 328.7
12249.2 329.916
12261.3 330.188
12273.3 329.634
12285.3 330.5
12297.3 331.849
12309.3 333.529
12321.3 335.496
12333.3 337.754
12345.3 340.354
12357.4 343.442
12369.4 347.873
12381.4 351.875
12393.4 354.969
12405.4 357.684
12417.4 360.16
12429.4 362.473
12441.4 364.674
12453.5 366.819
12465.5 368.993
12477.5 371.518
12489.5 373.552
12501.5 375.234
12513.5 376.683
12525.5 377.941
12537.5 379.031
12549.5 379.968
12561.6 380.762
12573.6 381.421
12585.6 381.955
12597.6 382.342
12609.6 382.588
12621.6 382.693
12633.6 382.65
12645.6 382.447
12657.7 382.062
12669.7 381.447
12681.7 380.445
12693.7 379.021
12705.7 378.084
12717.7 377.264
12729.7 376.489
12741.7 375.728
12753.8 374.961
12765.8 374.175
12777.8 373.363
12789.8 372.524
12801.8 371.633
12813.8 370.668
12825.8 369.626
12837.8 368.495
12849.8 367.254
12861.9 365.874
12873.9 364.301
12885.9 362.41
12897.9 359.604
12909.9 357.442
12921.9 355.758
12933.9 354.321
12945.9 353.059
12958 351.936
12970 350.936
12982 350.055
12994 349.308
13006 348.771
13018 348.145
13030 347.508
13042 346.884
13054.1 346.282
13066.1 345.707
13078.1 345.165
13090.1 344.663
13102.1 344.226
13114.1 343.872
13126.1 343.432
13138.1 342.969
13150.2 342.493
13162.2 342.009
13174.2 341.515
13186.2 341.005
13198.2 340.467
13210.2 339.834
13222.2 339.199
13234.2 338.709
13246.2 338.281
13258.3 337.901
13270.3 337.56
13282.3 337.249
13294.3 336.959
13306.3 336.664
13318.3 336.224
13330.3 336.002
13342.3 335.997
13354.4 336.16
13366.4 336.493
13378.4 337.016
13390.4 337.776
13402.4 338.864
13414.4 340.523
13426.4 343.604
13438.4 345.301
13450.5 346.295
13462.5 346.862
13474.5 347.089
13486.5 347.005
13498.5 346.6
13510.5 345.805
13522.5 344.368
13534.5 341.983
13546.5 340.719
13558.6 339.847
13570.6 339.217
13582.6 338.779
13594.6 338.518
13606.6 338.451
13618.6 338.641
13630.6 339.382
13642.6 340.387
13654.7 340.628
13666.7 340.59
13678.7 340.354
13690.7 339.95
13702.7 339.384
13714.7 338.644
13726.7 337.685
13738.7 336.237
13750.8 334.928
13762.8 333.783
13774.8 332.665
13786.8 331.525
13798.8 330.326
13810.8 329.024
13822.8 327.551
13834.8 325.742
13846.8 322.97
13858.9 321.153
13870.9 319.882
13882.9 318.952
13894.9 318.301
13906.9 317.913
13918.9 317.8
13930.9 318.023
13942.9 318.794
13955 320.485
13967 321.162
13979 321.461
13991 321.525
14003 321.398
14015 321.086
14027 320.56
14039 319.73
14051.1 318.221
14063.1 316.241
14075.1 315.472
14087.1 315.185
14099.1 315.268
14111.1 315.694
14123.1 316.483
14135.1 317.701
14147.1 319.534
14159.2 323.041
14171.2 325.928
14183.2 327.765
14195.2 329.148
14207.2 330.232
14219.2 331.091
14231.2 331.767
14243.2 332.283
14255.3 332.65
14267.3 332.855
14279.3 332.975
14291.3 333.001
14303.3 332.922
14315.3 332.731
14327.3 332.412
14339.3 331.942
14351.4 331.27
14363.4 330.247
14375.4 328.547
14387.4 327.592
14399.4 326.941
14411.4 326.482
14423.4 326.179
14435.4 326.027
14447.4 326.046
14459.5 326.296
14471.5 327.023
14483.5 328.217
14495.5 328.511
14507.5 328.458
14519.5 328.149
14531.5 327.611
14543.5 326.836
14555.6 325.787
14567.6 324.359
14579.6 321.949
14591.6 319.753
14603.6 318.23
14615.6 316.969
14627.6 315.866
14639.6 314.869
14651.7 313.941
14663.7 313.049
14675.7 312.135
14687.7 310.982
14699.7 310.16
14711.7 309.592
14723.7 309.201
14735.7 308.969
14747.7 308.893
14759.8 308.986
14771.8 309.286
14783.8 309.904
14795.8 311.15
14807.8 311.84
14819.8 312.312
14831.8 312.673
14843.8 312.962
14855.9 313.198
14867.9 313.387
14879.9 313.527
14891.9 313.58
14903.9 313.536
14915.9 313.68
14927.9 313.913
14939.9 314.223
14952 314.615
14964 315.105
14976 315.728
14988 316.56
15000 317.976
15012 319.364
15024 320.108
15036 320.581
15048 320.854
15060.1 320.952
15072.1 320.878
15084.1 320.615
15096.1 320.097
15108.1 318.96
15120.1 318.144
15132.1 317.59
15144.1 317.149
15156.2 316.776
15168.2 316.451
15180.2 316.163
15192.2 315.91
15204.2 315.703
15216.2 315.59
15228.2 315.374
15240.2 315.099
15252.3 314.776
15264.3 314.404
15276.3 313.974
15288.3 313.468
15300.3 312.849
15312.3 312.005
15324.3 310.828
15336.3 310.121
15348.3 309.585
15360.4 309.155
15372.4 308.803
15384.4 308.511
15396.4 308.263
15408.4 308.042
15420.4 307.788
15432.4 307.563
15444.4 307.531
15456.5 307.612
15468.5 307.794
15480.5 308.078
15492.5 308.471
15504.5 308.993
15516.5 309.688
15528.5 310.801
15540.5 311.756
15552.6 312.557
15564.6 313.317
15576.6 314.076
15588.6 314.863
15600.6 315.705
15612.6 316.646
15624.6 317.778
15636.6 319.435
15648.6 320.58
15660.7 321.457
15672.7 322.178
15684.7 322.783
15696.7 323.293
15708.7 323.72
15720.7 324.071
15732.7 324.343
15744.7 324.529
15756.8 324.697
15768.8 324.826
15780.8 324.912
15792.8 324.953
15804.8 324.947
15816.8 324.89
15828.8 324.776
15840.8 324.578
15852.9 324.314
15864.9 324.075
15876.9 323.815
15888.9 323.525
15900.9 323.196
15912.9 322.82
15924.9 322.386
15936.9 321.871
15948.9 321.162
15961 320.502
15973 319.917
15985 319.345
15997 318.766
16009 318.164
16021 317.526
16033 316.829
16045 316.025
16057.1 314.924
16069.1 314.08
16081.1 313.384
16093.1 312.769
16105.1 312.214
16117.1 311.711
16129.1 311.255
16141.1 310.85
16153.2 310.516
16165.2 310.295
16177.2 309.987
16189.2 309.659
16201.2 309.33
16213.2 309.01
16225.2 308.712
16237.2 308.452
16249.2 308.262
16261.3 308.253
16273.3 308.399
16285.3 308.172
16297.3 307.799
16309.3 307.323
16321.3 306.763
16333.3 306.129
16345.3 305.431
16357.4 304.678
16369.4 303.907
16381.4 303.044
16393.4 302.067
16405.4 300.997
16417.4 299.836
16429.4 298.58
16441.4 297.223
16453.5 295.75
16465.5 294.125
16477.5 292.192
16489.5 290.376
16501.5 288.609
16513.5 286.831
16525.5 285.016
16537.5 283.149
16549.5 281.21
16561.6 279.176
16573.6 276.989
16585.6 274.515
16597.6 272.269
16609.6 270.09
16621.6 267.926
16633.6 265.754
16645.6 263.558
16657.7 261.32
16669.7 259.013
16681.7 256.566
16693.7 253.961
16705.7 251.586
16717.7 249.28
16729.7 247.011
16741.7 244.763
16753.8 242.527
16765.8 240.296
16777.8 238.059
16789.8 235.775
16801.8 233.517
16813.8 231.329
16825.8 229.184
16837.8 227.079
16849.8 225.018
16861.9 223.012
16873.9 221.083
16885.9 219.281
16897.9 217.863
16909.9 216.165
16921.9 214.261
16933.9 212.251
16945.9 210.167
16958 208.029
16970 205.851
16982 203.647
16994 201.442
17006 199.294
17018 197.007
17030 194.638
17042 192.208
17054.1 189.724
17066.1 187.189
17078.1 184.603
17090.1 181.959
17102.1 179.23
17114.1 176.396
17126.1 173.661
17138.1 170.951
17150.2 168.248
17162.2 165.546
17174.2 162.839
17186.2 160.118
17198.2 157.37
17210.2 154.527
17222.2 151.683
17234.2 148.992
17246.2 146.371
17258.3 143.806
17270.3 141.29
17282.3 138.821
17294.3 136.398
17306.3 134.021
17318.3 131.687
17330.3 129.406
17342.3 127.179
17354.4 125.007
17366.4 122.894
17378.4 120.842
17390.4 118.86
17402.4 116.955
17414.4 115.15
17426.4 113.518
17438.4 111.836
17450.5 110.164
17462.5 108.53
17474.5 106.949
17486.5 105.435
17498.5 104.004
17510.5 102.686
17522.5 101.563
17534.5 100.731
17546.5 99.591
17558.6 98.3609
17570.6 97.0909
17582.6 95.8028
17594.6 94.5101
17606.6 93.2232
17618.6 91.9537
17630.6 90.7325
17642.6 89.5362
17654.7 88.2727
17666.7 86.9869
17678.7 85.6858
17690.7 84.3705
17702.7 83.038
17714.7 81.6799
17726.7 80.2743
17738.7 78.6981
17750.8 77.2385
17762.8 75.9089
17774.8 74.6505
17786.8 73.4464
17798.8 72.2885
17810.8 71.172
17822.8 70.0945
17834.8 69.0558
17846.8 68.0642
17858.9 67.0849
17870.9 66.1229
17882.9 65.1797
17894.9 64.2541
17906.9 63.3438
17918.9 62.445
17930.9 61.5508
17942.9 60.643
17955 59.6909
17967 58.8407
17979 58.0414
17991 57.279
18003 56.5464
18015 55.8378
18027 55.1464
18039 54.4606
18051.1 53.7422
18063.1 53.0099
18075.1 52.4252
18087.1 51.917
18099.1 51.4739
18111.1 51.0936
18123.1 50.7784
18135.1 50.537
18147.1 50.3923
18159.2 50.477
18171.2 50.5038
18183.2 50.4192
18195.2 50.2983
18207.2 50.1614
18219.2 50.0193
18231.2 49.8798
18243.2 49.7512
18255.3 49.649
18267.3 49.6327
18279.3 49.5353
18291.3 49.3861
18303.3 49.205
18315.3 48.9979
18327.3 48.7661
18339.3 48.5081
18351.4 48.2185
18363.4 47.8794
18375.4 47.4517
18387.4 47.1036
18399.4 46.781
18411.4 46.4682
18423.4 46.1578
18435.4 45.8442
18447.4 45.5211
18459.5 45.1791
18471.5 44.7906
18483.5 44.3544
18495.5 44.0058
18507.5 43.6861
18519.5 43.3826
18531.5 43.0884
18543.5 42.7978
18555.6 42.504
18567.6 42.1958
18579.6 41.8191
18591.6 41.477
18603.6 41.2091
18615.6 40.9794
18627.6 40.7791
18639.6 40.6048
18651.7 40.4557
18663.7 40.334
18675.7 40.2483
18687.7 40.2453
18699.7 40.1938
18711.7 40.1097
18723.7 40.0096
18735.7 39.8979
18747.7 39.7757
18759.8 39.6419
18771.8 39.4926
18783.8 39.3159
18795.8 39.0784
18807.8 38.9079
18819.8 38.768
18831.8 38.6476
18843.8 38.5433
18855.9 38.4544
18867.9 38.3824
18879.9 38.3331
18891.9 38.328
18903.9 38.3759
18915.9 38.3316
18927.9 38.25
18939.9 38.1399
18952 38.0029
18964 37.8372
18976 37.6367
18988 37.3867
19000 37.015
