7000 -32.1259
7012.01 -32.2918
7024.02 -32.4584
7036.04 -32.6257
7048.05 -32.7936
7060.06 -32.9621
7072.07 -33.1312
7084.08 -33.301
7096.1 -33.4712
7108.11 -33.642
7120.12 -33.8132
7132.13 -33.9848
7144.14 -34.1568
7156.16 -34.3292
7168.17 -34.5018
7180.18 -34.6746
7192.19 -34.8475
7204.2 -35.0205
7216.22 -35.1935
7228.23 -35.3663
7240.24 -35.5389
7252.25 -35.7111
7264.26 -35.8828
7276.28 -36.0537
7288.29 -36.2238
7300.3 -36.3928
7312.31 -36.5603
7324.32 -36.7261
7336.34 -36.8897
7348.35 -37.0507
7360.36 -37.2083
7372.37 -37.3618
7384.38 -37.5101
7396.4 -37.6516
7408.41 -37.7844
7420.42 -37.9053
7432.43 -38.0097
7444.44 -38.0893
7456.46 -38.1278
7468.47 -38.0779
7480.48 -37.8289
7492.49 -37.8512
7504.5 -38.0054
7516.52 -38.257
7528.53 -38.5995
7540.54 -39.0389
7552.55 -39.5948
7564.56 -40.3149
7576.58 -41.3689
7588.59 -42.7724
7600.6 -43.5649
7612.61 -44.1346
7624.62 -44.5502
7636.64 -44.8351
7648.65 -44.9934
7660.66 -45.0123
7672.67 -44.8469
7684.68 -44.2248
7696.7 -43.6751
7708.71 -43.4619
7720.72 -43.3851
7732.73 -43.4023
7744.74 -43.4987
7756.76 -43.6733
7768.77 -43.9395
7780.78 -44.3432
7792.79 -45.1297
7804.8 -45.6305
7816.82 -45.918
7828.83 -46.081
7840.84 -46.1419
7852.85 -46.1046
7864.86 -45.9601
7876.88 -45.6804
7888.89 -45.1802
7900.9 -44.2104
7912.91 -43.7033
7924.92 -43.4003
7936.94 -43.2203
7948.95 -43.1377
7960.96 -43.1458
7972.97 -43.252
7984.98 -43.4856
7997 -43.9582
8009.01 -44.7335
8021.02 -45.045
8033.03 -45.1818
8045.05 -45.1967
8057.06 -45.1062
8069.07 -44.912
8081.08 -44.6024
8093.09 -44.1416
8105.11 -43.3485
8117.12 -42.4975
8129.13 -41.9548
8141.14 -41.5131
8153.15 -41.1326
8165.17 -40.7961
8177.18 -40.4951
8189.19 -40.2265
8201.2 -39.9936
8213.21 -39.8294
8225.23 -39.6459
8237.24 -39.4487
8249.25 -39.2545
8261.26 -39.0723
8273.27 -38.912
8285.29 -38.7896
8297.3 -38.7352
8309.31 -38.8304
8321.32 -39.3502
8333.33 -39.3503
8345.35 -39.062
8357.36 -38.5666
8369.37 -37.881
8381.38 -36.9954
8393.39 -35.8731
8405.41 -34.4239
8417.42 -32.3492
8429.43 -29.3295
8441.44 -27.674
8453.45 -26.5669
8465.47 -25.8552
8477.48 -25.5051
8489.49 -25.5396
8501.5 -26.0456
8513.51 -27.2453
8525.53 -30.0943
8537.54 -33.5751
8549.55 -34.6621
8561.56 -34.8199
8573.57 -34.288
8585.59 -33.1409
8597.6 -31.3708
8609.61 -28.8834
8621.62 -25.3932
8633.63 -19.2354
8645.65 -14.3813
8657.66 -10.9607
8669.67 -8.2095
8681.68 -5.9215
8693.69 -4.01263
8705.71 -2.45671
8717.72 -1.27876
8729.73 -0.611356
8741.74 -1.02845
8753.75 -0.682907
8765.77 0.0226989
8777.78 0.895365
8789.79 1.86868
8801.8 2.90933
8813.81 3.99751
8825.83 5.12021
8837.84 6.26818
8849.85 7.43453
8861.86 8.61382
8873.87 9.80164
8885.89 10.9943
8897.9 12.1887
8909.91 13.3819
8921.92 14.5717
8933.93 15.7556
8945.95 16.9318
8957.96 18.0985
8969.97 19.2538
8981.98 20.3963
8993.99 21.5246
9006.01 22.6372
9018.02 23.7332
9030.03 24.8112
9042.04 25.8704
9054.05 26.9097
9066.07 27.9284
9078.08 28.9256
9090.09 29.9008
9102.1 30.8533
9114.11 31.7825
9126.13 32.6881
9138.14 33.5696
9150.15 34.4267
9162.16 35.2592
9174.17 36.0669
9186.19 36.8496
9198.2 37.6072
9210.21 38.3398
9222.22 39.0473
9234.23 39.7298
9246.25 40.3874
9258.26 41.0202
9270.27 41.6285
9282.28 42.2124
9294.29 42.7723
9306.31 43.3083
9318.32 43.8209
9330.33 44.3103
9342.34 44.7768
9354.35 45.2209
9366.37 45.643
9378.38 46.0434
9390.39 46.4226
9402.4 46.7809
9414.41 47.119
9426.43 47.437
9438.44 47.7357
9450.45 48.0153
9462.46 48.2763
9474.47 48.5193
9486.49 48.7446
9498.5 48.9528
9510.51 49.1442
9522.52 49.3193
9534.53 49.4787
9546.55 49.6227
9558.56 49.7517
9570.57 49.8662
9582.58 49.9667
9594.59 50.0535
9606.61 50.1271
9618.62 50.1879
9630.63 50.2363
9642.64 50.2725
9654.65 50.2972
9666.67 50.3105
9678.68 50.3129
9690.69 50.3048
9702.7 50.2864
9714.71 50.2581
9726.73 50.2202
9738.74 50.1731
9750.75 50.117
9762.76 50.0523
9774.77 49.9792
9786.79 49.898
9798.8 49.809
9810.81 49.7124
9822.82 49.6085
9834.83 49.4976
9846.85 49.3798
9858.86 49.2554
9870.87 49.1246
9882.88 48.9876
9894.89 48.8446
9906.91 48.6959
9918.92 48.5415
9930.93 48.3817
9942.94 48.2166
9954.95 48.0464
9966.97 47.8713
9978.98 47.6913
9990.99 47.5067
10003 47.3176
10015 47.1241
10027 46.9263
10039 46.7243
10051.1 46.5183
10063.1 46.3083
10075.1 46.0944
10087.1 45.8768
10099.1 45.6555
10111.1 45.4305
10123.1 45.2021
10135.1 44.9702
10147.1 44.7348
10159.2 44.4961
10171.2 44.2542
10183.2 44.0089
10195.2 43.7605
10207.2 43.5089
10219.2 43.2542
10231.2 42.9963
10243.2 42.7353
10255.3 42.4713
10267.3 42.2042
10279.3 41.9341
10291.3 41.6609
10303.3 41.3846
10315.3 41.1053
10327.3 40.8229
10339.3 40.5374
10351.4 40.2487
10363.4 39.957
10375.4 39.662
10387.4 39.3638
10399.4 39.0624
10411.4 38.7576
10423.4 38.4494
10435.4 38.1378
10447.4 37.8227
10459.5 37.504
10471.5 37.1816
10483.5 36.8555
10495.5 36.5255
10507.5 36.1915
10519.5 35.8535
10531.5 35.5113
10543.5 35.1647
10555.6 34.8136
10567.6 34.4579
10579.6 34.0975
10591.6 33.732
10603.6 33.3614
10615.6 32.9855
10627.6 32.604
10639.6 32.2167
10651.7 31.8234
10663.7 31.4238
10675.7 31.0177
10687.7 30.6047
10699.7 30.1845
10711.7 29.7568
10723.7 29.3213
10735.7 28.8777
10747.7 28.4254
10759.8 27.9642
10771.8 27.4936
10783.8 27.0134
10795.8 26.523
10807.8 26.0223
10819.8 25.511
10831.8 24.9894
10843.8 24.458
10855.9 23.9183
10867.9 23.3741
10879.9 22.8348
10891.9 22.3371
10903.9 21.8938
10915.9 21.2509
10927.9 20.4988
10939.9 19.6468
10952 18.6887
10964 17.6073
10976 16.3687
10988 14.8978
11000 12.8363
11012 10.758
11024 9.23864
11036 7.91918
11048 6.72124
11060.1 5.60464
11072.1 4.54112
11084.1 3.50357
11096.1 2.45107
11108.1 1.21987
11120.1 0.197826
11132.1 -0.646983
11144.1 -1.38251
11156.2 -2.03254
11168.2 -2.61104
11180.2 -3.12881
11192.2 -3.59708
11204.2 -4.0353
11216.2 -4.49562
11228.2 -4.81062
11240.2 -5.02682
11252.3 -5.16222
11264.3 -5.22428
11276.3 -5.21776
11288.3 -5.14701
11300.3 -5.0185
11312.3 -4.85127
11324.3 -4.66262
11336.3 -4.3047
11348.3 -3.82684
11360.4 -3.23458
11372.4 -2.52451
11384.4 -1.68734
11396.4 -0.70577
11408.4 0.455597
11420.4 1.9304
11432.4 3.58312
11444.4 5.05013
11456.5 6.53111
11468.5 8.07589
11480.5 9.72128
11492.5 11.5078
11504.5 13.4953
11516.5 15.8057
11528.5 19.0435
11540.5 21.7986
11552.6 24.0783
11564.6 26.1614
11576.6 28.1422
11588.6 30.08
11600.6 32.0294
11612.6 34.0628
11624.6 36.3329
11636.6 39.366
11648.6 41.5304
11660.7 43.2072
11672.7 44.5705
11684.7 45.679
11696.7 46.5566
11708.7 47.2054
11720.7 47.6017
11732.7 47.6433
11744.7 47.1789
11756.8 47.1067
11768.8 47.1149
11780.8 47.13
11792.8 47.1178
11804.8 47.0525
11816.8 46.904
11828.8 46.6194
11840.8 46.0102
11852.9 45.2098
11864.9 44.9396
11876.9 44.8717
11888.9 44.9539
11900.9 45.1719
11912.9 45.5311
11924.9 46.0575
11936.9 46.823
11948.9 48.2336
11961 49.391
11973 50.194
11985 50.8626
11997 51.4692
12009 52.0653
12021 52.7065
12033 53.4796
12045 54.5871
12057.1 56.8451
12069.1 57.8256
12081.1 58.0021
12093.1 57.6424
12105.1 56.824
12117.1 55.5668
12129.1 53.8527
12141.1 51.6137
12153.2 48.6319
12165.2 44.4757
12177.2 41.0856
12189.2 37.8035
12201.2 34.4338
12213.2 30.8644
12225.2 26.9892
12237.2 22.667
12249.2 17.6432
12261.3 11.0919
12273.3 3.16564
12285.3 -2.23868
12297.3 -6.82683
12309.3 -10.9378
12321.3 -14.7431
12333.3 -18.3689
12345.3 -21.9464
12357.4 -25.6873
12369.4 -30.5807
12381.4 -34.6533
12393.4 -37.3718
12405.4 -39.3279
12417.4 -40.6668
12429.4 -41.4452
12441.4 -41.6747
12453.5 -41.3233
12465.5 -40.2668
12477.5 -37.8878
12489.5 -35.9079
12501.5 -34.0533
12513.5 -32.0825
12525.5 -29.894
12537.5 -27.4083
12549.5 -24.5334
12561.6 -21.1228
12573.6 -16.8147
12585.6 -10.7661
12597.6 -6.28775
12609.6 -2.34388
12621.6 1.38617
12633.6 5.05157
12645.6 8.76251
12657.7 12.6347
12669.7 16.8442
12681.7 21.8879
12693.7 27.8893
12705.7 32.1686
12717.7 35.8404
12729.7 39.136
12741.7 42.1692
12753.8 45.0202
12765.8 47.7667
12777.8 50.5232
12789.8 53.7726
12801.8 56.6829
12813.8 58.7337
12825.8 60.3006
12837.8 61.4617
12849.8 62.2397
12861.9 62.6248
12873.9 62.5667
12885.9 61.9156
12897.9 59.8925
12909.9 58.5651
12921.9 57.7176
12933.9 57.0485
12945.9 56.4618
12958 55.9087
12970 55.3575
12982 54.7815
12994 54.1432
13006 53.3572
13018 52.6996
13030 52.091
13042 51.5057
13054.1 50.9382
13066.1 50.3934
13078.1 49.8898
13090.1 49.4744
13102.1 49.3152
13114.1 49.5313
13126.1 48.9045
13138.1 47.8764
13150.2 46.5192
13162.2 44.843
13174.2 42.8264
13186.2 40.4124
13198.2 37.4692
13210.2 33.4228
13222.2 29.0444
13234.2 25.5831
13246.2 22.3179
13258.3 19.0819
13270.3 15.766
13282.3 12.2618
13294.3 8.4172
13306.3 3.92212
13318.3 -2.74071
13330.3 -7.89829
13342.3 -11.6926
13354.4 -14.7732
13366.4 -17.3425
13378.4 -19.5051
13390.4 -21.3287
13402.4 -22.8699
13414.4 -24.2059
13426.4 -25.5419
13438.4 -26.2474
13450.5 -26.474
13462.5 -26.2738
13474.5 -25.6463
13486.5 -24.5626
13498.5 -22.9587
13510.5 -20.6968
13522.5 -17.3585
13534.5 -12.4459
13546.5 -9.10264
13558.6 -6.17686
13570.6 -3.39507
13582.6 -0.621045
13594.6 2.25159
13606.6 5.34293
13618.6 8.85298
13630.6 13.4779
13642.6 18.619
13654.7 22.0113
13666.7 24.7635
13678.7 27.0825
13690.7 29.0615
13702.7 30.7507
13714.7 32.1745
13726.7 33.3298
13738.7 34.0817
13750.8 34.7985
13762.8 35.5059
13774.8 36.1369
13786.8 36.673
13798.8 37.1025
13810.8 37.4118
13822.8 37.577
13834.8 37.5365
13846.8 37.0466
13858.9 36.8646
13870.9 36.8325
13882.9 36.8726
13894.9 36.9641
13906.9 37.1053
13918.9 37.3094
13930.9 37.615
13942.9 38.1489
13955 39.1339
13967 39.4224
13979 39.3908
13991 39.1245
14003 38.6497
14015 37.971
14027 37.0769
14039 35.9313
14051.1 34.3973
14063.1 32.5342
14075.1 30.9011
14087.1 29.2262
14099.1 27.4401
14111.1 25.4885
14123.1 23.3076
14135.1 20.7991
14147.1 17.7587
14159.2 13.111
14171.2 9.13518
14183.2 6.24989
14195.2 3.8491
14207.2 1.76453
14219.2 -0.0912812
14231.2 -1.7786
14243.2 -3.35324
14255.3 -4.89888
14267.3 -6.70376
14279.3 -7.9979
14291.3 -8.92371
14303.3 -9.58141
14315.3 -10.0042
14327.3 -10.2058
14339.3 -10.1886
14351.4 -9.94307
14363.4 -9.43148
14375.4 -8.56768
14387.4 -7.70111
14399.4 -6.70861
14411.4 -5.54327
14423.4 -4.16892
14435.4 -2.54215
14447.4 -0.597423
14459.5 1.7896
14471.5 5.01757
14483.5 9.09838
14495.5 11.9897
14507.5 14.5696
14519.5 17.0254
14531.5 19.4631
14543.5 21.9759
14555.6 24.6815
14567.6 27.7987
14579.6 32.4198
14591.6 36.4309
14603.6 39.0182
14615.6 40.9141
14627.6 42.2947
14639.6 43.2363
14651.7 43.7718
14663.7 43.9019
14675.7 43.5777
14687.7 42.5014
14699.7 41.4924
14711.7 40.4351
14723.7 39.1997
14735.7 37.7223
14747.7 35.9403
14759.8 33.768
14771.8 31.0546
14783.8 27.4111
14795.8 21.7985
14807.8 18.089
14819.8 15.1505
14831.8 12.6151
14843.8 10.3302
14855.9 8.20005
14867.9 6.14145
14879.9 4.04706
14891.9 1.64489
14903.9 -1.1869
14915.9 -2.89313
14927.9 -4.09202
14939.9 -4.90147
14952 -5.36235
14964 -5.48126
14976 -5.23341
14988 -4.53532
15000 -2.93566
15012 -1.17913
15024 -0.00954246
15036 1.0334
15048 2.05153
15060.1 3.10073
15072.1 4.22666
15084.1 5.48369
15096.1 6.97328
15108.1 9.15958
15120.1 10.8984
15132.1 12.2734
15144.1 13.474
15156.2 14.5599
15168.2 15.5597
15180.2 16.4865
15192.2 17.3394
15204.2 18.0835
15216.2 18.5745
15228.2 19.3801
15240.2 20.3737
15252.3 21.5248
15264.3 22.8451
15276.3 24.3699
15288.3 26.1679
15300.3 28.3812
15312.3 31.4505
15324.3 35.7971
15336.3 38.2417
15348.3 39.9579
15360.4 41.1912
15372.4 42.0394
15384.4 42.5486
15396.4 42.7374
15408.4 42.5967
15420.4 42.0276
15432.4 41.151
15444.4 40.274
15456.5 39.2267
15468.5 37.9592
15480.5 36.4247
15492.5 34.5603
15504.5 32.2605
15516.5 29.2925
15528.5 24.4531
15540.5 20.5898
15552.6 17.6999
15564.6 15.236
15576.6 13.0267
15588.6 10.9768
15600.6 9.01322
15612.6 7.0576
15624.6 4.96834
15636.6 2.29162
15648.6 0.398744
15660.7 -1.03931
15672.7 -2.17615
15684.7 -3.06866
15696.7 -3.74603
15708.7 -4.22433
15720.7 -4.51071
15732.7 -4.60045
15744.7 -4.48066
15756.8 -4.23398
15768.8 -3.8255
15780.8 -3.23844
15792.8 -2.45367
15804.8 -1.44314
15816.8 -0.159973
15828.8 1.49102
15840.8 3.85539
15852.9 6.7015
15864.9 8.74123
15876.9 10.5897
15888.9 12.3728
15900.9 14.1627
15912.9 16.0214
15924.9 18.0258
15936.9 20.3174
15948.9 23.5951
15961 26.345
15973 28.3961
15985 30.1139
15997 31.6062
16009 32.9314
16021 34.1323
16033 35.2529
16045 36.3672
16057.1 37.7355
16069.1 38.6143
16081.1 39.1535
16093.1 39.4382
16105.1 39.4925
16117.1 39.3207
16129.1 38.912
16141.1 38.2342
16153.2 37.1869
16165.2 35.5727
16177.2 34.273
16189.2 32.9865
16201.2 31.6212
16213.2 30.1222
16225.2 28.435
16237.2 26.4851
16249.2 24.1356
16261.3 20.9402
16273.3 16.9819
16285.3 14.3688
16297.3 12.1757
16309.3 10.2159
16321.3 8.39191
16333.3 6.62683
16345.3 4.83345
16357.4 2.85913
16369.4 -0.050992
16381.4 -2.36496
16393.4 -3.66389
16405.4 -4.39737
16417.4 -4.66911
16429.4 -4.51194
16441.4 -3.91946
16453.5 -2.84117
16465.5 -1.12297
16477.5 1.96454
16489.5 4.4056
16501.5 6.52289
16513.5 8.59977
16525.5 10.7531
16537.5 13.0725
16549.5 15.6599
16561.6 18.6781
16573.6 22.5357
16585.6 28.1917
16597.6 31.8237
16609.6 34.6073
16621.6 36.8889
16633.6 38.8093
16645.6 40.4501
16657.7 41.8723
16669.7 43.1407
16681.7 44.3991
16693.7 45.6826
16705.7 46.2534
16717.7 46.4049
16729.7 46.1808
16741.7 45.5803
16753.8 44.5738
16765.8 43.092
16777.8 40.9717
16789.8 37.362
16801.8 33.7862
16813.8 31.1862
16825.8 28.8604
16837.8 26.6283
16849.8 24.3805
16861.9 22.0161
16873.9 19.4012
16885.9 16.2637
16897.9 11.3621
16909.9 7.90463
16921.9 5.5416
16933.9 3.79539
16945.9 2.51463
16958 1.62746
16970 1.09764
16982 0.912914
16994 1.09387
17006 1.73603
17018 2.48049
17030 3.43782
17042 4.66193
17054.1 6.19835
17066.1 8.1071
17078.1 10.4842
17090.1 13.5166
17102.1 17.7776
17114.1 23.6892
17126.1 27.4337
17138.1 30.4803
17150.2 33.1445
17162.2 35.5748
17174.2 37.8737
17186.2 40.1416
17198.2 42.53
17210.2 45.599
17222.2 48.6085
17234.2 50.3502
17246.2 51.4914
17258.3 52.1526
17270.3 52.376
17282.3 52.1638
17294.3 51.4783
17306.3 50.1982
17318.3 47.6486
17330.3 45.4884
17342.3 43.6477
17354.4 41.8197
17366.4 39.8887
17378.4 37.7668
17390.4 35.3538
17402.4 32.4918
17414.4 28.8058
17426.4 23.0366
17438.4 19.2656
17450.5 16.4789
17462.5 14.2509
17474.5 12.4226
17486.5 10.9073
17498.5 9.64648
17510.5 8.58787
17522.5 7.64441
17534.5 6.72472
17546.5 6.35539
17558.6 6.35076
17570.6 6.68156
17582.6 7.35397
17594.6 8.39902
17606.6 9.88352
17618.6 11.9573
17630.6 15.2093
17642.6 19.1127
17654.7 21.7036
17666.7 23.949
17678.7 26.0418
17690.7 28.0884
17702.7 30.1763
17714.7 32.4106
17726.7 34.9847
17738.7 38.8436
17750.8 41.8395
17762.8 43.8803
17774.8 45.4128
17786.8 46.5659
17798.8 47.4
17810.8 47.9466
17822.8 48.2188
17834.8 48.2075
17846.8 47.8363
17858.9 47.3548
17870.9 46.7028
17882.9 45.8394
17894.9 44.7332
17906.9 43.3435
17918.9 41.6064
17930.9 39.4013
17942.9 36.3908
17955 31.9985
17967 29.0472
17979 26.5705
17991 24.3165
18003 22.1659
18015 20.0297
18027 17.8113
18039 15.3549
18051.1 12.1558
18063.1 8.45097
18075.1 6.337
18087.1 4.87277
18099.1 3.89219
18111.1 3.33184
18123.1 3.17254
18135.1 3.43103
18147.1 4.1858
18159.2 5.93498
18171.2 7.59854
18183.2 8.982
18195.2 10.3817
18207.2 11.8957
18219.2 13.5971
18231.2 15.5684
18243.2 17.9386
18255.3 20.9987
18267.3 25.9736
18279.3 29.4086
18291.3 31.9153
18303.3 33.9312
18315.3 35.6095
18327.3 37.0333
18339.3 38.2599
18351.4 39.3424
18363.4 40.3681
18375.4 41.4985
18387.4 42.0933
18399.4 42.3569
18411.4 42.34
18423.4 42.0532
18435.4 41.4871
18447.4 40.6102
18459.5 39.3469
18471.5 37.4328
18483.5 34.8648
18495.5 33.0348
18507.5 31.3477
18519.5 29.6771
18531.5 27.9508
18543.5 26.1046
18555.6 24.0555
18567.6 21.6492
18579.6 18.1182
18591.6 14.9395
18603.6 12.6774
18615.6 10.8108
18627.6 9.20493
18639.6 7.78949
18651.7 6.51451
18663.7 5.33062
18675.7 4.15696
18687.7 2.66681
18699.7 1.71988
18711.7 1.20559
18723.7 1.01265
18735.7 1.11733
18747.7 1.52571
18759.8 2.27012
18771.8 3.42745
18783.8 5.21644
18795.8 8.23432
18807.8 10.2463
18819.8 11.9099
18831.8 13.4448
18843.8 14.9516
18855.9 16.506
18867.9 18.1924
18879.9 20.1467
18891.9 22.7659
18903.9 26.2241
18915.9 28.1429
18927.9 29.4652
18939.9 30.3764
18952 30.9516
18964 31.2254
18976 31.2076
18988 30.8788
19000 30.0787
