7000 -41.4325
7012.01 -43.4989
7024.02 -45.5741
7036.04 -47.6569
7048.05 -49.7463
7060.06 -51.8414
7072.07 -53.9411
7084.08 -56.0444
7096.1 -58.1503
7108.11 -60.2578
7120.12 -62.3658
7132.13 -64.4734
7144.14 -66.5796
7156.16 -68.6835
7168.17 -70.784
7180.18 -72.8803
7192.19 -74.9715
7204.2 -77.0567
7216.22 -79.1351
7228.23 -81.2058
7240.24 -83.2682
7252.25 -85.3214
7264.26 -87.3648
7276.28 -89.3977
7288.29 -91.4197
7300.3 -93.4303
7312.31 -95.4289
7324.32 -97.4154
7336.34 -99.3895
7348.35 -101.351
7360.36 -103.301
7372.37 -105.238
7384.38 -107.165
7396.4 -109.081
7408.41 -110.989
7420.42 -112.892
7432.43 -114.794
7444.44 -116.704
7456.46 -118.636
7468.47 -120.638
7480.48 -122.814
7492.49 -124.722
7504.5 -126.496
7516.52 -128.172
7528.53 -129.762
7540.54 -131.269
7552.55 -132.691
7564.56 -134.016
7576.58 -135.199
7588.59 -136.234
7600.6 -137.379
7612.61 -138.527
7624.62 -139.657
7636.64 -140.757
7648.65 -141.818
7660.66 -142.829
7672.67 -143.772
7684.68 -144.558
7696.7 -145.349
7708.71 -146.223
7720.72 -147.115
7732.73 -148.009
7744.74 -148.896
7756.76 -149.77
7768.77 -150.624
7780.78 -151.448
7792.79 -152.2
7804.8 -152.983
7816.82 -153.785
7828.83 -154.589
7840.84 -155.389
7852.85 -156.182
7864.86 -156.964
7876.88 -157.731
7888.89 -158.472
7900.9 -159.161
7912.91 -159.898
7924.92 -160.656
7936.94 -161.427
7948.95 -162.209
7960.96 -163.003
7972.97 -163.814
7984.98 -164.65
7997 -165.543
8009.01 -166.512
8021.02 -167.351
8033.03 -168.139
8045.05 -168.891
8057.06 -169.614
8069.07 -170.309
8081.08 -170.974
8093.09 -171.603
8105.11 -172.148
8117.12 -172.684
8129.13 -173.313
8141.14 -173.982
8153.15 -174.686
8165.17 -175.428
8177.18 -176.217
8189.19 -177.071
8201.2 -178.038
8213.21 -179.36
8225.23 -180.428
8237.24 -181.272
8249.25 -181.993
8261.26 -182.616
8273.27 -183.15
8285.29 -183.594
8297.3 -183.932
8309.31 -184.111
8321.32 -183.939
8333.33 -184.078
8345.35 -184.367
8357.36 -184.747
8369.37 -185.201
8381.38 -185.729
8393.39 -186.344
8405.41 -187.077
8417.42 -188.038
8429.43 -189.344
8441.44 -190.165
8453.45 -190.8
8465.47 -191.312
8477.48 -191.723
8489.49 -192.043
8501.5 -192.27
8513.51 -192.39
8525.53 -192.324
8537.54 -192.158
8549.55 -192.147
8561.56 -192.166
8573.57 -192.193
8585.59 -192.215
8597.6 -192.225
8609.61 -192.215
8621.62 -192.171
8633.63 -192.031
8645.65 -191.936
8657.66 -191.89
8669.67 -191.864
8681.68 -191.85
8693.69 -191.842
8705.71 -191.839
8717.72 -191.838
8729.73 -191.838
8741.74 -191.838
8753.75 -191.838
8765.77 -191.837
8777.78 -191.834
8789.79 -191.829
8801.8 -191.823
8813.81 -191.814
8825.83 -191.802
8837.84 -191.787
8849.85 -191.77
8861.86 -191.75
8873.87 -191.726
8885.89 -191.699
8897.9 -191.669
8909.91 -191.636
8921.92 -191.599
8933.93 -191.559
8945.95 -191.515
8957.96 -191.468
8969.97 -191.417
8981.98 -191.362
8993.99 -191.304
9006.01 -191.242
9018.02 -191.176
9030.03 -191.107
9042.04 -191.034
9054.05 -190.957
9066.07 -190.876
9078.08 -190.791
9090.09 -190.702
9102.1 -190.609
9114.11 -190.513
9126.13 -190.412
9138.14 -190.308
9150.15 -190.199
9162.16 -190.086
9174.17 -189.969
9186.19 -189.848
9198.2 -189.723
9210.21 -189.593
9222.22 -189.459
9234.23 -189.321
9246.25 -189.179
9258.26 -189.032
9270.27 -188.881
9282.28 -188.725
9294.29 -188.565
9306.31 -188.4
9318.32 -188.23
9330.33 -188.056
9342.34 -187.877
9354.35 -187.693
9366.37 -187.505
9378.38 -187.311
9390.39 -187.113
9402.4 -186.91
9414.41 -186.701
9426.43 -186.488
9438.44 -186.269
9450.45 -186.045
9462.46 -185.815
9474.47 -185.581
9486.49 -185.341
9498.5 -185.095
9510.51 -184.844
9522.52 -184.587
9534.53 -184.324
9546.55 -184.056
9558.56 -183.781
9570.57 -183.501
9582.58 -183.215
9594.59 -182.923
9606.61 -182.624
9618.62 -182.319
9630.63 -182.008
9642.64 -181.691
9654.65 -181.367
9666.67 -181.036
9678.68 -180.699
9690.69 -180.355
9702.7 -180.005
9714.71 -179.647
9726.73 -179.282
9738.74 -178.911
9750.75 -178.532
9762.76 -178.146
9774.77 -177.752
9786.79 -177.352
9798.8 -176.943
9810.81 -176.527
9822.82 -176.104
9834.83 -175.672
9846.85 -175.233
9858.86 -174.786
9870.87 -174.331
9882.88 -173.867
9894.89 -173.396
9906.91 -172.916
9918.92 -172.428
9930.93 -171.931
9942.94 -171.426
9954.95 -170.912
9966.97 -170.389
9978.98 -169.858
9990.99 -169.317
10003 -168.768
10015 -168.209
10027 -167.641
10039 -167.064
10051.1 -166.478
10063.1 -165.882
10075.1 -165.277
10087.1 -164.662
10099.1 -164.037
10111.1 -163.403
10123.1 -162.758
10135.1 -162.104
10147.1 -161.44
10159.2 -160.765
10171.2 -160.081
10183.2 -159.386
10195.2 -158.68
10207.2 -157.965
10219.2 -157.238
10231.2 -156.502
10243.2 -155.754
10255.3 -154.996
10267.3 -154.227
10279.3 -153.447
10291.3 -152.656
10303.3 -151.853
10315.3 -151.04
10327.3 -150.216
10339.3 -149.38
10351.4 -148.532
10363.4 -147.674
10375.4 -146.803
10387.4 -145.921
10399.4 -145.027
10411.4 -144.122
10423.4 -143.204
10435.4 -142.274
10447.4 -141.332
10459.5 -140.378
10471.5 -139.411
10483.5 -138.431
10495.5 -137.439
10507.5 -136.433
10519.5 -135.415
10531.5 -134.383
10543.5 -133.337
10555.6 -132.277
10567.6 -131.203
10579.6 -130.114
10591.6 -129.01
10603.6 -127.89
10615.6 -126.754
10627.6 -125.601
10639.6 -124.43
10651.7 -123.24
10663.7 -122.031
10675.7 -120.799
10687.7 -119.543
10699.7 -118.262
10711.7 -116.95
10723.7 -115.604
10735.7 -114.217
10747.7 -112.78
10759.8 -111.275
10771.8 -109.671
10783.8 -107.881
10795.8 -105.673
10807.8 -103.933
10819.8 -102.408
10831.8 -101.021
10843.8 -99.7466
10855.9 -98.5768
10867.9 -97.5164
10879.9 -96.5873
10891.9 -95.8759
10903.9 -95.4191
10915.9 -94.6583
10927.9 -93.8128
10939.9 -92.9259
10952 -92.0169
10964 -91.0977
10976 -90.1778
10988 -89.2684
11000 -88.403
11012 -87.5366
11024 -86.6235
11036 -85.6963
11048 -84.7645
11060.1 -83.8345
11072.1 -82.9126
11084.1 -82.0071
11096.1 -81.133
11108.1 -80.3569
11120.1 -79.5199
11132.1 -78.6358
11144.1 -77.734
11156.2 -76.8264
11168.2 -75.9226
11180.2 -75.0329
11192.2 -74.1737
11204.2 -73.3824
11216.2 -72.773
11228.2 -71.9601
11240.2 -71.0472
11252.3 -70.0732
11264.3 -69.0532
11276.3 -67.996
11288.3 -66.9079
11300.3 -65.7952
11312.3 -64.6705
11324.3 -63.5448
11336.3 -62.3391
11348.3 -61.0811
11360.4 -59.7746
11372.4 -58.4175
11384.4 -57.0038
11396.4 -55.5201
11408.4 -53.9365
11420.4 -52.1261
11432.4 -50.2322
11444.4 -48.6281
11456.5 -47.1277
11468.5 -45.699
11480.5 -44.3304
11492.5 -43.0195
11504.5 -41.7725
11516.5 -40.6125
11528.5 -39.6801
11540.5 -38.6306
11552.6 -37.461
11564.6 -36.2337
11576.6 -34.9656
11588.6 -33.6635
11600.6 -32.3294
11612.6 -30.9612
11624.6 -29.5492
11636.6 -28.0527
11648.6 -26.6003
11660.7 -25.1611
11672.7 -23.7193
11684.7 -22.267
11696.7 -20.7965
11708.7 -19.2976
11720.7 -17.7521
11732.7 -16.1083
11744.7 -14.2937
11756.8 -12.7175
11768.8 -11.2366
11780.8 -9.81836
11792.8 -8.45009
11804.8 -7.12601
11816.8 -5.84445
11828.8 -4.60862
11840.8 -3.44023
11852.9 -2.32079
11864.9 -1.15748
11876.9 0.00813321
11888.9 1.16906
11900.9 2.32247
11912.9 3.46694
11924.9 4.60184
11936.9 5.72736
11948.9 6.84861
11961 7.95135
11973 9.03279
11985 10.0943
11997 11.1345
12009 12.1497
12021 13.1337
12033 14.0739
12045 14.9364
12057.1 15.578
12069.1 16.4346
12081.1 17.4248
12093.1 18.5051
12105.1 19.6679
12117.1 20.919
12129.1 22.278
12141.1 23.7904
12153.2 25.5935
12165.2 27.9586
12177.2 29.6168
12189.2 30.9751
12201.2 32.1327
12213.2 33.1224
12225.2 33.9522
12237.2 34.6109
12249.2 35.0573
12261.3 35.1229
12273.3 34.849
12285.3 35.0864
12297.3 35.4725
12309.3 35.9407
12321.3 36.4614
12333.3 37.0169
12345.3 37.5928
12357.4 38.1708
12369.4 38.6732
12381.4 39.2562
12393.4 39.9643
12405.4 40.7553
12417.4 41.6245
12429.4 42.5777
12441.4 43.6308
12453.5 44.8181
12465.5 46.2262
12477.5 48.2537
12489.5 49.7932
12501.5 51.0137
12513.5 52.0584
12525.5 52.9734
12537.5 53.7795
12549.5 54.4863
12561.6 55.0935
12573.6 55.5827
12585.6 55.8996
12597.6 56.279
12609.6 56.6503
12621.6 56.9914
12633.6 57.2913
12645.6 57.5391
12657.7 57.7197
12669.7 57.8041
12681.7 57.6968
12693.7 57.379
12705.7 57.4077
12717.7 57.5626
12729.7 57.8067
12741.7 58.1317
12753.8 58.5439
12765.8 59.0677
12777.8 59.7679
12789.8 61.0132
12801.8 62.1168
12813.8 62.646
12825.8 62.892
12837.8 62.9073
12849.8 62.6999
12861.9 62.2498
12873.9 61.4999
12885.9 60.2951
12897.9 57.8519
12909.9 56.2423
12921.9 55.2508
12933.9 54.5785
12945.9 54.1354
12958 53.8833
12970 53.8097
12982 53.926
12994 54.2963
13006 55.1352
13018 55.6404
13030 56.0307
13042 56.3814
13054.1 56.724
13066.1 57.0806
13078.1 57.4752
13090.1 57.9474
13102.1 58.6142
13114.1 59.5595
13126.1 59.9887
13138.1 60.1964
13150.2 60.2348
13162.2 60.1151
13174.2 59.8279
13186.2 59.3401
13198.2 58.5667
13210.2 57.1116
13222.2 55.5342
13234.2 54.7357
13246.2 54.2267
13258.3 53.9179
13270.3 53.7736
13282.3 53.7809
13294.3 53.9444
13306.3 54.2979
13318.3 55.0544
13330.3 55.6787
13342.3 56.1906
13354.4 56.6866
13366.4 57.2019
13378.4 57.7631
13390.4 58.4011
13402.4 59.1661
13414.4 60.1821
13426.4 61.8744
13438.4 62.8422
13450.5 63.4232
13462.5 63.7511
13474.5 63.8636
13486.5 63.7649
13498.5 63.4317
13510.5 62.7953
13522.5 61.6205
13534.5 59.6265
13546.5 58.682
13558.6 58.1261
13570.6 57.8214
13582.6 57.7214
13594.6 57.8142
13606.6 58.1154
13618.6 58.6864
13630.6 59.8089
13642.6 61.2106
13654.7 61.903
13666.7 62.3538
13678.7 62.6422
13690.7 62.798
13702.7 62.8298
13714.7 62.7292
13726.7 62.4561
13738.7 61.7573
13750.8 61.2378
13762.8 60.9289
13774.8 60.7105
13786.8 60.5501
13798.8 60.4341
13810.8 60.3572
13822.8 60.3213
13834.8 60.3432
13846.8 60.5035
13858.9 60.5377
13870.9 60.4971
13882.9 60.4051
13894.9 60.2642
13906.9 60.0688
13918.9 59.8044
13930.9 59.439
13942.9 58.8753
13955 57.9456
13967 57.4995
13979 57.2551
13991 57.1465
14003 57.1511
14015 57.2622
14027 57.4848
14039 57.8409
14051.1 58.426
14063.1 59.1902
14075.1 59.7146
14087.1 60.1885
14099.1 60.6493
14111.1 61.1174
14123.1 61.6099
14135.1 62.148
14147.1 62.7713
14159.2 63.6797
14171.2 64.4508
14183.2 65.0063
14195.2 65.4569
14207.2 65.8311
14219.2 66.1407
14231.2 66.3894
14243.2 66.5727
14255.3 66.6693
14267.3 66.5696
14279.3 66.5998
14291.3 66.7069
14303.3 66.8542
14315.3 67.0322
14327.3 67.2395
14339.3 67.4805
14351.4 67.7683
14363.4 68.1441
14375.4 68.7004
14387.4 69.0308
14399.4 69.2608
14411.4 69.4223
14423.4 69.5254
14435.4 69.5717
14447.4 69.556
14459.5 69.4621
14471.5 69.2267
14483.5 68.8516
14495.5 68.6836
14507.5 68.5798
14519.5 68.5142
14531.5 68.4768
14543.5 68.4637
14555.6 68.4758
14567.6 68.5215
14579.6 68.6641
14591.6 68.7694
14603.6 68.7834
14615.6 68.7466
14627.6 68.6644
14639.6 68.5335
14651.7 68.344
14663.7 68.0744
14675.7 67.67
14687.7 66.8689
14699.7 66.3808
14711.7 66.1142
14723.7 65.9731
14735.7 65.9287
14747.7 65.9694
14759.8 66.0931
14771.8 66.307
14783.8 66.6412
14795.8 67.1836
14807.8 67.5986
14819.8 67.9846
14831.8 68.3755
14843.8 68.7881
14855.9 69.2372
14867.9 69.742
14879.9 70.3368
14891.9 71.1276
14903.9 72.1598
14915.9 72.7838
14927.9 73.2543
14939.9 73.6192
14952 73.8952
14964 74.0862
14976 74.1849
14988 74.1631
15000 73.862
15012 73.5501
15024 73.4963
15036 73.5416
15048 73.6568
15060.1 73.8326
15072.1 74.0694
15084.1 74.3774
15096.1 74.7895
15108.1 75.4853
15120.1 76.0037
15132.1 76.3749
15144.1 76.6718
15156.2 76.916
15168.2 77.1177
15180.2 77.2818
15192.2 77.4103
15204.2 77.5011
15216.2 77.5425
15228.2 77.5783
15240.2 77.5962
15252.3 77.5906
15264.3 77.5573
15276.3 77.4911
15288.3 77.3843
15300.3 77.2224
15312.3 76.9633
15324.3 76.566
15336.3 76.3209
15348.3 76.1164
15360.4 75.9253
15372.4 75.7315
15384.4 75.5201
15396.4 75.2706
15408.4 74.9435
15420.4 74.3836
15432.4 73.7641
15444.4 73.5373
15456.5 73.4784
15468.5 73.5509
15480.5 73.744
15492.5 74.0609
15504.5 74.5201
15516.5 75.175
15528.5 76.3269
15540.5 77.2492
15552.6 77.9397
15564.6 78.5349
15576.6 79.0758
15588.6 79.5839
15600.6 80.074
15612.6 80.5602
15624.6 81.0644
15636.6 81.6525
15648.6 82.1314
15660.7 82.5487
15672.7 82.927
15684.7 83.2751
15696.7 83.5977
15708.7 83.8979
15720.7 84.177
15732.7 84.434
15744.7 84.6663
15756.8 84.8986
15768.8 85.1238
15780.8 85.3409
15792.8 85.5502
15804.8 85.7526
15816.8 85.9494
15828.8 86.1437
15840.8 86.3471
15852.9 86.551
15864.9 86.7096
15876.9 86.8432
15888.9 86.9544
15900.9 87.0432
15912.9 87.1077
15924.9 87.1437
15936.9 87.1411
15948.9 87.0446
15961 86.9755
15973 86.9473
15985 86.9301
15997 86.914
16009 86.892
16021 86.8569
16033 86.7975
16045 86.6882
16057.1 86.4273
16069.1 86.316
16081.1 86.2946
16093.1 86.3293
16105.1 86.4095
16117.1 86.5313
16129.1 86.6949
16141.1 86.905
16153.2 87.1785
16165.2 87.5494
16177.2 87.8649
16189.2 88.1776
16201.2 88.5041
16213.2 88.855
16225.2 89.2419
16237.2 89.6812
16249.2 90.2044
16261.3 90.9174
16273.3 91.7986
16285.3 92.3395
16297.3 92.76
16309.3 93.1014
16321.3 93.3821
16333.3 93.6127
16345.3 93.8001
16357.4 93.9501
16369.4 94.0728
16381.4 94.155
16393.4 94.1941
16405.4 94.1948
16417.4 94.1585
16429.4 94.0847
16441.4 93.972
16453.5 93.8167
16465.5 93.6092
16477.5 93.3065
16489.5 93.0263
16501.5 92.7495
16513.5 92.4592
16525.5 92.1485
16537.5 91.8124
16549.5 91.4453
16561.6 91.0393
16573.6 90.5761
16585.6 90.0145
16597.6 89.5112
16609.6 89.0155
16621.6 88.5103
16633.6 87.9862
16645.6 87.4349
16657.7 86.8459
16669.7 86.2015
16681.7 85.4495
16693.7 84.5768
16705.7 83.869
16717.7 83.2067
16729.7 82.5644
16741.7 81.9285
16753.8 81.2881
16765.8 80.6304
16777.8 79.9337
16789.8 79.0963
16801.8 78.2983
16813.8 77.6521
16825.8 77.0777
16837.8 76.5588
16849.8 76.0903
16861.9 75.6742
16873.9 75.3201
16885.9 75.0578
16897.9 75.0427
16909.9 74.8609
16921.9 74.5552
16933.9 74.1854
16945.9 73.7701
16958 73.3185
16970 72.836
16982 72.3271
16994 71.7984
17006 71.2657
17018 70.6723
17030 70.0325
17042 69.3496
17054.1 68.6223
17066.1 67.8466
17078.1 67.0148
17090.1 66.111
17102.1 65.0862
17114.1 63.904
17126.1 62.8894
17138.1 61.9165
17150.2 60.9574
17162.2 59.9982
17174.2 59.0287
17186.2 58.0379
17198.2 57.009
17210.2 55.8804
17222.2 54.7308
17234.2 53.689
17246.2 52.68
17258.3 51.6873
17270.3 50.7011
17282.3 49.713
17294.3 48.7133
17306.3 47.684
17318.3 46.5434
17330.3 45.4864
17342.3 44.5047
17354.4 43.5628
17366.4 42.6492
17378.4 41.7574
17390.4 40.8824
17402.4 40.0186
17414.4 39.1551
17426.4 38.2572
17438.4 37.4388
17450.5 36.6731
17462.5 35.9505
17474.5 35.2698
17486.5 34.6338
17498.5 34.0494
17510.5 33.532
17522.5 33.1284
17534.5 32.8947
17546.5 32.4748
17558.6 31.9984
17570.6 31.4953
17582.6 30.9793
17594.6 30.4597
17606.6 29.9454
17618.6 29.449
17630.6 29.0096
17642.6 28.5953
17654.7 28.0825
17666.7 27.5322
17678.7 26.9557
17690.7 26.3575
17702.7 25.739
17714.7 25.0986
17726.7 24.4282
17738.7 23.6755
17750.8 22.9672
17762.8 22.3101
17774.8 21.6798
17786.8 21.0702
17798.8 20.4788
17810.8 19.905
17822.8 19.3493
17834.8 18.814
17846.8 18.3089
17858.9 17.8046
17870.9 17.3081
17882.9 16.8231
17894.9 16.3515
17906.9 15.895
17918.9 15.4551
17930.9 15.0342
17942.9 14.6378
17955 14.2745
17967 13.9049
17979 13.5433
17991 13.1934
18003 12.8574
18015 12.5366
18027 12.2319
18039 11.9436
18051.1 11.6693
18063.1 11.4127
18075.1 11.1929
18087.1 11.0047
18099.1 10.8499
18111.1 10.7323
18123.1 10.6582
18135.1 10.6387
18147.1 10.6974
18159.2 10.9613
18171.2 11.1614
18183.2 11.2486
18195.2 11.295
18207.2 11.3212
18219.2 11.3386
18231.2 11.3561
18243.2 11.3833
18255.3 11.4375
18267.3 11.5845
18279.3 11.6436
18291.3 11.6473
18303.3 11.6188
18315.3 11.5658
18327.3 11.4914
18339.3 11.3966
18351.4 11.2793
18363.4 11.1298
18375.4 10.9254
18387.4 10.7691
18399.4 10.6291
18411.4 10.4968
18423.4 10.3691
18435.4 10.2439
18447.4 10.1199
18459.5 9.99553
18471.5 9.86767
18483.5 9.73574
18495.5 9.61262
18507.5 9.492
18519.5 9.37198
18531.5 9.25096
18543.5 9.127
18555.6 8.99706
18567.6 8.85485
18579.6 8.6673
18591.6 8.49915
18603.6 8.37538
18615.6 8.27381
18627.6 8.18926
18639.6 8.11964
18651.7 8.06435
18663.7 8.02414
18675.7 8.00238
18687.7 8.01732
18699.7 8.01886
18711.7 8.01365
18723.7 8.00892
18735.7 8.00751
18747.7 8.01159
18759.8 8.02369
18771.8 8.04798
18783.8 8.09512
18795.8 8.19369
18807.8 8.23616
18819.8 8.25352
18831.8 8.25544
18843.8 8.24542
18855.9 8.22507
18867.9 8.19503
18879.9 8.15508
18891.9 8.10297
18903.9 8.03765
18915.9 7.97466
18927.9 7.90748
18939.9 7.83434
18952 7.75387
18964 7.66443
18976 7.56346
18988 7.44589
19000 7.28835
