7000 53.7328
7012.01 53.1556
7024.02 52.5299
7036.04 51.8541
7048.05 51.1267
7060.06 50.346
7072.07 49.5106
7084.08 48.6189
7096.1 47.6695
7108.11 46.6611
7120.12 45.5925
7132.13 44.4623
7144.14 43.2695
7156.16 42.0132
7168.17 40.6924
7180.18 39.3066
7192.19 37.855
7204.2 36.3372
7216.22 34.7531
7228.23 33.1024
7240.24 31.3852
7252.25 29.6018
7264.26 27.7526
7276.28 25.8381
7288.29 23.859
7300.3 21.8163
7312.31 19.7108
7324.32 17.5438
7336.34 15.3162
7348.35 13.0292
7360.36 10.6837
7372.37 8.2805
7384.38 5.8199
7396.4 3.30147
7408.41 0.723594
7420.42 -1.91741
7432.43 -4.62887
7444.44 -7.42536
7456.46 -10.3388
7468.47 -13.4649
7480.48 -17.0318
7492.49 -20.0697
7504.5 -22.8687
7516.52 -25.5045
7528.53 -28.0002
7540.54 -30.3608
7552.55 -32.5793
7564.56 -34.6324
7576.58 -36.4366
7588.59 -37.98
7600.6 -39.7125
7612.61 -41.4418
7624.62 -43.1247
7636.64 -44.7357
7648.65 -46.2517
7660.66 -47.6442
7672.67 -48.8622
7684.68 -49.6667
7696.7 -50.4917
7708.71 -51.5497
7720.72 -52.6645
7732.73 -53.791
7744.74 -54.9048
7756.76 -55.9884
7768.77 -57.0244
7780.78 -57.9862
7792.79 -58.7709
7804.8 -59.6352
7816.82 -60.5463
7828.83 -61.4649
7840.84 -62.3776
7852.85 -63.2774
7864.86 -64.1598
7876.88 -65.0214
7888.89 -65.8578
7900.9 -66.659
7912.91 -67.4603
7924.92 -68.2526
7936.94 -69.0343
7948.95 -69.8064
7960.96 -70.5713
7972.97 -71.3339
7984.98 -72.1026
7997 -72.9029
8009.01 -73.7503
8021.02 -74.4926
8033.03 -75.1915
8045.05 -75.8615
8057.06 -76.5103
8069.07 -77.144
8081.08 -77.7686
8093.09 -78.3921
8105.11 -79.0372
8117.12 -79.6794
8129.13 -80.2851
8141.14 -80.8805
8153.15 -81.4756
8165.17 -82.0797
8177.18 -82.7042
8189.19 -83.3672
8201.2 -84.1068
8213.21 -85.1069
8225.23 -85.9166
8237.24 -86.5624
8249.25 -87.1211
8261.26 -87.6173
8273.27 -88.0632
8285.29 -88.4661
8297.3 -88.8292
8309.31 -89.1498
8321.32 -89.4063
8333.33 -89.69
8345.35 -89.9825
8357.36 -90.2797
8369.37 -90.5833
8381.38 -90.898
8393.39 -91.2321
8405.41 -91.6014
8417.42 -92.0514
8429.43 -92.6309
8441.44 -93.0168
8453.45 -93.3296
8465.47 -93.5979
8477.48 -93.8357
8489.49 -94.054
8501.5 -94.265
8513.51 -94.489
8525.53 -94.8
8537.54 -95.1232
8549.55 -95.2322
8561.56 -95.2365
8573.57 -95.1529
8585.59 -94.9846
8597.6 -94.7261
8609.61 -94.3616
8621.62 -93.8487
8633.63 -92.9503
8645.65 -92.2263
8657.66 -91.6935
8669.67 -91.2418
8681.68 -90.8399
8693.69 -90.4722
8705.71 -90.1302
8717.72 -89.8079
8729.73 -89.5015
8741.74 -89.2081
8753.75 -88.9257
8765.77 -88.6525
8777.78 -88.3874
8789.79 -88.1293
8801.8 -87.8774
8813.81 -87.6311
8825.83 -87.3897
8837.84 -87.1528
8849.85 -86.92
8861.86 -86.691
8873.87 -86.4654
8885.89 -86.2431
8897.9 -86.0239
8909.91 -85.8074
8921.92 -85.5937
8933.93 -85.3825
8945.95 -85.1736
8957.96 -84.967
8969.97 -84.7626
8981.98 -84.5603
8993.99 -84.36
9006.01 -84.1615
9018.02 -83.9649
9030.03 -83.77
9042.04 -83.5768
9054.05 -83.3852
9066.07 -83.1952
9078.08 -83.0067
9090.09 -82.8196
9102.1 -82.634
9114.11 -82.4497
9126.13 -82.2666
9138.14 -82.0849
9150.15 -81.9043
9162.16 -81.7249
9174.17 -81.5466
9186.19 -81.3693
9198.2 -81.193
9210.21 -81.0178
9222.22 -80.8434
9234.23 -80.6699
9246.25 -80.4972
9258.26 -80.3253
9270.27 -80.1541
9282.28 -79.9836
9294.29 -79.8138
9306.31 -79.6445
9318.32 -79.4758
9330.33 -79.3075
9342.34 -79.1397
9354.35 -78.9723
9366.37 -78.8052
9378.38 -78.6384
9390.39 -78.4718
9402.4 -78.3053
9414.41 -78.139
9426.43 -77.9728
9438.44 -77.8066
9450.45 -77.6403
9462.46 -77.4739
9474.47 -77.3073
9486.49 -77.1406
9498.5 -76.9735
9510.51 -76.8061
9522.52 -76.6383
9534.53 -76.47
9546.55 -76.3011
9558.56 -76.1317
9570.57 -75.9616
9582.58 -75.7907
9594.59 -75.619
9606.61 -75.4465
9618.62 -75.273
9630.63 -75.0985
9642.64 -74.9229
9654.65 -74.7462
9666.67 -74.5682
9678.68 -74.3889
9690.69 -74.2082
9702.7 -74.026
9714.71 -73.8423
9726.73 -73.6569
9738.74 -73.4698
9750.75 -73.2809
9762.76 -73.0902
9774.77 -72.8975
9786.79 -72.7027
9798.8 -72.5058
9810.81 -72.3066
9822.82 -72.1052
9834.83 -71.9013
9846.85 -71.6949
9858.86 -71.486
9870.87 -71.2743
9882.88 -71.0598
9894.89 -70.8425
9906.91 -70.6222
9918.92 -70.3988
9930.93 -70.1722
9942.94 -69.9423
9954.95 -69.709
9966.97 -69.4722
9978.98 -69.2318
9990.99 -68.9878
10003 -68.7399
10015 -68.488
10027 -68.2322
10039 -67.9722
10051.1 -67.7079
10063.1 -67.4393
10075.1 -67.1661
10087.1 -66.8884
10099.1 -66.6059
10111.1 -66.3186
10123.1 -66.0264
10135.1 -65.7291
10147.1 -65.4265
10159.2 -65.1187
10171.2 -64.8054
10183.2 -64.4865
10195.2 -64.162
10207.2 -63.8316
10219.2 -63.4953
10231.2 -63.1529
10243.2 -62.8043
10255.3 -62.4494
10267.3 -62.088
10279.3 -61.7201
10291.3 -61.3454
10303.3 -60.9638
10315.3 -60.5752
10327.3 -60.1795
10339.3 -59.7765
10351.4 -59.3661
10363.4 -58.9481
10375.4 -58.5223
10387.4 -58.0888
10399.4 -57.6472
10411.4 -57.1974
10423.4 -56.7392
10435.4 -56.2726
10447.4 -55.7973
10459.5 -55.3131
10471.5 -54.8199
10483.5 -54.3174
10495.5 -53.8055
10507.5 -53.2839
10519.5 -52.7524
10531.5 -52.2107
10543.5 -51.6586
10555.6 -51.0957
10567.6 -50.5218
10579.6 -49.9364
10591.6 -49.3393
10603.6 -48.7298
10615.6 -48.1074
10627.6 -47.4716
10639.6 -46.8217
10651.7 -46.1567
10663.7 -45.4757
10675.7 -44.7774
10687.7 -44.0602
10699.7 -43.3221
10711.7 -42.5605
10723.7 -41.7718
10735.7 -40.951
10747.7 -40.0905
10759.8 -39.1777
10771.8 -38.1885
10783.8 -37.0576
10795.8 -35.6076
10807.8 -34.5115
10819.8 -33.5772
10831.8 -32.7462
10843.8 -31.9993
10855.9 -31.3306
10867.9 -30.7436
10879.9 -30.2551
10891.9 -29.9313
10903.9 -29.8005
10915.9 -29.4349
10927.9 -29.0023
10939.9 -28.5361
10952 -28.0507
10964 -27.5554
10976 -27.0571
10988 -26.564
11000 -26.1006
11012 -25.6345
11024 -25.1335
11036 -24.6212
11048 -24.1045
11060.1 -23.5886
11072.1 -23.0788
11084.1 -22.5825
11096.1 -22.1143
11108.1 -21.7422
11120.1 -21.2994
11132.1 -20.7987
11144.1 -20.2683
11156.2 -19.718
11168.2 -19.1534
11180.2 -18.5789
11192.2 -17.9993
11204.2 -17.4227
11216.2 -16.8706
11228.2 -16.2749
11240.2 -15.655
11252.3 -15.0187
11264.3 -14.3696
11276.3 -13.7104
11288.3 -13.0434
11300.3 -12.3723
11312.3 -11.7064
11324.3 -11.0545
11336.3 -10.3515
11348.3 -9.62068
11360.4 -8.86593
11372.4 -8.08731
11384.4 -7.28253
11396.4 -6.44601
11408.4 -5.56452
11420.4 -4.58163
11432.4 -3.56121
11444.4 -2.66937
11456.5 -1.82313
11468.5 -1.00798
11480.5 -0.218268
11492.5 0.547837
11504.5 1.28905
11516.5 1.99842
11528.5 2.63136
11540.5 3.29822
11552.6 4.0001
11564.6 4.71723
11576.6 5.44436
11588.6 6.17943
11600.6 6.92184
11612.6 7.6722
11624.6 8.43331
11636.6 9.21619
11648.6 9.98695
11660.7 10.7543
11672.7 11.523
11684.7 12.296
11696.7 13.0768
11708.7 13.8699
11720.7 14.6843
11732.7 15.5448
11744.7 16.4864
11756.8 17.3127
11768.8 18.0928
11780.8 18.8426
11792.8 19.569
11804.8 20.2755
11816.8 20.9642
11828.8 21.6362
11840.8 22.2896
11852.9 22.9278
11864.9 23.5636
11876.9 24.1926
11888.9 24.8147
11900.9 25.4307
11912.9 26.0417
11924.9 26.6498
11936.9 27.2594
11948.9 27.8928
11961 28.5013
11973 29.0794
11985 29.6386
11997 30.1824
12009 30.7123
12021 31.2291
12033 31.7327
12045 32.2209
12057.1 32.6817
12069.1 33.1557
12081.1 33.6367
12093.1 34.1222
12105.1 34.6136
12117.1 35.1142
12129.1 35.6306
12141.1 36.1758
12153.2 36.7882
12165.2 37.5427
12177.2 38.0903
12189.2 38.5431
12201.2 38.9281
12213.2 39.2539
12225.2 39.522
12237.2 39.7278
12249.2 39.8567
12261.3 39.8508
12273.3 39.7242
12285.3 39.7688
12297.3 39.8606
12309.3 39.9774
12321.3 40.1104
12333.3 40.2556
12345.3 40.4126
12357.4 40.5857
12369.4 40.8118
12381.4 41.0082
12393.4 41.1507
12405.4 41.261
12417.4 41.3421
12429.4 41.393
12441.4 41.4089
12453.5 41.3796
12465.5 41.2787
12477.5 40.984
12489.5 40.8362
12501.5 40.7841
12513.5 40.7845
12525.5 40.8247
12537.5 40.9005
12549.5 41.0127
12561.6 41.1687
12573.6 41.3952
12585.6 41.7594
12597.6 41.9805
12609.6 42.1421
12621.6 42.2673
12633.6 42.3639
12645.6 42.4344
12657.7 42.4782
12669.7 42.4895
12681.7 42.4444
12693.7 42.3388
12705.7 42.3207
12717.7 42.3322
12729.7 42.3635
12741.7 42.412
12753.8 42.4786
12765.8 42.5678
12777.8 42.6923
12789.8 42.9228
12801.8 43.128
12813.8 43.2249
12825.8 43.2703
12837.8 43.2749
12849.8 43.2414
12861.9 43.168
12873.9 43.0471
12885.9 42.857
12897.9 42.4864
12909.9 42.2307
12921.9 42.0592
12933.9 41.9296
12945.9 41.8292
12958 41.7526
12970 41.6983
12982 41.6681
12994 41.6718
13006 41.7416
13018 41.7566
13030 41.7496
13042 41.7317
13054.1 41.7074
13066.1 41.6796
13078.1 41.6507
13090.1 41.6249
13102.1 41.6135
13114.1 41.6245
13126.1 41.5825
13138.1 41.5155
13150.2 41.4288
13162.2 41.3236
13174.2 41.1995
13186.2 41.0546
13198.2 40.8831
13210.2 40.6601
13222.2 40.4199
13234.2 40.2177
13246.2 40.0222
13258.3 39.8264
13270.3 39.6263
13282.3 39.4181
13294.3 39.1974
13306.3 38.9561
13318.3 38.6568
13330.3 38.3866
13342.3 38.1408
13354.4 37.9025
13366.4 37.6648
13378.4 37.4225
13390.4 37.1695
13402.4 36.8964
13414.4 36.5809
13426.4 36.1486
13438.4 35.8414
13450.5 35.5996
13462.5 35.3985
13474.5 35.2297
13486.5 35.0894
13498.5 34.9766
13510.5 34.8934
13522.5 34.8503
13534.5 34.8604
13546.5 34.8338
13558.6 34.8024
13570.6 34.7735
13582.6 34.7506
13594.6 34.7362
13606.6 34.7334
13618.6 34.747
13630.6 34.7943
13642.6 34.8607
13654.7 34.8905
13666.7 34.9113
13678.7 34.9288
13690.7 34.9463
13702.7 34.9662
13714.7 34.9916
13726.7 35.0277
13738.7 35.0998
13750.8 35.1513
13762.8 35.1802
13774.8 35.1985
13786.8 35.2101
13798.8 35.2171
13810.8 35.2212
13822.8 35.2243
13834.8 35.2297
13846.8 35.2489
13858.9 35.2484
13870.9 35.2358
13882.9 35.2148
13894.9 35.1869
13906.9 35.1527
13918.9 35.1125
13930.9 35.0664
13942.9 35.0137
13955 34.9535
13967 34.8916
13979 34.8261
13991 34.7563
14003 34.6821
14015 34.6031
14027 34.5194
14039 34.4314
14051.1 34.3417
14063.1 34.2477
14075.1 34.1334
14087.1 34.0038
14099.1 33.8581
14111.1 33.6937
14123.1 33.5061
14135.1 33.2873
14147.1 33.0193
14159.2 32.6043
14171.2 32.2511
14183.2 31.9983
14195.2 31.791
14207.2 31.6144
14219.2 31.4611
14231.2 31.3265
14243.2 31.207
14255.3 31.0983
14267.3 30.988
14279.3 30.9079
14291.3 30.8523
14303.3 30.8173
14315.3 30.8023
14327.3 30.8081
14339.3 30.8368
14351.4 30.8937
14363.4 30.9939
14375.4 31.1705
14387.4 31.2811
14399.4 31.3707
14411.4 31.4522
14423.4 31.5308
14435.4 31.6099
14447.4 31.6927
14459.5 31.7829
14471.5 31.8902
14483.5 32.0154
14495.5 32.1142
14507.5 32.2064
14519.5 32.2967
14531.5 32.3881
14543.5 32.4833
14555.6 32.586
14567.6 32.7033
14579.6 32.8692
14591.6 33.0185
14603.6 33.1263
14615.6 33.2161
14627.6 33.2941
14639.6 33.3639
14651.7 33.4287
14663.7 33.4923
14675.7 33.5622
14687.7 33.6723
14699.7 33.7315
14711.7 33.7514
14723.7 33.7436
14735.7 33.7109
14747.7 33.6533
14759.8 33.5686
14771.8 33.4512
14783.8 33.2851
14795.8 33.0271
14807.8 32.8378
14819.8 32.6695
14831.8 32.5056
14843.8 32.3377
14855.9 32.159
14867.9 31.9609
14879.9 31.7283
14891.9 31.4167
14903.9 31.0065
14915.9 30.7679
14927.9 30.5939
14939.9 30.4634
14952 30.3679
14964 30.303
14976 30.2672
14988 30.262
15000 30.3022
15012 30.361
15024 30.4118
15036 30.471
15048 30.5423
15060.1 30.6286
15072.1 30.7325
15084.1 30.8586
15096.1 31.0159
15108.1 31.248
15120.1 31.4475
15132.1 31.6227
15144.1 31.7924
15156.2 31.9633
15168.2 32.1402
15180.2 32.328
15192.2 32.5333
15204.2 32.7708
15216.2 33.0844
15228.2 33.3286
15240.2 33.5433
15252.3 33.7442
15264.3 33.9382
15276.3 34.1303
15288.3 34.3255
15300.3 34.531
15312.3 34.7649
15324.3 35.0444
15336.3 35.2504
15348.3 35.4286
15360.4 35.5898
15372.4 35.7394
15384.4 35.8817
15396.4 36.0218
15408.4 36.1676
15420.4 36.3497
15432.4 36.5348
15444.4 36.6357
15456.5 36.6955
15468.5 36.7209
15480.5 36.7132
15492.5 36.6705
15504.5 36.5864
15516.5 36.4445
15528.5 36.1538
15540.5 35.9324
15552.6 35.7806
15564.6 35.6569
15576.6 35.5481
15588.6 35.4468
15600.6 35.3465
15612.6 35.2389
15624.6 35.1061
15636.6 34.8859
15648.6 34.7746
15660.7 34.7277
15672.7 34.7256
15684.7 34.7628
15696.7 34.8388
15708.7 34.9568
15720.7 35.1254
15732.7 35.3729
15744.7 35.7394
15756.8 36.0001
15768.8 36.2355
15780.8 36.4663
15792.8 36.7031
15804.8 36.9551
15816.8 37.2332
15828.8 37.5561
15840.8 37.9862
15852.9 38.4831
15864.9 38.8179
15876.9 39.1
15888.9 39.351
15900.9 39.5825
15912.9 39.8031
15924.9 40.0214
15936.9 40.2507
15948.9 40.5489
15961 40.7961
15973 40.98
15985 41.1317
15997 41.2614
16009 41.3762
16021 41.4828
16033 41.5902
16045 41.7168
16057.1 41.9335
16069.1 42.0347
16081.1 42.062
16093.1 42.0396
16105.1 41.9755
16117.1 41.8735
16129.1 41.7346
16141.1 41.5576
16153.2 41.3355
16165.2 41.0534
16177.2 40.7801
16189.2 40.4918
16201.2 40.1808
16213.2 39.8414
16225.2 39.4668
16237.2 39.0465
16249.2 38.5595
16261.3 37.9321
16273.3 37.1807
16285.3 36.6645
16297.3 36.2304
16309.3 35.8512
16321.3 35.5167
16333.3 35.2234
16345.3 34.9733
16357.4 34.7768
16369.4 34.703
16381.4 34.6058
16393.4 34.4455
16405.4 34.2656
16417.4 34.0781
16429.4 33.8899
16441.4 33.7069
16453.5 33.5366
16465.5 33.3934
16477.5 33.3357
16489.5 33.2072
16501.5 33.0337
16513.5 32.8374
16525.5 32.6272
16537.5 32.4092
16549.5 32.1893
16561.6 31.9756
16573.6 31.7869
16585.6 31.6652
16597.6 31.4472
16609.6 31.1843
16621.6 30.8928
16633.6 30.5804
16645.6 30.2529
16657.7 29.9171
16669.7 29.5837
16681.7 29.2856
16693.7 29.0299
16705.7 28.6294
16717.7 28.159
16729.7 27.6318
16741.7 27.0517
16753.8 26.4187
16765.8 25.7289
16777.8 24.9717
16789.8 24.0909
16801.8 23.1849
16813.8 22.3132
16825.8 21.4276
16837.8 20.5129
16849.8 19.5565
16861.9 18.5437
16873.9 17.451
16885.9 16.2265
16897.9 14.6263
16909.9 13.2831
16921.9 12.1276
16933.9 11.065
16945.9 10.0642
16958 9.10886
16970 8.1889
16982 7.29676
16994 6.42515
17006 5.56291
17018 4.73456
17030 3.93035
17042 3.14597
17054.1 2.37908
17066.1 1.62816
17078.1 0.892314
17090.1 0.171529
17102.1 -0.531367
17114.1 -1.21449
17126.1 -1.90546
17138.1 -2.595
17150.2 -3.28189
17162.2 -3.96618
17174.2 -4.64843
17186.2 -5.32969
17198.2 -6.01198
17210.2 -6.70322
17222.2 -7.39327
17234.2 -8.06559
17246.2 -8.72977
17258.3 -9.38783
17270.3 -10.0407
17282.3 -10.6887
17294.3 -11.3314
17306.3 -11.9665
17318.3 -12.5783
17330.3 -13.2088
17342.3 -13.8578
17354.4 -14.5194
17366.4 -15.1932
17378.4 -15.8801
17390.4 -16.5823
17402.4 -17.3038
17414.4 -18.0538
17426.4 -18.8608
17438.4 -19.6392
17450.5 -20.4135
17462.5 -21.1963
17474.5 -21.9961
17486.5 -22.8223
17498.5 -23.6879
17510.5 -24.6173
17522.5 -25.6795
17534.5 -26.956
17546.5 -27.9329
17558.6 -28.7972
17570.6 -29.5914
17582.6 -30.3341
17594.6 -31.0368
17606.6 -31.7085
17618.6 -32.3594
17630.6 -33.0159
17642.6 -33.6586
17654.7 -34.2099
17666.7 -34.7088
17678.7 -35.1623
17690.7 -35.5732
17702.7 -35.9416
17714.7 -36.2653
17726.7 -36.5364
17738.7 -36.7099
17750.8 -36.8913
17762.8 -37.0851
17774.8 -37.2687
17786.8 -37.4342
17798.8 -37.576
17810.8 -37.688
17822.8 -37.7608
17834.8 -37.7732
17846.8 -37.6462
17858.9 -37.6177
17870.9 -37.6351
17882.9 -37.6706
17894.9 -37.7135
17906.9 -37.7567
17918.9 -37.7939
17930.9 -37.8168
17942.9 -37.8052
17955 -37.7258
17967 -37.7408
17979 -37.7956
17991 -37.8775
18003 -37.9823
18015 -38.1092
18027 -38.2604
18039 -38.4427
18051.1 -38.6849
18063.1 -38.9723
18075.1 -39.1809
18087.1 -39.3671
18099.1 -39.5422
18111.1 -39.7127
18123.1 -39.8843
18135.1 -40.0643
18147.1 -40.267
18159.2 -40.5667
18171.2 -40.8057
18183.2 -40.9546
18195.2 -41.0545
18207.2 -41.1159
18219.2 -41.1432
18231.2 -41.1381
18243.2 -41.0997
18255.3 -41.0237
18267.3 -40.8869
18279.3 -40.7556
18291.3 -40.6175
18303.3 -40.4631
18315.3 -40.2875
18327.3 -40.0862
18339.3 -39.8532
18351.4 -39.5778
18363.4 -39.232
18375.4 -38.7561
18387.4 -38.4031
18399.4 -38.092
18411.4 -37.8001
18423.4 -37.5176
18435.4 -37.2384
18447.4 -36.9574
18459.5 -36.6688
18471.5 -36.3588
18483.5 -36.0259
18495.5 -35.7311
18507.5 -35.447
18519.5 -35.1674
18531.5 -34.8885
18543.5 -34.6074
18555.6 -34.3207
18567.6 -34.0233
18579.6 -33.693
18591.6 -33.3698
18603.6 -33.068
18615.6 -32.7722
18627.6 -32.4772
18639.6 -32.1791
18651.7 -31.8736
18663.7 -31.5543
18675.7 -31.2073
18687.7 -30.7697
18699.7 -30.4096
18711.7 -30.1048
18723.7 -29.8323
18735.7 -29.5852
18747.7 -29.3611
18759.8 -29.1602
18771.8 -28.9862
18783.8 -28.8523
18795.8 -28.7965
18807.8 -28.6709
18819.8 -28.5175
18831.8 -28.3493
18843.8 -28.1709
18855.9 -27.9848
18867.9 -27.7923
18879.9 -27.5944
18891.9 -27.3919
18903.9 -27.1852
18915.9 -26.9715
18927.9 -26.7518
18939.9 -26.5262
18952 -26.2945
18964 -26.0563
18976 -25.811
18988 -25.5573
19000 -25.2898
