7000 12.6138
7012.01 12.2168
7024.02 11.7859
7036.04 11.3197
7048.05 10.817
7060.06 10.2762
7072.07 9.69615
7084.08 9.07536
7096.1 8.41253
7108.11 7.70639
7120.12 6.95566
7132.13 6.15915
7144.14 5.3157
7156.16 4.42424
7168.17 3.48376
7180.18 2.49334
7192.19 1.45216
7204.2 0.359485
7216.22 -0.785283
7228.23 -1.98264
7240.24 -3.23296
7252.25 -4.53649
7264.26 -5.89335
7276.28 -7.30355
7288.29 -8.76695
7300.3 -10.2834
7312.31 -11.8525
7324.32 -13.4739
7336.34 -15.1474
7348.35 -16.8726
7360.36 -18.6494
7372.37 -20.4779
7384.38 -22.3588
7396.4 -24.2935
7408.41 -26.2847
7420.42 -28.3376
7432.43 -30.461
7444.44 -32.6719
7456.46 -35.0061
7468.47 -37.5697
7480.48 -40.6138
7492.49 -43.0729
7504.5 -45.2659
7516.52 -47.2756
7528.53 -49.1265
7540.54 -50.8216
7552.55 -52.3484
7564.56 -53.6698
7576.58 -54.6528
7588.59 -55.2815
7600.6 -56.2885
7612.61 -57.3677
7624.62 -58.4562
7636.64 -59.5221
7648.65 -60.5411
7660.66 -61.4884
7672.67 -62.3249
7684.68 -62.8813
7696.7 -63.4586
7708.71 -64.2038
7720.72 -64.9929
7732.73 -65.7937
7744.74 -66.589
7756.76 -67.3662
7768.77 -68.1138
7780.78 -68.8144
7792.79 -69.4046
7804.8 -70.0413
7816.82 -70.7041
7828.83 -71.3687
7840.84 -72.0269
7852.85 -72.6744
7864.86 -73.3087
7876.88 -73.9278
7888.89 -74.5294
7900.9 -75.1087
7912.91 -75.6841
7924.92 -76.2515
7936.94 -76.8103
7948.95 -77.3616
7960.96 -77.9075
7972.97 -78.4513
7984.98 -78.9991
7997 -79.5686
8009.01 -80.1705
8021.02 -80.7004
8033.03 -81.2006
8045.05 -81.6809
8057.06 -82.1465
8069.07 -82.601
8081.08 -83.0475
8093.09 -83.4888
8105.11 -83.9268
8117.12 -84.3663
8129.13 -84.8128
8141.14 -85.2695
8153.15 -85.7416
8165.17 -86.2362
8177.18 -86.7642
8189.19 -87.3441
8201.2 -88.0176
8213.21 -88.9939
8225.23 -89.7541
8237.24 -90.3261
8249.25 -90.7956
8261.26 -91.1873
8273.27 -91.5108
8285.29 -91.7674
8297.3 -91.9485
8309.31 -92.0197
8321.32 -91.8549
8333.33 -91.8978
8345.35 -92.0411
8357.36 -92.2465
8369.37 -92.5049
8381.38 -92.8175
8393.39 -93.1943
8405.41 -93.6608
8417.42 -94.3005
8429.43 -95.2031
8441.44 -95.7378
8453.45 -96.1324
8465.47 -96.4341
8477.48 -96.6602
8489.49 -96.8163
8501.5 -96.8998
8513.51 -96.8949
8525.53 -96.722
8537.54 -96.4692
8549.55 -96.395
8561.56 -96.3744
8573.57 -96.3861
8585.59 -96.4217
8597.6 -96.4779
8609.61 -96.5552
8621.62 -96.6594
8633.63 -96.8306
8645.65 -96.971
8657.66 -97.077
8669.67 -97.1676
8681.68 -97.2481
8693.69 -97.3209
8705.71 -97.3876
8717.72 -97.4491
8729.73 -97.506
8741.74 -97.5588
8753.75 -97.608
8765.77 -97.6538
8777.78 -97.6965
8789.79 -97.7363
8801.8 -97.7733
8813.81 -97.8077
8825.83 -97.8396
8837.84 -97.8693
8849.85 -97.8966
8861.86 -97.9218
8873.87 -97.9449
8885.89 -97.9659
8897.9 -97.985
8909.91 -98.0022
8921.92 -98.0175
8933.93 -98.031
8945.95 -98.0426
8957.96 -98.0525
8969.97 -98.0606
8981.98 -98.067
8993.99 -98.0716
9006.01 -98.0745
9018.02 -98.0758
9030.03 -98.0753
9042.04 -98.073
9054.05 -98.0691
9066.07 -98.0634
9078.08 -98.056
9090.09 -98.0469
9102.1 -98.036
9114.11 -98.0232
9126.13 -98.0087
9138.14 -97.9923
9150.15 -97.9741
9162.16 -97.954
9174.17 -97.932
9186.19 -97.908
9198.2 -97.882
9210.21 -97.854
9222.22 -97.8239
9234.23 -97.7917
9246.25 -97.7574
9258.26 -97.7209
9270.27 -97.6821
9282.28 -97.641
9294.29 -97.5977
9306.31 -97.5519
9318.32 -97.5037
9330.33 -97.453
9342.34 -97.3997
9354.35 -97.3438
9366.37 -97.2853
9378.38 -97.224
9390.39 -97.16
9402.4 -97.0931
9414.41 -97.0232
9426.43 -96.9504
9438.44 -96.8746
9450.45 -96.7956
9462.46 -96.7134
9474.47 -96.628
9486.49 -96.5392
9498.5 -96.447
9510.51 -96.3513
9522.52 -96.2521
9534.53 -96.1492
9546.55 -96.0426
9558.56 -95.9322
9570.57 -95.8179
9582.58 -95.6996
9594.59 -95.5773
9606.61 -95.4508
9618.62 -95.3201
9630.63 -95.1851
9642.64 -95.0457
9654.65 -94.9017
9666.67 -94.7532
9678.68 -94.6
9690.69 -94.4419
9702.7 -94.279
9714.71 -94.1112
9726.73 -93.9382
9738.74 -93.7601
9750.75 -93.5766
9762.76 -93.3878
9774.77 -93.1935
9786.79 -92.9936
9798.8 -92.788
9810.81 -92.5766
9822.82 -92.3593
9834.83 -92.1359
9846.85 -91.9064
9858.86 -91.6706
9870.87 -91.4285
9882.88 -91.1798
9894.89 -90.9246
9906.91 -90.6627
9918.92 -90.3939
9930.93 -90.1181
9942.94 -89.8352
9954.95 -89.5452
9966.97 -89.2478
9978.98 -88.943
9990.99 -88.6305
10003 -88.3104
10015 -87.9824
10027 -87.6464
10039 -87.3024
10051.1 -86.9501
10063.1 -86.5894
10075.1 -86.2202
10087.1 -85.8423
10099.1 -85.4557
10111.1 -85.0601
10123.1 -84.6554
10135.1 -84.2415
10147.1 -83.8182
10159.2 -83.3854
10171.2 -82.9429
10183.2 -82.4906
10195.2 -82.0283
10207.2 -81.5559
10219.2 -81.0731
10231.2 -80.5799
10243.2 -80.076
10255.3 -79.5613
10267.3 -79.0356
10279.3 -78.4988
10291.3 -77.9505
10303.3 -77.3907
10315.3 -76.8192
10327.3 -76.2357
10339.3 -75.64
10351.4 -75.0319
10363.4 -74.4113
10375.4 -73.7778
10387.4 -73.1312
10399.4 -72.4712
10411.4 -71.7976
10423.4 -71.1102
10435.4 -70.4085
10447.4 -69.6922
10459.5 -68.9611
10471.5 -68.2148
10483.5 -67.4528
10495.5 -66.6747
10507.5 -65.8801
10519.5 -65.0685
10531.5 -64.2392
10543.5 -63.3917
10555.6 -62.5254
10567.6 -61.6393
10579.6 -60.7328
10591.6 -59.8048
10603.6 -58.8542
10615.6 -57.8797
10627.6 -56.8799
10639.6 -55.8531
10651.7 -54.7971
10663.7 -53.7096
10675.7 -52.5875
10687.7 -51.427
10699.7 -50.2235
10711.7 -48.9707
10723.7 -47.6603
10735.7 -46.2806
10747.7 -44.8142
10759.8 -43.2323
10771.8 -41.4804
10783.8 -39.4116
10795.8 -36.6273
10807.8 -34.6338
10819.8 -32.9997
10831.8 -31.592
10843.8 -30.365
10855.9 -29.3019
10867.9 -28.4043
10879.9 -27.6982
10891.9 -27.2947
10903.9 -27.2402
10915.9 -26.8036
10927.9 -26.2707
10939.9 -25.6978
10952 -25.11
10964 -24.5232
10976 -23.951
10988 -23.4108
11000 -22.9632
11012 -22.5219
11024 -22.0003
11036 -21.4576
11048 -20.9095
11060.1 -20.3662
11072.1 -19.8375
11084.1 -19.336
11096.1 -18.8854
11108.1 -18.5927
11120.1 -18.1984
11132.1 -17.7231
11144.1 -17.2125
11156.2 -16.6834
11168.2 -16.147
11180.2 -15.614
11192.2 -15.0989
11204.2 -14.6322
11216.2 -14.3041
11228.2 -13.8154
11240.2 -13.2477
11252.3 -12.6325
11264.3 -11.9827
11276.3 -11.3066
11288.3 -10.6114
11300.3 -9.90578
11312.3 -9.21047
11324.3 -8.54458
11336.3 -7.77102
11348.3 -6.93981
11360.4 -6.05998
11372.4 -5.13273
11384.4 -4.15464
11396.4 -3.1162
11408.4 -1.99389
11420.4 -0.68553
11432.4 0.691856
11444.4 1.83484
11456.5 2.89369
11468.5 3.89361
11480.5 4.8432
11492.5 5.74329
11504.5 6.58726
11516.5 7.35302
11528.5 7.9114
11540.5 8.57627
11552.6 9.34932
11564.6 10.1725
11576.6 11.0292
11588.6 11.9113
11600.6 12.8143
11612.6 13.7351
11624.6 14.6709
11636.6 15.616
11648.6 16.5866
11660.7 17.5798
11672.7 18.5953
11684.7 19.6351
11696.7 20.7031
11708.7 21.8066
11720.7 22.9606
11732.7 24.2098
11744.7 25.6171
11756.8 26.8227
11768.8 27.952
11780.8 29.0336
11792.8 30.0785
11804.8 31.092
11816.8 32.0759
11828.8 33.0281
11840.8 33.9326
11852.9 34.8037
11864.9 35.7115
11876.9 36.6251
11888.9 37.5397
11900.9 38.4536
11912.9 39.3664
11924.9 40.2788
11936.9 41.1929
11948.9 42.1211
11961 43.0355
11973 43.933
11985 44.8199
11997 45.6979
12009 46.5676
12021 47.4285
12033 48.2787
12045 49.1113
12057.1 49.8933
12069.1 50.7307
12081.1 51.606
12093.1 52.5118
12105.1 53.4498
12117.1 54.4275
12129.1 55.459
12141.1 56.5738
12153.2 57.8577
12165.2 59.4784
12177.2 60.6542
12189.2 61.6361
12201.2 62.4856
12213.2 63.2224
12225.2 63.8507
12237.2 64.3619
12249.2 64.7261
12261.3 64.8214
12273.3 64.6791
12285.3 64.9178
12297.3 65.2768
12309.3 65.7115
12321.3 66.2058
12333.3 66.7556
12345.3 67.3667
12357.4 68.0628
12369.4 68.9949
12381.4 69.8425
12393.4 70.5169
12405.4 71.1103
12417.4 71.6444
12429.4 72.1279
12441.4 72.5633
12453.5 72.9477
12465.5 73.2671
12477.5 73.4484
12489.5 73.7015
12501.5 73.9957
12513.5 74.3055
12525.5 74.6235
12537.5 74.9475
12549.5 75.2784
12561.6 75.6212
12573.6 75.9929
12585.6 76.4369
12597.6 76.7719
12609.6 77.0514
12621.6 77.2895
12633.6 77.4905
12645.6 77.6543
12657.7 77.7781
12669.7 77.8536
12681.7 77.8506
12693.7 77.7627
12705.7 77.7662
12717.7 77.7896
12729.7 77.8191
12741.7 77.8485
12753.8 77.8744
12765.8 77.8949
12777.8 77.9092
12789.8 77.924
12801.8 77.9214
12813.8 77.8894
12825.8 77.832
12837.8 77.747
12849.8 77.6298
12861.9 77.4726
12873.9 77.2611
12885.9 76.9616
12897.9 76.4107
12909.9 76.0357
12921.9 75.7913
12933.9 75.6148
12945.9 75.4868
12958 75.3988
12970 75.3471
12982 75.3324
12994 75.364
13006 75.4748
13018 75.54
13030 75.5935
13042 75.6475
13054.1 75.7073
13066.1 75.7776
13078.1 75.8641
13090.1 75.9772
13102.1 76.1484
13114.1 76.4003
13126.1 76.5203
13138.1 76.5883
13150.2 76.6196
13162.2 76.6192
13174.2 76.5878
13186.2 76.5221
13198.2 76.4111
13210.2 76.2005
13222.2 75.9688
13234.2 75.8416
13246.2 75.7516
13258.3 75.6872
13270.3 75.6447
13282.3 75.6239
13294.3 75.6288
13306.3 75.6716
13318.3 75.8231
13330.3 75.9058
13342.3 75.925
13354.4 75.9104
13366.4 75.87
13378.4 75.807
13390.4 75.7218
13402.4 75.6123
13414.4 75.4707
13426.4 75.2675
13438.4 75.1001
13450.5 74.9443
13462.5 74.7895
13474.5 74.6311
13486.5 74.4655
13498.5 74.2887
13510.5 74.0944
13522.5 73.8651
13534.5 73.5805
13546.5 73.3675
13558.6 73.1801
13570.6 73.0076
13582.6 72.8457
13594.6 72.6919
13606.6 72.5444
13618.6 72.4026
13630.6 72.2666
13642.6 72.1343
13654.7 72.0002
13666.7 71.8655
13678.7 71.7298
13690.7 71.5918
13702.7 71.4499
13714.7 71.3011
13726.7 71.1386
13738.7 70.9272
13750.8 70.7485
13762.8 70.6063
13774.8 70.4839
13786.8 70.3766
13798.8 70.2825
13810.8 70.2007
13822.8 70.1314
13834.8 70.0765
13846.8 70.0457
13858.9 70.0085
13870.9 69.9712
13882.9 69.9373
13894.9 69.908
13906.9 69.8842
13918.9 69.8665
13930.9 69.8559
13942.9 69.8538
13955 69.863
13967 69.8738
13979 69.8904
13991 69.9145
14003 69.9476
14015 69.9915
14027 70.0491
14039 70.1254
14051.1 70.2379
14063.1 70.379
14075.1 70.4787
14087.1 70.5701
14099.1 70.6604
14111.1 70.7546
14123.1 70.8574
14135.1 70.9755
14147.1 71.1223
14159.2 71.3671
14171.2 71.5628
14183.2 71.6822
14195.2 71.764
14207.2 71.8181
14219.2 71.8489
14231.2 71.8585
14243.2 71.8469
14255.3 71.8107
14267.3 71.7319
14279.3 71.6645
14291.3 71.599
14303.3 71.5286
14315.3 71.4502
14327.3 71.3611
14339.3 71.2581
14351.4 71.1356
14363.4 70.9784
14375.4 70.7541
14387.4 70.6014
14399.4 70.4764
14411.4 70.3672
14423.4 70.269
14435.4 70.1794
14447.4 70.0972
14459.5 70.0218
14471.5 69.9548
14483.5 69.8956
14495.5 69.8308
14507.5 69.7652
14519.5 69.6994
14531.5 69.6332
14543.5 69.5661
14555.6 69.4972
14567.6 69.4245
14579.6 69.3375
14591.6 69.2565
14603.6 69.1891
14615.6 69.1281
14627.6 69.0716
14639.6 69.0184
14651.7 68.9673
14663.7 68.9169
14675.7 68.864
14687.7 68.7939
14699.7 68.7467
14711.7 68.7174
14723.7 68.701
14735.7 68.6967
14747.7 68.7046
14759.8 68.7263
14771.8 68.7653
14783.8 68.8313
14795.8 68.951
14807.8 69.0242
14819.8 69.0803
14831.8 69.1288
14843.8 69.1739
14855.9 69.2184
14867.9 69.2651
14879.9 69.3183
14891.9 69.3898
14903.9 69.4846
14915.9 69.5328
14927.9 69.5619
14939.9 69.5773
14952 69.5806
14964 69.5725
14976 69.552
14988 69.5164
15000 69.45
15012 69.3785
15024 69.3273
15036 69.2804
15048 69.2339
15060.1 69.1855
15072.1 69.1326
15084.1 69.0721
15096.1 68.997
15108.1 68.8741
15120.1 68.786
15132.1 68.7267
15144.1 68.6827
15156.2 68.6496
15168.2 68.6249
15180.2 68.6071
15192.2 68.5946
15204.2 68.5845
15216.2 68.5695
15228.2 68.5743
15240.2 68.5924
15252.3 68.6216
15264.3 68.6614
15276.3 68.7121
15288.3 68.7746
15300.3 68.8512
15312.3 68.9495
15324.3 69.0767
15336.3 69.1791
15348.3 69.2771
15360.4 69.375
15372.4 69.475
15384.4 69.5788
15396.4 69.6879
15408.4 69.8044
15420.4 69.9352
15432.4 70.0741
15444.4 70.2039
15456.5 70.3345
15468.5 70.4684
15480.5 70.6078
15492.5 70.7549
15504.5 70.9132
15516.5 71.0899
15528.5 71.3217
15540.5 71.5224
15552.6 71.6921
15564.6 71.8472
15576.6 71.9927
15588.6 72.131
15600.6 72.2636
15612.6 72.3912
15624.6 72.5138
15636.6 72.6293
15648.6 72.7466
15660.7 72.8642
15672.7 72.9812
15684.7 73.0976
15696.7 73.213
15708.7 73.3273
15720.7 73.4394
15732.7 73.5469
15744.7 73.6457
15756.8 73.7591
15768.8 73.8793
15780.8 74.0044
15792.8 74.1338
15804.8 74.2673
15816.8 74.4043
15828.8 74.5442
15840.8 74.6835
15852.9 74.8254
15864.9 74.9851
15876.9 75.1566
15888.9 75.3398
15900.9 75.5356
15912.9 75.7461
15924.9 75.9747
15936.9 76.2292
15948.9 76.55
15961 76.8492
15973 77.1169
15985 77.375
15997 77.6306
16009 77.888
16021 78.1518
16033 78.4275
16045 78.727
16057.1 79.094
16069.1 79.4027
16081.1 79.6793
16093.1 79.9395
16105.1 80.1895
16117.1 80.433
16129.1 80.6734
16141.1 80.9142
16153.2 81.1626
16165.2 81.4308
16177.2 81.6686
16189.2 81.8938
16201.2 82.1119
16213.2 82.326
16225.2 82.5388
16237.2 82.7532
16249.2 82.9744
16261.3 83.217
16273.3 83.479
16285.3 83.6931
16297.3 83.8895
16309.3 84.0746
16321.3 84.2517
16333.3 84.4239
16345.3 84.5942
16357.4 84.7679
16369.4 84.9694
16381.4 85.1508
16393.4 85.2996
16405.4 85.4307
16417.4 85.5484
16429.4 85.6549
16441.4 85.7518
16453.5 85.8405
16465.5 85.9226
16477.5 86.0024
16489.5 86.0709
16501.5 86.1301
16513.5 86.1821
16525.5 86.2283
16537.5 86.2699
16549.5 86.3087
16561.6 86.3476
16573.6 86.3941
16585.6 86.4655
16597.6 86.4928
16609.6 86.4974
16621.6 86.4855
16633.6 86.4599
16645.6 86.4221
16657.7 86.3734
16669.7 86.315
16681.7 86.2496
16693.7 86.1782
16705.7 86.0879
16717.7 85.9844
16729.7 85.8688
16741.7 85.7418
16753.8 85.6041
16765.8 85.4564
16777.8 85.3001
16789.8 85.1426
16801.8 84.9702
16813.8 84.7742
16825.8 84.5604
16837.8 84.3294
16849.8 84.0814
16861.9 83.8156
16873.9 83.5306
16885.9 83.223
16897.9 82.8779
16909.9 82.5327
16921.9 82.1825
16933.9 81.8205
16945.9 81.4437
16958 81.049
16970 80.6329
16982 80.1896
16994 79.7052
17006 79.1408
17018 78.6321
17030 78.1402
17042 77.651
17054.1 77.1578
17066.1 76.6561
17078.1 76.1413
17090.1 75.6066
17102.1 75.0357
17114.1 74.4161
17126.1 73.847
17138.1 73.2883
17150.2 72.7304
17162.2 72.1678
17174.2 71.5956
17186.2 71.0083
17198.2 70.3961
17210.2 69.7238
17222.2 69.0366
17234.2 68.4092
17246.2 67.7979
17258.3 67.1928
17270.3 66.5878
17282.3 65.9775
17294.3 65.3555
17306.3 64.7103
17318.3 63.9898
17330.3 63.3164
17342.3 62.684
17354.4 62.0696
17366.4 61.465
17378.4 60.8649
17390.4 60.2646
17402.4 59.6582
17414.4 59.0343
17426.4 58.3579
17438.4 57.7373
17450.5 57.1443
17462.5 56.5661
17474.5 55.9971
17486.5 55.4333
17498.5 54.8708
17510.5 54.3041
17522.5 53.7208
17534.5 53.1065
17546.5 52.5451
17558.6 52.0047
17570.6 51.4774
17582.6 50.9589
17594.6 50.4459
17606.6 49.9348
17618.6 49.4199
17630.6 48.8827
17642.6 48.3382
17654.7 47.8452
17666.7 47.3744
17678.7 46.9198
17690.7 46.4786
17702.7 46.0488
17714.7 45.629
17726.7 45.2175
17738.7 44.8104
17750.8 44.4146
17762.8 44.0298
17774.8 43.654
17786.8 43.2861
17798.8 42.9256
17810.8 42.5715
17822.8 42.2231
17834.8 41.8786
17846.8 41.5319
17858.9 41.2003
17870.9 40.8796
17882.9 40.5679
17894.9 40.264
17906.9 39.9675
17918.9 39.6778
17930.9 39.3941
17942.9 39.1151
17955 38.8383
17967 38.5749
17979 38.3209
17991 38.0756
18003 37.8384
18015 37.6092
18027 37.3881
18039 37.1752
18051.1 36.9715
18063.1 36.7765
18075.1 36.5861
18087.1 36.4021
18099.1 36.2252
18111.1 36.0554
18123.1 35.8931
18135.1 35.7384
18147.1 35.5916
18159.2 35.4529
18171.2 35.323
18183.2 35.2024
18195.2 35.0918
18207.2 34.9918
18219.2 34.9037
18231.2 34.8291
18243.2 34.7711
18255.3 34.7369
18267.3 34.7561
18279.3 34.7454
18291.3 34.7201
18303.3 34.6909
18315.3 34.6624
18327.3 34.6371
18339.3 34.6178
18351.4 34.6077
18363.4 34.6142
18375.4 34.6521
18387.4 34.6617
18399.4 34.6627
18411.4 34.6612
18423.4 34.6602
18435.4 34.6621
18447.4 34.6694
18459.5 34.6861
18471.5 34.7238
18483.5 34.7829
18495.5 34.8063
18507.5 34.8184
18519.5 34.8243
18531.5 34.8266
18543.5 34.8271
18555.6 34.8273
18567.6 34.8296
18579.6 34.8433
18591.6 34.8512
18603.6 34.8469
18615.6 34.8366
18627.6 34.8215
18639.6 34.8022
18651.7 34.7784
18663.7 34.7491
18675.7 34.7108
18687.7 34.6463
18699.7 34.6033
18711.7 34.576
18723.7 34.558
18735.7 34.5472
18747.7 34.5429
18759.8 34.5443
18771.8 34.5509
18783.8 34.5609
18795.8 34.5693
18807.8 34.5976
18819.8 34.6406
18831.8 34.6978
18843.8 34.7705
18855.9 34.8612
18867.9 34.9745
18879.9 35.1199
18891.9 35.3276
18903.9 35.6108
18915.9 35.7827
18927.9 35.917
18939.9 36.0284
18952 36.1227
18964 36.203
18976 36.2701
18988 36.3228
19000 36.3474
