7000 -48.4839
7012.01 -48.9646
7024.02 -49.4435
7036.04 -49.9207
7048.05 -50.3964
7060.06 -50.8708
7072.07 -51.3441
7084.08 -51.8164
7096.1 -52.2881
7108.11 -52.7593
7120.12 -53.2304
7132.13 -53.7016
7144.14 -54.1733
7156.16 -54.646
7168.17 -55.1199
7180.18 -55.5956
7192.19 -56.0736
7204.2 -56.5544
7216.22 -57.0388
7228.23 -57.5274
7240.24 -58.0211
7252.25 -58.5209
7264.26 -59.0277
7276.28 -59.5428
7288.29 -60.0677
7300.3 -60.604
7312.31 -61.1537
7324.32 -61.7192
7336.34 -62.3033
7348.35 -62.9095
7360.36 -63.542
7372.37 -64.2062
7384.38 -64.9093
7396.4 -65.6606
7408.41 -66.4727
7420.42 -67.3642
7432.43 -68.3631
7444.44 -69.5164
7456.46 -70.9165
7468.47 -72.8223
7480.48 -75.8379
7492.49 -77.4335
7504.5 -78.3726
7516.52 -78.856
7528.53 -78.9418
7540.54 -78.6333
7552.55 -77.8863
7564.56 -76.5734
7576.58 -74.2223
7588.59 -70.7885
7600.6 -68.9514
7612.61 -67.6189
7624.62 -66.5877
7636.64 -65.7737
7648.65 -65.1349
7660.66 -64.653
7672.67 -64.3331
7684.68 -64.2965
7696.7 -64.2775
7708.71 -64.1418
7720.72 -63.9827
7732.73 -63.8188
7744.74 -63.657
7756.76 -63.5002
7768.77 -63.3493
7780.78 -63.2039
7792.79 -63.0596
7804.8 -62.9279
7816.82 -62.807
7828.83 -62.6948
7840.84 -62.5901
7852.85 -62.4918
7864.86 -62.3984
7876.88 -62.3077
7888.89 -62.214
7900.9 -62.1017
7912.91 -62.0286
7924.92 -61.9788
7936.94 -61.9476
7948.95 -61.9339
7960.96 -61.9385
7972.97 -61.9637
7984.98 -62.0155
7997 -62.1141
8009.01 -62.2711
8021.02 -62.3521
8033.03 -62.4082
8045.05 -62.4492
8057.06 -62.4784
8069.07 -62.4965
8081.08 -62.502
8093.09 -62.4893
8105.11 -62.4289
8117.12 -62.3672
8129.13 -62.3661
8141.14 -62.3921
8153.15 -62.4401
8165.17 -62.509
8177.18 -62.6008
8189.19 -62.7209
8201.2 -62.8839
8213.21 -63.1677
8225.23 -63.375
8237.24 -63.5156
8249.25 -63.6206
8261.26 -63.6983
8273.27 -63.7509
8285.29 -63.7766
8297.3 -63.7687
8309.31 -63.7053
8321.32 -63.5104
8333.33 -63.4458
8345.35 -63.4469
8357.36 -63.4899
8369.37 -63.5681
8381.38 -63.6808
8393.39 -63.832
8405.41 -64.0335
8417.42 -64.3258
8429.43 -64.7529
8441.44 -65.0006
8453.45 -65.1809
8465.47 -65.3163
8477.48 -65.4134
8489.49 -65.4727
8501.5 -65.4885
8513.51 -65.4439
8525.53 -65.2625
8537.54 -65.0269
8549.55 -64.9814
8561.56 -65.0083
8573.57 -65.0883
8585.59 -65.2157
8597.6 -65.3907
8609.61 -65.6204
8621.62 -65.9258
8633.63 -66.4284
8645.65 -66.8399
8657.66 -67.1513
8669.67 -67.4192
8681.68 -67.6597
8693.69 -67.8809
8705.71 -68.0872
8717.72 -68.2815
8729.73 -68.4661
8741.74 -68.6423
8753.75 -68.8113
8765.77 -68.9741
8777.78 -69.1312
8789.79 -69.2834
8801.8 -69.4311
8813.81 -69.5746
8825.83 -69.7144
8837.84 -69.8507
8849.85 -69.9837
8861.86 -70.1137
8873.87 -70.2409
8885.89 -70.3654
8897.9 -70.4875
8909.91 -70.6071
8921.92 -70.7244
8933.93 -70.8396
8945.95 -70.9528
8957.96 -71.0639
8969.97 -71.1731
8981.98 -71.2805
8993.99 -71.3861
9006.01 -71.49
9018.02 -71.5922
9030.03 -71.6927
9042.04 -71.7916
9054.05 -71.889
9066.07 -71.9849
9078.08 -72.0792
9090.09 -72.172
9102.1 -72.2634
9114.11 -72.3534
9126.13 -72.4419
9138.14 -72.529
9150.15 -72.6147
9162.16 -72.699
9174.17 -72.782
9186.19 -72.8635
9198.2 -72.9436
9210.21 -73.0224
9222.22 -73.0998
9234.23 -73.1758
9246.25 -73.2504
9258.26 -73.3235
9270.27 -73.3953
9282.28 -73.4657
9294.29 -73.5346
9306.31 -73.6021
9318.32 -73.6681
9330.33 -73.7326
9342.34 -73.7957
9354.35 -73.8572
9366.37 -73.9172
9378.38 -73.9756
9390.39 -74.0325
9402.4 -74.0877
9414.41 -74.1413
9426.43 -74.1932
9438.44 -74.2435
9450.45 -74.292
9462.46 -74.3388
9474.47 -74.3838
9486.49 -74.427
9498.5 -74.4683
9510.51 -74.5077
9522.52 -74.5452
9534.53 -74.5807
9546.55 -74.6141
9558.56 -74.6456
9570.57 -74.6749
9582.58 -74.702
9594.59 -74.727
9606.61 -74.7497
9618.62 -74.7701
9630.63 -74.7882
9642.64 -74.8038
9654.65 -74.817
9666.67 -74.8276
9678.68 -74.8357
9690.69 -74.8411
9702.7 -74.8438
9714.71 -74.8437
9726.73 -74.8408
9738.74 -74.835
9750.75 -74.8262
9762.76 -74.8144
9774.77 -74.7994
9786.79 -74.7813
9798.8 -74.7598
9810.81 -74.735
9822.82 -74.7068
9834.83 -74.675
9846.85 -74.6396
9858.86 -74.6006
9870.87 -74.5577
9882.88 -74.511
9894.89 -74.4603
9906.91 -74.4055
9918.92 -74.3466
9930.93 -74.2833
9942.94 -74.2157
9954.95 -74.1437
9966.97 -74.067
9978.98 -73.9856
9990.99 -73.8994
10003 -73.8082
10015 -73.712
10027 -73.6107
10039 -73.504
10051.1 -73.3919
10063.1 -73.2742
10075.1 -73.1508
10087.1 -73.0216
10099.1 -72.8863
10111.1 -72.745
10123.1 -72.5974
10135.1 -72.4433
10147.1 -72.2827
10159.2 -72.1153
10171.2 -71.9411
10183.2 -71.7597
10195.2 -71.5711
10207.2 -71.3751
10219.2 -71.1714
10231.2 -70.96
10243.2 -70.7406
10255.3 -70.513
10267.3 -70.277
10279.3 -70.0324
10291.3 -69.779
10303.3 -69.5166
10315.3 -69.2449
10327.3 -68.9637
10339.3 -68.6728
10351.4 -68.3719
10363.4 -68.0607
10375.4 -67.7389
10387.4 -67.4064
10399.4 -67.0627
10411.4 -66.7076
10423.4 -66.3407
10435.4 -65.9617
10447.4 -65.5703
10459.5 -65.166
10471.5 -64.7485
10483.5 -64.3173
10495.5 -63.8719
10507.5 -63.412
10519.5 -62.9368
10531.5 -62.446
10543.5 -61.9389
10555.6 -61.4147
10567.6 -60.8728
10579.6 -60.3123
10591.6 -59.7324
10603.6 -59.1319
10615.6 -58.5099
10627.6 -57.8648
10639.6 -57.1953
10651.7 -56.4996
10663.7 -55.7754
10675.7 -55.0205
10687.7 -54.2315
10699.7 -53.4047
10711.7 -52.5351
10723.7 -51.616
10735.7 -50.6383
10747.7 -49.5883
10759.8 -48.444
10771.8 -47.1636
10783.8 -45.6358
10795.8 -43.5593
10807.8 -42.0687
10819.8 -40.8376
10831.8 -39.7643
10843.8 -38.8123
10855.9 -37.9658
10867.9 -37.2212
10879.9 -36.5883
10891.9 -36.1209
10903.9 -35.8407
10915.9 -35.3795
10927.9 -34.8799
10939.9 -34.3696
10952 -33.8609
10964 -33.3616
10976 -32.8789
10988 -32.4225
11000 -32.0276
11012 -31.6433
11024 -31.2184
11036 -30.7882
11048 -30.3624
11060.1 -29.9477
11072.1 -29.5515
11084.1 -29.1837
11096.1 -28.8644
11108.1 -28.6866
11120.1 -28.4224
11132.1 -28.0895
11144.1 -27.7273
11156.2 -27.3499
11168.2 -26.9665
11180.2 -26.5855
11192.2 -26.2178
11204.2 -25.8856
11216.2 -25.6536
11228.2 -25.3091
11240.2 -24.9107
11252.3 -24.4813
11264.3 -24.0307
11276.3 -23.5657
11288.3 -23.0923
11300.3 -22.6184
11312.3 -22.1626
11324.3 -21.7424
11336.3 -21.2367
11348.3 -20.6911
11360.4 -20.1151
11372.4 -19.5117
11384.4 -18.881
11396.4 -18.22
11408.4 -17.5185
11420.4 -16.7291
11432.4 -15.9085
11444.4 -15.2026
11456.5 -14.5409
11468.5 -13.9131
11480.5 -13.3171
11492.5 -12.7551
11504.5 -12.2348
11516.5 -11.7758
11528.5 -11.4849
11540.5 -11.1072
11552.6 -10.6423
11564.6 -10.1389
11576.6 -9.61178
11588.6 -9.06906
11600.6 -8.51637
11612.6 -7.95912
11624.6 -7.40581
11636.6 -6.88186
11648.6 -6.31228
11660.7 -5.7151
11672.7 -5.09842
11684.7 -4.4646
11696.7 -3.8137
11708.7 -3.14358
11720.7 -2.44802
11732.7 -1.70584
11744.7 -0.886572
11756.8 -0.170956
11768.8 0.502552
11780.8 1.14692
11792.8 1.76616
11804.8 2.3608
11816.8 2.92861
11828.8 3.46264
11840.8 3.93417
11852.9 4.36386
11864.9 4.86314
11876.9 5.38013
11888.9 5.90515
11900.9 6.43354
11912.9 6.96229
11924.9 7.48874
11936.9 8.00947
11948.9 8.51112
11961 9.02063
11973 9.54068
11985 10.0642
11997 10.5887
12009 11.1126
12021 11.634
12033 12.1503
12045 12.6548
12057.1 13.1197
12069.1 13.6305
12081.1 14.172
12093.1 14.7366
12105.1 15.3244
12117.1 15.9389
12129.1 16.5879
12141.1 17.2884
12153.2 18.0904
12165.2 19.0922
12177.2 19.8347
12189.2 20.4649
12201.2 21.0186
12213.2 21.5069
12225.2 21.9312
12237.2 22.2852
12249.2 22.5478
12261.3 22.6353
12273.3 22.5693
12285.3 22.7768
12297.3 23.0789
12309.3 23.446
12321.3 23.8689
12333.3 24.3474
12345.3 24.8904
12357.4 25.5243
12369.4 26.4072
12381.4 27.209
12393.4 27.8392
12405.4 28.395
12417.4 28.901
12429.4 29.3687
12441.4 29.8047
12453.5 30.2127
12465.5 30.5946
12477.5 30.9459
12489.5 31.2874
12501.5 31.6179
12513.5 31.9365
12525.5 32.2441
12537.5 32.5424
12549.5 32.8338
12561.6 33.1233
12573.6 33.4238
12585.6 33.7667
12597.6 34.0238
12609.6 34.2331
12621.6 34.4047
12633.6 34.5411
12645.6 34.6418
12657.7 34.7029
12669.7 34.715
12681.7 34.6441
12693.7 34.4834
12705.7 34.4318
12717.7 34.4091
12729.7 34.4003
12741.7 34.3994
12753.8 34.4036
12765.8 34.4126
12777.8 34.4295
12789.8 34.4804
12801.8 34.5128
12813.8 34.493
12825.8 34.4412
12837.8 34.3589
12849.8 34.244
12861.9 34.0906
12873.9 33.8865
12885.9 33.6024
12897.9 33.0937
12909.9 32.7395
12921.9 32.4997
12933.9 32.3187
12945.9 32.1796
12958 32.0744
12970 32
12982 31.9566
12994 31.9518
13006 32.0127
13018 32.0345
13030 32.0452
13042 32.0542
13054.1 32.0652
13066.1 32.0805
13078.1 32.1024
13090.1 32.1347
13102.1 32.1879
13114.1 32.2696
13126.1 32.3091
13138.1 32.3327
13150.2 32.3454
13162.2 32.3481
13174.2 32.3402
13186.2 32.3189
13198.2 32.2764
13210.2 32.1758
13222.2 32.0706
13234.2 32.0466
13246.2 32.0587
13258.3 32.0996
13270.3 32.1679
13282.3 32.2649
13294.3 32.3961
13306.3 32.5753
13318.3 32.8762
13330.3 33.1185
13342.3 33.3093
13354.4 33.4812
13366.4 33.6454
13378.4 33.8093
13390.4 33.98
13402.4 34.1676
13414.4 34.3944
13426.4 34.735
13438.4 34.9485
13450.5 35.0942
13462.5 35.1965
13474.5 35.2635
13486.5 35.2981
13498.5 35.3002
13510.5 35.2652
13522.5 35.1752
13534.5 35.008
13546.5 34.9119
13558.6 34.8342
13570.6 34.7633
13582.6 34.6945
13594.6 34.625
13606.6 34.5528
13618.6 34.4759
13630.6 34.3905
13642.6 34.2981
13654.7 34.2074
13666.7 34.1127
13678.7 34.0118
13690.7 33.9023
13702.7 33.7815
13714.7 33.6446
13726.7 33.4814
13738.7 33.2399
13750.8 33.0393
13762.8 32.8847
13774.8 32.7509
13786.8 32.6301
13798.8 32.5179
13810.8 32.4107
13822.8 32.3048
13834.8 32.193
13846.8 32.0507
13858.9 31.9498
13870.9 31.874
13882.9 31.815
13894.9 31.7693
13906.9 31.7352
13918.9 31.7109
13930.9 31.6947
13942.9 31.6824
13955 31.6671
13967 31.6832
13979 31.7194
13991 31.7738
14003 31.8462
14015 31.9374
14027 32.0495
14039 32.187
14051.1 32.3647
14063.1 32.5765
14075.1 32.7628
14087.1 32.9526
14099.1 33.1533
14111.1 33.3707
14123.1 33.6112
14135.1 33.885
14147.1 34.2125
14159.2 34.7019
14171.2 35.1243
14183.2 35.4374
14195.2 35.7021
14207.2 35.9355
14219.2 36.1461
14231.2 36.34
14243.2 36.5224
14255.3 36.7014
14267.3 36.9042
14279.3 37.0574
14291.3 37.1743
14303.3 37.2638
14315.3 37.3282
14327.3 37.3673
14339.3 37.3787
14351.4 37.3564
14363.4 37.2811
14375.4 37.1106
14387.4 37.0293
14399.4 36.9793
14411.4 36.9451
14423.4 36.9207
14435.4 36.9031
14447.4 36.8906
14459.5 36.883
14471.5 36.8828
14483.5 36.8889
14495.5 36.8798
14507.5 36.8629
14519.5 36.8386
14531.5 36.806
14543.5 36.7631
14555.6 36.7063
14567.6 36.6278
14579.6 36.4867
14591.6 36.3623
14603.6 36.285
14615.6 36.2266
14627.6 36.1792
14639.6 36.1384
14651.7 36.1001
14663.7 36.059
14675.7 36.0043
14687.7 35.8876
14699.7 35.8386
14711.7 35.8408
14723.7 35.8768
14735.7 35.9419
14747.7 36.035
14759.8 36.1574
14771.8 36.3136
14783.8 36.5173
14795.8 36.8064
14807.8 37.04
14819.8 37.2601
14831.8 37.4814
14843.8 37.7112
14855.9 37.9561
14867.9 38.2243
14879.9 38.53
14891.9 38.9163
14903.9 39.402
14915.9 39.7283
14927.9 39.9982
14939.9 40.2321
14952 40.4391
14964 40.624
14976 40.7899
14988 40.9385
15000 41.0693
15012 41.1864
15024 41.2935
15036 41.3889
15048 41.4724
15060.1 41.5432
15072.1 41.6005
15084.1 41.642
15096.1 41.6628
15108.1 41.6377
15120.1 41.6296
15132.1 41.6334
15144.1 41.6386
15156.2 41.6409
15168.2 41.6373
15180.2 41.6245
15192.2 41.5974
15204.2 41.5438
15216.2 41.4271
15228.2 41.372
15240.2 41.345
15252.3 41.3333
15264.3 41.332
15276.3 41.3379
15288.3 41.3485
15300.3 41.3606
15312.3 41.3677
15324.3 41.3632
15336.3 41.3897
15348.3 41.431
15360.4 41.483
15372.4 41.5437
15384.4 41.6116
15396.4 41.6845
15408.4 41.7587
15420.4 41.8178
15432.4 41.8812
15444.4 41.9981
15456.5 42.1456
15468.5 42.3215
15480.5 42.5269
15492.5 42.7658
15504.5 43.0464
15516.5 43.388
15528.5 43.8922
15540.5 44.3183
15552.6 44.6667
15564.6 44.9844
15576.6 45.2867
15588.6 45.5831
15600.6 45.882
15612.6 46.1948
15624.6 46.5449
15636.6 47.0139
15648.6 47.3484
15660.7 47.6075
15672.7 47.8181
15684.7 47.9891
15696.7 48.124
15708.7 48.2229
15720.7 48.2818
15732.7 48.2839
15744.7 48.2049
15756.8 48.1887
15768.8 48.185
15780.8 48.1816
15792.8 48.1726
15804.8 48.1536
15816.8 48.119
15828.8 48.0598
15840.8 47.9447
15852.9 47.7945
15864.9 47.7255
15876.9 47.683
15888.9 47.6564
15900.9 47.6409
15912.9 47.633
15924.9 47.63
15936.9 47.6279
15948.9 47.6114
15961 47.6123
15973 47.6343
15985 47.6692
15997 47.7149
16009 47.7701
16021 47.8342
16033 47.9064
16045 47.9853
16057.1 48.0654
16069.1 48.1646
16081.1 48.2803
16093.1 48.4115
16105.1 48.5591
16117.1 48.725
16129.1 48.9127
16141.1 49.1285
16153.2 49.3897
16165.2 49.7292
16177.2 50.0018
16189.2 50.2572
16201.2 50.5101
16213.2 50.7691
16225.2 51.0419
16237.2 51.339
16249.2 51.6789
16261.3 52.1229
16273.3 52.6588
16285.3 52.9954
16297.3 53.2589
16309.3 53.4729
16321.3 53.648
16333.3 53.79
16345.3 53.9025
16357.4 53.9876
16369.4 54.0452
16381.4 54.0795
16393.4 54.0916
16405.4 54.0804
16417.4 54.045
16429.4 53.9835
16441.4 53.8931
16453.5 53.7678
16465.5 53.5934
16477.5 53.3049
16489.5 53.0811
16501.5 52.8938
16513.5 52.7191
16525.5 52.5486
16537.5 52.377
16549.5 52.2005
16561.6 52.0142
16573.6 51.8087
16585.6 51.5636
16597.6 51.356
16609.6 51.1611
16621.6 50.9709
16633.6 50.7814
16645.6 50.5896
16657.7 50.3917
16669.7 50.1822
16681.7 49.9436
16693.7 49.6723
16705.7 49.4643
16717.7 49.2808
16729.7 49.1144
16741.7 48.9627
16753.8 48.8249
16765.8 48.702
16777.8 48.5978
16789.8 48.5334
16801.8 48.4704
16813.8 48.3851
16825.8 48.2957
16837.8 48.2077
16849.8 48.1253
16861.9 48.0536
16873.9 48.0008
16885.9 47.9851
16897.9 48.0953
16909.9 48.0994
16921.9 48.022
16933.9 47.8966
16945.9 47.7337
16958 47.5374
16970 47.3094
16982 47.0488
16994 46.7502
17006 46.3959
17018 46.0497
17030 45.6929
17042 45.3177
17054.1 44.9194
17066.1 44.4928
17078.1 44.0308
17090.1 43.5203
17102.1 42.9224
17114.1 42.2087
17126.1 41.6315
17138.1 41.0928
17150.2 40.5706
17162.2 40.0542
17174.2 39.5353
17186.2 39.0055
17198.2 38.4515
17210.2 37.8247
17222.2 37.1874
17234.2 36.6413
17246.2 36.1276
17258.3 35.6335
17270.3 35.1518
17282.3 34.6769
17294.3 34.2027
17306.3 33.7189
17318.3 33.1809
17330.3 32.6937
17342.3 32.2527
17354.4 31.8385
17366.4 31.4449
17378.4 31.0688
17390.4 30.708
17402.4 30.3611
17414.4 30.0268
17426.4 29.7029
17438.4 29.3949
17450.5 29.1016
17462.5 28.823
17474.5 28.5601
17486.5 28.3149
17498.5 28.0912
17510.5 27.8972
17522.5 27.758
17534.5 27.7035
17546.5 27.538
17558.6 27.3312
17570.6 27.0977
17582.6 26.8428
17594.6 26.5683
17606.6 26.2735
17618.6 25.9546
17630.6 25.5927
17642.6 25.2055
17654.7 24.8576
17666.7 24.517
17678.7 24.1771
17690.7 23.834
17702.7 23.4838
17714.7 23.1215
17726.7 22.7372
17738.7 22.2818
17750.8 21.8665
17762.8 21.496
17774.8 21.1464
17786.8 20.8101
17798.8 20.4829
17810.8 20.1612
17822.8 19.8408
17834.8 19.514
17846.8 19.1535
17858.9 18.84
17870.9 18.5555
17882.9 18.291
17894.9 18.0434
17906.9 17.8113
17918.9 17.5946
17930.9 17.3945
17942.9 17.2158
17955 17.0676
17967 16.9028
17979 16.7372
17991 16.5747
18003 16.4169
18015 16.2653
18027 16.121
18039 15.9863
18051.1 15.8675
18063.1 15.762
18075.1 15.6437
18087.1 15.5248
18099.1 15.4079
18111.1 15.2946
18123.1 15.1862
18135.1 15.0845
18147.1 14.9924
18159.2 14.9246
18171.2 14.8512
18183.2 14.7672
18195.2 14.6809
18207.2 14.5952
18219.2 14.5122
18231.2 14.434
18243.2 14.3637
18255.3 14.3081
18267.3 14.2956
18279.3 14.2464
18291.3 14.1746
18303.3 14.0902
18315.3 13.9966
18327.3 13.8954
18339.3 13.7874
18351.4 13.6728
18363.4 13.5509
18375.4 13.4193
18387.4 13.2892
18399.4 13.1572
18411.4 13.022
18423.4 12.8829
18435.4 12.7388
18447.4 12.5885
18459.5 12.4289
18471.5 12.2507
18483.5 12.0539
18495.5 11.888
18507.5 11.7324
18519.5 11.5827
18531.5 11.4372
18543.5 11.2945
18555.6 11.1536
18567.6 11.0128
18579.6 10.8651
18591.6 10.7236
18603.6 10.5932
18615.6 10.4694
18627.6 10.3513
18639.6 10.2384
18651.7 10.131
18663.7 10.0297
18675.7 9.93648
18687.7 9.86084
18699.7 9.7768
18711.7 9.68779
18723.7 9.59743
18735.7 9.50694
18747.7 9.41695
18759.8 9.32786
18771.8 9.2399
18783.8 9.15287
18795.8 9.06559
18807.8 8.98503
18819.8 8.9101
18831.8 8.84121
18843.8 8.77958
18855.9 8.72726
18867.9 8.68791
18879.9 8.66903
18891.9 8.69518
18903.9 8.77679
18915.9 8.76016
18927.9 8.7052
18939.9 8.62304
18952 8.51752
18964 8.38948
18976 8.23729
18988 8.05497
19000 7.80984
