7000 -20.968
7012.01 -21.031
7024.02 -21.0927
7036.04 -21.1528
7048.05 -21.2114
7060.06 -21.2682
7072.07 -21.3232
7084.08 -21.3761
7096.1 -21.4269
7108.11 -21.4754
7120.12 -21.5213
7132.13 -21.5644
7144.14 -21.6046
7156.16 -21.6414
7168.17 -21.6747
7180.18 -21.7041
7192.19 -21.7292
7204.2 -21.7495
7216.22 -21.7647
7228.23 -21.7742
7240.24 -21.7772
7252.25 -21.7732
7264.26 -21.7613
7276.28 -21.7405
7288.29 -21.7097
7300.3 -21.6675
7312.31 -21.6124
7324.32 -21.5425
7336.34 -21.4554
7348.35 -21.3481
7360.36 -21.2173
7372.37 -21.0581
7384.38 -20.8647
7396.4 -20.629
7408.41 -20.3398
7420.42 -19.9812
7432.43 -19.5284
7444.44 -18.9396
7456.46 -18.1324
7468.47 -16.8746
7480.48 -14.6228
7492.49 -13.6581
7504.5 -13.2944
7516.52 -13.3534
7528.53 -13.7863
7540.54 -14.5959
7552.55 -15.8313
7564.56 -17.6267
7576.58 -20.4717
7588.59 -24.4132
7600.6 -26.6801
7612.61 -28.4014
7624.62 -29.7862
7636.64 -30.9195
7648.65 -31.8409
7660.66 -32.5626
7672.67 -33.0636
7684.68 -33.1357
7696.7 -33.2104
7708.71 -33.5042
7720.72 -33.8598
7732.73 -34.2443
7744.74 -34.6444
7756.76 -35.055
7768.77 -35.475
7780.78 -35.91
7792.79 -36.3957
7804.8 -36.8322
7816.82 -37.23
7828.83 -37.6026
7840.84 -37.9532
7852.85 -38.2828
7864.86 -38.5901
7876.88 -38.8711
7888.89 -39.1131
7900.9 -39.2782
7912.91 -39.5097
7924.92 -39.7685
7936.94 -40.0426
7948.95 -40.3289
7960.96 -40.6272
7972.97 -40.9401
7984.98 -41.2751
7997 -41.6581
8009.01 -42.1042
8021.02 -42.4373
8033.03 -42.7238
8045.05 -42.9757
8057.06 -43.196
8069.07 -43.3842
8081.08 -43.5349
8093.09 -43.6343
8105.11 -43.6122
8117.12 -43.5762
8129.13 -43.6703
8141.14 -43.8155
8153.15 -43.9985
8165.17 -44.2164
8177.18 -44.472
8189.19 -44.7752
8201.2 -45.1541
8213.21 -45.7621
8225.23 -46.2097
8237.24 -46.5155
8249.25 -46.7406
8261.26 -46.9006
8273.27 -46.9988
8285.29 -47.0308
8297.3 -46.981
8309.31 -46.8017
8321.32 -46.3281
8333.33 -46.1251
8345.35 -46.052
8357.36 -46.0567
8369.37 -46.1236
8381.38 -46.2493
8393.39 -46.4397
8405.41 -46.7152
8417.42 -47.1474
8429.43 -47.8142
8441.44 -48.156
8453.45 -48.3726
8465.47 -48.5044
8477.48 -48.5648
8489.49 -48.5569
8501.5 -48.4757
8513.51 -48.3028
8525.53 -47.9547
8537.54 -47.5199
8549.55 -47.2617
8561.56 -47.0492
8573.57 -46.8574
8585.59 -46.6736
8597.6 -46.4885
8609.61 -46.2925
8621.62 -46.0696
8633.63 -45.7477
8645.65 -45.4892
8657.66 -45.2975
8669.67 -45.1391
8681.68 -45.0037
8693.69 -44.886
8705.71 -44.7827
8717.72 -44.6914
8729.73 -44.6106
8741.74 -44.5387
8753.75 -44.475
8765.77 -44.4184
8777.78 -44.3683
8789.79 -44.324
8801.8 -44.2852
8813.81 -44.2513
8825.83 -44.2219
8837.84 -44.1967
8849.85 -44.1754
8861.86 -44.1577
8873.87 -44.1434
8885.89 -44.1323
8897.9 -44.1241
8909.91 -44.1186
8921.92 -44.1157
8933.93 -44.1153
8945.95 -44.1172
8957.96 -44.1212
8969.97 -44.1272
8981.98 -44.1352
8993.99 -44.1449
9006.01 -44.1563
9018.02 -44.1694
9030.03 -44.1839
9042.04 -44.1998
9054.05 -44.2171
9066.07 -44.2356
9078.08 -44.2552
9090.09 -44.276
9102.1 -44.2978
9114.11 -44.3205
9126.13 -44.3441
9138.14 -44.3686
9150.15 -44.3938
9162.16 -44.4198
9174.17 -44.4463
9186.19 -44.4735
9198.2 -44.5012
9210.21 -44.5293
9222.22 -44.5579
9234.23 -44.5869
9246.25 -44.6162
9258.26 -44.6458
9270.27 -44.6756
9282.28 -44.7055
9294.29 -44.7356
9306.31 -44.7657
9318.32 -44.7959
9330.33 -44.8261
9342.34 -44.8562
9354.35 -44.8861
9366.37 -44.9159
9378.38 -44.9455
9390.39 -44.9748
9402.4 -45.0038
9414.41 -45.0325
9426.43 -45.0608
9438.44 -45.0886
9450.45 -45.1159
9462.46 -45.1426
9474.47 -45.1688
9486.49 -45.1943
9498.5 -45.2191
9510.51 -45.2432
9522.52 -45.2664
9534.53 -45.2888
9546.55 -45.3104
9558.56 -45.3309
9570.57 -45.3505
9582.58 -45.369
9594.59 -45.3863
9606.61 -45.4025
9618.62 -45.4175
9630.63 -45.4312
9642.64 -45.4436
9654.65 -45.4546
9666.67 -45.4641
9678.68 -45.4721
9690.69 -45.4785
9702.7 -45.4832
9714.71 -45.4863
9726.73 -45.4876
9738.74 -45.4871
9750.75 -45.4846
9762.76 -45.4803
9774.77 -45.4738
9786.79 -45.4653
9798.8 -45.4546
9810.81 -45.4417
9822.82 -45.4264
9834.83 -45.4087
9846.85 -45.3886
9858.86 -45.3659
9870.87 -45.3407
9882.88 -45.3127
9894.89 -45.2819
9906.91 -45.2482
9918.92 -45.2116
9930.93 -45.172
9942.94 -45.1293
9954.95 -45.0833
9966.97 -45.034
9978.98 -44.9813
9990.99 -44.9252
10003 -44.8655
10015 -44.802
10027 -44.7348
10039 -44.6638
10051.1 -44.5887
10063.1 -44.5096
10075.1 -44.4262
10087.1 -44.3386
10099.1 -44.2465
10111.1 -44.1499
10123.1 -44.0487
10135.1 -43.9428
10147.1 -43.8319
10159.2 -43.7161
10171.2 -43.5951
10183.2 -43.4689
10195.2 -43.3373
10207.2 -43.2003
10219.2 -43.0575
10231.2 -42.909
10243.2 -42.7546
10255.3 -42.5942
10267.3 -42.4275
10279.3 -42.2545
10291.3 -42.075
10303.3 -41.8888
10315.3 -41.6958
10327.3 -41.4958
10339.3 -41.2887
10351.4 -41.0743
10363.4 -40.8523
10375.4 -40.6226
10387.4 -40.3851
10399.4 -40.1395
10411.4 -39.8856
10423.4 -39.6232
10435.4 -39.3521
10447.4 -39.072
10459.5 -38.7828
10471.5 -38.4841
10483.5 -38.1757
10495.5 -37.8573
10507.5 -37.5286
10519.5 -37.1893
10531.5 -36.839
10543.5 -36.4774
10555.6 -36.1041
10567.6 -35.7186
10579.6 -35.3205
10591.6 -34.9092
10603.6 -34.484
10615.6 -34.0445
10627.6 -33.5897
10639.6 -33.1188
10651.7 -32.6307
10663.7 -32.1243
10675.7 -31.5981
10687.7 -31.0503
10699.7 -30.4786
10711.7 -29.88
10723.7 -29.2508
10735.7 -28.5855
10747.7 -27.876
10759.8 -27.1091
10771.8 -26.2599
10783.8 -25.2612
10795.8 -23.9312
10807.8 -22.9568
10819.8 -22.1412
10831.8 -21.4235
10843.8 -20.7829
10855.9 -20.2115
10867.9 -19.7101
10879.9 -19.2905
10891.9 -19.0035
10903.9 -18.8703
10915.9 -18.5547
10927.9 -18.1877
10939.9 -17.7947
10952 -17.3867
10964 -16.97
10976 -16.5494
10988 -16.1296
11000 -15.7226
11012 -15.3142
11024 -14.8901
11036 -14.4618
11048 -14.0333
11060.1 -13.6082
11072.1 -13.1902
11084.1 -12.785
11096.1 -12.4044
11108.1 -12.1025
11120.1 -11.7468
11132.1 -11.3475
11144.1 -10.9279
11156.2 -10.4964
11168.2 -10.0588
11180.2 -9.62033
11192.2 -9.18842
11204.2 -8.7785
11216.2 -8.43575
11228.2 -8.01063
11240.2 -7.54422
11252.3 -7.05252
11264.3 -6.54248
11276.3 -6.01885
11288.3 -5.48612
11300.3 -4.95051
11312.3 -4.42769
11324.3 -3.93235
11336.3 -3.35834
11348.3 -2.74467
11360.4 -2.09883
11372.4 -1.42264
11384.4 -0.714912
11396.4 0.0290372
11408.4 0.821574
11420.4 1.71766
11432.4 2.65386
11444.4 3.46601
11456.5 4.23521
11468.5 4.97504
11480.5 5.69017
11492.5 6.38121
11504.5 7.04503
11516.5 7.67094
11528.5 8.19638
11540.5 8.77318
11552.6 9.4021
11564.6 10.055
11576.6 10.7238
11588.6 11.4047
11600.6 12.0955
11612.6 12.7955
11624.6 13.5047
11636.6 14.2272
11648.6 14.9487
11660.7 15.6724
11672.7 16.4002
11684.7 17.1334
11696.7 17.8736
11708.7 18.6237
11720.7 19.3896
11732.7 20.1887
11744.7 21.0457
11756.8 21.8182
11768.8 22.5556
11780.8 23.2688
11792.8 23.9617
11804.8 24.636
11816.8 25.2917
11828.8 25.9269
11840.8 26.5317
11852.9 27.1136
11864.9 27.7123
11876.9 28.3093
11888.9 28.9013
11900.9 29.4862
11912.9 30.0629
11924.9 30.6296
11936.9 31.1839
11948.9 31.7133
11961 32.2441
11973 32.7791
11985 33.3117
11997 33.8399
12009 34.3623
12021 34.8778
12033 35.3844
12045 35.8783
12057.1 36.3426
12069.1 36.8281
12081.1 37.3256
12093.1 37.8304
12105.1 38.3427
12117.1 38.8642
12129.1 39.4
12141.1 39.9604
12153.2 40.5769
12165.2 41.312
12177.2 41.871
12189.2 42.3474
12201.2 42.7626
12213.2 43.1222
12225.2 43.425
12237.2 43.6628
12249.2 43.8148
12261.3 43.8023
12273.3 43.6439
12285.3 43.731
12297.3 43.8973
12309.3 44.113
12321.3 44.3666
12333.3 44.6535
12345.3 44.9741
12357.4 45.3368
12369.4 45.8015
12381.4 46.238
12393.4 46.6097
12405.4 46.9532
12417.4 47.2768
12429.4 47.583
12441.4 47.8716
12453.5 48.1389
12465.5 48.3733
12477.5 48.5155
12489.5 48.7349
12501.5 49.0077
12513.5 49.3141
12525.5 49.6502
12537.5 50.0169
12549.5 50.4194
12561.6 50.8703
12573.6 51.4062
12585.6 52.1161
12597.6 52.6381
12609.6 53.0819
12621.6 53.4791
12633.6 53.8418
12645.6 54.1759
12657.7 54.4839
12669.7 54.7654
12681.7 55.0107
12693.7 55.2194
12705.7 55.4638
12717.7 55.7176
12729.7 55.9778
12741.7 56.2451
12753.8 56.5229
12765.8 56.8178
12777.8 57.1455
12789.8 57.5884
12801.8 57.9961
12813.8 58.2744
12825.8 58.4889
12837.8 58.6528
12849.8 58.7702
12861.9 58.84
12873.9 58.8554
12885.9 58.7954
12897.9 58.5505
12909.9 58.4128
12921.9 58.3525
12933.9 58.3278
12945.9 58.3266
12958 58.344
12970 58.3786
12982 58.4332
12994 58.5191
13006 58.6736
13018 58.7578
13030 58.8093
13042 58.8406
13054.1 58.8564
13066.1 58.8592
13078.1 58.851
13090.1 58.8339
13102.1 58.8142
13114.1 58.7958
13126.1 58.7361
13138.1 58.6498
13150.2 58.5382
13162.2 58.4
13174.2 58.2316
13186.2 58.0263
13198.2 57.7688
13210.2 57.3932
13222.2 56.99
13234.2 56.7051
13246.2 56.457
13258.3 56.2291
13270.3 56.0127
13282.3 55.8017
13294.3 55.5897
13306.3 55.3669
13318.3 55.0907
13330.3 54.8605
13342.3 54.6715
13354.4 54.5054
13366.4 54.356
13378.4 54.2198
13390.4 54.0937
13402.4 53.9745
13414.4 53.8556
13426.4 53.7157
13438.4 53.624
13450.5 53.5642
13462.5 53.5302
13474.5 53.5209
13486.5 53.5377
13498.5 53.5842
13510.5 53.6685
13522.5 53.8156
13534.5 54.0554
13546.5 54.1983
13558.6 54.3135
13570.6 54.4173
13582.6 54.5176
13594.6 54.62
13606.6 54.7308
13618.6 54.8597
13630.6 55.0394
13642.6 55.2426
13654.7 55.3646
13666.7 55.4573
13678.7 55.5308
13690.7 55.5903
13702.7 55.6392
13714.7 55.6805
13726.7 55.7184
13738.7 55.7687
13750.8 55.7978
13762.8 55.8048
13774.8 55.7971
13786.8 55.7772
13798.8 55.7465
13810.8 55.7059
13822.8 55.6563
13834.8 55.5989
13846.8 55.5375
13858.9 55.4608
13870.9 55.3709
13882.9 55.269
13894.9 55.1548
13906.9 55.028
13918.9 54.8871
13930.9 54.7298
13942.9 54.5489
13955 54.3323
13967 54.1389
13979 53.9484
13991 53.7553
14003 53.5572
14015 53.3521
14027 53.1382
14039 52.9135
14051.1 52.6737
14063.1 52.4187
14075.1 52.1594
14087.1 51.8879
14099.1 51.6003
14111.1 51.2918
14123.1 50.956
14135.1 50.5819
14147.1 50.1455
14159.2 49.5192
14171.2 48.9752
14183.2 48.5639
14195.2 48.2137
14207.2 47.9053
14219.2 47.6294
14231.2 47.3806
14243.2 47.1554
14255.3 46.951
14267.3 46.7646
14279.3 46.5998
14291.3 46.4555
14303.3 46.3312
14315.3 46.2276
14327.3 46.1462
14339.3 46.0902
14351.4 46.0659
14363.4 46.0919
14375.4 46.2083
14387.4 46.2428
14399.4 46.2501
14411.4 46.2457
14423.4 46.2361
14435.4 46.2259
14447.4 46.219
14459.5 46.2214
14471.5 46.2487
14483.5 46.3019
14495.5 46.3031
14507.5 46.2858
14519.5 46.2568
14531.5 46.2199
14543.5 46.1777
14555.6 46.1331
14567.6 46.0913
14579.6 46.076
14591.6 46.0414
14603.6 45.9696
14615.6 45.8765
14627.6 45.7658
14639.6 45.6389
14651.7 45.4966
14663.7 45.3387
14675.7 45.1647
14687.7 44.9728
14699.7 44.7654
14711.7 44.5409
14723.7 44.297
14735.7 44.0309
14747.7 43.7388
14759.8 43.4149
14771.8 43.0486
14783.8 42.6129
14795.8 42.0364
14807.8 41.5812
14819.8 41.169
14831.8 40.773
14843.8 40.3804
14855.9 39.9809
14867.9 39.5628
14879.9 39.1072
14891.9 38.5587
14903.9 37.8927
14915.9 37.4389
14927.9 37.0659
14939.9 36.7475
14952 36.4727
14964 36.2356
14976 36.0337
14988 35.8671
15000 35.749
15012 35.6543
15024 35.5584
15036 35.4761
15048 35.4107
15060.1 35.365
15072.1 35.3421
15084.1 35.3472
15096.1 35.3921
15108.1 35.5342
15120.1 35.6303
15132.1 35.6912
15144.1 35.7411
15156.2 35.7887
15168.2 35.8397
15180.2 35.8999
15192.2 35.9772
15204.2 36.0898
15216.2 36.2919
15228.2 36.4006
15240.2 36.4651
15252.3 36.5043
15264.3 36.5256
15276.3 36.5339
15288.3 36.5327
15300.3 36.5266
15312.3 36.5253
15324.3 36.5379
15336.3 36.5046
15348.3 36.4486
15360.4 36.3757
15372.4 36.2889
15384.4 36.1909
15396.4 36.0849
15408.4 35.9773
15420.4 35.8933
15432.4 35.8036
15444.4 35.6326
15456.5 35.416
15468.5 35.1579
15480.5 34.8574
15492.5 34.5092
15504.5 34.102
15516.5 33.6078
15528.5 32.8756
15540.5 32.267
15552.6 31.7829
15564.6 31.3552
15576.6 30.9637
15588.6 30.5982
15600.6 30.2516
15612.6 29.9174
15624.6 29.5843
15636.6 29.2159
15648.6 28.9271
15660.7 28.6928
15672.7 28.5031
15684.7 28.3572
15696.7 28.2582
15708.7 28.2139
15720.7 28.2401
15732.7 28.3834
15744.7 28.7095
15756.8 28.8567
15768.8 28.9553
15780.8 29.0389
15792.8 29.1248
15804.8 29.2273
15816.8 29.3632
15828.8 29.5603
15840.8 29.9098
15852.9 30.3536
15864.9 30.5609
15876.9 30.6904
15888.9 30.7741
15900.9 30.8292
15912.9 30.8684
15924.9 30.9049
15936.9 30.9588
15948.9 31.1177
15961 31.1993
15973 31.1843
15985 31.1191
15997 31.0185
16009 30.8915
16021 30.7452
16033 30.5878
16045 30.4338
16057.1 30.3352
16069.1 30.1438
16081.1 29.8899
16093.1 29.5905
16105.1 29.2508
16117.1 28.8715
16129.1 28.4502
16141.1 27.9796
16153.2 27.4353
16165.2 26.7687
16177.2 26.2032
16189.2 25.6647
16201.2 25.1327
16213.2 24.5967
16225.2 24.0476
16237.2 23.4743
16249.2 22.856
16261.3 22.1249
16273.3 21.2953
16285.3 20.696
16297.3 20.1867
16309.3 19.7425
16321.3 19.3546
16333.3 19.0206
16345.3 18.7439
16357.4 18.5385
16369.4 18.4919
16381.4 18.4194
16393.4 18.2704
16405.4 18.0998
16417.4 17.9219
16429.4 17.7449
16441.4 17.5751
16453.5 17.4203
16465.5 17.2955
16477.5 17.2631
16489.5 17.1535
16501.5 16.9933
16513.5 16.8051
16525.5 16.5964
16537.5 16.3708
16549.5 16.1303
16561.6 15.8762
16573.6 15.6089
16585.6 15.3281
16597.6 15.0357
16609.6 14.7308
16621.6 14.4125
16633.6 14.0798
16645.6 13.7312
16657.7 13.3643
16669.7 12.9749
16681.7 12.5508
16693.7 12.0884
16705.7 11.6504
16717.7 11.2089
16729.7 10.7562
16741.7 10.2869
16753.8 9.79474
16765.8 9.271
16777.8 8.69875
16789.8 7.99781
16801.8 7.30798
16813.8 6.71543
16825.8 6.15438
16837.8 5.60739
16849.8 5.06373
16861.9 4.51361
16873.9 3.94448
16885.9 3.33175
16897.9 2.56594
16909.9 1.92731
16921.9 1.38455
16933.9 0.89515
16945.9 0.445159
16958 0.0276111
16970 -0.361311
16982 -0.723188
16994 -1.05606
17006 -1.34915
17018 -1.64856
17030 -1.94273
17042 -2.22797
17054.1 -2.50279
17066.1 -2.76592
17078.1 -3.01543
17090.1 -3.24726
17102.1 -3.44789
17114.1 -3.60766
17126.1 -3.82215
17138.1 -4.05607
17150.2 -4.30296
17162.2 -4.56099
17174.2 -4.83023
17186.2 -5.11239
17198.2 -5.41215
17210.2 -5.75076
17222.2 -6.09936
17234.2 -6.41129
17246.2 -6.71333
17258.3 -7.01154
17270.3 -7.30968
17282.3 -7.61121
17294.3 -7.92055
17306.3 -8.24605
17318.3 -8.62624
17330.3 -8.97001
17342.3 -9.2817
17354.4 -9.57849
17366.4 -9.86661
17378.4 -10.1503
17390.4 -10.4336
17402.4 -10.7222
17414.4 -11.0279
17426.4 -11.3892
17438.4 -11.684
17450.5 -11.9432
17462.5 -12.18
17474.5 -12.3999
17486.5 -12.6059
17498.5 -12.8008
17510.5 -12.9875
17522.5 -13.1723
17534.5 -13.3625
17546.5 -13.515
17558.6 -13.6453
17570.6 -13.7567
17582.6 -13.8498
17594.6 -13.9241
17606.6 -13.9777
17618.6 -14.0058
17630.6 -13.9878
17642.6 -13.9426
17654.7 -13.94
17666.7 -13.9461
17678.7 -13.9549
17690.7 -13.9631
17702.7 -13.9687
17714.7 -13.9701
17726.7 -13.9645
17738.7 -13.9419
17750.8 -13.9241
17762.8 -13.9116
17774.8 -13.8996
17786.8 -13.8861
17798.8 -13.8701
17810.8 -13.8502
17822.8 -13.825
17834.8 -13.791
17846.8 -13.7361
17858.9 -13.6968
17870.9 -13.6649
17882.9 -13.6364
17894.9 -13.6098
17906.9 -13.5842
17918.9 -13.5593
17930.9 -13.5348
17942.9 -13.5108
17955 -13.4875
17967 -13.4634
17979 -13.4391
17991 -13.4152
18003 -13.3921
18015 -13.3708
18027 -13.3531
18039 -13.3425
18051.1 -13.3526
18063.1 -13.3764
18075.1 -13.3544
18087.1 -13.3127
18099.1 -13.2557
18111.1 -13.1848
18123.1 -13.1002
18135.1 -13.0009
18147.1 -12.8839
18159.2 -12.7319
18171.2 -12.5816
18183.2 -12.4394
18195.2 -12.2951
18207.2 -12.1449
18219.2 -11.9863
18231.2 -11.8161
18243.2 -11.6298
18255.3 -11.4169
18267.3 -11.135
18279.3 -10.9031
18291.3 -10.6997
18303.3 -10.5095
18315.3 -10.3267
18327.3 -10.1478
18339.3 -9.96996
18351.4 -9.79008
18363.4 -9.60174
18375.4 -9.39243
18387.4 -9.21203
18399.4 -9.04407
18411.4 -8.88367
18423.4 -8.72864
18435.4 -8.57757
18447.4 -8.42928
18459.5 -8.2825
18471.5 -8.13452
18483.5 -7.98495
18495.5 -7.84524
18507.5 -7.71022
18519.5 -7.57878
18531.5 -7.45037
18543.5 -7.32477
18555.6 -7.20199
18567.6 -7.08267
18579.6 -6.97175
18591.6 -6.85843
18603.6 -6.73827
18615.6 -6.61441
18627.6 -6.48714
18639.6 -6.3561
18651.7 -6.22039
18663.7 -6.07816
18675.7 -5.92495
18687.7 -5.73992
18699.7 -5.57905
18711.7 -5.43492
18723.7 -5.29979
18735.7 -5.17118
18747.7 -5.04801
18759.8 -4.92995
18771.8 -4.81749
18783.8 -4.7133
18795.8 -4.62581
18807.8 -4.52042
18819.8 -4.40626
18831.8 -4.2856
18843.8 -4.15853
18855.9 -4.02408
18867.9 -3.88012
18879.9 -3.72195
18891.9 -3.53416
18903.9 -3.31009
18915.9 -3.14505
18927.9 -3.00137
18939.9 -2.87156
18952 -2.75246
18964 -2.6423
18976 -2.54002
18988 -2.44489
19000 -2.35618
