7000 14.049
7012.01 13.4192
7024.02 12.7481
7036.04 12.0345
7048.05 11.2772
7060.06 10.4751
7072.07 9.62699
7084.08 8.73181
7096.1 7.78855
7108.11 6.79625
7120.12 5.75405
7132.13 4.66116
7144.14 3.51686
7156.16 2.32056
7168.17 1.07177
7180.18 -0.229903
7192.19 -1.58472
7204.2 -2.99281
7216.22 -4.4542
7228.23 -5.96875
7240.24 -7.53622
7252.25 -9.15624
7264.26 -10.8283
7276.28 -12.5517
7288.29 -14.3259
7300.3 -16.1499
7312.31 -18.023
7324.32 -19.9442
7336.34 -21.9127
7348.35 -23.9278
7360.36 -25.9888
7372.37 -28.0956
7384.38 -30.2483
7396.4 -32.4483
7408.41 -34.6979
7420.42 -37.0019
7432.43 -39.369
7444.44 -41.8157
7456.46 -44.3773
7468.47 -47.1576
7480.48 -50.4032
7492.49 -53.0697
7504.5 -55.4701
7516.52 -57.6859
7528.53 -59.7416
7540.54 -61.6407
7552.55 -63.3719
7564.56 -64.9006
7576.58 -66.101
7588.59 -66.9583
7600.6 -68.1667
7612.61 -69.4363
7624.62 -70.7078
7636.64 -71.9509
7648.65 -73.1428
7660.66 -74.2595
7672.67 -75.264
7684.68 -75.994
7696.7 -76.7376
7708.71 -77.6349
7720.72 -78.567
7732.73 -79.5023
7744.74 -80.4232
7756.76 -81.3161
7768.77 -82.1663
7780.78 -82.9498
7792.79 -83.5684
7804.8 -84.2709
7816.82 -85.0264
7828.83 -85.7977
7840.84 -86.5727
7852.85 -87.3455
7864.86 -88.1133
7876.88 -88.8753
7888.89 -89.6342
7900.9 -90.4003
7912.91 -91.133
7924.92 -91.8441
7936.94 -92.5378
7948.95 -93.2165
7960.96 -93.8824
7972.97 -94.5378
7984.98 -95.1859
7997 -95.8342
8009.01 -96.4878
8021.02 -97.1115
8033.03 -97.722
8045.05 -98.3247
8057.06 -98.9243
8069.07 -99.5257
8081.08 -100.136
8093.09 -100.767
8105.11 -101.468
8117.12 -102.173
8129.13 -102.792
8141.14 -103.38
8153.15 -103.951
8165.17 -104.515
8177.18 -105.081
8189.19 -105.659
8201.2 -106.271
8213.21 -107.02
8225.23 -107.66
8237.24 -108.207
8249.25 -108.704
8261.26 -109.164
8273.27 -109.595
8285.29 -110.001
8297.3 -110.387
8309.31 -110.752
8321.32 -111.095
8333.33 -111.438
8345.35 -111.779
8357.36 -112.119
8369.37 -112.46
8381.38 -112.806
8393.39 -113.162
8405.41 -113.539
8417.42 -113.966
8429.43 -114.472
8441.44 -114.857
8453.45 -115.196
8465.47 -115.506
8477.48 -115.797
8489.49 -116.075
8501.5 -116.346
8513.51 -116.621
8525.53 -116.936
8537.54 -117.256
8549.55 -117.473
8561.56 -117.64
8573.57 -117.767
8585.59 -117.855
8597.6 -117.904
8609.61 -117.909
8621.62 -117.854
8633.63 -117.655
8645.65 -117.514
8657.66 -117.439
8669.67 -117.389
8681.68 -117.354
8693.69 -117.327
8705.71 -117.307
8717.72 -117.29
8729.73 -117.277
8741.74 -117.265
8753.75 -117.255
8765.77 -117.245
8777.78 -117.236
8789.79 -117.227
8801.8 -117.218
8813.81 -117.208
8825.83 -117.199
8837.84 -117.189
8849.85 -117.178
8861.86 -117.167
8873.87 -117.155
8885.89 -117.142
8897.9 -117.129
8909.91 -117.115
8921.92 -117.1
8933.93 -117.085
8945.95 -117.068
8957.96 -117.051
8969.97 -117.033
8981.98 -117.014
8993.99 -116.994
9006.01 -116.973
9018.02 -116.951
9030.03 -116.928
9042.04 -116.904
9054.05 -116.88
9066.07 -116.854
9078.08 -116.827
9090.09 -116.799
9102.1 -116.769
9114.11 -116.739
9126.13 -116.708
9138.14 -116.675
9150.15 -116.641
9162.16 -116.606
9174.17 -116.569
9186.19 -116.531
9198.2 -116.492
9210.21 -116.451
9222.22 -116.409
9234.23 -116.365
9246.25 -116.32
9258.26 -116.273
9270.27 -116.224
9282.28 -116.173
9294.29 -116.121
9306.31 -116.067
9318.32 -116.011
9330.33 -115.954
9342.34 -115.894
9354.35 -115.832
9366.37 -115.768
9378.38 -115.702
9390.39 -115.633
9402.4 -115.562
9414.41 -115.489
9426.43 -115.414
9438.44 -115.336
9450.45 -115.255
9462.46 -115.172
9474.47 -115.086
9486.49 -114.997
9498.5 -114.905
9510.51 -114.811
9522.52 -114.713
9534.53 -114.612
9546.55 -114.508
9558.56 -114.401
9570.57 -114.29
9582.58 -114.176
9594.59 -114.058
9606.61 -113.937
9618.62 -113.812
9630.63 -113.683
9642.64 -113.55
9654.65 -113.414
9666.67 -113.273
9678.68 -113.128
9690.69 -112.979
9702.7 -112.825
9714.71 -112.667
9726.73 -112.504
9738.74 -112.336
9750.75 -112.164
9762.76 -111.987
9774.77 -111.805
9786.79 -111.617
9798.8 -111.425
9810.81 -111.227
9822.82 -111.023
9834.83 -110.814
9846.85 -110.599
9858.86 -110.379
9870.87 -110.152
9882.88 -109.92
9894.89 -109.681
9906.91 -109.436
9918.92 -109.184
9930.93 -108.926
9942.94 -108.661
9954.95 -108.39
9966.97 -108.111
9978.98 -107.825
9990.99 -107.532
10003 -107.232
10015 -106.924
10027 -106.609
10039 -106.286
10051.1 -105.955
10063.1 -105.615
10075.1 -105.268
10087.1 -104.912
10099.1 -104.548
10111.1 -104.175
10123.1 -103.793
10135.1 -103.402
10147.1 -103.003
10159.2 -102.593
10171.2 -102.175
10183.2 -101.747
10195.2 -101.309
10207.2 -100.861
10219.2 -100.403
10231.2 -99.9343
10243.2 -99.4554
10255.3 -98.966
10267.3 -98.4657
10279.3 -97.9543
10291.3 -97.4318
10303.3 -96.8978
10315.3 -96.3522
10327.3 -95.7949
10339.3 -95.2254
10351.4 -94.6437
10363.4 -94.0496
10375.4 -93.4427
10387.4 -92.8229
10399.4 -92.1898
10411.4 -91.5433
10423.4 -90.883
10435.4 -90.2087
10447.4 -89.52
10459.5 -88.8166
10471.5 -88.0982
10483.5 -87.3644
10495.5 -86.6148
10507.5 -85.849
10519.5 -85.0666
10531.5 -84.2669
10543.5 -83.4495
10555.6 -82.6138
10567.6 -81.759
10579.6 -80.8845
10591.6 -79.9894
10603.6 -79.0727
10615.6 -78.1333
10627.6 -77.1701
10639.6 -76.1813
10651.7 -75.1655
10663.7 -74.1203
10675.7 -73.0434
10687.7 -71.9315
10699.7 -70.7806
10711.7 -69.5856
10723.7 -68.3395
10735.7 -67.0324
10747.7 -65.6498
10759.8 -64.1679
10771.8 -62.5411
10783.8 -60.6474
10795.8 -58.1557
10807.8 -56.3167
10819.8 -54.7718
10831.8 -53.4105
10843.8 -52.1943
10855.9 -51.1088
10867.9 -50.1542
10879.9 -49.3503
10891.9 -48.7828
10903.9 -48.4879
10915.9 -47.8969
10927.9 -47.2319
10939.9 -46.5368
10952 -45.8312
10964 -45.1279
10976 -44.438
10988 -43.7765
11000 -43.1969
11012 -42.622
11024 -41.9741
11036 -41.3058
11048 -40.6308
11060.1 -39.958
11072.1 -39.2958
11084.1 -38.6545
11096.1 -38.054
11108.1 -37.5819
11120.1 -37.0266
11132.1 -36.4053
11144.1 -35.7557
11156.2 -35.0924
11168.2 -34.4254
11180.2 -33.765
11192.2 -33.1257
11204.2 -32.5396
11216.2 -32.1016
11228.2 -31.4938
11240.2 -30.8024
11252.3 -30.0605
11264.3 -29.2817
11276.3 -28.4744
11288.3 -27.646
11300.3 -26.8055
11312.3 -25.9739
11324.3 -25.1709
11336.3 -24.2546
11348.3 -23.2762
11360.4 -22.2447
11372.4 -21.1607
11384.4 -20.0198
11396.4 -18.8106
11408.4 -17.5053
11420.4 -15.9848
11432.4 -14.3851
11444.4 -13.0596
11456.5 -11.8329
11468.5 -10.6757
11480.5 -9.5775
11492.5 -8.53711
11504.5 -7.56171
11516.5 -6.67586
11528.5 -6.02412
11540.5 -5.25485
11552.6 -4.3661
11564.6 -3.42275
11576.6 -2.44347
11588.6 -1.43705
11600.6 -0.408441
11612.6 0.639414
11624.6 1.70468
11636.6 2.78608
11648.6 3.88477
11660.7 5.00094
11672.7 6.13577
11684.7 7.29155
11696.7 8.47232
11708.7 9.68532
11720.7 10.9453
11732.7 12.2967
11744.7 13.8023
11756.8 15.102
11768.8 16.3208
11780.8 17.4867
11792.8 18.6099
11804.8 19.6944
11816.8 20.7402
11828.8 21.7418
11840.8 22.6702
11852.9 23.5482
11864.9 24.4928
11876.9 25.4505
11888.9 26.4119
11900.9 27.3728
11912.9 28.3307
11924.9 29.2839
11936.9 30.2303
11948.9 31.1646
11961 32.0963
11973 33.0261
11985 33.9504
11997 34.8675
12009 35.7752
12021 36.6703
12033 37.5465
12045 38.3877
12057.1 39.1249
12069.1 39.9693
12081.1 40.8822
12093.1 41.8434
12105.1 42.8505
12117.1 43.9084
12129.1 45.03
12141.1 46.244
12153.2 47.636
12165.2 49.375
12177.2 50.6713
12189.2 51.778
12201.2 52.7563
12213.2 53.6254
12225.2 54.3886
12237.2 55.0353
12249.2 55.5312
12261.3 55.7392
12273.3 55.6943
12285.3 56.0952
12297.3 56.6487
12309.3 57.3053
12321.3 58.0486
12333.3 58.8766
12345.3 59.8
12357.4 60.854
12369.4 62.251
12381.4 63.5471
12393.4 64.6213
12405.4 65.6053
12417.4 66.5336
12429.4 67.4244
12441.4 68.2905
12453.5 69.1448
12465.5 70.0084
12477.5 70.9609
12489.5 71.7935
12501.5 72.5409
12513.5 73.2323
12525.5 73.8787
12537.5 74.4863
12549.5 75.06
12561.6 75.6052
12573.6 76.1319
12585.6 76.6623
12597.6 77.1096
12609.6 77.4999
12621.6 77.8395
12633.6 78.1294
12645.6 78.3676
12657.7 78.549
12669.7 78.6614
12681.7 78.664
12693.7 78.5476
12705.7 78.5486
12717.7 78.5705
12729.7 78.5942
12741.7 78.6108
12753.8 78.6149
12765.8 78.6021
12777.8 78.5686
12789.8 78.5068
12801.8 78.4217
12813.8 78.3145
12825.8 78.1778
12837.8 78.0055
12849.8 77.7898
12861.9 77.5195
12873.9 77.1749
12885.9 76.7104
12897.9 75.9095
12909.9 75.3366
12921.9 74.9309
12933.9 74.6088
12945.9 74.3434
12958 74.1217
12970 73.9368
12982 73.7857
12994 73.6712
13006 73.6106
13018 73.5299
13030 73.4474
13042 73.369
13054.1 73.2967
13066.1 73.2318
13078.1 73.1764
13090.1 73.1344
13102.1 73.1196
13114.1 73.1415
13126.1 73.1005
13138.1 73.0322
13150.2 72.942
13162.2 72.8297
13174.2 72.6919
13186.2 72.5205
13198.2 72.2969
13210.2 71.9354
13222.2 71.5565
13234.2 71.3547
13246.2 71.2249
13258.3 71.1488
13270.3 71.1198
13282.3 71.1374
13294.3 71.2063
13306.3 71.3431
13318.3 71.6402
13330.3 71.868
13342.3 72.0347
13354.4 72.1812
13366.4 72.3211
13378.4 72.4629
13390.4 72.6149
13402.4 72.7881
13414.4 73.0074
13426.4 73.3544
13438.4 73.5657
13450.5 73.7064
13462.5 73.8035
13474.5 73.8667
13486.5 73.8998
13498.5 73.9043
13510.5 73.8778
13522.5 73.8089
13534.5 73.6833
13546.5 73.6013
13558.6 73.5276
13570.6 73.4549
13582.6 73.3802
13594.6 73.3021
13606.6 73.22
13618.6 73.1341
13630.6 73.0474
13642.6 72.9555
13654.7 72.8434
13666.7 72.7165
13678.7 72.5745
13690.7 72.4155
13702.7 72.2364
13714.7 72.0315
13726.7 71.7877
13738.7 71.4363
13750.8 71.1348
13762.8 70.8899
13774.8 70.6682
13786.8 70.4595
13798.8 70.2578
13810.8 70.0582
13822.8 69.8551
13834.8 69.6377
13846.8 69.3692
13858.9 69.1578
13870.9 68.9789
13882.9 68.8197
13894.9 68.6749
13906.9 68.5411
13918.9 68.4156
13930.9 68.2944
13942.9 68.1688
13955 68.0244
13967 67.931
13979 67.8651
13991 67.8211
14003 67.7971
14015 67.7925
14027 67.8078
14039 67.8441
14051.1 67.9063
14063.1 67.9932
14075.1 68.0889
14087.1 68.2032
14099.1 68.3407
14111.1 68.5062
14123.1 68.7069
14135.1 68.9549
14147.1 69.2767
14159.2 69.8139
14171.2 70.2646
14183.2 70.573
14195.2 70.8187
14207.2 71.0233
14219.2 71.1977
14231.2 71.3487
14243.2 71.4817
14255.3 71.6029
14267.3 71.7308
14279.3 71.8192
14291.3 71.8768
14303.3 71.9097
14315.3 71.9194
14327.3 71.9055
14339.3 71.8661
14351.4 71.796
14363.4 71.6798
14375.4 71.4829
14387.4 71.3545
14399.4 71.2476
14411.4 71.1491
14423.4 71.0537
14435.4 70.9582
14447.4 70.8598
14459.5 70.7557
14471.5 70.6395
14483.5 70.51
14495.5 70.3943
14507.5 70.2796
14519.5 70.1622
14531.5 70.0395
14543.5 69.9083
14555.6 69.7644
14567.6 69.599
14579.6 69.3692
14591.6 69.1571
14603.6 68.9941
14615.6 68.8503
14627.6 68.7173
14639.6 68.5899
14651.7 68.463
14663.7 68.3299
14675.7 68.1767
14687.7 67.9404
14699.7 67.7891
14711.7 67.7009
14723.7 67.6529
14735.7 67.6386
14747.7 67.6558
14759.8 67.705
14771.8 67.7898
14783.8 67.9222
14795.8 68.1363
14807.8 68.3051
14819.8 68.4665
14831.8 68.6338
14843.8 68.8143
14855.9 69.0143
14867.9 69.2425
14879.9 69.5142
14891.9 69.8759
14903.9 70.3483
14915.9 70.6486
14927.9 70.889
14939.9 71.0918
14952 71.2667
14964 71.4189
14976 71.5515
14988 71.6661
15000 71.761
15012 71.8423
15024 71.916
15036 71.979
15048 72.0306
15060.1 72.07
15072.1 72.0959
15084.1 72.1056
15096.1 72.093
15108.1 72.0279
15120.1 71.986
15132.1 71.9616
15144.1 71.9418
15156.2 71.9218
15168.2 71.8983
15180.2 71.8677
15192.2 71.825
15204.2 71.7583
15216.2 71.6316
15228.2 71.5661
15240.2 71.5291
15252.3 71.5081
15264.3 71.4979
15276.3 71.4953
15288.3 71.4974
15300.3 71.5004
15312.3 71.4952
15324.3 71.4733
15336.3 71.4937
15348.3 71.5339
15360.4 71.5888
15372.4 71.6557
15384.4 71.7326
15396.4 71.817
15408.4 71.9045
15420.4 71.9766
15432.4 72.0552
15444.4 72.1964
15456.5 72.3742
15468.5 72.5861
15480.5 72.8335
15492.5 73.121
15504.5 73.4581
15516.5 73.8677
15528.5 74.4696
15540.5 74.9793
15552.6 75.3973
15564.6 75.7786
15576.6 76.1407
15588.6 76.494
15600.6 76.8472
15612.6 77.211
15624.6 77.6063
15636.6 78.1041
15648.6 78.4863
15660.7 78.8042
15672.7 79.0816
15684.7 79.3268
15696.7 79.5435
15708.7 79.7327
15720.7 79.8927
15732.7 80.0141
15744.7 80.0826
15756.8 80.1841
15768.8 80.2887
15780.8 80.3889
15792.8 80.4808
15804.8 80.5608
15816.8 80.6242
15828.8 80.6617
15840.8 80.6402
15852.9 80.5828
15864.9 80.615
15876.9 80.6785
15888.9 80.7626
15900.9 80.8626
15912.9 80.9761
15924.9 81.1015
15936.9 81.2378
15948.9 81.3841
15961 81.541
15973 81.7085
15985 81.8867
15997 82.0758
16009 82.2764
16021 82.4892
16033 82.7156
16045 82.9577
16057.1 83.2227
16069.1 83.4939
16081.1 83.7765
16093.1 84.0748
16105.1 84.3923
16117.1 84.7335
16129.1 85.105
16141.1 85.5185
16153.2 86.0047
16165.2 86.6227
16177.2 87.1114
16189.2 87.5593
16201.2 87.9917
16213.2 88.4218
16225.2 88.861
16237.2 89.323
16249.2 89.8312
16261.3 90.4606
16273.3 91.1968
16285.3 91.6866
16297.3 92.0833
16309.3 92.4161
16321.3 92.6978
16333.3 92.9355
16345.3 93.1333
16357.4 93.293
16369.4 93.4085
16381.4 93.4982
16393.4 93.5674
16405.4 93.6115
16417.4 93.6291
16429.4 93.6185
16441.4 93.5773
16453.5 93.5008
16465.5 93.3774
16477.5 93.1552
16489.5 92.9777
16501.5 92.8226
16513.5 92.6705
16525.5 92.5143
16537.5 92.3498
16549.5 92.1733
16561.6 91.98
16573.6 91.7596
16585.6 91.4888
16597.6 91.2579
16609.6 91.0387
16621.6 90.8225
16633.6 90.6056
16645.6 90.3858
16657.7 90.1611
16669.7 89.9289
16681.7 89.6831
16693.7 89.4222
16705.7 89.1784
16717.7 88.9385
16729.7 88.7003
16741.7 88.4633
16753.8 88.2277
16765.8 87.9951
16777.8 87.7693
16789.8 87.5712
16801.8 87.3631
16813.8 87.1215
16825.8 86.864
16837.8 86.5953
16849.8 86.3187
16861.9 86.0379
16873.9 85.7587
16885.9 85.4946
16897.9 85.3117
16909.9 85.0345
16921.9 84.6806
16933.9 84.2738
16945.9 83.8201
16958 83.3203
16970 82.7712
16982 82.1649
16994 81.4783
17006 80.6431
17018 79.9017
17030 79.1851
17042 78.4681
17054.1 77.7391
17066.1 76.9888
17078.1 76.2074
17090.1 75.3791
17102.1 74.4616
17114.1 73.4234
17126.1 72.5311
17138.1 71.6798
17150.2 70.8454
17162.2 70.0153
17174.2 69.1797
17186.2 68.3275
17198.2 67.4411
17210.2 66.4542
17222.2 65.4525
17234.2 64.5762
17246.2 63.7449
17258.3 62.9415
17270.3 62.1567
17282.3 61.3839
17294.3 60.6165
17306.3 59.845
17318.3 59.0306
17330.3 58.2615
17342.3 57.5333
17354.4 56.8292
17366.4 56.1433
17378.4 55.4727
17390.4 54.8153
17402.4 54.1699
17414.4 53.5361
17426.4 52.9164
17438.4 52.2986
17450.5 51.6848
17462.5 51.0754
17474.5 50.4705
17486.5 49.8699
17498.5 49.2737
17510.5 48.6831
17522.5 48.1021
17534.5 47.5361
17546.5 46.9442
17558.6 46.3392
17570.6 45.7223
17582.6 45.0925
17594.6 44.4468
17606.6 43.7796
17618.6 43.0797
17630.6 42.3033
17642.6 41.4889
17654.7 40.78
17666.7 40.1055
17678.7 39.4514
17690.7 38.8098
17702.7 38.1747
17714.7 37.5393
17726.7 36.8917
17738.7 36.1762
17750.8 35.5178
17762.8 34.9215
17774.8 34.3607
17786.8 33.8275
17798.8 33.3179
17810.8 32.8294
17822.8 32.3602
17834.8 31.9091
17846.8 31.4741
17858.9 31.0586
17870.9 30.6616
17882.9 30.2828
17894.9 29.9225
17906.9 29.5815
17918.9 29.2614
17930.9 28.9655
17942.9 28.7031
17955 28.4905
17967 28.2482
17979 28.0036
17991 27.7638
18003 27.5323
18015 27.3119
18027 27.1054
18039 26.9175
18051.1 26.7619
18063.1 26.6331
18075.1 26.4768
18087.1 26.3186
18099.1 26.1645
18111.1 26.0179
18123.1 25.8822
18135.1 25.7618
18147.1 25.6648
18159.2 25.6306
18171.2 25.5771
18183.2 25.4896
18195.2 25.3906
18207.2 25.2869
18219.2 25.1824
18231.2 25.0803
18243.2 24.9843
18255.3 24.9012
18267.3 24.8564
18279.3 24.7802
18291.3 24.6855
18303.3 24.5813
18315.3 24.4707
18327.3 24.3552
18339.3 24.2354
18351.4 24.1106
18363.4 23.9771
18375.4 23.8256
18387.4 23.7
18399.4 23.5875
18411.4 23.4851
18423.4 23.3924
18435.4 23.3097
18447.4 23.2383
18459.5 23.1805
18471.5 23.1448
18483.5 23.1317
18495.5 23.0997
18507.5 23.0672
18519.5 23.0384
18531.5 23.0162
18543.5 23.0032
18555.6 23.003
18567.6 23.0222
18579.6 23.0918
18591.6 23.1531
18603.6 23.1841
18615.6 23.2064
18627.6 23.2265
18639.6 23.2483
18651.7 23.2758
18663.7 23.3143
18675.7 23.3739
18687.7 23.4993
18699.7 23.5733
18711.7 23.6118
18723.7 23.6318
18735.7 23.6391
18747.7 23.6367
18759.8 23.6266
18771.8 23.6099
18783.8 23.5875
18795.8 23.5592
18807.8 23.529
18819.8 23.4965
18831.8 23.462
18843.8 23.4257
18855.9 23.388
18867.9 23.3495
18879.9 23.3108
18891.9 23.2738
18903.9 23.2394
18915.9 23.1962
18927.9 23.1485
18939.9 23.0968
18952 23.0408
18964 22.9796
18976 22.911
18988 22.8299
19000 22.7104
