7000 -43.6039
7012.01 -44.0256
7024.02 -44.4435
7036.04 -44.8575
7048.05 -45.2677
7060.06 -45.6741
7072.07 -46.0769
7084.08 -46.4759
7096.1 -46.8714
7108.11 -47.2633
7120.12 -47.6518
7132.13 -48.037
7144.14 -48.4189
7156.16 -48.7976
7168.17 -49.1734
7180.18 -49.5463
7192.19 -49.9165
7204.2 -50.2841
7216.22 -50.6493
7228.23 -51.0124
7240.24 -51.3735
7252.25 -51.733
7264.26 -52.0911
7276.28 -52.4481
7288.29 -52.8045
7300.3 -53.1607
7312.31 -53.5172
7324.32 -53.8746
7336.34 -54.2336
7348.35 -54.5952
7360.36 -54.9604
7372.37 -55.3305
7384.38 -55.7074
7396.4 -56.0932
7408.41 -56.4912
7420.42 -56.9057
7432.43 -57.3437
7444.44 -57.8165
7456.46 -58.3461
7468.47 -58.9948
7480.48 -59.9073
7492.49 -60.4781
7504.5 -60.8902
7516.52 -61.192
7528.53 -61.3975
7540.54 -61.5081
7552.55 -61.514
7564.56 -61.3861
7576.58 -61.0165
7588.59 -60.3949
7600.6 -60.1353
7612.61 -59.9874
7624.62 -59.9047
7636.64 -59.8677
7648.65 -59.8665
7660.66 -59.8963
7672.67 -59.9574
7684.68 -60.071
7696.7 -60.1882
7708.71 -60.2841
7720.72 -60.3753
7732.73 -60.4651
7744.74 -60.5543
7756.76 -60.6434
7768.77 -60.732
7780.78 -60.8195
7792.79 -60.903
7804.8 -60.9896
7816.82 -61.0782
7828.83 -61.1672
7840.84 -61.2558
7852.85 -61.3429
7864.86 -61.427
7876.88 -61.5053
7888.89 -61.5702
7900.9 -61.6003
7912.91 -61.6758
7924.92 -61.7748
7936.94 -61.8907
7948.95 -62.0219
7960.96 -62.169
7972.97 -62.3343
7984.98 -62.5238
7997 -62.7583
8009.01 -63.0497
8021.02 -63.2612
8033.03 -63.4452
8045.05 -63.6117
8057.06 -63.7644
8069.07 -63.9045
8081.08 -64.031
8093.09 -64.1396
8105.11 -64.2052
8117.12 -64.2679
8129.13 -64.3808
8141.14 -64.5157
8153.15 -64.6686
8165.17 -64.8397
8177.18 -65.0315
8189.19 -65.2509
8201.2 -65.5151
8213.21 -65.9156
8225.23 -66.221
8237.24 -66.4427
8249.25 -66.6172
8261.26 -66.7538
8273.27 -66.8546
8285.29 -66.9168
8297.3 -66.9307
8309.31 -66.8667
8321.32 -66.6212
8333.33 -66.5496
8345.35 -66.5637
8357.36 -66.6313
8369.37 -66.7431
8381.38 -66.8978
8393.39 -67.1006
8405.41 -67.3668
8417.42 -67.7493
8429.43 -68.3052
8441.44 -68.6253
8453.45 -68.8558
8465.47 -69.0262
8477.48 -69.1462
8489.49 -69.2174
8501.5 -69.235
8513.51 -69.1822
8525.53 -68.9825
8537.54 -68.7183
8549.55 -68.6333
8561.56 -68.6088
8573.57 -68.6244
8585.59 -68.6721
8597.6 -68.7492
8609.61 -68.8571
8621.62 -69.0041
8633.63 -69.2448
8645.65 -69.4469
8657.66 -69.6059
8669.67 -69.7473
8681.68 -69.8781
8693.69 -70.0016
8705.71 -70.1197
8717.72 -70.2336
8729.73 -70.344
8741.74 -70.4516
8753.75 -70.5567
8765.77 -70.6596
8777.78 -70.7606
8789.79 -70.8599
8801.8 -70.9576
8813.81 -71.0539
8825.83 -71.1488
8837.84 -71.2424
8849.85 -71.3349
8861.86 -71.4262
8873.87 -71.5164
8885.89 -71.6056
8897.9 -71.6938
8909.91 -71.7811
8921.92 -71.8673
8933.93 -71.9527
8945.95 -72.0371
8957.96 -72.1207
8969.97 -72.2034
8981.98 -72.2852
8993.99 -72.3661
9006.01 -72.4462
9018.02 -72.5255
9030.03 -72.6039
9042.04 -72.6815
9054.05 -72.7582
9066.07 -72.8341
9078.08 -72.9091
9090.09 -72.9832
9102.1 -73.0565
9114.11 -73.129
9126.13 -73.2005
9138.14 -73.2712
9150.15 -73.3409
9162.16 -73.4098
9174.17 -73.4777
9186.19 -73.5447
9198.2 -73.6107
9210.21 -73.6757
9222.22 -73.7398
9234.23 -73.8029
9246.25 -73.8649
9258.26 -73.9259
9270.27 -73.9859
9282.28 -74.0447
9294.29 -74.1025
9306.31 -74.1591
9318.32 -74.2145
9330.33 -74.2688
9342.34 -74.3218
9354.35 -74.3736
9366.37 -74.4242
9378.38 -74.4734
9390.39 -74.5213
9402.4 -74.5679
9414.41 -74.6131
9426.43 -74.6568
9438.44 -74.699
9450.45 -74.7398
9462.46 -74.779
9474.47 -74.8167
9486.49 -74.8527
9498.5 -74.887
9510.51 -74.9197
9522.52 -74.9506
9534.53 -74.9797
9546.55 -75.007
9558.56 -75.0323
9570.57 -75.0558
9582.58 -75.0772
9594.59 -75.0967
9606.61 -75.114
9618.62 -75.1292
9630.63 -75.1421
9642.64 -75.1529
9654.65 -75.1612
9666.67 -75.1673
9678.68 -75.1708
9690.69 -75.1719
9702.7 -75.1704
9714.71 -75.1662
9726.73 -75.1594
9738.74 -75.1497
9750.75 -75.1372
9762.76 -75.1218
9774.77 -75.1034
9786.79 -75.0819
9798.8 -75.0573
9810.81 -75.0294
9822.82 -74.9982
9834.83 -74.9636
9846.85 -74.9255
9858.86 -74.8838
9870.87 -74.8384
9882.88 -74.7892
9894.89 -74.7362
9906.91 -74.6793
9918.92 -74.6182
9930.93 -74.553
9942.94 -74.4836
9954.95 -74.4097
9966.97 -74.3314
9978.98 -74.2485
9990.99 -74.1608
10003 -74.0683
10015 -73.9709
10027 -73.8684
10039 -73.7607
10051.1 -73.6477
10063.1 -73.5292
10075.1 -73.4051
10087.1 -73.2752
10099.1 -73.1395
10111.1 -72.9978
10123.1 -72.8499
10135.1 -72.6957
10147.1 -72.535
10159.2 -72.3677
10171.2 -72.1936
10183.2 -72.0125
10195.2 -71.8243
10207.2 -71.6288
10219.2 -71.4258
10231.2 -71.2152
10243.2 -70.9967
10255.3 -70.7701
10267.3 -70.5353
10279.3 -70.292
10291.3 -70.04
10303.3 -69.7791
10315.3 -69.5092
10327.3 -69.2299
10339.3 -68.9409
10351.4 -68.6422
10363.4 -68.3333
10375.4 -68.0141
10387.4 -67.6843
10399.4 -67.3434
10411.4 -66.9914
10423.4 -66.6278
10435.4 -66.2523
10447.4 -65.8645
10459.5 -65.4641
10471.5 -65.0507
10483.5 -64.6239
10495.5 -64.1832
10507.5 -63.7282
10519.5 -63.2582
10531.5 -62.7729
10543.5 -62.2716
10555.6 -61.7536
10567.6 -61.2182
10579.6 -60.6646
10591.6 -60.092
10603.6 -59.4993
10615.6 -58.8855
10627.6 -58.2492
10639.6 -57.589
10651.7 -56.9031
10663.7 -56.1895
10675.7 -55.4458
10687.7 -54.6689
10699.7 -53.855
10711.7 -52.9993
10723.7 -52.0952
10735.7 -51.1337
10747.7 -50.1015
10759.8 -48.9766
10771.8 -47.7179
10783.8 -46.2151
10795.8 -44.1696
10807.8 -42.7072
10819.8 -41.5043
10831.8 -40.4607
10843.8 -39.5407
10855.9 -38.7299
10867.9 -38.0263
10879.9 -37.4436
10891.9 -37.0463
10903.9 -36.8612
10915.9 -36.4515
10927.9 -35.9868
10939.9 -35.4998
10952 -35.005
10964 -34.511
10976 -34.0249
10988 -33.5554
11000 -33.1304
11012 -32.7113
11024 -32.2594
11036 -31.8021
11048 -31.3476
11060.1 -30.9017
11072.1 -30.4705
11084.1 -30.0629
11096.1 -29.6964
11108.1 -29.4521
11120.1 -29.1314
11132.1 -28.7498
11144.1 -28.3415
11156.2 -27.9192
11168.2 -27.4907
11180.2 -27.0636
11192.2 -26.6474
11204.2 -26.2614
11216.2 -25.962
11228.2 -25.5648
11240.2 -25.1208
11252.3 -24.6502
11264.3 -24.1619
11276.3 -23.6622
11288.3 -23.1574
11300.3 -22.6562
11312.3 -22.1806
11324.3 -21.7512
11336.3 -21.2208
11348.3 -20.6443
11360.4 -20.0327
11372.4 -19.3896
11384.4 -18.715
11396.4 -18.0049
11408.4 -17.2476
11420.4 -16.3877
11432.4 -15.4907
11444.4 -14.7248
11456.5 -14.0081
11468.5 -13.3282
11480.5 -12.6817
11492.5 -12.0703
11504.5 -11.5009
11516.5 -10.9923
11528.5 -10.6488
11540.5 -10.2209
11552.6 -9.70807
11564.6 -9.15763
11576.6 -8.58389
11588.6 -7.99437
11600.6 -7.39417
11612.6 -6.78787
11624.6 -6.18217
11636.6 -5.59615
11648.6 -4.97424
11660.7 -4.32985
11672.7 -3.66887
11684.7 -2.99279
11696.7 -2.30114
11708.7 -1.59139
11720.7 -0.856951
11732.7 -0.076072
11744.7 0.78237
11756.8 1.53545
11768.8 2.24585
11780.8 2.9271
11792.8 3.58378
11804.8 4.21717
11816.8 4.8263
11828.8 5.40674
11840.8 5.93926
11852.9 6.43775
11864.9 6.97714
11876.9 7.52223
11888.9 8.06607
11900.9 8.60491
11912.9 9.13566
11924.9 9.6547
11936.9 10.1556
11948.9 10.6071
11961 11.0765
11973 11.5715
11985 12.0757
11997 12.5841
12009 13.0941
12021 13.6033
12033 14.109
12045 14.6051
12057.1 15.0681
12069.1 15.5702
12081.1 16.0986
12093.1 16.647
12105.1 17.2157
12117.1 17.8081
12129.1 18.4319
12141.1 19.1035
12153.2 19.8712
12165.2 20.8305
12177.2 21.5349
12189.2 22.1272
12201.2 22.6415
12213.2 23.088
12225.2 23.4675
12237.2 23.7723
12249.2 23.9793
12261.3 23.9981
12273.3 23.8514
12285.3 23.9971
12297.3 24.2427
12309.3 24.5556
12321.3 24.925
12333.3 25.3496
12345.3 25.8366
12357.4 26.4103
12369.4 27.2175
12381.4 27.9493
12393.4 28.5205
12405.4 29.0213
12417.4 29.4737
12429.4 29.8874
12441.4 30.2667
12453.5 30.612
12465.5 30.9167
12477.5 31.1404
12489.5 31.4042
12501.5 31.6918
12513.5 31.9899
12525.5 32.2958
12537.5 32.6101
12549.5 32.9364
12561.6 33.2828
12573.6 33.673
12585.6 34.1648
12597.6 34.5224
12609.6 34.8168
12621.6 35.068
12633.6 35.2829
12645.6 35.4638
12657.7 35.6103
12669.7 35.7176
12681.7 35.7657
12693.7 35.751
12705.7 35.7954
12717.7 35.8501
12729.7 35.9059
12741.7 35.9587
12753.8 36.0066
12765.8 36.0482
12777.8 36.0826
12789.8 36.1112
12801.8 36.1289
12813.8 36.1321
12825.8 36.1212
12837.8 36.0952
12849.8 36.0518
12861.9 35.9879
12873.9 35.8976
12885.9 35.7675
12897.9 35.5338
12909.9 35.3616
12921.9 35.2325
12933.9 35.1211
12945.9 35.0185
12958 34.9191
12970 34.8175
12982 34.7068
12994 34.5707
13006 34.3635
13018 34.2494
13030 34.1839
13042 34.1528
13054.1 34.1528
13066.1 34.1847
13078.1 34.2537
13090.1 34.3729
13102.1 34.5877
13114.1 34.9308
13126.1 35.0846
13138.1 35.1674
13150.2 35.2018
13162.2 35.1947
13174.2 35.1469
13186.2 35.0531
13198.2 34.8969
13210.2 34.5979
13222.2 34.2714
13234.2 34.1026
13246.2 33.9916
13258.3 33.9205
13270.3 33.8821
13282.3 33.8743
13294.3 33.8985
13306.3 33.9627
13318.3 34.1157
13330.3 34.235
13342.3 34.3252
13354.4 34.4078
13366.4 34.4904
13378.4 34.5779
13390.4 34.6754
13402.4 34.7906
13414.4 34.9409
13426.4 35.1855
13438.4 35.3326
13450.5 35.4293
13462.5 35.4949
13474.5 35.5357
13486.5 35.554
13498.5 35.5496
13510.5 35.5188
13522.5 35.4466
13534.5 35.3147
13546.5 35.2471
13558.6 35.2001
13570.6 35.1646
13582.6 35.1372
13594.6 35.1168
13606.6 35.1034
13618.6 35.099
13630.6 35.1138
13642.6 35.1373
13654.7 35.1325
13666.7 35.1166
13678.7 35.0921
13690.7 35.0596
13702.7 35.019
13714.7 34.9686
13726.7 34.9045
13738.7 34.805
13750.8 34.7205
13762.8 34.6531
13774.8 34.5921
13786.8 34.534
13798.8 34.4765
13810.8 34.4173
13822.8 34.3532
13834.8 34.2767
13846.8 34.1605
13858.9 34.0881
13870.9 34.0414
13882.9 34.0115
13894.9 33.9954
13906.9 33.9923
13918.9 34.0021
13930.9 34.0266
13942.9 34.0717
13955 34.1481
13967 34.2013
13979 34.2497
13991 34.2977
14003 34.3473
14015 34.3996
14027 34.4555
14039 34.5157
14051.1 34.5808
14063.1 34.6516
14075.1 34.7296
14087.1 34.8155
14099.1 34.9108
14111.1 35.0173
14123.1 35.1381
14135.1 35.2781
14147.1 35.4484
14159.2 35.7076
14171.2 35.9306
14183.2 36.0943
14195.2 36.2317
14207.2 36.3518
14219.2 36.4588
14231.2 36.5552
14243.2 36.6429
14255.3 36.7229
14267.3 36.7958
14279.3 36.8631
14291.3 36.9251
14303.3 36.9821
14315.3 37.0343
14327.3 37.0818
14339.3 37.1247
14351.4 37.1625
14363.4 37.194
14375.4 37.2163
14387.4 37.2427
14399.4 37.2692
14411.4 37.2945
14423.4 37.3184
14435.4 37.3406
14447.4 37.3609
14459.5 37.3793
14471.5 37.3957
14483.5 37.4101
14495.5 37.4208
14507.5 37.428
14519.5 37.4313
14531.5 37.43
14543.5 37.423
14555.6 37.4082
14567.6 37.381
14579.6 37.3174
14591.6 37.2649
14603.6 37.2419
14615.6 37.2321
14627.6 37.2314
14639.6 37.2383
14651.7 37.2518
14663.7 37.2718
14675.7 37.2988
14687.7 37.3379
14699.7 37.3744
14711.7 37.4101
14723.7 37.4468
14735.7 37.4848
14747.7 37.524
14759.8 37.5642
14771.8 37.6042
14783.8 37.6404
14795.8 37.6622
14807.8 37.7123
14819.8 37.7796
14831.8 37.8616
14843.8 37.9586
14855.9 38.0727
14867.9 38.2083
14879.9 38.3745
14891.9 38.6018
14903.9 38.9031
14915.9 39.0894
14927.9 39.235
14939.9 39.3543
14952 39.4528
14964 39.5332
14976 39.5959
14988 39.6386
15000 39.6453
15012 39.6439
15024 39.6626
15036 39.6841
15048 39.7048
15060.1 39.7224
15072.1 39.7345
15084.1 39.7378
15096.1 39.7253
15108.1 39.6611
15120.1 39.6358
15132.1 39.6436
15144.1 39.6705
15156.2 39.7128
15168.2 39.7697
15180.2 39.842
15192.2 39.9332
15204.2 40.0541
15216.2 40.2402
15228.2 40.3666
15240.2 40.4656
15252.3 40.5487
15264.3 40.6195
15276.3 40.6791
15288.3 40.7267
15300.3 40.7588
15312.3 40.7621
15324.3 40.7238
15336.3 40.7472
15348.3 40.7954
15360.4 40.8614
15372.4 40.9435
15384.4 41.0422
15396.4 41.16
15408.4 41.3043
15420.4 41.5058
15432.4 41.7297
15444.4 41.8851
15456.5 42.0177
15468.5 42.1359
15480.5 42.2435
15492.5 42.3422
15504.5 42.4326
15516.5 42.5139
15528.5 42.5755
15540.5 42.6454
15552.6 42.7245
15564.6 42.8086
15576.6 42.8971
15588.6 42.9908
15600.6 43.0913
15612.6 43.2019
15624.6 43.3317
15636.6 43.5138
15648.6 43.6427
15660.7 43.7426
15672.7 43.8243
15684.7 43.891
15696.7 43.944
15708.7 43.9825
15720.7 44.0039
15732.7 43.9979
15744.7 43.95
15756.8 43.9467
15768.8 43.9582
15780.8 43.9778
15792.8 44.0029
15804.8 44.0322
15816.8 44.0653
15828.8 44.1019
15840.8 44.1437
15852.9 44.1891
15864.9 44.2309
15876.9 44.2723
15888.9 44.3138
15900.9 44.3555
15912.9 44.3973
15924.9 44.4389
15936.9 44.4795
15948.9 44.513
15961 44.5537
15973 44.6036
15985 44.6599
15997 44.7224
16009 44.7916
16021 44.8687
16033 44.9558
16045 45.0585
16057.1 45.1985
16069.1 45.3127
16081.1 45.4141
16093.1 45.5108
16105.1 45.6063
16117.1 45.7029
16129.1 45.8034
16141.1 45.9115
16153.2 46.0362
16165.2 46.1943
16177.2 46.3127
16189.2 46.4164
16201.2 46.5127
16213.2 46.6054
16225.2 46.6976
16237.2 46.7935
16249.2 46.8999
16261.3 47.0387
16273.3 47.2055
16285.3 47.2962
16297.3 47.3555
16309.3 47.3918
16321.3 47.4083
16333.3 47.4061
16345.3 47.385
16357.4 47.342
16369.4 47.2573
16381.4 47.1737
16393.4 47.1031
16405.4 47.0331
16417.4 46.9604
16429.4 46.8834
16441.4 46.8008
16453.5 46.7114
16465.5 46.6128
16477.5 46.4957
16489.5 46.3848
16501.5 46.2758
16513.5 46.1653
16525.5 46.0521
16537.5 45.9352
16549.5 45.8138
16561.6 45.6869
16573.6 45.5524
16585.6 45.4052
16597.6 45.2643
16609.6 45.1236
16621.6 44.9814
16633.6 44.8369
16645.6 44.6894
16657.7 44.5386
16669.7 44.3839
16681.7 44.2243
16693.7 44.0595
16705.7 43.8941
16717.7 43.7261
16729.7 43.5548
16741.7 43.3801
16753.8 43.2015
16765.8 43.019
16777.8 42.832
16789.8 42.6386
16801.8 42.4423
16813.8 42.245
16825.8 42.0454
16837.8 41.8436
16849.8 41.64
16861.9 41.4355
16873.9 41.2321
16885.9 41.0355
16897.9 40.8741
16909.9 40.6711
16921.9 40.4337
16933.9 40.1722
16945.9 39.8886
16958 39.5827
16970 39.2525
16982 38.8931
16994 38.4911
17006 38.0079
17018 37.5805
17030 37.1696
17042 36.761
17054.1 36.3478
17066.1 35.9245
17078.1 35.485
17090.1 35.0195
17102.1 34.5011
17114.1 33.9097
17126.1 33.4181
17138.1 32.959
17150.2 32.5176
17162.2 32.0867
17174.2 31.6615
17186.2 31.2372
17198.2 30.8075
17210.2 30.3511
17222.2 29.8942
17234.2 29.48
17246.2 29.0832
17258.3 28.6982
17270.3 28.3217
17282.3 27.9515
17294.3 27.5852
17306.3 27.2195
17318.3 26.8409
17330.3 26.4799
17342.3 26.1348
17354.4 25.7998
17366.4 25.473
17378.4 25.1534
17390.4 24.8403
17402.4 24.5336
17414.4 24.2338
17426.4 23.9443
17438.4 23.6528
17450.5 23.3623
17462.5 23.0736
17474.5 22.7873
17486.5 22.5039
17498.5 22.224
17510.5 21.9494
17522.5 21.6858
17534.5 21.44
17546.5 21.1641
17558.6 20.8742
17570.6 20.5729
17582.6 20.2602
17594.6 19.9344
17606.6 19.5923
17618.6 19.2263
17630.6 18.8069
17642.6 18.3603
17654.7 17.9847
17666.7 17.6318
17678.7 17.2922
17690.7 16.9609
17702.7 16.6341
17714.7 16.3076
17726.7 15.9745
17738.7 15.6023
17750.8 15.2639
17762.8 14.9622
17774.8 14.6819
17786.8 14.4186
17798.8 14.1703
17810.8 13.9361
17822.8 13.7159
17834.8 13.5117
17846.8 13.332
17858.9 13.149
17870.9 12.9687
17882.9 12.7942
17894.9 12.6273
17906.9 12.4691
17918.9 12.3215
17930.9 12.1879
17942.9 12.0772
17955 12.0049
17967 11.894
17979 11.7703
17991 11.6403
18003 11.5063
18015 11.3695
18027 11.2306
18039 11.0894
18051.1 10.9434
18063.1 10.7945
18075.1 10.6551
18087.1 10.52
18099.1 10.3885
18111.1 10.2606
18123.1 10.1365
18135.1 10.0166
18147.1 9.90236
18159.2 9.80129
18171.2 9.69715
18183.2 9.58686
18195.2 9.47461
18207.2 9.36143
18219.2 9.24767
18231.2 9.13331
18243.2 9.01787
18255.3 8.89966
18267.3 8.77052
18279.3 8.65477
18291.3 8.54853
18303.3 8.44922
18315.3 8.35635
18327.3 8.27015
18339.3 8.19148
18351.4 8.12233
18363.4 8.06846
18375.4 8.04245
18387.4 7.99034
18399.4 7.92928
18411.4 7.86401
18423.4 7.79654
18435.4 7.72806
18447.4 7.65952
18459.5 7.59194
18471.5 7.52751
18483.5 7.46655
18495.5 7.39982
18507.5 7.33159
18519.5 7.26293
18531.5 7.1945
18543.5 7.12693
18555.6 7.06103
18567.6 6.99814
18579.6 6.94461
18591.6 6.88868
18603.6 6.826
18615.6 6.76099
18627.6 6.69505
18639.6 6.6292
18651.7 6.56454
18663.7 6.50273
18675.7 6.44748
18687.7 6.41582
18699.7 6.36178
18711.7 6.29124
18723.7 6.21025
18735.7 6.12043
18747.7 6.02202
18759.8 5.91431
18771.8 5.7951
18783.8 5.65756
18795.8 5.4825
18807.8 5.34364
18819.8 5.22004
18831.8 5.10535
18843.8 4.99747
18855.9 4.89575
18867.9 4.80057
18879.9 4.71382
18891.9 4.6431
18903.9 4.59149
18915.9 4.50848
18927.9 4.41338
18939.9 4.30957
18952 4.198
18964 4.07851
18976 3.94992
18988 3.80886
19000 3.63783
