7000 27.5255
7012.01 25.977
7024.02 24.3899
7036.04 22.7647
7048.05 21.1021
7060.06 19.4029
7072.07 17.6679
7084.08 15.8982
7096.1 14.0947
7108.11 12.2585
7120.12 10.3909
7132.13 8.49302
7144.14 6.56632
7156.16 4.61217
7168.17 2.63203
7180.18 0.627427
7192.19 -1.40005
7204.2 -3.44876
7216.22 -5.51705
7228.23 -7.6032
7240.24 -9.70548
7252.25 -11.8222
7264.26 -13.9515
7276.28 -16.0916
7288.29 -18.241
7300.3 -20.3977
7312.31 -22.5603
7324.32 -24.7271
7336.34 -26.8966
7348.35 -29.0675
7360.36 -31.2385
7372.37 -33.4087
7384.38 -35.5773
7396.4 -37.7442
7408.41 -39.9096
7420.42 -42.075
7432.43 -44.2431
7444.44 -46.42
7456.46 -48.6187
7468.47 -50.8785
7480.48 -53.2918
7492.49 -55.4675
7504.5 -57.5236
7516.52 -59.4919
7528.53 -61.3831
7540.54 -63.2012
7552.55 -64.9466
7564.56 -66.6155
7576.58 -68.1926
7588.59 -69.6754
7600.6 -71.1461
7612.61 -72.5677
7624.62 -73.9299
7636.64 -75.2246
7648.65 -76.4418
7660.66 -77.5664
7672.67 -78.5672
7684.68 -79.2853
7696.7 -80.0168
7708.71 -80.9077
7720.72 -81.8411
7732.73 -82.789
7744.74 -83.7375
7756.76 -84.6785
7768.77 -85.6056
7780.78 -86.5129
7792.79 -87.3851
7804.8 -88.2538
7816.82 -89.1135
7828.83 -89.9582
7840.84 -90.7848
7852.85 -91.591
7864.86 -92.3741
7876.88 -93.1295
7888.89 -93.8452
7900.9 -94.4868
7912.91 -95.1842
7924.92 -95.9025
7936.94 -96.6318
7948.95 -97.3704
7960.96 -98.1204
7972.97 -98.8873
7984.98 -99.6835
7997 -100.55
8009.01 -101.51
8021.02 -102.301
8033.03 -103.023
8045.05 -103.697
8057.06 -104.331
8069.07 -104.928
8081.08 -105.487
8093.09 -105.998
8105.11 -106.407
8117.12 -106.804
8129.13 -107.308
8141.14 -107.859
8153.15 -108.451
8165.17 -109.085
8177.18 -109.773
8189.19 -110.537
8201.2 -111.428
8213.21 -112.723
8225.23 -113.734
8237.24 -114.497
8249.25 -115.123
8261.26 -115.645
8273.27 -116.074
8285.29 -116.41
8297.3 -116.641
8309.31 -116.716
8321.32 -116.46
8333.33 -116.492
8345.35 -116.663
8357.36 -116.916
8369.37 -117.24
8381.38 -117.634
8393.39 -118.112
8405.41 -118.708
8417.42 -119.532
8429.43 -120.705
8441.44 -121.385
8453.45 -121.877
8465.47 -122.244
8477.48 -122.512
8489.49 -122.692
8501.5 -122.784
8513.51 -122.783
8525.53 -122.638
8537.54 -122.406
8549.55 -122.248
8561.56 -122.084
8573.57 -121.896
8585.59 -121.675
8597.6 -121.41
8609.61 -121.085
8621.62 -120.666
8633.63 -119.988
8645.65 -119.438
8657.66 -119.028
8669.67 -118.68
8681.68 -118.37
8693.69 -118.089
8705.71 -117.828
8717.72 -117.584
8729.73 -117.354
8741.74 -117.134
8753.75 -116.925
8765.77 -116.723
8777.78 -116.528
8789.79 -116.34
8801.8 -116.157
8813.81 -115.979
8825.83 -115.805
8837.84 -115.636
8849.85 -115.47
8861.86 -115.307
8873.87 -115.148
8885.89 -114.991
8897.9 -114.838
8909.91 -114.686
8921.92 -114.537
8933.93 -114.391
8945.95 -114.246
8957.96 -114.104
8969.97 -113.963
8981.98 -113.825
8993.99 -113.688
9006.01 -113.553
9018.02 -113.42
9030.03 -113.288
9042.04 -113.158
9054.05 -113.029
9066.07 -112.902
9078.08 -112.777
9090.09 -112.653
9102.1 -112.53
9114.11 -112.408
9126.13 -112.288
9138.14 -112.169
9150.15 -112.052
9162.16 -111.936
9174.17 -111.82
9186.19 -111.707
9198.2 -111.594
9210.21 -111.482
9222.22 -111.372
9234.23 -111.262
9246.25 -111.154
9258.26 -111.046
9270.27 -110.94
9282.28 -110.834
9294.29 -110.73
9306.31 -110.626
9318.32 -110.523
9330.33 -110.421
9342.34 -110.32
9354.35 -110.219
9366.37 -110.12
9378.38 -110.021
9390.39 -109.922
9402.4 -109.824
9414.41 -109.727
9426.43 -109.63
9438.44 -109.534
9450.45 -109.438
9462.46 -109.343
9474.47 -109.248
9486.49 -109.153
9498.5 -109.059
9510.51 -108.964
9522.52 -108.87
9534.53 -108.776
9546.55 -108.682
9558.56 -108.588
9570.57 -108.494
9582.58 -108.399
9594.59 -108.305
9606.61 -108.21
9618.62 -108.115
9630.63 -108.019
9642.64 -107.923
9654.65 -107.827
9666.67 -107.73
9678.68 -107.632
9690.69 -107.533
9702.7 -107.434
9714.71 -107.333
9726.73 -107.232
9738.74 -107.129
9750.75 -107.026
9762.76 -106.921
9774.77 -106.814
9786.79 -106.706
9798.8 -106.597
9810.81 -106.486
9822.82 -106.373
9834.83 -106.258
9846.85 -106.141
9858.86 -106.022
9870.87 -105.901
9882.88 -105.777
9894.89 -105.651
9906.91 -105.522
9918.92 -105.391
9930.93 -105.257
9942.94 -105.119
9954.95 -104.979
9966.97 -104.835
9978.98 -104.688
9990.99 -104.538
10003 -104.383
10015 -104.225
10027 -104.062
10039 -103.896
10051.1 -103.725
10063.1 -103.549
10075.1 -103.369
10087.1 -103.184
10099.1 -102.994
10111.1 -102.798
10123.1 -102.597
10135.1 -102.39
10147.1 -102.178
10159.2 -101.959
10171.2 -101.734
10183.2 -101.503
10195.2 -101.264
10207.2 -101.019
10219.2 -100.767
10231.2 -100.507
10243.2 -100.239
10255.3 -99.9637
10267.3 -99.68
10279.3 -99.3879
10291.3 -99.087
10303.3 -98.7771
10315.3 -98.4579
10327.3 -98.1292
10339.3 -97.7905
10351.4 -97.4417
10363.4 -97.0824
10375.4 -96.7123
10387.4 -96.331
10399.4 -95.9383
10411.4 -95.5337
10423.4 -95.1169
10435.4 -94.6875
10447.4 -94.2451
10459.5 -93.7894
10471.5 -93.3198
10483.5 -92.836
10495.5 -92.3374
10507.5 -91.8236
10519.5 -91.2941
10531.5 -90.7484
10543.5 -90.1858
10555.6 -89.6056
10567.6 -89.0074
10579.6 -88.3902
10591.6 -87.7533
10603.6 -87.0959
10615.6 -86.4168
10627.6 -85.7151
10639.6 -84.9894
10651.7 -84.2383
10663.7 -83.46
10675.7 -82.6526
10687.7 -81.8134
10699.7 -80.9393
10711.7 -80.0264
10723.7 -79.0692
10735.7 -78.0603
10747.7 -76.9885
10759.8 -75.836
10771.8 -74.5683
10783.8 -73.0933
10795.8 -71.1614
10807.8 -69.7161
10819.8 -68.4872
10831.8 -67.3915
10843.8 -66.4006
10855.9 -65.5043
10867.9 -64.7043
10879.9 -64.0184
10891.9 -63.5213
10903.9 -63.2443
10915.9 -62.6966
10927.9 -62.0698
10939.9 -61.4014
10952 -60.7078
10964 -59.9988
10976 -59.2821
10988 -58.5662
11000 -57.8767
11012 -57.1798
11024 -56.4415
11036 -55.6862
11048 -54.921
11060.1 -54.1508
11072.1 -53.3799
11084.1 -52.6141
11096.1 -51.863
11108.1 -51.1668
11120.1 -50.4322
11132.1 -49.6684
11144.1 -48.8938
11156.2 -48.117
11168.2 -47.3457
11180.2 -46.5888
11192.2 -45.8605
11204.2 -45.1946
11216.2 -44.6926
11228.2 -44.0125
11240.2 -43.2467
11252.3 -42.4308
11264.3 -41.5791
11276.3 -40.7008
11288.3 -39.8032
11300.3 -38.8952
11312.3 -37.9956
11324.3 -37.122
11336.3 -36.156
11348.3 -35.1423
11360.4 -34.0897
11372.4 -33.0007
11384.4 -31.8742
11396.4 -30.7045
11408.4 -29.4762
11420.4 -28.1189
11432.4 -26.7154
11444.4 -25.4787
11456.5 -24.3051
11468.5 -23.1781
11480.5 -22.0935
11492.5 -21.0531
11504.5 -20.065
11516.5 -19.152
11528.5 -18.4412
11540.5 -17.6277
11552.6 -16.7107
11564.6 -15.7474
11576.6 -14.7548
11588.6 -13.7411
11600.6 -12.7115
11612.6 -11.6691
11624.6 -10.6166
11636.6 -9.55694
11648.6 -8.48531
11660.7 -7.4032
11672.7 -6.31079
11684.7 -5.20713
11696.7 -4.08999
11708.7 -2.95498
11720.7 -1.79271
11732.7 -0.574545
11744.7 0.740165
11756.8 1.91812
11768.8 3.04048
11780.8 4.12567
11792.8 5.18093
11804.8 6.20988
11816.8 7.21424
11828.8 8.1942
11840.8 9.14555
11852.9 10.0727
11864.9 10.9964
11876.9 11.9076
11888.9 12.8048
11900.9 13.6871
11912.9 14.5539
11924.9 15.4041
11936.9 16.2357
11948.9 17.0367
11961 17.8335
11973 18.6292
11985 19.4175
11997 20.1965
12009 20.9648
12021 21.7209
12033 22.4618
12045 23.1792
12057.1 23.8371
12069.1 24.5489
12081.1 25.2949
12093.1 26.0659
12105.1 26.8628
12117.1 27.6911
12129.1 28.5628
12141.1 29.5026
12153.2 30.5831
12165.2 31.9465
12177.2 32.9321
12189.2 33.7526
12201.2 34.4606
12213.2 35.0739
12225.2 35.5975
12237.2 36.0271
12249.2 36.3435
12261.3 36.4664
12273.3 36.4162
12285.3 36.6033
12297.3 36.8542
12309.3 37.1378
12321.3 37.4417
12333.3 37.7604
12345.3 38.0923
12357.4 38.442
12369.4 38.8506
12381.4 39.2246
12393.4 39.5364
12405.4 39.8097
12417.4 40.0471
12429.4 40.2457
12441.4 40.3979
12453.5 40.4873
12465.5 40.4715
12477.5 40.1542
12489.5 40.085
12501.5 40.1821
12513.5 40.377
12525.5 40.6503
12537.5 40.9963
12549.5 41.4183
12561.6 41.9305
12573.6 42.5796
12585.6 43.481
12597.6 44.1671
12609.6 44.7822
12621.6 45.3704
12633.6 45.9526
12645.6 46.5445
12657.7 47.164
12669.7 47.8403
12681.7 48.6592
12693.7 49.641
12705.7 50.3118
12717.7 50.8667
12729.7 51.3449
12741.7 51.7646
12753.8 52.1379
12765.8 52.4753
12777.8 52.7918
12789.8 53.1508
12801.8 53.4397
12813.8 53.5866
12825.8 53.6384
12837.8 53.6009
12849.8 53.4702
12861.9 53.2337
12873.9 52.8646
12885.9 52.2947
12897.9 51.1882
12909.9 50.4285
12921.9 49.9225
12933.9 49.5409
12945.9 49.2436
12958 49.0118
12970 48.8363
12982 48.7146
12994 48.6555
13006 48.6962
13018 48.6887
13030 48.6722
13042 48.6604
13054.1 48.6596
13066.1 48.6754
13078.1 48.7159
13090.1 48.7965
13102.1 48.967
13114.1 49.2628
13126.1 49.3349
13138.1 49.311
13150.2 49.2124
13162.2 49.0419
13174.2 48.7922
13186.2 48.4433
13198.2 47.9459
13210.2 47.0711
13222.2 46.1433
13234.2 45.6853
13246.2 45.416
13258.3 45.2871
13270.3 45.283
13282.3 45.4043
13294.3 45.6688
13306.3 46.1316
13318.3 47.1024
13330.3 47.8109
13342.3 48.2835
13354.4 48.6533
13366.4 48.9618
13378.4 49.231
13390.4 49.4779
13402.4 49.7208
13414.4 49.996
13426.4 50.4195
13438.4 50.6134
13450.5 50.6676
13462.5 50.6156
13474.5 50.463
13486.5 50.2035
13498.5 49.8176
13510.5 49.2604
13522.5 48.3893
13534.5 47.0348
13546.5 46.2998
13558.6 45.7889
13570.6 45.4159
13582.6 45.1458
13594.6 44.9605
13606.6 44.8494
13618.6 44.8063
13630.6 44.826
13642.6 44.9101
13654.7 45.0677
13666.7 45.2992
13678.7 45.6108
13690.7 46.0138
13702.7 46.5269
13714.7 47.1846
13726.7 48.0661
13738.7 49.5958
13750.8 50.7915
13762.8 51.6084
13774.8 52.2487
13786.8 52.7709
13798.8 53.204
13810.8 53.566
13822.8 53.8702
13834.8 54.1317
13846.8 54.3875
13858.9 54.5388
13870.9 54.6079
13882.9 54.6051
13894.9 54.5313
13906.9 54.3829
13918.9 54.1503
13930.9 53.813
13942.9 53.3098
13955 52.5348
13967 52.0099
13979 51.5569
13991 51.1294
14003 50.7052
14015 50.2673
14027 49.797
14039 49.2638
14051.1 48.5689
14063.1 47.7575
14075.1 47.2358
14087.1 46.8192
14099.1 46.4731
14111.1 46.1816
14123.1 45.9353
14135.1 45.7279
14147.1 45.5533
14159.2 45.3942
14171.2 45.2834
14183.2 45.2279
14195.2 45.2206
14207.2 45.2627
14219.2 45.3591
14231.2 45.5194
14243.2 45.763
14255.3 46.139
14267.3 46.8629
14279.3 47.318
14291.3 47.6109
14303.3 47.8166
14315.3 47.9593
14327.3 48.0491
14339.3 48.0892
14351.4 48.0759
14363.4 47.9878
14375.4 47.7741
14387.4 47.6652
14399.4 47.5898
14411.4 47.5287
14423.4 47.474
14435.4 47.4208
14447.4 47.3641
14459.5 47.2967
14471.5 47.1965
14483.5 47.0637
14495.5 47.0137
14507.5 46.9992
14519.5 47.0126
14531.5 47.0517
14543.5 47.1176
14555.6 47.2145
14567.6 47.353
14579.6 47.5944
14591.6 47.8188
14603.6 47.9805
14615.6 48.1216
14627.6 48.2538
14639.6 48.3838
14651.7 48.5176
14663.7 48.6627
14675.7 48.8336
14687.7 49.0912
14699.7 49.2772
14711.7 49.4144
14723.7 49.5273
14735.7 49.6258
14747.7 49.7179
14759.8 49.8131
14771.8 49.9269
14783.8 50.1004
14795.8 50.4448
14807.8 50.5327
14819.8 50.4832
14831.8 50.3298
14843.8 50.0798
14855.9 49.7289
14867.9 49.2619
14879.9 48.6424
14891.9 47.7478
14903.9 46.5241
14915.9 45.7317
14927.9 45.0677
14939.9 44.4692
14952 43.9057
14964 43.3548
14976 42.7931
14988 42.1827
15000 41.3634
15012 40.5866
15024 40.1056
15036 39.7651
15048 39.5349
15060.1 39.4049
15072.1 39.3749
15084.1 39.4559
15096.1 39.6825
15108.1 40.2448
15120.1 40.658
15132.1 40.956
15144.1 41.2187
15156.2 41.4736
15168.2 41.7385
15180.2 42.0306
15192.2 42.3744
15204.2 42.8267
15216.2 43.56
15228.2 43.9847
15240.2 44.2568
15252.3 44.4326
15264.3 44.5316
15276.3 44.561
15288.3 44.5206
15300.3 44.4007
15312.3 44.1601
15324.3 43.7587
15336.3 43.5164
15348.3 43.3164
15360.4 43.1345
15372.4 42.961
15384.4 42.7907
15396.4 42.6209
15408.4 42.4512
15420.4 42.2886
15432.4 42.1199
15444.4 41.9144
15456.5 41.6834
15468.5 41.4257
15480.5 41.1374
15492.5 40.8118
15504.5 40.4361
15516.5 39.9824
15528.5 39.3046
15540.5 38.7479
15552.6 38.3116
15564.6 37.929
15576.6 37.5791
15588.6 37.2494
15600.6 36.9301
15612.6 36.6094
15624.6 36.2642
15636.6 35.8167
15648.6 35.5075
15660.7 35.2807
15672.7 35.1112
15684.7 34.9914
15696.7 34.9194
15708.7 34.8975
15720.7 34.934
15732.7 35.0581
15744.7 35.3114
15756.8 35.4562
15768.8 35.577
15780.8 35.6948
15792.8 35.8205
15804.8 35.9628
15816.8 36.1325
15828.8 36.3479
15840.8 36.6714
15852.9 37.062
15864.9 37.2906
15876.9 37.4661
15888.9 37.6098
15900.9 37.7327
15912.9 37.8424
15924.9 37.9464
15936.9 38.0551
15948.9 38.2101
15961 38.3279
15973 38.4007
15985 38.4518
15997 38.4903
16009 38.5236
16021 38.5603
16033 38.614
16045 38.7153
16057.1 38.9855
16069.1 39.0686
16081.1 39.0361
16093.1 38.9298
16105.1 38.7641
16117.1 38.5463
16129.1 38.2806
16141.1 37.9696
16153.2 37.6163
16165.2 37.2242
16177.2 36.7735
16189.2 36.2675
16201.2 35.7036
16213.2 35.0759
16225.2 34.374
16237.2 33.5797
16249.2 32.6546
16261.3 31.4645
16273.3 30.0387
16285.3 29.0312
16297.3 28.1613
16309.3 27.3774
16321.3 26.6574
16333.3 25.9898
16345.3 25.3689
16357.4 24.7932
16369.4 24.2782
16381.4 23.7849
16393.4 23.3029
16405.4 22.8438
16417.4 22.4121
16429.4 22.0123
16441.4 21.6507
16453.5 21.3377
16465.5 21.0978
16477.5 21.0361
16489.5 20.8676
16501.5 20.639
16513.5 20.3907
16525.5 20.1392
16537.5 19.8962
16549.5 19.6736
16561.6 19.4888
16573.6 19.3815
16585.6 19.4424
16597.6 19.321
16609.6 19.1283
16621.6 18.8996
16633.6 18.6519
16645.6 18.3986
16657.7 18.1544
16669.7 17.9428
16681.7 17.8322
16693.7 17.8386
16705.7 17.5851
16717.7 17.2262
16729.7 16.7921
16741.7 16.2956
16753.8 15.7436
16765.8 15.1392
16777.8 14.4832
16789.8 13.7685
16801.8 13.0089
16813.8 12.2116
16825.8 11.3672
16837.8 10.4692
16849.8 9.50876
16861.9 8.4723
16873.9 7.33509
16885.9 6.03916
16897.9 4.30591
16909.9 2.86152
16921.9 1.62692
16933.9 0.493221
16945.9 -0.575927
16958 -1.60046
16970 -2.59491
16982 -3.57387
16994 -4.56255
17006 -5.62419
17018 -6.54648
17030 -7.39078
17042 -8.17862
17054.1 -8.91833
17066.1 -9.61399
17078.1 -10.2672
17090.1 -10.8768
17102.1 -11.4346
17114.1 -11.9342
17126.1 -12.4414
17138.1 -12.931
17150.2 -13.397
17162.2 -13.8358
17174.2 -14.243
17186.2 -14.6127
17198.2 -14.9326
17210.2 -15.1511
17222.2 -15.3379
17234.2 -15.6056
17246.2 -15.8902
17258.3 -16.178
17270.3 -16.4607
17282.3 -16.7311
17294.3 -16.9795
17306.3 -17.1869
17318.3 -17.2605
17330.3 -17.4258
17342.3 -17.6744
17354.4 -17.9669
17366.4 -18.2915
17378.4 -18.6421
17390.4 -19.0152
17402.4 -19.4075
17414.4 -19.8129
17426.4 -20.2112
17438.4 -20.6747
17450.5 -21.1893
17462.5 -21.7525
17474.5 -22.3685
17486.5 -23.046
17498.5 -23.8012
17510.5 -24.6663
17522.5 -25.7366
17534.5 -27.1249
17546.5 -28.1174
17558.6 -28.9746
17570.6 -29.7568
17582.6 -30.4923
17594.6 -31.2004
17606.6 -31.9004
17618.6 -32.6204
17630.6 -33.4523
17642.6 -34.3193
17654.7 -34.929
17666.7 -35.425
17678.7 -35.8339
17690.7 -36.1671
17702.7 -36.4299
17714.7 -36.6228
17726.7 -36.74
17738.7 -36.7377
17750.8 -36.7212
17762.8 -36.6945
17774.8 -36.6344
17786.8 -36.5315
17798.8 -36.3777
17810.8 -36.1622
17822.8 -35.8671
17834.8 -35.4496
17846.8 -34.749
17858.9 -34.2503
17870.9 -33.8461
17882.9 -33.4794
17894.9 -33.1274
17906.9 -32.7745
17918.9 -32.4061
17930.9 -32.0009
17942.9 -31.5074
17955 -30.8399
17967 -30.4146
17979 -30.09
17991 -29.8316
18003 -29.6255
18015 -29.4654
18027 -29.3485
18039 -29.2763
18051.1 -29.2623
18063.1 -29.2986
18075.1 -29.3222
18087.1 -29.363
18099.1 -29.4289
18111.1 -29.5266
18123.1 -29.665
18135.1 -29.8583
18147.1 -30.1374
18159.2 -30.6667
18171.2 -31.0964
18183.2 -31.3622
18195.2 -31.5574
18207.2 -31.7081
18219.2 -31.8289
18231.2 -31.9306
18243.2 -32.0255
18255.3 -32.1367
18267.3 -32.3542
18279.3 -32.4253
18291.3 -32.3937
18303.3 -32.2893
18315.3 -32.1203
18327.3 -31.8875
18339.3 -31.5864
18351.4 -31.2041
18363.4 -30.7011
18375.4 -29.9904
18387.4 -29.4446
18399.4 -28.9442
18411.4 -28.4545
18423.4 -27.9589
18435.4 -27.4446
18447.4 -26.897
18459.5 -26.2928
18471.5 -25.5614
18483.5 -24.7007
18495.5 -24.0685
18507.5 -23.5125
18519.5 -23.0019
18531.5 -22.5218
18543.5 -22.0617
18555.6 -21.6118
18567.6 -21.1579
18579.6 -20.6394
18591.6 -20.1689
18603.6 -19.7891
18615.6 -19.46
18627.6 -19.1715
18639.6 -18.9192
18651.7 -18.7013
18663.7 -18.518
18675.7 -18.3728
18687.7 -18.2859
18699.7 -18.2031
18711.7 -18.1328
18723.7 -18.0845
18735.7 -18.0637
18747.7 -18.0765
18759.8 -18.1319
18771.8 -18.2463
18783.8 -18.4625
18795.8 -18.8957
18807.8 -19.1146
18819.8 -19.245
18831.8 -19.327
18843.8 -19.377
18855.9 -19.4045
18867.9 -19.4172
18879.9 -19.4242
18891.9 -19.4467
18903.9 -19.4943
18915.9 -19.4455
18927.9 -19.3478
18939.9 -19.2095
18952 -19.0321
18964 -18.8137
18976 -18.5479
18988 -18.2192
19000 -17.7496
