7000 14.6546
7012.01 13.1999
7024.02 11.7101
7036.04 10.1857
7048.05 8.62697
7060.06 7.03419
7072.07 5.4078
7084.08 3.74827
7096.1 2.05614
7108.11 0.331956
7120.12 -1.42364
7132.13 -3.20997
7144.14 -5.02631
7156.16 -6.87187
7168.17 -8.74584
7180.18 -10.6473
7192.19 -12.5755
7204.2 -14.5292
7216.22 -16.5077
7228.23 -18.5098
7240.24 -20.5344
7252.25 -22.5806
7264.26 -24.6473
7276.28 -26.7333
7288.29 -28.8375
7300.3 -30.9588
7312.31 -33.0963
7324.32 -35.2488
7336.34 -37.4153
7348.35 -39.5951
7360.36 -41.7874
7372.37 -43.9915
7384.38 -46.207
7396.4 -48.434
7408.41 -50.6728
7420.42 -52.9247
7432.43 -55.1921
7444.44 -57.4799
7456.46 -59.7987
7468.47 -62.1791
7480.48 -64.6936
7492.49 -67.0401
7504.5 -69.3112
7516.52 -71.5335
7528.53 -73.7182
7540.54 -75.8729
7552.55 -78.0062
7564.56 -80.1327
7576.58 -82.3004
7588.59 -84.5127
7600.6 -86.4962
7612.61 -88.3583
7624.62 -90.1147
7636.64 -91.767
7648.65 -93.3088
7660.66 -94.7241
7672.67 -95.9746
7684.68 -96.8554
7696.7 -97.7507
7708.71 -98.8497
7720.72 -100
7732.73 -101.164
7744.74 -102.321
7756.76 -103.457
7768.77 -104.557
7780.78 -105.6
7792.79 -106.497
7804.8 -107.465
7816.82 -108.474
7828.83 -109.491
7840.84 -110.502
7852.85 -111.499
7864.86 -112.473
7876.88 -113.416
7888.89 -114.306
7900.9 -115.088
7912.91 -115.959
7924.92 -116.864
7936.94 -117.783
7948.95 -118.712
7960.96 -119.647
7972.97 -120.591
7984.98 -121.549
7997 -122.546
8009.01 -123.595
8021.02 -124.53
8033.03 -125.413
8045.05 -126.255
8057.06 -127.06
8069.07 -127.827
8081.08 -128.55
8093.09 -129.215
8105.11 -129.747
8117.12 -130.262
8129.13 -130.919
8141.14 -131.632
8153.15 -132.391
8165.17 -133.194
8177.18 -134.049
8189.19 -134.974
8201.2 -136.017
8213.21 -137.424
8225.23 -138.574
8237.24 -139.5
8249.25 -140.302
8261.26 -141.008
8273.27 -141.626
8285.29 -142.156
8297.3 -142.582
8309.31 -142.853
8321.32 -142.783
8333.33 -143.019
8345.35 -143.403
8357.36 -143.877
8369.37 -144.428
8381.38 -145.056
8393.39 -145.774
8405.41 -146.616
8417.42 -147.697
8429.43 -149.14
8441.44 -150.079
8453.45 -150.827
8465.47 -151.448
8477.48 -151.968
8489.49 -152.395
8501.5 -152.729
8513.51 -152.95
8525.53 -152.967
8537.54 -152.884
8549.55 -153.005
8561.56 -153.184
8573.57 -153.397
8585.59 -153.636
8597.6 -153.898
8609.61 -154.187
8621.62 -154.516
8633.63 -154.965
8645.65 -155.343
8657.66 -155.645
8669.67 -155.909
8681.68 -156.144
8693.69 -156.357
8705.71 -156.55
8717.72 -156.725
8729.73 -156.884
8741.74 -157.029
8753.75 -157.159
8765.77 -157.276
8777.78 -157.38
8789.79 -157.472
8801.8 -157.553
8813.81 -157.622
8825.83 -157.681
8837.84 -157.729
8849.85 -157.766
8861.86 -157.794
8873.87 -157.812
8885.89 -157.82
8897.9 -157.819
8909.91 -157.809
8921.92 -157.79
8933.93 -157.762
8945.95 -157.726
8957.96 -157.681
8969.97 -157.628
8981.98 -157.566
8993.99 -157.497
9006.01 -157.419
9018.02 -157.333
9030.03 -157.24
9042.04 -157.138
9054.05 -157.029
9066.07 -156.913
9078.08 -156.788
9090.09 -156.657
9102.1 -156.517
9114.11 -156.371
9126.13 -156.216
9138.14 -156.055
9150.15 -155.886
9162.16 -155.71
9174.17 -155.527
9186.19 -155.336
9198.2 -155.138
9210.21 -154.933
9222.22 -154.72
9234.23 -154.501
9246.25 -154.274
9258.26 -154.04
9270.27 -153.798
9282.28 -153.55
9294.29 -153.294
9306.31 -153.03
9318.32 -152.76
9330.33 -152.482
9342.34 -152.197
9354.35 -151.905
9366.37 -151.605
9378.38 -151.297
9390.39 -150.983
9402.4 -150.66
9414.41 -150.331
9426.43 -149.993
9438.44 -149.649
9450.45 -149.296
9462.46 -148.936
9474.47 -148.569
9486.49 -148.193
9498.5 -147.81
9510.51 -147.419
9522.52 -147.02
9534.53 -146.613
9546.55 -146.199
9558.56 -145.776
9570.57 -145.345
9582.58 -144.907
9594.59 -144.46
9606.61 -144.005
9618.62 -143.542
9630.63 -143.07
9642.64 -142.591
9654.65 -142.103
9666.67 -141.607
9678.68 -141.102
9690.69 -140.589
9702.7 -140.067
9714.71 -139.537
9726.73 -138.998
9738.74 -138.451
9750.75 -137.895
9762.76 -137.33
9774.77 -136.756
9786.79 -136.174
9798.8 -135.583
9810.81 -134.983
9822.82 -134.375
9834.83 -133.757
9846.85 -133.131
9858.86 -132.495
9870.87 -131.851
9882.88 -131.197
9894.89 -130.535
9906.91 -129.863
9918.92 -129.182
9930.93 -128.493
9942.94 -127.794
9954.95 -127.086
9966.97 -126.369
9978.98 -125.642
9990.99 -124.907
10003 -124.162
10015 -123.408
10027 -122.645
10039 -121.873
10051.1 -121.092
10063.1 -120.301
10075.1 -119.502
10087.1 -118.693
10099.1 -117.875
10111.1 -117.047
10123.1 -116.211
10135.1 -115.365
10147.1 -114.511
10159.2 -113.647
10171.2 -112.774
10183.2 -111.892
10195.2 -111.001
10207.2 -110.1
10219.2 -109.191
10231.2 -108.273
10243.2 -107.345
10255.3 -106.409
10267.3 -105.463
10279.3 -104.509
10291.3 -103.545
10303.3 -102.573
10315.3 -101.592
10327.3 -100.601
10339.3 -99.6018
10351.4 -98.5935
10363.4 -97.5761
10375.4 -96.5497
10387.4 -95.5142
10399.4 -94.4696
10411.4 -93.4158
10423.4 -92.3529
10435.4 -91.2806
10447.4 -90.199
10459.5 -89.1079
10471.5 -88.0071
10483.5 -86.8966
10495.5 -85.7761
10507.5 -84.6455
10519.5 -83.5044
10531.5 -82.3527
10543.5 -81.1898
10555.6 -80.0155
10567.6 -78.8293
10579.6 -77.6305
10591.6 -76.4186
10603.6 -75.1927
10615.6 -73.9519
10627.6 -72.6951
10639.6 -71.4209
10651.7 -70.1278
10663.7 -68.8136
10675.7 -67.4758
10687.7 -66.1114
10699.7 -64.7161
10711.7 -63.2846
10723.7 -61.8094
10735.7 -60.2802
10747.7 -58.6809
10759.8 -56.9854
10771.8 -55.1434
10783.8 -53.0187
10795.8 -50.2406
10807.8 -48.2135
10819.8 -46.5368
10831.8 -45.0878
10843.8 -43.8262
10855.9 -42.7391
10867.9 -41.8329
10879.9 -41.1413
10891.9 -40.7972
10903.9 -40.8571
10915.9 -40.46
10927.9 -39.9437
10939.9 -39.3753
10952 -38.7846
10964 -38.1907
10976 -37.6096
10988 -37.0618
11000 -36.6172
11012 -36.1758
11024 -35.6366
11036 -35.0678
11048 -34.4865
11060.1 -33.9037
11072.1 -33.3285
11084.1 -32.7726
11096.1 -32.2566
11108.1 -31.873
11120.1 -31.3973
11132.1 -30.8472
11144.1 -30.2611
11156.2 -29.6523
11168.2 -29.0288
11180.2 -28.3969
11192.2 -27.7633
11204.2 -27.1401
11216.2 -26.5597
11228.2 -25.9186
11240.2 -25.246
11252.3 -24.5535
11264.3 -23.8465
11276.3 -23.1287
11288.3 -22.4039
11300.3 -21.6778
11312.3 -20.9656
11324.3 -20.2817
11336.3 -19.5161
11348.3 -18.7078
11360.4 -17.8629
11372.4 -16.9813
11384.4 -16.0587
11396.4 -15.0855
11408.4 -14.0388
11420.4 -12.8225
11432.4 -11.545
11444.4 -10.4891
11456.5 -9.51329
11468.5 -8.59303
11480.5 -7.71886
11492.5 -6.88806
11504.5 -6.10374
11516.5 -5.38013
11528.5 -4.8065
11540.5 -4.16258
11552.6 -3.44631
11564.6 -2.69732
11576.6 -1.92631
11588.6 -1.13768
11600.6 -0.333117
11612.6 0.487588
11624.6 1.3275
11636.6 2.19927
11648.6 3.06465
11660.7 3.93409
11672.7 4.81388
11684.7 5.70864
11696.7 6.624
11708.7 7.56844
11720.7 8.55786
11732.7 9.63783
11744.7 10.8723
11756.8 11.9012
11768.8 12.8509
11780.8 13.7508
11792.8 14.6129
11804.8 15.4433
11816.8 16.2451
11828.8 17.0188
11840.8 17.756
11852.9 18.4663
11864.9 19.1935
11876.9 19.9199
11888.9 20.6435
11900.9 21.3649
11912.9 22.0856
11924.9 22.8086
11936.9 23.5406
11948.9 24.3163
11961 25.0604
11973 25.7645
11985 26.4469
11997 27.1132
12009 27.7664
12021 28.4088
12033 29.0419
12045 29.6668
12057.1 30.2825
12069.1 30.9001
12081.1 31.5203
12093.1 32.1454
12105.1 32.7794
12117.1 33.4288
12129.1 34.104
12141.1 34.8254
12153.2 35.6505
12165.2 36.6916
12177.2 37.4297
12189.2 38.0325
12201.2 38.5413
12213.2 38.9705
12225.2 39.3244
12237.2 39.6
12249.2 39.783
12261.3 39.8132
12273.3 39.7061
12285.3 39.7704
12297.3 39.8757
12309.3 39.999
12321.3 40.1315
12333.3 40.2696
12345.3 40.4143
12357.4 40.5734
12369.4 40.8054
12381.4 40.9804
12393.4 41.0607
12405.4 41.0797
12417.4 41.0416
12429.4 40.9436
12441.4 40.7767
12453.5 40.5216
12465.5 40.1299
12477.5 39.3797
12489.5 38.8862
12501.5 38.5552
12513.5 38.3071
12525.5 38.1163
12537.5 37.9714
12549.5 37.8681
12561.6 37.8088
12573.6 37.8118
12585.6 37.9278
12597.6 37.9351
12609.6 37.8977
12621.6 37.8323
12633.6 37.7437
12645.6 37.6322
12657.7 37.4955
12669.7 37.3262
12681.7 37.0988
12693.7 36.8075
12705.7 36.6003
12717.7 36.4163
12729.7 36.2431
12741.7 36.0745
12753.8 35.9059
12765.8 35.7329
12777.8 35.5482
12789.8 35.3226
12801.8 35.1055
12813.8 34.9273
12825.8 34.7642
12837.8 34.6099
12849.8 34.4604
12861.9 34.3123
12873.9 34.1611
12885.9 33.9985
12897.9 33.7879
12909.9 33.6227
12921.9 33.4925
12933.9 33.3828
12945.9 33.2889
12958 33.2082
12970 33.1386
12982 33.078
12994 33.0222
13006 32.9597
13018 32.9335
13030 32.933
13042 32.9555
13054.1 33.0021
13066.1 33.0757
13078.1 33.182
13090.1 33.3334
13102.1 33.5688
13114.1 33.9167
13126.1 34.1153
13138.1 34.2648
13150.2 34.3862
13162.2 34.4888
13174.2 34.5785
13186.2 34.66
13198.2 34.7388
13210.2 34.8312
13222.2 34.9184
13234.2 34.9689
13246.2 35.0018
13258.3 35.0218
13270.3 35.0321
13282.3 35.0357
13294.3 35.0373
13306.3 35.0469
13318.3 35.1171
13330.3 35.1159
13342.3 35.0463
13354.4 34.9285
13366.4 34.7656
13378.4 34.5552
13390.4 34.2903
13402.4 33.9548
13414.4 33.5056
13426.4 32.7922
13438.4 32.3082
13450.5 31.9324
13462.5 31.6143
13474.5 31.3354
13486.5 31.0864
13498.5 30.8619
13510.5 30.659
13522.5 30.4787
13534.5 30.3235
13546.5 30.16
13558.6 29.9976
13570.6 29.8368
13582.6 29.6764
13594.6 29.5141
13606.6 29.3459
13618.6 29.1637
13630.6 28.9355
13642.6 28.6903
13654.7 28.5348
13666.7 28.4179
13678.7 28.3307
13690.7 28.2702
13702.7 28.2355
13714.7 28.2286
13726.7 28.2559
13738.7 28.3565
13750.8 28.438
13762.8 28.4957
13774.8 28.5487
13786.8 28.6024
13798.8 28.6598
13810.8 28.7229
13822.8 28.7935
13834.8 28.8742
13846.8 28.9718
13858.9 29.0696
13870.9 29.1725
13882.9 29.2838
13894.9 29.4058
13906.9 29.5414
13918.9 29.6942
13930.9 29.871
13942.9 30.0894
13955 30.3798
13967 30.5971
13979 30.7916
13991 30.9767
14003 31.1594
14015 31.3452
14027 31.5408
14039 31.7573
14051.1 32.0319
14063.1 32.347
14075.1 32.5473
14087.1 32.7023
14099.1 32.8244
14111.1 32.9183
14123.1 32.9852
14135.1 33.0239
14147.1 33.0277
14159.2 32.9545
14171.2 32.8972
14183.2 32.8735
14195.2 32.8592
14207.2 32.8478
14219.2 32.8357
14231.2 32.8203
14243.2 32.7987
14255.3 32.7657
14267.3 32.7028
14279.3 32.6599
14291.3 32.6272
14303.3 32.5974
14315.3 32.567
14327.3 32.5333
14339.3 32.4925
14351.4 32.4391
14363.4 32.3582
14375.4 32.2183
14387.4 32.1527
14399.4 32.1188
14411.4 32.1048
14423.4 32.106
14435.4 32.1195
14447.4 32.143
14459.5 32.1742
14471.5 32.2072
14483.5 32.2418
14495.5 32.3064
14507.5 32.3895
14519.5 32.4894
14531.5 32.6062
14543.5 32.7413
14555.6 32.8974
14567.6 33.0812
14579.6 33.3296
14591.6 33.5705
14603.6 33.7762
14615.6 33.972
14627.6 34.1644
14639.6 34.3566
14651.7 34.5511
14663.7 34.7498
14675.7 34.9554
14687.7 35.1751
14699.7 35.3938
14711.7 35.6151
14723.7 35.8428
14735.7 36.0797
14747.7 36.329
14759.8 36.5954
14771.8 36.8873
14783.8 37.2263
14795.8 37.6698
14807.8 38.0029
14819.8 38.2881
14831.8 38.5455
14843.8 38.7829
14855.9 39.0046
14867.9 39.2135
14879.9 39.4119
14891.9 39.6035
14903.9 39.7901
14915.9 39.9561
14927.9 40.1078
14939.9 40.2463
14952 40.3712
14964 40.4815
14976 40.5751
14988 40.6464
15000 40.6699
15012 40.6864
15024 40.7367
15036 40.7944
15048 40.8532
15060.1 40.9089
15072.1 40.9573
15084.1 40.9923
15096.1 41.0012
15108.1 40.9227
15120.1 40.9104
15132.1 40.9538
15144.1 41.0279
15156.2 41.1253
15168.2 41.2424
15180.2 41.3776
15192.2 41.5309
15204.2 41.7044
15216.2 41.9072
15228.2 42.1059
15240.2 42.3093
15252.3 42.5209
15264.3 42.7425
15276.3 42.9758
15288.3 43.2231
15300.3 43.4882
15312.3 43.782
15324.3 44.1153
15336.3 44.4125
15348.3 44.7023
15360.4 44.9914
15372.4 45.2833
15384.4 45.5804
15396.4 45.8856
15408.4 46.2026
15420.4 46.544
15432.4 46.8984
15444.4 47.2342
15456.5 47.5697
15468.5 47.9097
15480.5 48.2582
15492.5 48.62
15504.5 49.0022
15516.5 49.4202
15528.5 49.9531
15540.5 50.4136
15552.6 50.8014
15564.6 51.1517
15576.6 51.4744
15588.6 51.774
15600.6 52.0518
15612.6 52.3068
15624.6 52.5322
15636.6 52.6989
15648.6 52.9031
15660.7 53.1232
15672.7 53.3495
15684.7 53.5786
15696.7 53.8086
15708.7 54.0382
15720.7 54.2659
15732.7 54.4884
15744.7 54.7013
15756.8 54.9276
15768.8 55.159
15780.8 55.393
15792.8 55.6282
15804.8 55.8633
15816.8 56.096
15828.8 56.3218
15840.8 56.5232
15852.9 56.7132
15864.9 56.9612
15876.9 57.2363
15888.9 57.534
15900.9 57.8537
15912.9 58.1968
15924.9 58.567
15936.9 58.9738
15948.9 59.4678
15961 59.9383
15973 60.3733
15985 60.8003
15997 61.2287
16009 61.6649
16021 62.1157
16033 62.5908
16045 63.1113
16057.1 63.7581
16069.1 64.2967
16081.1 64.7752
16093.1 65.2224
16105.1 65.6494
16117.1 66.0627
16129.1 66.4679
16141.1 66.8709
16153.2 67.2837
16165.2 67.7271
16177.2 68.1152
16189.2 68.4783
16201.2 68.8254
16213.2 69.1615
16225.2 69.4907
16237.2 69.8181
16249.2 70.1523
16261.3 70.5201
16273.3 70.9163
16285.3 71.2146
16297.3 71.4694
16309.3 71.691
16321.3 71.8834
16333.3 72.0482
16345.3 72.1853
16357.4 72.2921
16369.4 72.3481
16381.4 72.3969
16393.4 72.4502
16405.4 72.495
16417.4 72.5277
16429.4 72.5458
16441.4 72.5468
16453.5 72.5272
16465.5 72.4791
16477.5 72.3682
16489.5 72.2886
16501.5 72.2257
16513.5 72.1672
16525.5 72.1091
16537.5 72.0499
16549.5 71.9892
16561.6 71.9283
16573.6 71.8726
16585.6 71.8368
16597.6 71.7582
16609.6 71.6551
16621.6 71.5323
16633.6 71.3915
16645.6 71.2332
16657.7 71.0575
16669.7 70.8645
16681.7 70.6549
16693.7 70.4281
16705.7 70.1765
16717.7 69.9016
16729.7 69.6025
16741.7 69.2774
16753.8 68.9237
16765.8 68.5373
16777.8 68.1099
16789.8 67.604
16801.8 67.0837
16813.8 66.5881
16825.8 66.0857
16837.8 65.5672
16849.8 65.0257
16861.9 64.4544
16873.9 63.8436
16885.9 63.1742
16897.9 62.3616
16909.9 61.6192
16921.9 60.9217
16933.9 60.2345
16945.9 59.5446
16958 58.843
16970 58.1214
16982 57.3691
16994 56.5646
17006 55.6507
17018 54.8187
17030 54.0117
17042 53.2077
17054.1 52.3956
17066.1 51.5663
17078.1 50.7094
17090.1 49.8091
17102.1 48.8229
17114.1 47.7192
17126.1 46.7624
17138.1 45.8479
17150.2 44.952
17162.2 44.0622
17174.2 43.1692
17186.2 42.2633
17198.2 41.33
17210.2 40.3183
17222.2 39.2921
17234.2 38.3566
17246.2 37.4502
17258.3 36.5592
17270.3 35.676
17282.3 34.7946
17294.3 33.9087
17306.3 33.009
17318.3 32.0564
17330.3 31.1406
17342.3 30.2571
17354.4 29.3889
17366.4 28.5303
17378.4 27.6781
17390.4 26.8302
17402.4 25.9848
17414.4 25.1402
17426.4 24.2932
17438.4 23.4515
17450.5 22.6127
17462.5 21.7759
17474.5 20.9404
17486.5 20.1062
17498.5 19.2729
17510.5 18.4401
17522.5 17.6061
17534.5 16.7686
17546.5 15.9464
17558.6 15.1341
17570.6 14.3315
17582.6 13.5395
17594.6 12.7597
17606.6 11.9948
17618.6 11.249
17630.6 10.5362
17642.6 9.8469
17654.7 9.14149
17666.7 8.44227
17678.7 7.75554
17690.7 7.08626
17702.7 6.43978
17714.7 5.82342
17726.7 5.25072
17738.7 4.78448
17750.8 4.28696
17762.8 3.75432
17774.8 3.2182
17786.8 2.69017
17798.8 2.17838
17810.8 1.69078
17822.8 1.23787
17834.8 0.840523
17846.8 0.571082
17858.9 0.219055
17870.9 -0.166968
17882.9 -0.560618
17894.9 -0.950551
17906.9 -1.32887
17918.9 -1.68804
17930.9 -2.01813
17942.9 -2.29679
17955 -2.4878
17967 -2.75988
17979 -3.05412
17991 -3.35505
18003 -3.65573
18015 -3.95192
18027 -4.24058
18039 -4.5192
18051.1 -4.78503
18063.1 -5.03694
18075.1 -5.27755
18087.1 -5.50362
18099.1 -5.71335
18111.1 -5.90492
18123.1 -6.07606
18135.1 -6.22339
18147.1 -6.34028
18159.2 -6.39321
18171.2 -6.45201
18183.2 -6.52909
18195.2 -6.60519
18207.2 -6.67433
18219.2 -6.7327
18231.2 -6.77668
18243.2 -6.8013
18255.3 -6.79611
18267.3 -6.71805
18279.3 -6.68816
18291.3 -6.68506
18303.3 -6.69356
18315.3 -6.70848
18327.3 -6.72722
18339.3 -6.74822
18351.4 -6.77033
18363.4 -6.79217
18375.4 -6.81143
18387.4 -6.83762
18399.4 -6.8681
18411.4 -6.90265
18423.4 -6.94182
18435.4 -6.98682
18447.4 -7.03978
18459.5 -7.10495
18471.5 -7.19617
18483.5 -7.31388
18495.5 -7.3873
18507.5 -7.44695
18519.5 -7.49937
18531.5 -7.54822
18543.5 -7.59659
18555.6 -7.6482
18567.6 -7.70952
18579.6 -7.8113
18591.6 -7.89511
18603.6 -7.93872
18615.6 -7.96296
18627.6 -7.97321
18639.6 -7.9722
18651.7 -7.96161
18663.7 -7.9426
18675.7 -7.91604
18687.7 -7.88264
18699.7 -7.84275
18711.7 -7.79681
18723.7 -7.74517
18735.7 -7.6881
18747.7 -7.6258
18759.8 -7.55844
18771.8 -7.48617
18783.8 -7.40931
18795.8 -7.32869
18807.8 -7.24006
18819.8 -7.14402
18831.8 -7.04012
18843.8 -6.9272
18855.9 -6.80328
18867.9 -6.66474
18879.9 -6.50398
18891.9 -6.2959
18903.9 -6.02991
18915.9 -5.86404
18927.9 -5.73683
18939.9 -5.63698
18952 -5.56069
18964 -5.50722
18976 -5.47847
18988 -5.48094
19000 -5.54963
