7000 -0.0119292
7012.01 -0.0118913
7024.02 -0.0118525
7036.04 -0.0118122
7048.05 -0.0117706
7060.06 -0.0117286
7072.07 -0.0116858
7084.08 -0.0116422
7096.1 -0.0115976
7108.11 -0.0115521
7120.12 -0.0115055
7132.13 -0.0114575
7144.14 -0.0114069
7156.16 -0.0113558
7168.17 -0.0113044
7180.18 -0.0112522
7192.19 -0.0111992
7204.2 -0.0111451
7216.22 -0.01109
7228.23 -0.0110335
7240.24 -0.0109752
7252.25 -0.0109137
7264.26 -0.0108527
7276.28 -0.010791
7288.29 -0.0107286
7300.3 -0.0106651
7312.31 -0.0106003
7324.32 -0.0105341
7336.34 -0.0104658
7348.35 -0.010393
7360.36 -0.0103189
7372.37 -0.0102462
7384.38 -0.0101735
7396.4 -0.0101006
7408.41 -0.0100274
7420.42 -0.00995376
7432.43 -0.00987987
7444.44 -0.00980616
7456.46 -0.00973499
7468.47 -0.00966054
7480.48 -0.00958344
7492.49 -0.00950424
7504.5 -0.00942316
7516.52 -0.00934041
7528.53 -0.00925498
7540.54 -0.00915927
7552.55 -0.00906139
7564.56 -0.00896194
7576.58 -0.00885897
7588.59 -0.00875319
7600.6 -0.00864482
7612.61 -0.0085341
7624.62 -0.00842158
7636.64 -0.00829625
7648.65 -0.00814672
7660.66 -0.00799302
7672.67 -0.00783424
7684.68 -0.0076702
7696.7 -0.00750113
7708.71 -0.00732691
7720.72 -0.00714712
7732.73 -0.00696052
7744.74 -0.0067942
7756.76 -0.00664248
7768.77 -0.00648513
7780.78 -0.00632912
7792.79 -0.00617205
7804.8 -0.006013
7816.82 -0.00585152
7828.83 -0.00568721
7840.84 -0.0055192
7852.85 -0.00536717
7864.86 -0.00521783
7876.88 -0.00506714
7888.89 -0.00491289
7900.9 -0.00475588
7912.91 -0.00459619
7924.92 -0.00443389
7936.94 -0.00426898
7948.95 -0.00410126
7960.96 -0.00392829
7972.97 -0.0037509
7984.98 -0.00357343
7997 -0.00339538
8009.01 -0.00321618
8021.02 -0.00303567
8033.03 -0.0028537
8045.05 -0.00266984
8057.06 -0.00249567
8069.07 -0.00234826
8081.08 -0.0022029
8093.09 -0.00205973
8105.11 -0.00191866
8117.12 -0.00178003
8129.13 -0.00164452
8141.14 -0.00151339
8153.15 -0.00138981
8165.17 -0.00119821
8177.18 -0.000943322
8189.19 -0.000683223
8201.2 -0.000416778
8213.21 -0.000147827
8225.23 0.000122565
8237.24 0.000393903
8249.25 0.000666253
8261.26 0.000941665
8273.27 0.00114485
8285.29 0.00132182
8297.3 0.00149424
8309.31 0.00166164
8321.32 0.00182375
8333.33 0.0019803
8345.35 0.00213097
8357.36 0.00227533
8369.37 0.00241343
8381.38 0.00255965
8393.39 0.00270034
8405.41 0.00283549
8417.42 0.00296417
8429.43 0.00308603
8441.44 0.00320079
8453.45 0.00330824
8465.47 0.00340819
8477.48 0.0035005
8489.49 0.00358493
8501.5 0.00366202
8513.51 0.00373155
8525.53 0.00379329
8537.54 0.0038472
8549.55 0.00389326
8561.56 0.00393151
8573.57 0.00396198
8585.59 0.0039847
8597.6 0.00399988
8609.61 0.00400947
8621.62 0.00401217
8633.63 0.00400798
8645.65 0.00399702
8657.66 0.00397946
8669.67 0.00395549
8681.68 0.00392532
8693.69 0.00388921
8705.71 0.00384723
8717.72 0.00379962
8729.73 0.00374679
8741.74 0.00368902
8753.75 0.00362661
8765.77 0.00355983
8777.78 0.00348897
8789.79 0.0034143
8801.8 0.00333611
8813.81 0.00325505
8825.83 0.00317107
8837.84 0.00308439
8849.85 0.00299528
8861.86 0.002904
8873.87 0.00281081
8885.89 0.00271595
8897.9 0.00261966
8909.91 0.00252203
8921.92 0.00242317
8933.93 0.0023236
8945.95 0.00222353
8957.96 0.00212316
8969.97 0.00202269
8981.98 0.0019223
8993.99 0.00182216
9006.01 0.00172242
9018.02 0.00162341
9030.03 0.00152514
9042.04 0.00142768
9054.05 0.00133115
9066.07 0.00123568
9078.08 0.00114138
9090.09 0.00104835
9102.1 0.000956705
9114.11 0.000866523
9126.13 0.000777744
9138.14 0.00069061
9150.15 0.00060519
9162.16 0.000521543
9174.17 0.000439726
9186.19 0.000359788
9198.2 0.000281777
9210.21 0.00020574
9222.22 0.000131724
9234.23 5.96615e-05
9246.25 -1.0364e-05
9258.26 -7.83268e-05
9270.27 -0.00014421
9282.28 -0.000207999
9294.29 -0.000269684
9306.31 -0.000329253
9318.32 -0.000386686
9330.33 -0.000441967
9342.34 -0.000495206
9354.35 -0.000546366
9366.37 -0.000595445
9378.38 -0.000642444
9390.39 -0.000687363
9402.4 -0.000730198
9414.41 -0.000770924
9426.43 -0.000809362
9438.44 -0.000845866
9450.45 -0.000880623
9462.46 -0.000913539
9474.47 -0.000944609
9486.49 -0.000973843
9498.5 -0.00100125
9510.51 -0.00102686
9522.52 -0.00105066
9534.53 -0.00107263
9546.55 -0.00109293
9558.56 -0.00111154
9570.57 -0.00112846
9582.58 -0.0011437
9594.59 -0.00115725
9606.61 -0.00116908
9618.62 -0.00117912
9630.63 -0.00118709
9642.64 -0.00119292
9654.65 -0.00119847
9666.67 -0.00120305
9678.68 -0.00120655
9690.69 -0.00120893
9702.7 -0.00121019
9714.71 -0.00121034
9726.73 -0.00120938
9738.74 -0.00120734
9750.75 -0.00120421
9762.76 -0.00120002
9774.77 -0.00119477
9786.79 -0.00118846
9798.8 -0.0011811
9810.81 -0.00117266
9822.82 -0.00116309
9834.83 -0.00115224
9846.85 -0.00113965
9858.86 -0.00112737
9870.87 -0.0011148
9882.88 -0.00110173
9894.89 -0.00108814
9906.91 -0.00107401
9918.92 -0.00105935
9930.93 -0.0010442
9942.94 -0.0010287
9954.95 -0.00101273
9966.97 -0.000995635
9978.98 -0.000977758
9990.99 -0.000959152
10003 -0.000939832
10015 -0.00091979
10027 -0.000898982
10039 -0.000877285
10051.1 -0.00085401
10063.1 -0.000831383
10075.1 -0.000809127
10087.1 -0.000786882
10099.1 -0.000764588
10111.1 -0.00074226
10123.1 -0.000719969
10135.1 -0.000697877
10147.1 -0.000676417
10159.2 -0.000656305
10171.2 -0.000632888
10183.2 -0.000608051
10195.2 -0.00058225
10207.2 -0.000555672
10219.2 -0.000528442
10231.2 -0.000500676
10243.2 -0.000472531
10255.3 -0.000444414
10267.3 -0.000415756
10279.3 -0.000385225
10291.3 -0.000353754
10303.3 -0.000321556
10315.3 -0.000288797
10327.3 -0.000255674
10339.3 -0.0002225
10351.4 -0.000189953
10363.4 -0.000160935
10375.4 -0.000125202
10387.4 -8.51778e-05
10399.4 -4.2382e-05
10411.4 2.75739e-06
10423.4 5.00347e-05
10435.4 9.93202e-05
10447.4 0.000150495
10459.5 0.000203344
10471.5 0.000257717
10483.5 0.000315548
10495.5 0.000375967
10507.5 0.000438812
10519.5 0.000504018
10531.5 0.000571528
10543.5 0.000641242
10555.6 0.000712917
10567.6 0.00078554
10579.6 0.000862034
10591.6 0.000945264
10603.6 0.00103299
10615.6 0.00112499
10627.6 0.00122126
10639.6 0.0013219
10651.7 0.00142709
10663.7 0.0015372
10675.7 0.00165325
10687.7 0.00177067
10699.7 0.00189133
10711.7 0.00201592
10723.7 0.00214476
10735.7 0.00227809
10747.7 0.00241614
10759.8 0.00255918
10771.8 0.00270768
10783.8 0.00286125
10795.8 0.00301709
10807.8 0.00317726
10819.8 0.00334219
10831.8 0.00351215
10843.8 0.00368741
10855.9 0.00386832
10867.9 0.00405546
10879.9 0.00425083
10891.9 0.00444269
10903.9 0.00463238
10915.9 0.00482436
10927.9 0.00501932
10939.9 0.00521759
10952 0.00541937
10964 0.00562485
10976 0.00583433
10988 0.00604747
11000 0.00625742
11012 0.00646929
11024 0.00668371
11036 0.00690098
11048 0.00712137
11060.1 0.00734527
11072.1 0.00757335
11084.1 0.007807
11096.1 0.00804389
11108.1 0.00826982
11120.1 0.00837621
11132.1 0.00846565
11144.1 0.00854487
11156.2 0.0086156
11168.2 0.00867834
11180.2 0.00873291
11192.2 0.0087784
11204.2 0.00880936
11216.2 0.00885358
11228.2 0.0089396
11240.2 0.00902499
11252.3 0.00910685
11264.3 0.00918375
11276.3 0.0092545
11288.3 0.00931775
11300.3 0.00936986
11312.3 0.00940565
11324.3 0.00948573
11336.3 0.00960322
11348.3 0.00972146
11360.4 0.00983791
11372.4 0.00995142
11384.4 0.0100614
11396.4 0.0101676
11408.4 0.0102706
11420.4 0.0103713
11432.4 0.0104469
11444.4 0.0105115
11456.5 0.0105688
11468.5 0.010619
11480.5 0.0106624
11492.5 0.0106989
11504.5 0.0107289
11516.5 0.0107535
11528.5 0.0107708
11540.5 0.0107959
11552.6 0.0108165
11564.6 0.0108317
11576.6 0.0108415
11588.6 0.010846
11600.6 0.0108455
11612.6 0.0108438
11624.6 0.0108361
11636.6 0.0108285
11648.6 0.0108385
11660.7 0.0108465
11672.7 0.0108517
11684.7 0.0108541
11696.7 0.0108539
11708.7 0.0108519
11720.7 0.0108513
11732.7 0.0108473
11744.7 0.0108362
11756.8 0.0108181
11768.8 0.010797
11780.8 0.0107736
11792.8 0.0107487
11804.8 0.0107232
11816.8 0.0107
11828.8 0.01068
11840.8 0.01066
11852.9 0.0106111
11864.9 0.01055
11876.9 0.0104848
11888.9 0.0104169
11900.9 0.0103472
11912.9 0.0102768
11924.9 0.0102087
11936.9 0.0101399
11948.9 0.010071
11961 0.00997196
11973 0.00986727
11985 0.00975943
11997 0.00964945
12009 0.00953811
12021 0.00942665
12033 0.00931745
12045 0.00920397
12057.1 0.00908902
12069.1 0.00897616
12081.1 0.00886291
12093.1 0.00874954
12105.1 0.00863644
12117.1 0.00852422
12129.1 0.00841432
12141.1 0.00830688
12153.2 0.00820401
12165.2 0.00807524
12177.2 0.00790705
12189.2 0.00773207
12201.2 0.0075526
12213.2 0.00736969
12225.2 0.00718417
12237.2 0.00699841
12249.2 0.00680538
12261.3 0.0066034
12273.3 0.00642574
12285.3 0.00626047
12297.3 0.00609582
12309.3 0.00593074
12321.3 0.00576475
12333.3 0.00559787
12345.3 0.00542949
12357.4 0.00525196
12369.4 0.00506162
12381.4 0.00495987
12393.4 0.00487234
12405.4 0.00479135
12417.4 0.00471497
12429.4 0.00464238
12441.4 0.00457443
12453.5 0.00450626
12465.5 0.00443498
12477.5 0.00437201
12489.5 0.00436825
12501.5 0.00437635
12513.5 0.00439328
12525.5 0.00441853
12537.5 0.00445269
12549.5 0.00449798
12561.6 0.00455191
12573.6 0.00462143
12585.6 0.00464792
12597.6 0.00458875
12609.6 0.00451974
12621.6 0.00444625
12633.6 0.0043707
12645.6 0.00429506
12657.7 0.00422078
12669.7 0.00414795
12681.7 0.0040833
12693.7 0.00395914
12705.7 0.00379427
12717.7 0.00362022
12729.7 0.00343977
12741.7 0.00325444
12753.8 0.0030672
12765.8 0.00287129
12777.8 0.00266632
12789.8 0.00244993
12801.8 0.00226984
12813.8 0.00209241
12825.8 0.00191383
12837.8 0.00173317
12849.8 0.00154981
12861.9 0.00136303
12873.9 0.00117398
12885.9 0.000980989
12897.9 0.00078818
12909.9 0.000623149
12921.9 0.000459791
12933.9 0.000296064
12945.9 0.000131056
12958 -3.60031e-05
12970 -0.000206081
12982 -0.000380777
12994 -0.000563995
13006 -0.000710885
13018 -0.000780133
13030 -0.000839416
13042 -0.000892923
13054.1 -0.000942671
13066.1 -0.000991591
13078.1 -0.00103146
13090.1 -0.00106472
13102.1 -0.0010916
13114.1 -0.00113351
13126.1 -0.00118591
13138.1 -0.00123766
13150.2 -0.00128812
13162.2 -0.00133699
13174.2 -0.00138401
13186.2 -0.00142889
13198.2 -0.00147078
13210.2 -0.00150593
13222.2 -0.0015941
13234.2 -0.00169121
13246.2 -0.00179124
13258.3 -0.00189354
13270.3 -0.00199902
13282.3 -0.0021029
13294.3 -0.00220182
13306.3 -0.00229804
13318.3 -0.00239763
13330.3 -0.00253878
13342.3 -0.00268406
13354.4 -0.00283172
13366.4 -0.00298137
13378.4 -0.00313301
13390.4 -0.00328653
13402.4 -0.00344268
13414.4 -0.00360336
13426.4 -0.00373119
13438.4 -0.00379201
13450.5 -0.00384697
13462.5 -0.00389862
13474.5 -0.00394821
13486.5 -0.00399551
13498.5 -0.00403761
13510.5 -0.00407658
13522.5 -0.00411196
13534.5 -0.00417084
13546.5 -0.00424588
13558.6 -0.0043216
13570.6 -0.00439753
13582.6 -0.00447373
13594.6 -0.00454908
13606.6 -0.00462364
13618.6 -0.00469805
13630.6 -0.00477325
13642.6 -0.00482201
13654.7 -0.00486527
13666.7 -0.00490694
13678.7 -0.00494737
13690.7 -0.0049868
13702.7 -0.00502309
13714.7 -0.00505717
13726.7 -0.00508859
13738.7 -0.00512802
13750.8 -0.00524693
13762.8 -0.00536947
13774.8 -0.00549357
13786.8 -0.00561883
13798.8 -0.00574367
13810.8 -0.00586557
13822.8 -0.00598596
13834.8 -0.00610395
13846.8 -0.0062665
13858.9 -0.00651434
13870.9 -0.00676588
13882.9 -0.0070195
13894.9 -0.00727468
13906.9 -0.00753039
13918.9 -0.00778681
13930.9 -0.00804426
13942.9 -0.00830356
13955 -0.00849628
13967 -0.00864248
13979 -0.00878661
13991 -0.00892958
14003 -0.00907136
14015 -0.0092096
14027 -0.0093469
14039 -0.00948395
14051.1 -0.00962255
14063.1 -0.00960206
14075.1 -0.00955135
14087.1 -0.00949787
14099.1 -0.00944244
14111.1 -0.00938612
14123.1 -0.00932919
14135.1 -0.00927155
14147.1 -0.00921365
14159.2 -0.00913674
14171.2 -0.00887821
14183.2 -0.00861652
14195.2 -0.00835334
14207.2 -0.00808936
14219.2 -0.00782316
14231.2 -0.00755652
14243.2 -0.00728972
14255.3 -0.00702284
14267.3 -0.00681524
14279.3 -0.0067262
14291.3 -0.0066382
14303.3 -0.00655089
14315.3 -0.00646417
14327.3 -0.0063779
14339.3 -0.00629227
14351.4 -0.00620741
14363.4 -0.00612358
14375.4 -0.00616908
14387.4 -0.00630689
14399.4 -0.00644469
14411.4 -0.00658255
14423.4 -0.00671944
14435.4 -0.00685506
14447.4 -0.00699016
14459.5 -0.0071248
14471.5 -0.00725905
14483.5 -0.00740775
14495.5 -0.00755906
14507.5 -0.00770975
14519.5 -0.00785994
14531.5 -0.00800795
14543.5 -0.00815491
14555.6 -0.00830097
14567.6 -0.00844614
14579.6 -0.00859016
14591.6 -0.00872958
14603.6 -0.00886821
14615.6 -0.00900601
14627.6 -0.00914297
14639.6 -0.00927904
14651.7 -0.00941428
14663.7 -0.00954873
14675.7 -0.00968249
14687.7 -0.00982585
14699.7 -0.00999128
14711.7 -0.0101551
14723.7 -0.0103173
14735.7 -0.0104771
14747.7 -0.0106346
14759.8 -0.0107903
14771.8 -0.0109438
14783.8 -0.0110944
14795.8 -0.0111825
14807.8 -0.0112201
14819.8 -0.0112579
14831.8 -0.0112954
14843.8 -0.0113328
14855.9 -0.0113691
14867.9 -0.0114037
14879.9 -0.0114359
14891.9 -0.0114631
14903.9 -0.011283
14915.9 -0.0110516
14927.9 -0.0108244
14939.9 -0.0105994
14952 -0.0103764
14964 -0.0101562
14976 -0.00993881
14988 -0.00972454
15000 -0.00951554
15012 -0.00942003
15024 -0.00932245
15036 -0.00922498
15048 -0.00912842
15060.1 -0.00903286
15072.1 -0.0089386
15084.1 -0.00884613
15096.1 -0.0087565
15108.1 -0.00871658
15120.1 -0.0088093
15132.1 -0.00889787
15144.1 -0.0089842
15156.2 -0.00906818
15168.2 -0.00915102
15180.2 -0.00923304
15192.2 -0.00931457
15204.2 -0.00939625
15216.2 -0.00951442
15228.2 -0.00966658
15240.2 -0.00981622
15252.3 -0.00996361
15264.3 -0.0101089
15276.3 -0.0102527
15288.3 -0.010395
15300.3 -0.0105359
15312.3 -0.0106757
15324.3 -0.0108198
15336.3 -0.0109646
15348.3 -0.0111079
15360.4 -0.0112491
15372.4 -0.0113889
15384.4 -0.0115275
15396.4 -0.0116648
15408.4 -0.0118011
15420.4 -0.011937
15432.4 -0.0121114
15444.4 -0.0122846
15456.5 -0.012455
15468.5 -0.0126221
15480.5 -0.0127866
15492.5 -0.0129483
15504.5 -0.0131067
15516.5 -0.0132601
15528.5 -0.0133435
15540.5 -0.0131823
15552.6 -0.0130285
15564.6 -0.0128788
15576.6 -0.0127315
15588.6 -0.0125856
15600.6 -0.0124406
15612.6 -0.0122959
15624.6 -0.0121502
15636.6 -0.011919
15648.6 -0.0115849
15660.7 -0.0112557
15672.7 -0.0109293
15684.7 -0.0106065
15696.7 -0.010287
15708.7 -0.00997067
15720.7 -0.00965775
15732.7 -0.00934935
15744.7 -0.00917078
15756.8 -0.00905043
15768.8 -0.0089289
15780.8 -0.00880713
15792.8 -0.00868531
15804.8 -0.00856377
15816.8 -0.00844285
15828.8 -0.00832311
15840.8 -0.00820657
15852.9 -0.0082952
15864.9 -0.00840086
15876.9 -0.00850253
15888.9 -0.00860153
15900.9 -0.0086989
15912.9 -0.00879487
15924.9 -0.00888967
15936.9 -0.00898363
15948.9 -0.00909119
15961 -0.0092854
15973 -0.00947684
15985 -0.0096665
15997 -0.00985449
16009 -0.010041
16021 -0.0102261
16033 -0.01041
16045 -0.0105927
16057.1 -0.0107748
16069.1 -0.0109566
16081.1 -0.0111372
16093.1 -0.0113164
16105.1 -0.011495
16117.1 -0.0116731
16129.1 -0.0118508
16141.1 -0.0120282
16153.2 -0.0122055
16165.2 -0.0122938
16177.2 -0.0123245
16189.2 -0.0123563
16201.2 -0.0123887
16213.2 -0.0124216
16225.2 -0.0124552
16237.2 -0.0124896
16249.2 -0.0125253
16261.3 -0.0125635
16273.3 -0.0123776
16285.3 -0.0121461
16297.3 -0.0119148
16309.3 -0.011683
16321.3 -0.0114509
16333.3 -0.0112183
16345.3 -0.0109848
16357.4 -0.0107501
16369.4 -0.010521
16381.4 -0.0103942
16393.4 -0.0102682
16405.4 -0.010142
16417.4 -0.010015
16429.4 -0.00988681
16441.4 -0.00975709
16453.5 -0.00962519
16465.5 -0.0094898
16477.5 -0.00940514
16489.5 -0.00945456
16501.5 -0.00950768
16513.5 -0.0095617
16525.5 -0.0096157
16537.5 -0.00966941
16549.5 -0.00972249
16561.6 -0.00977445
16573.6 -0.00982412
16585.6 -0.00992407
16597.6 -0.0100735
16609.6 -0.0102256
16621.6 -0.0103794
16633.6 -0.0105346
16645.6 -0.0106912
16657.7 -0.0108493
16669.7 -0.0110091
16681.7 -0.0111708
16693.7 -0.0113291
16705.7 -0.011489
16717.7 -0.0116529
16729.7 -0.011819
16741.7 -0.0119878
16753.8 -0.0121601
16765.8 -0.0123368
16777.8 -0.0125199
16789.8 -0.0127141
16801.8 -0.0127459
16813.8 -0.0127689
16825.8 -0.0127901
16837.8 -0.0128114
16849.8 -0.012834
16861.9 -0.0128592
16873.9 -0.0128888
16885.9 -0.0129265
16897.9 -0.0129292
16909.9 -0.0127501
16921.9 -0.0125608
16933.9 -0.0123624
16945.9 -0.012157
16958 -0.0119453
16970 -0.0117272
16982 -0.0115019
16994 -0.0112666
17006 -0.0110703
17018 -0.0109408
17030 -0.0108135
17042 -0.0106856
17054.1 -0.0105557
17066.1 -0.0104228
17078.1 -0.0102855
17090.1 -0.0101414
17102.1 -0.00998402
17114.1 -0.00992926
17126.1 -0.00994484
17138.1 -0.00996793
17150.2 -0.00999521
17162.2 -0.0100255
17174.2 -0.010058
17186.2 -0.0100922
17198.2 -0.0101273
17210.2 -0.010161
17222.2 -0.0102251
17234.2 -0.0102968
17246.2 -0.0103725
17258.3 -0.0104518
17270.3 -0.0105349
17282.3 -0.0106222
17294.3 -0.0107143
17306.3 -0.0108131
17318.3 -0.0109132
17330.3 -0.0109562
17342.3 -0.0109953
17354.4 -0.0110337
17366.4 -0.0110727
17378.4 -0.0111134
17390.4 -0.011157
17402.4 -0.0112049
17414.4 -0.0112609
17426.4 -0.0112955
17438.4 -0.011263
17450.5 -0.0112224
17462.5 -0.0111774
17474.5 -0.0111299
17486.5 -0.0110808
17498.5 -0.0110314
17510.5 -0.0109836
17522.5 -0.010942
17534.5 -0.0108532
17546.5 -0.0107138
17558.6 -0.0105627
17570.6 -0.0104024
17582.6 -0.0102335
17594.6 -0.0100559
17606.6 -0.00986886
17618.6 -0.00967033
17630.6 -0.00945309
17642.6 -0.00929368
17654.7 -0.00915037
17666.7 -0.00900429
17678.7 -0.00885235
17690.7 -0.00869188
17702.7 -0.00851949
17714.7 -0.0083297
17726.7 -0.00811055
17738.7 -0.00785714
17750.8 -0.00795476
17762.8 -0.00811288
17774.8 -0.0083033
17786.8 -0.00851893
17798.8 -0.00875751
17810.8 -0.00901951
17822.8 -0.00930851
17834.8 -0.00963585
17846.8 -0.00994203
17858.9 -0.0100292
17870.9 -0.010088
17882.9 -0.0101335
17894.9 -0.0101709
17906.9 -0.0102028
17918.9 -0.0102306
17930.9 -0.0102553
17942.9 -0.0102775
17955 -0.0102963
17967 -0.0103128
17979 -0.0103282
17991 -0.0103427
18003 -0.0103564
18015 -0.0103694
18027 -0.0103818
18039 -0.0103937
18051.1 -0.0104051
18063.1 -0.0104164
18075.1 -0.0104273
18087.1 -0.0104378
18099.1 -0.010448
18111.1 -0.0104579
18123.1 -0.0104674
18135.1 -0.0104766
18147.1 -0.0104854
18159.2 -0.0104926
18171.2 -0.0104976
18183.2 -0.0105029
18195.2 -0.0105082
18207.2 -0.0105135
18219.2 -0.0105188
18231.2 -0.0105241
18243.2 -0.0105292
18255.3 -0.0105343
18267.3 -0.0105389
18279.3 -0.0105433
18291.3 -0.0105477
18303.3 -0.010552
18315.3 -0.0105562
18327.3 -0.0105603
18339.3 -0.0105642
18351.4 -0.0105679
18363.4 -0.0105711
18375.4 -0.0105718
18387.4 -0.0105727
18399.4 -0.0105737
18411.4 -0.0105748
18423.4 -0.0105758
18435.4 -0.0105769
18447.4 -0.0105778
18459.5 -0.0105785
18471.5 -0.0105784
18483.5 -0.0105774
18495.5 -0.0105765
18507.5 -0.0105757
18519.5 -0.0105748
18531.5 -0.010574
18543.5 -0.0105731
18555.6 -0.0105722
18567.6 -0.0105711
18579.6 -0.0105696
18591.6 -0.0105678
18603.6 -0.0105661
18615.6 -0.0105643
18627.6 -0.0105624
18639.6 -0.0105603
18651.7 -0.0105581
18663.7 -0.0105557
18675.7 -0.010553
18687.7 -0.0105488
18699.7 -0.0105447
18711.7 -0.0105407
18723.7 -0.0105366
18735.7 -0.0105324
18747.7 -0.0105281
18759.8 -0.0105236
18771.8 -0.0105189
18783.8 -0.0105136
18795.8 -0.0105077
18807.8 -0.0105019
18819.8 -0.0104959
18831.8 -0.0104898
18843.8 -0.0104834
18855.9 -0.0104768
18867.9 -0.0104698
18879.9 -0.0104623
18891.9 -0.0104523
18903.9 -0.0104421
18915.9 -0.0104321
18927.9 -0.0104222
18939.9 -0.0104122
18952 -0.0104022
18964 -0.0103922
18976 -0.010382
18988 -0.0103717
19000 -0.0103612
