7000 -0.00329232
7012.01 -0.00326653
7024.02 -0.00324051
7036.04 -0.003214
7048.05 -0.0031875
7060.06 -0.00316113
7072.07 -0.00313475
7084.08 -0.00310828
7096.1 -0.0030817
7108.11 -0.00305496
7120.12 -0.00302799
7132.13 -0.00300064
7144.14 -0.00297246
7156.16 -0.00294493
7168.17 -0.00291767
7180.18 -0.00289047
7192.19 -0.00286327
7204.2 -0.00283599
7216.22 -0.00280856
7228.23 -0.00278085
7240.24 -0.00275258
7252.25 -0.0027237
7264.26 -0.00269584
7276.28 -0.00266825
7288.29 -0.00264075
7300.3 -0.00261325
7312.31 -0.00258564
7324.32 -0.00255779
7336.34 -0.00252942
7348.35 -0.00249927
7360.36 -0.00247053
7372.37 -0.00244327
7384.38 -0.00241677
7396.4 -0.00239087
7408.41 -0.00236551
7420.42 -0.00234068
7432.43 -0.00231646
7444.44 -0.00229314
7456.46 -0.00227148
7468.47 -0.00224809
7480.48 -0.00222408
7492.49 -0.0021998
7504.5 -0.00217542
7516.52 -0.00215114
7528.53 -0.00212585
7540.54 -0.00209132
7552.55 -0.00205613
7564.56 -0.00202045
7576.58 -0.00198346
7588.59 -0.00194563
7600.6 -0.00190701
7612.61 -0.00186754
7624.62 -0.001827
7636.64 -0.00179074
7648.65 -0.00176435
7660.66 -0.0017388
7672.67 -0.00171276
7684.68 -0.00168624
7696.7 -0.00165932
7708.71 -0.00163202
7720.72 -0.0016043
7732.73 -0.00157617
7744.74 -0.00154543
7756.76 -0.00151206
7768.77 -0.00147672
7780.78 -0.00144364
7792.79 -0.00141121
7804.8 -0.00137906
7816.82 -0.00134704
7828.83 -0.00131505
7840.84 -0.00128289
7852.85 -0.001255
7864.86 -0.00122855
7876.88 -0.00120231
7888.89 -0.00117533
7900.9 -0.00114814
7912.91 -0.00112081
7924.92 -0.00109338
7936.94 -0.00106594
7948.95 -0.00103793
7960.96 -0.00100248
7972.97 -0.000965258
7984.98 -0.000929166
7997 -0.000893639
8009.01 -0.000858313
8021.02 -0.000823067
8033.03 -0.000787799
8045.05 -0.000752308
8057.06 -0.000720427
8069.07 -0.000697824
8081.08 -0.000676126
8093.09 -0.000655495
8105.11 -0.000635738
8117.12 -0.000616891
8129.13 -0.000599097
8141.14 -0.00058268
8153.15 -0.000568525
8165.17 -0.000535488
8177.18 -0.000485358
8189.19 -0.000433086
8201.2 -0.000377012
8213.21 -0.000319156
8225.23 -0.000259861
8237.24 -0.000199178
8249.25 -0.000136873
8261.26 -7.16599e-05
8273.27 -4.40963e-05
8285.29 -2.93116e-05
8297.3 -1.49349e-05
8309.31 -1.11737e-06
8321.32 1.20767e-05
8333.33 2.46217e-05
8345.35 3.64316e-05
8357.36 4.72724e-05
8369.37 5.763e-05
8381.38 8.94229e-05
8393.39 0.000122359
8405.41 0.000156421
8417.42 0.000190966
8429.43 0.000225807
8441.44 0.000260844
8453.45 0.000296005
8465.47 0.000331228
8477.48 0.00036644
8489.49 0.000401468
8501.5 0.000436743
8513.51 0.000472402
8525.53 0.000508173
8537.54 0.000543985
8549.55 0.000579783
8561.56 0.000615502
8573.57 0.000651051
8585.59 0.000686232
8597.6 0.000720526
8609.61 0.000756849
8621.62 0.00079398
8633.63 0.000831579
8645.65 0.000869534
8657.66 0.000907792
8669.67 0.000946323
8681.68 0.000985122
8693.69 0.00102422
8705.71 0.00106353
8717.72 0.00110262
8729.73 0.00114175
8741.74 0.00118094
8753.75 0.00122021
8765.77 0.00125953
8777.78 0.0012989
8789.79 0.00133828
8801.8 0.00137747
8813.81 0.00141725
8825.83 0.00145759
8837.84 0.00149822
8849.85 0.00153912
8861.86 0.00158028
8873.87 0.00162171
8885.89 0.00166344
8897.9 0.00170557
8909.91 0.00174827
8921.92 0.00178989
8933.93 0.00183127
8945.95 0.00187257
8957.96 0.00191384
8969.97 0.0019551
8981.98 0.00199635
8993.99 0.00203757
9006.01 0.00207863
9018.02 0.00211992
9030.03 0.00216226
9042.04 0.002205
9054.05 0.00224808
9066.07 0.00229148
9078.08 0.0023352
9090.09 0.00237928
9102.1 0.00242379
9114.11 0.00246911
9126.13 0.00251344
9138.14 0.00255741
9150.15 0.00260137
9162.16 0.00264542
9174.17 0.00268962
9186.19 0.002734
9198.2 0.00277865
9210.21 0.00282368
9222.22 0.00286913
9234.23 0.00291328
9246.25 0.00295722
9258.26 0.00300113
9270.27 0.00304508
9282.28 0.00308913
9294.29 0.00313332
9306.31 0.00317771
9318.32 0.00322243
9330.33 0.00326702
9342.34 0.00331107
9354.35 0.00335513
9366.37 0.00339928
9378.38 0.0034436
9390.39 0.00348814
9402.4 0.00353299
9414.41 0.0035783
9426.43 0.00362473
9438.44 0.00366833
9450.45 0.00371108
9462.46 0.00375355
9474.47 0.00379589
9486.49 0.00383817
9498.5 0.00388047
9510.51 0.00392284
9522.52 0.00396534
9534.53 0.00400796
9546.55 0.0040502
9558.56 0.00409249
9570.57 0.00413493
9582.58 0.00417758
9594.59 0.00422055
9606.61 0.00426394
9618.62 0.00430797
9630.63 0.00435333
9642.64 0.0043958
9654.65 0.00443411
9666.67 0.00447154
9678.68 0.00450845
9690.69 0.00454501
9702.7 0.00458132
9714.71 0.00461745
9726.73 0.00465346
9738.74 0.0046894
9750.75 0.0047253
9762.76 0.0047612
9774.77 0.00479714
9786.79 0.00483317
9798.8 0.00486935
9810.81 0.00490576
9822.82 0.00494251
9834.83 0.00497993
9846.85 0.00501691
9858.86 0.00504958
9870.87 0.00508145
9882.88 0.00511287
9894.89 0.00514398
9906.91 0.00517483
9918.92 0.00520546
9930.93 0.00523583
9942.94 0.0052658
9954.95 0.00529689
9966.97 0.00532917
9978.98 0.00536177
9990.99 0.00539462
10003 0.00542773
10015 0.00546114
10027 0.00549491
10039 0.00552926
10051.1 0.00556463
10063.1 0.00559486
10075.1 0.00562393
10087.1 0.00565239
10099.1 0.00568035
10111.1 0.0057078
10123.1 0.00573466
10135.1 0.00576071
10147.1 0.00578535
10159.2 0.00581114
10171.2 0.00584491
10183.2 0.00588016
10195.2 0.00591622
10207.2 0.00595285
10219.2 0.00598986
10231.2 0.00602709
10243.2 0.00606431
10255.3 0.00610095
10267.3 0.00614055
10279.3 0.00618279
10291.3 0.00622579
10303.3 0.00626923
10315.3 0.00631288
10327.3 0.00635643
10339.3 0.00639943
10351.4 0.00644091
10363.4 0.00647906
10375.4 0.00653709
10387.4 0.00660053
10399.4 0.00666718
10411.4 0.00673642
10423.4 0.00680791
10435.4 0.00688143
10447.4 0.00695679
10459.5 0.00703364
10471.5 0.00711297
10483.5 0.00719736
10495.5 0.00728439
10507.5 0.0073738
10519.5 0.00746543
10531.5 0.00755916
10543.5 0.00765478
10555.6 0.00775191
10567.6 0.00784909
10579.6 0.00795633
10591.6 0.00807237
10603.6 0.00819312
10615.6 0.00831817
10627.6 0.00844742
10639.6 0.0085809
10651.7 0.00871873
10663.7 0.00886129
10675.7 0.00900888
10687.7 0.00915295
10699.7 0.0092992
10711.7 0.00944846
10723.7 0.00960103
10735.7 0.0097571
10747.7 0.00991686
10759.8 0.0100805
10771.8 0.0102486
10783.8 0.0104185
10795.8 0.0105872
10807.8 0.0107585
10819.8 0.0109329
10831.8 0.0111106
10843.8 0.0112919
10855.9 0.011477
10867.9 0.0116665
10879.9 0.0118625
10891.9 0.0120401
10903.9 0.0122111
10915.9 0.012382
10927.9 0.0125534
10939.9 0.0127256
10952 0.012899
10964 0.0130736
10976 0.0132497
10988 0.0134255
11000 0.0135907
11012 0.0137553
11024 0.01392
11036 0.0140851
11048 0.0142507
11060.1 0.0144173
11072.1 0.0145852
11084.1 0.0147555
11096.1 0.0149204
11108.1 0.0150718
11120.1 0.0151414
11132.1 0.0151981
11144.1 0.0152465
11156.2 0.0152879
11168.2 0.0153225
11180.2 0.0153501
11192.2 0.0153699
11204.2 0.015374
11216.2 0.0153941
11228.2 0.0154606
11240.2 0.015529
11252.3 0.0155966
11264.3 0.0156621
11276.3 0.0157249
11288.3 0.0157843
11300.3 0.0158366
11312.3 0.0158778
11324.3 0.0159362
11336.3 0.016009
11348.3 0.0160819
11360.4 0.0161537
11372.4 0.0162243
11384.4 0.0162936
11396.4 0.0163619
11408.4 0.0164307
11420.4 0.016503
11432.4 0.0165308
11444.4 0.0165444
11456.5 0.0165515
11468.5 0.0165529
11480.5 0.016549
11492.5 0.0165396
11504.5 0.0165248
11516.5 0.016506
11528.5 0.0164824
11540.5 0.0165056
11552.6 0.0165317
11564.6 0.0165577
11576.6 0.0165828
11588.6 0.0166069
11600.6 0.0166301
11612.6 0.0166574
11624.6 0.0166873
11636.6 0.0167141
11648.6 0.0167386
11660.7 0.0167608
11672.7 0.0167811
11684.7 0.0167997
11696.7 0.016817
11708.7 0.0168339
11720.7 0.0168555
11732.7 0.0168779
11744.7 0.0168823
11756.8 0.016867
11768.8 0.0168467
11780.8 0.0168225
11792.8 0.016795
11804.8 0.0167648
11816.8 0.0167338
11828.8 0.016706
11840.8 0.0166711
11852.9 0.0166474
11864.9 0.0166266
11876.9 0.0166047
11888.9 0.0165816
11900.9 0.0165572
11912.9 0.016532
11924.9 0.0165088
11936.9 0.0164854
11948.9 0.01646
11961 0.0164286
11973 0.0163949
11985 0.0163596
11997 0.0163229
12009 0.0162851
12021 0.0162471
12033 0.0162128
12045 0.0161753
12057.1 0.0161381
12069.1 0.0161113
12081.1 0.0160854
12093.1 0.0160602
12105.1 0.0160359
12117.1 0.016013
12129.1 0.015993
12141.1 0.0159775
12153.2 0.0159686
12165.2 0.0159254
12177.2 0.0158297
12189.2 0.0157249
12201.2 0.0156138
12213.2 0.0154977
12225.2 0.0153774
12237.2 0.0152559
12249.2 0.0151271
12261.3 0.0149846
12273.3 0.014895
12285.3 0.0148341
12297.3 0.0147782
12309.3 0.0147257
12321.3 0.0146761
12333.3 0.0146301
12345.3 0.0145908
12357.4 0.0145528
12369.4 0.0145195
12381.4 0.0144474
12393.4 0.014369
12405.4 0.0142879
12417.4 0.014205
12429.4 0.0141213
12441.4 0.014039
12453.5 0.0139569
12465.5 0.0138717
12477.5 0.013785
12489.5 0.0136995
12501.5 0.0136132
12513.5 0.0135264
12525.5 0.0134391
12537.5 0.013352
12549.5 0.0132676
12561.6 0.0131815
12573.6 0.0130935
12585.6 0.013004
12597.6 0.0129131
12609.6 0.0128213
12621.6 0.0127288
12633.6 0.0126359
12645.6 0.012543
12657.7 0.0124513
12669.7 0.0123584
12681.7 0.012266
12693.7 0.012162
12705.7 0.0120499
12717.7 0.0119353
12729.7 0.011819
12741.7 0.0117015
12753.8 0.0115856
12765.8 0.0114668
12777.8 0.0113418
12789.8 0.011208
12801.8 0.0111125
12813.8 0.0110221
12825.8 0.0109329
12837.8 0.0108441
12849.8 0.0107552
12861.9 0.0106652
12873.9 0.0105757
12885.9 0.0104866
12897.9 0.010397
12909.9 0.0103027
12921.9 0.0102075
12933.9 0.0101113
12945.9 0.0100142
12958 0.00991606
12970 0.0098166
12982 0.00971536
12994 0.00961122
13006 0.00951725
13018 0.00944542
13030 0.009376
13042 0.00930762
13054.1 0.00923934
13066.1 0.00916759
13078.1 0.00909938
13090.1 0.00903661
13102.1 0.00898024
13114.1 0.00888936
13126.1 0.0087731
13138.1 0.00865316
13150.2 0.00853074
13162.2 0.00840623
13174.2 0.00827974
13186.2 0.0081509
13198.2 0.00801903
13210.2 0.00788063
13222.2 0.00779156
13234.2 0.0077104
13246.2 0.00763119
13258.3 0.00755261
13270.3 0.00747258
13282.3 0.00739172
13294.3 0.00731744
13306.3 0.00724711
13318.3 0.00717549
13330.3 0.00707155
13342.3 0.00696543
13354.4 0.00685848
13366.4 0.00675102
13378.4 0.00664303
13390.4 0.00653477
13402.4 0.00642607
13414.4 0.00631641
13426.4 0.00621501
13438.4 0.00613029
13450.5 0.00604699
13462.5 0.0059643
13474.5 0.00588148
13486.5 0.00579749
13498.5 0.00571697
13510.5 0.00563824
13522.5 0.00556091
13534.5 0.00548246
13546.5 0.00540339
13558.6 0.00532493
13570.6 0.005247
13582.6 0.00516925
13594.6 0.00509219
13606.6 0.00501674
13618.6 0.0049425
13630.6 0.00486997
13642.6 0.00477891
13654.7 0.00468469
13666.7 0.00459008
13678.7 0.0044951
13690.7 0.00439913
13702.7 0.00430447
13714.7 0.00421054
13726.7 0.0041169
13738.7 0.0040252
13750.8 0.00394745
13762.8 0.00387067
13774.8 0.0037943
13786.8 0.00371777
13798.8 0.00364078
13810.8 0.00356697
13822.8 0.00349463
13834.8 0.00342339
13846.8 0.0033533
13858.9 0.00328447
13870.9 0.00321638
13882.9 0.00314893
13894.9 0.00308189
13906.9 0.00301565
13918.9 0.00295041
13930.9 0.00288589
13942.9 0.00282205
13955 0.00275536
13967 0.00268674
13979 0.00261831
13991 0.00254983
14003 0.0024805
14015 0.00241396
14027 0.00234892
14039 0.00228497
14051.1 0.00222198
14063.1 0.0021565
14075.1 0.00209121
14087.1 0.00202667
14099.1 0.00196299
14111.1 0.00190006
14123.1 0.00183688
14135.1 0.00177396
14147.1 0.00171138
14159.2 0.00164802
14171.2 0.00157423
14183.2 0.00150051
14195.2 0.00142681
14207.2 0.00135252
14219.2 0.00127976
14231.2 0.00120841
14243.2 0.00113788
14255.3 0.00106803
14267.3 0.000998857
14279.3 0.000930407
14291.3 0.000862472
14303.3 0.000795004
14315.3 0.000727934
14327.3 0.000661555
14339.3 0.000595706
14351.4 0.000530332
14363.4 0.000465402
14375.4 0.000406468
14387.4 0.000351859
14399.4 0.000297456
14411.4 0.000243008
14423.4 0.000188967
14435.4 0.000136619
14447.4 8.50087e-05
14459.5 3.39708e-05
14471.5 -1.65846e-05
14483.5 -6.75071e-05
14495.5 -0.000118242
14507.5 -0.000168725
14519.5 -0.00021936
14531.5 -0.000268588
14543.5 -0.000316873
14555.6 -0.000364544
14567.6 -0.000411703
14579.6 -0.000458725
14591.6 -0.000509707
14603.6 -0.00056019
14615.6 -0.000610234
14627.6 -0.000659869
14639.6 -0.000709047
14651.7 -0.000757821
14663.7 -0.000806211
14675.7 -0.000854221
14687.7 -0.000900349
14699.7 -0.00094278
14711.7 -0.000985078
14723.7 -0.00102737
14735.7 -0.00106918
14747.7 -0.00110988
14759.8 -0.00115008
14771.8 -0.00118986
14783.8 -0.00122925
14795.8 -0.00126725
14807.8 -0.00130409
14819.8 -0.00134062
14831.8 -0.0013767
14843.8 -0.00141309
14855.9 -0.0014495
14867.9 -0.00148586
14879.9 -0.00152219
14891.9 -0.00155855
14903.9 -0.00160078
14915.9 -0.00164446
14927.9 -0.00168811
14939.9 -0.00173171
14952 -0.0017737
14964 -0.00181508
14976 -0.00185603
14988 -0.00189659
15000 -0.00193676
15012 -0.001974
15024 -0.00201105
15036 -0.00204781
15048 -0.00208451
15060.1 -0.00212127
15072.1 -0.00215792
15084.1 -0.00219444
15096.1 -0.00223081
15108.1 -0.00226598
15120.1 -0.00229806
15132.1 -0.00233024
15144.1 -0.00236267
15156.2 -0.00239418
15168.2 -0.00242537
15180.2 -0.00245637
15192.2 -0.00248721
15204.2 -0.00251791
15216.2 -0.00254681
15228.2 -0.00257407
15240.2 -0.00260143
15252.3 -0.00262876
15264.3 -0.00265557
15276.3 -0.00268224
15288.3 -0.00270881
15300.3 -0.00273532
15312.3 -0.00276174
15324.3 -0.00278573
15336.3 -0.00280896
15348.3 -0.00283237
15360.4 -0.00285555
15372.4 -0.00287843
15384.4 -0.00290127
15396.4 -0.0029241
15408.4 -0.00294693
15420.4 -0.00296975
15432.4 -0.0029905
15444.4 -0.00301135
15456.5 -0.00303246
15468.5 -0.00305287
15480.5 -0.00307315
15492.5 -0.0030934
15504.5 -0.00311365
15516.5 -0.00313393
15528.5 -0.00315436
15540.5 -0.00317527
15552.6 -0.00319614
15564.6 -0.00321715
15576.6 -0.0032388
15588.6 -0.00326067
15600.6 -0.00328273
15612.6 -0.00330498
15624.6 -0.00332744
15636.6 -0.00335157
15648.6 -0.00337773
15660.7 -0.00340417
15672.7 -0.00343003
15684.7 -0.00345542
15696.7 -0.00348076
15708.7 -0.0035061
15720.7 -0.00353146
15732.7 -0.00355686
15744.7 -0.00358174
15756.8 -0.00360641
15768.8 -0.00363113
15780.8 -0.00365632
15792.8 -0.00368171
15804.8 -0.00370729
15816.8 -0.00373306
15828.8 -0.00375904
15840.8 -0.00378533
15852.9 -0.00381909
15864.9 -0.0038538
15876.9 -0.00388814
15888.9 -0.00392119
15900.9 -0.003954
15912.9 -0.00398669
15924.9 -0.0040193
15936.9 -0.00405186
15948.9 -0.0040838
15961 -0.00411221
15973 -0.00414065
15985 -0.00416929
15997 -0.00419804
16009 -0.00422686
16021 -0.00425575
16033 -0.00428468
16045 -0.00431365
16057.1 -0.00433879
16069.1 -0.00435769
16081.1 -0.00437674
16093.1 -0.00439526
16105.1 -0.00441372
16117.1 -0.00443215
16129.1 -0.00445057
16141.1 -0.00446895
16153.2 -0.00448727
16165.2 -0.00451259
16177.2 -0.00454238
16189.2 -0.00457226
16201.2 -0.00460241
16213.2 -0.00463254
16225.2 -0.00466261
16237.2 -0.0046926
16249.2 -0.00472251
16261.3 -0.00475232
16273.3 -0.0047799
16285.3 -0.00480687
16297.3 -0.00483398
16309.3 -0.00486102
16321.3 -0.00488792
16333.3 -0.00491462
16345.3 -0.00494111
16357.4 -0.00496733
16369.4 -0.00499376
16381.4 -0.00502722
16393.4 -0.00506054
16405.4 -0.00509392
16417.4 -0.00512708
16429.4 -0.00516001
16441.4 -0.00519267
16453.5 -0.00522505
16465.5 -0.00525715
16477.5 -0.00528756
16489.5 -0.00531411
16501.5 -0.00534091
16513.5 -0.00536823
16525.5 -0.00539527
16537.5 -0.00542198
16549.5 -0.00544832
16561.6 -0.00547426
16573.6 -0.00549981
16585.6 -0.00552326
16597.6 -0.00554458
16609.6 -0.00556553
16621.6 -0.00558592
16633.6 -0.00560569
16645.6 -0.0056248
16657.7 -0.00564321
16669.7 -0.00566086
16681.7 -0.0056776
16693.7 -0.00569677
16705.7 -0.00571684
16717.7 -0.00573824
16729.7 -0.00575922
16741.7 -0.00577962
16753.8 -0.00579939
16765.8 -0.00581848
16777.8 -0.00583684
16789.8 -0.00585443
16801.8 -0.00587243
16813.8 -0.00588963
16825.8 -0.00590598
16837.8 -0.00592154
16849.8 -0.00593628
16861.9 -0.00595018
16873.9 -0.00596322
16885.9 -0.00597535
16897.9 -0.00598681
16909.9 -0.00599839
16921.9 -0.00601176
16933.9 -0.00602459
16945.9 -0.00603671
16958 -0.00604808
16970 -0.00605867
16982 -0.00606844
16994 -0.00607733
17006 -0.00608643
17018 -0.0060964
17030 -0.00610586
17042 -0.00611471
17054.1 -0.00612295
17066.1 -0.00613061
17078.1 -0.00613775
17090.1 -0.00614445
17102.1 -0.00615099
17114.1 -0.00615265
17126.1 -0.00615261
17138.1 -0.00615249
17150.2 -0.00615163
17162.2 -0.00615011
17174.2 -0.006148
17186.2 -0.00614543
17198.2 -0.00614257
17210.2 -0.00614018
17222.2 -0.006128
17234.2 -0.00611377
17246.2 -0.00609835
17258.3 -0.0060819
17270.3 -0.00606451
17282.3 -0.00604622
17294.3 -0.00602707
17306.3 -0.00600708
17318.3 -0.00598631
17330.3 -0.00596546
17342.3 -0.00594427
17354.4 -0.00592234
17366.4 -0.00589964
17378.4 -0.00587615
17390.4 -0.00585183
17402.4 -0.00582657
17414.4 -0.00580009
17426.4 -0.00577516
17438.4 -0.00575683
17450.5 -0.00573903
17462.5 -0.00572128
17474.5 -0.00570348
17486.5 -0.00568562
17498.5 -0.00566772
17510.5 -0.00564985
17522.5 -0.00563223
17534.5 -0.0056125
17546.5 -0.00559068
17558.6 -0.00556836
17570.6 -0.00554568
17582.6 -0.00552273
17594.6 -0.00549958
17606.6 -0.00547631
17618.6 -0.00545309
17630.6 -0.00543047
17642.6 -0.0054034
17654.7 -0.00537478
17666.7 -0.00534516
17678.7 -0.00531467
17690.7 -0.0052833
17702.7 -0.00525095
17714.7 -0.00521739
17726.7 -0.00518204
17738.7 -0.00514467
17750.8 -0.00512381
17762.8 -0.00510562
17774.8 -0.00508882
17786.8 -0.00507305
17798.8 -0.00505818
17810.8 -0.0050442
17822.8 -0.00503122
17834.8 -0.00501961
17846.8 -0.0050075
17858.9 -0.00498853
17870.9 -0.00496861
17882.9 -0.00494828
17894.9 -0.00492773
17906.9 -0.00490704
17918.9 -0.00488625
17930.9 -0.00486541
17942.9 -0.0048445
17955 -0.00482294
17967 -0.00480098
17979 -0.00477912
17991 -0.00475736
18003 -0.00473568
18015 -0.00471409
18027 -0.0046926
18039 -0.00467121
18051.1 -0.00464992
18063.1 -0.00462885
18075.1 -0.00460787
18087.1 -0.00458699
18099.1 -0.00456619
18111.1 -0.00454549
18123.1 -0.00452488
18135.1 -0.00450433
18147.1 -0.00448384
18159.2 -0.00446299
18171.2 -0.00444129
18183.2 -0.00441984
18195.2 -0.00439858
18207.2 -0.00437748
18219.2 -0.00435654
18231.2 -0.00433575
18243.2 -0.0043151
18255.3 -0.00429459
18267.3 -0.00427406
18279.3 -0.00425362
18291.3 -0.00423333
18303.3 -0.00421318
18315.3 -0.00419316
18327.3 -0.00417327
18339.3 -0.00415348
18351.4 -0.00413379
18363.4 -0.00411412
18375.4 -0.00409362
18387.4 -0.00407332
18399.4 -0.00405323
18411.4 -0.00403332
18423.4 -0.00401356
18435.4 -0.00399395
18447.4 -0.00397447
18459.5 -0.0039551
18471.5 -0.00393562
18483.5 -0.0039159
18495.5 -0.0038964
18507.5 -0.00387708
18519.5 -0.00385792
18531.5 -0.00383892
18543.5 -0.00382006
18555.6 -0.00380133
18567.6 -0.00378273
18579.6 -0.00376412
18591.6 -0.00374561
18603.6 -0.00372724
18615.6 -0.00370901
18627.6 -0.00369091
18639.6 -0.00367293
18651.7 -0.00365505
18663.7 -0.00363727
18675.7 -0.00361954
18687.7 -0.00360149
18699.7 -0.00358362
18711.7 -0.0035659
18723.7 -0.00354831
18735.7 -0.00353085
18747.7 -0.0035135
18759.8 -0.00349626
18771.8 -0.00347911
18783.8 -0.00346193
18795.8 -0.00344472
18807.8 -0.00342765
18819.8 -0.00341069
18831.8 -0.00339384
18843.8 -0.00337707
18855.9 -0.00336037
18867.9 -0.00334373
18879.9 -0.00332709
18891.9 -0.00330985
18903.9 -0.00329264
18915.9 -0.00327562
18927.9 -0.00325876
18939.9 -0.00324205
18952 -0.00322546
18964 -0.00320899
18976 -0.00319264
18988 -0.00317639
19000 -0.00316021
