7000 -0.00450148
7012.01 -0.00449233
7024.02 -0.00448261
7036.04 -0.00447212
7048.05 -0.00446113
7060.06 -0.00444992
7072.07 -0.00443833
7084.08 -0.00442633
7096.1 -0.00441386
7108.11 -0.0044009
7120.12 -0.00438737
7132.13 -0.00437314
7144.14 -0.00435766
7156.16 -0.00434224
7168.17 -0.00432669
7180.18 -0.00431086
7192.19 -0.00429465
7204.2 -0.004278
7216.22 -0.00426084
7228.23 -0.00424306
7240.24 -0.00422434
7252.25 -0.00420439
7264.26 -0.00418493
7276.28 -0.00416536
7288.29 -0.0041455
7300.3 -0.00412524
7312.31 -0.00410449
7324.32 -0.00408309
7336.34 -0.00406079
7348.35 -0.00403621
7360.36 -0.00401198
7372.37 -0.0039888
7384.38 -0.00396599
7396.4 -0.00394337
7408.41 -0.00392086
7420.42 -0.00389848
7432.43 -0.00387629
7444.44 -0.00385458
7456.46 -0.00383441
7468.47 -0.00381229
7480.48 -0.00378901
7492.49 -0.00376488
7504.5 -0.00374
7516.52 -0.00371439
7528.53 -0.00368848
7540.54 -0.00366499
7552.55 -0.00364146
7564.56 -0.00361783
7576.58 -0.00359301
7588.59 -0.00356749
7600.6 -0.00354142
7612.61 -0.003515
7624.62 -0.00348874
7636.64 -0.00345315
7648.65 -0.00339845
7660.66 -0.0033417
7672.67 -0.00328243
7684.68 -0.00322075
7696.7 -0.00315685
7708.71 -0.00309069
7720.72 -0.00302203
7732.73 -0.00295014
7744.74 -0.00289192
7756.76 -0.00284386
7768.77 -0.00279365
7780.78 -0.00274563
7792.79 -0.00269805
7804.8 -0.00265041
7816.82 -0.00260251
7828.83 -0.00255432
7840.84 -0.00250605
7852.85 -0.00245126
7864.86 -0.00239466
7876.88 -0.00233708
7888.89 -0.00227741
7900.9 -0.00221625
7912.91 -0.00215362
7924.92 -0.00208945
7936.94 -0.00202349
7948.95 -0.00195697
7960.96 -0.00190751
7972.97 -0.00185723
7984.98 -0.00180835
7997 -0.00176016
8009.01 -0.00171217
8021.02 -0.00166424
8033.03 -0.00161637
8045.05 -0.00156869
8057.06 -0.00151812
8069.07 -0.00146013
8081.08 -0.00140137
8093.09 -0.00134259
8105.11 -0.00128375
8117.12 -0.00122496
8129.13 -0.00116639
8141.14 -0.00110833
8153.15 -0.0010514
8165.17 -0.000983462
8177.18 -0.000906123
8189.19 -0.000827053
8201.2 -0.000743903
8213.21 -0.000658935
8225.23 -0.000572569
8237.24 -0.000484951
8249.25 -0.000395999
8261.26 -0.00030485
8273.27 -0.000241893
8285.29 -0.000188823
8297.3 -0.000135712
8309.31 -8.29906e-05
8321.32 -3.08881e-05
8333.33 2.04546e-05
8345.35 7.08524e-05
8357.36 0.000119975
8369.37 0.000168245
8381.38 0.000238381
8393.39 0.000309212
8405.41 0.000380718
8417.42 0.000452113
8429.43 0.000523127
8441.44 0.000593585
8453.45 0.000663344
8465.47 0.000732276
8477.48 0.000800242
8489.49 0.000866997
8501.5 0.000932993
8513.51 0.000998293
8525.53 0.00106255
8537.54 0.00112564
8549.55 0.00118746
8561.56 0.00124791
8573.57 0.00130685
8585.59 0.00136405
8597.6 0.00141901
8609.61 0.00147483
8621.62 0.00153006
8633.63 0.00158432
8645.65 0.00163749
8657.66 0.00168949
8669.67 0.00174029
8681.68 0.00178989
8693.69 0.00183831
8705.71 0.00188545
8717.72 0.0019309
8729.73 0.00197496
8741.74 0.00201768
8753.75 0.00205907
8765.77 0.00209918
8777.78 0.00213801
8789.79 0.00217557
8801.8 0.0022117
8813.81 0.00224728
8825.83 0.00228222
8837.84 0.00231632
8849.85 0.00234959
8861.86 0.00238207
8873.87 0.00241382
8885.89 0.00244492
8897.9 0.00247551
8909.91 0.00250574
8921.92 0.00253409
8933.93 0.0025615
8945.95 0.00258817
8957.96 0.0026142
8969.97 0.00263965
8981.98 0.00266459
8993.99 0.00268902
9006.01 0.0027129
9018.02 0.00273671
9030.03 0.00276118
9042.04 0.00278573
9054.05 0.00281034
9066.07 0.00283505
9078.08 0.00285989
9090.09 0.00288493
9102.1 0.00291029
9114.11 0.00293633
9126.13 0.00296133
9138.14 0.00298605
9150.15 0.00301082
9162.16 0.00303576
9174.17 0.00306095
9186.19 0.00308646
9198.2 0.00311237
9210.21 0.00313883
9222.22 0.00316582
9234.23 0.00319182
9246.25 0.00321788
9258.26 0.00324418
9270.27 0.00327081
9282.28 0.00329783
9294.29 0.00332529
9306.31 0.00335326
9318.32 0.00338186
9330.33 0.00341066
9342.34 0.00343929
9354.35 0.00346829
9366.37 0.00349775
9378.38 0.00352773
9390.39 0.00355828
9402.4 0.00358951
9414.41 0.00362154
9426.43 0.00365499
9438.44 0.0036861
9450.45 0.0037168
9462.46 0.00374762
9474.47 0.0037787
9486.49 0.00381011
9498.5 0.00384191
9510.51 0.00387414
9522.52 0.00390688
9534.53 0.00394009
9546.55 0.0039733
9558.56 0.00400692
9570.57 0.00404103
9582.58 0.00407571
9594.59 0.00411103
9606.61 0.00414711
9618.62 0.00418416
9630.63 0.00422284
9642.64 0.00425905
9654.65 0.00429154
9666.67 0.00432348
9678.68 0.00435521
9690.69 0.0043869
9702.7 0.00441862
9714.71 0.00445045
9726.73 0.00448243
9738.74 0.0045146
9750.75 0.004547
9762.76 0.00457965
9774.77 0.0046126
9786.79 0.00464588
9798.8 0.00467954
9810.81 0.00471367
9822.82 0.00474838
9834.83 0.00478399
9846.85 0.00481947
9858.86 0.00485085
9870.87 0.00488161
9882.88 0.0049121
9894.89 0.00494245
9906.91 0.00497272
9918.92 0.00500292
9930.93 0.00503303
9942.94 0.00506286
9954.95 0.00509396
9966.97 0.00512642
9978.98 0.00515938
9990.99 0.00519275
10003 0.00522655
10015 0.00526081
10027 0.00529561
10039 0.00533116
10051.1 0.005368
10063.1 0.00539978
10075.1 0.00543044
10087.1 0.00546057
10099.1 0.00549026
10111.1 0.00551952
10123.1 0.00554825
10135.1 0.00557619
10147.1 0.0056027
10159.2 0.00563016
10171.2 0.00566604
10183.2 0.00570364
10195.2 0.00574226
10207.2 0.00578161
10219.2 0.00582149
10231.2 0.00586173
10243.2 0.00590209
10255.3 0.00594191
10267.3 0.00598478
10279.3 0.00603066
10291.3 0.0060775
10303.3 0.00612497
10315.3 0.00617281
10327.3 0.00622067
10339.3 0.00626806
10351.4 0.00631386
10363.4 0.00635569
10375.4 0.00641853
10387.4 0.00648764
10399.4 0.00656058
10411.4 0.00663664
10423.4 0.00671547
10435.4 0.00679684
10447.4 0.00688054
10459.5 0.00696618
10471.5 0.00705471
10483.5 0.00714914
10495.5 0.0072469
10507.5 0.0073477
10519.5 0.00745139
10531.5 0.00755784
10543.5 0.00766683
10555.6 0.00777794
10567.6 0.00788948
10579.6 0.008012
10591.6 0.00814509
10603.6 0.00828416
10615.6 0.00842877
10627.6 0.00857886
10639.6 0.00873448
10651.7 0.00889586
10663.7 0.00906348
10675.7 0.00923796
10687.7 0.00940965
10699.7 0.00958466
10711.7 0.00976402
10723.7 0.00994813
10735.7 0.0101373
10747.7 0.0103317
10759.8 0.0105318
10771.8 0.0107381
10783.8 0.0109481
10795.8 0.011158
10807.8 0.0113721
10819.8 0.011591
10831.8 0.0118151
10843.8 0.0120448
10855.9 0.0122804
10867.9 0.0125227
10879.9 0.0127747
10891.9 0.0130081
10903.9 0.0132348
10915.9 0.0134624
10927.9 0.0136919
10939.9 0.0139237
10952 0.0141581
10964 0.0143955
10976 0.0146362
10988 0.0148784
11000 0.0151097
11012 0.0153414
11024 0.0155744
11036 0.0158091
11048 0.0160459
11060.1 0.0162851
11072.1 0.0165275
11084.1 0.0167745
11096.1 0.0170175
11108.1 0.0172446
11120.1 0.0173637
11132.1 0.0174667
11144.1 0.0175598
11156.2 0.0176445
11168.2 0.0177213
11180.2 0.01779
11192.2 0.0178497
11204.2 0.0178909
11216.2 0.0179504
11228.2 0.018064
11240.2 0.0181794
11252.3 0.0182936
11264.3 0.018405
11276.3 0.0185128
11288.3 0.0186159
11300.3 0.0187102
11312.3 0.0187904
11324.3 0.0188917
11336.3 0.0190108
11348.3 0.0191293
11360.4 0.0192459
11372.4 0.0193602
11384.4 0.019472
11396.4 0.0195817
11408.4 0.019691
11420.4 0.0198034
11432.4 0.0198625
11444.4 0.0199036
11456.5 0.0199359
11468.5 0.0199603
11480.5 0.019977
11492.5 0.019986
11504.5 0.0199872
11516.5 0.0199824
11528.5 0.0199704
11540.5 0.0200133
11552.6 0.0200582
11564.6 0.0201017
11576.6 0.0201426
11588.6 0.0201809
11600.6 0.0202166
11612.6 0.0202557
11624.6 0.0202961
11636.6 0.0203325
11648.6 0.0203686
11660.7 0.020401
11672.7 0.02043
11684.7 0.0204557
11696.7 0.0204785
11708.7 0.0204996
11720.7 0.0205248
11732.7 0.0205492
11744.7 0.0205538
11756.8 0.0205371
11768.8 0.0205137
11780.8 0.0204848
11792.8 0.0204512
11804.8 0.0204135
11816.8 0.0203741
11828.8 0.0203375
11840.8 0.020291
11852.9 0.020259
11864.9 0.0202305
11876.9 0.0202001
11888.9 0.0201673
11900.9 0.0201325
11912.9 0.0200959
11924.9 0.0200611
11936.9 0.020025
11948.9 0.0199855
11961 0.0199426
11973 0.0198972
11985 0.0198495
11997 0.0197999
12009 0.0197487
12021 0.0196969
12033 0.0196493
12045 0.0195968
12057.1 0.0195453
12069.1 0.0195106
12081.1 0.0194775
12093.1 0.0194454
12105.1 0.0194145
12117.1 0.0193853
12129.1 0.0193597
12141.1 0.0193393
12153.2 0.0193264
12165.2 0.0192746
12177.2 0.0191631
12189.2 0.0190414
12201.2 0.0189127
12213.2 0.0187785
12225.2 0.0186396
12237.2 0.0184999
12249.2 0.0183513
12261.3 0.0181861
12273.3 0.0180888
12285.3 0.0180287
12297.3 0.0179758
12309.3 0.0179279
12321.3 0.0178845
12333.3 0.0178466
12345.3 0.0178178
12357.4 0.0177918
12369.4 0.0177729
12381.4 0.0177023
12393.4 0.0176242
12405.4 0.0175433
12417.4 0.0174611
12429.4 0.0173789
12441.4 0.0172999
12453.5 0.0172225
12465.5 0.0171436
12477.5 0.0170615
12489.5 0.0169617
12501.5 0.0168588
12513.5 0.0167543
12525.5 0.0166488
12537.5 0.0165433
12549.5 0.0164413
12561.6 0.0163371
12573.6 0.0162314
12585.6 0.0161206
12597.6 0.0160019
12609.6 0.0158811
12621.6 0.015759
12633.6 0.0156359
12645.6 0.0155127
12657.7 0.0153907
12669.7 0.0152668
12681.7 0.0151433
12693.7 0.0150058
12705.7 0.0148585
12717.7 0.0147083
12729.7 0.0145561
12741.7 0.0144026
12753.8 0.0142517
12765.8 0.0140974
12777.8 0.0139357
12789.8 0.0137654
12801.8 0.0136265
12813.8 0.0134909
12825.8 0.0133554
12837.8 0.0132192
12849.8 0.0130819
12861.9 0.0129425
12873.9 0.0128032
12885.9 0.0126636
12897.9 0.0125228
12909.9 0.0123753
12921.9 0.0122259
12933.9 0.0120748
12945.9 0.011922
12958 0.0117673
12970 0.0116106
12982 0.0114512
12994 0.011288
13006 0.0111345
13018 0.011003
13030 0.0108729
13042 0.0107429
13054.1 0.0106117
13066.1 0.0104747
13078.1 0.0103417
13090.1 0.0102143
13102.1 0.0100923
13114.1 0.00994197
13126.1 0.00977052
13138.1 0.00959575
13150.2 0.00941852
13162.2 0.00923904
13174.2 0.00905724
13186.2 0.00887253
13198.2 0.00868392
13210.2 0.00848664
13222.2 0.0083553
13234.2 0.00823448
13246.2 0.00811613
13258.3 0.00799842
13270.3 0.00787852
13282.3 0.00775793
13294.3 0.00764525
13306.3 0.00753621
13318.3 0.0074289
13330.3 0.00731602
13342.3 0.007204
13354.4 0.00709294
13366.4 0.00698272
13378.4 0.00687309
13390.4 0.00676427
13402.4 0.006656
13414.4 0.00654775
13426.4 0.00644673
13438.4 0.00635951
13450.5 0.00627396
13462.5 0.00618935
13474.5 0.00610483
13486.5 0.00601941
13498.5 0.00593905
13510.5 0.00586166
13522.5 0.00578734
13534.5 0.0056956
13546.5 0.00559193
13558.6 0.00548798
13570.6 0.00538408
13582.6 0.00528
13594.6 0.00517665
13606.6 0.0050752
13618.6 0.00497529
13630.6 0.00487801
13642.6 0.00474494
13654.7 0.00460543
13666.7 0.00446482
13678.7 0.00432329
13690.7 0.0041802
13702.7 0.00403872
13714.7 0.00389802
13726.7 0.00375769
13738.7 0.00361822
13750.8 0.003484
13762.8 0.00335011
13774.8 0.0032162
13786.8 0.00308164
13798.8 0.00294636
13810.8 0.00281504
13822.8 0.00268527
13834.8 0.0025565
13846.8 0.00243311
13858.9 0.00231892
13870.9 0.00220588
13882.9 0.0020937
13894.9 0.00198205
13906.9 0.0018715
13918.9 0.00176217
13930.9 0.00165369
13942.9 0.00154591
13955 0.00144032
13967 0.00133636
13979 0.00123281
13991 0.00112931
14003 0.001025
14015 0.000924532
14027 0.000825981
14039 0.000728777
14051.1 0.000632683
14063.1 0.000541543
14075.1 0.000452137
14087.1 0.000363785
14099.1 0.000276577
14111.1 0.000190215
14123.1 0.000103517
14135.1 1.71435e-05
14147.1 -6.88749e-05
14159.2 -0.000152342
14171.2 -0.000214309
14183.2 -0.000275661
14195.2 -0.000336738
14207.2 -0.000398344
14219.2 -0.000457709
14231.2 -0.000515361
14243.2 -0.000572033
14255.3 -0.00062791
14267.3 -0.000684921
14279.3 -0.000744963
14291.3 -0.000804478
14303.3 -0.000863525
14315.3 -0.000922178
14327.3 -0.000980092
14339.3 -0.0010375
14351.4 -0.00109448
14363.4 -0.00115111
14375.4 -0.00121408
14387.4 -0.00128156
14399.4 -0.00134887
14411.4 -0.00141631
14423.4 -0.00148315
14435.4 -0.00154797
14447.4 -0.00161199
14459.5 -0.00167544
14471.5 -0.00173845
14483.5 -0.00181231
14495.5 -0.00188816
14507.5 -0.00196367
14519.5 -0.00203934
14531.5 -0.00211309
14543.5 -0.00218571
14555.6 -0.00225759
14567.6 -0.00232886
14579.6 -0.0024005
14591.6 -0.00248406
14603.6 -0.00256684
14615.6 -0.00264898
14627.6 -0.00273052
14639.6 -0.00281139
14651.7 -0.00289166
14663.7 -0.00297136
14675.7 -0.00305049
14687.7 -0.00312786
14699.7 -0.00320202
14711.7 -0.00327582
14723.7 -0.00334941
14735.7 -0.00342202
14747.7 -0.00349306
14759.8 -0.00356324
14771.8 -0.0036326
14783.8 -0.00370104
14795.8 -0.00375543
14807.8 -0.00379845
14819.8 -0.00384126
14831.8 -0.00388359
14843.8 -0.00392632
14855.9 -0.00396895
14867.9 -0.0040113
14879.9 -0.00405326
14891.9 -0.00409451
14903.9 -0.00411002
14915.9 -0.00411917
14927.9 -0.00412894
14939.9 -0.00413896
14952 -0.00414748
14964 -0.00415577
14976 -0.00416399
14988 -0.00417223
15000 -0.0041807
15012 -0.00419781
15024 -0.00421459
15036 -0.00423119
15048 -0.00424794
15060.1 -0.00426498
15072.1 -0.00428215
15084.1 -0.0042995
15096.1 -0.00431715
15108.1 -0.00434078
15120.1 -0.0043804
15132.1 -0.00441959
15144.1 -0.00445874
15156.2 -0.00449657
15168.2 -0.00453394
15180.2 -0.00457104
15192.2 -0.004608
15204.2 -0.00464496
15216.2 -0.00468965
15228.2 -0.00474155
15240.2 -0.004793
15252.3 -0.00484396
15264.3 -0.00489392
15276.3 -0.00494342
15288.3 -0.00499254
15300.3 -0.00504134
15312.3 -0.00508986
15324.3 -0.00513957
15336.3 -0.00518951
15348.3 -0.00523925
15360.4 -0.00528826
15372.4 -0.00533658
15384.4 -0.00538454
15396.4 -0.00543219
15408.4 -0.0054796
15420.4 -0.00552696
15432.4 -0.0055843
15444.4 -0.00564149
15456.5 -0.00569824
15468.5 -0.00575341
15480.5 -0.0058078
15492.5 -0.00586147
15504.5 -0.00591437
15516.5 -0.00596628
15528.5 -0.00600674
15540.5 -0.00600776
15552.6 -0.00600971
15564.6 -0.00601229
15576.6 -0.00601575
15588.6 -0.00601947
15600.6 -0.00602333
15612.6 -0.00602724
15624.6 -0.00603109
15636.6 -0.00602718
15648.6 -0.00601395
15660.7 -0.00600136
15672.7 -0.0059881
15684.7 -0.00597453
15696.7 -0.00596105
15708.7 -0.00594771
15720.7 -0.00593457
15732.7 -0.00592184
15744.7 -0.00592921
15756.8 -0.00594542
15768.8 -0.00596113
15780.8 -0.00597695
15792.8 -0.00599261
15804.8 -0.00600813
15816.8 -0.00602357
15828.8 -0.00603904
15840.8 -0.00605494
15852.9 -0.00610947
15864.9 -0.00616719
15876.9 -0.00622342
15888.9 -0.00627742
15900.9 -0.00633054
15912.9 -0.00638294
15924.9 -0.00643469
15936.9 -0.00648586
15948.9 -0.00653773
15961 -0.00659674
15973 -0.00665501
15985 -0.00671286
15997 -0.00677022
16009 -0.00682704
16021 -0.00688333
16033 -0.00693912
16045 -0.0069944
16057.1 -0.00704722
16069.1 -0.00709636
16081.1 -0.00714502
16093.1 -0.00719247
16105.1 -0.00723938
16117.1 -0.00728579
16129.1 -0.00733173
16141.1 -0.00737722
16153.2 -0.00742228
16165.2 -0.00745849
16177.2 -0.00748879
16189.2 -0.00751905
16201.2 -0.00754935
16213.2 -0.00757937
16225.2 -0.0076091
16237.2 -0.00763856
16249.2 -0.00766781
16261.3 -0.00769706
16273.3 -0.00768794
16285.3 -0.00767063
16297.3 -0.00765323
16309.3 -0.00763541
16321.3 -0.00761709
16333.3 -0.00759822
16345.3 -0.00757872
16357.4 -0.00755847
16369.4 -0.00753939
16381.4 -0.00754786
16393.4 -0.00755623
16405.4 -0.00756447
16417.4 -0.00757223
16429.4 -0.00757945
16441.4 -0.00758606
16453.5 -0.00759198
16465.5 -0.00759707
16477.5 -0.00760711
16489.5 -0.00763101
16501.5 -0.00765577
16513.5 -0.00768114
16525.5 -0.00770622
16537.5 -0.00773093
16549.5 -0.00775524
16561.6 -0.00777911
16573.6 -0.00780252
16585.6 -0.0078268
16597.6 -0.00785194
16609.6 -0.00787703
16621.6 -0.00790177
16633.6 -0.00792613
16645.6 -0.0079501
16657.7 -0.00797365
16669.7 -0.00799676
16681.7 -0.00801927
16693.7 -0.00804651
16705.7 -0.00807619
16717.7 -0.00810812
16729.7 -0.00814019
16741.7 -0.00817237
16753.8 -0.00820471
16765.8 -0.00823734
16777.8 -0.00827052
16789.8 -0.0083049
16801.8 -0.00831623
16813.8 -0.00832586
16825.8 -0.00833481
16837.8 -0.00834343
16849.8 -0.00835192
16861.9 -0.00836047
16873.9 -0.00836937
16885.9 -0.00837924
16897.9 -0.00838303
16909.9 -0.00835676
16921.9 -0.00833113
16933.9 -0.00830397
16945.9 -0.00827552
16958 -0.00824588
16970 -0.00821503
16982 -0.00818289
16994 -0.00814911
17006 -0.0081203
17018 -0.00810024
17030 -0.00808031
17042 -0.00806012
17054.1 -0.00803952
17066.1 -0.00801844
17078.1 -0.00799678
17090.1 -0.00797443
17102.1 -0.00795104
17114.1 -0.00793276
17126.1 -0.00791994
17138.1 -0.00790801
17150.2 -0.007896
17162.2 -0.00788385
17174.2 -0.00787155
17186.2 -0.00785913
17198.2 -0.00784663
17210.2 -0.00783433
17222.2 -0.00781832
17234.2 -0.00780175
17246.2 -0.00778471
17258.3 -0.00776727
17270.3 -0.00774947
17282.3 -0.00773132
17294.3 -0.00771283
17306.3 -0.00769402
17318.3 -0.00767495
17330.3 -0.00765637
17342.3 -0.00763805
17354.4 -0.00761947
17366.4 -0.00760067
17378.4 -0.00758167
17390.4 -0.00756249
17402.4 -0.00754318
17414.4 -0.00752382
17426.4 -0.00750389
17438.4 -0.00748332
17450.5 -0.00746265
17462.5 -0.00744178
17474.5 -0.0074208
17486.5 -0.00739985
17498.5 -0.0073791
17510.5 -0.00735889
17522.5 -0.00734025
17534.5 -0.00731177
17546.5 -0.00727291
17558.6 -0.00723183
17570.6 -0.0071891
17582.6 -0.00714493
17594.6 -0.00709942
17606.6 -0.00705265
17618.6 -0.00700474
17630.6 -0.00695627
17642.6 -0.00690096
17654.7 -0.00684209
17666.7 -0.00678008
17678.7 -0.00671472
17690.7 -0.00664546
17702.7 -0.00657136
17714.7 -0.00649068
17726.7 -0.00639944
17738.7 -0.00629605
17750.8 -0.00631118
17762.8 -0.00634624
17774.8 -0.00639182
17786.8 -0.00644551
17798.8 -0.00650653
17810.8 -0.00657498
17822.8 -0.00665198
17834.8 -0.0067411
17846.8 -0.00682356
17858.9 -0.00683721
17870.9 -0.00684189
17882.9 -0.00684237
17894.9 -0.00684029
17906.9 -0.00683646
17918.9 -0.00683134
17930.9 -0.00682525
17942.9 -0.00681836
17955 -0.00680999
17967 -0.00680043
17979 -0.00679052
17991 -0.0067803
18003 -0.00676982
18015 -0.00675913
18027 -0.00674825
18039 -0.00673721
18051.1 -0.00672604
18063.1 -0.00671491
18075.1 -0.00670368
18087.1 -0.00669236
18099.1 -0.00668094
18111.1 -0.00666944
18123.1 -0.00665785
18135.1 -0.00664618
18147.1 -0.00663439
18159.2 -0.00662196
18171.2 -0.00660796
18183.2 -0.00659407
18195.2 -0.00658021
18207.2 -0.00656638
18219.2 -0.00655257
18231.2 -0.00653877
18243.2 -0.00652497
18255.3 -0.00651117
18267.3 -0.00649716
18279.3 -0.00648305
18291.3 -0.00646897
18303.3 -0.0064549
18315.3 -0.00644083
18327.3 -0.00642675
18339.3 -0.00641265
18351.4 -0.00639851
18363.4 -0.00638423
18375.4 -0.00636848
18387.4 -0.00635278
18399.4 -0.00633716
18411.4 -0.00632161
18423.4 -0.00630609
18435.4 -0.0062906
18447.4 -0.00627512
18459.5 -0.00625962
18471.5 -0.00624376
18483.5 -0.0062273
18495.5 -0.00621095
18507.5 -0.00619468
18519.5 -0.00617846
18531.5 -0.00616228
18543.5 -0.00614613
18555.6 -0.00613
18567.6 -0.00611388
18579.6 -0.00609756
18591.6 -0.00608118
18603.6 -0.00606484
18615.6 -0.00604853
18627.6 -0.00603224
18639.6 -0.00601595
18651.7 -0.00599965
18663.7 -0.00598332
18675.7 -0.0059669
18687.7 -0.00594975
18699.7 -0.00593271
18711.7 -0.00591571
18723.7 -0.00589875
18735.7 -0.0058818
18747.7 -0.00586486
18759.8 -0.00584791
18771.8 -0.00583094
18783.8 -0.00581375
18795.8 -0.00579632
18807.8 -0.00577894
18819.8 -0.00576156
18831.8 -0.00574418
18843.8 -0.00572677
18855.9 -0.00570931
18867.9 -0.00569178
18879.9 -0.00567407
18891.9 -0.00565518
18903.9 -0.00563613
18915.9 -0.00561724
18927.9 -0.00559844
18939.9 -0.00557971
18952 -0.00556102
18964 -0.00554237
18976 -0.00552375
18988 -0.00550514
19000 -0.00548649
