7000 -0.00789568
7012.01 -0.00806651
7024.02 -0.00823597
7036.04 -0.00840317
7048.05 -0.00856862
7060.06 -0.00873239
7072.07 -0.00889376
7084.08 -0.00905225
7096.1 -0.00920737
7108.11 -0.00935862
7120.12 -0.00950543
7132.13 -0.00964704
7144.14 -0.00978169
7156.16 -0.00991248
7168.17 -0.0100384
7180.18 -0.0101585
7192.19 -0.0102723
7204.2 -0.0103793
7216.22 -0.0104789
7228.23 -0.0105704
7240.24 -0.0106526
7252.25 -0.0107246
7264.26 -0.0107909
7276.28 -0.0108494
7288.29 -0.0108994
7300.3 -0.0109405
7312.31 -0.0109721
7324.32 -0.0109937
7336.34 -0.0110042
7348.35 -0.0109994
7360.36 -0.010988
7372.37 -0.0109717
7384.38 -0.0109484
7396.4 -0.0109175
7408.41 -0.0108791
7420.42 -0.0108333
7432.43 -0.0107804
7444.44 -0.0107217
7456.46 -0.0106604
7468.47 -0.0105851
7480.48 -0.0104988
7492.49 -0.010403
7504.5 -0.0102983
7516.52 -0.010185
7528.53 -0.0100638
7540.54 -0.0099375
7552.55 -0.00980486
7564.56 -0.00966584
7576.58 -0.00951719
7588.59 -0.00936082
7600.6 -0.00919736
7612.61 -0.00902733
7624.62 -0.00885139
7636.64 -0.00866411
7648.65 -0.00845997
7660.66 -0.0082508
7672.67 -0.00803327
7684.68 -0.00780794
7696.7 -0.00757563
7708.71 -0.00733646
7720.72 -0.0070902
7732.73 -0.00683564
7744.74 -0.00660256
7756.76 -0.00638413
7768.77 -0.00615792
7780.78 -0.00594061
7792.79 -0.00572558
7804.8 -0.00551133
7816.82 -0.00529744
7828.83 -0.00508388
7840.84 -0.00487108
7852.85 -0.00465079
7864.86 -0.00443
7876.88 -0.00420855
7888.89 -0.00398294
7900.9 -0.00375558
7912.91 -0.0035269
7924.92 -0.00329703
7936.94 -0.00306596
7948.95 -0.00283391
7960.96 -0.00260566
7972.97 -0.00237322
7984.98 -0.0021479
7997 -0.00192676
8009.01 -0.00170828
8021.02 -0.00149214
8033.03 -0.00127834
8045.05 -0.00106714
8057.06 -0.000851881
8069.07 -0.00062257
8081.08 -0.000393879
8093.09 -0.000168096
8105.11 5.51671e-05
8117.12 0.000275633
8129.13 0.000492795
8141.14 0.000705759
8153.15 0.000912381
8165.17 0.00115538
8177.18 0.00142906
8189.19 0.0017093
8201.2 0.00200272
8213.21 0.00230095
8225.23 0.00260254
8237.24 0.00290701
8249.25 0.0032145
8261.26 0.00352716
8273.27 0.00376869
8285.29 0.00398474
8297.3 0.00420339
8309.31 0.00442217
8321.32 0.00464035
8333.33 0.00485772
8345.35 0.00507408
8357.36 0.00528912
8369.37 0.00550306
8381.38 0.0057326
8393.39 0.0059623
8405.41 0.0061947
8417.42 0.0064276
8429.43 0.00666054
8441.44 0.00689331
8453.45 0.00712573
8465.47 0.00735761
8477.48 0.00758875
8489.49 0.00781847
8501.5 0.00804903
8513.51 0.00828057
8525.53 0.00851198
8537.54 0.00874298
8549.55 0.00897337
8561.56 0.0092029
8573.57 0.00943123
8585.59 0.00965758
8597.6 0.00988053
8609.61 0.0101125
8621.62 0.0103471
8633.63 0.0105829
8645.65 0.0108197
8657.66 0.0110571
8669.67 0.0112949
8681.68 0.0115333
8693.69 0.0117721
8705.71 0.0120109
8717.72 0.012248
8729.73 0.0124847
8741.74 0.0127209
8753.75 0.0129566
8765.77 0.0131919
8777.78 0.0134267
8789.79 0.0136608
8801.8 0.0138934
8813.81 0.0141283
8825.83 0.0143645
8837.84 0.0146009
8849.85 0.0148374
8861.86 0.015074
8873.87 0.0153106
8885.89 0.0155474
8897.9 0.0157846
8909.91 0.0160222
8921.92 0.0162538
8933.93 0.0164835
8945.95 0.0167118
8957.96 0.0169389
8969.97 0.0171649
8981.98 0.0173896
8993.99 0.017613
9006.01 0.0178347
9018.02 0.018057
9030.03 0.0182821
9042.04 0.0185071
9054.05 0.018732
9066.07 0.0189564
9078.08 0.0191805
9090.09 0.0194043
9102.1 0.0196279
9114.11 0.0198525
9126.13 0.0200701
9138.14 0.020285
9150.15 0.0204982
9162.16 0.02071
9174.17 0.0209206
9186.19 0.02113
9198.2 0.0213384
9210.21 0.0215462
9222.22 0.0217524
9234.23 0.0219512
9246.25 0.0221477
9258.26 0.0223421
9270.27 0.0225347
9282.28 0.0227257
9294.29 0.0229151
9306.31 0.0231031
9318.32 0.02329
9330.33 0.0234733
9342.34 0.0236525
9354.35 0.0238296
9366.37 0.024005
9378.38 0.0241787
9390.39 0.0243508
9402.4 0.0245216
9414.41 0.0246913
9426.43 0.0248611
9438.44 0.025016
9450.45 0.0251668
9462.46 0.0253147
9474.47 0.0254602
9486.49 0.0256034
9498.5 0.0257445
9510.51 0.0258836
9522.52 0.0260208
9534.53 0.0261557
9546.55 0.0262868
9558.56 0.0264158
9570.57 0.0265431
9582.58 0.0266686
9594.59 0.0267925
9606.61 0.026915
9618.62 0.0270366
9630.63 0.0271584
9642.64 0.0272608
9654.65 0.0273495
9666.67 0.0274346
9678.68 0.0275169
9690.69 0.0275966
9702.7 0.0276741
9714.71 0.0277494
9726.73 0.0278227
9738.74 0.0278941
9750.75 0.0279636
9762.76 0.0280313
9774.77 0.0280974
9786.79 0.028162
9798.8 0.028225
9810.81 0.0282868
9822.82 0.0283473
9834.83 0.0284071
9846.85 0.0284589
9858.86 0.0284959
9870.87 0.0285304
9882.88 0.0285629
9894.89 0.0285936
9906.91 0.0286227
9918.92 0.0286503
9930.93 0.0286762
9942.94 0.0287004
9954.95 0.0287292
9966.97 0.0287594
9978.98 0.0287888
9990.99 0.0288173
10003 0.028845
10015 0.028872
10027 0.0288982
10039 0.028924
10051.1 0.0289482
10063.1 0.0289536
10075.1 0.0289568
10087.1 0.0289583
10099.1 0.0289584
10111.1 0.028957
10123.1 0.028954
10135.1 0.0289492
10147.1 0.0289418
10159.2 0.0289464
10171.2 0.0289722
10183.2 0.0289988
10195.2 0.0290254
10207.2 0.0290517
10219.2 0.0290775
10231.2 0.0291026
10243.2 0.0291267
10255.3 0.029149
10267.3 0.0291828
10279.3 0.0292208
10291.3 0.0292587
10303.3 0.0292962
10315.3 0.0293329
10327.3 0.0293684
10339.3 0.0294021
10351.4 0.0294325
10363.4 0.0294642
10375.4 0.029556
10387.4 0.0296543
10399.4 0.029756
10411.4 0.0298604
10423.4 0.0299669
10435.4 0.0300753
10447.4 0.0301853
10459.5 0.0302963
10471.5 0.0304136
10483.5 0.0305405
10495.5 0.0306703
10507.5 0.0308024
10519.5 0.0309368
10531.5 0.0310731
10543.5 0.0312112
10555.6 0.0313503
10567.6 0.0314884
10579.6 0.0316579
10591.6 0.0318422
10603.6 0.0320325
10615.6 0.0322282
10627.6 0.032429
10639.6 0.0326351
10651.7 0.0328465
10663.7 0.0330639
10675.7 0.0332849
10687.7 0.0334897
10699.7 0.0336965
10711.7 0.0339065
10723.7 0.0341202
10735.7 0.0343377
10747.7 0.0345594
10759.8 0.0347855
10771.8 0.0350166
10783.8 0.0352434
10795.8 0.0354628
10807.8 0.0356846
10819.8 0.0359095
10831.8 0.0361378
10843.8 0.0363696
10855.9 0.0366054
10867.9 0.0368459
10879.9 0.0370936
10891.9 0.03728
10903.9 0.0374531
10915.9 0.0376246
10927.9 0.0377955
10939.9 0.0379661
10952 0.0381367
10964 0.0383074
10976 0.0384784
10988 0.0386421
11000 0.038777
11012 0.0389092
11024 0.0390392
11036 0.0391672
11048 0.0392927
11060.1 0.0394153
11072.1 0.0395345
11084.1 0.0396492
11096.1 0.0397304
11108.1 0.0397946
11120.1 0.039949
11132.1 0.0401132
11144.1 0.0402816
11156.2 0.0404526
11168.2 0.0406252
11180.2 0.0407987
11192.2 0.0409727
11204.2 0.0411322
11216.2 0.0412907
11228.2 0.0414492
11240.2 0.0416071
11252.3 0.041764
11264.3 0.0419196
11276.3 0.0420735
11288.3 0.0422247
11300.3 0.0423649
11312.3 0.0424827
11324.3 0.0426517
11336.3 0.0428655
11348.3 0.0430876
11360.4 0.0433161
11372.4 0.043551
11384.4 0.0437928
11396.4 0.0440437
11408.4 0.0443104
11420.4 0.0446102
11432.4 0.0446947
11444.4 0.0447215
11456.5 0.0447316
11468.5 0.04473
11480.5 0.0447188
11492.5 0.0446988
11504.5 0.0446706
11516.5 0.0446406
11528.5 0.0446042
11540.5 0.0446551
11552.6 0.0447142
11564.6 0.0447762
11576.6 0.0448398
11588.6 0.044905
11600.6 0.0449724
11612.6 0.0450545
11624.6 0.0451538
11636.6 0.0452438
11648.6 0.045308
11660.7 0.0453684
11672.7 0.0454266
11684.7 0.0454839
11696.7 0.0455414
11708.7 0.0456012
11720.7 0.0456777
11732.7 0.0457645
11744.7 0.0457933
11756.8 0.0457569
11768.8 0.0457077
11780.8 0.0456494
11792.8 0.0455835
11804.8 0.0455113
11816.8 0.0454362
11828.8 0.0453724
11840.8 0.045291
11852.9 0.0452561
11864.9 0.0452367
11876.9 0.0452175
11888.9 0.0451973
11900.9 0.0451758
11912.9 0.0451535
11924.9 0.045137
11936.9 0.0451234
11948.9 0.0451067
11961 0.0450737
11973 0.0450352
11985 0.0449925
11997 0.0449457
12009 0.044895
12021 0.0448412
12033 0.0447947
12045 0.0447376
12057.1 0.0446918
12069.1 0.0447263
12081.1 0.0447709
12093.1 0.0448214
12105.1 0.0448771
12117.1 0.0449381
12129.1 0.0450071
12141.1 0.0450891
12153.2 0.0451868
12165.2 0.0452127
12177.2 0.0451277
12189.2 0.0450241
12201.2 0.0449081
12213.2 0.044782
12225.2 0.0446472
12237.2 0.0445118
12249.2 0.0443659
12261.3 0.0441938
12273.3 0.0441214
12285.3 0.0441029
12297.3 0.0440932
12309.3 0.0440891
12321.3 0.0440896
12333.3 0.0440954
12345.3 0.0441158
12357.4 0.0441371
12369.4 0.0441608
12381.4 0.0441698
12393.4 0.0441782
12405.4 0.0441879
12417.4 0.0442006
12429.4 0.0442182
12441.4 0.044247
12453.5 0.0442922
12465.5 0.0443508
12477.5 0.0443857
12489.5 0.0442088
12501.5 0.0439983
12513.5 0.0437674
12525.5 0.0435202
12537.5 0.0432593
12549.5 0.0429919
12561.6 0.0427073
12573.6 0.042397
12585.6 0.042132
12597.6 0.0419635
12609.6 0.0418034
12621.6 0.0416464
12633.6 0.0414908
12645.6 0.041337
12657.7 0.0411885
12669.7 0.0410396
12681.7 0.0408961
12693.7 0.0406957
12705.7 0.0404555
12717.7 0.040204
12729.7 0.0399436
12741.7 0.0396759
12753.8 0.0394076
12765.8 0.0391337
12777.8 0.0388412
12789.8 0.0385228
12801.8 0.0383012
12813.8 0.0380888
12825.8 0.0378756
12837.8 0.0376588
12849.8 0.0374363
12861.9 0.0372043
12873.9 0.0369638
12885.9 0.0367097
12897.9 0.0364659
12909.9 0.0363864
12921.9 0.0363276
12933.9 0.0362798
12945.9 0.0362398
12958 0.0362067
12970 0.0361802
12982 0.0361615
12994 0.0361555
13006 0.0360953
13018 0.0359193
13030 0.035726
13042 0.0355202
13054.1 0.0353022
13066.1 0.0350634
13078.1 0.0348134
13090.1 0.0345594
13102.1 0.034292
13114.1 0.0341165
13126.1 0.0340077
13138.1 0.0339077
13150.2 0.0338126
13162.2 0.0337206
13174.2 0.0336304
13186.2 0.0335409
13198.2 0.0334504
13210.2 0.0333547
13222.2 0.0333182
13234.2 0.0332925
13246.2 0.0332703
13258.3 0.0332496
13270.3 0.0332261
13282.3 0.0331943
13294.3 0.0331778
13306.3 0.0331735
13318.3 0.0331585
13330.3 0.0329885
13342.3 0.0328052
13354.4 0.0326153
13366.4 0.0324208
13378.4 0.0322221
13390.4 0.0320201
13402.4 0.0318145
13414.4 0.0316042
13426.4 0.0314184
13438.4 0.0312839
13450.5 0.0311528
13462.5 0.0310229
13474.5 0.0308925
13486.5 0.0307568
13498.5 0.0306288
13510.5 0.0305074
13522.5 0.0303958
13534.5 0.0301687
13546.5 0.0298606
13558.6 0.0295441
13570.6 0.0292219
13582.6 0.0288941
13594.6 0.0285612
13606.6 0.0282269
13618.6 0.0278895
13630.6 0.0275461
13642.6 0.0272809
13654.7 0.0270291
13666.7 0.0267785
13678.7 0.0265277
13690.7 0.0262737
13702.7 0.0260214
13714.7 0.0257702
13726.7 0.0255184
13738.7 0.0252762
13750.8 0.0251139
13762.8 0.024956
13774.8 0.0247996
13786.8 0.024643
13798.8 0.0244827
13810.8 0.0243291
13822.8 0.0241789
13834.8 0.0240306
13846.8 0.0238979
13858.9 0.0237923
13870.9 0.0236894
13882.9 0.0235883
13894.9 0.0234884
13906.9 0.0233897
13918.9 0.0232935
13930.9 0.0231989
13942.9 0.0231056
13955 0.0230072
13967 0.022905
13979 0.0228029
13991 0.0227002
14003 0.0225935
14015 0.0224911
14027 0.0223921
14039 0.0222949
14051.1 0.0221979
14063.1 0.0222212
14075.1 0.0222683
14087.1 0.0223187
14099.1 0.022372
14111.1 0.0224287
14123.1 0.0224853
14135.1 0.0225428
14147.1 0.0226018
14159.2 0.0226315
14171.2 0.0223661
14183.2 0.0220964
14195.2 0.0218244
14207.2 0.021549
14219.2 0.0212738
14231.2 0.0210021
14243.2 0.020732
14255.3 0.0204633
14267.3 0.0202148
14279.3 0.0200051
14291.3 0.0197968
14303.3 0.0195896
14315.3 0.0193831
14327.3 0.0191782
14339.3 0.0189746
14351.4 0.0187721
14363.4 0.0185707
14375.4 0.0183666
14387.4 0.0181606
14399.4 0.0179552
14411.4 0.0177496
14423.4 0.0175435
14435.4 0.0173422
14447.4 0.0171436
14459.5 0.0169471
14471.5 0.016753
14483.5 0.0166249
14495.5 0.0165117
14507.5 0.0163988
14519.5 0.0162851
14531.5 0.0161738
14543.5 0.0160653
14555.6 0.0159587
14567.6 0.0158538
14579.6 0.0157499
14591.6 0.015643
14603.6 0.0155375
14615.6 0.0154332
14627.6 0.0153301
14639.6 0.0152284
14651.7 0.0151279
14663.7 0.0150288
14675.7 0.014931
14687.7 0.0148525
14699.7 0.0148145
14711.7 0.014776
14723.7 0.0147369
14735.7 0.0146974
14747.7 0.0146608
14759.8 0.0146254
14771.8 0.0145912
14783.8 0.0145581
14795.8 0.014548
14807.8 0.0145563
14819.8 0.0145644
14831.8 0.014573
14843.8 0.0145803
14855.9 0.0145861
14867.9 0.0145903
14879.9 0.0145922
14891.9 0.0145896
14903.9 0.0144018
14915.9 0.0141678
14927.9 0.0139366
14939.9 0.0137061
14952 0.0134818
14964 0.0132614
14976 0.0130444
14988 0.0128307
15000 0.0126216
15012 0.0124914
15024 0.0123606
15036 0.0122307
15048 0.0121017
15060.1 0.0119728
15072.1 0.0118444
15084.1 0.0117166
15096.1 0.0115891
15108.1 0.0114544
15120.1 0.0112987
15132.1 0.0111443
15144.1 0.0109898
15156.2 0.0108383
15168.2 0.0106893
15180.2 0.0105421
15192.2 0.0103965
15204.2 0.0102525
15216.2 0.0101145
15228.2 0.00998213
15240.2 0.00985059
15252.3 0.00971972
15264.3 0.00959178
15276.3 0.00946598
15288.3 0.00934234
15300.3 0.00922131
15312.3 0.00910448
15324.3 0.00911021
15336.3 0.00915645
15348.3 0.00919956
15360.4 0.00924098
15372.4 0.00928232
15384.4 0.00932285
15396.4 0.00936241
15408.4 0.00940067
15420.4 0.00943632
15432.4 0.00939751
15444.4 0.00935687
15456.5 0.00931598
15468.5 0.00927739
15480.5 0.00924025
15492.5 0.0092039
15504.5 0.00916803
15516.5 0.00913226
15528.5 0.00908448
15540.5 0.00899246
15552.6 0.00890289
15564.6 0.00881526
15576.6 0.00872677
15588.6 0.00863829
15600.6 0.0085498
15612.6 0.00846102
15624.6 0.00837127
15636.6 0.00823077
15648.6 0.00802897
15660.7 0.00782888
15672.7 0.00763118
15684.7 0.00743769
15696.7 0.0072466
15708.7 0.00705749
15720.7 0.00687016
15732.7 0.00668453
15744.7 0.00650514
15756.8 0.00632933
15768.8 0.00615518
15780.8 0.00598122
15792.8 0.00580786
15804.8 0.00563527
15816.8 0.00546353
15828.8 0.00529279
15840.8 0.00512386
15852.9 0.00505431
15864.9 0.00499235
15876.9 0.00492813
15888.9 0.00486781
15900.9 0.00480853
15912.9 0.0047498
15924.9 0.00469143
15936.9 0.00463327
15948.9 0.00457125
15961 0.004485
15973 0.00439957
15985 0.00431439
15997 0.00422913
16009 0.00414394
16021 0.0040588
16033 0.0039737
16045 0.00388862
16057.1 0.00382647
16069.1 0.00380153
16081.1 0.00377507
16093.1 0.00374972
16105.1 0.00372466
16117.1 0.00369961
16129.1 0.0036745
16141.1 0.00364932
16153.2 0.0036241
16165.2 0.00359003
16177.2 0.00355042
16189.2 0.00351099
16201.2 0.00347015
16213.2 0.00342878
16225.2 0.00338708
16237.2 0.00334521
16249.2 0.0033034
16261.3 0.00326234
16273.3 0.00310329
16285.3 0.00292006
16297.3 0.00273561
16309.3 0.00254968
16321.3 0.00236262
16333.3 0.0021744
16345.3 0.00198493
16357.4 0.00179404
16369.4 0.00160375
16381.4 0.00144218
16393.4 0.00127993
16405.4 0.0011155
16417.4 0.000949159
16429.4 0.000780874
16441.4 0.000610493
16453.5 0.000437775
16465.5 0.000262237
16477.5 0.000104892
16489.5 -1.69043e-06
16501.5 -0.000108993
16513.5 -0.000221883
16525.5 -0.000338154
16537.5 -0.000457698
16549.5 -0.000580696
16561.6 -0.000707593
16573.6 -0.000839573
16585.6 -0.000924123
16597.6 -0.000961945
16609.6 -0.0010008
16621.6 -0.00104152
16633.6 -0.00108421
16645.6 -0.00112903
16657.7 -0.00117609
16669.7 -0.00122556
16681.7 -0.00127804
16693.7 -0.00130503
16705.7 -0.00132189
16717.7 -0.00134534
16729.7 -0.00137218
16741.7 -0.00140164
16753.8 -0.00143344
16765.8 -0.00146743
16777.8 -0.00150359
16789.8 -0.00154211
16801.8 -0.00156706
16813.8 -0.00159201
16825.8 -0.00161681
16837.8 -0.00164149
16849.8 -0.00166568
16861.9 -0.00168882
16873.9 -0.00171001
16885.9 -0.00172753
16897.9 -0.00175605
16909.9 -0.0018456
16921.9 -0.00194279
16933.9 -0.00204397
16945.9 -0.00214643
16958 -0.00224901
16970 -0.00235081
16982 -0.00245093
16994 -0.00254812
17006 -0.0026537
17018 -0.00277387
17030 -0.00289275
17042 -0.00300908
17054.1 -0.00312209
17066.1 -0.00323111
17078.1 -0.00333554
17090.1 -0.00343473
17102.1 -0.00352794
17114.1 -0.00361397
17126.1 -0.00369425
17138.1 -0.00377229
17150.2 -0.00384454
17162.2 -0.00391011
17174.2 -0.00396839
17186.2 -0.00401885
17198.2 -0.00406096
17210.2 -0.00409378
17222.2 -0.00412492
17234.2 -0.004149
17246.2 -0.00416471
17258.3 -0.00417155
17270.3 -0.00416922
17282.3 -0.00415742
17294.3 -0.00413575
17306.3 -0.00410343
17318.3 -0.00406273
17330.3 -0.00403876
17342.3 -0.00401035
17354.4 -0.00397523
17366.4 -0.00393282
17378.4 -0.00388278
17390.4 -0.00382471
17402.4 -0.00375792
17414.4 -0.00368041
17426.4 -0.00361111
17438.4 -0.00358084
17450.5 -0.00355235
17462.5 -0.00352284
17474.5 -0.00349162
17486.5 -0.00345844
17498.5 -0.0034232
17510.5 -0.00338565
17522.5 -0.00334489
17534.5 -0.00331374
17546.5 -0.00329384
17558.6 -0.00327588
17570.6 -0.0032594
17582.6 -0.00324437
17594.6 -0.00323079
17606.6 -0.00321853
17618.6 -0.00320689
17630.6 -0.00319177
17642.6 -0.00322299
17654.7 -0.00327838
17666.7 -0.00334673
17678.7 -0.00342827
17690.7 -0.00352485
17702.7 -0.00363993
17714.7 -0.00377996
17726.7 -0.00395959
17738.7 -0.00418483
17750.8 -0.00397431
17762.8 -0.00369095
17774.8 -0.00337051
17786.8 -0.00302201
17798.8 -0.00264853
17810.8 -0.00224992
17822.8 -0.00182253
17834.8 -0.00135416
17846.8 -0.000910002
17858.9 -0.000706982
17870.9 -0.000536119
17882.9 -0.000380918
17894.9 -0.000235797
17906.9 -9.8e-05
17918.9 3.40582e-05
17930.9 0.000161363
17942.9 0.000284499
17955 0.000403686
17967 0.000520447
17979 0.000634673
17991 0.000746474
18003 0.000855988
18015 0.000963338
18027 0.00106863
18039 0.00117197
18051.1 0.00127344
18063.1 0.00137313
18075.1 0.00147095
18087.1 0.00156702
18099.1 0.00166137
18111.1 0.00175402
18123.1 0.001845
18135.1 0.00193427
18147.1 0.00202176
18159.2 0.00210678
18171.2 0.0021906
18183.2 0.00227355
18195.2 0.00235537
18207.2 0.00243599
18219.2 0.00251539
18231.2 0.00259357
18243.2 0.00267052
18255.3 0.00274622
18267.3 0.00282053
18279.3 0.00289378
18291.3 0.00296593
18303.3 0.00303695
18315.3 0.00310683
18327.3 0.00317555
18339.3 0.00324307
18351.4 0.00330934
18363.4 0.00337404
18375.4 0.0034368
18387.4 0.00349929
18399.4 0.00356103
18411.4 0.00362194
18423.4 0.00368197
18435.4 0.00374109
18447.4 0.00379925
18459.5 0.00385638
18471.5 0.00391198
18483.5 0.00396674
18495.5 0.00402097
18507.5 0.00407452
18519.5 0.00412734
18531.5 0.0041794
18543.5 0.0042307
18555.6 0.0042812
18567.6 0.00433087
18579.6 0.00437952
18591.6 0.00442753
18603.6 0.00447487
18615.6 0.0045215
18627.6 0.00456739
18639.6 0.00461254
18651.7 0.0046569
18663.7 0.00470044
18675.7 0.00474295
18687.7 0.00478416
18699.7 0.00482511
18711.7 0.00486552
18723.7 0.00490534
18735.7 0.00494454
18747.7 0.00498308
18759.8 0.00502094
18771.8 0.00505806
18783.8 0.00509416
18795.8 0.0051296
18807.8 0.00516455
18819.8 0.00519892
18831.8 0.00523265
18843.8 0.00526572
18855.9 0.00529805
18867.9 0.00532957
18879.9 0.00536001
18891.9 0.00538824
18903.9 0.00541661
18915.9 0.00544486
18927.9 0.00547282
18939.9 0.0055004
18952 0.00552758
18964 0.00555431
18976 0.00558059
18988 0.00560637
19000 0.00563161
