7000 -0.0170795
7012.01 -0.0171073
7024.02 -0.0171261
7036.04 -0.0171356
7048.05 -0.0171355
7060.06 -0.0171272
7072.07 -0.0171106
7084.08 -0.0170858
7096.1 -0.017053
7108.11 -0.0170121
7120.12 -0.0169632
7132.13 -0.0169064
7144.14 -0.0168401
7156.16 -0.0167669
7168.17 -0.0166876
7180.18 -0.0166023
7192.19 -0.0165109
7204.2 -0.0164138
7216.22 -0.0163109
7228.23 -0.0162024
7240.24 -0.0160879
7252.25 -0.0159657
7264.26 -0.0158409
7276.28 -0.0157128
7288.29 -0.0155813
7300.3 -0.0154464
7312.31 -0.0153083
7324.32 -0.0151669
7336.34 -0.0150219
7348.35 -0.0148701
7360.36 -0.0147156
7372.37 -0.0145626
7384.38 -0.0144099
7396.4 -0.0142572
7408.41 -0.0141048
7420.42 -0.0139527
7432.43 -0.0138013
7444.44 -0.0136514
7456.46 -0.0135065
7468.47 -0.013359
7480.48 -0.0132098
7492.49 -0.0130599
7504.5 -0.0129095
7516.52 -0.012759
7528.53 -0.012608
7540.54 -0.0124516
7552.55 -0.0122955
7564.56 -0.0121404
7576.58 -0.0119838
7588.59 -0.0118266
7600.6 -0.0116691
7612.61 -0.0115115
7624.62 -0.0113541
7636.64 -0.0111924
7648.65 -0.0110217
7660.66 -0.0108511
7672.67 -0.0106791
7684.68 -0.0105052
7696.7 -0.0103298
7708.71 -0.010153
7720.72 -0.00997474
7732.73 -0.00979478
7744.74 -0.00961127
7756.76 -0.00942348
7768.77 -0.00922931
7780.78 -0.00903876
7792.79 -0.0088492
7804.8 -0.00865955
7816.82 -0.0084692
7828.83 -0.00827755
7840.84 -0.00808311
7852.85 -0.0079188
7864.86 -0.00776207
7876.88 -0.00760627
7888.89 -0.00744816
7900.9 -0.00728853
7912.91 -0.00712733
7924.92 -0.00696443
7936.94 -0.00679976
7948.95 -0.00663195
7960.96 -0.0064467
7972.97 -0.006255
7984.98 -0.00606254
7997 -0.00586875
8009.01 -0.00567252
8021.02 -0.00547326
8033.03 -0.00527031
8045.05 -0.00506237
8057.06 -0.00487316
8069.07 -0.00473792
8081.08 -0.00460456
8093.09 -0.00447244
8105.11 -0.00434098
8117.12 -0.00421034
8129.13 -0.00408117
8141.14 -0.0039548
8153.15 -0.00383465
8165.17 -0.00364459
8177.18 -0.00339033
8189.19 -0.00313089
8201.2 -0.00286344
8213.21 -0.00259353
8225.23 -0.00232326
8237.24 -0.00205417
8249.25 -0.0017874
8261.26 -0.00152274
8273.27 -0.00131379
8285.29 -0.00113023
8297.3 -0.00095624
8309.31 -0.000793479
8321.32 -0.000643228
8333.33 -0.000506394
8345.35 -0.000383681
8357.36 -0.000275602
8369.37 -0.000182316
8381.38 -9.96746e-05
8393.39 -3.13114e-05
8405.41 2.44263e-05
8417.42 6.74431e-05
8429.43 9.84226e-05
8441.44 0.000118263
8453.45 0.000127979
8465.47 0.000128649
8477.48 0.000121354
8489.49 0.000107017
8501.5 8.73852e-05
8513.51 6.37699e-05
8525.53 3.67846e-05
8537.54 7.26188e-06
8549.55 -2.40286e-05
8561.56 -5.64157e-05
8573.57 -8.93608e-05
8585.59 -0.000122561
8597.6 -0.000156362
8609.61 -0.00018635
8621.62 -0.000213698
8633.63 -0.000238604
8645.65 -0.000260998
8657.66 -0.000280779
8669.67 -0.000297855
8681.68 -0.00031214
8693.69 -0.000323522
8705.71 -0.000332034
8717.72 -0.000338304
8729.73 -0.00034202
8741.74 -0.000343172
8753.75 -0.000341797
8765.77 -0.000337958
8777.78 -0.000331742
8789.79 -0.000323279
8801.8 -0.00031292
8813.81 -0.000299845
8825.83 -0.000283966
8837.84 -0.000265717
8849.85 -0.000245233
8861.86 -0.0002226
8873.87 -0.000197879
8885.89 -0.000171095
8897.9 -0.000142175
8909.91 -0.0001108
8921.92 -7.93278e-05
8933.93 -4.69004e-05
8945.95 -1.33401e-05
8957.96 2.13624e-05
8969.97 5.71714e-05
8981.98 9.4023e-05
8993.99 0.000131814
9006.01 0.000170302
9018.02 0.000209738
9030.03 0.000251472
9042.04 0.000294613
9054.05 0.000339006
9066.07 0.000384583
9078.08 0.000431316
9090.09 0.000479215
9102.1 0.00052836
9114.11 0.000579318
9126.13 0.000629834
9138.14 0.000680255
9150.15 0.000731102
9162.16 0.000782488
9174.17 0.000834474
9186.19 0.000887113
9198.2 0.000940482
9210.21 0.000994759
9222.22 0.00105021
9234.23 0.00110428
9246.25 0.00115823
9258.26 0.00121234
9270.27 0.00126669
9282.28 0.00132136
9294.29 0.0013764
9306.31 0.00143189
9318.32 0.00148802
9330.33 0.00154437
9342.34 0.00160003
9354.35 0.00165577
9366.37 0.00171173
9378.38 0.00176798
9390.39 0.00182463
9402.4 0.0018818
9414.41 0.00193975
9426.43 0.00199962
9438.44 0.00205626
9450.45 0.00211149
9462.46 0.0021662
9474.47 0.00222065
9486.49 0.00227497
9498.5 0.00232924
9510.51 0.00238357
9522.52 0.00243807
9534.53 0.00249279
9546.55 0.00254698
9558.56 0.00260117
9570.57 0.00265551
9582.58 0.00271014
9594.59 0.00276519
9606.61 0.00282087
9618.62 0.00287756
9630.63 0.00293642
9642.64 0.00299301
9654.65 0.00304333
9666.67 0.00309201
9678.68 0.00313968
9690.69 0.00318664
9702.7 0.00323304
9714.71 0.00327901
9726.73 0.00332464
9738.74 0.00337001
9750.75 0.00341519
9762.76 0.00346025
9774.77 0.00350526
9786.79 0.00355029
9798.8 0.00359546
9810.81 0.00364088
9822.82 0.0036868
9834.83 0.00373376
9846.85 0.00378119
9858.86 0.00382263
9870.87 0.00386254
9882.88 0.00390154
9894.89 0.00393986
9906.91 0.00397762
9918.92 0.00401486
9930.93 0.00405154
9942.94 0.00408738
9954.95 0.00412409
9966.97 0.00416252
9978.98 0.00420141
9990.99 0.00424066
10003 0.00428027
10015 0.00432031
10027 0.00436093
10039 0.00440248
10051.1 0.00444622
10063.1 0.00448359
10075.1 0.00451886
10087.1 0.00455299
10099.1 0.0045862
10111.1 0.00461849
10123.1 0.00464971
10135.1 0.00467951
10147.1 0.00470682
10159.2 0.00473329
10171.2 0.00477071
10183.2 0.00481074
10195.2 0.00485225
10207.2 0.00489478
10219.2 0.00493804
10231.2 0.00498175
10243.2 0.00502554
10255.3 0.00506843
10267.3 0.00511431
10279.3 0.00516446
10291.3 0.00521605
10303.3 0.00526857
10315.3 0.00532161
10327.3 0.0053747
10339.3 0.00542707
10351.4 0.00547707
10363.4 0.00551969
10375.4 0.00558748
10387.4 0.00566475
10399.4 0.00574775
10411.4 0.00583542
10423.4 0.00592723
10435.4 0.00602281
10447.4 0.00612186
10459.5 0.00622383
10471.5 0.00632936
10483.5 0.00644296
10495.5 0.00656152
10507.5 0.00668459
10519.5 0.00681198
10531.5 0.00694348
10543.5 0.00707879
10555.6 0.00721729
10567.6 0.00735653
10579.6 0.00750821
10591.6 0.00767479
10603.6 0.00785012
10615.6 0.00803356
10627.6 0.00822498
10639.6 0.00842445
10651.7 0.00863229
10663.7 0.00884916
10675.7 0.00907653
10687.7 0.00930195
10699.7 0.00953217
10711.7 0.00976864
10723.7 0.0100119
10735.7 0.0102623
10747.7 0.0105203
10759.8 0.0107862
10771.8 0.0110608
10783.8 0.0113417
10795.8 0.011623
10807.8 0.01191
10819.8 0.0122034
10831.8 0.0125038
10843.8 0.0128114
10855.9 0.0131267
10867.9 0.0134507
10879.9 0.0137874
10891.9 0.0141039
10903.9 0.0144104
10915.9 0.0147169
10927.9 0.0150248
10939.9 0.0153344
10952 0.0156461
10964 0.0159601
10976 0.0162767
10988 0.0165943
11000 0.0168971
11012 0.0171982
11024 0.0174987
11036 0.0177992
11048 0.0180999
11060.1 0.0184015
11072.1 0.0187049
11084.1 0.0190126
11096.1 0.0193164
11108.1 0.0195941
11120.1 0.0196725
11132.1 0.0197183
11144.1 0.0197425
11156.2 0.0197479
11168.2 0.0197353
11180.2 0.0197043
11192.2 0.0196531
11204.2 0.0195698
11216.2 0.0195157
11228.2 0.0195539
11240.2 0.019592
11252.3 0.019624
11264.3 0.0196477
11276.3 0.0196612
11288.3 0.019663
11300.3 0.0196475
11312.3 0.0196072
11324.3 0.019614
11336.3 0.0196602
11348.3 0.0197046
11360.4 0.0197446
11372.4 0.0197791
11384.4 0.0198075
11396.4 0.0198297
11408.4 0.0198471
11420.4 0.0198602
11432.4 0.0198481
11444.4 0.0198239
11456.5 0.0197909
11468.5 0.0197495
11480.5 0.0197
11492.5 0.0196423
11504.5 0.0195764
11516.5 0.019504
11528.5 0.0194243
11540.5 0.0194027
11552.6 0.019384
11564.6 0.0193646
11576.6 0.019344
11588.6 0.0193219
11600.6 0.0192991
11612.6 0.0192816
11624.6 0.0192672
11636.6 0.0192488
11648.6 0.0192258
11660.7 0.019201
11672.7 0.0191749
11684.7 0.0191483
11696.7 0.019122
11708.7 0.0190974
11720.7 0.019081
11732.7 0.0190691
11744.7 0.0190276
11756.8 0.018953
11768.8 0.0188732
11780.8 0.0187904
11792.8 0.0187058
11804.8 0.0186208
11816.8 0.0185384
11828.8 0.0184628
11840.8 0.0183854
11852.9 0.0182963
11864.9 0.0182024
11876.9 0.0181072
11888.9 0.0180117
11900.9 0.0179164
11912.9 0.0178225
11924.9 0.0177338
11936.9 0.0176478
11948.9 0.0175636
11961 0.0174479
11973 0.0173277
11985 0.017206
11997 0.0170837
12009 0.0169619
12021 0.016842
12033 0.0167286
12045 0.0166147
12057.1 0.0164975
12069.1 0.0163664
12081.1 0.0162339
12093.1 0.0161013
12105.1 0.0159693
12117.1 0.0158389
12129.1 0.0157121
12141.1 0.0155903
12153.2 0.0154762
12165.2 0.0153239
12177.2 0.015113
12189.2 0.0148924
12201.2 0.0146654
12213.2 0.0144336
12225.2 0.0141978
12237.2 0.0139617
12249.2 0.013718
12261.3 0.0134628
12273.3 0.0132423
12285.3 0.01304
12297.3 0.0128395
12309.3 0.0126395
12321.3 0.0124395
12333.3 0.0122399
12345.3 0.0120423
12357.4 0.0118394
12369.4 0.0116311
12381.4 0.011445
12393.4 0.0112609
12405.4 0.0110765
12417.4 0.0108911
12429.4 0.0107041
12441.4 0.0105165
12453.5 0.0103237
12465.5 0.0101193
12477.5 0.00992541
12489.5 0.00984492
12501.5 0.00978114
12513.5 0.00972719
12525.5 0.00968103
12537.5 0.00964207
12549.5 0.00961186
12561.6 0.00958645
12573.6 0.00956755
12585.6 0.00953821
12597.6 0.00948595
12609.6 0.0094328
12621.6 0.00938027
12633.6 0.00932905
12645.6 0.00927985
12657.7 0.00923354
12669.7 0.00918838
12681.7 0.00914612
12693.7 0.00909397
12705.7 0.00903563
12717.7 0.00897723
12729.7 0.00891949
12741.7 0.00886303
12753.8 0.00881041
12765.8 0.00875801
12777.8 0.00870403
12789.8 0.00864936
12801.8 0.00859672
12813.8 0.00854459
12825.8 0.0084929
12837.8 0.00844169
12849.8 0.00839095
12861.9 0.0083403
12873.9 0.00829142
12885.9 0.00824477
12897.9 0.00819703
12909.9 0.00812802
12921.9 0.00805645
12933.9 0.00798358
12945.9 0.00790979
12958 0.00783522
12970 0.00775988
12982 0.00768359
12994 0.00760578
13006 0.00753407
13018 0.00747546
13030 0.0074186
13042 0.00736276
13054.1 0.00730739
13066.1 0.00724974
13078.1 0.00719632
13090.1 0.00714916
13102.1 0.00711094
13114.1 0.00701748
13126.1 0.00688346
13138.1 0.00674341
13150.2 0.00659945
13162.2 0.00645249
13174.2 0.00630298
13186.2 0.00615107
13198.2 0.00599687
13210.2 0.0058401
13222.2 0.00568681
13234.2 0.0055325
13246.2 0.00537642
13258.3 0.0052181
13270.3 0.00505603
13282.3 0.00489146
13294.3 0.00472997
13306.3 0.00456865
13318.3 0.00440787
13330.3 0.00425373
13342.3 0.00409959
13354.4 0.00394487
13366.4 0.00378913
13378.4 0.00363181
13390.4 0.00347244
13402.4 0.00330971
13414.4 0.00314037
13426.4 0.0030255
13438.4 0.00302098
13450.5 0.00302651
13462.5 0.00303787
13474.5 0.0030531
13486.5 0.00307082
13498.5 0.00309345
13510.5 0.0031192
13522.5 0.00314693
13534.5 0.00319151
13546.5 0.00324842
13558.6 0.00330858
13570.6 0.00337145
13582.6 0.00343659
13594.6 0.00350421
13606.6 0.00357491
13618.6 0.00364868
13630.6 0.00372728
13642.6 0.0037517
13654.7 0.003767
13666.7 0.00378147
13678.7 0.00379557
13690.7 0.00380905
13702.7 0.0038236
13714.7 0.00383901
13726.7 0.00385523
13738.7 0.00387051
13750.8 0.00387335
13762.8 0.00387584
13774.8 0.0038782
13786.8 0.00388021
13798.8 0.00388159
13810.8 0.00388521
13822.8 0.00389013
13834.8 0.00389648
13846.8 0.00388748
13858.9 0.0038486
13870.9 0.0038088
13882.9 0.00376862
13894.9 0.00372814
13906.9 0.00368779
13918.9 0.00364793
13930.9 0.00360854
13942.9 0.00357006
13955 0.00349982
13967 0.00340738
13979 0.00331389
13991 0.00321954
14003 0.00312378
14015 0.00302971
14027 0.00293657
14039 0.00284412
14051.1 0.00275255
14063.1 0.00263463
14075.1 0.00251217
14087.1 0.00238983
14099.1 0.00226785
14111.1 0.00214622
14123.1 0.0020241
14135.1 0.00190193
14147.1 0.00177967
14159.2 0.00166452
14171.2 0.00161834
14183.2 0.00157332
14195.2 0.00152882
14207.2 0.00148415
14219.2 0.00144084
14231.2 0.00139879
14243.2 0.00135748
14255.3 0.00131675
14267.3 0.00128621
14279.3 0.00127551
14291.3 0.0012653
14303.3 0.00125546
14315.3 0.0012459
14327.3 0.00123679
14339.3 0.001228
14351.4 0.00121945
14363.4 0.00121109
14375.4 0.00120063
14387.4 0.00118865
14399.4 0.00117668
14411.4 0.00116452
14423.4 0.00115241
14435.4 0.00114144
14447.4 0.00113088
14459.5 0.00112061
14471.5 0.00111056
14483.5 0.00110471
14495.5 0.00109977
14507.5 0.00109474
14519.5 0.00108925
14531.5 0.00108446
14543.5 0.00108009
14555.6 0.00107584
14567.6 0.00107154
14579.6 0.00106463
14591.6 0.00102363
14603.6 0.000983259
14615.6 0.000943215
14627.6 0.000903401
14639.6 0.000863809
14651.7 0.000824343
14663.7 0.000784901
14675.7 0.000745294
14687.7 0.000692496
14699.7 0.000610741
14711.7 0.000529784
14723.7 0.000449232
14735.7 0.000369346
14747.7 0.000290759
14759.8 0.000212929
14771.8 0.000135756
14783.8 5.91783e-05
14795.8 -1.93822e-05
14807.8 -9.93998e-05
14819.8 -0.00017866
14831.8 -0.000257039
14843.8 -0.000335166
14855.9 -0.000412782
14867.9 -0.000489708
14879.9 -0.000565761
14891.9 -0.000640406
14903.9 -0.000671763
14915.9 -0.000692175
14927.9 -0.000713221
14939.9 -0.000734641
14952 -0.000754929
14964 -0.000774833
14976 -0.000794398
14988 -0.000813532
15000 -0.000831659
15012 -0.000819423
15024 -0.000808169
15036 -0.000797286
15048 -0.000786815
15060.1 -0.000776837
15072.1 -0.000767186
15084.1 -0.000757834
15096.1 -0.000748776
15108.1 -0.000740179
15120.1 -0.000732347
15132.1 -0.000724851
15144.1 -0.000717876
15156.2 -0.000710501
15168.2 -0.000703128
15180.2 -0.000695892
15192.2 -0.000688837
15204.2 -0.000681987
15216.2 -0.000674718
15228.2 -0.000667115
15240.2 -0.000659901
15252.3 -0.000653065
15264.3 -0.000646131
15276.3 -0.000639443
15288.3 -0.000633101
15300.3 -0.000627216
15312.3 -0.000622055
15324.3 -0.00063409
15336.3 -0.000651999
15348.3 -0.00066988
15360.4 -0.000687596
15372.4 -0.00070506
15384.4 -0.000722579
15396.4 -0.000740273
15408.4 -0.000758294
15420.4 -0.000777122
15432.4 -0.000821487
15444.4 -0.000866405
15456.5 -0.000911203
15468.5 -0.000955069
15480.5 -0.000998508
15492.5 -0.00104168
15504.5 -0.00108466
15516.5 -0.00112749
15528.5 -0.00117028
15540.5 -0.00121329
15552.6 -0.00125613
15564.6 -0.00129889
15576.6 -0.00134221
15588.6 -0.00138567
15600.6 -0.00142924
15612.6 -0.00147287
15624.6 -0.00151651
15636.6 -0.00155372
15648.6 -0.0015832
15660.7 -0.00161345
15672.7 -0.00164356
15684.7 -0.00167337
15696.7 -0.00170332
15708.7 -0.00173346
15720.7 -0.00176383
15732.7 -0.00179445
15744.7 -0.00182576
15756.8 -0.00185751
15768.8 -0.00188947
15780.8 -0.0019221
15792.8 -0.00195518
15804.8 -0.0019887
15816.8 -0.00202267
15828.8 -0.00205713
15840.8 -0.00209213
15852.9 -0.00213024
15864.9 -0.00216931
15876.9 -0.00220869
15888.9 -0.00224702
15900.9 -0.00228541
15912.9 -0.00232403
15924.9 -0.00236295
15936.9 -0.00240223
15948.9 -0.00244273
15961 -0.00248862
15973 -0.00253479
15985 -0.00258149
15997 -0.00262873
16009 -0.00267648
16021 -0.00272475
16033 -0.00277358
16045 -0.002823
16057.1 -0.00287615
16069.1 -0.00293503
16081.1 -0.00299457
16093.1 -0.00305399
16105.1 -0.00311381
16117.1 -0.00317415
16129.1 -0.00323504
16141.1 -0.00329652
16153.2 -0.0033586
16165.2 -0.00343076
16177.2 -0.00350967
16189.2 -0.00358938
16201.2 -0.0036703
16213.2 -0.00375211
16225.2 -0.00383482
16237.2 -0.00391844
16249.2 -0.00400302
16261.3 -0.00408864
16273.3 -0.00416463
16285.3 -0.00423936
16297.3 -0.00431543
16309.3 -0.00439273
16321.3 -0.00447117
16333.3 -0.00455077
16345.3 -0.00463156
16357.4 -0.00471357
16369.4 -0.00479642
16381.4 -0.00487453
16393.4 -0.00495379
16405.4 -0.00503464
16417.4 -0.00511684
16429.4 -0.00520042
16441.4 -0.0052854
16453.5 -0.00537187
16465.5 -0.00545996
16477.5 -0.00554246
16489.5 -0.00560822
16501.5 -0.0056756
16513.5 -0.0057454
16525.5 -0.00581667
16537.5 -0.00588935
16549.5 -0.00596347
16561.6 -0.00603906
16573.6 -0.00611635
16585.6 -0.00618403
16597.6 -0.0062422
16609.6 -0.00630126
16621.6 -0.00636111
16633.6 -0.00642171
16645.6 -0.00648301
16657.7 -0.00654495
16669.7 -0.00660748
16681.7 -0.00667058
16693.7 -0.00673039
16705.7 -0.00678953
16717.7 -0.00685128
16729.7 -0.00691342
16741.7 -0.00697566
16753.8 -0.00703783
16765.8 -0.00709972
16777.8 -0.00716116
16789.8 -0.00722188
16801.8 -0.00728527
16813.8 -0.00734787
16825.8 -0.00740936
16837.8 -0.00746964
16849.8 -0.00752851
16861.9 -0.00758575
16873.9 -0.0076411
16885.9 -0.00769425
16897.9 -0.00774633
16909.9 -0.00780165
16921.9 -0.00785823
16933.9 -0.00791268
16945.9 -0.00796452
16958 -0.00801342
16970 -0.00805905
16982 -0.00810104
16994 -0.00813873
17006 -0.00818012
17018 -0.00822974
17030 -0.0082767
17042 -0.00832035
17054.1 -0.00836037
17066.1 -0.00839653
17078.1 -0.00842861
17090.1 -0.00845635
17102.1 -0.0084792
17114.1 -0.00850524
17126.1 -0.00853437
17138.1 -0.00856092
17150.2 -0.00858368
17162.2 -0.00860251
17174.2 -0.00861737
17186.2 -0.00862822
17198.2 -0.00863504
17210.2 -0.00863781
17222.2 -0.00863734
17234.2 -0.00863344
17246.2 -0.00862572
17258.3 -0.00861421
17270.3 -0.00859899
17282.3 -0.0085801
17294.3 -0.00855757
17306.3 -0.00853134
17318.3 -0.00850207
17330.3 -0.00847612
17342.3 -0.00844827
17354.4 -0.00841779
17366.4 -0.00838466
17378.4 -0.00834889
17390.4 -0.0083104
17402.4 -0.008269
17414.4 -0.00822398
17426.4 -0.00818323
17438.4 -0.00815996
17450.5 -0.00813779
17462.5 -0.00811582
17474.5 -0.00809389
17486.5 -0.00807202
17498.5 -0.00805032
17510.5 -0.00802896
17522.5 -0.00800825
17534.5 -0.00798609
17546.5 -0.0079626
17558.6 -0.00793937
17570.6 -0.00791669
17582.6 -0.0078948
17594.6 -0.00787391
17606.6 -0.00785425
17618.6 -0.00783606
17630.6 -0.00781961
17642.6 -0.00780716
17654.7 -0.0077978
17666.7 -0.00779103
17678.7 -0.00778747
17690.7 -0.00778795
17702.7 -0.00779366
17714.7 -0.0078067
17726.7 -0.00783171
17738.7 -0.00787041
17750.8 -0.00776968
17762.8 -0.007646
17774.8 -0.00751044
17786.8 -0.00736572
17798.8 -0.00721273
17810.8 -0.00705129
17822.8 -0.00688004
17834.8 -0.00669459
17846.8 -0.00651867
17858.9 -0.00642982
17870.9 -0.00635245
17882.9 -0.00628077
17894.9 -0.0062128
17906.9 -0.00614753
17918.9 -0.00608436
17930.9 -0.00602289
17942.9 -0.00596275
17955 -0.00590285
17967 -0.00584421
17979 -0.00578699
17991 -0.005731
18003 -0.00567614
18015 -0.00562231
18027 -0.00556946
18039 -0.00551754
18051.1 -0.00546653
18063.1 -0.00541647
18075.1 -0.00536716
18087.1 -0.00531856
18099.1 -0.00527066
18111.1 -0.0052234
18123.1 -0.00517676
18135.1 -0.00513067
18147.1 -0.005085
18159.2 -0.00503897
18171.2 -0.00499294
18183.2 -0.00494802
18195.2 -0.00490393
18207.2 -0.00486059
18219.2 -0.00481795
18231.2 -0.00477597
18243.2 -0.00473459
18255.3 -0.00469378
18267.3 -0.00465334
18279.3 -0.00461349
18291.3 -0.00457422
18303.3 -0.00453551
18315.3 -0.0044973
18327.3 -0.00445957
18339.3 -0.00442226
18351.4 -0.0043853
18363.4 -0.00434847
18375.4 -0.00431104
18387.4 -0.00427456
18399.4 -0.00423873
18411.4 -0.00420346
18423.4 -0.00416871
18435.4 -0.00413442
18447.4 -0.00410055
18459.5 -0.00406703
18471.5 -0.00403348
18483.5 -0.00400019
18495.5 -0.00396753
18507.5 -0.00393539
18519.5 -0.00390371
18531.5 -0.00387247
18543.5 -0.00384163
18555.6 -0.00381118
18567.6 -0.00378106
18579.6 -0.00375112
18591.6 -0.00372158
18603.6 -0.00369244
18615.6 -0.00366365
18627.6 -0.0036352
18639.6 -0.00360705
18651.7 -0.00357919
18663.7 -0.00355157
18675.7 -0.00352407
18687.7 -0.00349644
18699.7 -0.00346932
18711.7 -0.00344258
18723.7 -0.00341616
18735.7 -0.00339004
18747.7 -0.00336419
18759.8 -0.0033386
18771.8 -0.00331321
18783.8 -0.00328787
18795.8 -0.00326274
18807.8 -0.00323792
18819.8 -0.00321336
18831.8 -0.00318903
18843.8 -0.0031649
18855.9 -0.00314094
18867.9 -0.00311711
18879.9 -0.00309326
18891.9 -0.00306879
18903.9 -0.00304483
18915.9 -0.00302132
18927.9 -0.00299815
18939.9 -0.00297528
18952 -0.00295269
18964 -0.00293035
18976 -0.00290825
18988 -0.00288637
19000 -0.00286468
