7000 -0.0127086
7012.01 -0.012717
7024.02 -0.0127206
7036.04 -0.0127192
7048.05 -0.0127126
7060.06 -0.0127017
7072.07 -0.0126866
7084.08 -0.012667
7096.1 -0.0126431
7108.11 -0.0126148
7120.12 -0.0125822
7132.13 -0.012545
7144.14 -0.0125021
7156.16 -0.0124554
7168.17 -0.0124054
7180.18 -0.0123518
7192.19 -0.0122947
7204.2 -0.0122341
7216.22 -0.01217
7228.23 -0.0121022
7240.24 -0.0120304
7252.25 -0.0119533
7264.26 -0.0118745
7276.28 -0.0117933
7288.29 -0.0117097
7300.3 -0.0116235
7312.31 -0.0115348
7324.32 -0.0114432
7336.34 -0.0113486
7348.35 -0.0112484
7360.36 -0.0111456
7372.37 -0.0110435
7384.38 -0.0109409
7396.4 -0.0108376
7408.41 -0.0107337
7420.42 -0.0106293
7432.43 -0.0105245
7444.44 -0.0104199
7456.46 -0.0103182
7468.47 -0.0102135
7480.48 -0.0101064
7492.49 -0.00999766
7504.5 -0.00988772
7516.52 -0.00977711
7528.53 -0.00966265
7540.54 -0.00952085
7552.55 -0.00937601
7564.56 -0.00922939
7576.58 -0.0090791
7588.59 -0.00892596
7600.6 -0.00877016
7612.61 -0.00861176
7624.62 -0.00845073
7636.64 -0.0082887
7648.65 -0.00812741
7660.66 -0.00796475
7672.67 -0.00779901
7684.68 -0.00762981
7696.7 -0.0074573
7708.71 -0.0072814
7720.72 -0.00710182
7732.73 -0.00691791
7744.74 -0.00674063
7756.76 -0.0065671
7768.77 -0.00638764
7780.78 -0.00620998
7792.79 -0.00603164
7804.8 -0.00585166
7816.82 -0.00566951
7828.83 -0.00548471
7840.84 -0.00529603
7852.85 -0.00512985
7864.86 -0.00496813
7876.88 -0.00480537
7888.89 -0.00463911
7900.9 -0.00447007
7912.91 -0.00429822
7924.92 -0.00412343
7936.94 -0.00394551
7948.95 -0.00376466
7960.96 -0.00358541
7972.97 -0.00340163
7984.98 -0.00321768
7997 -0.00303274
8009.01 -0.00284606
8021.02 -0.0026574
8033.03 -0.00246659
8045.05 -0.00227326
8057.06 -0.0020861
8069.07 -0.00191797
8081.08 -0.0017503
8093.09 -0.00158348
8105.11 -0.00141744
8117.12 -0.00125255
8129.13 -0.00108949
8141.14 -0.000929375
8153.15 -0.000774743
8165.17 -0.000572986
8177.18 -0.000328271
8189.19 -8.01153e-05
8201.2 0.000172844
8213.21 0.00042632
8225.23 0.000678823
8237.24 0.000929239
8249.25 0.00117661
8261.26 0.00142015
8273.27 0.00165389
8285.29 0.00187963
8297.3 0.00210092
8309.31 0.00231584
8321.32 0.00252335
8333.33 0.00272277
8345.35 0.00291354
8357.36 0.00309538
8369.37 0.0032671
8381.38 0.00339942
8393.39 0.00351882
8405.41 0.00362694
8417.42 0.00372326
8429.43 0.00380778
8441.44 0.00388054
8453.45 0.00394169
8465.47 0.00399145
8477.48 0.00403008
8489.49 0.00405784
8501.5 0.00407582
8513.51 0.00408436
8525.53 0.00408372
8537.54 0.00407444
8549.55 0.00405707
8561.56 0.00403219
8573.57 0.00400037
8585.59 0.00396213
8597.6 0.00391808
8609.61 0.00387112
8621.62 0.00382026
8633.63 0.00376586
8645.65 0.00370839
8657.66 0.00364835
8669.67 0.00358622
8681.68 0.00352248
8693.69 0.00345758
8705.71 0.00339178
8717.72 0.00332529
8729.73 0.00325865
8741.74 0.0031922
8753.75 0.00312624
8765.77 0.00306101
8777.78 0.00299673
8789.79 0.0029336
8801.8 0.00287169
8813.81 0.00281176
8825.83 0.0027537
8837.84 0.0026975
8849.85 0.00264324
8861.86 0.002591
8873.87 0.00254084
8885.89 0.00249284
8897.9 0.00244709
8909.91 0.00240362
8921.92 0.00236152
8933.93 0.00232139
8945.95 0.00228333
8957.96 0.00224735
8969.97 0.00221345
8981.98 0.00218161
8993.99 0.00215177
9006.01 0.00212386
9018.02 0.00209813
9030.03 0.00207497
9042.04 0.00205392
9054.05 0.00203492
9066.07 0.00201792
9078.08 0.00200289
9090.09 0.00198981
9102.1 0.00197868
9114.11 0.00196969
9126.13 0.00196164
9138.14 0.00195495
9150.15 0.00194979
9162.16 0.00194617
9174.17 0.00194408
9186.19 0.00194352
9198.2 0.00194448
9210.21 0.00194701
9222.22 0.00195107
9234.23 0.00195553
9246.25 0.00196106
9258.26 0.00196774
9270.27 0.00197556
9282.28 0.00198454
9294.29 0.00199466
9306.31 0.00200593
9318.32 0.00201841
9330.33 0.00203177
9342.34 0.00204569
9354.35 0.00206049
9366.37 0.00207623
9378.38 0.0020929
9390.39 0.00211053
9402.4 0.00212916
9414.41 0.00214887
9426.43 0.00217012
9438.44 0.0021902
9450.45 0.00221035
9462.46 0.00223094
9474.47 0.00225205
9486.49 0.00227373
9498.5 0.002296
9510.51 0.00231888
9522.52 0.00234241
9534.53 0.00236656
9546.55 0.00239097
9558.56 0.0024159
9570.57 0.00244142
9582.58 0.00246758
9594.59 0.00249441
9606.61 0.00252201
9618.62 0.00255056
9630.63 0.00258056
9642.64 0.00260922
9654.65 0.00263515
9666.67 0.00266072
9678.68 0.00268622
9690.69 0.00271177
9702.7 0.00273744
9714.71 0.00276327
9726.73 0.00278931
9738.74 0.00281556
9750.75 0.00284207
9762.76 0.00286886
9774.77 0.00289594
9786.79 0.00292337
9798.8 0.00295117
9810.81 0.00297942
9822.82 0.00300821
9834.83 0.00303782
9846.85 0.00306764
9858.86 0.00309439
9870.87 0.00312068
9882.88 0.00314678
9894.89 0.00317282
9906.91 0.00319883
9918.92 0.00322484
9930.93 0.00325083
9942.94 0.00327663
9954.95 0.00330336
9966.97 0.00333126
9978.98 0.00335965
9990.99 0.00338846
10003 0.0034177
10015 0.00344741
10027 0.00347766
10039 0.00350864
10051.1 0.0035409
10063.1 0.00356947
10075.1 0.00359717
10087.1 0.0036245
10099.1 0.00365156
10111.1 0.00367835
10123.1 0.00370479
10135.1 0.00373068
10147.1 0.00375544
10159.2 0.00378058
10171.2 0.00381252
10183.2 0.0038461
10195.2 0.00388072
10207.2 0.00391614
10219.2 0.0039522
10231.2 0.00398877
10243.2 0.00402564
10255.3 0.00406226
10267.3 0.00410131
10279.3 0.00414311
10291.3 0.00418601
10303.3 0.00422972
10315.3 0.00427403
10327.3 0.00431866
10339.3 0.00436319
10351.4 0.00440666
10363.4 0.00444661
10375.4 0.00450346
10387.4 0.0045662
10399.4 0.00463271
10411.4 0.00470242
10423.4 0.00477504
10435.4 0.00485041
10447.4 0.00492836
10459.5 0.00500861
10471.5 0.0050918
10483.5 0.00518065
10495.5 0.00527314
10507.5 0.00536903
10519.5 0.00546825
10531.5 0.00557072
10543.5 0.0056763
10555.6 0.00578464
10567.6 0.00589429
10579.6 0.00601371
10591.6 0.00614349
10603.6 0.00627975
10615.6 0.00642218
10627.6 0.00657078
10639.6 0.00672568
10651.7 0.00688716
10663.7 0.00705573
10675.7 0.00723222
10687.7 0.00740829
10699.7 0.007589
10711.7 0.00777536
10723.7 0.00796781
10735.7 0.00816667
10747.7 0.00837228
10759.8 0.00858501
10771.8 0.00880553
10783.8 0.00903187
10795.8 0.00926035
10807.8 0.00949495
10819.8 0.00973627
10831.8 0.00998467
10843.8 0.0102405
10855.9 0.0105043
10867.9 0.0107767
10879.9 0.0110605
10891.9 0.0113309
10903.9 0.0115974
10915.9 0.011867
10927.9 0.0121407
10939.9 0.012419
10952 0.012702
10964 0.0129901
10976 0.0132835
10988 0.0135806
11000 0.0138699
11012 0.0141619
11024 0.0144574
11036 0.0147568
11048 0.0150605
11060.1 0.0153691
11072.1 0.0156835
11084.1 0.0160059
11096.1 0.01633
11108.1 0.0166358
11120.1 0.0167552
11132.1 0.0168479
11144.1 0.0169245
11156.2 0.0169877
11168.2 0.0170381
11180.2 0.0170756
11192.2 0.0170984
11204.2 0.0170967
11216.2 0.0171202
11228.2 0.0172195
11240.2 0.0173198
11252.3 0.0174163
11264.3 0.0175068
11276.3 0.0175897
11288.3 0.0176632
11300.3 0.017722
11312.3 0.0177604
11324.3 0.0178372
11336.3 0.0179456
11348.3 0.0180518
11360.4 0.0181533
11372.4 0.0182488
11384.4 0.0183377
11396.4 0.0184197
11408.4 0.0184956
11420.4 0.0185651
11432.4 0.0186144
11444.4 0.0186517
11456.5 0.018679
11468.5 0.0186963
11480.5 0.0187035
11492.5 0.0187002
11504.5 0.0186863
11516.5 0.0186626
11528.5 0.0186287
11540.5 0.0186599
11552.6 0.0186925
11564.6 0.018722
11576.6 0.0187474
11588.6 0.0187686
11600.6 0.018786
11612.6 0.0188056
11624.6 0.0188229
11636.6 0.0188363
11648.6 0.0188546
11660.7 0.0188692
11672.7 0.0188802
11684.7 0.018888
11696.7 0.0188933
11708.7 0.0188974
11720.7 0.0189063
11732.7 0.0189144
11744.7 0.0188999
11756.8 0.0188609
11768.8 0.0188158
11780.8 0.0187662
11792.8 0.0187133
11804.8 0.0186581
11816.8 0.0186043
11828.8 0.0185545
11840.8 0.0184991
11852.9 0.0184392
11864.9 0.0183763
11876.9 0.0183114
11888.9 0.0182451
11900.9 0.0181781
11912.9 0.0181115
11924.9 0.0180491
11936.9 0.0179876
11948.9 0.0179261
11961 0.01784
11973 0.0177498
11985 0.0176578
11997 0.0175651
12009 0.0174724
12021 0.0173815
12033 0.0172968
12045 0.0172098
12057.1 0.0171208
12069.1 0.0170272
12081.1 0.0169334
12093.1 0.0168402
12105.1 0.0167484
12117.1 0.0166591
12129.1 0.0165742
12141.1 0.0164951
12153.2 0.0164248
12165.2 0.0163137
12177.2 0.0161396
12189.2 0.0159557
12201.2 0.0157656
12213.2 0.0155709
12225.2 0.0153729
12237.2 0.0151754
12249.2 0.0149698
12261.3 0.0147514
12273.3 0.0145779
12285.3 0.0144286
12297.3 0.0142834
12309.3 0.0141408
12321.3 0.0140007
12333.3 0.0138637
12345.3 0.0137323
12357.4 0.0135985
12369.4 0.0134647
12381.4 0.0133229
12393.4 0.0131797
12405.4 0.0130357
12417.4 0.0128914
12429.4 0.012747
12441.4 0.0126051
12453.5 0.0124613
12465.5 0.0123113
12477.5 0.0121647
12489.5 0.012061
12501.5 0.0119636
12513.5 0.0118701
12525.5 0.0117801
12537.5 0.0116938
12549.5 0.0116138
12561.6 0.0115341
12573.6 0.0114561
12585.6 0.0113725
12597.6 0.0112776
12609.6 0.0111819
12621.6 0.0110865
12633.6 0.0109919
12645.6 0.0108989
12657.7 0.0108085
12669.7 0.0107182
12681.7 0.0106312
12693.7 0.0105237
12705.7 0.0104026
12717.7 0.010279
12729.7 0.010154
12741.7 0.0100286
12753.8 0.00990642
12765.8 0.00978048
12777.8 0.00964864
12789.8 0.00951
12801.8 0.00939723
12813.8 0.00928755
12825.8 0.00917847
12837.8 0.00906947
12849.8 0.00896021
12861.9 0.00885005
12873.9 0.00874135
12885.9 0.00863422
12897.9 0.00852522
12909.9 0.00839412
12921.9 0.00825955
12933.9 0.00812271
12945.9 0.00798393
12958 0.00784332
12970 0.00770083
12982 0.0075562
12994 0.00740878
13006 0.00726641
13018 0.00713626
13030 0.00700641
13042 0.0068759
13054.1 0.00674376
13066.1 0.00660591
13078.1 0.0064733
13090.1 0.00634608
13102.1 0.00622472
13114.1 0.00606919
13126.1 0.00588834
13138.1 0.00570327
13150.2 0.00551513
13162.2 0.00532428
13174.2 0.00513077
13186.2 0.00493419
13198.2 0.00473385
13210.2 0.00452632
13222.2 0.00436582
13234.2 0.00421202
13246.2 0.00405899
13258.3 0.00390523
13270.3 0.00374813
13282.3 0.00359088
13294.3 0.00344013
13306.3 0.00329121
13318.3 0.00314497
13330.3 0.00301271
13342.3 0.00288244
13354.4 0.0027533
13366.4 0.00262482
13378.4 0.0024965
13390.4 0.0023683
13402.4 0.00223945
13414.4 0.00210836
13426.4 0.00200251
13438.4 0.00194708
13450.5 0.00189664
13462.5 0.00184913
13474.5 0.00180326
13486.5 0.0017584
13498.5 0.00171956
13510.5 0.00168432
13522.5 0.00165286
13534.5 0.00160215
13546.5 0.00153833
13558.6 0.00147444
13570.6 0.00141084
13582.6 0.00134733
13594.6 0.00128497
13606.6 0.00122456
13618.6 0.00116569
13630.6 0.00110936
13642.6 0.00102153
13654.7 0.000928172
13666.7 0.000833998
13678.7 0.000739172
13690.7 0.000643228
13702.7 0.000549161
13714.7 0.000455974
13726.7 0.000363372
13738.7 0.000270366
13750.8 0.000171076
13762.8 7.15191e-05
13774.8 -2.83297e-05
13786.8 -0.000128943
13798.8 -0.00022987
13810.8 -0.000327113
13822.8 -0.000422977
13834.8 -0.00051779
13846.8 -0.000614791
13858.9 -0.000716747
13870.9 -0.000818419
13882.9 -0.000919794
13894.9 -0.00102107
13906.9 -0.00112152
13918.9 -0.00122114
13930.9 -0.0013202
13942.9 -0.00141874
13955 -0.00152164
13967 -0.00162757
13979 -0.00173354
13991 -0.00183977
14003 -0.0019468
14015 -0.00205017
14027 -0.00215206
14039 -0.00225295
14051.1 -0.00235305
14063.1 -0.00244887
14075.1 -0.00254331
14087.1 -0.00263699
14099.1 -0.00272982
14111.1 -0.00282224
14123.1 -0.00291521
14135.1 -0.00300807
14147.1 -0.00310087
14159.2 -0.00318802
14171.2 -0.00322148
14183.2 -0.00325399
14195.2 -0.00328616
14207.2 -0.00331875
14219.2 -0.00334893
14231.2 -0.00337771
14243.2 -0.00340576
14255.3 -0.00343325
14267.3 -0.00345925
14279.3 -0.00348278
14291.3 -0.003506
14303.3 -0.00352899
14315.3 -0.00355182
14327.3 -0.00357418
14339.3 -0.00359634
14351.4 -0.00361839
14363.4 -0.0036404
14375.4 -0.0036772
14387.4 -0.00372458
14399.4 -0.00377203
14411.4 -0.00381982
14423.4 -0.00386704
14435.4 -0.00391262
14447.4 -0.00395774
14459.5 -0.00400259
14471.5 -0.00404731
14483.5 -0.00410202
14495.5 -0.00415879
14507.5 -0.00421552
14519.5 -0.00427262
14531.5 -0.00432802
14543.5 -0.00438268
14555.6 -0.00443699
14567.6 -0.0044911
14579.6 -0.00454668
14591.6 -0.00462435
14603.6 -0.00470141
14615.6 -0.00477805
14627.6 -0.00485432
14639.6 -0.00493019
14651.7 -0.00500575
14663.7 -0.00508102
14675.7 -0.00515608
14687.7 -0.00523407
14699.7 -0.0053188
14711.7 -0.00540314
14723.7 -0.0054873
14735.7 -0.0055704
14747.7 -0.00565202
14759.8 -0.00573289
14771.8 -0.00581299
14783.8 -0.00589218
14795.8 -0.00595203
14807.8 -0.00599629
14819.8 -0.00604061
14831.8 -0.00608472
14843.8 -0.00612948
14855.9 -0.00617428
14867.9 -0.00621892
14879.9 -0.00626323
14891.9 -0.00630673
14903.9 -0.00631162
14915.9 -0.00630712
14927.9 -0.0063037
14939.9 -0.00630075
14952 -0.00629663
14964 -0.0062927
14976 -0.00628911
14988 -0.00628596
15000 -0.00628354
15012 -0.0062952
15024 -0.0063067
15036 -0.00631829
15048 -0.00633038
15060.1 -0.00634304
15072.1 -0.00635613
15084.1 -0.00636973
15096.1 -0.006384
15108.1 -0.00640636
15120.1 -0.00644991
15132.1 -0.00649313
15144.1 -0.00653647
15156.2 -0.00657857
15168.2 -0.00662047
15180.2 -0.00666239
15192.2 -0.00670447
15204.2 -0.00674696
15216.2 -0.00680268
15228.2 -0.0068708
15240.2 -0.00693846
15252.3 -0.00700564
15264.3 -0.00707189
15276.3 -0.00713783
15288.3 -0.00720357
15300.3 -0.00726919
15312.3 -0.00733483
15324.3 -0.00740757
15336.3 -0.00748259
15348.3 -0.00755739
15360.4 -0.00763137
15372.4 -0.00770472
15384.4 -0.00777779
15396.4 -0.00785067
15408.4 -0.00792344
15420.4 -0.00799641
15432.4 -0.00808583
15444.4 -0.00817527
15456.5 -0.00826414
15468.5 -0.0083512
15480.5 -0.00843745
15492.5 -0.00852293
15504.5 -0.00860756
15516.5 -0.00869103
15528.5 -0.00875853
15540.5 -0.00877046
15552.6 -0.00878397
15564.6 -0.00879862
15576.6 -0.00881453
15588.6 -0.00883094
15600.6 -0.00884768
15612.6 -0.00886464
15624.6 -0.00888156
15636.6 -0.00888291
15648.6 -0.00886547
15660.7 -0.00884927
15672.7 -0.00883255
15684.7 -0.00881595
15696.7 -0.00879987
15708.7 -0.00878433
15720.7 -0.00876941
15732.7 -0.00875533
15744.7 -0.00876675
15756.8 -0.00878957
15768.8 -0.00881212
15780.8 -0.0088351
15792.8 -0.00885816
15804.8 -0.00888133
15816.8 -0.00890469
15828.8 -0.0089284
15840.8 -0.00895299
15852.9 -0.00903288
15864.9 -0.00911753
15876.9 -0.00920025
15888.9 -0.00928053
15900.9 -0.00935998
15912.9 -0.00943879
15924.9 -0.00951702
15936.9 -0.00959477
15948.9 -0.0096737
15961 -0.00976223
15973 -0.00985007
15985 -0.00993761
15997 -0.0100247
16009 -0.0101114
16021 -0.0101976
16033 -0.0102833
16045 -0.0103686
16057.1 -0.0104528
16069.1 -0.0105352
16081.1 -0.0106172
16093.1 -0.0106978
16105.1 -0.0107778
16117.1 -0.0108575
16129.1 -0.0109367
16141.1 -0.0110156
16153.2 -0.0110941
16165.2 -0.0111615
16177.2 -0.0112216
16189.2 -0.0112819
16201.2 -0.0113425
16213.2 -0.0114028
16225.2 -0.0114629
16237.2 -0.0115228
16249.2 -0.0115827
16261.3 -0.0116429
16273.3 -0.0116401
16285.3 -0.0116242
16297.3 -0.0116082
16309.3 -0.0115918
16321.3 -0.0115748
16333.3 -0.0115571
16345.3 -0.0115386
16357.4 -0.0115192
16369.4 -0.0115018
16381.4 -0.0115287
16393.4 -0.0115556
16405.4 -0.0115824
16417.4 -0.0116087
16429.4 -0.0116341
16441.4 -0.0116588
16453.5 -0.0116825
16465.5 -0.0117049
16477.5 -0.0117362
16489.5 -0.0117917
16501.5 -0.0118488
16513.5 -0.0119065
16525.5 -0.0119638
16537.5 -0.0120204
16549.5 -0.0120764
16561.6 -0.0121316
16573.6 -0.0121858
16585.6 -0.0122465
16597.6 -0.0123134
16609.6 -0.0123805
16621.6 -0.0124471
16633.6 -0.0125131
16645.6 -0.0125786
16657.7 -0.0126434
16669.7 -0.0127074
16681.7 -0.0127702
16693.7 -0.0128484
16705.7 -0.0129338
16717.7 -0.0130227
16729.7 -0.0131119
16741.7 -0.0132014
16753.8 -0.0132913
16765.8 -0.013382
16777.8 -0.0134738
16789.8 -0.013568
16801.8 -0.0136211
16813.8 -0.0136715
16825.8 -0.0137209
16837.8 -0.0137701
16849.8 -0.0138193
16861.9 -0.0138691
16873.9 -0.0139201
16885.9 -0.0139737
16897.9 -0.014014
16909.9 -0.0139872
16921.9 -0.01396
16933.9 -0.0139293
16945.9 -0.0138959
16958 -0.0138601
16970 -0.0138219
16982 -0.0137812
16994 -0.0137376
17006 -0.0137016
17018 -0.0136794
17030 -0.013657
17042 -0.0136338
17054.1 -0.0136096
17066.1 -0.0135843
17078.1 -0.0135577
17090.1 -0.0135296
17102.1 -0.0134991
17114.1 -0.0134808
17126.1 -0.013474
17138.1 -0.013468
17150.2 -0.0134617
17162.2 -0.0134549
17174.2 -0.0134476
17186.2 -0.0134398
17198.2 -0.0134316
17210.2 -0.0134232
17222.2 -0.0134108
17234.2 -0.0133976
17246.2 -0.0133835
17258.3 -0.0133686
17270.3 -0.0133529
17282.3 -0.0133365
17294.3 -0.0133192
17306.3 -0.0133011
17318.3 -0.0132826
17330.3 -0.0132689
17342.3 -0.0132558
17354.4 -0.0132425
17366.4 -0.0132289
17378.4 -0.0132151
17390.4 -0.0132011
17402.4 -0.0131872
17414.4 -0.0131736
17426.4 -0.0131585
17438.4 -0.0131401
17450.5 -0.013121
17462.5 -0.0131016
17474.5 -0.0130821
17486.5 -0.0130629
17498.5 -0.0130444
17510.5 -0.0130277
17522.5 -0.0130152
17534.5 -0.0129777
17546.5 -0.0129134
17558.6 -0.0128438
17570.6 -0.0127702
17582.6 -0.0126934
17594.6 -0.0126136
17606.6 -0.0125311
17618.6 -0.0124461
17630.6 -0.0123603
17642.6 -0.012259
17654.7 -0.0121491
17666.7 -0.0120323
17678.7 -0.0119084
17690.7 -0.0117763
17702.7 -0.0116343
17714.7 -0.0114788
17726.7 -0.0113021
17738.7 -0.0111011
17750.8 -0.0111319
17762.8 -0.0112016
17774.8 -0.0112916
17786.8 -0.011397
17798.8 -0.0115163
17810.8 -0.0116496
17822.8 -0.0117989
17834.8 -0.0119708
17846.8 -0.0121304
17858.9 -0.0121617
17870.9 -0.0121762
17882.9 -0.0121826
17894.9 -0.0121842
17906.9 -0.0121823
17918.9 -0.0121779
17930.9 -0.0121715
17942.9 -0.0121634
17955 -0.0121522
17967 -0.0121391
17979 -0.0121255
17991 -0.0121112
18003 -0.0120965
18015 -0.0120813
18027 -0.0120656
18039 -0.0120496
18051.1 -0.0120333
18063.1 -0.012017
18075.1 -0.0120003
18087.1 -0.0119833
18099.1 -0.011966
18111.1 -0.0119484
18123.1 -0.0119305
18135.1 -0.0119122
18147.1 -0.0118935
18159.2 -0.0118729
18171.2 -0.01185
18183.2 -0.0118274
18195.2 -0.0118049
18207.2 -0.0117825
18219.2 -0.0117601
18231.2 -0.0117376
18243.2 -0.0117151
18255.3 -0.0116925
18267.3 -0.0116694
18279.3 -0.0116461
18291.3 -0.0116228
18303.3 -0.0115995
18315.3 -0.0115761
18327.3 -0.0115525
18339.3 -0.0115288
18351.4 -0.0115049
18363.4 -0.0114803
18375.4 -0.011453
18387.4 -0.0114261
18399.4 -0.0113994
18411.4 -0.0113729
18423.4 -0.0113464
18435.4 -0.0113199
18447.4 -0.0112933
18459.5 -0.0112666
18471.5 -0.011239
18483.5 -0.0112105
18495.5 -0.0111823
18507.5 -0.0111542
18519.5 -0.0111263
18531.5 -0.0110984
18543.5 -0.0110705
18555.6 -0.0110426
18567.6 -0.0110147
18579.6 -0.0109863
18591.6 -0.0109579
18603.6 -0.0109295
18615.6 -0.0109011
18627.6 -0.0108728
18639.6 -0.0108443
18651.7 -0.0108158
18663.7 -0.0107872
18675.7 -0.0107582
18687.7 -0.0107278
18699.7 -0.0106978
18711.7 -0.0106678
18723.7 -0.010638
18735.7 -0.0106081
18747.7 -0.0105782
18759.8 -0.0105482
18771.8 -0.0105182
18783.8 -0.0104875
18795.8 -0.0104565
18807.8 -0.0104256
18819.8 -0.0103947
18831.8 -0.0103638
18843.8 -0.0103327
18855.9 -0.0103014
18867.9 -0.0102699
18879.9 -0.0102379
18891.9 -0.0102034
18903.9 -0.0101691
18915.9 -0.0101352
18927.9 -0.0101016
18939.9 -0.0100681
18952 -0.0100347
18964 -0.0100014
18976 -0.00996817
18988 -0.00993494
19000 -0.00990161
