7000 -0.00816918
7012.01 -0.00836658
7024.02 -0.00855914
7036.04 -0.00874541
7048.05 -0.00892472
7060.06 -0.00909657
7072.07 -0.00925967
7084.08 -0.00941293
7096.1 -0.00955528
7108.11 -0.00968569
7120.12 -0.00980316
7132.13 -0.00990661
7144.14 -0.00999409
7156.16 -0.0100677
7168.17 -0.0101266
7180.18 -0.0101703
7192.19 -0.0101984
7204.2 -0.0102106
7216.22 -0.0102069
7228.23 -0.0101871
7240.24 -0.0101508
7252.25 -0.0100977
7264.26 -0.0100325
7276.28 -0.00995432
7288.29 -0.0098636
7300.3 -0.00976081
7312.31 -0.00964653
7324.32 -0.00952126
7336.34 -0.00938522
7348.35 -0.00923583
7360.36 -0.0090811
7372.37 -0.00892342
7384.38 -0.00876191
7396.4 -0.00859696
7408.41 -0.00842922
7420.42 -0.00825944
7432.43 -0.00808854
7444.44 -0.0079179
7456.46 -0.00775046
7468.47 -0.00757766
7480.48 -0.00740246
7492.49 -0.00722612
7504.5 -0.00704932
7516.52 -0.00687249
7528.53 -0.00669699
7540.54 -0.00652971
7552.55 -0.00636492
7564.56 -0.00620228
7576.58 -0.00603943
7588.59 -0.00587768
7600.6 -0.00571738
7612.61 -0.00555875
7624.62 -0.00540206
7636.64 -0.00524491
7648.65 -0.00508489
7660.66 -0.00492734
7672.67 -0.00476965
7684.68 -0.00461211
7696.7 -0.00445514
7708.71 -0.00429874
7720.72 -0.00414277
7732.73 -0.00398695
7744.74 -0.00383234
7756.76 -0.00367752
7768.77 -0.0035197
7780.78 -0.00337036
7792.79 -0.00322486
7804.8 -0.0030821
7816.82 -0.00294172
7828.83 -0.00280373
7840.84 -0.00266911
7852.85 -0.00250943
7864.86 -0.00234487
7876.88 -0.00217924
7888.89 -0.0020103
7900.9 -0.00183948
7912.91 -0.00166678
7924.92 -0.00149185
7936.94 -0.00131389
7948.95 -0.00113592
7960.96 -0.00100322
7972.97 -0.000869909
7984.98 -0.000741514
7997 -0.000615289
8009.01 -0.000489839
8021.02 -0.000364663
8033.03 -0.000239585
8045.05 -0.000114902
8057.06 2.24607e-05
8069.07 0.000191781
8081.08 0.000365346
8093.09 0.000541363
8105.11 0.00072018
8117.12 0.000901848
8129.13 0.0010864
8141.14 0.00127391
8153.15 0.00146473
8165.17 0.00163799
8177.18 0.00179193
8189.19 0.00194979
8201.2 0.00211615
8213.21 0.00228563
8225.23 0.00245683
8237.24 0.0026285
8249.25 0.00279922
8261.26 0.00296664
8273.27 0.00315878
8285.29 0.00335475
8297.3 0.00355079
8309.31 0.00374278
8321.32 0.00392847
8333.33 0.00410616
8345.35 0.00427444
8357.36 0.00443223
8369.37 0.00457816
8381.38 0.00469691
8393.39 0.0048018
8405.41 0.00489516
8417.42 0.00497619
8429.43 0.00504531
8441.44 0.00510328
8453.45 0.00515107
8465.47 0.00518976
8477.48 0.00522048
8489.49 0.00524417
8501.5 0.00526341
8513.51 0.00527942
8525.53 0.00529271
8537.54 0.00530417
8549.55 0.00531462
8561.56 0.00532473
8573.57 0.005335
8585.59 0.00534558
8597.6 0.00535612
8609.61 0.00537392
8621.62 0.00539575
8633.63 0.00542112
8645.65 0.00544993
8657.66 0.0054822
8669.67 0.00551792
8681.68 0.00555712
8693.69 0.00559987
8705.71 0.00564582
8717.72 0.00569403
8729.73 0.00574507
8741.74 0.00579893
8753.75 0.00585555
8765.77 0.00591482
8777.78 0.00597661
8789.79 0.00604073
8801.8 0.00610667
8813.81 0.00617637
8825.83 0.00624936
8837.84 0.00632498
8849.85 0.00640307
8861.86 0.00648352
8873.87 0.00656628
8885.89 0.00665135
8897.9 0.00673886
8909.91 0.00682897
8921.92 0.00691768
8933.93 0.00700714
8945.95 0.00709768
8957.96 0.00718933
8969.97 0.00728208
8981.98 0.00737587
8993.99 0.00747057
9006.01 0.00756585
9018.02 0.00766284
9030.03 0.00776323
9042.04 0.00786534
9054.05 0.00796899
9066.07 0.00807407
9078.08 0.00818058
9090.09 0.00828854
9102.1 0.00839808
9114.11 0.00851003
9126.13 0.00861969
9138.14 0.00872899
9150.15 0.00883872
9162.16 0.00894905
9174.17 0.00906009
9186.19 0.00917192
9198.2 0.00928467
9210.21 0.00939859
9222.22 0.0095135
9234.23 0.00962531
9246.25 0.00973683
9258.26 0.00984845
9270.27 0.00996032
9282.28 0.0100725
9294.29 0.0101852
9306.31 0.0102984
9318.32 0.0104124
9330.33 0.0105259
9342.34 0.010638
9354.35 0.0107502
9366.37 0.0108626
9378.38 0.0109753
9390.39 0.0110884
9402.4 0.0112022
9414.41 0.011317
9426.43 0.0114341
9438.44 0.0115435
9450.45 0.0116508
9462.46 0.0117573
9474.47 0.0118633
9486.49 0.0119691
9498.5 0.0120746
9510.51 0.0121802
9522.52 0.0122858
9534.53 0.0123913
9546.55 0.0124957
9558.56 0.0125999
9570.57 0.0127041
9582.58 0.0128086
9594.59 0.0129135
9606.61 0.0130191
9618.62 0.0131258
9630.63 0.0132351
9642.64 0.0133355
9654.65 0.0134255
9666.67 0.0135133
9678.68 0.0135997
9690.69 0.0136849
9702.7 0.0137693
9714.71 0.0138529
9726.73 0.0139359
9738.74 0.0140185
9750.75 0.0141006
9762.76 0.0141823
9774.77 0.0142638
9786.79 0.0143452
9798.8 0.0144265
9810.81 0.014508
9822.82 0.0145898
9834.83 0.0146728
9846.85 0.0147534
9858.86 0.0148229
9870.87 0.0148903
9882.88 0.0149564
9894.89 0.0150215
9906.91 0.0150856
9918.92 0.0151489
9930.93 0.0152113
9942.94 0.0152724
9954.95 0.0153364
9966.97 0.0154028
9978.98 0.0154695
9990.99 0.0155363
10003 0.0156033
10015 0.0156706
10027 0.0157383
10039 0.0158068
10051.1 0.0158769
10063.1 0.0159334
10075.1 0.015987
10087.1 0.0160389
10099.1 0.0160894
10111.1 0.0161383
10123.1 0.0161855
10135.1 0.0162305
10147.1 0.016272
10159.2 0.0163175
10171.2 0.016382
10183.2 0.0164493
10195.2 0.0165179
10207.2 0.0165872
10219.2 0.0166568
10231.2 0.0167264
10243.2 0.0167955
10255.3 0.0168627
10267.3 0.0169373
10279.3 0.0170174
10291.3 0.0170987
10303.3 0.0171803
10315.3 0.0172617
10327.3 0.0173424
10339.3 0.0174211
10351.4 0.0174958
10363.4 0.0175635
10375.4 0.0176799
10387.4 0.0178077
10399.4 0.0179418
10411.4 0.018081
10423.4 0.0182245
10435.4 0.0183717
10447.4 0.0185222
10459.5 0.0186752
10471.5 0.0188334
10483.5 0.0190027
10495.5 0.019177
10507.5 0.0193557
10519.5 0.0195386
10531.5 0.0197251
10543.5 0.019915
10555.6 0.0201073
10567.6 0.0202987
10579.6 0.020514
10591.6 0.0207485
10603.6 0.0209926
10615.6 0.0212452
10627.6 0.0215063
10639.6 0.0217757
10651.7 0.0220539
10663.7 0.0223416
10675.7 0.0226393
10687.7 0.0229267
10699.7 0.0232179
10711.7 0.0235147
10723.7 0.0238179
10735.7 0.0241278
10747.7 0.0244449
10759.8 0.0247697
10771.8 0.0251034
10783.8 0.0254397
10795.8 0.0257715
10807.8 0.0261083
10819.8 0.0264511
10831.8 0.0268005
10843.8 0.0271569
10855.9 0.0275212
10867.9 0.0278946
10879.9 0.0282826
10891.9 0.0286254
10903.9 0.0289523
10915.9 0.0292779
10927.9 0.0296041
10939.9 0.0299318
10952 0.0302614
10964 0.0305935
10976 0.0309289
10988 0.0312634
11000 0.0315726
11012 0.0318799
11024 0.0321871
11036 0.0324947
11048 0.0328034
11060.1 0.0331136
11072.1 0.0334265
11084.1 0.033744
11096.1 0.0340471
11108.1 0.0343213
11120.1 0.0344633
11132.1 0.034584
11144.1 0.0346908
11156.2 0.0347857
11168.2 0.0348691
11180.2 0.0349408
11192.2 0.0349991
11204.2 0.0350265
11216.2 0.0350859
11228.2 0.0352376
11240.2 0.0353945
11252.3 0.0355513
11264.3 0.0357058
11276.3 0.0358567
11288.3 0.0360027
11300.3 0.0361366
11312.3 0.0362474
11324.3 0.0363937
11336.3 0.0365703
11348.3 0.0367486
11360.4 0.0369269
11372.4 0.0371047
11384.4 0.0372823
11396.4 0.0374604
11408.4 0.0376434
11420.4 0.0378401
11432.4 0.0379153
11444.4 0.0379544
11456.5 0.0379792
11468.5 0.0379924
11480.5 0.0379948
11492.5 0.0379864
11504.5 0.0379669
11516.5 0.0379411
11528.5 0.0379063
11540.5 0.0379696
11552.6 0.0380399
11564.6 0.0381107
11576.6 0.0381803
11588.6 0.0382484
11600.6 0.0383149
11612.6 0.0383902
11624.6 0.0384752
11636.6 0.0385554
11648.6 0.0386317
11660.7 0.0387044
11672.7 0.0387739
11684.7 0.0388405
11696.7 0.038905
11708.7 0.0389688
11720.7 0.0390438
11732.7 0.0391231
11744.7 0.0391634
11756.8 0.0391603
11768.8 0.0391466
11780.8 0.0391247
11792.8 0.0390957
11804.8 0.0390605
11816.8 0.0390223
11828.8 0.038993
11840.8 0.0389483
11852.9 0.0389363
11864.9 0.0389341
11876.9 0.0389302
11888.9 0.0389241
11900.9 0.0389155
11912.9 0.0389049
11924.9 0.0388981
11936.9 0.0388919
11948.9 0.0388812
11961 0.0388681
11973 0.0388519
11985 0.0388327
11997 0.0388108
12009 0.0387866
12021 0.0387613
12033 0.0387445
12045 0.0387217
12057.1 0.0387021
12069.1 0.038715
12081.1 0.0387316
12093.1 0.0387507
12105.1 0.0387724
12117.1 0.0387979
12129.1 0.0388301
12141.1 0.0388735
12153.2 0.0389328
12165.2 0.0389143
12177.2 0.0387767
12189.2 0.0386184
12201.2 0.0384461
12213.2 0.0382624
12225.2 0.0380686
12237.2 0.0378719
12249.2 0.0376609
12261.3 0.037419
12273.3 0.0373033
12285.3 0.0372564
12297.3 0.0372226
12309.3 0.0371981
12321.3 0.037182
12333.3 0.037176
12345.3 0.0371891
12357.4 0.0372124
12369.4 0.0372569
12381.4 0.0371374
12393.4 0.0369915
12405.4 0.0368337
12417.4 0.0366682
12429.4 0.0364977
12441.4 0.0363279
12453.5 0.0361593
12465.5 0.0359849
12477.5 0.035801
12489.5 0.0355798
12501.5 0.0353488
12513.5 0.0351106
12525.5 0.0348661
12537.5 0.0346166
12549.5 0.0343681
12561.6 0.0341109
12573.6 0.0338423
12585.6 0.0335829
12597.6 0.0333479
12609.6 0.033112
12621.6 0.032874
12633.6 0.0326333
12645.6 0.0323905
12657.7 0.0321476
12669.7 0.031898
12681.7 0.0316414
12693.7 0.0313974
12705.7 0.0311608
12717.7 0.0309229
12729.7 0.0306832
12741.7 0.030442
12753.8 0.0302049
12765.8 0.0299648
12777.8 0.0297121
12789.8 0.0294412
12801.8 0.0292513
12813.8 0.0290718
12825.8 0.0288946
12837.8 0.0287178
12849.8 0.0285401
12861.9 0.028359
12873.9 0.028177
12885.9 0.0279928
12897.9 0.0278107
12909.9 0.0276607
12921.9 0.0275143
12933.9 0.0273695
12945.9 0.0272254
12958 0.0270814
12970 0.0269372
12982 0.0267919
12994 0.0266445
13006 0.0265061
13018 0.0263867
13030 0.0262692
13042 0.026152
13054.1 0.0260335
13066.1 0.025906
13078.1 0.0257808
13090.1 0.0256641
13102.1 0.0255555
13114.1 0.0254117
13126.1 0.025242
13138.1 0.0250692
13150.2 0.0248943
13162.2 0.0247178
13174.2 0.0245397
13186.2 0.0243594
13198.2 0.0241763
13210.2 0.0239865
13222.2 0.0238482
13234.2 0.0237181
13246.2 0.0235898
13258.3 0.0234615
13270.3 0.0233292
13282.3 0.023191
13294.3 0.0230653
13306.3 0.0229476
13318.3 0.0228267
13330.3 0.022637
13342.3 0.0224427
13354.4 0.0222467
13366.4 0.0220498
13378.4 0.0218522
13390.4 0.0216548
13402.4 0.0214581
13414.4 0.0212625
13426.4 0.0210541
13438.4 0.0208197
13450.5 0.0205822
13462.5 0.0203421
13474.5 0.0200987
13486.5 0.0198488
13498.5 0.0196032
13510.5 0.0193588
13522.5 0.019114
13534.5 0.0188931
13546.5 0.018689
13558.6 0.018487
13570.6 0.0182863
13582.6 0.0180859
13594.6 0.017886
13606.6 0.0176889
13618.6 0.0174936
13630.6 0.0172997
13642.6 0.0171023
13654.7 0.0169049
13666.7 0.0167078
13678.7 0.0165106
13690.7 0.0163115
13702.7 0.016115
13714.7 0.0159203
13726.7 0.0157263
13738.7 0.0155376
13750.8 0.0153875
13762.8 0.01524
13774.8 0.0150938
13786.8 0.0149474
13798.8 0.0147992
13810.8 0.0146573
13822.8 0.0145186
13834.8 0.0143821
13846.8 0.0142551
13858.9 0.014144
13870.9 0.0140352
13882.9 0.0139282
13894.9 0.0138224
13906.9 0.0137183
13918.9 0.0136165
13930.9 0.0135163
13942.9 0.0134176
13955 0.0133216
13967 0.0132276
13979 0.0131343
13991 0.0130413
14003 0.012946
14015 0.0128558
14027 0.0127691
14039 0.012685
14051.1 0.0126033
14063.1 0.0125012
14075.1 0.0123968
14087.1 0.0122939
14099.1 0.0121929
14111.1 0.012094
14123.1 0.0119946
14135.1 0.0118959
14147.1 0.0117981
14159.2 0.0116927
14171.2 0.0115053
14183.2 0.0113172
14195.2 0.0111287
14207.2 0.0109385
14219.2 0.0107504
14231.2 0.0105655
14243.2 0.0103824
14255.3 0.0102009
14267.3 0.0100221
14279.3 0.009847
14291.3 0.00967321
14303.3 0.00950061
14315.3 0.00932901
14327.3 0.00915907
14339.3 0.00899055
14351.4 0.00882333
14363.4 0.00865741
14375.4 0.00852342
14387.4 0.00841236
14399.4 0.00830191
14411.4 0.00819146
14423.4 0.00808125
14435.4 0.0079748
14447.4 0.00787022
14459.5 0.00776712
14471.5 0.00766528
14483.5 0.00756211
14495.5 0.0074594
14507.5 0.00735744
14519.5 0.00725523
14531.5 0.00715562
14543.5 0.00705846
14555.6 0.006963
14567.6 0.00686907
14579.6 0.00677766
14591.6 0.00670274
14603.6 0.00662872
14615.6 0.00655565
14627.6 0.00648349
14639.6 0.00641236
14651.7 0.00634217
14663.7 0.00627291
14675.7 0.00620458
14687.7 0.00614331
14699.7 0.00609651
14711.7 0.00604981
14723.7 0.00600294
14735.7 0.00595633
14747.7 0.00591196
14759.8 0.00586857
14771.8 0.00582588
14783.8 0.00578358
14795.8 0.00572311
14807.8 0.00564821
14819.8 0.00557466
14831.8 0.00550264
14843.8 0.00543062
14855.9 0.00535874
14867.9 0.00528715
14879.9 0.00521574
14891.9 0.00514411
14903.9 0.0050424
14915.9 0.00493345
14927.9 0.00482509
14939.9 0.00471668
14952 0.00461209
14964 0.00450951
14976 0.00440857
14988 0.00430917
15000 0.00421162
15012 0.00413604
15024 0.00406087
15036 0.00398661
15048 0.00391303
15060.1 0.00383963
15072.1 0.00376678
15084.1 0.00369456
15096.1 0.00362304
15108.1 0.00355596
15120.1 0.00349997
15132.1 0.00344387
15144.1 0.00338724
15156.2 0.00333242
15168.2 0.00327877
15180.2 0.00322594
15192.2 0.00317386
15204.2 0.00312257
15216.2 0.00308086
15228.2 0.00304803
15240.2 0.00301501
15252.3 0.00298182
15264.3 0.00294987
15276.3 0.00291848
15288.3 0.00288751
15300.3 0.00285688
15312.3 0.00282658
15324.3 0.00279832
15336.3 0.00277079
15348.3 0.0027431
15360.4 0.00271577
15372.4 0.00268945
15384.4 0.00266353
15396.4 0.00263791
15408.4 0.0026125
15420.4 0.00258721
15432.4 0.00256035
15444.4 0.00253339
15456.5 0.00250588
15468.5 0.00247984
15480.5 0.00245453
15492.5 0.00242961
15504.5 0.00240489
15516.5 0.00238016
15528.5 0.00234783
15540.5 0.00228767
15552.6 0.00222903
15564.6 0.00217145
15576.6 0.00211325
15588.6 0.00205513
15600.6 0.00199714
15612.6 0.00193925
15624.6 0.00188134
15636.6 0.00181717
15648.6 0.00174533
15660.7 0.00167328
15672.7 0.00160223
15684.7 0.00153309
15696.7 0.0014648
15708.7 0.00139718
15720.7 0.00133019
15732.7 0.00126388
15744.7 0.00121124
15756.8 0.00116486
15768.8 0.0011187
15780.8 0.00107189
15792.8 0.0010248
15804.8 0.000977525
15816.8 0.000930082
15828.8 0.000882452
15840.8 0.000834648
15852.9 0.00079581
15864.9 0.000756881
15876.9 0.000717162
15888.9 0.000680237
15900.9 0.000644002
15912.9 0.000608109
15924.9 0.000572409
15936.9 0.000536816
15948.9 0.000500689
15961 0.000461012
15973 0.000421488
15985 0.00038179
15997 0.000341779
16009 0.00030157
16021 0.000261151
16033 0.000220492
16045 0.000179548
16057.1 0.000136369
16069.1 8.96465e-05
16081.1 4.22112e-05
16093.1 -4.27819e-06
16105.1 -5.05647e-05
16117.1 -9.68616e-05
16129.1 -0.000143239
16141.1 -0.000189727
16153.2 -0.000236323
16165.2 -0.000300106
16177.2 -0.000374992
16189.2 -0.000449999
16201.2 -0.000526178
16213.2 -0.000602935
16225.2 -0.000680207
16237.2 -0.000757978
16249.2 -0.000836242
16261.3 -0.000914959
16273.3 -0.00100257
16285.3 -0.00109231
16297.3 -0.0011831
16309.3 -0.00127505
16321.3 -0.00136794
16333.3 -0.00146179
16345.3 -0.00155666
16357.4 -0.00165264
16369.4 -0.00174803
16381.4 -0.00181922
16393.4 -0.00189088
16405.4 -0.00196399
16417.4 -0.00203829
16429.4 -0.00211375
16441.4 -0.00219041
16453.5 -0.00226833
16465.5 -0.0023477
16477.5 -0.00241944
16489.5 -0.00246949
16501.5 -0.0025203
16513.5 -0.00257456
16525.5 -0.00263058
16537.5 -0.00268816
16549.5 -0.00274727
16561.6 -0.00280791
16573.6 -0.00287025
16585.6 -0.00292517
16597.6 -0.00297268
16609.6 -0.00302135
16621.6 -0.00307119
16633.6 -0.00312207
16645.6 -0.00317393
16657.7 -0.0032267
16669.7 -0.00328031
16681.7 -0.00333471
16693.7 -0.00338479
16705.7 -0.00343283
16717.7 -0.00348555
16729.7 -0.00354009
16741.7 -0.00359586
16753.8 -0.0036526
16765.8 -0.00371013
16777.8 -0.00376828
16789.8 -0.00382695
16801.8 -0.00388544
16813.8 -0.00394398
16825.8 -0.0040022
16837.8 -0.00406013
16849.8 -0.00411762
16861.9 -0.00417447
16873.9 -0.00423047
16885.9 -0.00428531
16897.9 -0.00433884
16909.9 -0.00439063
16921.9 -0.0044449
16933.9 -0.00449949
16945.9 -0.00455317
16958 -0.00460549
16970 -0.00465612
16982 -0.00470477
16994 -0.00475118
17006 -0.00479484
17018 -0.00483534
17030 -0.00487291
17042 -0.00490721
17054.1 -0.00493795
17066.1 -0.00496482
17078.1 -0.00498748
17090.1 -0.00500548
17102.1 -0.00501793
17114.1 -0.00503377
17126.1 -0.00505182
17138.1 -0.00506875
17150.2 -0.00508197
17162.2 -0.00509089
17174.2 -0.00509507
17186.2 -0.00509406
17198.2 -0.00508724
17210.2 -0.00507251
17222.2 -0.00507674
17234.2 -0.0050807
17246.2 -0.00508112
17258.3 -0.00507739
17270.3 -0.00506917
17282.3 -0.00505612
17294.3 -0.00503785
17306.3 -0.00501352
17318.3 -0.00498565
17330.3 -0.0049818
17342.3 -0.0049782
17354.4 -0.00497259
17366.4 -0.00496446
17378.4 -0.00495356
17390.4 -0.0049397
17402.4 -0.00492261
17414.4 -0.00490161
17426.4 -0.00488331
17438.4 -0.00487904
17450.5 -0.00487583
17462.5 -0.00487252
17474.5 -0.00486897
17486.5 -0.00486528
17498.5 -0.00486169
17510.5 -0.00485866
17522.5 -0.00485729
17534.5 -0.00484664
17546.5 -0.0048266
17558.6 -0.00480529
17570.6 -0.00478344
17582.6 -0.00476145
17594.6 -0.00473967
17606.6 -0.0047184
17618.6 -0.0046979
17630.6 -0.00467837
17642.6 -0.00466122
17654.7 -0.00464789
17666.7 -0.00463761
17678.7 -0.00463093
17690.7 -0.00462879
17702.7 -0.00463261
17714.7 -0.00464492
17726.7 -0.00467127
17738.7 -0.004714
17750.8 -0.00459191
17762.8 -0.0044415
17774.8 -0.00427639
17786.8 -0.00409992
17798.8 -0.00391319
17810.8 -0.00371603
17822.8 -0.0035068
17834.8 -0.00328023
17846.8 -0.00306418
17858.9 -0.00295168
17870.9 -0.00285308
17882.9 -0.00276132
17894.9 -0.00267401
17906.9 -0.00258997
17918.9 -0.00250853
17930.9 -0.00242928
17942.9 -0.00235199
17955 -0.0022763
17967 -0.00220143
17979 -0.00212779
17991 -0.00205533
18003 -0.00198403
18015 -0.00191382
18027 -0.00184468
18039 -0.00177656
18051.1 -0.00170942
18063.1 -0.0016433
18075.1 -0.00157819
18087.1 -0.00151405
18099.1 -0.00145086
18111.1 -0.00138862
18123.1 -0.00132731
18135.1 -0.00126697
18147.1 -0.00120763
18159.2 -0.00114953
18171.2 -0.00109157
18183.2 -0.00103416
18195.2 -0.000977455
18207.2 -0.000921479
18219.2 -0.000866249
18231.2 -0.000811771
18243.2 -0.000758053
18255.3 -0.000705108
18267.3 -0.000652946
18279.3 -0.00060141
18291.3 -0.000550576
18303.3 -0.000500456
18315.3 -0.000451059
18327.3 -0.000402394
18339.3 -0.000354478
18351.4 -0.00030735
18363.4 -0.000261158
18375.4 -0.000215655
18387.4 -0.000170378
18399.4 -0.000125626
18411.4 -8.14468e-05
18423.4 -3.78631e-05
18435.4 5.10873e-06
18447.4 4.74494e-05
18459.5 8.91192e-05
18471.5 0.000129937
18483.5 0.000170415
18495.5 0.000210478
18507.5 0.000250047
18519.5 0.000289102
18531.5 0.000327632
18543.5 0.00036563
18555.6 0.000403086
18567.6 0.000439981
18579.6 0.00047627
18591.6 0.00051214
18603.6 0.000547531
18615.6 0.000582427
18627.6 0.000616819
18639.6 0.000650699
18651.7 0.000684055
18663.7 0.000716861
18675.7 0.000749017
18687.7 0.000780586
18699.7 0.000811915
18711.7 0.000842849
18723.7 0.000873358
18735.7 0.000903428
18747.7 0.000933048
18759.8 0.000962204
18771.8 0.000990871
18783.8 0.00101893
18795.8 0.00104663
18807.8 0.00107397
18819.8 0.0011009
18831.8 0.0011274
18843.8 0.00115345
18855.9 0.00117903
18867.9 0.00120408
18879.9 0.00122849
18891.9 0.0012519
18903.9 0.00127544
18915.9 0.00129882
18927.9 0.00132194
18939.9 0.00134478
18952 0.00136731
18964 0.00138952
18976 0.0014114
18988 0.00143293
19000 0.00145412
