7000 -0.00193673
7012.01 -0.00197596
7024.02 -0.00201517
7036.04 -0.00205422
7048.05 -0.0020931
7060.06 -0.00213187
7072.07 -0.00217039
7084.08 -0.00220854
7096.1 -0.00224623
7108.11 -0.00228333
7120.12 -0.00231971
7132.13 -0.00235523
7144.14 -0.00238947
7156.16 -0.00242294
7168.17 -0.00245549
7180.18 -0.00248694
7192.19 -0.00251716
7204.2 -0.00254601
7216.22 -0.00257338
7228.23 -0.00259911
7240.24 -0.00262295
7252.25 -0.00264457
7264.26 -0.00266487
7276.28 -0.00268347
7288.29 -0.00270023
7300.3 -0.00271506
7312.31 -0.00272784
7324.32 -0.00273846
7336.34 -0.00274673
7348.35 -0.0027518
7360.36 -0.00275505
7372.37 -0.00275708
7384.38 -0.00275751
7396.4 -0.00275627
7408.41 -0.00275336
7420.42 -0.00274884
7432.43 -0.0027428
7444.44 -0.00273549
7456.46 -0.00272771
7468.47 -0.00271735
7480.48 -0.00270491
7492.49 -0.00269069
7504.5 -0.0026749
7516.52 -0.00265782
7528.53 -0.00263819
7540.54 -0.00260632
7552.55 -0.00257233
7564.56 -0.00253668
7576.58 -0.00249881
7588.59 -0.00245909
7600.6 -0.00241762
7612.61 -0.00237439
7624.62 -0.00232918
7636.64 -0.00228837
7648.65 -0.00225858
7660.66 -0.00222911
7672.67 -0.00219897
7684.68 -0.00216805
7696.7 -0.00213647
7708.71 -0.00210424
7720.72 -0.00207139
7732.73 -0.00203789
7744.74 -0.0020035
7756.76 -0.00196797
7768.77 -0.00193074
7780.78 -0.00189511
7792.79 -0.00186006
7804.8 -0.00182532
7816.82 -0.00179081
7828.83 -0.00175649
7840.84 -0.00172228
7852.85 -0.00169075
7864.86 -0.00166036
7876.88 -0.00163043
7888.89 -0.00160015
7900.9 -0.00156996
7912.91 -0.00153994
7924.92 -0.00151019
7936.94 -0.00148083
7948.95 -0.00145105
7960.96 -0.00140994
7972.97 -0.00136717
7984.98 -0.00132521
7997 -0.0012838
8009.01 -0.00124268
8021.02 -0.00120174
8033.03 -0.00116089
8045.05 -0.00111991
8057.06 -0.00108328
8069.07 -0.00105761
8081.08 -0.00103314
8093.09 -0.00100992
8105.11 -0.000987794
8117.12 -0.000966801
8129.13 -0.000947099
8141.14 -0.000929049
8153.15 -0.000913678
8165.17 -0.000875233
8177.18 -0.000815541
8189.19 -0.000753747
8201.2 -0.000688451
8213.21 -0.000621393
8225.23 -0.000552873
8237.24 -0.000482904
8249.25 -0.000411194
8261.26 -0.000336288
8273.27 -0.000302968
8285.29 -0.000283623
8297.3 -0.000265084
8309.31 -0.000247286
8321.32 -0.000230213
8333.33 -0.000213844
8345.35 -0.000198222
8357.36 -0.00018352
8369.37 -0.000169319
8381.38 -0.000137492
8393.39 -0.00010481
8405.41 -7.12567e-05
8417.42 -3.73542e-05
8429.43 -3.24838e-06
8441.44 3.09838e-05
8453.45 6.52894e-05
8465.47 9.96227e-05
8477.48 0.000133929
8489.49 0.000168066
8501.5 0.000202393
8513.51 0.000237046
8525.53 0.0002718
8537.54 0.000306597
8549.55 0.000341395
8561.56 0.000376143
8573.57 0.000410765
8585.59 0.000445096
8597.6 0.00047868
8609.61 0.000514006
8621.62 0.000550062
8633.63 0.000586559
8645.65 0.000623405
8657.66 0.000660555
8669.67 0.000697989
8681.68 0.0007357
8693.69 0.000773723
8705.71 0.000811982
8717.72 0.000850107
8729.73 0.000888317
8741.74 0.000926636
8753.75 0.000965068
8765.77 0.00100361
8777.78 0.00104225
8789.79 0.00108094
8801.8 0.00111953
8813.81 0.00115868
8825.83 0.00119837
8837.84 0.00123837
8849.85 0.00127866
8861.86 0.00131923
8873.87 0.00136008
8885.89 0.00140126
8897.9 0.00144283
8909.91 0.00148495
8921.92 0.00152619
8933.93 0.00156726
8945.95 0.0016083
8957.96 0.00164936
8969.97 0.00169045
8981.98 0.00173157
8993.99 0.0017727
9006.01 0.00181372
9018.02 0.00185498
9030.03 0.00189719
9042.04 0.00193979
9054.05 0.00198272
9066.07 0.00202595
9078.08 0.00206949
9090.09 0.00211337
9102.1 0.00215765
9114.11 0.00220266
9126.13 0.00224681
9138.14 0.00229065
9150.15 0.0023345
9162.16 0.00237843
9174.17 0.0024225
9186.19 0.00246674
9198.2 0.00251121
9210.21 0.00255602
9222.22 0.00260119
9234.23 0.0026452
9246.25 0.00268901
9258.26 0.00273279
9270.27 0.00277658
9282.28 0.00282045
9294.29 0.00286443
9306.31 0.00290857
9318.32 0.00295297
9330.33 0.00299723
9342.34 0.00304098
9354.35 0.00308471
9366.37 0.0031285
9378.38 0.0031724
9390.39 0.00321646
9402.4 0.00326077
9414.41 0.00330546
9426.43 0.00335109
9438.44 0.00339413
9450.45 0.00343638
9462.46 0.00347833
9474.47 0.00352012
9486.49 0.00356182
9498.5 0.00360349
9510.51 0.00364518
9522.52 0.00368694
9534.53 0.00372875
9546.55 0.00377017
9558.56 0.00381159
9570.57 0.0038531
9582.58 0.00389475
9594.59 0.00393663
9606.61 0.00397883
9618.62 0.00402157
9630.63 0.00406542
9642.64 0.00410654
9654.65 0.00414388
9666.67 0.00418039
9678.68 0.00421638
9690.69 0.00425202
9702.7 0.00428739
9714.71 0.00432255
9726.73 0.00435755
9738.74 0.00439245
9750.75 0.00442726
9762.76 0.00446203
9774.77 0.00449679
9786.79 0.0045316
9798.8 0.00456649
9810.81 0.00460155
9822.82 0.00463687
9834.83 0.00467275
9846.85 0.00470814
9858.86 0.00473958
9870.87 0.00477027
9882.88 0.00480053
9894.89 0.00483048
9906.91 0.00486017
9918.92 0.00488963
9930.93 0.00491884
9942.94 0.00494765
9954.95 0.00497749
9966.97 0.00500839
9978.98 0.00503954
9990.99 0.00507091
10003 0.00510249
10015 0.00513432
10027 0.00516647
10039 0.00519912
10051.1 0.00523267
10063.1 0.00526147
10075.1 0.00528922
10087.1 0.00531642
10099.1 0.00534315
10111.1 0.00536943
10123.1 0.00539517
10135.1 0.00542018
10147.1 0.00544391
10159.2 0.00546878
10171.2 0.005501
10183.2 0.00553456
10195.2 0.00556887
10207.2 0.00560371
10219.2 0.00563891
10231.2 0.00567433
10243.2 0.00570976
10255.3 0.00574469
10267.3 0.00578241
10279.3 0.00582258
10291.3 0.00586348
10303.3 0.00590482
10315.3 0.00594638
10327.3 0.0059879
10339.3 0.00602896
10351.4 0.00606865
10363.4 0.00610538
10375.4 0.00616067
10387.4 0.00622102
10399.4 0.0062844
10411.4 0.00635025
10423.4 0.00641827
10435.4 0.00648827
10447.4 0.00656006
10459.5 0.00663334
10471.5 0.00670905
10483.5 0.00678959
10495.5 0.00687273
10507.5 0.0069582
10519.5 0.00704589
10531.5 0.00713567
10543.5 0.00722738
10555.6 0.00732065
10567.6 0.00741413
10579.6 0.00751726
10591.6 0.00762883
10603.6 0.00774502
10615.6 0.00786547
10627.6 0.00799008
10639.6 0.0081189
10651.7 0.00825207
10663.7 0.00838996
10675.7 0.00853285
10687.7 0.00867267
10699.7 0.00881484
10711.7 0.00896014
10723.7 0.00910886
10735.7 0.00926121
10747.7 0.00941737
10759.8 0.00957756
10771.8 0.00974226
10783.8 0.00990905
10795.8 0.010075
10807.8 0.0102438
10819.8 0.0104159
10831.8 0.0105915
10843.8 0.010771
10855.9 0.0109544
10867.9 0.0111424
10879.9 0.0113371
10891.9 0.0115145
10903.9 0.0116861
10915.9 0.0118577
10927.9 0.0120303
10939.9 0.012204
10952 0.0123791
10964 0.0125559
10976 0.0127344
10988 0.012913
11000 0.0130817
11012 0.0132503
11024 0.0134193
11036 0.013589
11048 0.0137596
11060.1 0.0139316
11072.1 0.0141054
11084.1 0.0142821
11096.1 0.0144546
11108.1 0.0146135
11120.1 0.0146819
11132.1 0.0147364
11144.1 0.0147822
11156.2 0.0148205
11168.2 0.0148517
11180.2 0.0148757
11192.2 0.0148916
11204.2 0.0148916
11216.2 0.0149079
11228.2 0.0149718
11240.2 0.0150376
11252.3 0.0151023
11264.3 0.0151649
11276.3 0.0152245
11288.3 0.0152803
11300.3 0.0153287
11312.3 0.0153657
11324.3 0.0154218
11336.3 0.0154941
11348.3 0.0155663
11360.4 0.0156375
11372.4 0.0157072
11384.4 0.0157754
11396.4 0.0158422
11408.4 0.0159092
11420.4 0.0159789
11432.4 0.0160077
11444.4 0.0160229
11456.5 0.0160317
11468.5 0.0160347
11480.5 0.0160323
11492.5 0.0160244
11504.5 0.0160108
11516.5 0.015993
11528.5 0.0159702
11540.5 0.0159935
11552.6 0.0160194
11564.6 0.0160449
11576.6 0.0160693
11588.6 0.0160924
11600.6 0.0161142
11612.6 0.0161395
11624.6 0.0161667
11636.6 0.0161918
11648.6 0.016218
11660.7 0.0162424
11672.7 0.0162649
11684.7 0.0162858
11696.7 0.0163055
11708.7 0.0163246
11720.7 0.0163483
11732.7 0.0163726
11744.7 0.0163798
11756.8 0.0163681
11768.8 0.0163516
11780.8 0.0163313
11792.8 0.0163079
11804.8 0.0162819
11816.8 0.0162554
11828.8 0.0162321
11840.8 0.0162024
11852.9 0.0161808
11864.9 0.0161609
11876.9 0.0161397
11888.9 0.0161171
11900.9 0.0160932
11912.9 0.0160684
11924.9 0.0160454
11936.9 0.0160221
11948.9 0.0159967
11961 0.0159676
11973 0.0159368
11985 0.0159046
11997 0.0158713
12009 0.0158372
12021 0.015803
12033 0.0157727
12045 0.0157395
12057.1 0.0157067
12069.1 0.0156828
12081.1 0.0156599
12093.1 0.0156378
12105.1 0.0156166
12117.1 0.015597
12129.1 0.0155804
12141.1 0.0155684
12153.2 0.0155632
12165.2 0.015524
12177.2 0.0154328
12189.2 0.0153327
12201.2 0.0152266
12213.2 0.0151156
12225.2 0.0150007
12237.2 0.0148847
12249.2 0.0147617
12261.3 0.0146256
12273.3 0.0145415
12285.3 0.0144857
12297.3 0.0144352
12309.3 0.0143881
12321.3 0.0143443
12333.3 0.0143042
12345.3 0.014271
12357.4 0.0142399
12369.4 0.0142143
12381.4 0.0141438
12393.4 0.014066
12405.4 0.0139849
12417.4 0.0139019
12429.4 0.0138176
12441.4 0.0137344
12453.5 0.0136509
12465.5 0.0135639
12477.5 0.013476
12489.5 0.0133962
12501.5 0.0133168
12513.5 0.0132373
12525.5 0.013158
12537.5 0.0130793
12549.5 0.0130037
12561.6 0.0129269
12573.6 0.0128493
12585.6 0.012768
12597.6 0.012681
12609.6 0.0125926
12621.6 0.0125032
12633.6 0.0124131
12645.6 0.0123229
12657.7 0.0122335
12669.7 0.0121427
12681.7 0.0120517
12693.7 0.0119528
12705.7 0.0118484
12717.7 0.0117421
12729.7 0.0116344
12741.7 0.0115258
12753.8 0.0114189
12765.8 0.0113096
12777.8 0.0111945
12789.8 0.0110713
12801.8 0.0109838
12813.8 0.0109009
12825.8 0.0108192
12837.8 0.0107379
12849.8 0.0106565
12861.9 0.0105742
12873.9 0.0104924
12885.9 0.010411
12897.9 0.0103291
12909.9 0.010242
12921.9 0.0101539
12933.9 0.0100648
12945.9 0.00997478
12958 0.00988371
12970 0.00979136
12982 0.00969725
12994 0.00960029
13006 0.0095134
13018 0.00944849
13030 0.00938596
13042 0.00932449
13054.1 0.00926314
13066.1 0.00919843
13078.1 0.00913699
13090.1 0.00908078
13102.1 0.00903071
13114.1 0.00894755
13126.1 0.00884003
13138.1 0.00872899
13150.2 0.00861557
13162.2 0.00850015
13174.2 0.00838282
13186.2 0.00826324
13198.2 0.00814078
13210.2 0.00801215
13222.2 0.00792977
13234.2 0.00785477
13246.2 0.00778153
13258.3 0.00770882
13270.3 0.00763462
13282.3 0.00755936
13294.3 0.00749038
13306.3 0.00742517
13318.3 0.0073586
13330.3 0.0072603
13342.3 0.00715978
13354.4 0.00705838
13366.4 0.0069564
13378.4 0.00685383
13390.4 0.00675093
13402.4 0.00664755
13414.4 0.00654319
13426.4 0.00644641
13438.4 0.00636504
13450.5 0.00628488
13462.5 0.0062052
13474.5 0.00612527
13486.5 0.00604404
13498.5 0.00596602
13510.5 0.00588963
13522.5 0.00581447
13534.5 0.00573845
13546.5 0.00566195
13558.6 0.00558596
13570.6 0.00551039
13582.6 0.0054349
13594.6 0.00535994
13606.6 0.00528642
13618.6 0.00521391
13630.6 0.00514278
13642.6 0.00505764
13654.7 0.00497014
13666.7 0.00488235
13678.7 0.00479423
13690.7 0.00470513
13702.7 0.00461728
13714.7 0.00453012
13726.7 0.00444325
13738.7 0.00435812
13750.8 0.00428538
13762.8 0.00421348
13774.8 0.00414191
13786.8 0.00407011
13798.8 0.00399772
13810.8 0.00392833
13822.8 0.00386031
13834.8 0.0037933
13846.8 0.00372754
13858.9 0.0036633
13870.9 0.00359974
13882.9 0.00353676
13894.9 0.00347412
13906.9 0.00341219
13918.9 0.00335118
13930.9 0.00329082
13942.9 0.00323107
13955 0.00316828
13967 0.0031034
13979 0.00303864
13991 0.00297376
14003 0.00290796
14015 0.00284475
14027 0.00278297
14039 0.00272219
14051.1 0.00266229
14063.1 0.00260012
14075.1 0.00253811
14087.1 0.00247679
14099.1 0.00241627
14111.1 0.00235645
14123.1 0.00229634
14135.1 0.00223644
14147.1 0.00217682
14159.2 0.00211634
14171.2 0.00204523
14183.2 0.00197412
14195.2 0.00190298
14207.2 0.0018312
14219.2 0.0017608
14231.2 0.00169173
14243.2 0.00162342
14255.3 0.00155574
14267.3 0.00148887
14279.3 0.00142304
14291.3 0.00135767
14303.3 0.00129272
14315.3 0.00122811
14327.3 0.00116414
14339.3 0.00110064
14351.4 0.00103757
14363.4 0.000974891
14375.4 0.000918232
14387.4 0.000865901
14399.4 0.000813729
14411.4 0.000761468
14423.4 0.000709509
14435.4 0.00065917
14447.4 0.000609523
14459.5 0.000560406
14471.5 0.000511733
14483.5 0.000462962
14495.5 0.000414404
14507.5 0.000366058
14519.5 0.000317516
14531.5 0.000270279
14543.5 0.00022395
14555.6 0.000178204
14567.6 0.000132947
14579.6 8.79752e-05
14591.6 4.13594e-05
14603.6 -4.83444e-06
14615.6 -5.06482e-05
14627.6 -9.61087e-05
14639.6 -0.000141167
14651.7 -0.000185872
14663.7 -0.000230243
14675.7 -0.000274282
14687.7 -0.000316415
14699.7 -0.000354738
14711.7 -0.000392982
14723.7 -0.000431278
14735.7 -0.000469188
14747.7 -0.000506066
14759.8 -0.000542492
14771.8 -0.000578555
14783.8 -0.000614295
14795.8 -0.000649831
14807.8 -0.000685153
14819.8 -0.000720169
14831.8 -0.000754752
14843.8 -0.000789638
14855.9 -0.000824585
14867.9 -0.000859512
14879.9 -0.00089444
14891.9 -0.000929469
14903.9 -0.000971868
14915.9 -0.0010161
14927.9 -0.00106031
14939.9 -0.00110451
14952 -0.00114713
14964 -0.00118914
14976 -0.0012307
14988 -0.00127186
15000 -0.00131258
15012 -0.00134885
15024 -0.00138499
15036 -0.00142086
15048 -0.00145668
15060.1 -0.00149257
15072.1 -0.00152838
15084.1 -0.00156408
15096.1 -0.00159965
15108.1 -0.00163422
15120.1 -0.00166621
15132.1 -0.00169831
15144.1 -0.00173066
15156.2 -0.00176214
15168.2 -0.00179328
15180.2 -0.00182422
15192.2 -0.00185501
15204.2 -0.00188564
15216.2 -0.00191434
15228.2 -0.00194126
15240.2 -0.00196828
15252.3 -0.00199531
15264.3 -0.00202181
15276.3 -0.00204816
15288.3 -0.0020744
15300.3 -0.00210057
15312.3 -0.00212662
15324.3 -0.00214939
15336.3 -0.00217112
15348.3 -0.00219306
15360.4 -0.00221481
15372.4 -0.00223627
15384.4 -0.00225768
15396.4 -0.00227909
15408.4 -0.0023005
15420.4 -0.00232191
15432.4 -0.00234155
15444.4 -0.0023613
15456.5 -0.00238133
15468.5 -0.00240068
15480.5 -0.00241989
15492.5 -0.00243907
15504.5 -0.00245825
15516.5 -0.00247746
15528.5 -0.00249749
15540.5 -0.00252037
15552.6 -0.0025431
15564.6 -0.00256588
15576.6 -0.00258923
15588.6 -0.00261277
15600.6 -0.00263646
15612.6 -0.0026603
15624.6 -0.00268434
15636.6 -0.00271073
15648.6 -0.00273997
15660.7 -0.00276943
15672.7 -0.00279831
15684.7 -0.00282663
15696.7 -0.00285482
15708.7 -0.00288293
15720.7 -0.00291099
15732.7 -0.00293897
15744.7 -0.00296364
15756.8 -0.00298683
15768.8 -0.00301009
15780.8 -0.00303379
15792.8 -0.0030577
15804.8 -0.00308177
15816.8 -0.00310602
15828.8 -0.00313046
15840.8 -0.00315521
15852.9 -0.00318799
15864.9 -0.00322176
15876.9 -0.00325522
15888.9 -0.00328734
15900.9 -0.00331917
15912.9 -0.00335083
15924.9 -0.00338237
15936.9 -0.0034138
15948.9 -0.00344459
15961 -0.00347191
15973 -0.00349922
15985 -0.00352666
15997 -0.00355418
16009 -0.00358172
16021 -0.00360928
16033 -0.00363686
16045 -0.00366444
16057.1 -0.00368945
16069.1 -0.0037103
16081.1 -0.00373125
16093.1 -0.00375163
16105.1 -0.00377187
16117.1 -0.00379202
16129.1 -0.00381209
16141.1 -0.00383206
16153.2 -0.00385193
16165.2 -0.00387895
16177.2 -0.00391054
16189.2 -0.00394212
16201.2 -0.00397395
16213.2 -0.00400571
16225.2 -0.00403739
16237.2 -0.00406895
16249.2 -0.0041004
16261.3 -0.00413173
16273.3 -0.00416008
16285.3 -0.00418764
16297.3 -0.00421528
16309.3 -0.00424286
16321.3 -0.00427028
16333.3 -0.00429749
16345.3 -0.00432449
16357.4 -0.00435121
16369.4 -0.00437808
16381.4 -0.00441115
16393.4 -0.00444407
16405.4 -0.00447702
16417.4 -0.00450978
16429.4 -0.0045423
16441.4 -0.00457458
16453.5 -0.00460659
16465.5 -0.00463835
16477.5 -0.00466817
16489.5 -0.0046934
16501.5 -0.0047188
16513.5 -0.00474476
16525.5 -0.0047705
16537.5 -0.00479594
16549.5 -0.00482106
16561.6 -0.00484584
16573.6 -0.00487031
16585.6 -0.00489216
16597.6 -0.0049114
16609.6 -0.00493029
16621.6 -0.00494865
16633.6 -0.00496642
16645.6 -0.00498358
16657.7 -0.00500008
16669.7 -0.00501582
16681.7 -0.00503064
16693.7 -0.00504922
16705.7 -0.00506912
16717.7 -0.00509042
16729.7 -0.00511144
16741.7 -0.00513201
16753.8 -0.00515206
16765.8 -0.00517154
16777.8 -0.0051904
16789.8 -0.00520856
16801.8 -0.00522786
16813.8 -0.00524654
16825.8 -0.0052645
16837.8 -0.00528181
16849.8 -0.00529843
16861.9 -0.00531437
16873.9 -0.00532958
16885.9 -0.00534406
16897.9 -0.00535783
16909.9 -0.00537103
16921.9 -0.00538597
16933.9 -0.00540058
16945.9 -0.00541465
16958 -0.00542816
16970 -0.00544109
16982 -0.00545344
16994 -0.00546523
17006 -0.0054759
17018 -0.00548515
17030 -0.00549379
17042 -0.0055018
17054.1 -0.00550923
17066.1 -0.00551609
17078.1 -0.00552247
17090.1 -0.00552843
17102.1 -0.00553426
17114.1 -0.0055352
17126.1 -0.00553427
17138.1 -0.00553333
17150.2 -0.00553172
17162.2 -0.0055295
17174.2 -0.00552675
17186.2 -0.00552355
17198.2 -0.00552011
17210.2 -0.00551718
17222.2 -0.00550432
17234.2 -0.00548939
17246.2 -0.00547327
17258.3 -0.00545611
17270.3 -0.00543799
17282.3 -0.00541896
17294.3 -0.00539903
17306.3 -0.00537821
17318.3 -0.00535658
17330.3 -0.0053351
17342.3 -0.00531327
17354.4 -0.00529067
17366.4 -0.00526725
17378.4 -0.00524299
17390.4 -0.00521781
17402.4 -0.00519159
17414.4 -0.005164
17426.4 -0.00513809
17438.4 -0.00511933
17450.5 -0.00510111
17462.5 -0.00508288
17474.5 -0.00506452
17486.5 -0.00504598
17498.5 -0.00502724
17510.5 -0.00500828
17522.5 -0.00498913
17534.5 -0.00496966
17546.5 -0.00495006
17558.6 -0.00493025
17570.6 -0.00491025
17582.6 -0.00489011
17594.6 -0.00486988
17606.6 -0.00484968
17618.6 -0.0048297
17630.6 -0.00481081
17642.6 -0.00478444
17654.7 -0.00475535
17666.7 -0.00472489
17678.7 -0.00469322
17690.7 -0.0046603
17702.7 -0.00462599
17714.7 -0.00458991
17726.7 -0.00455119
17738.7 -0.00450948
17750.8 -0.00449407
17762.8 -0.00448293
17774.8 -0.00447401
17786.8 -0.00446677
17798.8 -0.00446103
17810.8 -0.00445681
17822.8 -0.00445433
17834.8 -0.00445433
17846.8 -0.00445304
17858.9 -0.004438
17870.9 -0.0044211
17882.9 -0.00440334
17894.9 -0.00438504
17906.9 -0.00436639
17918.9 -0.00434748
17930.9 -0.00432836
17942.9 -0.00430908
17955 -0.00428913
17967 -0.00426869
17979 -0.00424824
17991 -0.00422778
18003 -0.00420733
18015 -0.00418688
18027 -0.00416646
18039 -0.00414606
18051.1 -0.0041257
18063.1 -0.00410548
18075.1 -0.0040853
18087.1 -0.00406516
18099.1 -0.00404507
18111.1 -0.00402501
18123.1 -0.004005
18135.1 -0.00398502
18147.1 -0.00396506
18159.2 -0.00394479
18171.2 -0.0039237
18183.2 -0.00390278
18195.2 -0.00388198
18207.2 -0.0038613
18219.2 -0.00384073
18231.2 -0.00382026
18243.2 -0.00379988
18255.3 -0.0037796
18267.3 -0.0037593
18279.3 -0.00373904
18291.3 -0.00371889
18303.3 -0.00369884
18315.3 -0.00367889
18327.3 -0.00365903
18339.3 -0.00363925
18351.4 -0.00361954
18363.4 -0.00359984
18375.4 -0.00357941
18387.4 -0.00355912
18399.4 -0.00353899
18411.4 -0.003519
18423.4 -0.00349913
18435.4 -0.00347938
18447.4 -0.00345973
18459.5 -0.00344017
18471.5 -0.00342051
18483.5 -0.00340063
18495.5 -0.00338093
18507.5 -0.00336136
18519.5 -0.00334194
18531.5 -0.00332263
18543.5 -0.00330345
18555.6 -0.00328438
18567.6 -0.00326542
18579.6 -0.00324644
18591.6 -0.00322754
18603.6 -0.00320877
18615.6 -0.00319011
18627.6 -0.00317156
18639.6 -0.00315311
18651.7 -0.00313475
18663.7 -0.00311648
18675.7 -0.00309825
18687.7 -0.00307974
18699.7 -0.00306139
18711.7 -0.00304317
18723.7 -0.00302507
18735.7 -0.00300707
18747.7 -0.00298917
18759.8 -0.00297137
18771.8 -0.00295365
18783.8 -0.00293591
18795.8 -0.00291815
18807.8 -0.00290051
18819.8 -0.00288297
18831.8 -0.00286553
18843.8 -0.00284816
18855.9 -0.00283087
18867.9 -0.00281363
18879.9 -0.00279639
18891.9 -0.00277866
18903.9 -0.00276096
18915.9 -0.00274344
18927.9 -0.00272606
18939.9 -0.00270881
18952 -0.00269167
18964 -0.00267465
18976 -0.00265773
18988 -0.00264091
19000 -0.00262416
