7000 -0.0123116
7012.01 -0.0124248
7024.02 -0.0125335
7036.04 -0.0126371
7048.05 -0.0127351
7060.06 -0.0128284
7072.07 -0.0129165
7084.08 -0.0129992
7096.1 -0.0130764
7108.11 -0.0131479
7120.12 -0.0132134
7132.13 -0.0132727
7144.14 -0.0133242
7156.16 -0.0133696
7168.17 -0.0134092
7180.18 -0.013443
7192.19 -0.0134706
7204.2 -0.013492
7216.22 -0.0135072
7228.23 -0.0135159
7240.24 -0.0135177
7252.25 -0.013511
7264.26 -0.0134994
7276.28 -0.0134825
7288.29 -0.0134601
7300.3 -0.0134322
7312.31 -0.0133987
7324.32 -0.0133595
7336.34 -0.0133143
7348.35 -0.0132605
7360.36 -0.0132007
7372.37 -0.0131389
7384.38 -0.0130743
7396.4 -0.0130065
7408.41 -0.0129359
7420.42 -0.0128626
7432.43 -0.0127869
7444.44 -0.0127096
7456.46 -0.0126339
7468.47 -0.0125537
7480.48 -0.0124694
7492.49 -0.0123818
7504.5 -0.0122915
7516.52 -0.0121989
7528.53 -0.012103
7540.54 -0.0119961
7552.55 -0.0118869
7564.56 -0.0117765
7576.58 -0.0116627
7588.59 -0.0115464
7600.6 -0.0114279
7612.61 -0.0113074
7624.62 -0.0111851
7636.64 -0.0110606
7648.65 -0.0109333
7660.66 -0.0108055
7672.67 -0.0106756
7684.68 -0.0105432
7696.7 -0.0104087
7708.71 -0.0102719
7720.72 -0.0101327
7732.73 -0.00999016
7744.74 -0.0098664
7756.76 -0.00975665
7768.77 -0.00964313
7780.78 -0.00953459
7792.79 -0.00942887
7804.8 -0.00932512
7816.82 -0.00922309
7828.83 -0.00912286
7840.84 -0.00902507
7852.85 -0.00891308
7864.86 -0.00879907
7876.88 -0.00868612
7888.89 -0.00857172
7900.9 -0.00845707
7912.91 -0.00834239
7924.92 -0.00822779
7936.94 -0.00811331
7948.95 -0.00799861
7960.96 -0.00788012
7972.97 -0.00775898
7984.98 -0.0076403
7997 -0.00752403
8009.01 -0.00740933
8021.02 -0.00729594
8033.03 -0.0071837
8045.05 -0.00707235
8057.06 -0.00696632
8069.07 -0.00687213
8081.08 -0.00677999
8093.09 -0.00669063
8105.11 -0.00660381
8117.12 -0.00651971
8129.13 -0.00643874
8141.14 -0.00636174
8153.15 -0.0062911
8165.17 -0.00616889
8177.18 -0.00599955
8189.19 -0.00582737
8201.2 -0.00564655
8213.21 -0.00546148
8225.23 -0.00527289
8237.24 -0.00508078
8249.25 -0.0048843
8261.26 -0.00467935
8273.27 -0.00459089
8285.29 -0.004542
8297.3 -0.0044965
8309.31 -0.00445361
8321.32 -0.00441326
8333.33 -0.00437543
8345.35 -0.00434027
8357.36 -0.00430839
8369.37 -0.00427835
8381.38 -0.00418859
8393.39 -0.00409626
8405.41 -0.00400175
8417.42 -0.00390643
8429.43 -0.00381074
8441.44 -0.00371493
8453.45 -0.00361916
8465.47 -0.00352359
8477.48 -0.00342836
8489.49 -0.00333386
8501.5 -0.00323944
8513.51 -0.00314449
8525.53 -0.00304958
8537.54 -0.00295488
8549.55 -0.0028605
8561.56 -0.00276657
8573.57 -0.00267331
8585.59 -0.00258115
8597.6 -0.0024916
8609.61 -0.00239862
8621.62 -0.00230409
8633.63 -0.00220875
8645.65 -0.00211286
8657.66 -0.00201653
8669.67 -0.00191984
8681.68 -0.00182278
8693.69 -0.00172529
8705.71 -0.00162741
8717.72 -0.00153018
8729.73 -0.0014331
8741.74 -0.00133612
8753.75 -0.00123921
8765.77 -0.00114241
8777.78 -0.00104573
8789.79 -0.000949284
8801.8 -0.000853486
8813.81 -0.000756994
8825.83 -0.000659517
8837.84 -0.000561604
8849.85 -0.00046334
8861.86 -0.000364743
8873.87 -0.000265792
8885.89 -0.000166409
8897.9 -6.63807e-05
8909.91 3.48627e-05
8921.92 0.000133879
8933.93 0.000232081
8945.95 0.000329834
8957.96 0.00042725
8969.97 0.000524367
8981.98 0.00062118
8993.99 0.000717622
9006.01 0.000813418
9018.02 0.000909074
9030.03 0.0010066
9042.04 0.00110473
9054.05 0.00120331
9066.07 0.00130228
9078.08 0.00140167
9090.09 0.00150153
9102.1 0.00160204
9114.11 0.00170404
9126.13 0.00180419
9138.14 0.00190319
9150.15 0.00200183
9162.16 0.00210031
9174.17 0.00219876
9186.19 0.00229729
9198.2 0.00239604
9210.21 0.00249529
9222.22 0.00259535
9234.23 0.00269262
9246.25 0.00278903
9258.26 0.00288498
9270.27 0.00298065
9282.28 0.00307614
9294.29 0.00317156
9306.31 0.00326703
9318.32 0.00336284
9330.33 0.00345828
9342.34 0.00355224
9354.35 0.0036458
9366.37 0.00373917
9378.38 0.00383249
9390.39 0.00392589
9402.4 0.00401956
9414.41 0.00411386
9426.43 0.00421029
9438.44 0.0043014
9450.45 0.00439019
9462.46 0.00447791
9474.47 0.00456489
9486.49 0.00465133
9498.5 0.00473737
9510.51 0.00482313
9522.52 0.00490877
9534.53 0.00499433
9546.55 0.00507877
9558.56 0.0051629
9570.57 0.00524692
9582.58 0.005331
9594.59 0.00541532
9606.61 0.00550015
9618.62 0.00558601
9630.63 0.0056744
9642.64 0.00575837
9654.65 0.00583345
9666.67 0.00590612
9678.68 0.00597719
9690.69 0.00604705
9702.7 0.00611592
9714.71 0.00618398
9726.73 0.00625133
9738.74 0.0063181
9750.75 0.00638435
9762.76 0.00645019
9774.77 0.00651572
9786.79 0.00658102
9798.8 0.00664623
9810.81 0.00671152
9822.82 0.00677717
9834.83 0.00684388
9846.85 0.00691036
9858.86 0.00696826
9870.87 0.00702397
9882.88 0.00707828
9894.89 0.00713149
9906.91 0.00718374
9918.92 0.00723508
9930.93 0.00728548
9942.94 0.00733457
9954.95 0.00738494
9966.97 0.00743731
9978.98 0.00748999
9990.99 0.00754284
10003 0.00759587
10015 0.00764914
10027 0.00770285
10039 0.00775741
10051.1 0.00781419
10063.1 0.00786158
10075.1 0.00790606
10087.1 0.00794884
10099.1 0.00799016
10111.1 0.00803003
10123.1 0.00806826
10135.1 0.0081044
10147.1 0.00813716
10159.2 0.00816978
10171.2 0.00821681
10183.2 0.00826664
10195.2 0.00831788
10207.2 0.00836995
10219.2 0.00842247
10231.2 0.00847508
10243.2 0.00852732
10255.3 0.00857796
10267.3 0.00863272
10279.3 0.00869235
10291.3 0.00875319
10303.3 0.00881458
10315.3 0.008876
10327.3 0.00893685
10339.3 0.00899618
10351.4 0.00905195
10363.4 0.00909888
10375.4 0.00917961
10387.4 0.00927109
10399.4 0.00936872
10411.4 0.00947115
10423.4 0.00957769
10435.4 0.00968787
10447.4 0.00980127
10459.5 0.00991716
10471.5 0.0100367
10483.5 0.0101654
10495.5 0.0102988
10507.5 0.0104365
10519.5 0.0105782
10531.5 0.0107235
10543.5 0.0108721
10555.6 0.0110231
10567.6 0.0111735
10579.6 0.0113395
10591.6 0.0115222
10603.6 0.0117137
10615.6 0.0119132
10627.6 0.0121206
10639.6 0.0123359
10651.7 0.0125594
10663.7 0.0127918
10675.7 0.0130345
10687.7 0.013272
10699.7 0.0135132
10711.7 0.0137599
10723.7 0.0140128
10735.7 0.0142723
10747.7 0.0145387
10759.8 0.0148126
10771.8 0.015095
10783.8 0.0153825
10795.8 0.015668
10807.8 0.0159586
10819.8 0.0162551
10831.8 0.0165582
10843.8 0.0168683
10855.9 0.0171861
10867.9 0.017513
10879.9 0.0178539
10891.9 0.0181675
10903.9 0.018468
10915.9 0.0187678
10927.9 0.0190686
10939.9 0.0193713
10952 0.0196764
10964 0.0199843
10976 0.0202959
10988 0.0206092
11000 0.0209048
11012 0.0211991
11024 0.0214939
11036 0.0217899
11048 0.0220876
11060.1 0.0223879
11072.1 0.0226919
11084.1 0.0230025
11096.1 0.0233087
11108.1 0.0235887
11120.1 0.02369
11132.1 0.0237638
11144.1 0.0238204
11156.2 0.0238625
11168.2 0.023891
11180.2 0.0239058
11192.2 0.0239058
11204.2 0.0238777
11216.2 0.0238763
11228.2 0.023956
11240.2 0.0240378
11252.3 0.0241168
11264.3 0.0241911
11276.3 0.0242592
11288.3 0.0243199
11300.3 0.0243677
11312.3 0.0243939
11324.3 0.0244561
11336.3 0.0245489
11348.3 0.0246412
11360.4 0.024731
11372.4 0.0248175
11384.4 0.0249005
11396.4 0.0249801
11408.4 0.0250586
11420.4 0.0251395
11432.4 0.0251615
11444.4 0.025163
11456.5 0.0251538
11468.5 0.0251349
11480.5 0.0251065
11492.5 0.0250684
11504.5 0.0250202
11516.5 0.0249643
11528.5 0.0249
11540.5 0.0249165
11552.6 0.0249377
11564.6 0.0249583
11576.6 0.0249768
11588.6 0.0249927
11600.6 0.0250062
11612.6 0.0250239
11624.6 0.0250454
11636.6 0.0250638
11648.6 0.0250841
11660.7 0.0251014
11672.7 0.0251156
11684.7 0.025127
11696.7 0.0251361
11708.7 0.0251437
11720.7 0.0251577
11732.7 0.0251728
11744.7 0.025164
11756.8 0.0251288
11768.8 0.0250865
11780.8 0.0250386
11792.8 0.0249859
11804.8 0.024929
11816.8 0.0248705
11828.8 0.0248173
11840.8 0.024754
11852.9 0.0247099
11864.9 0.0246715
11876.9 0.024632
11888.9 0.0245912
11900.9 0.024549
11912.9 0.024506
11924.9 0.0244662
11936.9 0.0244273
11948.9 0.0243864
11961 0.0243357
11973 0.0242822
11985 0.0242268
11997 0.0241698
12009 0.0241117
12021 0.0240535
12033 0.0240014
12045 0.0239458
12057.1 0.0238919
12069.1 0.0238543
12081.1 0.0238191
12093.1 0.0237856
12105.1 0.0237543
12117.1 0.023726
12129.1 0.0237025
12141.1 0.0236867
12153.2 0.0236816
12165.2 0.0236276
12177.2 0.0234981
12189.2 0.0233563
12201.2 0.0232065
12213.2 0.0230504
12225.2 0.0228891
12237.2 0.0227269
12249.2 0.0225564
12261.3 0.0223683
12273.3 0.0222536
12285.3 0.0221792
12297.3 0.022113
12309.3 0.0220525
12321.3 0.0219976
12333.3 0.021949
12345.3 0.021912
12357.4 0.0218802
12369.4 0.0218596
12381.4 0.0217581
12393.4 0.0216444
12405.4 0.0215257
12417.4 0.0214043
12429.4 0.0212815
12441.4 0.0211608
12453.5 0.0210418
12465.5 0.0209204
12477.5 0.0207951
12489.5 0.0206534
12501.5 0.0205081
12513.5 0.0203606
12525.5 0.0202115
12537.5 0.0200617
12549.5 0.0199151
12561.6 0.0197661
12573.6 0.0196144
12585.6 0.0194586
12597.6 0.0192973
12609.6 0.0191337
12621.6 0.0189682
12633.6 0.0188012
12645.6 0.0186333
12657.7 0.018466
12669.7 0.0182958
12681.7 0.0181237
12693.7 0.0179469
12705.7 0.0177666
12717.7 0.0175841
12729.7 0.0173999
12741.7 0.0172142
12753.8 0.0170308
12765.8 0.0168444
12777.8 0.0166497
12789.8 0.016443
12801.8 0.0162903
12813.8 0.0161449
12825.8 0.0160012
12837.8 0.0158581
12849.8 0.0157148
12861.9 0.01557
12873.9 0.0154254
12885.9 0.0152805
12897.9 0.0151359
12909.9 0.014997
12921.9 0.0148584
12933.9 0.0147195
12945.9 0.0145802
12958 0.0144399
12970 0.0142985
12982 0.0141551
12994 0.0140082
13006 0.0138758
13018 0.0137746
13030 0.013677
13042 0.0135813
13054.1 0.0134861
13066.1 0.0133867
13078.1 0.0132911
13090.1 0.0132022
13102.1 0.0131206
13114.1 0.0130057
13126.1 0.0128663
13138.1 0.012724
13150.2 0.0125798
13162.2 0.0124341
13174.2 0.0122869
13186.2 0.0121379
13198.2 0.0119862
13210.2 0.0118285
13222.2 0.0117211
13234.2 0.0116223
13246.2 0.0115257
13258.3 0.01143
13270.3 0.0113327
13282.3 0.0112337
13294.3 0.0111429
13306.3 0.0110573
13318.3 0.0109703
13330.3 0.0108423
13342.3 0.0107118
13354.4 0.0105806
13366.4 0.010449
13378.4 0.0103172
13390.4 0.0101854
13402.4 0.0100536
13414.4 0.00992159
13426.4 0.0097939
13438.4 0.00967478
13450.5 0.00955645
13462.5 0.00943835
13474.5 0.00931975
13486.5 0.00919913
13498.5 0.00908239
13510.5 0.00896767
13522.5 0.00885447
13534.5 0.00874161
13546.5 0.00862919
13558.6 0.0085176
13570.6 0.0084067
13582.6 0.00829606
13594.6 0.00818611
13606.6 0.0080781
13618.6 0.00797147
13630.6 0.00786656
13642.6 0.00774751
13654.7 0.00762628
13666.7 0.007505
13678.7 0.00738356
13690.7 0.00726109
13702.7 0.00714026
13714.7 0.00702053
13726.7 0.0069013
13738.7 0.00678492
13750.8 0.00668819
13762.8 0.00659296
13774.8 0.00649848
13786.8 0.00640403
13798.8 0.00630894
13810.8 0.00621774
13822.8 0.00612852
13834.8 0.00604081
13846.8 0.00595446
13858.9 0.00586934
13870.9 0.00578527
13882.9 0.00570211
13894.9 0.00561959
13906.9 0.00553809
13918.9 0.00545792
13930.9 0.00537873
13942.9 0.00530042
13955 0.00522236
13967 0.0051446
13979 0.00506731
13991 0.00499017
14003 0.00491205
14015 0.00483711
14027 0.00476412
14039 0.00469252
14051.1 0.00462204
14063.1 0.00455996
14075.1 0.00450033
14087.1 0.00444187
14099.1 0.00438467
14111.1 0.00432867
14123.1 0.00427259
14135.1 0.00421698
14147.1 0.00416194
14159.2 0.00410555
14171.2 0.00403122
14183.2 0.003957
14195.2 0.00388287
14207.2 0.00380811
14219.2 0.00373488
14231.2 0.0036634
14243.2 0.00359299
14255.3 0.00352347
14267.3 0.00344988
14279.3 0.00336728
14291.3 0.00328533
14303.3 0.00320399
14315.3 0.0031232
14327.3 0.00304329
14339.3 0.00296411
14351.4 0.00288561
14363.4 0.00280774
14375.4 0.00273632
14387.4 0.00266958
14399.4 0.00260322
14411.4 0.00253694
14423.4 0.00247103
14435.4 0.00240721
14447.4 0.00234443
14459.5 0.00228251
14471.5 0.00222137
14483.5 0.00216609
14495.5 0.00211248
14507.5 0.00205928
14519.5 0.002006
14531.5 0.00195425
14543.5 0.00190378
14555.6 0.00185419
14567.6 0.00180538
14579.6 0.00175761
14591.6 0.00171472
14603.6 0.00167238
14615.6 0.0016306
14627.6 0.00158935
14639.6 0.00154869
14651.7 0.00150858
14663.7 0.00146901
14675.7 0.00143002
14687.7 0.00139598
14699.7 0.00137221
14711.7 0.0013485
14723.7 0.00132473
14735.7 0.00130128
14747.7 0.00127901
14759.8 0.0012573
14771.8 0.00123602
14783.8 0.00121508
14795.8 0.00119098
14807.8 0.00116443
14819.8 0.00113838
14831.8 0.00111299
14843.8 0.00108744
14855.9 0.00106193
14867.9 0.00103654
14879.9 0.00101125
14891.9 0.000985986
14903.9 0.000954837
14915.9 0.000922263
14927.9 0.000889711
14939.9 0.00085701
14952 0.000826033
14964 0.000795791
14976 0.000766074
14988 0.000736788
15000 0.000707811
15012 0.000675118
15024 0.000642974
15036 0.000611339
15048 0.000580019
15060.1 0.000548768
15072.1 0.000517766
15084.1 0.000487034
15096.1 0.000456593
15108.1 0.000427795
15120.1 0.000403036
15132.1 0.000378246
15144.1 0.00035322
15156.2 0.00032917
15168.2 0.000305679
15180.2 0.000282585
15192.2 0.000259873
15204.2 0.000237627
15216.2 0.000223827
15228.2 0.000217873
15240.2 0.000211613
15252.3 0.000205159
15264.3 0.000199206
15276.3 0.000193398
15288.3 0.000187679
15300.3 0.000182034
15312.3 0.000176483
15324.3 0.000173825
15336.3 0.000172071
15348.3 0.000170083
15360.4 0.000168194
15372.4 0.000166672
15384.4 0.000165239
15396.4 0.000163862
15408.4 0.000162551
15420.4 0.000161457
15432.4 0.000170893
15444.4 0.000180277
15456.5 0.000189018
15468.5 0.000198202
15480.5 0.000207408
15492.5 0.000216466
15504.5 0.000225276
15516.5 0.00023367
15528.5 0.000234927
15540.5 0.000211093
15552.6 0.000188161
15564.6 0.000165699
15576.6 0.000142825
15588.6 0.000119882
15600.6 9.68644e-05
15612.6 7.37063e-05
15624.6 5.02511e-05
15636.6 1.62876e-05
15648.6 -3.03685e-05
15660.7 -7.68872e-05
15672.7 -0.000122678
15684.7 -0.000167422
15696.7 -0.000211692
15708.7 -0.000255588
15720.7 -0.000299145
15732.7 -0.000342316
15744.7 -0.000376602
15756.8 -0.000406867
15768.8 -0.000437095
15780.8 -0.000467747
15792.8 -0.000498595
15804.8 -0.000529587
15816.8 -0.000560717
15828.8 -0.000591992
15840.8 -0.000623397
15852.9 -0.000649428
15864.9 -0.000675485
15876.9 -0.000701872
15888.9 -0.000726815
15900.9 -0.000751475
15912.9 -0.00077602
15924.9 -0.000800518
15936.9 -0.000824992
15948.9 -0.00084824
15961 -0.000864038
15973 -0.00088002
15985 -0.000896294
15997 -0.000912883
16009 -0.00092971
16021 -0.000946771
16033 -0.000964068
16045 -0.000981606
16057.1 -0.000996322
16069.1 -0.00100633
16081.1 -0.00101687
16093.1 -0.00102703
16105.1 -0.00103722
16117.1 -0.00104754
16129.1 -0.00105799
16141.1 -0.00106857
16153.2 -0.00107926
16165.2 -0.00110822
16177.2 -0.00114901
16189.2 -0.00118988
16201.2 -0.00123135
16213.2 -0.00127308
16225.2 -0.00131502
16237.2 -0.00135713
16249.2 -0.00139937
16261.3 -0.00144157
16273.3 -0.00151203
16285.3 -0.00158837
16297.3 -0.00166532
16309.3 -0.00174285
16321.3 -0.00182086
16333.3 -0.00189935
16345.3 -0.00197833
16357.4 -0.00205787
16369.4 -0.00213729
16381.4 -0.00220732
16393.4 -0.00227768
16405.4 -0.0023489
16417.4 -0.00242081
16429.4 -0.00249342
16441.4 -0.00256678
16453.5 -0.002641
16465.5 -0.00271628
16477.5 -0.00278275
16489.5 -0.00282516
16501.5 -0.00286795
16513.5 -0.00291258
16525.5 -0.00295811
16537.5 -0.00300447
16549.5 -0.0030517
16561.6 -0.00309988
16573.6 -0.00314928
16585.6 -0.0031869
16597.6 -0.00321288
16609.6 -0.00323915
16621.6 -0.00326576
16633.6 -0.00329269
16645.6 -0.00331993
16657.7 -0.00334748
16669.7 -0.00337532
16681.7 -0.00340351
16693.7 -0.00342608
16705.7 -0.00344635
16717.7 -0.00346897
16729.7 -0.00349211
16741.7 -0.00351545
16753.8 -0.0035388
16765.8 -0.00356199
16777.8 -0.00358474
16789.8 -0.00360653
16801.8 -0.00364453
16813.8 -0.00368329
16825.8 -0.00372196
16837.8 -0.00376038
16849.8 -0.00379835
16861.9 -0.00383561
16873.9 -0.00387181
16885.9 -0.00390627
16897.9 -0.00394549
16909.9 -0.0040116
16921.9 -0.00408186
16933.9 -0.00415369
16945.9 -0.00422625
16958 -0.00429926
16970 -0.00437261
16982 -0.00444631
16994 -0.0045207
17006 -0.00458802
17018 -0.00464386
17030 -0.00469831
17042 -0.00475163
17054.1 -0.00480394
17066.1 -0.00485532
17078.1 -0.00490588
17090.1 -0.00495589
17102.1 -0.00500621
17114.1 -0.00503897
17126.1 -0.00506103
17138.1 -0.00508176
17150.2 -0.0051003
17162.2 -0.00511669
17174.2 -0.00513096
17186.2 -0.00514314
17198.2 -0.00515335
17210.2 -0.00516223
17222.2 -0.00515997
17234.2 -0.00515393
17246.2 -0.00514481
17258.3 -0.00513265
17270.3 -0.00511743
17282.3 -0.00509904
17294.3 -0.00507729
17306.3 -0.00505181
17318.3 -0.00502368
17330.3 -0.00500535
17342.3 -0.00498606
17354.4 -0.00496454
17366.4 -0.00494044
17378.4 -0.00491348
17390.4 -0.00488333
17402.4 -0.00484945
17414.4 -0.00481056
17426.4 -0.00477765
17438.4 -0.00476878
17450.5 -0.0047614
17462.5 -0.00475383
17474.5 -0.00474554
17486.5 -0.00473621
17498.5 -0.00472556
17510.5 -0.00471314
17522.5 -0.00469782
17534.5 -0.00469268
17546.5 -0.00469888
17558.6 -0.00470666
17570.6 -0.00471544
17582.6 -0.00472512
17594.6 -0.00473578
17606.6 -0.00474762
17618.6 -0.00476114
17630.6 -0.00477803
17642.6 -0.00478172
17654.7 -0.00478188
17666.7 -0.00478182
17678.7 -0.00478226
17690.7 -0.00478377
17702.7 -0.00478708
17714.7 -0.00479328
17726.7 -0.00480469
17738.7 -0.0048223
17750.8 -0.0047724
17762.8 -0.00471072
17774.8 -0.00464288
17786.8 -0.0045703
17798.8 -0.00449349
17810.8 -0.00441247
17822.8 -0.00432674
17834.8 -0.0042345
17846.8 -0.00414569
17858.9 -0.00409323
17870.9 -0.00404531
17882.9 -0.00399947
17894.9 -0.00395491
17906.9 -0.00391124
17918.9 -0.00386824
17930.9 -0.00382578
17942.9 -0.00378376
17955 -0.00374169
17967 -0.00369957
17979 -0.00365782
17991 -0.00361641
18003 -0.00357534
18015 -0.00353459
18027 -0.00349417
18039 -0.00345407
18051.1 -0.0034143
18063.1 -0.00337493
18075.1 -0.00333589
18087.1 -0.00329716
18099.1 -0.00325877
18111.1 -0.00322069
18123.1 -0.00318293
18135.1 -0.00314549
18147.1 -0.00310837
18159.2 -0.00307135
18171.2 -0.00303392
18183.2 -0.00299688
18195.2 -0.0029602
18207.2 -0.0029239
18219.2 -0.00288795
18231.2 -0.00285237
18243.2 -0.00281715
18255.3 -0.00278228
18267.3 -0.00274768
18279.3 -0.00271339
18291.3 -0.00267946
18303.3 -0.00264588
18315.3 -0.00261265
18327.3 -0.00257977
18339.3 -0.00254723
18351.4 -0.00251502
18363.4 -0.00248313
18375.4 -0.00245102
18387.4 -0.00241924
18399.4 -0.00238782
18411.4 -0.00235676
18423.4 -0.00232605
18435.4 -0.00229568
18447.4 -0.00226564
18459.5 -0.00223594
18471.5 -0.00220646
18483.5 -0.00217706
18495.5 -0.00214802
18507.5 -0.00211931
18519.5 -0.00209094
18531.5 -0.00206289
18543.5 -0.00203516
18555.6 -0.00200775
18567.6 -0.00198064
18579.6 -0.00195378
18591.6 -0.00192719
18603.6 -0.0019009
18615.6 -0.00187491
18627.6 -0.00184922
18639.6 -0.00182382
18651.7 -0.0017987
18663.7 -0.00177386
18675.7 -0.00174929
18687.7 -0.00172479
18699.7 -0.00170057
18711.7 -0.00167662
18723.7 -0.00165295
18735.7 -0.00162955
18747.7 -0.00160642
18759.8 -0.00158354
18771.8 -0.00156092
18783.8 -0.00153852
18795.8 -0.00151629
18807.8 -0.00149432
18819.8 -0.00147259
18831.8 -0.00145111
18843.8 -0.00142987
18855.9 -0.00140887
18867.9 -0.0013881
18879.9 -0.00136755
18891.9 -0.00134699
18903.9 -0.00132657
18915.9 -0.00130638
18927.9 -0.00128644
18939.9 -0.00126672
18952 -0.00124723
18964 -0.00122797
18976 -0.00120892
18988 -0.0011901
19000 -0.00117147
