7000 -0.00313556
7012.01 -0.00311026
7024.02 -0.00308482
7036.04 -0.00305899
7048.05 -0.00303326
7060.06 -0.00300777
7072.07 -0.00298234
7084.08 -0.00295692
7096.1 -0.00293147
7108.11 -0.00290593
7120.12 -0.00288024
7132.13 -0.00285425
7144.14 -0.00282752
7156.16 -0.00280153
7168.17 -0.00277587
7180.18 -0.00275035
7192.19 -0.00272488
7204.2 -0.0026994
7216.22 -0.00267383
7228.23 -0.00264806
7240.24 -0.00262177
7252.25 -0.00259496
7264.26 -0.00256922
7276.28 -0.00254379
7288.29 -0.00251851
7300.3 -0.00249327
7312.31 -0.00246797
7324.32 -0.00244247
7336.34 -0.0024165
7348.35 -0.00238881
7360.36 -0.00236259
7372.37 -0.00233785
7384.38 -0.00231391
7396.4 -0.00229058
7408.41 -0.0022678
7420.42 -0.00224557
7432.43 -0.00222397
7444.44 -0.00220326
7456.46 -0.00218419
7468.47 -0.00216341
7480.48 -0.00214203
7492.49 -0.00212038
7504.5 -0.00209861
7516.52 -0.00207692
7528.53 -0.00205439
7540.54 -0.00202434
7552.55 -0.00199378
7564.56 -0.00196283
7576.58 -0.00193068
7588.59 -0.00189779
7600.6 -0.00186421
7612.61 -0.00182991
7624.62 -0.00179476
7636.64 -0.00176248
7648.65 -0.001737
7660.66 -0.00171211
7672.67 -0.00168658
7684.68 -0.00166044
7696.7 -0.0016338
7708.71 -0.00160664
7720.72 -0.00157892
7732.73 -0.00155054
7744.74 -0.00152184
7756.76 -0.00149235
7768.77 -0.00146107
7780.78 -0.0014321
7792.79 -0.00140385
7804.8 -0.00137593
7816.82 -0.00134821
7828.83 -0.00132063
7840.84 -0.00129316
7852.85 -0.00126604
7864.86 -0.00123935
7876.88 -0.00121263
7888.89 -0.00118501
7900.9 -0.001157
7912.91 -0.00112868
7924.92 -0.00110005
7936.94 -0.00107113
7948.95 -0.00104179
7960.96 -0.00101129
7972.97 -0.00097948
7984.98 -0.000948959
7997 -0.00091913
8009.01 -0.000889618
8021.02 -0.000860312
8033.03 -0.000831146
8045.05 -0.000802038
8057.06 -0.000774298
8069.07 -0.000749867
8081.08 -0.000725855
8093.09 -0.000702586
8105.11 -0.000679923
8117.12 -0.00065791
8129.13 -0.000636676
8141.14 -0.000616488
8153.15 -0.000598047
8165.17 -0.00056542
8177.18 -0.000520169
8189.19 -0.000473128
8201.2 -0.000422526
8213.21 -0.000370299
8225.23 -0.000316768
8237.24 -0.000261985
8249.25 -0.00020575
8261.26 -0.000146939
8273.27 -0.000121317
8285.29 -0.000107013
8297.3 -9.2938e-05
8309.31 -7.92828e-05
8321.32 -6.61347e-05
8333.33 -5.35314e-05
8345.35 -4.15641e-05
8357.36 -3.04643e-05
8369.37 -1.97688e-05
8381.38 1.16347e-05
8393.39 4.41884e-05
8405.41 7.78921e-05
8417.42 0.000112117
8429.43 0.000146681
8441.44 0.000181484
8453.45 0.000216453
8465.47 0.000251528
8477.48 0.000286635
8489.49 0.000321601
8501.5 0.000356846
8513.51 0.000392508
8525.53 0.000428318
8537.54 0.000464206
8549.55 0.000500113
8561.56 0.000535977
8573.57 0.000571705
8585.59 0.000607102
8597.6 0.000641647
8609.61 0.000678208
8621.62 0.000715592
8633.63 0.000753463
8645.65 0.000791711
8657.66 0.000830279
8669.67 0.000869138
8681.68 0.000908281
8693.69 0.00094774
8705.71 0.000987424
8717.72 0.00102691
8729.73 0.00106645
8741.74 0.00110606
8753.75 0.00114575
8765.77 0.00118551
8777.78 0.00122533
8789.79 0.00126516
8801.8 0.00130482
8813.81 0.00134506
8825.83 0.00138584
8837.84 0.00142692
8849.85 0.00146826
8861.86 0.00150986
8873.87 0.00155172
8885.89 0.00159388
8897.9 0.00163644
8909.91 0.00167954
8921.92 0.00172158
8933.93 0.00176338
8945.95 0.00180509
8957.96 0.00184676
8969.97 0.00188842
8981.98 0.00193006
8993.99 0.00197165
9006.01 0.00201307
9018.02 0.00205471
9030.03 0.00209737
9042.04 0.00214041
9054.05 0.00218377
9066.07 0.00222742
9078.08 0.00227138
9090.09 0.00231567
9102.1 0.00236037
9114.11 0.00240584
9126.13 0.00245033
9138.14 0.00249445
9150.15 0.00253855
9162.16 0.00258272
9174.17 0.00262701
9186.19 0.00267148
9198.2 0.00271618
9210.21 0.00276124
9222.22 0.00280669
9234.23 0.00285086
9246.25 0.0028948
9258.26 0.0029387
9270.27 0.00298262
9282.28 0.00302663
9294.29 0.00307076
9306.31 0.00311507
9318.32 0.00315969
9330.33 0.00320417
9342.34 0.0032481
9354.35 0.00329203
9366.37 0.00333605
9378.38 0.00338021
9390.39 0.00342458
9402.4 0.00346924
9414.41 0.00351435
9426.43 0.00356053
9438.44 0.00360395
9450.45 0.00364653
9462.46 0.00368883
9474.47 0.003731
9486.49 0.00377311
9498.5 0.00381524
9510.51 0.00385742
9522.52 0.00389975
9534.53 0.00394219
9546.55 0.00398425
9558.56 0.00402638
9570.57 0.00406865
9582.58 0.00411114
9594.59 0.00415393
9606.61 0.00419714
9618.62 0.004241
9630.63 0.00428615
9642.64 0.00432846
9654.65 0.00436674
9666.67 0.00440418
9678.68 0.00444112
9690.69 0.00447774
9702.7 0.00451414
9714.71 0.00455038
9726.73 0.00458652
9738.74 0.00462261
9750.75 0.00465869
9762.76 0.00469479
9774.77 0.00473096
9786.79 0.00476725
9798.8 0.0048037
9810.81 0.0048404
9822.82 0.00487747
9834.83 0.00491521
9846.85 0.00495254
9858.86 0.0049857
9870.87 0.00501811
9882.88 0.00505012
9894.89 0.00508187
9906.91 0.00511341
9918.92 0.00514476
9930.93 0.00517592
9942.94 0.00520672
9954.95 0.00523868
9966.97 0.00527183
9978.98 0.00530534
9990.99 0.00533915
10003 0.00537326
10015 0.0054077
10027 0.00544255
10039 0.00547801
10051.1 0.00551451
10063.1 0.00554601
10075.1 0.00557646
10087.1 0.00560636
10099.1 0.00563584
10111.1 0.00566489
10123.1 0.00569343
10135.1 0.00572124
10147.1 0.00574776
10159.2 0.00577553
10171.2 0.00581118
10183.2 0.00584833
10195.2 0.00588636
10207.2 0.005925
10219.2 0.0059641
10231.2 0.00600348
10243.2 0.00604295
10255.3 0.00608193
10267.3 0.00612393
10279.3 0.00616861
10291.3 0.0062141
10303.3 0.00626013
10315.3 0.00630644
10327.3 0.00635277
10339.3 0.00639867
10351.4 0.00644319
10363.4 0.00648467
10375.4 0.00654586
10387.4 0.00661243
10399.4 0.00668225
10411.4 0.0067547
10423.4 0.00682948
10435.4 0.00690638
10447.4 0.00698519
10459.5 0.0070656
10471.5 0.00714862
10483.5 0.00723674
10495.5 0.0073276
10507.5 0.00742091
10519.5 0.00751655
10531.5 0.0076144
10543.5 0.00771426
10555.6 0.00781576
10567.6 0.0079175
10579.6 0.00802947
10591.6 0.0081502
10603.6 0.0082757
10615.6 0.00840558
10627.6 0.00853975
10639.6 0.00867821
10651.7 0.00882112
10663.7 0.00896883
10675.7 0.00912156
10687.7 0.0092709
10699.7 0.00942258
10711.7 0.00957738
10723.7 0.00973559
10735.7 0.00989741
10747.7 0.010063
10759.8 0.0102326
10771.8 0.0104066
10783.8 0.0105824
10795.8 0.0107571
10807.8 0.0109346
10819.8 0.0111152
10831.8 0.0112992
10843.8 0.0114868
10855.9 0.0116782
10867.9 0.011874
10879.9 0.012076
10891.9 0.0122593
10903.9 0.0124364
10915.9 0.0126134
10927.9 0.012791
10939.9 0.0129696
10952 0.0131492
10964 0.01333
10976 0.0135123
10988 0.0136939
11000 0.0138649
11012 0.0140354
11024 0.014206
11036 0.0143769
11048 0.0145483
11060.1 0.0147204
11072.1 0.0148937
11084.1 0.0150692
11096.1 0.0152387
11108.1 0.0153949
11120.1 0.0154696
11132.1 0.0155315
11144.1 0.0155851
11156.2 0.0156315
11168.2 0.0156709
11180.2 0.0157033
11192.2 0.0157276
11204.2 0.015736
11216.2 0.0157599
11228.2 0.0158294
11240.2 0.0159005
11252.3 0.0159704
11264.3 0.016038
11276.3 0.0161025
11288.3 0.0161631
11300.3 0.0162161
11312.3 0.0162576
11324.3 0.0163177
11336.3 0.0163935
11348.3 0.0164692
11360.4 0.016544
11372.4 0.0166173
11384.4 0.0166892
11396.4 0.01676
11408.4 0.0168313
11420.4 0.0169059
11432.4 0.0169355
11444.4 0.0169504
11456.5 0.0169587
11468.5 0.0169612
11480.5 0.0169582
11492.5 0.0169497
11504.5 0.0169358
11516.5 0.016918
11528.5 0.0168951
11540.5 0.0169153
11552.6 0.0169377
11564.6 0.0169597
11576.6 0.0169804
11588.6 0.0169998
11600.6 0.0170182
11612.6 0.0170408
11624.6 0.0170653
11636.6 0.0170866
11648.6 0.0171064
11660.7 0.0171239
11672.7 0.0171393
11684.7 0.0171528
11696.7 0.017165
11708.7 0.0171767
11720.7 0.0171931
11732.7 0.01721
11744.7 0.0172086
11756.8 0.0171872
11768.8 0.0171607
11780.8 0.0171301
11792.8 0.0170962
11804.8 0.0170596
11816.8 0.0170225
11828.8 0.0169883
11840.8 0.0169467
11852.9 0.0169154
11864.9 0.0168865
11876.9 0.0168563
11888.9 0.0168246
11900.9 0.0167916
11912.9 0.0167577
11924.9 0.0167259
11936.9 0.0166936
11948.9 0.0166591
11961 0.0166179
11973 0.0165743
11985 0.0165288
11997 0.0164818
12009 0.0164336
12021 0.0163851
12033 0.0163403
12045 0.0162916
12057.1 0.0162434
12069.1 0.0162082
12081.1 0.0161742
12093.1 0.0161409
12105.1 0.0161087
12117.1 0.016078
12129.1 0.0160503
12141.1 0.0160272
12153.2 0.0160107
12165.2 0.0159596
12177.2 0.0158558
12189.2 0.0157429
12201.2 0.0156237
12213.2 0.0154996
12225.2 0.0153713
12237.2 0.0152421
12249.2 0.0151053
12261.3 0.0149544
12273.3 0.0148574
12285.3 0.0147897
12297.3 0.0147272
12309.3 0.0146682
12321.3 0.0146123
12333.3 0.0145603
12345.3 0.0145151
12357.4 0.0144712
12369.4 0.0144323
12381.4 0.0143526
12393.4 0.0142664
12405.4 0.0141773
12417.4 0.0140866
12429.4 0.0139949
12441.4 0.0139048
12453.5 0.0138145
12465.5 0.0137209
12477.5 0.013626
12489.5 0.0135344
12501.5 0.0134425
12513.5 0.0133503
12525.5 0.0132579
12537.5 0.0131659
12549.5 0.0130771
12561.6 0.0129865
12573.6 0.0128945
12585.6 0.0127994
12597.6 0.0126997
12609.6 0.0125985
12621.6 0.0124965
12633.6 0.0123937
12645.6 0.012291
12657.7 0.0121891
12669.7 0.0120856
12681.7 0.0119819
12693.7 0.0118697
12705.7 0.0117512
12717.7 0.0116309
12729.7 0.0115091
12741.7 0.0113863
12753.8 0.0112657
12765.8 0.0111422
12777.8 0.0110125
12789.8 0.0108747
12801.8 0.010771
12813.8 0.0106717
12825.8 0.0105732
12837.8 0.010475
12849.8 0.0103764
12861.9 0.0102767
12873.9 0.0101776
12885.9 0.0100789
12897.9 0.00997945
12909.9 0.00987372
12921.9 0.00976667
12933.9 0.00965852
12945.9 0.00954926
12958 0.00943882
12970 0.00932697
12982 0.00921326
12994 0.00909661
13006 0.00898959
13018 0.00890377
13030 0.00882009
13042 0.00873722
13054.1 0.00865419
13066.1 0.00856728
13078.1 0.0084844
13090.1 0.008407
13102.1 0.00833588
13114.1 0.00823131
13126.1 0.00810211
13138.1 0.00796933
13150.2 0.00783409
13162.2 0.00769677
13174.2 0.00755743
13186.2 0.00741567
13198.2 0.00727078
13210.2 0.00711905
13222.2 0.00701918
13234.2 0.00692763
13246.2 0.00683812
13258.3 0.00674925
13270.3 0.00665881
13282.3 0.00656798
13294.3 0.00648402
13306.3 0.00640395
13318.3 0.00632324
13330.3 0.00621608
13342.3 0.0061074
13354.4 0.00599828
13366.4 0.00588895
13378.4 0.00577931
13390.4 0.00566961
13402.4 0.00555962
13414.4 0.00544869
13426.4 0.00534773
13438.4 0.0052667
13450.5 0.00518755
13462.5 0.00510937
13474.5 0.00503134
13486.5 0.00495256
13498.5 0.00487778
13510.5 0.00480519
13522.5 0.00473452
13534.5 0.00465864
13546.5 0.00457933
13558.6 0.0045005
13570.6 0.00442217
13582.6 0.00434404
13594.6 0.00426676
13606.6 0.00419124
13618.6 0.00411709
13630.6 0.00404503
13642.6 0.00394894
13654.7 0.00384871
13666.7 0.00374794
13678.7 0.00364671
13690.7 0.00354444
13702.7 0.00344362
13714.7 0.00334355
13726.7 0.00324379
13738.7 0.00314591
13750.8 0.00306117
13762.8 0.00297738
13774.8 0.002894
13786.8 0.00281044
13798.8 0.00272658
13810.8 0.00264611
13822.8 0.0025672
13834.8 0.00248945
13846.8 0.00241243
13858.9 0.0023358
13870.9 0.00225992
13882.9 0.0021847
13894.9 0.00210992
13906.9 0.00203604
13918.9 0.00196321
13930.9 0.00189117
13942.9 0.00181987
13955 0.00174471
13967 0.00166694
13979 0.00158936
13991 0.00151175
14003 0.00143339
14015 0.00135807
14027 0.00128433
14039 0.00121172
14051.1 0.00114013
14063.1 0.00106722
14075.1 0.00099475
14087.1 0.000923106
14099.1 0.000852393
14111.1 0.000782417
14123.1 0.000712192
14135.1 0.000642267
14147.1 0.000572698
14159.2 0.000503723
14171.2 0.000437345
14183.2 0.000371277
14195.2 0.00030537
14207.2 0.000238987
14219.2 0.000174397
14231.2 0.000111276
14243.2 4.90209e-05
14255.3 -1.25168e-05
14267.3 -7.33154e-05
14279.3 -0.00013333
14291.3 -0.000192809
14303.3 -0.000251805
14315.3 -0.000310385
14327.3 -0.000368255
14339.3 -0.0004256
14351.4 -0.000482479
14363.4 -0.000538935
14375.4 -0.000593676
14387.4 -0.000647147
14399.4 -0.000700405
14411.4 -0.0007537
14423.4 -0.000806475
14435.4 -0.000857515
14447.4 -0.000907822
14459.5 -0.000957564
14471.5 -0.00100685
14483.5 -0.00105939
14495.5 -0.00111236
14507.5 -0.00116505
14519.5 -0.00121786
14531.5 -0.00126914
14543.5 -0.00131947
14555.6 -0.00136918
14567.6 -0.00141839
14579.6 -0.00146779
14591.6 -0.00152552
14603.6 -0.00158266
14615.6 -0.0016393
14627.6 -0.00169548
14639.6 -0.00175116
14651.7 -0.00180639
14663.7 -0.0018612
14675.7 -0.00191562
14687.7 -0.00196954
14699.7 -0.00202286
14711.7 -0.0020759
14723.7 -0.00212882
14735.7 -0.00218104
14747.7 -0.00223203
14759.8 -0.0022824
14771.8 -0.0023322
14783.8 -0.00238144
14795.8 -0.00242549
14807.8 -0.00246529
14819.8 -0.0025048
14831.8 -0.00254385
14843.8 -0.0025832
14855.9 -0.0026225
14867.9 -0.00266165
14879.9 -0.00270062
14891.9 -0.00273934
14903.9 -0.00277313
14915.9 -0.00280567
14927.9 -0.00283837
14939.9 -0.00287105
14952 -0.00290217
14964 -0.00293281
14976 -0.00296311
14988 -0.00299311
15000 -0.00302277
15012 -0.00304813
15024 -0.00307343
15036 -0.00309858
15048 -0.00312382
15060.1 -0.00314923
15072.1 -0.00317465
15084.1 -0.0032001
15096.1 -0.00322558
15108.1 -0.00325222
15120.1 -0.00328196
15132.1 -0.00331168
15144.1 -0.00334155
15156.2 -0.00337046
15168.2 -0.00339906
15180.2 -0.00342751
15192.2 -0.00345586
15204.2 -0.00348415
15216.2 -0.00351356
15228.2 -0.00354402
15240.2 -0.00357445
15252.3 -0.00360477
15264.3 -0.00363449
15276.3 -0.00366403
15288.3 -0.00369346
15300.3 -0.00372279
15312.3 -0.00375202
15324.3 -0.00377897
15336.3 -0.00380521
15348.3 -0.00383161
15360.4 -0.00385771
15372.4 -0.00388351
15384.4 -0.00390929
15396.4 -0.00393509
15408.4 -0.00396095
15420.4 -0.00398703
15432.4 -0.00402012
15444.4 -0.00405339
15456.5 -0.00408668
15468.5 -0.00411901
15480.5 -0.00415106
15492.5 -0.0041829
15504.5 -0.00421456
15516.5 -0.00424597
15528.5 -0.00427404
15540.5 -0.00429045
15552.6 -0.00430717
15564.6 -0.00432425
15576.6 -0.00434208
15588.6 -0.00436018
15600.6 -0.0043785
15612.6 -0.00439702
15624.6 -0.00441568
15636.6 -0.00443199
15648.6 -0.00444544
15660.7 -0.00445939
15672.7 -0.00447282
15684.7 -0.00448596
15696.7 -0.00449919
15708.7 -0.00451256
15720.7 -0.00452609
15732.7 -0.00453981
15744.7 -0.00455613
15756.8 -0.00457367
15768.8 -0.0045913
15780.8 -0.00460944
15792.8 -0.00462781
15804.8 -0.00464642
15816.8 -0.00466527
15828.8 -0.00468441
15840.8 -0.00470403
15852.9 -0.00474041
15864.9 -0.00477853
15876.9 -0.00481604
15888.9 -0.00485215
15900.9 -0.00488799
15912.9 -0.00492367
15924.9 -0.00495924
15936.9 -0.00499473
15948.9 -0.0050298
15961 -0.00506267
15973 -0.00509553
15985 -0.00512855
15997 -0.00516166
16009 -0.00519479
16021 -0.00522795
16033 -0.00526113
16045 -0.00529432
16057.1 -0.00532481
16069.1 -0.00535089
16081.1 -0.00537705
16093.1 -0.00540259
16105.1 -0.00542805
16117.1 -0.00545346
16129.1 -0.00547882
16141.1 -0.00550414
16153.2 -0.00552939
16165.2 -0.0055588
16177.2 -0.00559084
16189.2 -0.00562302
16201.2 -0.0056555
16213.2 -0.00568796
16225.2 -0.00572039
16237.2 -0.00575277
16249.2 -0.00578512
16261.3 -0.00581751
16273.3 -0.00583491
16285.3 -0.0058491
16297.3 -0.00586342
16309.3 -0.00587765
16321.3 -0.00589169
16333.3 -0.00590549
16345.3 -0.00591901
16357.4 -0.00593217
16369.4 -0.00594584
16381.4 -0.00597196
16393.4 -0.00599799
16405.4 -0.00602403
16417.4 -0.00604982
16429.4 -0.00607529
16441.4 -0.0061004
16453.5 -0.00612512
16465.5 -0.0061494
16477.5 -0.00617391
16489.5 -0.00619968
16501.5 -0.00622589
16513.5 -0.0062526
16525.5 -0.00627898
16537.5 -0.00630496
16549.5 -0.00633049
16561.6 -0.00635553
16573.6 -0.00638005
16585.6 -0.00640405
16597.6 -0.00642747
16609.6 -0.00645056
16621.6 -0.00647305
16633.6 -0.00649488
16645.6 -0.00651598
16657.7 -0.00653631
16669.7 -0.00655574
16681.7 -0.00657398
16693.7 -0.00660005
16705.7 -0.00662921
16717.7 -0.00666003
16729.7 -0.00669057
16741.7 -0.00672068
16753.8 -0.0067503
16765.8 -0.00677943
16777.8 -0.00680806
16789.8 -0.00683626
16801.8 -0.00686108
16813.8 -0.00688499
16825.8 -0.00690813
16837.8 -0.00693064
16849.8 -0.00695257
16861.9 -0.00697398
16873.9 -0.00699499
16885.9 -0.00701585
16897.9 -0.00703327
16909.9 -0.00703599
16921.9 -0.00703979
16933.9 -0.00704246
16945.9 -0.00704402
16958 -0.00704449
16970 -0.00704386
16982 -0.00704211
16994 -0.00703911
17006 -0.00703728
17018 -0.00703806
17030 -0.0070383
17042 -0.00703784
17054.1 -0.00703663
17066.1 -0.00703468
17078.1 -0.007032
17090.1 -0.00702859
17102.1 -0.00702451
17114.1 -0.00701903
17126.1 -0.00701435
17138.1 -0.00700974
17150.2 -0.00700444
17162.2 -0.00699848
17174.2 -0.0069919
17186.2 -0.00698476
17198.2 -0.00697719
17210.2 -0.00696972
17222.2 -0.00695526
17234.2 -0.00693926
17246.2 -0.00692217
17258.3 -0.00690411
17270.3 -0.00688512
17282.3 -0.00686521
17294.3 -0.00684436
17306.3 -0.00682245
17318.3 -0.00679994
17330.3 -0.00678163
17342.3 -0.00676358
17354.4 -0.00674511
17366.4 -0.00672615
17378.4 -0.00670665
17390.4 -0.00668654
17402.4 -0.00666574
17414.4 -0.00664396
17426.4 -0.00662394
17438.4 -0.00661071
17450.5 -0.00659827
17462.5 -0.00658618
17474.5 -0.00657439
17486.5 -0.00656296
17498.5 -0.00655203
17510.5 -0.0065419
17522.5 -0.00653346
17534.5 -0.00651691
17546.5 -0.00649181
17558.6 -0.00646524
17570.6 -0.00643772
17582.6 -0.0064095
17594.6 -0.00638073
17606.6 -0.00635157
17618.6 -0.00632226
17630.6 -0.00629362
17642.6 -0.00625798
17654.7 -0.00621957
17666.7 -0.00617942
17678.7 -0.00613765
17690.7 -0.00609418
17702.7 -0.00604875
17714.7 -0.0060008
17726.7 -0.00594904
17738.7 -0.00589293
17750.8 -0.00587509
17762.8 -0.0058635
17774.8 -0.00585514
17786.8 -0.00584918
17798.8 -0.00584533
17810.8 -0.00584358
17822.8 -0.00584418
17834.8 -0.00584802
17846.8 -0.00585042
17858.9 -0.00583571
17870.9 -0.00581876
17882.9 -0.00580082
17894.9 -0.0057823
17906.9 -0.00576342
17918.9 -0.00574428
17930.9 -0.00572497
17942.9 -0.0057055
17955 -0.0056852
17967 -0.00566438
17979 -0.00564362
17991 -0.00562294
18003 -0.00560232
18015 -0.00558179
18027 -0.00556134
18039 -0.00554098
18051.1 -0.00552073
18063.1 -0.00550071
18075.1 -0.00548079
18087.1 -0.00546097
18099.1 -0.00544124
18111.1 -0.00542161
18123.1 -0.00540207
18135.1 -0.00538261
18147.1 -0.00536321
18159.2 -0.00534339
18171.2 -0.00532252
18183.2 -0.00530191
18195.2 -0.00528151
18207.2 -0.0052613
18219.2 -0.00524125
18231.2 -0.00522136
18243.2 -0.00520163
18255.3 -0.00518205
18267.3 -0.00516244
18279.3 -0.00514291
18291.3 -0.00512355
18303.3 -0.00510433
18315.3 -0.00508527
18327.3 -0.00506634
18339.3 -0.00504753
18351.4 -0.00502881
18363.4 -0.00501012
18375.4 -0.00499042
18387.4 -0.00497092
18399.4 -0.00495164
18411.4 -0.00493254
18423.4 -0.00491362
18435.4 -0.00489486
18447.4 -0.00487624
18459.5 -0.00485774
18471.5 -0.00483909
18483.5 -0.00482012
18495.5 -0.00480138
18507.5 -0.00478283
18519.5 -0.00476445
18531.5 -0.00474624
18543.5 -0.00472818
18555.6 -0.00471027
18567.6 -0.00469249
18579.6 -0.00467468
18591.6 -0.00465696
18603.6 -0.00463939
18615.6 -0.00462197
18627.6 -0.00460469
18639.6 -0.00458753
18651.7 -0.00457048
18663.7 -0.00455353
18675.7 -0.00453664
18687.7 -0.00451931
18699.7 -0.00450217
18711.7 -0.0044852
18723.7 -0.00446836
18735.7 -0.00445165
18747.7 -0.00443505
18759.8 -0.00441857
18771.8 -0.00440218
18783.8 -0.00438574
18795.8 -0.00436923
18807.8 -0.00435286
18819.8 -0.0043366
18831.8 -0.00432045
18843.8 -0.00430439
18855.9 -0.0042884
18867.9 -0.00427245
18879.9 -0.0042565
18891.9 -0.00423978
18903.9 -0.00422302
18915.9 -0.00420647
18927.9 -0.00419008
18939.9 -0.00417383
18952 -0.00415771
18964 -0.00414171
18976 -0.00412583
18988 -0.00411005
19000 -0.00409433
