7000 -0.000656465
7012.01 -0.000668344
7024.02 -0.000680146
7036.04 -0.0006918
7048.05 -0.000703451
7060.06 -0.000715107
7072.07 -0.000726719
7084.08 -0.000738266
7096.1 -0.00074973
7108.11 -0.000761094
7120.12 -0.000772336
7132.13 -0.000783412
7144.14 -0.000794199
7156.16 -0.00080507
7168.17 -0.000815913
7180.18 -0.000826676
7192.19 -0.00083733
7204.2 -0.000847853
7216.22 -0.000858221
7228.23 -0.000868402
7240.24 -0.000878318
7252.25 -0.00088792
7264.26 -0.000897603
7276.28 -0.000907194
7288.29 -0.000916647
7300.3 -0.000925932
7312.31 -0.000935019
7324.32 -0.000943873
7336.34 -0.000952433
7348.35 -0.000960395
7360.36 -0.00096829
7372.37 -0.000976278
7384.38 -0.000984192
7396.4 -0.000991979
7408.41 -0.00099961
7420.42 -0.00100707
7432.43 -0.00101433
7444.44 -0.00102143
7456.46 -0.00102852
7468.47 -0.00103482
7480.48 -0.00104494
7492.49 -0.00105959
7504.5 -0.00107447
7516.52 -0.00108948
7528.53 -0.0011046
7540.54 -0.00111988
7552.55 -0.00113543
7564.56 -0.00115153
7576.58 -0.00116866
7588.59 -0.00116893
7600.6 -0.00116192
7612.61 -0.00115365
7624.62 -0.00114444
7636.64 -0.00113439
7648.65 -0.00112357
7660.66 -0.00111203
7672.67 -0.00109961
7684.68 -0.00108607
7696.7 -0.00108021
7708.71 -0.00107447
7720.72 -0.00106847
7732.73 -0.00106214
7744.74 -0.0010554
7756.76 -0.00104819
7768.77 -0.00104022
7780.78 -0.00103194
7792.79 -0.00102367
7804.8 -0.00101635
7816.82 -0.00100879
7828.83 -0.00100092
7840.84 -0.000992712
7852.85 -0.000984154
7864.86 -0.000975228
7876.88 -0.000965968
7888.89 -0.000956073
7900.9 -0.000948607
7912.91 -0.00094477
7924.92 -0.000940963
7936.94 -0.000937067
7948.95 -0.00093304
7960.96 -0.00092886
7972.97 -0.000924447
7984.98 -0.000919786
7997 -0.00091512
8009.01 -0.0009081
8021.02 -0.000899735
8033.03 -0.000891023
8045.05 -0.000881998
8057.06 -0.00087267
8069.07 -0.000863032
8081.08 -0.000853044
8093.09 -0.000842657
8105.11 -0.000831597
8117.12 -0.000826585
8129.13 -0.000822034
8141.14 -0.000817531
8153.15 -0.000813021
8165.17 -0.000808485
8177.18 -0.000803913
8189.19 -0.000799793
8201.2 -0.000795947
8213.21 -0.00079071
8225.23 -0.000776869
8237.24 -0.000762276
8249.25 -0.000747199
8261.26 -0.000731707
8273.27 -0.000715816
8285.29 -0.000699525
8297.3 -0.000682937
8309.31 -0.000665732
8321.32 -0.000653092
8333.33 -0.000648388
8345.35 -0.00064418
8357.36 -0.000640247
8369.37 -0.000636523
8381.38 -0.000632983
8393.39 -0.000629685
8405.41 -0.000626754
8417.42 -0.000624393
8429.43 -0.000614202
8441.44 -0.000599031
8453.45 -0.000583373
8465.47 -0.000567381
8477.48 -0.000551108
8489.49 -0.000534557
8501.5 -0.000517797
8513.51 -0.000500747
8525.53 -0.000483065
8537.54 -0.000474467
8549.55 -0.00046732
8561.56 -0.000460446
8573.57 -0.00045375
8585.59 -0.000447176
8597.6 -0.000440679
8609.61 -0.000434685
8621.62 -0.000429023
8633.63 -0.000422899
8645.65 -0.000411355
8657.66 -0.000399591
8669.67 -0.000387764
8681.68 -0.000375924
8693.69 -0.0003641
8705.71 -0.000352291
8717.72 -0.00034045
8729.73 -0.000328628
8741.74 -0.000316835
8753.75 -0.000305077
8765.77 -0.000293358
8777.78 -0.000281681
8789.79 -0.000270042
8801.8 -0.000258415
8813.81 -0.000246927
8825.83 -0.000235573
8837.84 -0.000224318
8849.85 -0.000213157
8861.86 -0.000202095
8873.87 -0.000191134
8885.89 -0.000180285
8897.9 -0.000169568
8909.91 -0.000159023
8921.92 -0.000148371
8933.93 -0.000137744
8945.95 -0.000127171
8957.96 -0.000116662
8969.97 -0.00010622
8981.98 -9.58457e-05
8993.99 -8.55326e-05
9006.01 -7.52573e-05
9018.02 -6.50618e-05
9030.03 -5.51218e-05
9042.04 -4.53288e-05
9054.05 -3.56701e-05
9066.07 -2.61436e-05
9078.08 -1.67521e-05
9090.09 -7.50281e-06
9102.1 1.58692e-06
9114.11 1.04341e-05
9126.13 1.93204e-05
9138.14 2.82108e-05
9150.15 3.70309e-05
9162.16 4.57619e-05
9174.17 5.43919e-05
9186.19 6.291e-05
9198.2 7.1302e-05
9210.21 7.9539e-05
9222.22 8.75626e-05
9234.23 9.57213e-05
9246.25 0.000103861
9258.26 0.000111943
9270.27 0.00011995
9282.28 0.000127872
9294.29 0.0001357
9306.31 0.000143419
9318.32 0.000150999
9330.33 0.000158471
9342.34 0.000165987
9354.35 0.000173445
9366.37 0.000180825
9378.38 0.000188112
9390.39 0.000195292
9402.4 0.000202344
9414.41 0.000209226
9426.43 0.000215746
9438.44 0.000222531
9450.45 0.000229489
9462.46 0.000236478
9474.47 0.000243461
9486.49 0.000250418
9498.5 0.000257334
9510.51 0.000264196
9522.52 0.000270988
9534.53 0.000277679
9546.55 0.000284391
9558.56 0.000291061
9570.57 0.000297666
9582.58 0.000304187
9594.59 0.000310602
9606.61 0.000316876
9618.62 0.000322944
9630.63 0.000328607
9642.64 0.000334105
9654.65 0.000340476
9666.67 0.000347093
9678.68 0.000353853
9690.69 0.000360711
9702.7 0.00036764
9714.71 0.000374623
9726.73 0.000381647
9738.74 0.000388702
9750.75 0.00039578
9762.76 0.000402873
9774.77 0.00040997
9786.79 0.000417062
9798.8 0.000424134
9810.81 0.000431166
9822.82 0.000438121
9834.83 0.000444903
9846.85 0.000451309
9858.86 0.00045843
9870.87 0.000465846
9882.88 0.000473446
9894.89 0.000481194
9906.91 0.000489074
9918.92 0.000497081
9930.93 0.000505225
9942.94 0.000513566
9954.95 0.000522041
9966.97 0.000530327
9978.98 0.000538591
9990.99 0.000546856
10003 0.000555127
10015 0.000563396
10027 0.000571643
10039 0.000579809
10051.1 0.000587561
10063.1 0.000595828
10075.1 0.000604559
10087.1 0.000613581
10099.1 0.000622862
10111.1 0.000632403
10123.1 0.00064223
10135.1 0.000652409
10147.1 0.000663121
10159.2 0.000674871
10171.2 0.000685708
10183.2 0.00069625
10195.2 0.000706699
10207.2 0.00071714
10219.2 0.000727632
10231.2 0.000738226
10243.2 0.000748989
10255.3 0.000760088
10267.3 0.000771541
10279.3 0.00078265
10291.3 0.00079375
10303.3 0.000804935
10315.3 0.000816276
10327.3 0.000827853
10339.3 0.00083979
10351.4 0.000852342
10363.4 0.000866864
10375.4 0.000880651
10387.4 0.000893376
10399.4 0.000905636
10411.4 0.000917614
10423.4 0.000929407
10435.4 0.000941087
10447.4 0.000952716
10459.5 0.000964391
10471.5 0.00097638
10483.5 0.000988041
10495.5 0.00099953
10507.5 0.00101093
10519.5 0.00102228
10531.5 0.00103364
10543.5 0.00104507
10555.6 0.00105665
10567.6 0.00106876
10579.6 0.00108167
10591.6 0.00109354
10603.6 0.00110497
10615.6 0.00111607
10627.6 0.00112688
10639.6 0.00113739
10651.7 0.00114759
10663.7 0.0011574
10675.7 0.00116629
10687.7 0.00117512
10699.7 0.0011841
10711.7 0.00119307
10723.7 0.00120193
10735.7 0.00121066
10747.7 0.00121919
10759.8 0.00122747
10771.8 0.00123536
10783.8 0.00124241
10795.8 0.00124962
10807.8 0.00125681
10819.8 0.00126384
10831.8 0.00127064
10843.8 0.00127711
10855.9 0.00128313
10867.9 0.00128848
10879.9 0.00129239
10891.9 0.00129425
10903.9 0.00129768
10915.9 0.00130156
10927.9 0.00130563
10939.9 0.00130975
10952 0.00131382
10964 0.00131772
10976 0.00132128
10988 0.00132366
11000 0.00132618
11012 0.00132912
11024 0.00133219
11036 0.00133528
11048 0.0013383
11060.1 0.00134116
11072.1 0.00134375
11084.1 0.00134576
11096.1 0.0013462
11108.1 0.00134753
11120.1 0.00134929
11132.1 0.00135127
11144.1 0.00135336
11156.2 0.00135551
11168.2 0.00135765
11180.2 0.00135971
11192.2 0.0013615
11204.2 0.00136293
11216.2 0.00136474
11228.2 0.00136665
11240.2 0.00136861
11252.3 0.00137058
11264.3 0.00137251
11276.3 0.00137437
11288.3 0.00137604
11300.3 0.00137703
11312.3 0.00137823
11324.3 0.00137975
11336.3 0.00138145
11348.3 0.00138327
11360.4 0.0013852
11372.4 0.00138722
11384.4 0.00138932
11396.4 0.00139153
11408.4 0.00139392
11420.4 0.00139628
11432.4 0.00139866
11444.4 0.00140107
11456.5 0.00140353
11468.5 0.00140605
11480.5 0.00140864
11492.5 0.00141134
11504.5 0.00141427
11516.5 0.00141744
11528.5 0.00142044
11540.5 0.00142342
11552.6 0.00142643
11564.6 0.0014295
11576.6 0.00143265
11588.6 0.00143596
11600.6 0.00143954
11612.6 0.00144408
11624.6 0.00144837
11636.6 0.00145231
11648.6 0.00145609
11660.7 0.00145977
11672.7 0.0014634
11684.7 0.00146702
11696.7 0.0014707
11708.7 0.00147455
11720.7 0.00147897
11732.7 0.001483
11744.7 0.00148686
11756.8 0.00149062
11768.8 0.00149434
11780.8 0.00149804
11792.8 0.00150178
11804.8 0.00150564
11816.8 0.00151
11828.8 0.00151469
11840.8 0.00151889
11852.9 0.00152289
11864.9 0.00152674
11876.9 0.00153051
11888.9 0.00153422
11900.9 0.00153792
11912.9 0.00154167
11924.9 0.00154582
11936.9 0.0015498
11948.9 0.00155357
11961 0.00155723
11973 0.0015608
11985 0.00156433
11997 0.00156784
12009 0.00157138
12021 0.00157508
12033 0.00157932
12045 0.00158315
12057.1 0.00158678
12069.1 0.00159027
12081.1 0.00159366
12093.1 0.00159697
12105.1 0.00160023
12117.1 0.00160346
12129.1 0.00160678
12141.1 0.00161013
12153.2 0.00161333
12165.2 0.00161646
12177.2 0.00161954
12189.2 0.0016226
12201.2 0.00162565
12213.2 0.00162874
12225.2 0.00163195
12237.2 0.00163568
12249.2 0.00163923
12261.3 0.00164255
12273.3 0.00164576
12285.3 0.00164888
12297.3 0.00165194
12309.3 0.00165499
12321.3 0.00165806
12333.3 0.00166127
12345.3 0.00166493
12357.4 0.00166823
12369.4 0.00167137
12381.4 0.00167439
12393.4 0.00167733
12405.4 0.00168022
12417.4 0.0016831
12429.4 0.001686
12441.4 0.00168922
12453.5 0.00169252
12465.5 0.00169552
12477.5 0.00169837
12489.5 0.0017011
12501.5 0.00170374
12513.5 0.00170633
12525.5 0.00170888
12537.5 0.00171148
12549.5 0.00171445
12561.6 0.00171718
12573.6 0.0017197
12585.6 0.00172206
12597.6 0.0017243
12609.6 0.00172644
12621.6 0.0017285
12633.6 0.0017305
12645.6 0.0017325
12657.7 0.00173462
12669.7 0.00173652
12681.7 0.00173829
12693.7 0.00173995
12705.7 0.00174154
12717.7 0.00174306
12729.7 0.00174456
12741.7 0.0017461
12753.8 0.00174809
12765.8 0.00175004
12777.8 0.00175157
12789.8 0.00175282
12801.8 0.00175383
12813.8 0.00175464
12825.8 0.00175525
12837.8 0.00175565
12849.8 0.00175583
12861.9 0.00175569
12873.9 0.00175545
12885.9 0.00175509
12897.9 0.0017546
12909.9 0.00175396
12921.9 0.00175317
12933.9 0.00175223
12945.9 0.00175113
12958 0.00174987
12970 0.00174843
12982 0.00174682
12994 0.00174502
13006 0.00174301
13018 0.00174079
13030 0.00173833
13042 0.00173558
13054.1 0.00173246
13066.1 0.00172841
13078.1 0.00172428
13090.1 0.00172041
13102.1 0.0017166
13114.1 0.00171277
13126.1 0.00170891
13138.1 0.00170498
13150.2 0.00170098
13162.2 0.00169689
13174.2 0.0016927
13186.2 0.00168839
13198.2 0.00168395
13210.2 0.00167937
13222.2 0.00167462
13234.2 0.00166968
13246.2 0.00166453
13258.3 0.00165907
13270.3 0.00165304
13282.3 0.00164631
13294.3 0.00164018
13306.3 0.00163423
13318.3 0.00162834
13330.3 0.00162249
13342.3 0.00161663
13354.4 0.00161077
13366.4 0.00160487
13378.4 0.00159892
13390.4 0.00159293
13402.4 0.0015869
13414.4 0.00158082
13426.4 0.00157467
13438.4 0.00156844
13450.5 0.00156211
13462.5 0.00155565
13474.5 0.00154897
13486.5 0.00154182
13498.5 0.00153498
13510.5 0.00152826
13522.5 0.00152159
13534.5 0.00151493
13546.5 0.00150826
13558.6 0.00150158
13570.6 0.00149485
13582.6 0.00148801
13594.6 0.00148109
13606.6 0.00147428
13618.6 0.00146748
13630.6 0.00146068
13642.6 0.00145385
13654.7 0.001447
13666.7 0.00144009
13678.7 0.00143311
13690.7 0.00142589
13702.7 0.00141877
13714.7 0.00141174
13726.7 0.00140474
13738.7 0.00139773
13750.8 0.0013907
13762.8 0.00138363
13774.8 0.00137648
13786.8 0.00136918
13798.8 0.00136156
13810.8 0.00135431
13822.8 0.00134721
13834.8 0.0013402
13846.8 0.00133325
13858.9 0.00132634
13870.9 0.00131946
13882.9 0.00131259
13894.9 0.0013057
13906.9 0.00129882
13918.9 0.00129202
13930.9 0.00128525
13942.9 0.0012785
13955 0.00127176
13967 0.00126501
13979 0.00125823
13991 0.00125137
14003 0.00124422
14015 0.00123737
14027 0.00123073
14039 0.0012242
14051.1 0.00121778
14063.1 0.00121143
14075.1 0.00120516
14087.1 0.00119897
14099.1 0.00119287
14111.1 0.0011869
14123.1 0.00118083
14135.1 0.00117475
14147.1 0.00116866
14159.2 0.00116257
14171.2 0.00115646
14183.2 0.00115034
14195.2 0.00114417
14207.2 0.00113783
14219.2 0.00113156
14231.2 0.00112551
14243.2 0.00111955
14255.3 0.00111367
14267.3 0.00110783
14279.3 0.00110205
14291.3 0.0010963
14303.3 0.00109058
14315.3 0.00108487
14327.3 0.00107923
14339.3 0.00107362
14351.4 0.00106805
14363.4 0.00106249
14375.4 0.00105696
14387.4 0.00105143
14399.4 0.00104589
14411.4 0.00104028
14423.4 0.0010346
14435.4 0.00102916
14447.4 0.00102383
14459.5 0.00101857
14471.5 0.00101336
14483.5 0.0010082
14495.5 0.00100307
14507.5 0.00099794
14519.5 0.000992731
14531.5 0.00098765
14543.5 0.00098273
14555.6 0.000977902
14567.6 0.00097315
14579.6 0.000968464
14591.6 0.000963836
14603.6 0.000959262
14615.6 0.000954738
14627.6 0.000950256
14639.6 0.000945826
14651.7 0.000941442
14663.7 0.000937099
14675.7 0.000932793
14687.7 0.000928518
14699.7 0.000924269
14711.7 0.000920033
14723.7 0.000915774
14735.7 0.000911504
14747.7 0.000907425
14759.8 0.000903438
14771.8 0.000899524
14783.8 0.000895675
14795.8 0.000891888
14807.8 0.000888162
14819.8 0.000884501
14831.8 0.000880942
14843.8 0.000877373
14855.9 0.000873793
14867.9 0.000870223
14879.9 0.000866666
14891.9 0.000863122
14903.9 0.000859584
14915.9 0.000856041
14927.9 0.000852463
14939.9 0.000848774
14952 0.000845327
14964 0.000842
14976 0.000838754
14988 0.000835577
15000 0.000832462
15012 0.000829404
15024 0.000826404
15036 0.00082347
15048 0.000820589
15060.1 0.000817699
15072.1 0.000814828
15084.1 0.000811979
15096.1 0.000809152
15108.1 0.000806342
15120.1 0.000803545
15132.1 0.000800747
15144.1 0.000797883
15156.2 0.000795138
15168.2 0.000792492
15180.2 0.000789905
15192.2 0.000787366
15204.2 0.000784868
15216.2 0.000782404
15228.2 0.000779966
15240.2 0.000777541
15252.3 0.0007751
15264.3 0.000772777
15276.3 0.00077052
15288.3 0.000768312
15300.3 0.000766147
15312.3 0.000764018
15324.3 0.000761921
15336.3 0.000759846
15348.3 0.000757772
15360.4 0.00075572
15372.4 0.000753778
15384.4 0.000751892
15396.4 0.000750053
15408.4 0.000748254
15420.4 0.000746488
15432.4 0.000744749
15444.4 0.000743024
15456.5 0.000741254
15468.5 0.000739612
15480.5 0.000738068
15492.5 0.000736593
15504.5 0.000735179
15516.5 0.00073382
15528.5 0.000732517
15540.5 0.000731271
15552.6 0.000730096
15564.6 0.000729013
15576.6 0.000727871
15588.6 0.000726727
15600.6 0.000725591
15612.6 0.000724466
15624.6 0.000723351
15636.6 0.000722241
15648.6 0.000721126
15660.7 0.000719962
15672.7 0.000718809
15684.7 0.00071782
15696.7 0.000716905
15708.7 0.000716046
15720.7 0.000715238
15732.7 0.000714476
15744.7 0.000713759
15756.8 0.00071309
15768.8 0.000712492
15780.8 0.000711884
15792.8 0.000711278
15804.8 0.000710682
15816.8 0.000710098
15828.8 0.000709522
15840.8 0.000708945
15852.9 0.000708355
15864.9 0.000707712
15876.9 0.000706957
15888.9 0.000706464
15900.9 0.000706086
15912.9 0.000705789
15924.9 0.000705558
15936.9 0.000705388
15948.9 0.000705273
15961 0.000705212
15973 0.000705209
15985 0.000705251
15997 0.000705313
16009 0.000705407
16021 0.000705534
16033 0.000705692
16045 0.000705879
16057.1 0.00070609
16069.1 0.000706316
16081.1 0.000706511
16093.1 0.000706812
16105.1 0.000707195
16117.1 0.000707639
16129.1 0.000708139
16141.1 0.000708693
16153.2 0.000709301
16165.2 0.000709966
16177.2 0.0007107
16189.2 0.00071152
16201.2 0.000712317
16213.2 0.000713132
16225.2 0.000713975
16237.2 0.00071485
16249.2 0.000715761
16261.3 0.000716712
16273.3 0.000717706
16285.3 0.00071876
16297.3 0.000719854
16309.3 0.000720948
16321.3 0.000722067
16333.3 0.000723216
16345.3 0.000724399
16357.4 0.000725618
16369.4 0.000726877
16381.4 0.000728183
16393.4 0.000729559
16405.4 0.000730946
16417.4 0.000732357
16429.4 0.000733803
16441.4 0.00073529
16453.5 0.000736824
16465.5 0.000738414
16477.5 0.000740074
16489.5 0.000741845
16501.5 0.00074379
16513.5 0.000745588
16525.5 0.000747352
16537.5 0.000749111
16549.5 0.000750879
16561.6 0.000752662
16573.6 0.000754469
16585.6 0.000756306
16597.6 0.00075819
16609.6 0.000760109
16621.6 0.000762036
16633.6 0.000763992
16645.6 0.000765986
16657.7 0.000768025
16669.7 0.000770121
16681.7 0.000772293
16693.7 0.00077458
16705.7 0.000777171
16717.7 0.000779593
16729.7 0.000781908
16741.7 0.000784178
16753.8 0.000786427
16765.8 0.000788666
16777.8 0.000790904
16789.8 0.000793144
16801.8 0.000795388
16813.8 0.00079763
16825.8 0.000799917
16837.8 0.000802241
16849.8 0.000804606
16861.9 0.000807015
16873.9 0.00080948
16885.9 0.000812016
16897.9 0.000814654
16909.9 0.000817562
16921.9 0.000820534
16933.9 0.00082331
16945.9 0.000826021
16958 0.000828701
16970 0.000831364
16982 0.000834021
16994 0.000836681
17006 0.000839351
17018 0.000842044
17030 0.000844747
17042 0.000847466
17054.1 0.000850209
17066.1 0.000852984
17078.1 0.0008558
17090.1 0.000858671
17102.1 0.000861623
17114.1 0.000864731
17126.1 0.000868161
17138.1 0.000871348
17150.2 0.000874445
17162.2 0.000877496
17174.2 0.000880519
17186.2 0.000883526
17198.2 0.000886527
17210.2 0.000889531
17222.2 0.000892564
17234.2 0.000895607
17246.2 0.00089863
17258.3 0.00090165
17270.3 0.000904674
17282.3 0.000907707
17294.3 0.000910755
17306.3 0.000913826
17318.3 0.000916935
17330.3 0.00092016
17342.3 0.000923353
17354.4 0.000926521
17366.4 0.000929683
17378.4 0.000932848
17390.4 0.000936024
17402.4 0.000939218
17414.4 0.000942442
17426.4 0.000945725
17438.4 0.000949148
17450.5 0.000952488
17462.5 0.000955801
17474.5 0.000959101
17486.5 0.000962397
17498.5 0.000965694
17510.5 0.000968998
17522.5 0.000972315
17534.5 0.000975672
17546.5 0.000979049
17558.6 0.000982414
17570.6 0.000985782
17582.6 0.000989161
17594.6 0.000992556
17606.6 0.000995975
17618.6 0.000999432
17630.6 0.00100296
17642.6 0.00100675
17654.7 0.00101047
17666.7 0.00101409
17678.7 0.00101766
17690.7 0.00102119
17702.7 0.00102468
17714.7 0.00102813
17726.7 0.00103154
17738.7 0.00103486
17750.8 0.00103799
17762.8 0.00104122
17774.8 0.00104449
17786.8 0.00104779
17798.8 0.0010511
17810.8 0.00105444
17822.8 0.00105779
17834.8 0.00106118
17846.8 0.00106467
17858.9 0.0010682
17870.9 0.00107166
17882.9 0.00107509
17894.9 0.00107849
17906.9 0.00108186
17918.9 0.0010852
17930.9 0.00108848
17942.9 0.0010917
17955 0.00109464
17967 0.00109764
17979 0.0011007
17991 0.00110379
18003 0.0011069
18015 0.00111002
18027 0.00111315
18039 0.00111629
18051.1 0.00111943
18063.1 0.00112259
18075.1 0.00112573
18087.1 0.00112885
18099.1 0.00113195
18111.1 0.00113501
18123.1 0.00113804
18135.1 0.00114102
18147.1 0.00114391
18159.2 0.00114652
18171.2 0.00114901
18183.2 0.00115162
18195.2 0.00115427
18207.2 0.00115696
18219.2 0.00115966
18231.2 0.00116236
18243.2 0.00116506
18255.3 0.00116774
18267.3 0.00117036
18279.3 0.00117299
18291.3 0.00117562
18303.3 0.00117824
18315.3 0.00118084
18327.3 0.00118342
18339.3 0.00118596
18351.4 0.00118845
18363.4 0.0011908
18375.4 0.00119285
18387.4 0.00119503
18399.4 0.00119726
18411.4 0.0011995
18423.4 0.00120175
18435.4 0.001204
18447.4 0.00120622
18459.5 0.0012084
18471.5 0.00121043
18483.5 0.0012124
18495.5 0.00121443
18507.5 0.00121648
18519.5 0.00121854
18531.5 0.00122061
18543.5 0.00122266
18555.6 0.0012247
18567.6 0.00122672
18579.6 0.00122866
18591.6 0.00123061
18603.6 0.00123255
18615.6 0.00123449
18627.6 0.0012364
18639.6 0.0012383
18651.7 0.00124016
18663.7 0.00124198
18675.7 0.00124371
18687.7 0.00124528
18699.7 0.0012469
18711.7 0.00124852
18723.7 0.00125015
18735.7 0.00125175
18747.7 0.00125334
18759.8 0.0012549
18771.8 0.00125641
18783.8 0.00125782
18795.8 0.00125919
18807.8 0.00126056
18819.8 0.00126191
18831.8 0.00126324
18843.8 0.00126452
18855.9 0.00126576
18867.9 0.00126693
18879.9 0.00126798
18891.9 0.00126866
18903.9 0.00126943
18915.9 0.00127025
18927.9 0.00127109
18939.9 0.00127194
18952 0.0012728
18964 0.00127364
18976 0.00127448
18988 0.00127529
19000 0.00127607
