7000 -0.000698751
7012.01 -0.000697031
7024.02 -0.00069526
7036.04 -0.000693404
7048.05 -0.000691505
7060.06 -0.000689604
7072.07 -0.00068768
7084.08 -0.000685729
7096.1 -0.000683745
7108.11 -0.000681723
7120.12 -0.000679654
7132.13 -0.000677521
7144.14 -0.00067524
7156.16 -0.000673
7168.17 -0.000670779
7180.18 -0.000668553
7192.19 -0.000666313
7204.2 -0.00066405
7216.22 -0.000661755
7228.23 -0.000659411
7240.24 -0.000656979
7252.25 -0.000654403
7264.26 -0.000651936
7276.28 -0.000649494
7288.29 -0.000647057
7300.3 -0.000644608
7312.31 -0.000642136
7324.32 -0.000639621
7336.34 -0.000637027
7348.35 -0.000634164
7360.36 -0.000631364
7372.37 -0.000628759
7384.38 -0.000626252
7396.4 -0.000623821
7408.41 -0.000621457
7420.42 -0.000619162
7432.43 -0.000616947
7444.44 -0.000614853
7456.46 -0.000613043
7468.47 -0.00061106
7480.48 -0.000608817
7492.49 -0.000606335
7504.5 -0.0006038
7516.52 -0.000601228
7528.53 -0.000598632
7540.54 -0.000596028
7552.55 -0.000593453
7564.56 -0.000590937
7576.58 -0.00058839
7588.59 -0.000584323
7600.6 -0.000579569
7612.61 -0.000574648
7624.62 -0.000569589
7636.64 -0.0005644
7648.65 -0.000559089
7660.66 -0.0005537
7672.67 -0.000548084
7684.68 -0.000542172
7696.7 -0.000538385
7708.71 -0.00053465
7720.72 -0.000530855
7732.73 -0.000526961
7744.74 -0.000522928
7756.76 -0.000518684
7768.77 -0.000514039
7780.78 -0.000509568
7792.79 -0.000505622
7804.8 -0.000503752
7816.82 -0.00050206
7828.83 -0.000500469
7840.84 -0.000498956
7852.85 -0.000497521
7864.86 -0.000496197
7876.88 -0.000494975
7888.89 -0.000493721
7900.9 -0.000491588
7912.91 -0.000488228
7924.92 -0.000484726
7936.94 -0.000481118
7948.95 -0.000477408
7960.96 -0.000473581
7972.97 -0.000469512
7984.98 -0.000465557
7997 -0.000461719
8009.01 -0.000457317
8021.02 -0.00045261
8033.03 -0.00044786
8045.05 -0.000443075
8057.06 -0.000438255
8069.07 -0.000433394
8081.08 -0.000428476
8093.09 -0.00042355
8105.11 -0.000418524
8117.12 -0.000415209
8129.13 -0.000412109
8141.14 -0.000409126
8153.15 -0.000406269
8165.17 -0.000403577
8177.18 -0.000401209
8189.19 -0.000399013
8201.2 -0.000396567
8213.21 -0.00039331
8225.23 -0.000385523
8237.24 -0.000377334
8249.25 -0.000368896
8261.26 -0.000360263
8273.27 -0.000351468
8285.29 -0.000342592
8297.3 -0.000333321
8309.31 -0.000323589
8321.32 -0.000316778
8333.33 -0.000315073
8345.35 -0.000313693
8357.36 -0.000312506
8369.37 -0.000311479
8381.38 -0.000310622
8393.39 -0.000309967
8405.41 -0.000309439
8417.42 -0.000309292
8429.43 -0.000303086
8441.44 -0.000293017
8453.45 -0.000282541
8465.47 -0.000271778
8477.48 -0.000260774
8489.49 -0.000249556
8501.5 -0.000238049
8513.51 -0.000226119
8525.53 -0.000213412
8537.54 -0.000211887
8549.55 -0.000212166
8561.56 -0.000212811
8573.57 -0.000213726
8585.59 -0.000214899
8597.6 -0.000216427
8609.61 -0.000217903
8621.62 -0.000219509
8633.63 -0.000220414
8645.65 -0.000214861
8657.66 -0.000208927
8669.67 -0.000202797
8681.68 -0.000196524
8693.69 -0.000190129
8705.71 -0.000183628
8717.72 -0.000177107
8729.73 -0.000170541
8741.74 -0.000163929
8753.75 -0.000157276
8765.77 -0.000150586
8777.78 -0.000143865
8789.79 -0.000137122
8801.8 -0.000130393
8813.81 -0.000123586
8825.83 -0.000116673
8837.84 -0.000109698
8849.85 -0.000102669
8861.86 -9.55891e-05
8873.87 -8.84577e-05
8885.89 -8.12709e-05
8897.9 -7.40138e-05
8909.91 -6.66412e-05
8921.92 -5.94097e-05
8933.93 -5.22227e-05
8945.95 -4.50537e-05
8957.96 -3.78959e-05
8969.97 -3.07476e-05
8981.98 -2.36107e-05
8993.99 -1.64916e-05
9006.01 -9.41228e-06
9018.02 -2.34272e-06
9030.03 4.87169e-06
9042.04 1.21373e-05
9054.05 1.94405e-05
9066.07 2.67768e-05
9078.08 3.41462e-05
9090.09 4.15522e-05
9102.1 4.90063e-05
9114.11 5.65718e-05
9126.13 6.40072e-05
9138.14 7.13513e-05
9150.15 7.86628e-05
9162.16 8.5956e-05
9174.17 9.32389e-05
9186.19 0.000100519
9198.2 0.000107805
9210.21 0.000115119
9222.22 0.000122486
9234.23 0.000129638
9246.25 0.000136712
9258.26 0.000143735
9270.27 0.00015072
9282.28 0.000157674
9294.29 0.000164603
9306.31 0.000171518
9318.32 0.000178437
9330.33 0.000185313
9342.34 0.000192057
9354.35 0.000198748
9366.37 0.0002054
9378.38 0.000212022
9390.39 0.000218624
9402.4 0.000225219
9414.41 0.000231832
9426.43 0.000238576
9438.44 0.00024492
9450.45 0.000251059
9462.46 0.000257086
9474.47 0.000263026
9486.49 0.000268891
9498.5 0.000274693
9510.51 0.000280438
9522.52 0.00028614
9534.53 0.0002918
9546.55 0.000297344
9558.56 0.000302826
9570.57 0.00030826
9582.58 0.000313659
9594.59 0.000319036
9606.61 0.000324408
9618.62 0.000329814
9630.63 0.000335361
9642.64 0.00034059
9654.65 0.000345139
9666.67 0.000349468
9678.68 0.000353636
9690.69 0.000357672
9702.7 0.000361591
9714.71 0.000365405
9726.73 0.000369122
9738.74 0.000372751
9750.75 0.000376295
9762.76 0.000379762
9774.77 0.000383158
9786.79 0.000386489
9798.8 0.000389765
9810.81 0.000392995
9822.82 0.000396202
9834.83 0.000399432
9846.85 0.000402617
9858.86 0.000405169
9870.87 0.000407513
9882.88 0.000409706
9894.89 0.000411769
9906.91 0.000413712
9918.92 0.000415539
9930.93 0.000417247
9942.94 0.000418808
9954.95 0.000420386
9966.97 0.000422045
9978.98 0.000423669
9990.99 0.000425248
10003 0.000426782
10015 0.000428274
10027 0.000429737
10039 0.000431199
10051.1 0.000432762
10063.1 0.000433669
10075.1 0.000434316
10087.1 0.000434786
10099.1 0.000435096
10111.1 0.000435245
10123.1 0.000435221
10135.1 0.000434994
10147.1 0.000434474
10159.2 0.000433819
10171.2 0.000434009
10183.2 0.000434319
10195.2 0.000434651
10207.2 0.000434966
10219.2 0.000435236
10231.2 0.000435436
10243.2 0.000435533
10255.3 0.000435445
10267.3 0.000435495
10279.3 0.000435775
10291.3 0.000436048
10303.3 0.000436269
10315.3 0.000436404
10327.3 0.00043641
10339.3 0.000436222
10351.4 0.000435707
10363.4 0.000434461
10375.4 0.000435061
10387.4 0.000436247
10399.4 0.000437713
10411.4 0.000439366
10423.4 0.000441157
10435.4 0.000443054
10447.4 0.000445025
10459.5 0.00044702
10471.5 0.000449077
10483.5 0.000451539
10495.5 0.000454162
10507.5 0.000456905
10519.5 0.000459745
10531.5 0.00046266
10543.5 0.00046562
10555.6 0.000468571
10567.6 0.000471315
10579.6 0.000474659
10591.6 0.00047885
10603.6 0.000483417
10615.6 0.000488303
10627.6 0.000493492
10639.6 0.000498983
10651.7 0.000504794
10663.7 0.000510974
10675.7 0.000517659
10687.7 0.000523948
10699.7 0.00053028
10711.7 0.000536763
10723.7 0.000543439
10735.7 0.000550337
10747.7 0.000557484
10759.8 0.000564916
10771.8 0.000572704
10783.8 0.000580751
10795.8 0.000588565
10807.8 0.000596523
10819.8 0.000604693
10831.8 0.00061312
10843.8 0.000621848
10855.9 0.000630937
10867.9 0.000640498
10879.9 0.000650918
10891.9 0.000660295
10903.9 0.000668701
10915.9 0.000676945
10927.9 0.000685158
10939.9 0.000693407
10952 0.000701742
10964 0.000710214
10976 0.0007189
10988 0.000727892
11000 0.000735977
11012 0.000743896
11024 0.000751785
11036 0.000759699
11048 0.000767678
11060.1 0.000775764
11072.1 0.000784019
11084.1 0.000792581
11096.1 0.000801027
11108.1 0.000808351
11120.1 0.000813119
11132.1 0.000817427
11144.1 0.000821445
11156.2 0.000825226
11168.2 0.000828793
11180.2 0.000832152
11192.2 0.000835328
11204.2 0.000837726
11216.2 0.000841053
11228.2 0.000847176
11240.2 0.000853551
11252.3 0.000860045
11264.3 0.000866613
11276.3 0.000873243
11288.3 0.00087995
11300.3 0.000886688
11312.3 0.000892871
11324.3 0.000898756
11336.3 0.000904415
11348.3 0.000909984
11360.4 0.000915482
11372.4 0.000920923
11384.4 0.000926323
11396.4 0.000931703
11408.4 0.000937174
11420.4 0.000943006
11432.4 0.000945894
11444.4 0.000947897
11456.5 0.000949544
11468.5 0.000950886
11480.5 0.000951928
11492.5 0.000952651
11504.5 0.000952979
11516.5 0.000953086
11528.5 0.00095305
11540.5 0.000957523
11552.6 0.000962477
11564.6 0.000967618
11576.6 0.000972864
11588.6 0.000978175
11600.6 0.000983521
11612.6 0.00098907
11624.6 0.000995497
11636.6 0.00100132
11648.6 0.00100479
11660.7 0.00100794
11672.7 0.00101089
11684.7 0.00101367
11696.7 0.00101629
11708.7 0.00101874
11720.7 0.00102132
11732.7 0.00102403
11744.7 0.00102662
11756.8 0.00102907
11768.8 0.00103141
11780.8 0.00103364
11792.8 0.00103576
11804.8 0.00103776
11816.8 0.00103961
11828.8 0.00104201
11840.8 0.00104449
11852.9 0.00104622
11864.9 0.00104759
11876.9 0.00104878
11888.9 0.0010498
11900.9 0.00105064
11912.9 0.00105128
11924.9 0.00105181
11936.9 0.00105232
11948.9 0.00105255
11961 0.00105492
11973 0.00105753
11985 0.00106021
11997 0.00106291
12009 0.0010656
12021 0.00106826
12033 0.00107118
12045 0.00107423
12057.1 0.00107736
12069.1 0.00108083
12081.1 0.00108436
12093.1 0.00108795
12105.1 0.0010916
12117.1 0.00109534
12129.1 0.00109923
12141.1 0.0011035
12153.2 0.0011083
12165.2 0.00111059
12177.2 0.00110903
12189.2 0.00110677
12201.2 0.00110401
12213.2 0.00110081
12225.2 0.00109717
12237.2 0.00109323
12249.2 0.00108894
12261.3 0.0010836
12273.3 0.00108283
12285.3 0.00108453
12297.3 0.00108668
12309.3 0.0010891
12321.3 0.00109172
12333.3 0.00109452
12345.3 0.00109778
12357.4 0.00110134
12369.4 0.00110526
12381.4 0.00110713
12393.4 0.00110873
12405.4 0.00111025
12417.4 0.00111176
12429.4 0.00111329
12441.4 0.00111497
12453.5 0.00111709
12465.5 0.00111955
12477.5 0.00112146
12489.5 0.00111848
12501.5 0.00111471
12513.5 0.00111044
12525.5 0.00110576
12537.5 0.00110072
12549.5 0.00109546
12561.6 0.00108988
12573.6 0.0010837
12585.6 0.0010788
12597.6 0.00107654
12609.6 0.00107457
12621.6 0.00107272
12633.6 0.00107097
12645.6 0.00106932
12657.7 0.00106788
12669.7 0.00106663
12681.7 0.00106582
12693.7 0.00106196
12705.7 0.00105598
12717.7 0.00104948
12729.7 0.00104257
12741.7 0.00103531
12753.8 0.00102778
12765.8 0.00102008
12777.8 0.00101177
12789.8 0.00100233
12801.8 0.000998695
12813.8 0.00099591
12825.8 0.000993408
12837.8 0.000991064
12849.8 0.000988823
12861.9 0.000986616
12873.9 0.000984476
12885.9 0.000982473
12897.9 0.000980319
12909.9 0.000976303
12921.9 0.000971997
12933.9 0.000967501
12945.9 0.000962841
12958 0.000958021
12970 0.000953035
12982 0.000947857
12994 0.000942416
13006 0.000937554
13018 0.000934044
13030 0.000930614
13042 0.000927176
13054.1 0.000923682
13066.1 0.000919951
13078.1 0.00091592
13090.1 0.00091185
13102.1 0.000907582
13114.1 0.000905067
13126.1 0.000903842
13138.1 0.00090284
13150.2 0.000901997
13162.2 0.00090129
13174.2 0.00090072
13186.2 0.000900303
13198.2 0.000900096
13210.2 0.00090041
13222.2 0.00089617
13234.2 0.000891112
13246.2 0.000885746
13258.3 0.00088013
13270.3 0.000874236
13282.3 0.000867801
13294.3 0.000861284
13306.3 0.000854559
13318.3 0.000848208
13330.3 0.000846215
13342.3 0.000844639
13354.4 0.000843283
13366.4 0.000842094
13378.4 0.000841047
13390.4 0.000840146
13402.4 0.000839431
13414.4 0.000839007
13426.4 0.000836576
13438.4 0.000830039
13450.5 0.000823127
13462.5 0.000815978
13474.5 0.000808622
13486.5 0.000800954
13498.5 0.000793172
13510.5 0.00078526
13522.5 0.000777104
13534.5 0.000771814
13546.5 0.000768518
13558.6 0.000765403
13570.6 0.000762395
13582.6 0.00075945
13594.6 0.000756523
13606.6 0.000753682
13618.6 0.000750913
13630.6 0.000748242
13642.6 0.000744591
13654.7 0.000740777
13666.7 0.000736946
13678.7 0.0007331
13690.7 0.000729196
13702.7 0.000725286
13714.7 0.000721405
13726.7 0.000717539
13738.7 0.000713714
13750.8 0.000710138
13762.8 0.000706581
13774.8 0.000703028
13786.8 0.000699458
13798.8 0.000695771
13810.8 0.000692146
13822.8 0.000688562
13834.8 0.000684994
13846.8 0.000681995
13858.9 0.000680044
13870.9 0.000678167
13882.9 0.000676339
13894.9 0.000674545
13906.9 0.00067277
13918.9 0.000671045
13930.9 0.000669359
13942.9 0.000667711
13955 0.00066583
13967 0.000663792
13979 0.00066176
13991 0.000659727
14003 0.000657617
14015 0.000655541
14027 0.000653532
14039 0.000651576
14051.1 0.000649676
14063.1 0.000646828
14075.1 0.000643832
14087.1 0.00064086
14099.1 0.000637921
14111.1 0.000635042
14123.1 0.000632163
14135.1 0.000629294
14147.1 0.000626441
14159.2 0.000623473
14171.2 0.000619261
14183.2 0.000615039
14195.2 0.000610811
14207.2 0.000606549
14219.2 0.000602263
14231.2 0.000598045
14243.2 0.000593866
14255.3 0.000589722
14267.3 0.000585254
14279.3 0.000580104
14291.3 0.000574978
14303.3 0.000569877
14315.3 0.000564795
14327.3 0.000559747
14339.3 0.000554731
14351.4 0.000549748
14363.4 0.000544797
14375.4 0.000541057
14387.4 0.000538183
14399.4 0.000535324
14411.4 0.000532463
14423.4 0.000529568
14435.4 0.000526737
14447.4 0.000523945
14459.5 0.00052118
14471.5 0.000518428
14483.5 0.000513699
14495.5 0.000508576
14507.5 0.000503489
14519.5 0.000498413
14531.5 0.000493376
14543.5 0.000488416
14555.6 0.00048352
14567.6 0.00047869
14579.6 0.000474117
14591.6 0.000472256
14603.6 0.000470392
14615.6 0.000468545
14627.6 0.000466716
14639.6 0.000464912
14651.7 0.000463134
14663.7 0.000461383
14675.7 0.000459666
14687.7 0.000458623
14699.7 0.000459027
14711.7 0.000459402
14723.7 0.00045975
14735.7 0.000460055
14747.7 0.000460378
14759.8 0.000460694
14771.8 0.00046099
14783.8 0.000461233
14795.8 0.000458662
14807.8 0.00045384
14819.8 0.000449118
14831.8 0.00044448
14843.8 0.0004399
14855.9 0.000435363
14867.9 0.000430874
14879.9 0.000426441
14891.9 0.000422086
14903.9 0.000419802
14915.9 0.000418047
14927.9 0.000416262
14939.9 0.000414424
14952 0.000412621
14964 0.000410839
14976 0.000409065
14988 0.000407283
15000 0.00040543
15012 0.000400447
15024 0.000395601
15036 0.000390837
15048 0.000386144
15060.1 0.0003815
15072.1 0.00037691
15084.1 0.000372381
15096.1 0.000367926
15108.1 0.000364353
15120.1 0.000363086
15132.1 0.00036176
15144.1 0.000360391
15156.2 0.00035902
15168.2 0.000357657
15180.2 0.000356293
15192.2 0.000354917
15204.2 0.000353506
15216.2 0.000350527
15228.2 0.000346087
15240.2 0.000341729
15252.3 0.000337419
15264.3 0.000333183
15276.3 0.00032901
15288.3 0.0003249
15300.3 0.000320858
15312.3 0.000316913
15324.3 0.000315248
15336.3 0.000314349
15348.3 0.00031341
15360.4 0.000312445
15372.4 0.000311487
15384.4 0.000310526
15396.4 0.000309558
15408.4 0.000308573
15420.4 0.000307532
15432.4 0.000304234
15444.4 0.000300908
15456.5 0.000297614
15468.5 0.000294375
15480.5 0.000291189
15492.5 0.000288045
15504.5 0.000284941
15516.5 0.000281875
15528.5 0.000278902
15540.5 0.000276175
15552.6 0.000273475
15564.6 0.000270815
15576.6 0.000268161
15588.6 0.00026552
15600.6 0.000262895
15612.6 0.000260286
15624.6 0.000257693
15636.6 0.000255039
15648.6 0.000252308
15660.7 0.000249585
15672.7 0.00024687
15684.7 0.000244205
15696.7 0.000241572
15708.7 0.000238967
15720.7 0.000236389
15732.7 0.000233841
15744.7 0.000231621
15756.8 0.00022956
15768.8 0.000227519
15780.8 0.000225487
15792.8 0.000223465
15804.8 0.000221454
15816.8 0.000219457
15828.8 0.000217473
15840.8 0.00021551
15852.9 0.000214332
15864.9 0.000213216
15876.9 0.000212067
15888.9 0.000210957
15900.9 0.000209868
15912.9 0.000208794
15924.9 0.000207734
15936.9 0.000206686
15948.9 0.000205628
15961 0.000204457
15973 0.0002033
15985 0.000202156
15997 0.000201018
16009 0.000199887
16021 0.000198763
16033 0.000197645
16045 0.000196529
16057.1 0.000194799
16069.1 0.000192063
16081.1 0.000189337
16093.1 0.000186631
16105.1 0.000183943
16117.1 0.000181268
16129.1 0.0001786
16141.1 0.000175935
16153.2 0.000173267
16165.2 0.000175623
16177.2 0.000181243
16189.2 0.00018685
16201.2 0.000192441
16213.2 0.000198023
16225.2 0.000203606
16237.2 0.000209198
16249.2 0.000214813
16261.3 0.000220482
16273.3 0.000220955
16285.3 0.000220375
16297.3 0.0002198
16309.3 0.000219225
16321.3 0.000218653
16333.3 0.000218088
16345.3 0.000217529
16357.4 0.000216978
16369.4 0.000216435
16381.4 0.000215901
16393.4 0.00021538
16405.4 0.000214866
16417.4 0.000214358
16429.4 0.000213857
16441.4 0.000213363
16453.5 0.000212878
16465.5 0.000212402
16477.5 0.000211937
16489.5 0.000211488
16501.5 0.000211081
16513.5 0.000210663
16525.5 0.000210242
16537.5 0.000209821
16549.5 0.000209403
16561.6 0.000208987
16573.6 0.000208576
16585.6 0.00020817
16597.6 0.00020777
16609.6 0.00020738
16621.6 0.000206992
16633.6 0.000206608
16645.6 0.000206229
16657.7 0.000205857
16669.7 0.000205492
16681.7 0.000205137
16693.7 0.000204796
16705.7 0.000204505
16717.7 0.000204218
16729.7 0.000203918
16741.7 0.000203612
16753.8 0.000203304
16765.8 0.000202995
16777.8 0.000202686
16789.8 0.000202377
16801.8 0.000202069
16813.8 0.000201758
16825.8 0.000201452
16837.8 0.000201149
16849.8 0.000200851
16861.9 0.000200558
16873.9 0.00020027
16885.9 0.00019999
16897.9 0.000199721
16909.9 0.00019948
16921.9 0.000199287
16933.9 0.000199072
16945.9 0.00019885
16958 0.000198624
16970 0.000198396
16982 0.000198167
16994 0.000197937
17006 0.000197708
17018 0.000197482
17030 0.000197257
17042 0.000197033
17054.1 0.000196811
17066.1 0.000196591
17078.1 0.000196375
17090.1 0.000196163
17102.1 0.000195958
17114.1 0.000195766
17126.1 0.000195634
17138.1 0.000195492
17150.2 0.000195342
17162.2 0.000195187
17174.2 0.000195029
17186.2 0.000194869
17198.2 0.000194708
17210.2 0.000194547
17222.2 0.000194388
17234.2 0.000194235
17246.2 0.00019408
17258.3 0.000193925
17270.3 0.00019377
17282.3 0.000193615
17294.3 0.000193462
17306.3 0.00019331
17318.3 0.00019316
17330.3 0.000193025
17342.3 0.000192896
17354.4 0.000192765
17366.4 0.000192633
17378.4 0.000192502
17390.4 0.000192371
17402.4 0.000192242
17414.4 0.000192115
17426.4 0.000191992
17438.4 0.000191892
17450.5 0.000191791
17462.5 0.00019169
17474.5 0.000191587
17486.5 0.000191486
17498.5 0.000191384
17510.5 0.000191284
17522.5 0.000191184
17534.5 0.000191089
17546.5 0.000191
17558.6 0.000190912
17570.6 0.000190825
17582.6 0.000190739
17594.6 0.000190654
17606.6 0.000190572
17618.6 0.000190493
17630.6 0.000190417
17642.6 0.000190372
17654.7 0.000190345
17666.7 0.000190316
17678.7 0.000190285
17690.7 0.000190255
17702.7 0.000190224
17714.7 0.000190194
17726.7 0.000190164
17738.7 0.000190134
17750.8 0.000190075
17762.8 0.000190017
17774.8 0.000189963
17786.8 0.000189912
17798.8 0.000189863
17810.8 0.000189818
17822.8 0.000189776
17834.8 0.000189737
17846.8 0.000189706
17858.9 0.000189697
17870.9 0.000189689
17882.9 0.000189682
17894.9 0.000189677
17906.9 0.000189675
17918.9 0.000189675
17930.9 0.000189678
17942.9 0.000189682
17955 0.000189664
17967 0.000189632
17979 0.000189604
17991 0.00018958
18003 0.00018956
18015 0.000189544
18027 0.000189531
18039 0.000189522
18051.1 0.000189517
18063.1 0.000189519
18075.1 0.000189526
18087.1 0.000189536
18099.1 0.000189549
18111.1 0.000189567
18123.1 0.000189588
18135.1 0.000189612
18147.1 0.00018964
18159.2 0.00018966
18171.2 0.000189636
18183.2 0.000189617
18195.2 0.000189602
18207.2 0.000189592
18219.2 0.000189585
18231.2 0.000189583
18243.2 0.000189584
18255.3 0.000189589
18267.3 0.000189593
18279.3 0.000189597
18291.3 0.000189604
18303.3 0.000189616
18315.3 0.000189631
18327.3 0.000189651
18339.3 0.000189675
18351.4 0.000189702
18363.4 0.000189735
18375.4 0.000189729
18387.4 0.00018972
18399.4 0.000189715
18411.4 0.000189714
18423.4 0.000189716
18435.4 0.000189722
18447.4 0.000189732
18459.5 0.000189746
18471.5 0.000189758
18483.5 0.000189748
18495.5 0.000189742
18507.5 0.000189739
18519.5 0.000189739
18531.5 0.000189742
18543.5 0.000189749
18555.6 0.000189759
18567.6 0.000189773
18579.6 0.000189784
18591.6 0.000189794
18603.6 0.000189807
18615.6 0.000189823
18627.6 0.000189843
18639.6 0.000189866
18651.7 0.000189892
18663.7 0.000189921
18675.7 0.000189955
18687.7 0.00018997
18699.7 0.000189984
18711.7 0.00019
18723.7 0.000190019
18735.7 0.000190041
18747.7 0.000190066
18759.8 0.000190094
18771.8 0.000190125
18783.8 0.000190156
18795.8 0.000190178
18807.8 0.000190203
18819.8 0.00019023
18831.8 0.000190259
18843.8 0.000190292
18855.9 0.000190327
18867.9 0.000190367
18879.9 0.00019041
18891.9 0.000190428
18903.9 0.000190424
18915.9 0.00019042
18927.9 0.000190417
18939.9 0.000190416
18952 0.000190416
18964 0.000190417
18976 0.00019042
18988 0.000190425
19000 0.00019043
