7000 -0.000347124
7012.01 -0.000345956
7024.02 -0.000344774
7036.04 -0.000343547
7048.05 -0.000342341
7060.06 -0.000341166
7072.07 -0.000340003
7084.08 -0.000338843
7096.1 -0.000337681
7108.11 -0.000336512
7120.12 -0.000335326
7132.13 -0.000334105
7144.14 -0.000332793
7156.16 -0.000331578
7168.17 -0.000330406
7180.18 -0.000329252
7192.19 -0.000328106
7204.2 -0.000326959
7216.22 -0.000325801
7228.23 -0.000324617
7240.24 -0.000323368
7252.25 -0.000322054
7264.26 -0.000320876
7276.28 -0.000319737
7288.29 -0.000318616
7300.3 -0.000317498
7312.31 -0.000316372
7324.32 -0.000315219
7336.34 -0.000314006
7348.35 -0.000312569
7360.36 -0.000311316
7372.37 -0.000310252
7384.38 -0.000309289
7396.4 -0.000308404
7408.41 -0.00030759
7420.42 -0.000306849
7432.43 -0.000306191
7444.44 -0.000305657
7456.46 -0.000305354
7468.47 -0.000304869
7480.48 -0.00030378
7492.49 -0.00030205
7504.5 -0.000300224
7516.52 -0.000298329
7528.53 -0.000296375
7540.54 -0.000294371
7552.55 -0.000292338
7564.56 -0.000290249
7576.58 -0.000287946
7588.59 -0.000286541
7600.6 -0.000285483
7612.61 -0.000284422
7624.62 -0.000283346
7636.64 -0.000282251
7648.65 -0.000281147
7660.66 -0.000280079
7672.67 -0.000278932
7684.68 -0.000277743
7696.7 -0.000275158
7708.71 -0.000272358
7720.72 -0.000269396
7732.73 -0.00026627
7744.74 -0.00026296
7756.76 -0.000259403
7768.77 -0.000255473
7780.78 -0.000251673
7792.79 -0.000248624
7804.8 -0.000248826
7816.82 -0.000249287
7828.83 -0.000249896
7840.84 -0.000250621
7852.85 -0.000251459
7864.86 -0.000252447
7876.88 -0.000253564
7888.89 -0.000254756
7900.9 -0.00025413
7912.91 -0.000250926
7924.92 -0.000247465
7936.94 -0.000243822
7948.95 -0.000240015
7960.96 -0.000236034
7972.97 -0.000231772
7984.98 -0.000227569
7997 -0.000223321
8009.01 -0.000220255
8021.02 -0.000217798
8033.03 -0.000215391
8045.05 -0.000213009
8057.06 -0.000210639
8069.07 -0.000208274
8081.08 -0.000205906
8093.09 -0.000203594
8105.11 -0.000201331
8117.12 -0.000198841
8129.13 -0.000196361
8141.14 -0.000193922
8153.15 -0.000191547
8165.17 -0.000189279
8177.18 -0.000187262
8189.19 -0.000185265
8201.2 -0.000182971
8213.21 -0.00018005
8225.23 -0.000173897
8237.24 -0.000167419
8249.25 -0.000160725
8261.26 -0.000153852
8273.27 -0.000146825
8285.29 -0.000139701
8297.3 -0.000132171
8309.31 -0.000124181
8321.32 -0.000119224
8333.33 -0.000119557
8345.35 -0.000120227
8357.36 -0.000121094
8369.37 -0.000122116
8381.38 -0.000123294
8393.39 -0.000124643
8405.41 -0.000126085
8417.42 -0.000127822
8429.43 -0.00012504
8441.44 -0.000119381
8453.45 -0.000113427
8465.47 -0.00010727
8477.48 -0.000100944
8489.49 -9.44745e-05
8501.5 -8.77898e-05
8513.51 -8.07963e-05
8525.53 -7.32529e-05
8537.54 -7.35957e-05
8549.55 -7.52138e-05
8561.56 -7.70965e-05
8573.57 -7.91798e-05
8585.59 -8.14643e-05
8597.6 -8.40368e-05
8609.61 -8.65122e-05
8621.62 -8.90839e-05
8633.63 -9.09895e-05
8645.65 -8.69349e-05
8657.66 -8.25104e-05
8669.67 -7.78878e-05
8681.68 -7.31169e-05
8693.69 -6.82161e-05
8705.71 -6.32056e-05
8717.72 -5.81641e-05
8729.73 -5.30647e-05
8741.74 -4.79083e-05
8753.75 -4.26985e-05
8765.77 -3.74399e-05
8777.78 -3.21382e-05
8789.79 -2.68025e-05
8801.8 -2.14649e-05
8813.81 -1.60299e-05
8825.83 -1.04824e-05
8837.84 -4.86248e-06
8849.85 8.22205e-07
8861.86 6.56891e-06
8873.87 1.23778e-05
8885.89 1.82528e-05
8897.9 2.42081e-05
8909.91 3.02813e-05
8921.92 3.62244e-05
8933.93 4.21396e-05
8945.95 4.80515e-05
8957.96 5.39666e-05
8969.97 5.98863e-05
8981.98 6.5809e-05
8993.99 7.17283e-05
9006.01 7.76233e-05
9018.02 8.35307e-05
9030.03 8.95935e-05
9042.04 9.57186e-05
9054.05 0.000101893
9066.07 0.000108112
9078.08 0.000114377
9090.09 0.00012069
9102.1 0.000127062
9114.11 0.000133555
9126.13 0.000139922
9138.14 0.000146214
9150.15 0.000152489
9162.16 0.00015876
9174.17 0.000165034
9186.19 0.000171318
9198.2 0.000177622
9210.21 0.000183965
9222.22 0.000190369
9234.23 0.000196568
9246.25 0.000202704
9258.26 0.000208805
9270.27 0.000214881
9282.28 0.00022094
9294.29 0.000226988
9306.31 0.000233033
9318.32 0.000239096
9330.33 0.000245124
9342.34 0.000251033
9354.35 0.000256903
9366.37 0.000262746
9378.38 0.000268572
9390.39 0.000274391
9402.4 0.000280214
9414.41 0.000286068
9426.43 0.000292061
9438.44 0.000297652
9450.45 0.000303053
9462.46 0.000308355
9474.47 0.000313582
9486.49 0.000318748
9498.5 0.000323861
9510.51 0.00032893
9522.52 0.000333965
9534.53 0.00033897
9546.55 0.000343867
9558.56 0.000348713
9570.57 0.000353523
9582.58 0.000358307
9594.59 0.000363079
9606.61 0.000367857
9618.62 0.000372679
9630.63 0.000377653
9642.64 0.000382294
9654.65 0.000386254
9666.67 0.000390004
9678.68 0.000393602
9690.69 0.000397075
9702.7 0.00040044
9714.71 0.000403708
9726.73 0.000406886
9738.74 0.000409983
9750.75 0.000413002
9762.76 0.000415951
9774.77 0.000418835
9786.79 0.000421661
9798.8 0.000424437
9810.81 0.000427176
9822.82 0.000429896
9834.83 0.000432648
9846.85 0.000435355
9858.86 0.000437413
9870.87 0.000439264
9882.88 0.000440967
9894.89 0.000442541
9906.91 0.000443998
9918.92 0.000445339
9930.93 0.000446562
9942.94 0.000447639
9954.95 0.00044874
9966.97 0.000449929
9978.98 0.000451086
9990.99 0.000452201
10003 0.000453271
10015 0.000454302
10027 0.000455306
10039 0.000456312
10051.1 0.000457428
10063.1 0.000457858
10075.1 0.000458018
10087.1 0.000457995
10099.1 0.000457804
10111.1 0.000457447
10123.1 0.000456908
10135.1 0.000456154
10147.1 0.000455092
10159.2 0.000453883
10171.2 0.000453564
10183.2 0.00045337
10195.2 0.000453201
10207.2 0.000453011
10219.2 0.000452773
10231.2 0.000452459
10243.2 0.000452035
10255.3 0.00045141
10267.3 0.000450927
10279.3 0.000450684
10291.3 0.000450433
10303.3 0.000450125
10315.3 0.00044972
10327.3 0.000449174
10339.3 0.000448417
10351.4 0.000447304
10363.4 0.00044539
10375.4 0.000445423
10387.4 0.000446083
10399.4 0.00044704
10411.4 0.000448196
10423.4 0.000449498
10435.4 0.000450909
10447.4 0.000452397
10459.5 0.000453907
10471.5 0.000455473
10483.5 0.000457471
10495.5 0.000459639
10507.5 0.000461934
10519.5 0.00046433
10531.5 0.000466803
10543.5 0.000469322
10555.6 0.000471826
10567.6 0.000474099
10579.6 0.000476985
10591.6 0.000480788
10603.6 0.000484999
10615.6 0.000489555
10627.6 0.000494439
10639.6 0.000499652
10651.7 0.000505214
10663.7 0.00051118
10675.7 0.000517707
10687.7 0.000523823
10699.7 0.000529983
10711.7 0.00053631
10723.7 0.000542849
10735.7 0.000549634
10747.7 0.000556694
10759.8 0.000564071
10771.8 0.000571846
10783.8 0.000579929
10795.8 0.000587768
10807.8 0.000595771
10819.8 0.000604014
10831.8 0.000612547
10843.8 0.000621422
10855.9 0.000630709
10867.9 0.000640533
10879.9 0.000651334
10891.9 0.000661108
10903.9 0.000669806
10915.9 0.000678329
10927.9 0.000686824
10939.9 0.00069537
10952 0.000704022
10964 0.000712838
10976 0.00072191
10988 0.000731367
11000 0.000739858
11012 0.000748165
11024 0.000756445
11036 0.000764757
11048 0.000773146
11060.1 0.000781656
11072.1 0.00079035
11084.1 0.000799377
11096.1 0.000808286
11108.1 0.000816042
11120.1 0.000822392
11132.1 0.000828455
11144.1 0.000834341
11156.2 0.000840096
11168.2 0.000845748
11180.2 0.000851321
11192.2 0.000856888
11204.2 0.000861905
11216.2 0.000867031
11228.2 0.000872961
11240.2 0.000878902
11252.3 0.000884821
11264.3 0.000890709
11276.3 0.000896569
11288.3 0.000902422
11300.3 0.000908224
11312.3 0.000913237
11324.3 0.000918729
11336.3 0.000924673
11348.3 0.000930597
11360.4 0.000936481
11372.4 0.000942323
11384.4 0.000948124
11396.4 0.000953891
11408.4 0.000959713
11420.4 0.00096579
11432.4 0.000969879
11444.4 0.000973358
11456.5 0.00097658
11468.5 0.000979576
11480.5 0.000982351
11492.5 0.000984889
11504.5 0.000987126
11516.5 0.000989327
11528.5 0.00099144
11540.5 0.00099586
11552.6 0.00100048
11564.6 0.00100514
11576.6 0.00100979
11588.6 0.0010144
11600.6 0.00101894
11612.6 0.00102354
11624.6 0.00102895
11636.6 0.00103402
11648.6 0.00103773
11660.7 0.00104121
11672.7 0.00104455
11684.7 0.00104774
11696.7 0.0010508
11708.7 0.00105368
11720.7 0.00105671
11732.7 0.00105995
11744.7 0.00106293
11756.8 0.00106558
11768.8 0.0010681
11780.8 0.00107048
11792.8 0.00107273
11804.8 0.00107481
11816.8 0.00107669
11828.8 0.00107913
11840.8 0.00108162
11852.9 0.00108359
11864.9 0.00108528
11876.9 0.00108679
11888.9 0.00108811
11900.9 0.00108925
11912.9 0.00109015
11924.9 0.00109089
11936.9 0.00109159
11948.9 0.00109196
11961 0.00109532
11973 0.00109906
11985 0.00110293
11997 0.00110688
12009 0.00111087
12021 0.00111488
12033 0.00111923
12045 0.00112389
12057.1 0.00112839
12069.1 0.0011319
12081.1 0.00113528
12093.1 0.00113858
12105.1 0.00114183
12117.1 0.00114505
12129.1 0.00114828
12141.1 0.00115174
12153.2 0.00115545
12165.2 0.00115763
12177.2 0.00115747
12189.2 0.00115683
12201.2 0.00115582
12213.2 0.00115445
12225.2 0.00115273
12237.2 0.00115075
12249.2 0.00114855
12261.3 0.00114539
12273.3 0.00114674
12285.3 0.00115054
12297.3 0.00115483
12309.3 0.00115944
12321.3 0.00116432
12333.3 0.00116946
12345.3 0.00117515
12357.4 0.00118136
12369.4 0.00118821
12381.4 0.00119112
12393.4 0.00119348
12405.4 0.00119565
12417.4 0.00119773
12429.4 0.00119981
12441.4 0.00120201
12453.5 0.00120472
12465.5 0.00120789
12477.5 0.00121027
12489.5 0.00120588
12501.5 0.00120036
12513.5 0.00119413
12525.5 0.00118729
12537.5 0.0011799
12549.5 0.0011721
12561.6 0.00116378
12573.6 0.0011545
12585.6 0.0011474
12597.6 0.00114476
12609.6 0.00114261
12621.6 0.00114071
12633.6 0.00113899
12645.6 0.00113743
12657.7 0.00113617
12669.7 0.00113519
12681.7 0.00113484
12693.7 0.00113046
12705.7 0.0011233
12717.7 0.00111548
12729.7 0.00110715
12741.7 0.00109835
12753.8 0.00108919
12765.8 0.0010798
12777.8 0.0010697
12789.8 0.00105827
12801.8 0.00105345
12813.8 0.00104956
12825.8 0.00104596
12837.8 0.00104249
12849.8 0.00103907
12861.9 0.00103562
12873.9 0.00103212
12885.9 0.00102857
12897.9 0.00102508
12909.9 0.00102239
12921.9 0.00101979
12933.9 0.00101723
12945.9 0.00101468
12958 0.00101216
12970 0.00100965
12982 0.00100719
12994 0.00100482
13006 0.00100167
13018 0.000996929
13030 0.000991888
13042 0.000986609
13054.1 0.000981091
13066.1 0.00097518
13078.1 0.000968759
13090.1 0.000962093
13102.1 0.000954923
13114.1 0.000951069
13126.1 0.000949634
13138.1 0.00094854
13150.2 0.000947653
13162.2 0.000946915
13174.2 0.000946297
13186.2 0.000945778
13198.2 0.000945346
13210.2 0.000945007
13222.2 0.000944456
13234.2 0.000943905
13246.2 0.000943376
13258.3 0.000942864
13270.3 0.000942327
13282.3 0.00094145
13294.3 0.000940738
13306.3 0.000940204
13318.3 0.000939491
13330.3 0.000936264
13342.3 0.000932828
13354.4 0.0009293
13366.4 0.000925719
13378.4 0.000922102
13390.4 0.000918475
13402.4 0.000914877
13414.4 0.000911375
13426.4 0.000906722
13438.4 0.000899777
13450.5 0.000892581
13462.5 0.00088521
13474.5 0.000877677
13486.5 0.00086986
13498.5 0.000861959
13510.5 0.000853987
13522.5 0.000845886
13534.5 0.00083907
13546.5 0.00083314
13558.6 0.000827278
13570.6 0.000821448
13582.6 0.000815628
13594.6 0.000809778
13606.6 0.000803985
13618.6 0.000798244
13630.6 0.000792617
13642.6 0.000785101
13654.7 0.000777225
13666.7 0.000769269
13678.7 0.000761248
13690.7 0.000753118
13702.7 0.000744931
13714.7 0.000736717
13726.7 0.000728438
13738.7 0.000720513
13750.8 0.000715793
13762.8 0.000711241
13774.8 0.000706766
13786.8 0.000702325
13798.8 0.000697807
13810.8 0.000693375
13822.8 0.000689013
13834.8 0.000684699
13846.8 0.00068067
13858.9 0.000677135
13870.9 0.000673659
13882.9 0.000670229
13894.9 0.000666831
13906.9 0.00066345
13918.9 0.000660114
13930.9 0.000656809
13942.9 0.000653517
13955 0.000651171
13967 0.000649491
13979 0.000647862
13991 0.000646261
14003 0.000644612
14015 0.000642999
14027 0.00064146
14039 0.000639974
14051.1 0.000638528
14063.1 0.000637737
14075.1 0.000637102
14087.1 0.000636519
14099.1 0.000635987
14111.1 0.000635531
14123.1 0.000635095
14135.1 0.000634686
14147.1 0.000634313
14159.2 0.000633477
14171.2 0.000627885
14183.2 0.000622237
14195.2 0.000616566
14207.2 0.000610856
14219.2 0.00060511
14231.2 0.000599426
14243.2 0.000593781
14255.3 0.00058817
14267.3 0.00058221
14279.3 0.000575515
14291.3 0.000568849
14303.3 0.000562213
14315.3 0.000555603
14327.3 0.00054903
14339.3 0.000542498
14351.4 0.000536005
14363.4 0.000529552
14375.4 0.000524229
14387.4 0.000519717
14399.4 0.000515231
14411.4 0.000510757
14423.4 0.000506262
14435.4 0.000501839
14447.4 0.000497466
14459.5 0.000493135
14471.5 0.000488837
14483.5 0.000483674
14495.5 0.000478357
14507.5 0.000473082
14519.5 0.000467826
14531.5 0.000462609
14543.5 0.00045747
14555.6 0.000452398
14567.6 0.000447396
14579.6 0.00044267
14591.6 0.000440823
14603.6 0.000438976
14615.6 0.000437148
14627.6 0.000435342
14639.6 0.000433562
14651.7 0.000431811
14663.7 0.000430091
14675.7 0.000428407
14687.7 0.000427286
14699.7 0.000427362
14711.7 0.000427426
14723.7 0.000427479
14735.7 0.000427505
14747.7 0.000427558
14759.8 0.000427628
14771.8 0.000427708
14783.8 0.0004278
14795.8 0.000428042
14807.8 0.000428403
14819.8 0.000428763
14831.8 0.000429128
14843.8 0.000429484
14855.9 0.000429811
14867.9 0.000430104
14879.9 0.000430344
14891.9 0.000430472
14903.9 0.000425955
14915.9 0.000420283
14927.9 0.000414692
14939.9 0.000409123
14952 0.000403639
14964 0.000398228
14976 0.000392875
14988 0.00038757
15000 0.000382291
15012 0.000376109
15024 0.000370013
15036 0.000363985
15048 0.000358024
15060.1 0.00035211
15072.1 0.000346247
15084.1 0.000340437
15096.1 0.000334683
15108.1 0.000329199
15120.1 0.000324362
15132.1 0.000319542
15144.1 0.000314734
15156.2 0.000309968
15168.2 0.000305255
15180.2 0.000300587
15192.2 0.000295963
15204.2 0.000291383
15216.2 0.000286948
15228.2 0.00028265
15240.2 0.000278386
15252.3 0.000274149
15264.3 0.000269967
15276.3 0.000265838
15288.3 0.000261765
15300.3 0.000257758
15312.3 0.000253852
15324.3 0.000252493
15336.3 0.000251988
15348.3 0.000251437
15360.4 0.00025086
15372.4 0.000250282
15384.4 0.000249703
15396.4 0.000249121
15408.4 0.000248537
15420.4 0.000247948
15432.4 0.000247139
15444.4 0.000246326
15456.5 0.000245504
15468.5 0.000244691
15480.5 0.000243892
15492.5 0.000243099
15504.5 0.00024231
15516.5 0.000241517
15528.5 0.000240454
15540.5 0.000238415
15552.6 0.000236421
15564.6 0.000234467
15576.6 0.000232521
15588.6 0.000230582
15600.6 0.000228649
15612.6 0.000226713
15624.6 0.000224759
15636.6 0.00022154
15648.6 0.000216794
15660.7 0.000212114
15672.7 0.000207476
15684.7 0.000202906
15696.7 0.000198388
15708.7 0.000193916
15720.7 0.00018949
15732.7 0.000185112
15744.7 0.000181422
15756.8 0.000178054
15768.8 0.000174705
15780.8 0.000171373
15792.8 0.000168056
15804.8 0.000164756
15816.8 0.000161476
15828.8 0.000158214
15840.8 0.000154975
15852.9 0.000152208
15864.9 0.000149489
15876.9 0.000146758
15888.9 0.000144061
15900.9 0.000141387
15912.9 0.000138733
15924.9 0.000136098
15936.9 0.000133483
15948.9 0.000131067
15961 0.00012976
15973 0.000128445
15985 0.00012713
15997 0.000125814
16009 0.000124499
16021 0.000123187
16033 0.000121878
16045 0.000120574
16057.1 0.000120073
16069.1 0.000120874
16081.1 0.000121651
16093.1 0.000122415
16105.1 0.000123172
16117.1 0.000123923
16129.1 0.000124668
16141.1 0.000125407
16153.2 0.000126139
16165.2 0.000127998
16177.2 0.000130589
16189.2 0.00013318
16201.2 0.000135767
16213.2 0.000138353
16225.2 0.000140942
16237.2 0.000143539
16249.2 0.00014615
16261.3 0.000148795
16273.3 0.00014841
16285.3 0.00014741
16297.3 0.000146416
16309.3 0.000145423
16321.3 0.000144434
16333.3 0.000143448
16345.3 0.000142466
16357.4 0.000141489
16369.4 0.000140516
16381.4 0.000139547
16393.4 0.000138586
16405.4 0.00013763
16417.4 0.000136676
16429.4 0.000135726
16441.4 0.00013478
16453.5 0.000133837
16465.5 0.000132897
16477.5 0.000131962
16489.5 0.000131032
16501.5 0.000130124
16513.5 0.000129218
16525.5 0.000128311
16537.5 0.000127404
16549.5 0.000126497
16561.6 0.000125592
16573.6 0.000124687
16585.6 0.000123784
16597.6 0.000122881
16609.6 0.000121984
16621.6 0.000121086
16633.6 0.000120189
16645.6 0.000119292
16657.7 0.000118397
16669.7 0.000117501
16681.7 0.000116607
16693.7 0.000115715
16705.7 0.000114838
16717.7 0.000113979
16729.7 0.000113116
16741.7 0.000112251
16753.8 0.000111384
16765.8 0.000110516
16777.8 0.000109646
16789.8 0.000108775
16801.8 0.000107902
16813.8 0.000107026
16825.8 0.000106149
16837.8 0.00010527
16849.8 0.00010439
16861.9 0.000103508
16873.9 0.000102625
16885.9 0.00010174
16897.9 0.000100853
16909.9 9.99646e-05
16921.9 9.911e-05
16933.9 9.82529e-05
16945.9 9.73932e-05
16958 9.65313e-05
16970 9.56671e-05
16982 9.48005e-05
16994 9.39316e-05
17006 9.30602e-05
17018 9.21868e-05
17030 9.13118e-05
17042 9.04341e-05
17054.1 8.95536e-05
17066.1 8.86701e-05
17078.1 8.77833e-05
17090.1 8.68927e-05
17102.1 8.59977e-05
17114.1 8.50963e-05
17126.1 8.42129e-05
17138.1 8.33426e-05
17150.2 8.24714e-05
17162.2 8.15984e-05
17174.2 8.07232e-05
17186.2 7.98457e-05
17198.2 7.89655e-05
17210.2 7.80826e-05
17222.2 7.71963e-05
17234.2 7.63115e-05
17246.2 7.54248e-05
17258.3 7.45355e-05
17270.3 7.36434e-05
17282.3 7.27484e-05
17294.3 7.18502e-05
17306.3 7.09483e-05
17318.3 7.00421e-05
17330.3 6.91332e-05
17342.3 6.82303e-05
17354.4 6.73258e-05
17366.4 6.6419e-05
17378.4 6.55094e-05
17390.4 6.45967e-05
17402.4 6.36804e-05
17414.4 6.27599e-05
17426.4 6.18334e-05
17438.4 6.09089e-05
17450.5 5.99904e-05
17462.5 5.90709e-05
17474.5 5.81496e-05
17486.5 5.72261e-05
17498.5 5.63001e-05
17510.5 5.53713e-05
17522.5 5.44393e-05
17534.5 5.35028e-05
17546.5 5.25675e-05
17558.6 5.16307e-05
17570.6 5.06913e-05
17582.6 4.9749e-05
17594.6 4.88032e-05
17606.6 4.78533e-05
17618.6 4.68983e-05
17630.6 4.59352e-05
17642.6 4.49636e-05
17654.7 4.40145e-05
17666.7 4.30703e-05
17678.7 4.21286e-05
17690.7 4.11885e-05
17702.7 4.025e-05
17714.7 3.93132e-05
17726.7 3.83792e-05
17738.7 3.74516e-05
17750.8 3.65215e-05
17762.8 3.55762e-05
17774.8 3.4626e-05
17786.8 3.36722e-05
17798.8 3.27155e-05
17810.8 3.17559e-05
17822.8 3.07932e-05
17834.8 2.98264e-05
17846.8 2.88505e-05
17858.9 2.78851e-05
17870.9 2.69252e-05
17882.9 2.59683e-05
17894.9 2.50139e-05
17906.9 2.40622e-05
17918.9 2.3114e-05
17930.9 2.21707e-05
17942.9 2.12358e-05
17955 2.03144e-05
17967 1.93701e-05
17979 1.84188e-05
17991 1.7464e-05
18003 1.6507e-05
18015 1.55486e-05
18027 1.45894e-05
18039 1.36295e-05
18051.1 1.26688e-05
18063.1 1.17087e-05
18075.1 1.07527e-05
18087.1 9.79963e-06
18099.1 8.84988e-06
18111.1 7.90426e-06
18123.1 6.96395e-06
18135.1 6.03097e-06
18147.1 5.10957e-06
18159.2 4.2185e-06
18171.2 3.3034e-06
18183.2 2.37339e-06
18195.2 1.43761e-06
18207.2 4.98979e-07
18219.2 -4.40851e-07
18231.2 -1.38065e-06
18243.2 -2.31924e-06
18255.3 -3.25491e-06
18267.3 -4.18505e-06
18279.3 -5.11909e-06
18291.3 -6.05277e-06
18303.3 -6.98447e-06
18315.3 -7.91297e-06
18327.3 -8.83695e-06
18339.3 -9.75459e-06
18351.4 -1.06627e-05
18363.4 -1.15509e-05
18375.4 -1.24286e-05
18387.4 -1.33308e-05
18399.4 -1.42387e-05
18411.4 -1.51486e-05
18423.4 -1.60582e-05
18435.4 -1.6966e-05
18447.4 -1.787e-05
18459.5 -1.8767e-05
18471.5 -1.9644e-05
18483.5 -2.05334e-05
18495.5 -2.14311e-05
18507.5 -2.23315e-05
18519.5 -2.32327e-05
18531.5 -2.41333e-05
18543.5 -2.50324e-05
18555.6 -2.59287e-05
18567.6 -2.68204e-05
18579.6 -2.77041e-05
18591.6 -2.85918e-05
18603.6 -2.94788e-05
18615.6 -3.03636e-05
18627.6 -3.12451e-05
18639.6 -3.21222e-05
18651.7 -3.29937e-05
18663.7 -3.38573e-05
18675.7 -3.47061e-05
18687.7 -3.55455e-05
18699.7 -3.63966e-05
18711.7 -3.72487e-05
18723.7 -3.80993e-05
18735.7 -3.89471e-05
18747.7 -3.97907e-05
18759.8 -4.0629e-05
18771.8 -4.14597e-05
18783.8 -4.22751e-05
18795.8 -4.30927e-05
18807.8 -4.39102e-05
18819.8 -4.4724e-05
18831.8 -4.55325e-05
18843.8 -4.63339e-05
18855.9 -4.71262e-05
18867.9 -4.79057e-05
18879.9 -4.86638e-05
18891.9 -4.93827e-05
18903.9 -5.01353e-05
18915.9 -5.08984e-05
18927.9 -5.16657e-05
18939.9 -5.24346e-05
18952 -5.32033e-05
18964 -5.39709e-05
18976 -5.47361e-05
18988 -5.54975e-05
19000 -5.62553e-05
