7000 -0.0031454
7012.01 -0.00314385
7024.02 -0.00314189
7036.04 -0.00313946
7048.05 -0.00313647
7060.06 -0.00313317
7072.07 -0.00312954
7084.08 -0.00312556
7096.1 -0.00312125
7108.11 -0.0031166
7120.12 -0.0031116
7132.13 -0.00310622
7144.14 -0.00310018
7156.16 -0.00309376
7168.17 -0.00308713
7180.18 -0.00308026
7192.19 -0.00307315
7204.2 -0.00306577
7216.22 -0.00305813
7228.23 -0.00305021
7240.24 -0.00304192
7252.25 -0.00303285
7264.26 -0.00302371
7276.28 -0.00301445
7288.29 -0.00300504
7300.3 -0.00299545
7312.31 -0.00298568
7324.32 -0.00297568
7336.34 -0.0029654
7348.35 -0.00295436
7360.36 -0.00294263
7372.37 -0.00293119
7384.38 -0.00291985
7396.4 -0.00290857
7408.41 -0.00289736
7420.42 -0.00288623
7432.43 -0.00287522
7444.44 -0.00286444
7456.46 -0.00285455
7468.47 -0.00284476
7480.48 -0.00283206
7492.49 -0.00281616
7504.5 -0.0027998
7516.52 -0.0027831
7528.53 -0.0027661
7540.54 -0.00274882
7552.55 -0.00273131
7564.56 -0.00271371
7576.58 -0.00269542
7588.59 -0.00268086
7600.6 -0.00266773
7612.61 -0.00265457
7624.62 -0.00264133
7636.64 -0.00262797
7648.65 -0.00261448
7660.66 -0.00260095
7672.67 -0.00258721
7684.68 -0.00257293
7696.7 -0.00256342
7708.71 -0.00255415
7720.72 -0.00254488
7732.73 -0.00253552
7744.74 -0.00252603
7756.76 -0.00251628
7768.77 -0.00250557
7780.78 -0.00249527
7792.79 -0.00248451
7804.8 -0.00247049
7816.82 -0.00245628
7828.83 -0.00244199
7840.84 -0.00242763
7852.85 -0.00241324
7864.86 -0.00239889
7876.88 -0.00238473
7888.89 -0.00237021
7900.9 -0.00235621
7912.91 -0.00234306
7924.92 -0.00232987
7936.94 -0.0023166
7948.95 -0.00230321
7960.96 -0.00228968
7972.97 -0.00227564
7984.98 -0.00226164
7997 -0.00224803
8009.01 -0.00223233
8021.02 -0.00221554
8033.03 -0.00219865
8045.05 -0.00218169
8057.06 -0.00216466
8069.07 -0.00214755
8081.08 -0.00213027
8093.09 -0.0021129
8105.11 -0.00209509
8117.12 -0.00208488
8129.13 -0.0020756
8141.14 -0.0020668
8153.15 -0.00205846
8165.17 -0.00205066
8177.18 -0.00204375
8189.19 -0.00203802
8201.2 -0.00203213
8213.21 -0.00202381
8225.23 -0.00200063
8237.24 -0.00197631
8249.25 -0.00195134
8261.26 -0.00192589
8273.27 -0.00190005
8285.29 -0.00187406
8297.3 -0.00184737
8309.31 -0.00181962
8321.32 -0.00179897
8333.33 -0.00179069
8345.35 -0.00178325
8357.36 -0.00177634
8369.37 -0.0017699
8381.38 -0.00176394
8393.39 -0.00175862
8405.41 -0.00175382
8417.42 -0.0017502
8429.43 -0.00172868
8441.44 -0.00169576
8453.45 -0.00166168
8465.47 -0.00162677
8477.48 -0.00159116
8489.49 -0.00155492
8501.5 -0.00151791
8513.51 -0.0014797
8525.53 -0.0014391
8537.54 -0.00143411
8549.55 -0.00143492
8561.56 -0.00143694
8573.57 -0.00143985
8585.59 -0.00144357
8597.6 -0.00144836
8609.61 -0.00145351
8621.62 -0.00145921
8633.63 -0.00146306
8645.65 -0.00144867
8657.66 -0.0014333
8669.67 -0.0014175
8681.68 -0.00140141
8693.69 -0.00138508
8705.71 -0.00136852
8717.72 -0.00135195
8729.73 -0.00133532
8741.74 -0.00131865
8753.75 -0.00130194
8765.77 -0.0012852
8777.78 -0.00126845
8789.79 -0.0012517
8801.8 -0.00123504
8813.81 -0.00121835
8825.83 -0.0012015
8837.84 -0.00118456
8849.85 -0.00116757
8861.86 -0.00115051
8873.87 -0.00113339
8885.89 -0.00111621
8897.9 -0.00109893
8909.91 -0.00108139
8921.92 -0.0010641
8933.93 -0.00104695
8945.95 -0.00102989
8957.96 -0.0010129
8969.97 -0.00099597
8981.98 -0.000979113
8993.99 -0.000962337
9006.01 -0.00094569
9018.02 -0.000929195
9030.03 -0.000912477
9042.04 -0.000895689
9054.05 -0.00087886
9066.07 -0.000861999
9078.08 -0.000845103
9090.09 -0.000828165
9102.1 -0.000811159
9114.11 -0.000793944
9126.13 -0.000776872
9138.14 -0.000760027
9150.15 -0.000743282
9162.16 -0.000726605
9174.17 -0.000709979
9186.19 -0.000693386
9198.2 -0.000676805
9210.21 -0.00066019
9222.22 -0.000643417
9234.23 -0.000627018
9246.25 -0.00061081
9258.26 -0.00059473
9270.27 -0.000578751
9282.28 -0.000562856
9294.29 -0.00054703
9306.31 -0.000531252
9318.32 -0.000515478
9330.33 -0.000499729
9342.34 -0.000484247
9354.35 -0.000468891
9366.37 -0.000453628
9378.38 -0.000438438
9390.39 -0.000423297
9402.4 -0.000408177
9414.41 -0.000393021
9426.43 -0.000377559
9438.44 -0.000362646
9450.45 -0.000348181
9462.46 -0.000333962
9474.47 -0.000319933
9486.49 -0.000306065
9498.5 -0.000292334
9510.51 -0.000278721
9522.52 -0.000265201
9534.53 -0.000251738
9546.55 -0.000238489
9558.56 -0.000225367
9570.57 -0.000212338
9582.58 -0.000199379
9594.59 -0.000186457
9606.61 -0.000173531
9618.62 -0.000160518
9630.63 -0.000147174
9642.64 -0.000133971
9654.65 -0.000122079
9666.67 -0.000110665
9678.68 -9.9593e-05
9690.69 -8.88029e-05
9702.7 -7.82574e-05
9714.71 -6.79306e-05
9726.73 -5.78026e-05
9738.74 -4.78566e-05
9750.75 -3.80795e-05
9762.76 -2.84569e-05
9774.77 -1.89745e-05
9786.79 -9.61646e-06
9798.8 -3.63679e-07
9810.81 8.8106e-06
9822.82 1.79512e-05
9834.83 2.71655e-05
9846.85 3.65347e-05
9858.86 4.48047e-05
9870.87 5.26312e-05
9882.88 6.01415e-05
9894.89 6.73828e-05
9906.91 7.43783e-05
9918.92 8.11372e-05
9930.93 8.76534e-05
9942.94 9.38699e-05
9954.95 9.99854e-05
9966.97 0.00010626
9978.98 0.000112485
9990.99 0.000118637
10003 0.000124716
10015 0.000130732
10027 0.000136709
10039 0.000142713
10051.1 0.00014903
10063.1 0.000154355
10075.1 0.000159138
10087.1 0.000163564
10099.1 0.00016767
10111.1 0.000171461
10123.1 0.000174911
10135.1 0.000177958
10147.1 0.000180415
10159.2 0.000182231
10171.2 0.000185474
10183.2 0.000189016
10195.2 0.000192653
10207.2 0.000196297
10219.2 0.000199893
10231.2 0.00020339
10243.2 0.000206721
10255.3 0.000209715
10267.3 0.000212769
10279.3 0.000216293
10291.3 0.00021986
10303.3 0.000223377
10315.3 0.000226771
10327.3 0.000229961
10339.3 0.000232817
10351.4 0.000235073
10363.4 0.000235693
10375.4 0.00023907
10387.4 0.000243701
10399.4 0.000248963
10411.4 0.00025467
10423.4 0.000260723
10435.4 0.000267054
10447.4 0.000273603
10459.5 0.000280271
10471.5 0.000287021
10483.5 0.000294545
10495.5 0.00030246
10507.5 0.000310684
10519.5 0.000319173
10531.5 0.000327886
10543.5 0.000336765
10555.6 0.000345703
10567.6 0.000354323
10579.6 0.000363694
10591.6 0.000374718
10603.6 0.000386556
10615.6 0.000399093
10627.6 0.000412298
10639.6 0.000426172
10651.7 0.000440746
10663.7 0.000456114
10675.7 0.000472603
10687.7 0.000488673
10699.7 0.000504907
10711.7 0.000521514
10723.7 0.000538574
10735.7 0.000556141
10747.7 0.000574267
10759.8 0.000593017
10771.8 0.000612527
10783.8 0.000632736
10795.8 0.000652682
10807.8 0.000672976
10819.8 0.000693745
10831.8 0.00071507
10843.8 0.00073703
10855.9 0.000759734
10867.9 0.000783383
10879.9 0.000808689
10891.9 0.00083276
10903.9 0.000855123
10915.9 0.00087722
10927.9 0.000899293
10939.9 0.000921464
10952 0.000943822
10964 0.000966456
10976 0.000989505
10988 0.00101319
11000 0.00103545
11012 0.00105742
11024 0.00107936
11036 0.00110138
11048 0.00112354
11060.1 0.00114596
11072.1 0.00116877
11084.1 0.00119226
11096.1 0.00121598
11108.1 0.00123748
11120.1 0.0012482
11132.1 0.00125721
11144.1 0.00126517
11156.2 0.00127227
11168.2 0.00127861
11180.2 0.00128422
11192.2 0.00128918
11204.2 0.00129258
11216.2 0.00129684
11228.2 0.00130455
11240.2 0.00131219
11252.3 0.00131957
11264.3 0.00132661
11276.3 0.00133326
11288.3 0.00133952
11300.3 0.00134521
11312.3 0.00134932
11324.3 0.001355
11336.3 0.00136203
11348.3 0.00136886
11360.4 0.00137539
11372.4 0.00138159
11384.4 0.00138745
11396.4 0.00139294
11408.4 0.00139817
11420.4 0.00140331
11432.4 0.00140619
11444.4 0.00140812
11456.5 0.00140941
11468.5 0.00141009
11480.5 0.00141014
11492.5 0.0014095
11504.5 0.00140807
11516.5 0.00140606
11528.5 0.00140358
11540.5 0.00140786
11552.6 0.00141264
11564.6 0.00141748
11576.6 0.00142223
11588.6 0.00142683
11600.6 0.00143121
11612.6 0.00143562
11624.6 0.00144075
11636.6 0.00144561
11648.6 0.00144978
11660.7 0.0014537
11672.7 0.00145739
11684.7 0.00146087
11696.7 0.00146415
11708.7 0.00146724
11720.7 0.00147059
11732.7 0.00147423
11744.7 0.00147652
11756.8 0.00147727
11768.8 0.0014776
11780.8 0.0014776
11792.8 0.00147729
11804.8 0.00147669
11816.8 0.0014758
11828.8 0.0014755
11840.8 0.00147501
11852.9 0.00147426
11864.9 0.00147327
11876.9 0.00147207
11888.9 0.00147066
11900.9 0.00146905
11912.9 0.00146723
11924.9 0.00146536
11936.9 0.00146356
11948.9 0.00146154
11961 0.00146048
11973 0.00145947
11985 0.00145845
11997 0.0014574
12009 0.00145633
12021 0.00145528
12033 0.00145467
12045 0.00145436
12057.1 0.00145367
12069.1 0.00145109
12081.1 0.00144822
12093.1 0.0014452
12105.1 0.0014421
12117.1 0.00143895
12129.1 0.00143586
12141.1 0.00143307
12153.2 0.00143067
12165.2 0.00142591
12177.2 0.00141756
12189.2 0.00140854
12201.2 0.00139903
12213.2 0.0013891
12225.2 0.00137879
12237.2 0.00136831
12249.2 0.00135756
12261.3 0.00134597
12273.3 0.00133746
12285.3 0.00133058
12297.3 0.00132394
12309.3 0.00131742
12321.3 0.00131098
12333.3 0.00130462
12345.3 0.00129865
12357.4 0.00129281
12369.4 0.00128714
12381.4 0.00127985
12393.4 0.00127228
12405.4 0.00126454
12417.4 0.00125668
12429.4 0.00124871
12441.4 0.00124072
12453.5 0.00123289
12465.5 0.00122487
12477.5 0.0012168
12489.5 0.00120921
12501.5 0.00120159
12513.5 0.00119392
12525.5 0.00118617
12537.5 0.00117832
12549.5 0.00117051
12561.6 0.00116257
12573.6 0.00115417
12585.6 0.00114743
12597.6 0.00114387
12609.6 0.00114084
12621.6 0.00113817
12633.6 0.00113584
12645.6 0.00113386
12657.7 0.00113239
12669.7 0.00113145
12681.7 0.00113155
12693.7 0.00112603
12705.7 0.00111667
12717.7 0.00110651
12729.7 0.00109577
12741.7 0.00108451
12753.8 0.00107283
12765.8 0.00106075
12777.8 0.00104766
12789.8 0.00103237
12801.8 0.00103039
12813.8 0.00103064
12825.8 0.00103187
12837.8 0.00103381
12849.8 0.00103635
12861.9 0.00103942
12873.9 0.0010431
12885.9 0.0010476
12897.9 0.00105183
12909.9 0.00104895
12921.9 0.00104528
12933.9 0.00104125
12945.9 0.00103698
12958 0.00103254
12970 0.00102795
12982 0.0010232
12994 0.00101825
13006 0.00101387
13018 0.00101078
13030 0.00100782
13042 0.00100493
13054.1 0.00100206
13066.1 0.000999034
13078.1 0.000995787
13090.1 0.000992632
13102.1 0.000989476
13114.1 0.000987265
13126.1 0.000985778
13138.1 0.0009845
13150.2 0.000983409
13162.2 0.000982509
13174.2 0.000981824
13186.2 0.000981399
13198.2 0.000981349
13210.2 0.000982221
13222.2 0.000975293
13234.2 0.000967007
13246.2 0.000958258
13258.3 0.000949169
13270.3 0.000939747
13282.3 0.00092974
13294.3 0.000919686
13306.3 0.000909524
13318.3 0.000899365
13330.3 0.000890003
13342.3 0.000880649
13354.4 0.000871262
13366.4 0.000861823
13378.4 0.000852312
13390.4 0.000842712
13402.4 0.000832997
13414.4 0.000823077
13426.4 0.000814618
13438.4 0.000809142
13450.5 0.000803911
13462.5 0.000798804
13474.5 0.000793758
13486.5 0.000788619
13498.5 0.000783526
13510.5 0.000778451
13522.5 0.000773269
13534.5 0.000770973
13546.5 0.000770712
13558.6 0.000770728
13570.6 0.000770944
13582.6 0.000771317
13594.6 0.000771792
13606.6 0.00077244
13618.6 0.000773262
13630.6 0.000774346
13642.6 0.00077264
13654.7 0.000770472
13666.7 0.000768268
13678.7 0.000766053
13690.7 0.000763791
13702.7 0.000761519
13714.7 0.000759284
13726.7 0.000757069
13738.7 0.000754968
13750.8 0.000753629
13762.8 0.000752354
13774.8 0.000751118
13786.8 0.000749898
13798.8 0.000748582
13810.8 0.000747322
13822.8 0.000746117
13834.8 0.00074494
13846.8 0.000744458
13858.9 0.000745253
13870.9 0.000746151
13882.9 0.000747126
13894.9 0.000748163
13906.9 0.000749244
13918.9 0.000750411
13930.9 0.00075167
13942.9 0.000753074
13955 0.000750319
13967 0.000744664
13979 0.0007389
13991 0.000733067
14003 0.00072711
14015 0.000721132
14027 0.000715192
14039 0.000709282
14051.1 0.000703405
14063.1 0.000697028
14075.1 0.00069058
14087.1 0.000684154
14099.1 0.000677758
14111.1 0.000671422
14123.1 0.00066509
14135.1 0.000658764
14147.1 0.000652442
14159.2 0.000646558
14171.2 0.000644852
14183.2 0.000643224
14195.2 0.000641634
14207.2 0.000640047
14219.2 0.000638434
14231.2 0.000636891
14243.2 0.000635393
14255.3 0.000633936
14267.3 0.000631163
14279.3 0.000625724
14291.3 0.000620301
14303.3 0.000614902
14315.3 0.000609524
14327.3 0.000604178
14339.3 0.000598871
14351.4 0.000593602
14363.4 0.000588377
14375.4 0.000586189
14387.4 0.000586171
14399.4 0.000586164
14411.4 0.000586157
14423.4 0.000586101
14435.4 0.00058608
14447.4 0.000586083
14459.5 0.0005861
14471.5 0.000586119
14483.5 0.000584645
14495.5 0.000582865
14507.5 0.000581103
14519.5 0.000579336
14531.5 0.00057756
14543.5 0.000575827
14555.6 0.000574125
14567.6 0.000572451
14579.6 0.000570839
14591.6 0.000569741
14603.6 0.000568655
14615.6 0.000567582
14627.6 0.00056652
14639.6 0.000565472
14651.7 0.000564437
14663.7 0.000563416
14675.7 0.000562409
14687.7 0.000561654
14699.7 0.000561436
14711.7 0.000561204
14723.7 0.000560956
14735.7 0.000560659
14747.7 0.000560372
14759.8 0.000560082
14771.8 0.000559777
14783.8 0.000559437
14795.8 0.000557223
14807.8 0.000553508
14819.8 0.000549856
14831.8 0.000546258
14843.8 0.000542702
14855.9 0.00053916
14867.9 0.000535634
14879.9 0.000532116
14891.9 0.000528585
14903.9 0.000523468
14915.9 0.000517976
14927.9 0.000512534
14939.9 0.000507097
14952 0.000501727
14964 0.000496435
14976 0.000491218
14988 0.000486089
15000 0.000481122
15012 0.000480155
15024 0.000479087
15036 0.000477995
15048 0.000476902
15060.1 0.000475795
15072.1 0.000474678
15084.1 0.000473554
15096.1 0.000472418
15108.1 0.000471016
15120.1 0.000468898
15132.1 0.000466808
15144.1 0.000464718
15156.2 0.000462636
15168.2 0.000460587
15180.2 0.000458566
15192.2 0.000456575
15204.2 0.000454627
15216.2 0.000453631
15228.2 0.000453523
15240.2 0.000453379
15252.3 0.000453197
15264.3 0.000453004
15276.3 0.000452804
15288.3 0.000452595
15300.3 0.000452374
15312.3 0.000452132
15324.3 0.000451312
15336.3 0.000450296
15348.3 0.000449284
15360.4 0.000448257
15372.4 0.000447241
15384.4 0.000446228
15396.4 0.000445213
15408.4 0.000444189
15420.4 0.000443133
15432.4 0.000440848
15444.4 0.000438543
15456.5 0.000436244
15468.5 0.000433953
15480.5 0.000431686
15492.5 0.000429434
15504.5 0.000427191
15516.5 0.000424947
15528.5 0.00042234
15540.5 0.000418402
15552.6 0.000414531
15564.6 0.00041072
15576.6 0.000406936
15588.6 0.000403172
15600.6 0.000399427
15612.6 0.000395698
15624.6 0.000391976
15636.6 0.000387776
15648.6 0.000382997
15660.7 0.000378251
15672.7 0.000373509
15684.7 0.000368818
15696.7 0.00036417
15708.7 0.00035956
15720.7 0.000354993
15732.7 0.000350481
15744.7 0.000347507
15756.8 0.000345224
15768.8 0.000342932
15780.8 0.00034064
15792.8 0.000338342
15804.8 0.000336043
15816.8 0.000333744
15828.8 0.000331446
15840.8 0.000329151
15852.9 0.000327062
15864.9 0.000324985
15876.9 0.000322862
15888.9 0.000320741
15900.9 0.00031863
15912.9 0.000316526
15924.9 0.000314425
15936.9 0.000312325
15948.9 0.000310096
15961 0.000307082
15973 0.000304088
15985 0.000301108
15997 0.000298133
16009 0.000295162
16021 0.000292192
16033 0.00028922
16045 0.000286239
16057.1 0.000281367
16069.1 0.00027342
16081.1 0.000265507
16093.1 0.000257608
16105.1 0.000249726
16117.1 0.000241849
16129.1 0.000233967
16141.1 0.000226069
16153.2 0.000218135
16165.2 0.000223799
16177.2 0.000238281
16189.2 0.000252692
16201.2 0.000267055
16213.2 0.00028138
16225.2 0.000295686
16237.2 0.000309993
16249.2 0.000324333
16261.3 0.000338786
16273.3 0.000340352
16285.3 0.000339286
16297.3 0.000338208
16309.3 0.00033712
16321.3 0.000336026
16333.3 0.000334927
16345.3 0.000333825
16357.4 0.00033272
16369.4 0.000331614
16381.4 0.000330506
16393.4 0.0003294
16405.4 0.000328301
16417.4 0.0003272
16429.4 0.000326096
16441.4 0.00032499
16453.5 0.000323882
16465.5 0.000322771
16477.5 0.000321658
16489.5 0.000320543
16501.5 0.000319469
16513.5 0.000318414
16525.5 0.000317355
16537.5 0.000316292
16549.5 0.000315225
16561.6 0.000314154
16573.6 0.000313079
16585.6 0.000312
16597.6 0.000310916
16609.6 0.000309839
16621.6 0.000308758
16633.6 0.000307672
16645.6 0.000306582
16657.7 0.000305486
16669.7 0.000304384
16681.7 0.000303277
16693.7 0.000302162
16705.7 0.000301072
16717.7 0.000300051
16729.7 0.000299027
16741.7 0.000297999
16753.8 0.000296966
16765.8 0.000295928
16777.8 0.000294885
16789.8 0.000293838
16801.8 0.000292785
16813.8 0.000291721
16825.8 0.000290647
16837.8 0.000289567
16849.8 0.00028848
16861.9 0.000287386
16873.9 0.000286285
16885.9 0.000285174
16897.9 0.000284052
16909.9 0.000282913
16921.9 0.000281884
16933.9 0.00028086
16945.9 0.000279834
16958 0.000278805
16970 0.000277772
16982 0.000276733
16994 0.00027569
17006 0.000274641
17018 0.000273587
17030 0.00027253
17042 0.000271467
17054.1 0.000270398
17066.1 0.000269321
17078.1 0.000268235
17090.1 0.00026714
17102.1 0.000266032
17114.1 0.000264904
17126.1 0.000263835
17138.1 0.000262821
17150.2 0.00026181
17162.2 0.0002608
17174.2 0.000259789
17186.2 0.000258775
17198.2 0.000257758
17210.2 0.000256737
17222.2 0.00025571
17234.2 0.000254694
17246.2 0.000253677
17258.3 0.000252658
17270.3 0.000251635
17282.3 0.000250608
17294.3 0.000249576
17306.3 0.000248539
17318.3 0.000247494
17330.3 0.000246448
17342.3 0.000245428
17354.4 0.00024441
17366.4 0.00024339
17378.4 0.000242369
17390.4 0.000241344
17402.4 0.000240314
17414.4 0.000239279
17426.4 0.000238232
17438.4 0.000237205
17450.5 0.000236203
17462.5 0.000235204
17474.5 0.000234208
17486.5 0.000233211
17498.5 0.000232214
17510.5 0.000231216
17522.5 0.000230216
17534.5 0.000229211
17546.5 0.000228219
17558.6 0.00022723
17570.6 0.000226242
17582.6 0.000225252
17594.6 0.00022426
17606.6 0.000223265
17618.6 0.000222264
17630.6 0.000221249
17642.6 0.000220233
17654.7 0.000219297
17666.7 0.000218383
17678.7 0.000217482
17690.7 0.000216594
17702.7 0.000215717
17714.7 0.000214853
17726.7 0.000214004
17738.7 0.000213179
17750.8 0.000212338
17762.8 0.000211462
17774.8 0.000210582
17786.8 0.000209701
17798.8 0.000208821
17810.8 0.000207942
17822.8 0.000207063
17834.8 0.000206183
17846.8 0.000205292
17858.9 0.000204451
17870.9 0.000203631
17882.9 0.000202827
17894.9 0.000202039
17906.9 0.000201265
17918.9 0.000200509
17930.9 0.000199773
17942.9 0.000199067
17955 0.000198382
17967 0.000197635
17979 0.00019688
17991 0.000196125
18003 0.000195374
18015 0.000194628
18027 0.000193889
18039 0.000193157
18051.1 0.000192432
18063.1 0.000191722
18075.1 0.00019103
18087.1 0.000190354
18099.1 0.000189695
18111.1 0.000189054
18123.1 0.000188433
18135.1 0.000187839
18147.1 0.000187279
18159.2 0.000186785
18171.2 0.0001862
18183.2 0.00018559
18195.2 0.000184974
18207.2 0.000184361
18219.2 0.000183752
18231.2 0.000183152
18243.2 0.000182563
18255.3 0.000181988
18267.3 0.000181428
18279.3 0.000180864
18291.3 0.000180307
18303.3 0.000179763
18315.3 0.000179234
18327.3 0.000178722
18339.3 0.000178232
18351.4 0.00017777
18363.4 0.000177359
18375.4 0.000176931
18387.4 0.000176451
18399.4 0.000175966
18411.4 0.000175483
18423.4 0.000175008
18435.4 0.000174543
18447.4 0.000174093
18459.5 0.000173665
18471.5 0.000173276
18483.5 0.000172841
18495.5 0.000172394
18507.5 0.000171948
18519.5 0.000171507
18531.5 0.000171072
18543.5 0.000170646
18555.6 0.000170232
18567.6 0.000169833
18579.6 0.000169449
18591.6 0.000169057
18603.6 0.000168672
18615.6 0.000168296
18627.6 0.000167932
18639.6 0.000167583
18651.7 0.000167249
18663.7 0.000166936
18675.7 0.000166657
18687.7 0.000166373
18699.7 0.000166067
18711.7 0.000165764
18723.7 0.000165467
18735.7 0.00016518
18747.7 0.000164905
18759.8 0.000164644
18771.8 0.000164401
18783.8 0.000164186
18795.8 0.000163957
18807.8 0.00016373
18819.8 0.000163514
18831.8 0.00016331
18843.8 0.000163123
18855.9 0.000162956
18867.9 0.000162814
18879.9 0.000162716
18891.9 0.000162651
18903.9 0.000162498
18915.9 0.000162326
18927.9 0.000162147
18939.9 0.000161967
18952 0.000161788
18964 0.000161612
18976 0.000161441
18988 0.000161277
19000 0.000161118
