7000 -0.000181242
7012.01 -0.000180443
7024.02 -0.000179636
7036.04 -0.000178797
7048.05 -0.000177986
7060.06 -0.000177203
7072.07 -0.000176433
7084.08 -0.000175667
7096.1 -0.000174903
7108.11 -0.000174135
7120.12 -0.000173355
7132.13 -0.000172548
7144.14 -0.000171679
7156.16 -0.000170899
7168.17 -0.000170154
7180.18 -0.000169425
7192.19 -0.000168704
7204.2 -0.000167983
7216.22 -0.000167254
7228.23 -0.000166504
7240.24 -0.000165703
7252.25 -0.000164869
7264.26 -0.000164146
7276.28 -0.000163455
7288.29 -0.000162779
7300.3 -0.000162105
7312.31 -0.000161424
7324.32 -0.000160721
7336.34 -0.00015997
7348.35 -0.000159046
7360.36 -0.000158303
7372.37 -0.00015771
7384.38 -0.000157194
7396.4 -0.00015674
7408.41 -0.00015634
7420.42 -0.000155996
7432.43 -0.000155717
7444.44 -0.000155534
7456.46 -0.000155519
7468.47 -0.000155349
7480.48 -0.000154572
7492.49 -0.00015314
7504.5 -0.000151611
7516.52 -0.000150006
7528.53 -0.000148332
7540.54 -0.000146592
7552.55 -0.000144792
7564.56 -0.000142881
7576.58 -0.000140671
7588.59 -0.000140846
7600.6 -0.00014201
7612.61 -0.000143286
7624.62 -0.000144635
7636.64 -0.000146049
7648.65 -0.000147533
7660.66 -0.000149134
7672.67 -0.000150781
7684.68 -0.000152565
7696.7 -0.000150998
7708.71 -0.000149104
7720.72 -0.000147033
7732.73 -0.000144813
7744.74 -0.000142446
7756.76 -0.000139899
7768.77 -0.000137112
7780.78 -0.000134534
7792.79 -0.000131941
7804.8 -0.00012913
7816.82 -0.000126276
7828.83 -0.000123378
7840.84 -0.000120432
7852.85 -0.000117439
7864.86 -0.000114414
7876.88 -0.000111289
7888.89 -0.000107922
7900.9 -0.000105574
7912.91 -0.000104726
7924.92 -0.00010395
7936.94 -0.000103196
7948.95 -0.000102442
7960.96 -0.000101663
7972.97 -0.000100782
7984.98 -0.000100088
7997 -9.95562e-05
8009.01 -9.78823e-05
8021.02 -9.56056e-05
8033.03 -9.32634e-05
8045.05 -9.08729e-05
8057.06 -8.84372e-05
8069.07 -8.59502e-05
8081.08 -8.33999e-05
8093.09 -8.08033e-05
8105.11 -7.80097e-05
8117.12 -7.81713e-05
8129.13 -7.86741e-05
8141.14 -7.93356e-05
8153.15 -8.01467e-05
8165.17 -8.11342e-05
8177.18 -8.24123e-05
8189.19 -8.37987e-05
8201.2 -8.5135e-05
8213.21 -8.54353e-05
8225.23 -7.93667e-05
8237.24 -7.27897e-05
8249.25 -6.59139e-05
8261.26 -5.88042e-05
8273.27 -5.14946e-05
8285.29 -4.40323e-05
8297.3 -3.61671e-05
8309.31 -2.78454e-05
8321.32 -2.24575e-05
8333.33 -2.21962e-05
8345.35 -2.22458e-05
8357.36 -2.2467e-05
8369.37 -2.28184e-05
8381.38 -2.32948e-05
8393.39 -2.38995e-05
8405.41 -2.45728e-05
8417.42 -2.54724e-05
8429.43 -2.28573e-05
8441.44 -1.80011e-05
8453.45 -1.29083e-05
8465.47 -7.64676e-06
8477.48 -2.24027e-06
8489.49 3.2958e-06
8501.5 9.03005e-06
8513.51 1.50446e-05
8525.53 2.15918e-05
8537.54 2.02257e-05
8549.55 1.7571e-05
8561.56 1.46434e-05
8573.57 1.15113e-05
8585.59 8.18273e-06
8597.6 4.6017e-06
8609.61 1.05888e-06
8621.62 -2.61519e-06
8633.63 -5.67299e-06
8645.65 -2.99932e-06
8657.66 1.10666e-08
8669.67 3.19375e-06
8681.68 6.50124e-06
8693.69 9.91494e-06
8705.71 1.34147e-05
8717.72 1.69413e-05
8729.73 2.05148e-05
8741.74 2.41337e-05
8753.75 2.77947e-05
8765.77 3.1494e-05
8777.78 3.5227e-05
8789.79 3.89868e-05
8801.8 4.27493e-05
8813.81 4.6591e-05
8825.83 5.05174e-05
8837.84 5.44983e-05
8849.85 5.85282e-05
8861.86 6.26047e-05
8873.87 6.67281e-05
8885.89 7.09012e-05
8897.9 7.51344e-05
8909.91 7.94524e-05
8921.92 8.36684e-05
8933.93 8.78645e-05
8945.95 9.2059e-05
8957.96 9.62568e-05
8969.97 0.000100459
8981.98 0.000104664
8993.99 0.000108868
9006.01 0.000113055
9018.02 0.000117257
9030.03 0.000121578
9042.04 0.000125945
9054.05 0.00013035
9066.07 0.000134789
9078.08 0.000139262
9090.09 0.000143772
9102.1 0.000148327
9114.11 0.000152971
9126.13 0.000157514
9138.14 0.000162003
9150.15 0.00016648
9162.16 0.000170956
9174.17 0.000175435
9186.19 0.000179923
9198.2 0.000184427
9210.21 0.00018896
9222.22 0.000193536
9234.23 0.000197956
9246.25 0.000202332
9258.26 0.000206683
9270.27 0.000211018
9282.28 0.000215342
9294.29 0.000219659
9306.31 0.000223976
9318.32 0.000228307
9330.33 0.00023261
9342.34 0.000236826
9354.35 0.000241014
9366.37 0.000245185
9378.38 0.000249345
9390.39 0.000253501
9402.4 0.000257663
9414.41 0.000261848
9426.43 0.000266135
9438.44 0.000270111
9450.45 0.000273952
9462.46 0.000277722
9474.47 0.000281439
9486.49 0.000285114
9498.5 0.000288752
9510.51 0.000292361
9522.52 0.000295947
9534.53 0.000299511
9546.55 0.000302996
9558.56 0.000306447
9570.57 0.000309874
9582.58 0.000313284
9594.59 0.000316687
9606.61 0.000320097
9618.62 0.000323539
9630.63 0.000327094
9642.64 0.000330377
9654.65 0.000333159
9666.67 0.000335791
9678.68 0.000338315
9690.69 0.000340753
9702.7 0.000343114
9714.71 0.000345408
9726.73 0.00034764
9738.74 0.000349816
9750.75 0.000351938
9762.76 0.000354013
9774.77 0.000356043
9786.79 0.000358034
9798.8 0.000359992
9810.81 0.000361926
9822.82 0.000363849
9834.83 0.000365797
9846.85 0.000367702
9858.86 0.000369123
9870.87 0.0003704
9882.88 0.000371572
9894.89 0.000372656
9906.91 0.000373658
9918.92 0.00037458
9930.93 0.000375421
9942.94 0.00037616
9954.95 0.00037693
9966.97 0.00037777
9978.98 0.00037859
9990.99 0.000379383
10003 0.000380147
10015 0.000380887
10027 0.000381611
10039 0.00038234
10051.1 0.000383146
10063.1 0.000383436
10075.1 0.000383535
10087.1 0.000383507
10099.1 0.000383362
10111.1 0.000383102
10123.1 0.000382715
10135.1 0.000382178
10147.1 0.000381422
10159.2 0.000380594
10171.2 0.000380441
10183.2 0.000380381
10195.2 0.000380343
10207.2 0.000380295
10219.2 0.000380216
10231.2 0.000380087
10243.2 0.000379882
10255.3 0.000379538
10267.3 0.000379322
10279.3 0.000379289
10291.3 0.000379254
10303.3 0.000379183
10315.3 0.000379047
10327.3 0.000378814
10339.3 0.000378434
10351.4 0.000377802
10363.4 0.000376617
10375.4 0.000376933
10387.4 0.000377707
10399.4 0.000378702
10411.4 0.000379847
10423.4 0.000381104
10435.4 0.000382448
10447.4 0.000383853
10459.5 0.000385281
10471.5 0.000386768
10483.5 0.000388584
10495.5 0.00039053
10507.5 0.000392576
10519.5 0.000394703
10531.5 0.000396893
10543.5 0.000399125
10555.6 0.000401354
10567.6 0.000403425
10579.6 0.000406002
10591.6 0.000409258
10603.6 0.000412818
10615.6 0.000416637
10627.6 0.000420701
10639.6 0.000425012
10651.7 0.000429584
10663.7 0.000434456
10675.7 0.000439732
10687.7 0.000444688
10699.7 0.000449685
10711.7 0.000454809
10723.7 0.000460095
10735.7 0.000465564
10747.7 0.00047124
10759.8 0.00047715
10771.8 0.000483352
10783.8 0.00048976
10795.8 0.000495985
10807.8 0.000502332
10819.8 0.000508855
10831.8 0.000515591
10843.8 0.000522575
10855.9 0.000529855
10867.9 0.00053752
10879.9 0.000545879
10891.9 0.000553369
10903.9 0.000560083
10915.9 0.000566672
10927.9 0.00057324
10939.9 0.00057984
10952 0.000586512
10964 0.000593294
10976 0.00060025
10988 0.000607447
11000 0.000613896
11012 0.000620206
11024 0.000626484
11036 0.000632768
11048 0.000639087
11060.1 0.000645467
11072.1 0.000651944
11084.1 0.000658608
11096.1 0.000665052
11108.1 0.00067068
11120.1 0.000676198
11132.1 0.000681618
11144.1 0.000686963
11156.2 0.000692247
11168.2 0.000697477
11180.2 0.000702663
11192.2 0.000707839
11204.2 0.000712565
11216.2 0.000717585
11228.2 0.00072367
11240.2 0.000729848
11252.3 0.000736072
11264.3 0.000742329
11276.3 0.00074862
11288.3 0.000754964
11300.3 0.000761318
11312.3 0.000767198
11324.3 0.000772915
11336.3 0.00077852
11348.3 0.000784074
11360.4 0.00078959
11372.4 0.000795082
11384.4 0.000800568
11396.4 0.000806071
11408.4 0.000811697
11420.4 0.000817718
11432.4 0.000820757
11444.4 0.00082293
11456.5 0.000824783
11468.5 0.000826375
11480.5 0.00082772
11492.5 0.000828812
11504.5 0.000829603
11516.5 0.000830267
11528.5 0.000830805
11540.5 0.000834128
11552.6 0.00083771
11564.6 0.000841365
11576.6 0.000845037
11588.6 0.000848696
11600.6 0.000852316
11612.6 0.000856033
11624.6 0.000860319
11636.6 0.000864436
11648.6 0.00086784
11660.7 0.000871129
11672.7 0.000874333
11684.7 0.000877459
11696.7 0.000880511
11708.7 0.000883481
11720.7 0.000886633
11732.7 0.000889972
11744.7 0.000892915
11756.8 0.0008954
11768.8 0.000897761
11780.8 0.000900019
11792.8 0.000902184
11804.8 0.00090426
11816.8 0.000906247
11828.8 0.000908733
11840.8 0.000911368
11852.9 0.000912646
11864.9 0.000913315
11876.9 0.000913739
11888.9 0.000913946
11900.9 0.000913938
11912.9 0.000913703
11924.9 0.000913306
11936.9 0.000912792
11948.9 0.000911927
11961 0.000913666
11973 0.0009157
11985 0.00091782
11997 0.000919968
12009 0.000922117
12021 0.000924245
12033 0.000926601
12045 0.000929042
12057.1 0.00093152
12069.1 0.000934234
12081.1 0.000936977
12093.1 0.000939741
12105.1 0.000942533
12117.1 0.000945369
12129.1 0.000948291
12141.1 0.000951474
12153.2 0.000955002
12165.2 0.00095673
12177.2 0.000955702
12189.2 0.000954151
12201.2 0.000952216
12213.2 0.000949938
12225.2 0.000947323
12237.2 0.000944484
12249.2 0.000941351
12261.3 0.000937374
12273.3 0.000936972
12285.3 0.000938498
12297.3 0.000940346
12309.3 0.000942377
12321.3 0.000944534
12333.3 0.000946793
12345.3 0.000949355
12357.4 0.000952021
12369.4 0.00095471
12381.4 0.000957859
12393.4 0.00096116
12405.4 0.000964596
12417.4 0.000968184
12429.4 0.000971959
12441.4 0.000976032
12453.5 0.000980679
12465.5 0.000985907
12477.5 0.000990443
12489.5 0.000988097
12501.5 0.000984711
12513.5 0.000980702
12525.5 0.000976205
12537.5 0.000971275
12549.5 0.000966053
12561.6 0.00096041
12573.6 0.000954037
12585.6 0.000949285
12597.6 0.000947863
12609.6 0.000946824
12621.6 0.000945994
12633.6 0.000945326
12645.6 0.000944829
12657.7 0.000944631
12669.7 0.000944723
12681.7 0.000945491
12693.7 0.00094201
12705.7 0.000935612
12717.7 0.00092855
12729.7 0.000920998
12741.7 0.000913032
12753.8 0.000904782
12765.8 0.000896268
12777.8 0.000887134
12789.8 0.000876991
12801.8 0.000871207
12813.8 0.000865954
12825.8 0.000860794
12837.8 0.000855624
12849.8 0.00085039
12861.9 0.000845013
12873.9 0.000839508
12885.9 0.000833832
12897.9 0.000828209
12909.9 0.000824105
12921.9 0.000820147
12933.9 0.000816242
12945.9 0.000812361
12958 0.000808499
12970 0.000804662
12982 0.000800877
12994 0.000797242
13006 0.000792452
13018 0.000785301
13030 0.000777718
13042 0.000769793
13054.1 0.000761532
13066.1 0.00075277
13078.1 0.000743583
13090.1 0.000734114
13102.1 0.000724047
13114.1 0.000717784
13126.1 0.000714291
13138.1 0.00071117
13150.2 0.000708268
13162.2 0.000705518
13174.2 0.000702889
13186.2 0.000700355
13198.2 0.00069791
13210.2 0.000695598
13222.2 0.000692501
13234.2 0.000689276
13246.2 0.000686003
13258.3 0.000682673
13270.3 0.000679229
13282.3 0.000675506
13294.3 0.000671926
13306.3 0.000668398
13318.3 0.000664944
13330.3 0.000661835
13342.3 0.000658789
13354.4 0.00065579
13366.4 0.000652833
13378.4 0.000649914
13390.4 0.000647045
13402.4 0.000644247
13414.4 0.000641562
13426.4 0.000638036
13438.4 0.000632794
13450.5 0.000627388
13462.5 0.000621871
13474.5 0.000616244
13486.5 0.000610421
13498.5 0.000604611
13510.5 0.000598786
13522.5 0.000592897
13534.5 0.000587974
13546.5 0.000583725
13558.6 0.000579547
13570.6 0.000575415
13582.6 0.000571306
13594.6 0.000567209
13606.6 0.000563195
13618.6 0.000559261
13630.6 0.000555482
13642.6 0.000549368
13654.7 0.000542824
13666.7 0.0005362
13678.7 0.000529515
13690.7 0.000522736
13702.7 0.000515951
13714.7 0.000509169
13726.7 0.000502371
13738.7 0.000495679
13750.8 0.000489938
13762.8 0.000484243
13774.8 0.000478562
13786.8 0.000472867
13798.8 0.000467096
13810.8 0.000461426
13822.8 0.00045581
13834.8 0.00045022
13846.8 0.000445106
13858.9 0.000440861
13870.9 0.000436686
13882.9 0.000432561
13894.9 0.00042847
13906.9 0.000424413
13918.9 0.000420411
13930.9 0.000416449
13942.9 0.000412523
13955 0.000408635
13967 0.000404778
13979 0.000400941
13991 0.000397113
14003 0.000393236
14015 0.000389442
14027 0.000385719
14039 0.000382042
14051.1 0.000378384
14063.1 0.000376787
14075.1 0.000375609
14087.1 0.000374503
14099.1 0.000373462
14111.1 0.000372493
14123.1 0.00037154
14135.1 0.000370618
14147.1 0.000369734
14159.2 0.000368527
14171.2 0.000363898
14183.2 0.000359237
14195.2 0.000354566
14207.2 0.000349863
14219.2 0.00034518
14231.2 0.000340568
14243.2 0.000335998
14255.3 0.000331466
14267.3 0.000327029
14279.3 0.000322746
14291.3 0.000318495
14303.3 0.000314275
14315.3 0.00031008
14327.3 0.000305923
14339.3 0.000301799
14351.4 0.000297707
14363.4 0.000293643
14375.4 0.000289332
14387.4 0.00028485
14399.4 0.000280391
14411.4 0.000275942
14423.4 0.000271496
14435.4 0.000267136
14447.4 0.000262825
14459.5 0.000258555
14471.5 0.000254317
14483.5 0.000249034
14495.5 0.000243561
14507.5 0.000238129
14519.5 0.000232716
14531.5 0.000227374
14543.5 0.000222111
14555.6 0.000216914
14567.6 0.000211783
14579.6 0.000206867
14591.6 0.000204046
14603.6 0.000201239
14615.6 0.00019846
14627.6 0.000195711
14639.6 0.000192996
14651.7 0.000190315
14663.7 0.00018767
14675.7 0.000185063
14687.7 0.000182816
14699.7 0.000181321
14711.7 0.000179832
14723.7 0.000178347
14735.7 0.000176871
14747.7 0.000175447
14759.8 0.000174053
14771.8 0.000172683
14783.8 0.000171335
14795.8 0.000169834
14807.8 0.000168215
14819.8 0.000166626
14831.8 0.00016507
14843.8 0.000163522
14855.9 0.000161981
14867.9 0.000160449
14879.9 0.000158922
14891.9 0.000157388
14903.9 0.000154877
14915.9 0.000152133
14927.9 0.000149413
14939.9 0.000146699
14952 0.000144063
14964 0.000141474
14976 0.000138923
14988 0.000136404
15000 0.00013391
15012 0.000131154
15024 0.00012844
15036 0.000125764
15048 0.000123119
15060.1 0.000120492
15072.1 0.000117889
15084.1 0.00011531
15096.1 0.000112751
15108.1 0.000110134
15120.1 0.000107319
15132.1 0.000104531
15144.1 0.000101755
15156.2 9.90296e-05
15168.2 9.63448e-05
15180.2 9.36911e-05
15192.2 9.10636e-05
15204.2 8.84549e-05
15216.2 8.54692e-05
15228.2 8.21328e-05
15240.2 7.88416e-05
15252.3 7.55875e-05
15264.3 7.23956e-05
15276.3 6.92539e-05
15288.3 6.61624e-05
15300.3 6.31276e-05
15312.3 6.01742e-05
15324.3 5.91465e-05
15336.3 5.87657e-05
15348.3 5.83529e-05
15360.4 5.79311e-05
15372.4 5.75172e-05
15384.4 5.71021e-05
15396.4 5.66825e-05
15408.4 5.6251e-05
15420.4 5.5776e-05
15432.4 5.34935e-05
15444.4 5.11914e-05
15456.5 4.8922e-05
15468.5 4.67137e-05
15480.5 4.4551e-05
15492.5 4.24275e-05
15504.5 4.03425e-05
15516.5 3.83006e-05
15528.5 3.65967e-05
15540.5 3.6023e-05
15552.6 3.54359e-05
15564.6 3.48507e-05
15576.6 3.42455e-05
15588.6 3.36342e-05
15600.6 3.30173e-05
15612.6 3.23908e-05
15624.6 3.17414e-05
15636.6 3.00136e-05
15648.6 2.69863e-05
15660.7 2.40065e-05
15672.7 2.10793e-05
15684.7 1.82139e-05
15696.7 1.53883e-05
15708.7 1.2597e-05
15720.7 9.83623e-06
15732.7 7.10195e-06
15744.7 4.19589e-06
15756.8 1.22973e-06
15768.8 -1.70159e-06
15780.8 -4.61701e-06
15792.8 -7.51136e-06
15804.8 -1.03841e-05
15816.8 -1.32359e-05
15828.8 -1.60681e-05
15840.8 -1.8882e-05
15852.9 -2.16614e-05
15864.9 -2.44303e-05
15876.9 -2.71825e-05
15888.9 -2.98648e-05
15900.9 -3.25144e-05
15912.9 -3.51375e-05
15924.9 -3.77373e-05
15936.9 -4.03163e-05
15948.9 -4.29246e-05
15961 -4.58117e-05
15973 -4.86731e-05
15985 -5.15171e-05
15997 -5.43457e-05
16009 -5.71581e-05
16021 -5.99548e-05
16033 -6.27367e-05
16045 -6.5503e-05
16057.1 -6.76027e-05
16069.1 -6.86278e-05
16081.1 -6.96633e-05
16093.1 -7.06839e-05
16105.1 -7.17016e-05
16117.1 -7.27192e-05
16129.1 -7.37387e-05
16141.1 -7.47626e-05
16153.2 -7.57956e-05
16165.2 -7.26023e-05
16177.2 -6.6665e-05
16189.2 -6.07505e-05
16201.2 -5.48568e-05
16213.2 -4.89704e-05
16225.2 -4.30832e-05
16237.2 -3.71866e-05
16249.2 -3.12672e-05
16261.3 -2.52927e-05
16273.3 -2.45652e-05
16285.3 -2.49007e-05
16297.3 -2.52418e-05
16309.3 -2.55827e-05
16321.3 -2.59188e-05
16333.3 -2.62486e-05
16345.3 -2.65713e-05
16357.4 -2.68865e-05
16369.4 -2.71936e-05
16381.4 -2.74919e-05
16393.4 -2.77803e-05
16405.4 -2.80666e-05
16417.4 -2.83468e-05
16429.4 -2.86195e-05
16441.4 -2.88842e-05
16453.5 -2.91404e-05
16465.5 -2.9387e-05
16477.5 -2.96225e-05
16489.5 -2.98428e-05
16501.5 -3.00563e-05
16513.5 -3.02914e-05
16525.5 -3.05273e-05
16537.5 -3.07606e-05
16549.5 -3.09902e-05
16561.6 -3.12151e-05
16573.6 -3.14347e-05
16585.6 -3.16481e-05
16597.6 -3.18537e-05
16609.6 -3.2057e-05
16621.6 -3.22567e-05
16633.6 -3.24507e-05
16645.6 -3.26381e-05
16657.7 -3.28179e-05
16669.7 -3.2989e-05
16681.7 -3.31495e-05
16693.7 -3.32948e-05
16705.7 -3.34177e-05
16717.7 -3.35844e-05
16729.7 -3.37608e-05
16741.7 -3.39402e-05
16753.8 -3.412e-05
16765.8 -3.42988e-05
16777.8 -3.4476e-05
16789.8 -3.4651e-05
16801.8 -3.48239e-05
16813.8 -3.49927e-05
16825.8 -3.51536e-05
16837.8 -3.53087e-05
16849.8 -3.54576e-05
16861.9 -3.55997e-05
16873.9 -3.5734e-05
16885.9 -3.58587e-05
16897.9 -3.59702e-05
16909.9 -3.6051e-05
16921.9 -3.61705e-05
16933.9 -3.63109e-05
16945.9 -3.64574e-05
16958 -3.66065e-05
16970 -3.67565e-05
16982 -3.69061e-05
16994 -3.70545e-05
17006 -3.72008e-05
17018 -3.73443e-05
17030 -3.7487e-05
17042 -3.76271e-05
17054.1 -3.77637e-05
17066.1 -3.78959e-05
17078.1 -3.80226e-05
17090.1 -3.81421e-05
17102.1 -3.82516e-05
17114.1 -3.8342e-05
17126.1 -3.84326e-05
17138.1 -3.85669e-05
17150.2 -3.87117e-05
17162.2 -3.88621e-05
17174.2 -3.90159e-05
17186.2 -3.91717e-05
17198.2 -3.93285e-05
17210.2 -3.94853e-05
17222.2 -3.96393e-05
17234.2 -3.97991e-05
17246.2 -3.99618e-05
17258.3 -4.01254e-05
17270.3 -4.02893e-05
17282.3 -4.04527e-05
17294.3 -4.06151e-05
17306.3 -4.07755e-05
17318.3 -4.0932e-05
17330.3 -4.10824e-05
17342.3 -4.12482e-05
17354.4 -4.14184e-05
17366.4 -4.15907e-05
17378.4 -4.17638e-05
17390.4 -4.19371e-05
17402.4 -4.21096e-05
17414.4 -4.22799e-05
17426.4 -4.2444e-05
17438.4 -4.26103e-05
17450.5 -4.27946e-05
17462.5 -4.29847e-05
17474.5 -4.31785e-05
17486.5 -4.33751e-05
17498.5 -4.35738e-05
17510.5 -4.37742e-05
17522.5 -4.39753e-05
17534.5 -4.41745e-05
17546.5 -4.4381e-05
17558.6 -4.45917e-05
17570.6 -4.48048e-05
17582.6 -4.50196e-05
17594.6 -4.52353e-05
17606.6 -4.54507e-05
17618.6 -4.56642e-05
17630.6 -4.58711e-05
17642.6 -4.60672e-05
17654.7 -4.63051e-05
17666.7 -4.65594e-05
17678.7 -4.68253e-05
17690.7 -4.71012e-05
17702.7 -4.73868e-05
17714.7 -4.76824e-05
17726.7 -4.79894e-05
17738.7 -4.83132e-05
17750.8 -4.86407e-05
17762.8 -4.89513e-05
17774.8 -4.92609e-05
17786.8 -4.95717e-05
17798.8 -4.98845e-05
17810.8 -5.01996e-05
17822.8 -5.05168e-05
17834.8 -5.08349e-05
17846.8 -5.1147e-05
17858.9 -5.14821e-05
17870.9 -5.18323e-05
17882.9 -5.21935e-05
17894.9 -5.25652e-05
17906.9 -5.29476e-05
17918.9 -5.33415e-05
17930.9 -5.37487e-05
17942.9 -5.41739e-05
17955 -5.46199e-05
17967 -5.50386e-05
17979 -5.54541e-05
17991 -5.58713e-05
18003 -5.62919e-05
18015 -5.6717e-05
18027 -5.71474e-05
18039 -5.75834e-05
18051.1 -5.80247e-05
18063.1 -5.84744e-05
18075.1 -5.89357e-05
18087.1 -5.94072e-05
18099.1 -5.98892e-05
18111.1 -6.03825e-05
18123.1 -6.08887e-05
18135.1 -6.14099e-05
18147.1 -6.1951e-05
18159.2 -6.253e-05
18171.2 -6.30716e-05
18183.2 -6.36013e-05
18195.2 -6.41297e-05
18207.2 -6.46604e-05
18219.2 -6.51954e-05
18231.2 -6.5736e-05
18243.2 -6.62836e-05
18255.3 -6.684e-05
18267.3 -6.74062e-05
18279.3 -6.79719e-05
18291.3 -6.85435e-05
18303.3 -6.91228e-05
18315.3 -6.97111e-05
18327.3 -7.03096e-05
18339.3 -7.09204e-05
18351.4 -7.15467e-05
18363.4 -7.2199e-05
18375.4 -7.28479e-05
18387.4 -7.34732e-05
18399.4 -7.40972e-05
18411.4 -7.47238e-05
18423.4 -7.53552e-05
18435.4 -7.59932e-05
18447.4 -7.66396e-05
18459.5 -7.72975e-05
18471.5 -7.79761e-05
18483.5 -7.86344e-05
18495.5 -7.92885e-05
18507.5 -7.9944e-05
18519.5 -8.06029e-05
18531.5 -8.12664e-05
18543.5 -8.19355e-05
18555.6 -8.26112e-05
18567.6 -8.32953e-05
18579.6 -8.39876e-05
18591.6 -8.46775e-05
18603.6 -8.53717e-05
18615.6 -8.60717e-05
18627.6 -8.67785e-05
18639.6 -8.74929e-05
18651.7 -8.82161e-05
18663.7 -8.89498e-05
18675.7 -8.97004e-05
18687.7 -9.04478e-05
18699.7 -9.11864e-05
18711.7 -9.1927e-05
18723.7 -9.26718e-05
18735.7 -9.34219e-05
18747.7 -9.41783e-05
18759.8 -9.49421e-05
18771.8 -9.5715e-05
18783.8 -9.65008e-05
18795.8 -9.72795e-05
18807.8 -9.80606e-05
18819.8 -9.88467e-05
18831.8 -9.96394e-05
18843.8 -0.00010044
18855.9 -0.00010125
18867.9 -0.000102072
18879.9 -0.000102913
18891.9 -0.000103764
18903.9 -0.000104573
18915.9 -0.000105374
18927.9 -0.000106173
18939.9 -0.000106971
18952 -0.00010777
18964 -0.00010857
18976 -0.000109373
18988 -0.000110179
19000 -0.000110986
