7000 -0.00176315
7012.01 -0.00176367
7024.02 -0.00176383
7036.04 -0.00176359
7048.05 -0.00176291
7060.06 -0.00176194
7072.07 -0.00176065
7084.08 -0.00175904
7096.1 -0.00175712
7108.11 -0.00175488
7120.12 -0.00175232
7132.13 -0.00174941
7144.14 -0.00174601
7156.16 -0.0017423
7168.17 -0.00173838
7180.18 -0.00173422
7192.19 -0.00172982
7204.2 -0.00172517
7216.22 -0.00172027
7228.23 -0.00171511
7240.24 -0.00170963
7252.25 -0.00170362
7264.26 -0.00169754
7276.28 -0.00169131
7288.29 -0.00168493
7300.3 -0.00167838
7312.31 -0.00167165
7324.32 -0.00166472
7336.34 -0.00165755
7348.35 -0.00164984
7360.36 -0.00164178
7372.37 -0.00163389
7384.38 -0.00162604
7396.4 -0.0016182
7408.41 -0.00161039
7420.42 -0.0016026
7432.43 -0.00159488
7444.44 -0.00158729
7456.46 -0.00158023
7468.47 -0.00157314
7480.48 -0.00156401
7492.49 -0.00155262
7504.5 -0.0015409
7516.52 -0.00152892
7528.53 -0.00151671
7540.54 -0.00150427
7552.55 -0.00149164
7564.56 -0.00147882
7576.58 -0.00146534
7588.59 -0.00145709
7600.6 -0.001451
7612.61 -0.0014451
7624.62 -0.0014393
7636.64 -0.00143357
7648.65 -0.00142793
7660.66 -0.00142246
7672.67 -0.00141706
7684.68 -0.0014117
7696.7 -0.00140374
7708.71 -0.00139549
7720.72 -0.00138706
7732.73 -0.00137846
7744.74 -0.00136968
7756.76 -0.00136063
7768.77 -0.00135092
7780.78 -0.00134147
7792.79 -0.00133223
7804.8 -0.00132336
7816.82 -0.00131458
7828.83 -0.00130586
7840.84 -0.0012972
7852.85 -0.00128862
7864.86 -0.00128017
7876.88 -0.00127191
7888.89 -0.00126354
7900.9 -0.00125466
7912.91 -0.00124508
7924.92 -0.00123541
7936.94 -0.00122566
7948.95 -0.00121584
7960.96 -0.00120591
7972.97 -0.00119567
7984.98 -0.00118553
7997 -0.00117562
8009.01 -0.00116506
8021.02 -0.00115419
8033.03 -0.00114333
8045.05 -0.00113249
8057.06 -0.00112167
8069.07 -0.00111085
8081.08 -0.00109999
8093.09 -0.00108917
8105.11 -0.00107821
8117.12 -0.0010709
8129.13 -0.00106411
8141.14 -0.00105762
8153.15 -0.00105144
8165.17 -0.00104564
8177.18 -0.00104044
8189.19 -0.0010359
8201.2 -0.00103125
8213.21 -0.00102488
8225.23 -0.00100782
8237.24 -0.000989933
8249.25 -0.000971592
8261.26 -0.000952909
8273.27 -0.000933947
8285.29 -0.000914848
8297.3 -0.000895192
8309.31 -0.000874777
8321.32 -0.00085971
8333.33 -0.000853942
8345.35 -0.000848821
8357.36 -0.000844107
8369.37 -0.000839739
8381.38 -0.000835731
8393.39 -0.000832168
8405.41 -0.000828971
8417.42 -0.000826611
8429.43 -0.000811792
8441.44 -0.000789038
8453.45 -0.000765472
8465.47 -0.000741331
8477.48 -0.000716696
8489.49 -0.000691595
8501.5 -0.000665906
8513.51 -0.000639316
8525.53 -0.000610873
8537.54 -0.000610738
8549.55 -0.000615234
8561.56 -0.000620716
8573.57 -0.000626919
8585.59 -0.000633767
8597.6 -0.000641396
8609.61 -0.000649324
8621.62 -0.000657758
8633.63 -0.000664805
8645.65 -0.000657692
8657.66 -0.000649868
8669.67 -0.00064174
8681.68 -0.000633421
8693.69 -0.000624957
8705.71 -0.00061637
8717.72 -0.000607783
8729.73 -0.000599176
8741.74 -0.00059055
8753.75 -0.000581913
8765.77 -0.000573271
8777.78 -0.000564633
8789.79 -0.000556013
8801.8 -0.000547453
8813.81 -0.000538873
8825.83 -0.000530199
8837.84 -0.000521487
8849.85 -0.000512748
8861.86 -0.000503984
8873.87 -0.000495194
8885.89 -0.000486372
8897.9 -0.000477499
8909.91 -0.000468492
8921.92 -0.000459665
8933.93 -0.000450933
8945.95 -0.00044226
8957.96 -0.000433637
8969.97 -0.000425061
8981.98 -0.000416533
8993.99 -0.00040806
9006.01 -0.00039967
9018.02 -0.000391361
9030.03 -0.00038291
9042.04 -0.000374421
9054.05 -0.000365909
9066.07 -0.00035738
9078.08 -0.000348833
9090.09 -0.000340261
9102.1 -0.00033165
9114.11 -0.000322912
9126.13 -0.000314292
9138.14 -0.00030581
9150.15 -0.000297389
9162.16 -0.000289009
9174.17 -0.000280658
9186.19 -0.000272326
9198.2 -0.000263997
9210.21 -0.000255646
9222.22 -0.000247204
9234.23 -0.000239005
9246.25 -0.00023092
9258.26 -0.000222908
9270.27 -0.000214952
9282.28 -0.000207043
9294.29 -0.000199169
9306.31 -0.000191319
9318.32 -0.000183464
9330.33 -0.000175629
9342.34 -0.000167955
9354.35 -0.00016035
9366.37 -0.000152794
9378.38 -0.000145274
9390.39 -0.000137777
9402.4 -0.000130282
9414.41 -0.000122754
9426.43 -0.00011503
9438.44 -0.000107678
9450.45 -0.000100591
9462.46 -9.3645e-05
9474.47 -8.68048e-05
9486.49 -8.00517e-05
9498.5 -7.33719e-05
9510.51 -6.6753e-05
9522.52 -6.0179e-05
9534.53 -5.36304e-05
9546.55 -4.72061e-05
9558.56 -4.08474e-05
9570.57 -3.45337e-05
9582.58 -2.8249e-05
9594.59 -2.19741e-05
9606.61 -1.56813e-05
9618.62 -9.31952e-06
9630.63 -2.73435e-06
9642.64 3.72417e-06
9654.65 9.35652e-06
9666.67 1.47052e-05
9678.68 1.98542e-05
9690.69 2.48418e-05
9702.7 2.96911e-05
9714.71 3.4418e-05
9726.73 3.90348e-05
9738.74 4.3552e-05
9750.75 4.79776e-05
9762.76 5.23204e-05
9774.77 5.65896e-05
9786.79 6.07949e-05
9798.8 6.49486e-05
9810.81 6.90677e-05
9822.82 7.31809e-05
9834.83 7.73576e-05
9846.85 8.1635e-05
9858.86 8.52005e-05
9870.87 8.84959e-05
9882.88 9.16023e-05
9894.89 9.45495e-05
9906.91 9.73518e-05
9918.92 0.000100014
9930.93 0.000102533
9942.94 0.000104869
9954.95 0.000107159
9966.97 0.000109569
9978.98 0.000111959
9990.99 0.000114313
10003 0.00011663
10015 0.000118918
10027 0.000121193
10039 0.000123498
10051.1 0.00012602
10063.1 0.000127882
10075.1 0.000129394
10087.1 0.000130677
10099.1 0.000131757
10111.1 0.000132634
10123.1 0.000133291
10135.1 0.000133682
10147.1 0.000133681
10159.2 0.000133256
10171.2 0.000133805
10183.2 0.00013456
10195.2 0.000135384
10207.2 0.000136216
10219.2 0.000137019
10231.2 0.000137758
10243.2 0.000138385
10255.3 0.000138783
10267.3 0.00013922
10279.3 0.000139983
10291.3 0.000140776
10303.3 0.000141535
10315.3 0.00014221
10327.3 0.000142741
10339.3 0.00014304
10351.4 0.000142917
10363.4 0.000141635
10375.4 0.000142239
10387.4 0.000143718
10399.4 0.000145638
10411.4 0.000147869
10423.4 0.000150343
10435.4 0.000153014
10447.4 0.000155838
10459.5 0.000158747
10471.5 0.000161707
10483.5 0.000165212
10495.5 0.000168999
10507.5 0.00017301
10519.5 0.000177215
10531.5 0.000181584
10543.5 0.000186078
10555.6 0.000190619
10567.6 0.000194932
10579.6 0.000199739
10591.6 0.000205746
10603.6 0.000212354
10615.6 0.000219485
10627.6 0.000227118
10639.6 0.000235258
10651.7 0.000243933
10663.7 0.000253215
10675.7 0.000263366
10687.7 0.000273276
10699.7 0.000283336
10711.7 0.000293706
10723.7 0.000304449
10735.7 0.000315608
10747.7 0.000327227
10759.8 0.000339359
10771.8 0.000352112
10783.8 0.00036548
10795.8 0.000378723
10807.8 0.000392287
10819.8 0.000406272
10831.8 0.000420745
10843.8 0.000435774
10855.9 0.000451449
10867.9 0.000467935
10879.9 0.000485805
10891.9 0.000503041
10903.9 0.000519032
10915.9 0.00053489
10927.9 0.000550805
10939.9 0.000566876
10952 0.000583173
10964 0.000599768
10976 0.000616776
10988 0.000634429
11000 0.000651095
11012 0.000667581
11024 0.00068408
11036 0.000700664
11048 0.000717381
11060.1 0.000734275
11072.1 0.000751412
11084.1 0.000768954
11096.1 0.000786435
11108.1 0.000802635
11120.1 0.000818542
11132.1 0.000834287
11144.1 0.000849918
11156.2 0.000865464
11168.2 0.000880946
11180.2 0.000896391
11192.2 0.000911893
11204.2 0.000926876
11216.2 0.000941499
11228.2 0.000955921
11240.2 0.000970166
11252.3 0.000984243
11264.3 0.000998157
11276.3 0.00101192
11288.3 0.00102555
11300.3 0.00103902
11312.3 0.00105155
11324.3 0.00106367
11336.3 0.00107546
11348.3 0.00108693
11360.4 0.00109808
11372.4 0.00110891
11384.4 0.00111942
11396.4 0.00112958
11408.4 0.00113947
11420.4 0.00114909
11432.4 0.00115839
11444.4 0.00116735
11456.5 0.00117595
11468.5 0.0011842
11480.5 0.00119208
11492.5 0.00119958
11504.5 0.00120667
11516.5 0.00121369
11528.5 0.0012204
11540.5 0.00122675
11552.6 0.00123273
11564.6 0.00123833
11576.6 0.00124354
11588.6 0.00124836
11600.6 0.00125276
11612.6 0.00125696
11624.6 0.00126153
11636.6 0.0012658
11648.6 0.00126973
11660.7 0.0012733
11672.7 0.00127652
11684.7 0.00127938
11696.7 0.00128187
11708.7 0.00128398
11720.7 0.00128608
11732.7 0.00128805
11744.7 0.00128968
11756.8 0.00129098
11768.8 0.00129194
11780.8 0.00129256
11792.8 0.00129285
11804.8 0.0012928
11816.8 0.00129245
11828.8 0.00129248
11840.8 0.0012922
11852.9 0.00129163
11864.9 0.00129075
11876.9 0.00128957
11888.9 0.0012881
11900.9 0.00128635
11912.9 0.00128432
11924.9 0.00128218
11936.9 0.00128001
11948.9 0.00127756
11961 0.00127486
11973 0.00127191
11985 0.00126871
11997 0.00126528
12009 0.00126164
12021 0.0012578
12033 0.00125411
12045 0.0012503
12057.1 0.00124626
12069.1 0.00124202
12081.1 0.00123758
12093.1 0.00123295
12105.1 0.00122815
12117.1 0.00122318
12129.1 0.00121808
12141.1 0.00121295
12153.2 0.00120766
12165.2 0.00120222
12177.2 0.00119664
12189.2 0.00119093
12201.2 0.00118511
12213.2 0.00117919
12225.2 0.00117319
12237.2 0.00116732
12249.2 0.0011615
12261.3 0.00115555
12273.3 0.00114948
12285.3 0.00114332
12297.3 0.00113708
12309.3 0.00113076
12321.3 0.00112439
12333.3 0.00111799
12345.3 0.00111182
12357.4 0.00110557
12369.4 0.00109922
12381.4 0.00109281
12393.4 0.00108634
12405.4 0.00107982
12417.4 0.00107326
12429.4 0.00106669
12441.4 0.00106018
12453.5 0.00105385
12465.5 0.00104742
12477.5 0.00104092
12489.5 0.00103439
12501.5 0.00102781
12513.5 0.00102121
12525.5 0.0010146
12537.5 0.00100799
12549.5 0.00100155
12561.6 0.000995123
12573.6 0.000988633
12585.6 0.000982103
12597.6 0.000975544
12609.6 0.000968963
12621.6 0.000962367
12633.6 0.000955765
12645.6 0.000949176
12657.7 0.000942686
12669.7 0.000936159
12681.7 0.00092961
12693.7 0.00092305
12705.7 0.000916486
12717.7 0.000909927
12729.7 0.000903383
12741.7 0.000896876
12753.8 0.000890546
12765.8 0.000884361
12777.8 0.000878072
12789.8 0.000871728
12801.8 0.000865343
12813.8 0.000858923
12825.8 0.000852472
12837.8 0.00084599
12849.8 0.000839474
12861.9 0.000832881
12873.9 0.000826278
12885.9 0.000819676
12897.9 0.000813068
12909.9 0.000806455
12921.9 0.000799834
12933.9 0.000793206
12945.9 0.00078657
12958 0.000779925
12970 0.000773273
12982 0.000766608
12994 0.00075993
13006 0.000753236
13018 0.000746522
13030 0.000739781
13042 0.000733002
13054.1 0.000726158
13066.1 0.000719069
13078.1 0.000711926
13090.1 0.000704912
13102.1 0.000697968
13114.1 0.000691075
13126.1 0.000684225
13138.1 0.000677411
13150.2 0.00067063
13162.2 0.000663879
13174.2 0.000657157
13186.2 0.000650456
13198.2 0.000643773
13210.2 0.000637105
13222.2 0.000630448
13234.2 0.000623794
13246.2 0.000617133
13258.3 0.000610445
13270.3 0.000603654
13282.3 0.000596665
13294.3 0.000589903
13306.3 0.000583249
13318.3 0.000576679
13330.3 0.000570179
13342.3 0.000563742
13354.4 0.000557363
13366.4 0.000551036
13378.4 0.000544753
13390.4 0.000538521
13402.4 0.000532339
13414.4 0.000526203
13426.4 0.00052011
13438.4 0.000514055
13450.5 0.000508032
13462.5 0.000502034
13474.5 0.000496036
13486.5 0.000489963
13498.5 0.000484024
13510.5 0.000478177
13522.5 0.000472402
13534.5 0.00046669
13546.5 0.000461036
13558.6 0.000455435
13570.6 0.00044988
13582.6 0.000444356
13594.6 0.000438863
13606.6 0.000433454
13618.6 0.000428106
13630.6 0.000422813
13642.6 0.000417571
13654.7 0.000412377
13666.7 0.000407224
13678.7 0.000402106
13690.7 0.000396983
13702.7 0.000391937
13714.7 0.000386965
13726.7 0.000382051
13738.7 0.00037719
13750.8 0.000372377
13762.8 0.000367605
13774.8 0.000362867
13786.8 0.000358143
13798.8 0.00035339
13810.8 0.000348773
13822.8 0.000344241
13834.8 0.000339779
13846.8 0.00033538
13858.9 0.000331038
13870.9 0.000326752
13882.9 0.000322515
13894.9 0.000318319
13906.9 0.000314171
13918.9 0.000310086
13930.9 0.000306054
13942.9 0.00030207
13955 0.000298131
13967 0.000294234
13979 0.000290373
13991 0.000286537
14003 0.00028268
14015 0.000278929
14027 0.000275263
14039 0.000271663
14051.1 0.000268124
14063.1 0.000264642
14075.1 0.000261214
14087.1 0.000257841
14099.1 0.000254525
14111.1 0.000251271
14123.1 0.000248035
14135.1 0.000244831
14147.1 0.000241662
14159.2 0.000238526
14171.2 0.000235422
14183.2 0.000232349
14195.2 0.0002293
14207.2 0.000226251
14219.2 0.000223252
14231.2 0.000220326
14243.2 0.000217452
14255.3 0.000214623
14267.3 0.000211837
14279.3 0.000209089
14291.3 0.00020638
14303.3 0.000203706
14315.3 0.000201064
14327.3 0.000198462
14339.3 0.000195896
14351.4 0.000193365
14363.4 0.000190866
14375.4 0.000188397
14387.4 0.000185956
14399.4 0.00018354
14411.4 0.000181139
14423.4 0.000178751
14435.4 0.000176434
14447.4 0.000174161
14459.5 0.000171926
14471.5 0.000169725
14483.5 0.000167556
14495.5 0.000165416
14507.5 0.0001633
14519.5 0.000161194
14531.5 0.000159134
14543.5 0.000157124
14555.6 0.000155152
14567.6 0.000153215
14579.6 0.00015131
14591.6 0.000149435
14603.6 0.00014759
14615.6 0.000145774
14627.6 0.000143984
14639.6 0.000142223
14651.7 0.000140488
14663.7 0.000138779
14675.7 0.000137094
14687.7 0.000135432
14699.7 0.000133793
14711.7 0.000132174
14723.7 0.000130568
14735.7 0.000128979
14747.7 0.000127438
14759.8 0.000125928
14771.8 0.000124446
14783.8 0.00012299
14795.8 0.00012156
14807.8 0.000120154
14819.8 0.000118773
14831.8 0.000117423
14843.8 0.000116084
14855.9 0.000114758
14867.9 0.000113448
14879.9 0.000112154
14891.9 0.000110875
14903.9 0.000109611
14915.9 0.000108359
14927.9 0.000107116
14939.9 0.000105871
14952 0.000104676
14964 0.000103511
14976 0.00010237
14988 0.000101251
15000 0.000100153
15012 9.90749e-05
15024 9.80161e-05
15036 9.69778e-05
15048 9.59574e-05
15060.1 9.49461e-05
15072.1 9.39482e-05
15084.1 9.29638e-05
15096.1 9.19926e-05
15108.1 9.1034e-05
15120.1 9.00871e-05
15132.1 8.915e-05
15144.1 8.82139e-05
15156.2 8.73055e-05
15168.2 8.64197e-05
15180.2 8.5551e-05
15192.2 8.46978e-05
15204.2 8.38588e-05
15216.2 8.3033e-05
15228.2 8.22192e-05
15240.2 8.14154e-05
15252.3 8.06186e-05
15264.3 7.9846e-05
15276.3 7.90898e-05
15288.3 7.83478e-05
15300.3 7.76189e-05
15312.3 7.69021e-05
15324.3 7.61966e-05
15336.3 7.55013e-05
15348.3 7.48131e-05
15360.4 7.4136e-05
15372.4 7.34797e-05
15384.4 7.28371e-05
15396.4 7.22069e-05
15408.4 7.15879e-05
15420.4 7.09795e-05
15432.4 7.03804e-05
15444.4 6.97891e-05
15456.5 6.91988e-05
15468.5 6.86316e-05
15480.5 6.8082e-05
15492.5 6.75462e-05
15504.5 6.70229e-05
15516.5 6.65117e-05
15528.5 6.60122e-05
15540.5 6.55246e-05
15552.6 6.50501e-05
15564.6 6.45903e-05
15576.6 6.41276e-05
15588.6 6.36692e-05
15600.6 6.32165e-05
15612.6 6.27696e-05
15624.6 6.23284e-05
15636.6 6.18921e-05
15648.6 6.14596e-05
15660.7 6.1026e-05
15672.7 6.06004e-05
15684.7 6.01978e-05
15696.7 5.98073e-05
15708.7 5.94271e-05
15720.7 5.90563e-05
15732.7 5.86943e-05
15744.7 5.8341e-05
15756.8 5.79964e-05
15768.8 5.76628e-05
15780.8 5.73307e-05
15792.8 5.70022e-05
15804.8 5.66781e-05
15816.8 5.63584e-05
15828.8 5.60427e-05
15840.8 5.57302e-05
15852.9 5.54193e-05
15864.9 5.51059e-05
15876.9 5.47863e-05
15888.9 5.44992e-05
15900.9 5.42271e-05
15912.9 5.39661e-05
15924.9 5.37147e-05
15936.9 5.3472e-05
15948.9 5.32374e-05
15961 5.30107e-05
15973 5.27924e-05
15985 5.25804e-05
15997 5.23726e-05
16009 5.21701e-05
16021 5.1973e-05
16033 5.17811e-05
16045 5.1594e-05
16057.1 5.14113e-05
16069.1 5.12319e-05
16081.1 5.10517e-05
16093.1 5.08852e-05
16105.1 5.07284e-05
16117.1 5.05793e-05
16129.1 5.04373e-05
16141.1 5.0302e-05
16153.2 5.01735e-05
16165.2 5.0052e-05
16177.2 4.99384e-05
16189.2 4.98337e-05
16201.2 4.97274e-05
16213.2 4.96241e-05
16225.2 4.95246e-05
16237.2 4.94293e-05
16249.2 4.93386e-05
16261.3 4.92527e-05
16273.3 4.91719e-05
16285.3 4.90978e-05
16297.3 4.90276e-05
16309.3 4.89582e-05
16321.3 4.88919e-05
16333.3 4.88294e-05
16345.3 4.87708e-05
16357.4 4.87164e-05
16369.4 4.86665e-05
16381.4 4.86216e-05
16393.4 4.85835e-05
16405.4 4.85466e-05
16417.4 4.85125e-05
16429.4 4.84822e-05
16441.4 4.84562e-05
16453.5 4.84349e-05
16465.5 4.84193e-05
16477.5 4.84104e-05
16489.5 4.84119e-05
16501.5 4.84267e-05
16513.5 4.84273e-05
16525.5 4.84252e-05
16537.5 4.8423e-05
16549.5 4.84218e-05
16561.6 4.84224e-05
16573.6 4.84254e-05
16585.6 4.84313e-05
16597.6 4.84416e-05
16609.6 4.84545e-05
16621.6 4.84683e-05
16633.6 4.84849e-05
16645.6 4.85049e-05
16657.7 4.85291e-05
16669.7 4.85583e-05
16681.7 4.8594e-05
16693.7 4.86398e-05
16705.7 4.87097e-05
16717.7 4.87609e-05
16729.7 4.88027e-05
16741.7 4.88408e-05
16753.8 4.8877e-05
16765.8 4.89125e-05
16777.8 4.89478e-05
16789.8 4.89833e-05
16801.8 4.90191e-05
16813.8 4.9055e-05
16825.8 4.90949e-05
16837.8 4.91379e-05
16849.8 4.91841e-05
16861.9 4.92341e-05
16873.9 4.92885e-05
16885.9 4.93487e-05
16897.9 4.94172e-05
16909.9 4.95077e-05
16921.9 4.95964e-05
16933.9 4.96686e-05
16945.9 4.97352e-05
16958 4.97989e-05
16970 4.9861e-05
16982 4.99224e-05
16994 4.99837e-05
17006 5.00456e-05
17018 5.0109e-05
17030 5.01728e-05
17042 5.02375e-05
17054.1 5.0304e-05
17066.1 5.03726e-05
17078.1 5.04443e-05
17090.1 5.05201e-05
17102.1 5.06019e-05
17114.1 5.06959e-05
17126.1 5.08101e-05
17138.1 5.09022e-05
17150.2 5.09867e-05
17162.2 5.1067e-05
17174.2 5.11446e-05
17186.2 5.12205e-05
17198.2 5.12954e-05
17210.2 5.13701e-05
17222.2 5.14466e-05
17234.2 5.15225e-05
17246.2 5.15963e-05
17258.3 5.16694e-05
17270.3 5.17423e-05
17282.3 5.18154e-05
17294.3 5.18891e-05
17306.3 5.19641e-05
17318.3 5.20416e-05
17330.3 5.21265e-05
17342.3 5.22071e-05
17354.4 5.22852e-05
17366.4 5.23621e-05
17378.4 5.24388e-05
17390.4 5.25156e-05
17402.4 5.25932e-05
17414.4 5.26725e-05
17426.4 5.27557e-05
17438.4 5.28467e-05
17450.5 5.293e-05
17462.5 5.30105e-05
17474.5 5.30894e-05
17486.5 5.31672e-05
17498.5 5.32444e-05
17510.5 5.33214e-05
17522.5 5.33987e-05
17534.5 5.34782e-05
17546.5 5.35575e-05
17558.6 5.36353e-05
17570.6 5.37125e-05
17582.6 5.37898e-05
17594.6 5.38675e-05
17606.6 5.39462e-05
17618.6 5.4027e-05
17630.6 5.41124e-05
17642.6 5.42141e-05
17654.7 5.43057e-05
17666.7 5.43898e-05
17678.7 5.4469e-05
17690.7 5.45443e-05
17702.7 5.46159e-05
17714.7 5.46839e-05
17726.7 5.47475e-05
17738.7 5.4804e-05
17750.8 5.48484e-05
17762.8 5.49003e-05
17774.8 5.49544e-05
17786.8 5.50096e-05
17798.8 5.50654e-05
17810.8 5.51217e-05
17822.8 5.51787e-05
17834.8 5.5237e-05
17846.8 5.53016e-05
17858.9 5.53655e-05
17870.9 5.54239e-05
17882.9 5.54788e-05
17894.9 5.55306e-05
17906.9 5.55792e-05
17918.9 5.56244e-05
17930.9 5.56653e-05
17942.9 5.56999e-05
17955 5.57171e-05
17967 5.574e-05
17979 5.57666e-05
17991 5.57945e-05
18003 5.5823e-05
18015 5.58514e-05
18027 5.58796e-05
18039 5.59073e-05
18051.1 5.59348e-05
18063.1 5.59626e-05
18075.1 5.59875e-05
18087.1 5.60101e-05
18099.1 5.60302e-05
18111.1 5.60475e-05
18123.1 5.60614e-05
18135.1 5.60708e-05
18147.1 5.60737e-05
18159.2 5.6057e-05
18171.2 5.60379e-05
18183.2 5.60264e-05
18195.2 5.60177e-05
18207.2 5.60101e-05
18219.2 5.6003e-05
18231.2 5.59955e-05
18243.2 5.59872e-05
18255.3 5.59772e-05
18267.3 5.59628e-05
18279.3 5.59487e-05
18291.3 5.59343e-05
18303.3 5.59188e-05
18315.3 5.59015e-05
18327.3 5.5882e-05
18339.3 5.58594e-05
18351.4 5.58324e-05
18363.4 5.57965e-05
18375.4 5.57446e-05
18387.4 5.57022e-05
18399.4 5.56624e-05
18411.4 5.56235e-05
18423.4 5.55844e-05
18435.4 5.55446e-05
18447.4 5.55031e-05
18459.5 5.54587e-05
18471.5 5.54043e-05
18483.5 5.53493e-05
18495.5 5.52978e-05
18507.5 5.52475e-05
18519.5 5.51975e-05
18531.5 5.51473e-05
18543.5 5.50964e-05
18555.6 5.50445e-05
18567.6 5.49908e-05
18579.6 5.49327e-05
18591.6 5.48751e-05
18603.6 5.48173e-05
18615.6 5.47587e-05
18627.6 5.46989e-05
18639.6 5.46375e-05
18651.7 5.4574e-05
18663.7 5.45077e-05
18675.7 5.44361e-05
18687.7 5.43561e-05
18699.7 5.42802e-05
18711.7 5.42048e-05
18723.7 5.41291e-05
18735.7 5.40524e-05
18747.7 5.39744e-05
18759.8 5.38947e-05
18771.8 5.38126e-05
18783.8 5.37245e-05
18795.8 5.36352e-05
18807.8 5.35461e-05
18819.8 5.34561e-05
18831.8 5.33644e-05
18843.8 5.32707e-05
18855.9 5.31741e-05
18867.9 5.30737e-05
18879.9 5.29665e-05
18891.9 5.2841e-05
18903.9 5.27232e-05
18915.9 5.26093e-05
18927.9 5.24972e-05
18939.9 5.2386e-05
18952 5.22751e-05
18964 5.21642e-05
18976 5.2053e-05
18988 5.19409e-05
19000 5.18277e-05
