7000 -0.00148305
7012.01 -0.00148272
7024.02 -0.00148235
7036.04 -0.00148188
7048.05 -0.00148131
7060.06 -0.00148073
7072.07 -0.00148013
7084.08 -0.00147951
7096.1 -0.00147885
7108.11 -0.00147816
7120.12 -0.00147742
7132.13 -0.00147662
7144.14 -0.0014756
7156.16 -0.00147454
7168.17 -0.00147351
7180.18 -0.00147247
7192.19 -0.00147141
7204.2 -0.00147033
7216.22 -0.00146922
7228.23 -0.00146805
7240.24 -0.00146679
7252.25 -0.00146523
7264.26 -0.00146374
7276.28 -0.00146228
7288.29 -0.00146081
7300.3 -0.00145933
7312.31 -0.00145781
7324.32 -0.00145623
7336.34 -0.00145455
7348.35 -0.00145252
7360.36 -0.00145022
7372.37 -0.0014481
7384.38 -0.00144607
7396.4 -0.00144407
7408.41 -0.0014421
7420.42 -0.00144013
7432.43 -0.00143816
7444.44 -0.00143619
7456.46 -0.00143446
7468.47 -0.00143226
7480.48 -0.00143491
7492.49 -0.00144323
7504.5 -0.00145209
7516.52 -0.00146135
7528.53 -0.00147097
7540.54 -0.00148099
7552.55 -0.00149148
7564.56 -0.00150272
7576.58 -0.00151499
7588.59 -0.00151464
7600.6 -0.00150898
7612.61 -0.00150262
7624.62 -0.00149578
7636.64 -0.00148858
7648.65 -0.00148107
7660.66 -0.00147337
7672.67 -0.00146539
7684.68 -0.00145703
7696.7 -0.00144904
7708.71 -0.00144082
7720.72 -0.00143231
7732.73 -0.0014235
7744.74 -0.00141436
7756.76 -0.00140478
7768.77 -0.00139437
7780.78 -0.00138387
7792.79 -0.00137383
7804.8 -0.00136593
7816.82 -0.00135808
7828.83 -0.00135019
7840.84 -0.00134222
7852.85 -0.00133416
7864.86 -0.00132604
7876.88 -0.0013179
7888.89 -0.00130939
7900.9 -0.00130169
7912.91 -0.00129524
7924.92 -0.00128873
7936.94 -0.0012821
7948.95 -0.00127532
7960.96 -0.00126835
7972.97 -0.00126098
7984.98 -0.00125352
7997 -0.00124614
8009.01 -0.00123834
8021.02 -0.00123028
8033.03 -0.00122212
8045.05 -0.00121384
8057.06 -0.00120544
8069.07 -0.00119691
8081.08 -0.00118819
8093.09 -0.00117935
8105.11 -0.00117019
8117.12 -0.0011647
8129.13 -0.00115958
8141.14 -0.0011546
8153.15 -0.00114975
8165.17 -0.00114509
8177.18 -0.00114081
8189.19 -0.00113703
8201.2 -0.00113295
8213.21 -0.00112754
8225.23 -0.0011148
8237.24 -0.00110136
8249.25 -0.00108748
8261.26 -0.00107322
8273.27 -0.00105865
8285.29 -0.00104389
8297.3 -0.00102861
8309.31 -0.00101261
8321.32 -0.00100037
8333.33 -0.000994793
8345.35 -0.000989542
8357.36 -0.000984447
8369.37 -0.000979464
8381.38 -0.000974604
8393.39 -0.000969946
8405.41 -0.000965375
8417.42 -0.000961205
8429.43 -0.000948867
8441.44 -0.000931282
8453.45 -0.000913039
8465.47 -0.000894295
8477.48 -0.000875099
8489.49 -0.000855474
8501.5 -0.000835332
8513.51 -0.000814401
8525.53 -0.000791966
8537.54 -0.000791036
8549.55 -0.000793554
8561.56 -0.000796747
8573.57 -0.000800418
8585.59 -0.000804527
8597.6 -0.00080924
8609.61 -0.000814111
8621.62 -0.000819313
8633.63 -0.000823023
8645.65 -0.00081289
8657.66 -0.00080193
8669.67 -0.00079054
8681.68 -0.000778834
8693.69 -0.000766859
8705.71 -0.000754634
8717.72 -0.00074229
8729.73 -0.00072981
8741.74 -0.000717201
8753.75 -0.000704472
8765.77 -0.000691633
8777.78 -0.000678696
8789.79 -0.000665678
8801.8 -0.000652626
8813.81 -0.000639468
8825.83 -0.000626126
8837.84 -0.000612659
8849.85 -0.000599079
8861.86 -0.000585394
8873.87 -0.000571605
8885.89 -0.000557711
8897.9 -0.000543694
8909.91 -0.000529473
8921.92 -0.000515365
8933.93 -0.000501296
8945.95 -0.000487233
8957.96 -0.00047317
8969.97 -0.000459107
8981.98 -0.000445048
8993.99 -0.000431006
9006.01 -0.000417011
9018.02 -0.000403064
9030.03 -0.000388947
9042.04 -0.000374766
9054.05 -0.00036054
9066.07 -0.00034628
9078.08 -0.000331987
9090.09 -0.000317662
9102.1 -0.000303291
9114.11 -0.000288796
9126.13 -0.000274426
9138.14 -0.0002602
9150.15 -0.000246045
9162.16 -0.000231946
9174.17 -0.000217896
9186.19 -0.000203886
9198.2 -0.000189909
9210.21 -0.000175943
9222.22 -0.000161933
9234.23 -0.000148204
9246.25 -0.000134626
9258.26 -0.000121165
9270.27 -0.000107809
9282.28 -9.45512e-05
9294.29 -8.13855e-05
9306.31 -6.83039e-05
9318.32 -5.52844e-05
9330.33 -4.23639e-05
9342.34 -2.96669e-05
9354.35 -1.7109e-05
9366.37 -4.67511e-06
9378.38 7.64358e-06
9390.39 1.9856e-05
9402.4 3.19752e-05
9414.41 4.40285e-05
9426.43 5.61482e-05
9438.44 6.77906e-05
9450.45 7.91029e-05
9462.46 9.0192e-05
9474.47 0.000101086
9486.49 0.000111799
9498.5 0.000122341
9510.51 0.00013272
9522.52 0.000142949
9534.53 0.000153034
9546.55 0.000162894
9558.56 0.000172581
9570.57 0.00018211
9582.58 0.000191493
9594.59 0.000200742
9606.61 0.000209875
9618.62 0.000218928
9630.63 0.00022801
9642.64 0.000236716
9654.65 0.000244635
9666.67 0.000252219
9678.68 0.00025953
9690.69 0.000266598
9702.7 0.000273443
9714.71 0.000280076
9726.73 0.000286508
9738.74 0.000292747
9750.75 0.0002988
9762.76 0.000304674
9774.77 0.000310376
9786.79 0.000315913
9798.8 0.000321294
9810.81 0.000326531
9822.82 0.00033164
9834.83 0.000336664
9846.85 0.000341543
9858.86 0.000345779
9870.87 0.000349741
9882.88 0.000353482
9894.89 0.000357023
9906.91 0.000360376
9918.92 0.000363548
9930.93 0.000366539
9942.94 0.000369333
9954.95 0.000372068
9966.97 0.000374787
9978.98 0.000377398
9990.99 0.000379897
10003 0.000382284
10015 0.000384564
10027 0.000386746
10039 0.000388852
10051.1 0.000390944
10063.1 0.000392466
10075.1 0.000393747
10087.1 0.000394849
10099.1 0.000395788
10111.1 0.000396569
10123.1 0.00039719
10135.1 0.000397637
10147.1 0.000397862
10159.2 0.00039804
10171.2 0.000398766
10183.2 0.00039952
10195.2 0.000400244
10207.2 0.000400916
10219.2 0.000401522
10231.2 0.000402049
10243.2 0.000402483
10255.3 0.000402783
10267.3 0.000403195
10279.3 0.000403709
10291.3 0.000404188
10303.3 0.000404608
10315.3 0.000404956
10327.3 0.000405212
10339.3 0.00040535
10351.4 0.000405311
10363.4 0.000404984
10375.4 0.000405842
10387.4 0.000406948
10399.4 0.000408155
10411.4 0.000409417
10423.4 0.000410711
10435.4 0.00041202
10447.4 0.000413331
10459.5 0.000414622
10471.5 0.000415953
10483.5 0.000417458
10495.5 0.000418997
10507.5 0.000420552
10519.5 0.000422112
10531.5 0.00042367
10543.5 0.000425214
10555.6 0.000426726
10567.6 0.000428137
10579.6 0.000429968
10591.6 0.0004321
10603.6 0.000434327
10615.6 0.000436622
10627.6 0.000438977
10639.6 0.000441388
10651.7 0.000443854
10663.7 0.000446385
10675.7 0.000448974
10687.7 0.00045125
10699.7 0.000453486
10711.7 0.000455714
10723.7 0.000457941
10735.7 0.000460173
10747.7 0.000462414
10759.8 0.000464668
10771.8 0.000466947
10783.8 0.000469127
10795.8 0.000471119
10807.8 0.000473078
10819.8 0.000475017
10831.8 0.000476939
10843.8 0.000478848
10855.9 0.000480749
10867.9 0.000482651
10879.9 0.000484598
10891.9 0.000485654
10903.9 0.000486425
10915.9 0.000487098
10927.9 0.000487693
10939.9 0.000488218
10952 0.000488678
10964 0.000489075
10976 0.000489411
10988 0.000489585
11000 0.000489336
11012 0.000489002
11024 0.000488592
11036 0.000488108
11048 0.000487551
11060.1 0.000486919
11072.1 0.000486207
11084.1 0.000485409
11096.1 0.000484196
11108.1 0.000482716
11120.1 0.000481171
11132.1 0.000479561
11144.1 0.000477883
11156.2 0.000476139
11168.2 0.000474326
11180.2 0.000472442
11192.2 0.000470474
11204.2 0.000468277
11216.2 0.000466028
11228.2 0.000463722
11240.2 0.000461357
11252.3 0.000458931
11264.3 0.000456443
11276.3 0.00045389
11288.3 0.000451263
11300.3 0.000448468
11312.3 0.000445512
11324.3 0.000442532
11336.3 0.000439519
11348.3 0.00043647
11360.4 0.000433386
11372.4 0.000430266
11384.4 0.000427114
11396.4 0.000423932
11408.4 0.000420744
11420.4 0.000417524
11432.4 0.000414268
11444.4 0.000410981
11456.5 0.000407665
11468.5 0.000404324
11480.5 0.00040096
11492.5 0.000397579
11504.5 0.000394201
11516.5 0.000390873
11528.5 0.000387497
11540.5 0.000384092
11552.6 0.000380666
11564.6 0.000377225
11576.6 0.000373774
11588.6 0.000370325
11600.6 0.000366896
11612.6 0.000363626
11624.6 0.000360369
11636.6 0.000357038
11648.6 0.00035366
11660.7 0.000350248
11672.7 0.00034681
11684.7 0.000343353
11696.7 0.000339887
11708.7 0.000336435
11720.7 0.000333085
11732.7 0.00032967
11744.7 0.000326208
11756.8 0.000322714
11768.8 0.000319198
11780.8 0.000315666
11792.8 0.000312128
11804.8 0.0003086
11816.8 0.000305149
11828.8 0.000301768
11840.8 0.000298286
11852.9 0.000294754
11864.9 0.000291184
11876.9 0.000287586
11888.9 0.000283967
11900.9 0.000280335
11912.9 0.000276704
11924.9 0.000273139
11936.9 0.000269528
11948.9 0.000265869
11961 0.000262178
11973 0.000258463
11985 0.000254731
11997 0.00025099
12009 0.00024725
12021 0.000243535
12033 0.000239903
12045 0.000236178
12057.1 0.000232405
12069.1 0.000228598
12081.1 0.000224765
12093.1 0.000220912
12105.1 0.000217044
12117.1 0.000213167
12129.1 0.000209304
12141.1 0.000205431
12153.2 0.000201525
12165.2 0.000197602
12177.2 0.000193667
12189.2 0.000189727
12201.2 0.000185787
12213.2 0.000181856
12225.2 0.00017795
12237.2 0.000174133
12249.2 0.000170242
12261.3 0.000166304
12273.3 0.00016234
12285.3 0.00015836
12297.3 0.00015437
12309.3 0.000150377
12321.3 0.000146392
12333.3 0.00014244
12345.3 0.000138536
12357.4 0.000134542
12369.4 0.000130513
12381.4 0.000126461
12393.4 0.000122395
12405.4 0.000118322
12417.4 0.000114247
12429.4 0.000110184
12441.4 0.000106184
12453.5 0.000102135
12465.5 9.8026e-05
12477.5 9.38857e-05
12489.5 8.97242e-05
12501.5 8.55481e-05
12513.5 8.13634e-05
12525.5 7.71776e-05
12537.5 7.30051e-05
12549.5 6.8881e-05
12561.6 6.46698e-05
12573.6 6.04154e-05
12585.6 5.6133e-05
12597.6 5.18297e-05
12609.6 4.75102e-05
12621.6 4.3179e-05
12633.6 3.88419e-05
12645.6 3.45113e-05
12657.7 3.01793e-05
12669.7 2.57983e-05
12681.7 2.13964e-05
12693.7 1.69806e-05
12705.7 1.25558e-05
12717.7 8.12737e-06
12729.7 3.70242e-06
12741.7 -7.05043e-07
12753.8 -5.03422e-06
12765.8 -9.47993e-06
12777.8 -1.40068e-05
12789.8 -1.85811e-05
12801.8 -2.31929e-05
12813.8 -2.78373e-05
12825.8 -3.25116e-05
12837.8 -3.72147e-05
12849.8 -4.19489e-05
12861.9 -4.67164e-05
12873.9 -5.14729e-05
12885.9 -5.62366e-05
12897.9 -6.10107e-05
12909.9 -6.57957e-05
12921.9 -7.05918e-05
12933.9 -7.5399e-05
12945.9 -8.02169e-05
12958 -8.50453e-05
12970 -8.98849e-05
12982 -9.47362e-05
12994 -9.95994e-05
13006 -0.000104475
13018 -0.000109365
13030 -0.000114271
13042 -0.0001192
13054.1 -0.000124165
13066.1 -0.000129215
13078.1 -0.000134083
13090.1 -0.000138876
13102.1 -0.000143627
13114.1 -0.000148345
13126.1 -0.000153037
13138.1 -0.000157704
13150.2 -0.000162349
13162.2 -0.000166972
13174.2 -0.000171575
13186.2 -0.000176162
13198.2 -0.000180731
13210.2 -0.000185284
13222.2 -0.000189822
13234.2 -0.000194347
13246.2 -0.000198863
13258.3 -0.000203378
13270.3 -0.000207925
13282.3 -0.000212327
13294.3 -0.000216582
13306.3 -0.000220772
13318.3 -0.000224908
13330.3 -0.000228998
13342.3 -0.000233043
13354.4 -0.000237046
13366.4 -0.000241009
13378.4 -0.000244933
13390.4 -0.00024881
13402.4 -0.000252648
13414.4 -0.000256447
13426.4 -0.000260208
13438.4 -0.000263933
13450.5 -0.000267623
13462.5 -0.00027128
13474.5 -0.000274912
13486.5 -0.000278474
13498.5 -0.000281914
13510.5 -0.000285298
13522.5 -0.000288631
13534.5 -0.000291917
13546.5 -0.000295157
13558.6 -0.000298354
13570.6 -0.000301508
13582.6 -0.000304624
13594.6 -0.000307665
13606.6 -0.00031065
13618.6 -0.000313588
13630.6 -0.000316481
13642.6 -0.000319331
13654.7 -0.000322137
13666.7 -0.000324901
13678.7 -0.000327625
13690.7 -0.000330301
13702.7 -0.000332884
13714.7 -0.000335419
13726.7 -0.000337908
13738.7 -0.000340352
13750.8 -0.000342753
13762.8 -0.000345112
13774.8 -0.00034743
13786.8 -0.000349709
13798.8 -0.000351892
13810.8 -0.000353981
13822.8 -0.000356021
13834.8 -0.000358016
13846.8 -0.000359967
13858.9 -0.000361875
13870.9 -0.000363741
13882.9 -0.000365565
13894.9 -0.000367349
13906.9 -0.000369074
13918.9 -0.000370756
13930.9 -0.000372397
13942.9 -0.000373999
13955 -0.000375562
13967 -0.000377086
13979 -0.000378571
13991 -0.000380018
14003 -0.000381399
14015 -0.00038268
14027 -0.000383923
14039 -0.00038513
14051.1 -0.000386301
14063.1 -0.000387437
14075.1 -0.000388539
14087.1 -0.000389608
14099.1 -0.000390643
14111.1 -0.000391667
14123.1 -0.000392668
14135.1 -0.000393635
14147.1 -0.000394568
14159.2 -0.000395469
14171.2 -0.000396337
14183.2 -0.000397172
14195.2 -0.000397974
14207.2 -0.000398738
14219.2 -0.000399408
14231.2 -0.000400052
14243.2 -0.00040067
14255.3 -0.000401259
14267.3 -0.00040182
14279.3 -0.000402354
14291.3 -0.00040286
14303.3 -0.000403339
14315.3 -0.000403786
14327.3 -0.000404203
14339.3 -0.000404594
14351.4 -0.00040496
14363.4 -0.000405299
14375.4 -0.000405612
14387.4 -0.000405899
14399.4 -0.000406159
14411.4 -0.000406388
14423.4 -0.000406549
14435.4 -0.000406683
14447.4 -0.000406797
14459.5 -0.000406892
14471.5 -0.000406966
14483.5 -0.000407018
14495.5 -0.00040705
14507.5 -0.000407059
14519.5 -0.000407037
14531.5 -0.00040696
14543.5 -0.000406872
14555.6 -0.00040677
14567.6 -0.000406653
14579.6 -0.00040652
14591.6 -0.000406371
14603.6 -0.000406206
14615.6 -0.000406025
14627.6 -0.000405828
14639.6 -0.000405615
14651.7 -0.000405387
14663.7 -0.000405144
14675.7 -0.000404885
14687.7 -0.000404612
14699.7 -0.000404323
14711.7 -0.000404018
14723.7 -0.000403693
14735.7 -0.000403323
14747.7 -0.000402945
14759.8 -0.000402559
14771.8 -0.000402164
14783.8 -0.00040176
14795.8 -0.000401347
14807.8 -0.000400925
14819.8 -0.000400496
14831.8 -0.000400063
14843.8 -0.000399634
14855.9 -0.000399189
14867.9 -0.000398731
14879.9 -0.000398261
14891.9 -0.000397779
14903.9 -0.000397284
14915.9 -0.000396775
14927.9 -0.00039625
14939.9 -0.000395677
14952 -0.000395089
14964 -0.000394503
14976 -0.000393914
14988 -0.000393322
15000 -0.000392726
15012 -0.000392126
15024 -0.000391521
15036 -0.000390914
15048 -0.000390313
15060.1 -0.000389703
15072.1 -0.000389085
15084.1 -0.00038846
15096.1 -0.000387828
15108.1 -0.000387188
15120.1 -0.000386541
15132.1 -0.000385885
15144.1 -0.000385207
15156.2 -0.000384509
15168.2 -0.000383815
15180.2 -0.00038312
15192.2 -0.000382424
15204.2 -0.000381725
15216.2 -0.000381023
15228.2 -0.000380316
15240.2 -0.000379604
15252.3 -0.000378874
15264.3 -0.000378141
15276.3 -0.000377411
15288.3 -0.000376681
15300.3 -0.00037595
15312.3 -0.000375218
15324.3 -0.000374485
15336.3 -0.000373748
15348.3 -0.000373005
15360.4 -0.000372245
15372.4 -0.000371491
15384.4 -0.00037074
15396.4 -0.00036999
15408.4 -0.000369241
15420.4 -0.000368491
15432.4 -0.000367741
15444.4 -0.000366989
15456.5 -0.000366221
15468.5 -0.000365445
15480.5 -0.00036468
15492.5 -0.000363921
15504.5 -0.000363167
15516.5 -0.000362418
15528.5 -0.000361673
15540.5 -0.000360934
15552.6 -0.000360202
15564.6 -0.000359492
15576.6 -0.000358781
15588.6 -0.000358066
15600.6 -0.00035735
15612.6 -0.000356632
15624.6 -0.000355913
15636.6 -0.000355193
15648.6 -0.000354468
15660.7 -0.000353734
15672.7 -0.000352969
15684.7 -0.000352223
15696.7 -0.000351485
15708.7 -0.000350754
15720.7 -0.000350029
15732.7 -0.00034931
15744.7 -0.000348596
15756.8 -0.000347889
15768.8 -0.000347193
15780.8 -0.000346503
15792.8 -0.000345812
15804.8 -0.000345122
15816.8 -0.000344433
15828.8 -0.000343743
15840.8 -0.000343053
15852.9 -0.00034236
15864.9 -0.000341657
15876.9 -0.000340906
15888.9 -0.000340173
15900.9 -0.000339457
15912.9 -0.000338754
15924.9 -0.000338061
15936.9 -0.000337378
15948.9 -0.000336703
15961 -0.000336037
15973 -0.000335381
15985 -0.000334737
15997 -0.000334097
16009 -0.000333463
16021 -0.000332834
16033 -0.000332211
16045 -0.000331592
16057.1 -0.000330978
16069.1 -0.000330367
16081.1 -0.000329747
16093.1 -0.00032913
16105.1 -0.000328527
16117.1 -0.000327934
16129.1 -0.000327351
16141.1 -0.000326777
16153.2 -0.000326213
16165.2 -0.000325659
16177.2 -0.000325117
16189.2 -0.000324599
16201.2 -0.000324085
16213.2 -0.000323574
16225.2 -0.000323069
16237.2 -0.00032257
16249.2 -0.000322078
16261.3 -0.000321593
16273.3 -0.000321117
16285.3 -0.00032065
16297.3 -0.000320201
16309.3 -0.000319753
16321.3 -0.000319311
16333.3 -0.000318874
16345.3 -0.000318444
16357.4 -0.000318021
16369.4 -0.000317605
16381.4 -0.000317198
16393.4 -0.000316805
16405.4 -0.000316421
16417.4 -0.000316042
16429.4 -0.00031567
16441.4 -0.000315305
16453.5 -0.000314949
16465.5 -0.000314602
16477.5 -0.000314268
16489.5 -0.000313951
16501.5 -0.00031369
16513.5 -0.000313424
16525.5 -0.000313154
16537.5 -0.000312885
16549.5 -0.000312618
16561.6 -0.000312355
16573.6 -0.000312097
16585.6 -0.000311844
16597.6 -0.000311599
16609.6 -0.000311368
16621.6 -0.000311139
16633.6 -0.000310916
16645.6 -0.000310699
16657.7 -0.000310491
16669.7 -0.000310292
16681.7 -0.000310104
16693.7 -0.000309934
16705.7 -0.000309831
16717.7 -0.000309751
16729.7 -0.000309657
16741.7 -0.000309558
16753.8 -0.000309457
16765.8 -0.000309356
16777.8 -0.000309256
16789.8 -0.000309157
16801.8 -0.000309061
16813.8 -0.000308961
16825.8 -0.000308867
16837.8 -0.00030878
16849.8 -0.000308699
16861.9 -0.000308626
16873.9 -0.000308562
16885.9 -0.000308508
16897.9 -0.00030847
16909.9 -0.000308469
16921.9 -0.000308553
16933.9 -0.000308612
16945.9 -0.000308664
16958 -0.000308714
16970 -0.000308763
16982 -0.000308812
16994 -0.000308864
17006 -0.000308918
17018 -0.000308978
17030 -0.000309043
17042 -0.000309112
17054.1 -0.000309185
17066.1 -0.000309264
17078.1 -0.00030935
17090.1 -0.000309445
17102.1 -0.000309551
17114.1 -0.000309677
17126.1 -0.000309901
17138.1 -0.000310119
17150.2 -0.000310329
17162.2 -0.000310535
17174.2 -0.00031074
17186.2 -0.000310946
17198.2 -0.000311153
17210.2 -0.000311364
17222.2 -0.00031158
17234.2 -0.00031181
17246.2 -0.000312039
17258.3 -0.000312272
17270.3 -0.000312507
17282.3 -0.000312746
17294.3 -0.00031299
17306.3 -0.000313239
17318.3 -0.000313496
17330.3 -0.000313778
17342.3 -0.000314074
17354.4 -0.00031437
17366.4 -0.00031467
17378.4 -0.000314973
17390.4 -0.00031528
17402.4 -0.000315593
17414.4 -0.000315912
17426.4 -0.000316241
17438.4 -0.000316612
17450.5 -0.000316987
17462.5 -0.000317362
17474.5 -0.00031774
17486.5 -0.000318122
17498.5 -0.000318508
17510.5 -0.000318899
17522.5 -0.000319296
17534.5 -0.000319702
17546.5 -0.000320123
17558.6 -0.000320548
17570.6 -0.000320978
17582.6 -0.000321413
17594.6 -0.000321855
17606.6 -0.000322304
17618.6 -0.000322761
17630.6 -0.000323229
17642.6 -0.000323755
17654.7 -0.000324312
17666.7 -0.000324867
17678.7 -0.000325422
17690.7 -0.00032598
17702.7 -0.000326541
17714.7 -0.000327105
17726.7 -0.00032767
17738.7 -0.000328235
17750.8 -0.000328754
17762.8 -0.000329279
17774.8 -0.000329813
17786.8 -0.000330356
17798.8 -0.000330906
17810.8 -0.000331465
17822.8 -0.000332031
17834.8 -0.000332607
17846.8 -0.000333202
17858.9 -0.000333834
17870.9 -0.000334469
17882.9 -0.000335107
17894.9 -0.00033575
17906.9 -0.000336398
17918.9 -0.00033705
17930.9 -0.000337706
17942.9 -0.000338364
17955 -0.000338979
17967 -0.000339575
17979 -0.000340182
17991 -0.000340799
18003 -0.000341425
18015 -0.000342058
18027 -0.000342699
18039 -0.000343348
18051.1 -0.000344005
18063.1 -0.000344676
18075.1 -0.000345354
18087.1 -0.000346037
18099.1 -0.000346726
18111.1 -0.000347421
18123.1 -0.00034812
18135.1 -0.000348822
18147.1 -0.000349526
18159.2 -0.0003502
18171.2 -0.000350804
18183.2 -0.000351423
18195.2 -0.000352053
18207.2 -0.000352691
18219.2 -0.000353336
18231.2 -0.000353989
18243.2 -0.000354647
18255.3 -0.000355312
18267.3 -0.00035597
18279.3 -0.000356628
18291.3 -0.000357293
18303.3 -0.000357964
18315.3 -0.00035864
18327.3 -0.00035932
18339.3 -0.000360003
18351.4 -0.000360688
18363.4 -0.00036137
18375.4 -0.000361973
18387.4 -0.000362583
18399.4 -0.000363201
18411.4 -0.000363826
18423.4 -0.000364456
18435.4 -0.00036509
18447.4 -0.000365729
18459.5 -0.000366369
18471.5 -0.000366992
18483.5 -0.00036758
18495.5 -0.000368178
18507.5 -0.000368781
18519.5 -0.000369389
18531.5 -0.000370002
18543.5 -0.000370618
18555.6 -0.000371236
18567.6 -0.000371857
18579.6 -0.000372467
18591.6 -0.000373075
18603.6 -0.000373686
18615.6 -0.0003743
18627.6 -0.000374915
18639.6 -0.000375533
18651.7 -0.00037615
18663.7 -0.000376768
18675.7 -0.000377382
18687.7 -0.00037795
18699.7 -0.000378523
18711.7 -0.000379099
18723.7 -0.000379677
18735.7 -0.000380256
18747.7 -0.000380835
18759.8 -0.000381413
18771.8 -0.00038199
18783.8 -0.000382555
18795.8 -0.000383102
18807.8 -0.00038365
18819.8 -0.000384198
18831.8 -0.000384745
18843.8 -0.000385289
18855.9 -0.000385831
18867.9 -0.000386367
18879.9 -0.000386894
18891.9 -0.000387344
18903.9 -0.000387772
18915.9 -0.000388206
18927.9 -0.000388642
18939.9 -0.000389078
18952 -0.000389514
18964 -0.00038995
18976 -0.000390383
18988 -0.000390815
19000 -0.00039124
