7000 -0.00129104
7012.01 -0.00128858
7024.02 -0.00128609
7036.04 -0.00128351
7048.05 -0.00128088
7060.06 -0.00127829
7072.07 -0.00127571
7084.08 -0.00127312
7096.1 -0.00127051
7108.11 -0.00126789
7120.12 -0.00126524
7132.13 -0.00126252
7144.14 -0.0012596
7156.16 -0.00125675
7168.17 -0.00125396
7180.18 -0.00125119
7192.19 -0.00124843
7204.2 -0.00124566
7216.22 -0.00124288
7228.23 -0.00124005
7240.24 -0.00123712
7252.25 -0.00123396
7264.26 -0.00123097
7276.28 -0.00122804
7288.29 -0.00122513
7300.3 -0.00122223
7312.31 -0.00121931
7324.32 -0.00121635
7336.34 -0.00121329
7348.35 -0.00120983
7360.36 -0.00120635
7372.37 -0.00120317
7384.38 -0.00120012
7396.4 -0.00119718
7408.41 -0.00119432
7420.42 -0.00119153
7432.43 -0.00118882
7444.44 -0.00118621
7456.46 -0.00118393
7468.47 -0.00118118
7480.48 -0.00118168
7492.49 -0.00118602
7504.5 -0.00119073
7516.52 -0.00119571
7528.53 -0.00120096
7540.54 -0.00120651
7552.55 -0.00121243
7564.56 -0.00121893
7576.58 -0.00122618
7588.59 -0.00122317
7600.6 -0.00121583
7612.61 -0.00120788
7624.62 -0.0011995
7636.64 -0.00119077
7648.65 -0.00118174
7660.66 -0.00117248
7672.67 -0.00116282
7684.68 -0.00115258
7696.7 -0.0011466
7708.71 -0.00114075
7720.72 -0.00113482
7732.73 -0.00112874
7744.74 -0.00112247
7756.76 -0.0011159
7768.77 -0.0011087
7780.78 -0.00110182
7792.79 -0.00109481
7804.8 -0.00108672
7816.82 -0.00107851
7828.83 -0.0010702
7840.84 -0.00106178
7852.85 -0.00105326
7864.86 -0.00104468
7876.88 -0.00103601
7888.89 -0.00102687
7900.9 -0.00101944
7912.91 -0.00101454
7924.92 -0.00100972
7936.94 -0.00100489
7948.95 -0.00100002
7960.96 -0.000995045
7972.97 -0.000989769
7984.98 -0.00098468
7997 -0.000979912
8009.01 -0.000972518
8021.02 -0.00096372
8033.03 -0.000954736
8045.05 -0.000945606
8057.06 -0.000936337
8069.07 -0.000926919
8081.08 -0.000917309
8093.09 -0.000907549
8105.11 -0.000897345
8117.12 -0.000893128
8129.13 -0.000889563
8141.14 -0.000886277
8153.15 -0.00088325
8165.17 -0.000880535
8177.18 -0.000878371
8189.19 -0.000876689
8201.2 -0.00087479
8213.21 -0.000871089
8225.23 -0.000856723
8237.24 -0.000841459
8249.25 -0.000825652
8261.26 -0.000809415
8273.27 -0.000792815
8285.29 -0.000775991
8297.3 -0.000758492
8309.31 -0.000740157
8321.32 -0.000726725
8333.33 -0.000721906
8345.35 -0.000717575
8357.36 -0.000713505
8369.37 -0.000709633
8381.38 -0.000705967
8393.39 -0.000702568
8405.41 -0.000699314
8417.42 -0.000696575
8429.43 -0.000684574
8441.44 -0.000666639
8453.45 -0.000648003
8465.47 -0.000628839
8477.48 -0.0006092
8489.49 -0.000589102
8501.5 -0.000568409
8513.51 -0.000546815
8525.53 -0.000523411
8537.54 -0.000527127
8549.55 -0.000535253
8561.56 -0.000544296
8573.57 -0.000554007
8585.59 -0.000564326
8597.6 -0.000575404
8609.61 -0.000586717
8621.62 -0.000598541
8633.63 -0.000608556
8645.65 -0.00060112
8657.66 -0.000592709
8669.67 -0.000583818
8681.68 -0.000574593
8693.69 -0.000565092
8705.71 -0.000555348
8717.72 -0.000545505
8729.73 -0.000535538
8741.74 -0.000525453
8753.75 -0.000515261
8765.77 -0.000504972
8777.78 -0.000494599
8789.79 -0.000484156
8801.8 -0.000473699
8813.81 -0.000463118
8825.83 -0.000452351
8837.84 -0.000441461
8849.85 -0.000430461
8861.86 -0.000419356
8873.87 -0.000408147
8885.89 -0.000396829
8897.9 -0.000385381
8909.91 -0.000373721
8921.92 -0.000362216
8933.93 -0.000350754
8945.95 -0.000339297
8957.96 -0.000327836
8969.97 -0.000316369
8981.98 -0.000304899
8993.99 -0.000293437
9006.01 -0.000282016
9018.02 -0.000270619
9030.03 -0.000259001
9042.04 -0.00024729
9054.05 -0.000235508
9066.07 -0.000223661
9078.08 -0.00021175
9090.09 -0.000199772
9102.1 -0.000187709
9114.11 -0.000175466
9126.13 -0.00016336
9138.14 -0.00015138
9150.15 -0.000139439
9162.16 -0.000127517
9174.17 -0.000115603
9186.19 -0.000103686
9198.2 -9.17534e-05
9210.21 -7.9775e-05
9222.22 -6.76928e-05
9234.23 -5.58981e-05
9246.25 -4.42188e-05
9258.26 -3.26118e-05
9270.27 -2.10607e-05
9282.28 -9.55508e-06
9294.29 1.91433e-06
9306.31 1.33598e-05
9318.32 2.48108e-05
9330.33 3.62169e-05
9342.34 4.74305e-05
9354.35 5.8561e-05
9366.37 6.96286e-05
9378.38 8.06465e-05
9390.39 9.1628e-05
9402.4 0.000102592
9414.41 0.000113576
9426.43 0.000124752
9438.44 0.000135406
9450.45 0.000145745
9462.46 0.000155907
9474.47 0.000165929
9486.49 0.000175828
9498.5 0.00018562
9510.51 0.000195316
9522.52 0.000204933
9534.53 0.000214481
9546.55 0.00022385
9558.56 0.000233113
9570.57 0.00024229
9582.58 0.000251397
9594.59 0.000260454
9606.61 0.000269487
9618.62 0.000278548
9630.63 0.000287798
9642.64 0.000296685
9654.65 0.000304598
9666.67 0.000312168
9678.68 0.000319482
9690.69 0.000326582
9702.7 0.000333491
9714.71 0.000340226
9726.73 0.000346798
9738.74 0.00035322
9750.75 0.000359499
9762.76 0.000365643
9774.77 0.000371663
9786.79 0.000377566
9798.8 0.000383366
9810.81 0.00038908
9822.82 0.000394734
9834.83 0.000400397
9846.85 0.000406017
9858.86 0.000410768
9870.87 0.000415201
9882.88 0.000419398
9894.89 0.000423388
9906.91 0.000427186
9918.92 0.000430799
9930.93 0.000434223
9942.94 0.000437421
9954.95 0.000440594
9966.97 0.000443849
9978.98 0.000447035
9990.99 0.000450137
10003 0.000453155
10015 0.000456094
10027 0.000458971
10039 0.000461826
10051.1 0.000464805
10063.1 0.000466935
10075.1 0.000468693
10087.1 0.000470192
10099.1 0.000471457
10111.1 0.00047249
10123.1 0.000473276
10135.1 0.000473776
10147.1 0.000473875
10159.2 0.000473731
10171.2 0.000474636
10183.2 0.000475686
10195.2 0.000476752
10207.2 0.000477782
10219.2 0.000478739
10231.2 0.000479592
10243.2 0.0004803
10255.3 0.000480756
10267.3 0.000481349
10279.3 0.000482216
10291.3 0.000483065
10303.3 0.000483835
10315.3 0.000484484
10327.3 0.000484958
10339.3 0.000485179
10351.4 0.000484979
10363.4 0.000483834
10375.4 0.000484902
10387.4 0.000486691
10399.4 0.000488817
10411.4 0.000491161
10423.4 0.000493663
10435.4 0.000496278
10447.4 0.000498968
10459.5 0.000501672
10471.5 0.000504425
10483.5 0.00050765
10495.5 0.000511052
10507.5 0.00051458
10519.5 0.000518205
10531.5 0.0005219
10543.5 0.00052563
10555.6 0.000529328
10567.6 0.000532758
10579.6 0.00053686
10591.6 0.000541946
10603.6 0.000547455
10615.6 0.000553317
10627.6 0.000559508
10639.6 0.000566027
10651.7 0.000572893
10663.7 0.000580159
10675.7 0.000587985
10687.7 0.000595322
10699.7 0.000602673
10711.7 0.000610166
10723.7 0.000617847
10735.7 0.000625748
10747.7 0.000633901
10759.8 0.000642345
10771.8 0.000651159
10783.8 0.00066023
10795.8 0.000668995
10807.8 0.000677883
10819.8 0.000686972
10831.8 0.00069631
10843.8 0.000705946
10855.9 0.000715947
10867.9 0.000726434
10879.9 0.000737838
10891.9 0.000748008
10903.9 0.000757041
10915.9 0.000765847
10927.9 0.000774574
10939.9 0.000783297
10952 0.000792069
10964 0.000800947
10976 0.000810014
10988 0.000819365
11000 0.000827655
11012 0.000835713
11024 0.000843685
11036 0.000851628
11048 0.000859579
11060.1 0.000867576
11072.1 0.000875668
11084.1 0.000883978
11096.1 0.00089196
11108.1 0.000898822
11120.1 0.000905426
11132.1 0.00091187
11144.1 0.000918197
11156.2 0.000924433
11168.2 0.000930599
11180.2 0.00093672
11192.2 0.000942871
11204.2 0.000948545
11216.2 0.000953962
11228.2 0.000959248
11240.2 0.000964426
11252.3 0.000969511
11264.3 0.000974513
11276.3 0.000979447
11288.3 0.000984342
11300.3 0.00098914
11312.3 0.000993233
11324.3 0.000997111
11336.3 0.00100083
11348.3 0.0010044
11360.4 0.00100783
11372.4 0.00101113
11384.4 0.00101429
11396.4 0.00101732
11408.4 0.00102027
11420.4 0.00102316
11432.4 0.00102594
11444.4 0.0010286
11456.5 0.00103114
11468.5 0.00103357
11480.5 0.00103586
11492.5 0.00103802
11504.5 0.00104002
11516.5 0.00104216
11528.5 0.00104425
11540.5 0.00104623
11552.6 0.00104809
11564.6 0.00104985
11576.6 0.00105147
11588.6 0.00105297
11600.6 0.0010543
11612.6 0.00105564
11624.6 0.00105753
11636.6 0.00105939
11648.6 0.00106119
11660.7 0.0010629
11672.7 0.00106452
11684.7 0.00106604
11696.7 0.00106745
11708.7 0.00106873
11720.7 0.00107018
11732.7 0.00107176
11744.7 0.00107328
11756.8 0.00107471
11768.8 0.00107606
11780.8 0.00107731
11792.8 0.00107845
11804.8 0.00107948
11816.8 0.00108038
11828.8 0.00108181
11840.8 0.00108321
11852.9 0.00108454
11864.9 0.0010858
11876.9 0.00108697
11888.9 0.00108806
11900.9 0.00108906
11912.9 0.00108996
11924.9 0.00109087
11936.9 0.00109195
11948.9 0.00109296
11961 0.00109389
11973 0.00109473
11985 0.0010955
11997 0.00109617
12009 0.00109675
12021 0.00109724
12033 0.00109795
12045 0.00109872
12057.1 0.00109941
12069.1 0.00110003
12081.1 0.00110058
12093.1 0.00110104
12105.1 0.00110142
12117.1 0.00110172
12129.1 0.00110194
12141.1 0.00110223
12153.2 0.00110243
12165.2 0.00110256
12177.2 0.00110262
12189.2 0.00110259
12201.2 0.00110249
12213.2 0.00110232
12225.2 0.00110207
12237.2 0.00110191
12249.2 0.00110191
12261.3 0.00110183
12273.3 0.00110168
12285.3 0.00110146
12297.3 0.00110117
12309.3 0.00110081
12321.3 0.00110039
12333.3 0.0010999
12345.3 0.00109961
12357.4 0.00109932
12369.4 0.00109895
12381.4 0.00109852
12393.4 0.00109802
12405.4 0.00109745
12417.4 0.00109682
12429.4 0.00109612
12441.4 0.00109543
12453.5 0.00109494
12465.5 0.00109436
12477.5 0.00109372
12489.5 0.001093
12501.5 0.00109222
12513.5 0.00109138
12525.5 0.00109047
12537.5 0.00108951
12549.5 0.00108865
12561.6 0.00108783
12573.6 0.00108694
12585.6 0.00108597
12597.6 0.00108493
12609.6 0.00108382
12621.6 0.00108265
12633.6 0.00108142
12645.6 0.00108013
12657.7 0.0010789
12669.7 0.00107761
12681.7 0.00107624
12693.7 0.00107481
12705.7 0.00107331
12717.7 0.00107175
12729.7 0.00107014
12741.7 0.00106849
12753.8 0.0010669
12765.8 0.00106552
12777.8 0.00106402
12789.8 0.00106243
12801.8 0.00106074
12813.8 0.00105896
12825.8 0.0010571
12837.8 0.00105515
12849.8 0.00105311
12861.9 0.00105092
12873.9 0.00104863
12885.9 0.00104627
12897.9 0.00104383
12909.9 0.00104131
12921.9 0.00103871
12933.9 0.00103603
12945.9 0.00103327
12958 0.00103042
12970 0.00102749
12982 0.00102448
12994 0.00102137
13006 0.00101817
13018 0.00101488
13030 0.00101148
13042 0.00100797
13054.1 0.00100433
13066.1 0.00100036
13078.1 0.000996092
13090.1 0.000991849
13102.1 0.00098758
13114.1 0.000983271
13126.1 0.000978915
13138.1 0.000974508
13150.2 0.000970046
13162.2 0.000965528
13174.2 0.000960956
13186.2 0.000956321
13198.2 0.000951621
13210.2 0.000946851
13222.2 0.000942009
13234.2 0.000937087
13246.2 0.000932076
13258.3 0.000926954
13270.3 0.000921647
13282.3 0.00091591
13294.3 0.000910296
13306.3 0.000904711
13318.3 0.000899129
13330.3 0.00089354
13342.3 0.000887938
13354.4 0.000882318
13366.4 0.000876677
13378.4 0.000871005
13390.4 0.000865308
13402.4 0.00085959
13414.4 0.000853849
13426.4 0.00084808
13438.4 0.00084228
13450.5 0.000836445
13462.5 0.000830563
13474.5 0.000824612
13486.5 0.000818461
13498.5 0.000812364
13510.5 0.000806303
13522.5 0.000800258
13534.5 0.00079422
13546.5 0.000788184
13558.6 0.000782145
13570.6 0.000776097
13582.6 0.000770023
13594.6 0.000763901
13606.6 0.000757818
13618.6 0.000751749
13630.6 0.000745688
13642.6 0.00073963
13654.7 0.000733572
13666.7 0.00072751
13678.7 0.000721432
13690.7 0.000715284
13702.7 0.000709157
13714.7 0.000703069
13726.7 0.000697003
13738.7 0.000690953
13750.8 0.000684911
13762.8 0.000678873
13774.8 0.000672828
13786.8 0.000666751
13798.8 0.000660556
13810.8 0.000654476
13822.8 0.000648463
13834.8 0.000642498
13846.8 0.000636574
13858.9 0.000630684
13870.9 0.000624826
13882.9 0.000618994
13894.9 0.000613177
13906.9 0.000607376
13918.9 0.000601624
13930.9 0.000595906
13942.9 0.000590217
13955 0.000584555
13967 0.000578914
13979 0.000573287
13991 0.00056766
14003 0.000561956
14015 0.000556346
14027 0.000550826
14039 0.00054537
14051.1 0.000539972
14063.1 0.000534626
14075.1 0.00052933
14087.1 0.000524086
14099.1 0.0005189
14111.1 0.000513786
14123.1 0.000508674
14135.1 0.000503584
14147.1 0.000498518
14159.2 0.000493478
14171.2 0.000488462
14183.2 0.000483466
14195.2 0.000478483
14207.2 0.000473475
14219.2 0.000468497
14231.2 0.000463612
14243.2 0.000458784
14255.3 0.000454005
14267.3 0.000449271
14279.3 0.000444579
14291.3 0.000439926
14303.3 0.00043531
14315.3 0.000430724
14327.3 0.000426182
14339.3 0.00042168
14351.4 0.000417215
14363.4 0.000412785
14375.4 0.000408387
14387.4 0.000404018
14399.4 0.000399673
14411.4 0.000395336
14423.4 0.000390993
14435.4 0.000386749
14447.4 0.000382562
14459.5 0.000378424
14471.5 0.000374329
14483.5 0.000370274
14495.5 0.000366254
14507.5 0.000362263
14519.5 0.000358274
14531.5 0.000354342
14543.5 0.000350482
14555.6 0.000346676
14567.6 0.000342918
14579.6 0.000339205
14591.6 0.000335535
14603.6 0.000331906
14615.6 0.000328317
14627.6 0.000324765
14639.6 0.000321253
14651.7 0.000317778
14663.7 0.00031434
14675.7 0.000310937
14687.7 0.000307567
14699.7 0.000304229
14711.7 0.000300918
14723.7 0.000297625
14735.7 0.00029435
14747.7 0.00029115
14759.8 0.000287999
14771.8 0.000284892
14783.8 0.000281826
14795.8 0.0002788
14807.8 0.000275812
14819.8 0.000272866
14831.8 0.000269969
14843.8 0.000267094
14855.9 0.000264236
14867.9 0.000261404
14879.9 0.000258596
14891.9 0.000255813
14903.9 0.000253053
14915.9 0.000250312
14927.9 0.000247583
14939.9 0.000244845
14952 0.000242189
14964 0.000239585
14976 0.000237023
14988 0.000234499
15000 0.000232011
15012 0.000229558
15024 0.000227139
15036 0.000224757
15048 0.000222407
15060.1 0.000220074
15072.1 0.000217764
15084.1 0.000215478
15096.1 0.000213217
15108.1 0.000210977
15120.1 0.000208759
15132.1 0.000206559
15144.1 0.000204359
15156.2 0.000202207
15168.2 0.000200097
15180.2 0.000198019
15192.2 0.00019597
15204.2 0.000193947
15216.2 0.00019195
15228.2 0.000189976
15240.2 0.000188021
15252.3 0.000186079
15264.3 0.000184181
15276.3 0.000182315
15288.3 0.000180477
15300.3 0.000178664
15312.3 0.000176876
15324.3 0.00017511
15336.3 0.000173364
15348.3 0.000171633
15360.4 0.000169923
15372.4 0.000168254
15384.4 0.000166612
15396.4 0.000164995
15408.4 0.000163401
15420.4 0.000161829
15432.4 0.000160276
15444.4 0.00015874
15456.5 0.000157208
15468.5 0.000155719
15480.5 0.000154266
15492.5 0.000152841
15504.5 0.000151443
15516.5 0.00015007
15528.5 0.000148722
15540.5 0.000147398
15552.6 0.000146103
15564.6 0.000144838
15576.6 0.000143572
15588.6 0.000142316
15600.6 0.000141073
15612.6 0.000139844
15624.6 0.000138628
15636.6 0.000137424
15648.6 0.00013623
15660.7 0.000135036
15672.7 0.000133858
15684.7 0.000132726
15696.7 0.000131621
15708.7 0.000130538
15720.7 0.000129476
15732.7 0.000128433
15744.7 0.00012741
15756.8 0.000126407
15768.8 0.000125428
15780.8 0.000124455
15792.8 0.000123491
15804.8 0.000122539
15816.8 0.000121599
15828.8 0.000120668
15840.8 0.000119746
15852.9 0.000118831
15864.9 0.000117913
15876.9 0.000116984
15888.9 0.00011612
15900.9 0.000115289
15912.9 0.000114482
15924.9 0.000113697
15936.9 0.000112931
15948.9 0.000112185
15961 0.000111457
15973 0.000110748
15985 0.000110054
15997 0.000109372
16009 0.000108703
16021 0.000108047
16033 0.000107405
16045 0.000106774
16057.1 0.000106155
16069.1 0.000105546
16081.1 0.000104937
16093.1 0.000104358
16105.1 0.000103801
16117.1 0.000103263
16129.1 0.00010274
16141.1 0.000102234
16153.2 0.000101745
16165.2 0.000101271
16177.2 0.000100817
16189.2 0.000100383
16201.2 9.99479e-05
16213.2 9.95219e-05
16225.2 9.91062e-05
16237.2 9.87016e-05
16249.2 9.83087e-05
16261.3 9.79279e-05
16273.3 9.75601e-05
16285.3 9.72083e-05
16297.3 9.68666e-05
16309.3 9.65292e-05
16321.3 9.62008e-05
16333.3 9.58822e-05
16345.3 9.55741e-05
16357.4 9.52768e-05
16369.4 9.49911e-05
16381.4 9.47179e-05
16393.4 9.44608e-05
16405.4 9.42086e-05
16417.4 9.39644e-05
16429.4 9.37302e-05
16441.4 9.3507e-05
16453.5 9.3296e-05
16465.5 9.30985e-05
16477.5 9.29171e-05
16489.5 9.2759e-05
16501.5 9.26296e-05
16513.5 9.24733e-05
16525.5 9.23137e-05
16537.5 9.21563e-05
16549.5 9.20031e-05
16561.6 9.18557e-05
16573.6 9.17153e-05
16585.6 9.1583e-05
16597.6 9.14619e-05
16609.6 9.13479e-05
16621.6 9.1238e-05
16633.6 9.11358e-05
16645.6 9.10427e-05
16657.7 9.096e-05
16669.7 9.08898e-05
16681.7 9.08351e-05
16693.7 9.0803e-05
16705.7 9.08214e-05
16717.7 9.08014e-05
16729.7 9.07643e-05
16741.7 9.07213e-05
16753.8 9.06764e-05
16765.8 9.06318e-05
16777.8 9.05888e-05
16789.8 9.0548e-05
16801.8 9.05096e-05
16813.8 9.04735e-05
16825.8 9.04474e-05
16837.8 9.04295e-05
16849.8 9.04201e-05
16861.9 9.04202e-05
16873.9 9.04313e-05
16885.9 9.04561e-05
16897.9 9.05001e-05
16909.9 9.05913e-05
16921.9 9.06761e-05
16933.9 9.07282e-05
16945.9 9.07704e-05
16958 9.0808e-05
16970 9.08439e-05
16982 9.08798e-05
16994 9.09171e-05
17006 9.09571e-05
17018 9.10017e-05
17030 9.10484e-05
17042 9.10986e-05
17054.1 9.11538e-05
17066.1 9.12152e-05
17078.1 9.12843e-05
17090.1 9.13635e-05
17102.1 9.14571e-05
17114.1 9.15777e-05
17126.1 9.17383e-05
17138.1 9.18517e-05
17150.2 9.19503e-05
17162.2 9.20412e-05
17174.2 9.21276e-05
17186.2 9.22116e-05
17198.2 9.22946e-05
17210.2 9.23783e-05
17222.2 9.24669e-05
17234.2 9.25545e-05
17246.2 9.26388e-05
17258.3 9.27226e-05
17270.3 9.2807e-05
17282.3 9.28929e-05
17294.3 9.29811e-05
17306.3 9.3073e-05
17318.3 9.31713e-05
17330.3 9.32857e-05
17342.3 9.33904e-05
17354.4 9.34905e-05
17366.4 9.35891e-05
17378.4 9.36879e-05
17390.4 9.37879e-05
17402.4 9.38904e-05
17414.4 9.39973e-05
17426.4 9.41137e-05
17438.4 9.42455e-05
17450.5 9.43605e-05
17462.5 9.447e-05
17474.5 9.45766e-05
17486.5 9.46815e-05
17498.5 9.47857e-05
17510.5 9.489e-05
17522.5 9.49955e-05
17534.5 9.51062e-05
17546.5 9.52163e-05
17558.6 9.53234e-05
17570.6 9.54297e-05
17582.6 9.55366e-05
17594.6 9.56448e-05
17606.6 9.57558e-05
17618.6 9.58719e-05
17630.6 9.59984e-05
17642.6 9.61592e-05
17654.7 9.62938e-05
17666.7 9.64117e-05
17678.7 9.6519e-05
17690.7 9.66175e-05
17702.7 9.67079e-05
17714.7 9.679e-05
17726.7 9.68623e-05
17738.7 9.69187e-05
17750.8 9.69514e-05
17762.8 9.7002e-05
17774.8 9.70577e-05
17786.8 9.71157e-05
17798.8 9.71751e-05
17810.8 9.72355e-05
17822.8 9.72975e-05
17834.8 9.73622e-05
17846.8 9.74407e-05
17858.9 9.75142e-05
17870.9 9.75747e-05
17882.9 9.76269e-05
17894.9 9.76717e-05
17906.9 9.77088e-05
17918.9 9.77375e-05
17930.9 9.7756e-05
17942.9 9.77591e-05
17955 9.77253e-05
17967 9.77078e-05
17979 9.76983e-05
17991 9.76915e-05
18003 9.76855e-05
18015 9.7679e-05
18027 9.76713e-05
18039 9.7662e-05
18051.1 9.76515e-05
18063.1 9.76403e-05
18075.1 9.76218e-05
18087.1 9.75971e-05
18099.1 9.7566e-05
18111.1 9.75273e-05
18123.1 9.74799e-05
18135.1 9.74213e-05
18147.1 9.73465e-05
18159.2 9.72266e-05
18171.2 9.71092e-05
18183.2 9.70091e-05
18195.2 9.69148e-05
18207.2 9.68227e-05
18219.2 9.67307e-05
18231.2 9.66372e-05
18243.2 9.65409e-05
18255.3 9.64398e-05
18267.3 9.63285e-05
18279.3 9.62182e-05
18291.3 9.61061e-05
18303.3 9.59906e-05
18315.3 9.58701e-05
18327.3 9.57434e-05
18339.3 9.56085e-05
18351.4 9.54622e-05
18363.4 9.52933e-05
18375.4 9.5094e-05
18387.4 9.49181e-05
18399.4 9.47475e-05
18411.4 9.45782e-05
18423.4 9.4408e-05
18435.4 9.4235e-05
18447.4 9.40573e-05
18459.5 9.38716e-05
18471.5 9.36625e-05
18483.5 9.34561e-05
18495.5 9.32576e-05
18507.5 9.30612e-05
18519.5 9.28649e-05
18531.5 9.26674e-05
18543.5 9.24676e-05
18555.6 9.22646e-05
18567.6 9.20564e-05
18579.6 9.18379e-05
18591.6 9.16212e-05
18603.6 9.14032e-05
18615.6 9.11826e-05
18627.6 9.09583e-05
18639.6 9.07295e-05
18651.7 9.04949e-05
18663.7 9.02527e-05
18675.7 8.99966e-05
18687.7 8.97248e-05
18699.7 8.94628e-05
18711.7 8.92015e-05
18723.7 8.89386e-05
18735.7 8.8673e-05
18747.7 8.84035e-05
18759.8 8.81293e-05
18771.8 8.78483e-05
18783.8 8.75532e-05
18795.8 8.72571e-05
18807.8 8.69609e-05
18819.8 8.66618e-05
18831.8 8.63583e-05
18843.8 8.60491e-05
18855.9 8.57325e-05
18867.9 8.54057e-05
18879.9 8.50617e-05
18891.9 8.46793e-05
18903.9 8.43205e-05
18915.9 8.39711e-05
18927.9 8.36257e-05
18939.9 8.32822e-05
18952 8.29393e-05
18964 8.25961e-05
18976 8.22518e-05
18988 8.19051e-05
19000 8.15559e-05
