7000 -0.00139561
7012.01 -0.0013945
7024.02 -0.00139334
7036.04 -0.00139211
7048.05 -0.00139079
7060.06 -0.00138948
7072.07 -0.00138816
7084.08 -0.00138683
7096.1 -0.00138547
7108.11 -0.00138409
7120.12 -0.00138267
7132.13 -0.0013812
7144.14 -0.00137953
7156.16 -0.00137784
7168.17 -0.0013762
7180.18 -0.00137456
7192.19 -0.00137291
7204.2 -0.00137126
7216.22 -0.00136958
7228.23 -0.00136785
7240.24 -0.00136604
7252.25 -0.00136396
7264.26 -0.00136198
7276.28 -0.00136004
7288.29 -0.0013581
7300.3 -0.00135616
7312.31 -0.00135419
7324.32 -0.00135218
7336.34 -0.00135008
7348.35 -0.00134763
7360.36 -0.00134499
7372.37 -0.00134255
7384.38 -0.00134021
7396.4 -0.00133792
7408.41 -0.00133568
7420.42 -0.00133345
7432.43 -0.00133125
7444.44 -0.00132906
7456.46 -0.00132712
7468.47 -0.00132471
7480.48 -0.00132699
7492.49 -0.00133475
7504.5 -0.00134306
7516.52 -0.00135176
7528.53 -0.00136085
7540.54 -0.00137034
7552.55 -0.00138035
7564.56 -0.00139114
7576.58 -0.00140307
7588.59 -0.00140083
7600.6 -0.00139261
7612.61 -0.00138358
7624.62 -0.00137398
7636.64 -0.00136394
7648.65 -0.00135348
7660.66 -0.00134271
7672.67 -0.00133146
7684.68 -0.00131952
7696.7 -0.00131323
7708.71 -0.00130716
7720.72 -0.00130102
7732.73 -0.00129475
7744.74 -0.00128827
7756.76 -0.0012815
7768.77 -0.00127405
7780.78 -0.0012667
7792.79 -0.00125953
7804.8 -0.00125304
7816.82 -0.00124655
7828.83 -0.00124001
7840.84 -0.00123342
7852.85 -0.00122678
7864.86 -0.00122011
7876.88 -0.00121347
7888.89 -0.00120653
7900.9 -0.00119992
7912.91 -0.00119387
7924.92 -0.00118771
7936.94 -0.00118144
7948.95 -0.00117502
7960.96 -0.00116842
7972.97 -0.00116143
7984.98 -0.0011544
7997 -0.00114743
8009.01 -0.00114023
8021.02 -0.00113287
8033.03 -0.00112543
8045.05 -0.00111791
8057.06 -0.0011103
8069.07 -0.0011026
8081.08 -0.00109475
8093.09 -0.00108681
8105.11 -0.00107864
8117.12 -0.00107342
8129.13 -0.00106852
8141.14 -0.00106375
8153.15 -0.00105912
8165.17 -0.00105469
8177.18 -0.00105064
8189.19 -0.00104708
8201.2 -0.00104325
8213.21 -0.00103805
8225.23 -0.00102514
8237.24 -0.00101152
8249.25 -0.000997454
8261.26 -0.000983018
8273.27 -0.000968264
8285.29 -0.000953322
8297.3 -0.000937836
8309.31 -0.000921624
8321.32 -0.00090954
8333.33 -0.00090472
8345.35 -0.000900296
8357.36 -0.000896074
8369.37 -0.000892007
8381.38 -0.000888104
8393.39 -0.00088444
8405.41 -0.00088092
8417.42 -0.000877894
8429.43 -0.000865598
8441.44 -0.000847354
8453.45 -0.000828389
8465.47 -0.000808872
8477.48 -0.000788855
8489.49 -0.000768352
8501.5 -0.000747253
8513.51 -0.000725247
8525.53 -0.000701421
8537.54 -0.000704564
8549.55 -0.000712073
8561.56 -0.000720472
8573.57 -0.00072951
8585.59 -0.000739119
8597.6 -0.000749448
8609.61 -0.000760087
8621.62 -0.000771237
8633.63 -0.000780605
8645.65 -0.0007728
8657.66 -0.000764028
8669.67 -0.000754779
8681.68 -0.000745194
8693.69 -0.000735333
8705.71 -0.000725221
8717.72 -0.000714989
8729.73 -0.000704623
8741.74 -0.000694133
8753.75 -0.000683528
8765.77 -0.000672819
8777.78 -0.000662017
8789.79 -0.000651139
8801.8 -0.000640231
8813.81 -0.000629225
8825.83 -0.000618044
8837.84 -0.000606744
8849.85 -0.000595337
8861.86 -0.000583828
8873.87 -0.000572221
8885.89 -0.00056051
8897.9 -0.000548679
8909.91 -0.000536648
8921.92 -0.00052472
8933.93 -0.000512824
8945.95 -0.000500931
8957.96 -0.000489031
8969.97 -0.000477124
8981.98 -0.000465216
8993.99 -0.000453315
9006.01 -0.000441451
9018.02 -0.000429629
9030.03 -0.000417632
9042.04 -0.00040556
9054.05 -0.000393433
9066.07 -0.000381258
9078.08 -0.000369037
9090.09 -0.000356767
9102.1 -0.000344436
9114.11 -0.000331964
9126.13 -0.000319586
9138.14 -0.000307329
9150.15 -0.000295122
9162.16 -0.000282947
9174.17 -0.000270795
9186.19 -0.00025866
9198.2 -0.000246531
9210.21 -0.000234384
9222.22 -0.00022216
9234.23 -0.00021018
9246.25 -0.000198321
9258.26 -0.000186548
9270.27 -0.000174847
9282.28 -0.00016321
9294.29 -0.000151632
9306.31 -0.000140102
9318.32 -0.000128598
9330.33 -0.000117149
9342.34 -0.000105886
9354.35 -9.47239e-05
9366.37 -8.36471e-05
9378.38 -7.26455e-05
9390.39 -6.17091e-05
9402.4 -5.08234e-05
9414.41 -3.99589e-05
9426.43 -2.8974e-05
9438.44 -1.84054e-05
9450.45 -8.13192e-06
9462.46 1.95781e-06
9474.47 1.18932e-05
9486.49 2.16896e-05
9498.5 3.13578e-05
9510.51 4.0907e-05
9522.52 5.03498e-05
9534.53 5.9698e-05
9546.55 6.88643e-05
9558.56 7.79021e-05
9570.57 8.68274e-05
9582.58 9.56524e-05
9594.59 0.000104391
9606.61 0.000113065
9618.62 0.000121713
9630.63 0.000130457
9642.64 0.000138927
9654.65 0.000146614
9666.67 0.000153988
9678.68 0.000161119
9690.69 0.000168039
9702.7 0.000174768
9714.71 0.000181318
9726.73 0.0001877
9738.74 0.000193923
9750.75 0.000199993
9762.76 0.000205917
9774.77 0.000211704
9786.79 0.00021736
9798.8 0.000222894
9810.81 0.00022832
9822.82 0.000233658
9834.83 0.000238958
9846.85 0.000244192
9858.86 0.000248773
9870.87 0.000253082
9882.88 0.000257182
9894.89 0.000261094
9906.91 0.000264831
9918.92 0.000268399
9930.93 0.000271798
9942.94 0.000275004
9954.95 0.000278151
9966.97 0.000281319
9978.98 0.000284405
9990.99 0.000287399
10003 0.000290301
10015 0.000293116
10027 0.000295856
10039 0.000298548
10051.1 0.000301289
10063.1 0.000303439
10075.1 0.000305315
10087.1 0.000306994
10099.1 0.000308496
10111.1 0.000309824
10123.1 0.000310971
10135.1 0.000311915
10147.1 0.000312587
10159.2 0.000313098
10171.2 0.000314263
10183.2 0.0003155
10195.2 0.00031673
10207.2 0.000317919
10219.2 0.000319047
10231.2 0.000320095
10243.2 0.00032104
10255.3 0.000321819
10267.3 0.00032268
10279.3 0.000323696
10291.3 0.000324688
10303.3 0.000325621
10315.3 0.00032647
10327.3 0.000327208
10339.3 0.000327791
10351.4 0.000328125
10363.4 0.000327937
10375.4 0.000329092
10387.4 0.000330648
10399.4 0.000332382
10411.4 0.000334228
10423.4 0.000336148
10435.4 0.000338118
10447.4 0.000340117
10459.5 0.000342109
10471.5 0.000344129
10483.5 0.000346402
10495.5 0.000348756
10507.5 0.000351162
10519.5 0.000353605
10531.5 0.000356069
10543.5 0.000358537
10555.6 0.000360974
10567.6 0.000363261
10579.6 0.000365961
10591.6 0.000369159
10603.6 0.000372554
10615.6 0.000376105
10627.6 0.000379799
10639.6 0.000383632
10651.7 0.00038761
10663.7 0.000391757
10675.7 0.000396128
10687.7 0.000400179
10699.7 0.000404207
10711.7 0.000408271
10723.7 0.000412393
10735.7 0.000416586
10747.7 0.000420861
10759.8 0.000425235
10771.8 0.000429739
10783.8 0.000434279
10795.8 0.000438614
10807.8 0.000442963
10819.8 0.00044736
10831.8 0.000451821
10843.8 0.000456364
10855.9 0.000461014
10867.9 0.000465814
10879.9 0.000470931
10891.9 0.000475202
10903.9 0.000478935
10915.9 0.000482528
10927.9 0.00048604
10939.9 0.000489501
10952 0.00049293
10964 0.000496346
10976 0.000499778
10988 0.000503207
11000 0.000506068
11012 0.000508793
11024 0.000511437
11036 0.000514018
11048 0.000516548
11060.1 0.000519039
11072.1 0.000521503
11084.1 0.000523974
11096.1 0.000526112
11108.1 0.000527747
11120.1 0.000529251
11132.1 0.000530656
11144.1 0.000531975
11156.2 0.000533215
11168.2 0.000534383
11180.2 0.000535484
11192.2 0.000536534
11204.2 0.000537303
11216.2 0.000537951
11228.2 0.000538515
11240.2 0.000539001
11252.3 0.000539412
11264.3 0.00053975
11276.3 0.000540019
11288.3 0.000540221
11300.3 0.000540286
11312.3 0.000540042
11324.3 0.00053971
11336.3 0.000539299
11348.3 0.000538814
11360.4 0.000538256
11372.4 0.000537629
11384.4 0.000536933
11396.4 0.000536169
11408.4 0.000535369
11420.4 0.000534522
11432.4 0.000533613
11444.4 0.000532641
11456.5 0.000531608
11468.5 0.000530515
11480.5 0.000529364
11492.5 0.000528157
11504.5 0.000526896
11516.5 0.000525697
11528.5 0.000524441
11540.5 0.000523131
11552.6 0.000521768
11564.6 0.000520355
11576.6 0.000518893
11588.6 0.000517387
11600.6 0.000515844
11612.6 0.000514396
11624.6 0.000513094
11636.6 0.000511729
11648.6 0.000510309
11660.7 0.000508837
11672.7 0.000507314
11684.7 0.000505745
11696.7 0.000504133
11708.7 0.000502488
11720.7 0.000500949
11732.7 0.000499392
11744.7 0.00049778
11756.8 0.000496117
11768.8 0.000494408
11780.8 0.000492655
11792.8 0.000490863
11804.8 0.000489042
11816.8 0.000487231
11828.8 0.000485597
11840.8 0.000483881
11852.9 0.000482105
11864.9 0.000480277
11876.9 0.0004784
11888.9 0.000476479
11900.9 0.000474518
11912.9 0.000472526
11924.9 0.000470576
11936.9 0.000468628
11948.9 0.000466622
11961 0.000464565
11973 0.000462463
11985 0.00046032
11997 0.000458141
12009 0.000455932
12021 0.00045371
12033 0.000451595
12045 0.000449423
12057.1 0.00044719
12069.1 0.000444907
12081.1 0.000442578
12093.1 0.000440206
12105.1 0.000437795
12117.1 0.00043535
12129.1 0.00043289
12141.1 0.000430429
12153.2 0.000427918
12165.2 0.000425367
12177.2 0.000422781
12189.2 0.000420164
12201.2 0.000417521
12213.2 0.000414858
12225.2 0.000412189
12237.2 0.000409604
12249.2 0.000406995
12261.3 0.000404325
12273.3 0.00040161
12285.3 0.000398857
12297.3 0.000396073
12309.3 0.000393262
12321.3 0.000390433
12333.3 0.000387607
12345.3 0.000384862
12357.4 0.00038204
12369.4 0.000379166
12381.4 0.000376251
12393.4 0.0003733
12405.4 0.000370319
12417.4 0.000367314
12429.4 0.000364297
12441.4 0.000361321
12453.5 0.000358353
12465.5 0.000355309
12477.5 0.000352216
12489.5 0.000349083
12501.5 0.000345913
12513.5 0.000342714
12525.5 0.000339492
12537.5 0.000336259
12549.5 0.000333083
12561.6 0.000329843
12573.6 0.000326542
12585.6 0.000323192
12597.6 0.000319801
12609.6 0.000316373
12621.6 0.000312911
12633.6 0.000309422
12645.6 0.000305917
12657.7 0.000302418
12669.7 0.000298857
12681.7 0.000295253
12693.7 0.000291613
12705.7 0.000287943
12717.7 0.000284246
12729.7 0.000280532
12741.7 0.000276813
12753.8 0.00027317
12765.8 0.000269478
12777.8 0.000265681
12789.8 0.000261812
12801.8 0.000257881
12813.8 0.000253894
12825.8 0.000249851
12837.8 0.000245753
12849.8 0.000241597
12861.9 0.000237369
12873.9 0.000233115
12885.9 0.000228828
12897.9 0.000224504
12909.9 0.000220143
12921.9 0.000215742
12933.9 0.000211303
12945.9 0.000206825
12958 0.000202308
12970 0.000197752
12982 0.000193154
12994 0.000188514
13006 0.000183831
13018 0.000179101
13030 0.000174321
13042 0.000169483
13054.1 0.00016457
13066.1 0.000159488
13078.1 0.000154472
13090.1 0.000149518
13102.1 0.000144583
13114.1 0.000139656
13126.1 0.000134732
13138.1 0.000129805
13150.2 0.000124874
13162.2 0.000119938
13174.2 0.000114995
13186.2 0.000110041
13198.2 0.000105075
13210.2 0.000100096
13222.2 9.51016e-05
13234.2 9.00876e-05
13246.2 8.5048e-05
13258.3 7.99695e-05
13270.3 7.48032e-05
13282.3 6.96346e-05
13294.3 6.4619e-05
13306.3 5.96589e-05
13318.3 5.47374e-05
13330.3 4.98467e-05
13342.3 4.49825e-05
13354.4 4.01417e-05
13366.4 3.53216e-05
13378.4 3.05183e-05
13390.4 2.57401e-05
13402.4 2.09833e-05
13414.4 1.62453e-05
13426.4 1.15245e-05
13438.4 6.81893e-06
13450.5 2.1258e-06
13462.5 -2.55979e-06
13474.5 -7.25122e-06
13486.5 -1.19464e-05
13498.5 -1.65265e-05
13510.5 -2.10541e-05
13522.5 -2.55408e-05
13534.5 -2.99913e-05
13546.5 -3.44089e-05
13558.6 -3.87961e-05
13570.6 -4.3156e-05
13582.6 -4.74976e-05
13594.6 -5.17931e-05
13606.6 -5.60353e-05
13618.6 -6.02394e-05
13630.6 -6.44086e-05
13642.6 -6.85449e-05
13654.7 -7.26501e-05
13666.7 -7.67264e-05
13678.7 -8.07783e-05
13690.7 -8.48151e-05
13702.7 -8.87708e-05
13714.7 -9.26777e-05
13726.7 -9.65441e-05
13738.7 -0.000100373
13750.8 -0.000104167
13762.8 -0.00010793
13774.8 -0.000111664
13786.8 -0.00011538
13798.8 -0.000119051
13810.8 -0.00012261
13822.8 -0.000126111
13834.8 -0.000129564
13846.8 -0.000132971
13858.9 -0.000136335
13870.9 -0.000139658
13882.9 -0.000142941
13894.9 -0.00014619
13906.9 -0.000149386
13918.9 -0.000152534
13930.9 -0.000155642
13942.9 -0.000158711
13955 -0.000161741
13967 -0.000164736
13979 -0.000167697
13991 -0.000170628
14003 -0.000173529
14015 -0.000176316
14027 -0.000179046
14039 -0.000181728
14051.1 -0.000184365
14063.1 -0.000186959
14075.1 -0.000189511
14087.1 -0.000192022
14099.1 -0.000194489
14111.1 -0.000196929
14123.1 -0.00019935
14135.1 -0.00020174
14147.1 -0.000204095
14159.2 -0.000206418
14171.2 -0.000208708
14183.2 -0.000210965
14195.2 -0.000213193
14207.2 -0.000215398
14219.2 -0.000217513
14231.2 -0.000219578
14243.2 -0.000221605
14255.3 -0.000223595
14267.3 -0.000225549
14279.3 -0.000227468
14291.3 -0.000229353
14303.3 -0.000231206
14315.3 -0.000233024
14327.3 -0.000234804
14339.3 -0.00023655
14351.4 -0.000238265
14363.4 -0.000239948
14375.4 -0.000241601
14387.4 -0.000243224
14399.4 -0.000244817
14411.4 -0.000246385
14423.4 -0.000247893
14435.4 -0.000249348
14447.4 -0.00025077
14459.5 -0.00025216
14471.5 -0.000253521
14483.5 -0.000254853
14495.5 -0.000256156
14507.5 -0.000257432
14519.5 -0.000258682
14531.5 -0.000259865
14543.5 -0.000261018
14555.6 -0.000262142
14567.6 -0.000263238
14579.6 -0.000264308
14591.6 -0.000265351
14603.6 -0.000266369
14615.6 -0.000267362
14627.6 -0.00026833
14639.6 -0.000269272
14651.7 -0.00027019
14663.7 -0.000271084
14675.7 -0.000271955
14687.7 -0.000272803
14699.7 -0.000273629
14711.7 -0.000274432
14723.7 -0.000275214
14735.7 -0.00027595
14747.7 -0.000276654
14759.8 -0.000277337
14771.8 -0.000277999
14783.8 -0.000278641
14795.8 -0.000279262
14807.8 -0.000279864
14819.8 -0.000280446
14831.8 -0.000281011
14843.8 -0.000281573
14855.9 -0.000282117
14867.9 -0.000282642
14879.9 -0.000283149
14891.9 -0.000283638
14903.9 -0.000284109
14915.9 -0.000284562
14927.9 -0.000284997
14939.9 -0.000285393
14952 -0.000285748
14964 -0.000286088
14976 -0.000286412
14988 -0.000286721
15000 -0.000287015
15012 -0.000287295
15024 -0.00028756
15036 -0.000287812
15048 -0.000288059
15060.1 -0.000288293
15072.1 -0.000288513
15084.1 -0.000288719
15096.1 -0.000288911
15108.1 -0.00028909
15120.1 -0.000289256
15132.1 -0.000289407
15144.1 -0.00028954
15156.2 -0.000289638
15168.2 -0.000289726
15180.2 -0.000289803
15192.2 -0.000289869
15204.2 -0.000289924
15216.2 -0.000289968
15228.2 -0.000290001
15240.2 -0.000290022
15252.3 -0.000290023
15264.3 -0.000290007
15276.3 -0.000289982
15288.3 -0.000289949
15300.3 -0.000289906
15312.3 -0.000289854
15324.3 -0.000289794
15336.3 -0.000289724
15348.3 -0.000289644
15360.4 -0.000289541
15372.4 -0.000289429
15384.4 -0.00028931
15396.4 -0.000289185
15408.4 -0.000289052
15420.4 -0.000288913
15432.4 -0.000288765
15444.4 -0.00028861
15456.5 -0.000288441
15468.5 -0.000288248
15480.5 -0.000288052
15492.5 -0.000287852
15504.5 -0.000287647
15516.5 -0.000287438
15528.5 -0.000287225
15540.5 -0.000287009
15552.6 -0.000286789
15564.6 -0.000286578
15576.6 -0.000286368
15588.6 -0.000286152
15600.6 -0.000285929
15612.6 -0.000285701
15624.6 -0.000285467
15636.6 -0.000285227
15648.6 -0.000284981
15660.7 -0.000284726
15672.7 -0.000284436
15684.7 -0.000284146
15696.7 -0.000283855
15708.7 -0.000283562
15720.7 -0.000283267
15732.7 -0.00028297
15744.7 -0.000282671
15756.8 -0.000282371
15768.8 -0.000282073
15780.8 -0.000281779
15792.8 -0.00028148
15804.8 -0.000281179
15816.8 -0.000280873
15828.8 -0.000280564
15840.8 -0.000280252
15852.9 -0.000279934
15864.9 -0.000279609
15876.9 -0.000279243
15888.9 -0.000278867
15900.9 -0.000278496
15912.9 -0.000278127
15924.9 -0.00027776
15936.9 -0.000277394
15948.9 -0.000277029
15961 -0.000276665
15973 -0.000276303
15985 -0.000275947
15997 -0.00027559
16009 -0.000275234
16021 -0.000274877
16033 -0.00027452
16045 -0.000274164
16057.1 -0.000273807
16069.1 -0.00027345
16081.1 -0.000273084
16093.1 -0.000272708
16105.1 -0.000272337
16117.1 -0.000271968
16129.1 -0.000271602
16141.1 -0.000271239
16153.2 -0.000270878
16165.2 -0.00027052
16177.2 -0.000270165
16189.2 -0.000269825
16201.2 -0.000269489
16213.2 -0.000269153
16225.2 -0.000268819
16237.2 -0.000268485
16249.2 -0.000268153
16261.3 -0.000267823
16273.3 -0.000267496
16285.3 -0.000267171
16297.3 -0.000266859
16309.3 -0.000266546
16321.3 -0.000266235
16333.3 -0.000265925
16345.3 -0.000265617
16357.4 -0.000265311
16369.4 -0.000265007
16381.4 -0.000264706
16393.4 -0.000264412
16405.4 -0.000264124
16417.4 -0.000263838
16429.4 -0.000263553
16441.4 -0.000263271
16453.5 -0.000262992
16465.5 -0.000262716
16477.5 -0.000262445
16489.5 -0.000262181
16501.5 -0.000261957
16513.5 -0.000261741
16525.5 -0.000261522
16537.5 -0.000261303
16549.5 -0.000261084
16561.6 -0.000260866
16573.6 -0.000260649
16585.6 -0.000260434
16597.6 -0.000260222
16609.6 -0.00026002
16621.6 -0.000259818
16633.6 -0.000259618
16645.6 -0.00025942
16657.7 -0.000259225
16669.7 -0.000259033
16681.7 -0.000258846
16693.7 -0.000258665
16705.7 -0.000258526
16717.7 -0.000258427
16729.7 -0.000258321
16741.7 -0.000258212
16753.8 -0.000258103
16765.8 -0.000257993
16777.8 -0.000257883
16789.8 -0.000257774
16801.8 -0.000257665
16813.8 -0.000257553
16825.8 -0.000257441
16837.8 -0.000257331
16849.8 -0.000257224
16861.9 -0.00025712
16873.9 -0.000257019
16885.9 -0.000256921
16897.9 -0.00025683
16909.9 -0.000256753
16921.9 -0.000256761
16933.9 -0.000256759
16945.9 -0.000256755
16958 -0.00025675
16970 -0.000256745
16982 -0.000256741
16994 -0.000256738
17006 -0.000256736
17018 -0.000256737
17030 -0.000256742
17042 -0.000256748
17054.1 -0.000256757
17066.1 -0.000256768
17078.1 -0.000256782
17090.1 -0.000256799
17102.1 -0.00025682
17114.1 -0.000256848
17126.1 -0.000256951
17138.1 -0.000257071
17150.2 -0.000257189
17162.2 -0.000257308
17174.2 -0.000257427
17186.2 -0.000257547
17198.2 -0.00025767
17210.2 -0.000257794
17222.2 -0.000257922
17234.2 -0.000258063
17246.2 -0.000258206
17258.3 -0.000258351
17270.3 -0.000258498
17282.3 -0.000258649
17294.3 -0.000258802
17306.3 -0.000258959
17318.3 -0.000259119
17330.3 -0.000259296
17342.3 -0.000259491
17354.4 -0.000259689
17366.4 -0.00025989
17378.4 -0.000260094
17390.4 -0.000260301
17402.4 -0.000260513
17414.4 -0.000260728
17426.4 -0.000260948
17438.4 -0.000261201
17450.5 -0.000261465
17462.5 -0.000261732
17474.5 -0.000262004
17486.5 -0.000262279
17498.5 -0.000262559
17510.5 -0.000262843
17522.5 -0.000263132
17534.5 -0.000263427
17546.5 -0.000263737
17558.6 -0.000264052
17570.6 -0.000264372
17582.6 -0.000264696
17594.6 -0.000265026
17606.6 -0.000265362
17618.6 -0.000265702
17630.6 -0.000266049
17642.6 -0.000266433
17654.7 -0.00026686
17666.7 -0.000267294
17678.7 -0.000267733
17690.7 -0.000268179
17702.7 -0.000268631
17714.7 -0.00026909
17726.7 -0.000269555
17738.7 -0.000270028
17750.8 -0.000270467
17762.8 -0.000270903
17774.8 -0.000271346
17786.8 -0.000271795
17798.8 -0.000272252
17810.8 -0.000272715
17822.8 -0.000273186
17834.8 -0.000273663
17846.8 -0.000274152
17858.9 -0.00027468
17870.9 -0.000275216
17882.9 -0.00027576
17894.9 -0.000276313
17906.9 -0.000276873
17918.9 -0.000277442
17930.9 -0.00027802
17942.9 -0.000278606
17955 -0.000279171
17967 -0.000279708
17979 -0.000280252
17991 -0.000280804
18003 -0.000281364
18015 -0.000281932
18027 -0.000282508
18039 -0.000283092
18051.1 -0.000283684
18063.1 -0.000284291
18075.1 -0.000284907
18087.1 -0.000285532
18099.1 -0.000286166
18111.1 -0.000286809
18123.1 -0.000287461
18135.1 -0.000288122
18147.1 -0.000288792
18159.2 -0.000289457
18171.2 -0.000290053
18183.2 -0.000290654
18195.2 -0.000291262
18207.2 -0.000291878
18219.2 -0.000292501
18231.2 -0.000293131
18243.2 -0.000293769
18255.3 -0.000294415
18267.3 -0.000295061
18279.3 -0.000295706
18291.3 -0.000296358
18303.3 -0.000297018
18315.3 -0.000297685
18327.3 -0.000298359
18339.3 -0.000299042
18351.4 -0.000299732
18363.4 -0.00030043
18375.4 -0.000301069
18387.4 -0.000301701
18399.4 -0.000302339
18411.4 -0.000302983
18423.4 -0.000303633
18435.4 -0.000304289
18447.4 -0.00030495
18459.5 -0.000305618
18471.5 -0.000306282
18483.5 -0.000306911
18495.5 -0.000307545
18507.5 -0.000308183
18519.5 -0.000308827
18531.5 -0.000309475
18543.5 -0.000310127
18555.6 -0.000310785
18567.6 -0.000311447
18579.6 -0.000312104
18591.6 -0.000312759
18603.6 -0.000313417
18615.6 -0.00031408
18627.6 -0.000314746
18639.6 -0.000315417
18651.7 -0.000316091
18663.7 -0.00031677
18675.7 -0.000317452
18687.7 -0.000318099
18699.7 -0.000318746
18711.7 -0.000319395
18723.7 -0.000320046
18735.7 -0.000320701
18747.7 -0.000321358
18759.8 -0.000322017
18771.8 -0.000322679
18783.8 -0.000323336
18795.8 -0.000323977
18807.8 -0.00032462
18819.8 -0.000325264
18831.8 -0.00032591
18843.8 -0.000326557
18855.9 -0.000327205
18867.9 -0.000327854
18879.9 -0.000328503
18891.9 -0.000329099
18903.9 -0.000329662
18915.9 -0.000330225
18927.9 -0.000330788
18939.9 -0.00033135
18952 -0.000331913
18964 -0.000332475
18976 -0.000333036
18988 -0.000333597
19000 -0.000334153
