7000 -133.677
7012.01 -134.827
7024.02 -135.95
7036.04 -137.044
7048.05 -138.107
7060.06 -139.137
7072.07 -140.133
7084.08 -141.093
7096.1 -142.017
7108.11 -142.901
7120.12 -143.746
7132.13 -144.549
7144.14 -145.309
7156.16 -146.025
7168.17 -146.697
7180.18 -147.322
7192.19 -147.899
7204.2 -148.429
7216.22 -148.909
7228.23 -149.339
7240.24 -149.719
7252.25 -150.048
7264.26 -150.325
7276.28 -150.549
7288.29 -150.722
7300.3 -150.842
7312.31 -150.91
7324.32 -150.925
7336.34 -150.887
7348.35 -150.798
7360.36 -150.656
7372.37 -150.463
7384.38 -150.219
7396.4 -149.924
7408.41 -149.581
7420.42 -149.188
7432.43 -148.747
7444.44 -148.259
7456.46 -147.725
7468.47 -147.146
7480.48 -146.312
7492.49 -145.272
7504.5 -144.19
7516.52 -143.067
7528.53 -141.903
7540.54 -140.701
7552.55 -139.462
7564.56 -138.188
7576.58 -136.879
7588.59 -135.614
7600.6 -134.337
7612.61 -133.03
7624.62 -131.695
7636.64 -130.334
7648.65 -128.948
7660.66 -127.538
7672.67 -126.107
7684.68 -124.674
7696.7 -123.705
7708.71 -122.72
7720.72 -121.72
7732.73 -120.706
7744.74 -119.681
7756.76 -118.644
7768.77 -117.597
7780.78 -116.542
7792.79 -115.49
7804.8 -114.456
7816.82 -113.417
7828.83 -112.375
7840.84 -111.329
7852.85 -110.282
7864.86 -109.233
7876.88 -108.184
7888.89 -107.136
7900.9 -106.152
7912.91 -105.23
7924.92 -104.312
7936.94 -103.398
7948.95 -102.488
7960.96 -101.584
7972.97 -100.685
7984.98 -99.793
7997 -98.9077
8009.01 -97.8185
8021.02 -96.6659
8033.03 -95.5207
8045.05 -94.3832
8057.06 -93.2539
8069.07 -92.133
8081.08 -91.0208
8093.09 -89.9177
8105.11 -88.8238
8117.12 -87.9645
8129.13 -87.1184
8141.14 -86.2828
8153.15 -85.458
8165.17 -84.644
8177.18 -83.841
8189.19 -83.0491
8201.2 -82.2683
8213.21 -81.3304
8225.23 -79.8169
8237.24 -78.3126
8249.25 -76.8174
8261.26 -75.3314
8273.27 -73.8545
8285.29 -72.3868
8297.3 -70.9283
8309.31 -69.4788
8321.32 -68.3092
8333.33 -67.467
8345.35 -66.6355
8357.36 -65.8146
8369.37 -65.0043
8381.38 -64.2044
8393.39 -63.4148
8405.41 -62.6355
8417.42 -61.8664
8429.43 -60.5107
8441.44 -58.9043
8453.45 -57.3053
8465.47 -55.7136
8477.48 -54.1291
8489.49 -52.5517
8501.5 -50.9812
8513.51 -49.4176
8525.53 -47.8607
8537.54 -46.5389
8549.55 -45.2403
8561.56 -43.9488
8573.57 -42.6641
8585.59 -41.3862
8597.6 -40.1149
8609.61 -38.8501
8621.62 -37.5916
8633.63 -36.4181
8645.65 -35.6335
8657.66 -34.856
8669.67 -34.0856
8681.68 -33.3222
8693.69 -32.5655
8705.71 -31.8155
8717.72 -31.072
8729.73 -30.3349
8741.74 -29.604
8753.75 -28.8793
8765.77 -28.1605
8777.78 -27.4475
8789.79 -26.7403
8801.8 -26.0386
8813.81 -25.3423
8825.83 -24.6513
8837.84 -23.9656
8849.85 -23.2848
8861.86 -22.609
8873.87 -21.9379
8885.89 -21.2715
8897.9 -20.6096
8909.91 -19.9521
8921.92 -19.2988
8933.93 -18.6497
8945.95 -18.0046
8957.96 -17.3635
8969.97 -16.726
8981.98 -16.0923
8993.99 -15.4621
9006.01 -14.8352
9018.02 -14.2117
9030.03 -13.5914
9042.04 -12.9741
9054.05 -12.3597
9066.07 -11.7482
9078.08 -11.1393
9090.09 -10.5331
9102.1 -9.92939
9114.11 -9.32803
9126.13 -8.72893
9138.14 -8.13198
9150.15 -7.53707
9162.16 -6.9441
9174.17 -6.35296
9186.19 -5.76353
9198.2 -5.17572
9210.21 -4.58941
9222.22 -4.00451
9234.23 -3.4209
9246.25 -2.83849
9258.26 -2.25718
9270.27 -1.67685
9282.28 -1.09741
9294.29 -0.518758
9306.31 0.0592067
9318.32 0.636583
9330.33 1.21347
9342.34 1.78997
9354.35 2.36618
9366.37 2.94219
9378.38 3.5181
9390.39 4.09401
9402.4 4.67001
9414.41 5.2462
9426.43 5.82268
9438.44 6.39953
9450.45 6.97686
9462.46 7.55474
9474.47 8.13329
9486.49 8.71258
9498.5 9.29271
9510.51 9.87377
9522.52 10.4559
9534.53 11.0391
9546.55 11.6235
9558.56 12.2091
9570.57 12.7962
9582.58 13.3847
9594.59 13.9748
9606.61 14.5666
9618.62 15.16
9630.63 15.7553
9642.64 16.3524
9654.65 16.9516
9666.67 17.5528
9678.68 18.1562
9690.69 18.7618
9702.7 19.3697
9714.71 19.98
9726.73 20.5928
9738.74 21.2081
9750.75 21.8261
9762.76 22.4468
9774.77 23.0703
9786.79 23.6967
9798.8 24.326
9810.81 24.9583
9822.82 25.5937
9834.83 26.2323
9846.85 26.8741
9858.86 27.5192
9870.87 28.1677
9882.88 28.8197
9894.89 29.4752
9906.91 30.1342
9918.92 30.7969
9930.93 31.4633
9942.94 32.1334
9954.95 32.8074
9966.97 33.4852
9978.98 34.167
9990.99 34.8528
10003 35.5426
10015 36.2365
10027 36.9345
10039 37.6368
10051.1 38.3432
10063.1 39.0539
10075.1 39.7689
10087.1 40.4882
10099.1 41.2119
10111.1 41.94
10123.1 42.6725
10135.1 43.4095
10147.1 44.1509
10159.2 44.8968
10171.2 45.6472
10183.2 46.402
10195.2 47.1614
10207.2 47.9252
10219.2 48.6936
10231.2 49.4664
10243.2 50.2437
10255.3 51.0254
10267.3 51.8115
10279.3 52.602
10291.3 53.3969
10303.3 54.1961
10315.3 54.9996
10327.3 55.8073
10339.3 56.6191
10351.4 57.435
10363.4 58.255
10375.4 59.0789
10387.4 59.9066
10399.4 60.7381
10411.4 61.5733
10423.4 62.4121
10435.4 63.2542
10447.4 64.0997
10459.5 64.9484
10471.5 65.8002
10483.5 66.6548
10495.5 67.5122
10507.5 68.3722
10519.5 69.2346
10531.5 70.0992
10543.5 70.9659
10555.6 71.8344
10567.6 72.7045
10579.6 73.576
10591.6 74.4487
10603.6 75.3224
10615.6 76.1967
10627.6 77.0715
10639.6 77.9464
10651.7 78.8212
10663.7 79.6956
10675.7 80.5693
10687.7 81.442
10699.7 82.3134
10711.7 83.1831
10723.7 84.0508
10735.7 84.9161
10747.7 85.7788
10759.8 86.6384
10771.8 87.4945
10783.8 88.3469
10795.8 88.7241
10807.8 88.6676
10819.8 88.6042
10831.8 88.5333
10843.8 88.4545
10855.9 88.3674
10867.9 88.2717
10879.9 88.1667
10891.9 88.0522
10903.9 88.3335
10915.9 88.7291
10927.9 89.115
10939.9 89.4906
10952 89.8555
10964 90.2092
10976 90.5512
10988 90.8811
11000 91.1983
11012 91.5847
11024 91.9578
11036 92.3171
11048 92.6621
11060.1 92.9924
11072.1 93.3075
11084.1 93.6071
11096.1 93.8906
11108.1 94.182
11120.1 94.5361
11132.1 94.8732
11144.1 95.1928
11156.2 95.4946
11168.2 95.7782
11180.2 96.0433
11192.2 96.2896
11204.2 96.5166
11216.2 96.88
11228.2 97.3961
11240.2 97.8927
11252.3 98.3696
11264.3 98.8267
11276.3 99.2636
11288.3 99.6802
11300.3 100.076
11312.3 100.452
11324.3 100.893
11336.3 101.35
11348.3 101.785
11360.4 102.2
11372.4 102.594
11384.4 102.967
11396.4 103.318
11408.4 103.649
11420.4 103.959
11432.4 103.937
11444.4 103.875
11456.5 103.791
11468.5 103.686
11480.5 103.559
11492.5 103.412
11504.5 103.244
11516.5 103.055
11528.5 102.91
11540.5 103.032
11552.6 103.134
11564.6 103.218
11576.6 103.283
11588.6 103.329
11600.6 103.357
11612.6 103.367
11624.6 103.359
11636.6 103.337
11648.6 103.301
11660.7 103.249
11672.7 103.18
11684.7 103.096
11696.7 102.997
11708.7 102.883
11720.7 102.754
11732.7 102.612
11744.7 102.302
11756.8 101.9
11768.8 101.486
11780.8 101.058
11792.8 100.618
11804.8 100.166
11816.8 99.7029
11828.8 99.2286
11840.8 98.7438
11852.9 98.2731
11864.9 97.7956
11876.9 97.3089
11888.9 96.8134
11900.9 96.3095
11912.9 95.7978
11924.9 95.2785
11936.9 94.7521
11948.9 94.2233
11961 93.7174
11973 93.2057
11985 92.6886
11997 92.1664
12009 91.6396
12021 91.1084
12033 90.5733
12045 90.0347
12057.1 89.5333
12069.1 89.0977
12081.1 88.6598
12093.1 88.2198
12105.1 87.7782
12117.1 87.3351
12129.1 86.891
12141.1 86.446
12153.2 86.0004
12165.2 85.1681
12177.2 84.0822
12189.2 82.9953
12201.2 81.9076
12213.2 80.8193
12225.2 79.7308
12237.2 78.6421
12249.2 77.5536
12261.3 76.4654
12273.3 75.7876
12285.3 75.1904
12297.3 74.595
12309.3 74.0016
12321.3 73.4104
12333.3 72.8215
12345.3 72.2351
12357.4 71.6513
12369.4 71.0598
12381.4 70.3507
12393.4 69.6444
12405.4 68.941
12417.4 68.2406
12429.4 67.5432
12441.4 66.8491
12453.5 66.1582
12465.5 65.4707
12477.5 64.9608
12489.5 64.8344
12501.5 64.7128
12513.5 64.5959
12525.5 64.4837
12537.5 64.3764
12549.5 64.2741
12561.6 64.1766
12573.6 64.0842
12585.6 63.7473
12597.6 63.2159
12609.6 62.6888
12621.6 62.166
12633.6 61.6475
12645.6 61.1333
12657.7 60.6234
12669.7 60.1179
12681.7 59.6168
12693.7 58.7005
12705.7 57.6765
12717.7 56.6558
12729.7 55.6386
12741.7 54.6247
12753.8 53.6141
12765.8 52.607
12777.8 51.6032
12789.8 50.5978
12801.8 49.3942
12813.8 48.1936
12825.8 46.9959
12837.8 45.8011
12849.8 44.6092
12861.9 43.4201
12873.9 42.2339
12885.9 41.0506
12897.9 40.1166
12909.9 39.866
12921.9 39.62
12933.9 39.3783
12945.9 39.1412
12958 38.9084
12970 38.6799
12982 38.4558
12994 38.236
13006 37.951
13018 37.6006
13030 37.2541
13042 36.9116
13054.1 36.5729
13066.1 36.238
13078.1 35.907
13090.1 35.5797
13102.1 35.2562
13114.1 34.6699
13126.1 33.9901
13138.1 33.3132
13150.2 32.6392
13162.2 31.9681
13174.2 31.2999
13186.2 30.6345
13198.2 29.9718
13210.2 29.3118
13222.2 29.5812
13234.2 29.8778
13246.2 30.1787
13258.3 30.4839
13270.3 30.7934
13282.3 31.1071
13294.3 31.425
13306.3 31.747
13318.3 31.8934
13330.3 31.3656
13342.3 30.8403
13354.4 30.3175
13366.4 29.797
13378.4 29.2789
13390.4 28.7631
13402.4 28.2496
13414.4 27.7383
13426.4 27.0692
13438.4 26.2009
13450.5 25.3342
13462.5 24.4688
13474.5 23.6049
13486.5 22.7423
13498.5 21.8811
13510.5 21.0211
13522.5 20.1624
13534.5 20.0676
13546.5 20.3254
13558.6 20.5864
13570.6 20.8504
13582.6 21.1175
13594.6 21.3876
13606.6 21.6606
13618.6 21.9367
13630.6 22.2156
13642.6 22.5073
13654.7 22.8027
13666.7 23.101
13678.7 23.402
13690.7 23.7058
13702.7 24.0123
13714.7 24.3215
13726.7 24.6333
13738.7 24.7577
13750.8 23.8959
13762.8 23.0346
13774.8 22.1738
13786.8 21.3134
13798.8 20.4533
13810.8 19.5936
13822.8 18.7342
13834.8 17.8751
13846.8 16.9774
13858.9 16.0206
13870.9 15.0638
13882.9 14.1069
13894.9 13.15
13906.9 12.193
13918.9 11.2358
13930.9 10.2785
13942.9 9.32102
13955 8.68539
13967 8.24023
13979 7.79566
13991 7.35165
14003 6.90818
14015 6.4652
14027 6.02269
14039 5.58061
14051.1 5.13894
14063.1 5.15021
14075.1 5.22964
14087.1 5.31027
14099.1 5.39207
14111.1 5.475
14123.1 5.55902
14135.1 5.64412
14147.1 5.73025
14159.2 5.82212
14171.2 5.95532
14183.2 6.08954
14195.2 6.22475
14207.2 6.36092
14219.2 6.49801
14231.2 6.63599
14243.2 6.77484
14255.3 6.91452
14267.3 6.84752
14279.3 6.3753
14291.3 5.9028
14303.3 5.42996
14315.3 4.95677
14327.3 4.48318
14339.3 4.00918
14351.4 3.53472
14363.4 3.05977
14375.4 2.71224
14387.4 2.45684
14399.4 2.20122
14411.4 1.94536
14423.4 1.68921
14435.4 1.43276
14447.4 1.17597
14459.5 0.918796
14471.5 0.661218
14483.5 0.511306
14495.5 0.385745
14507.5 0.259898
14519.5 0.133732
14531.5 0.00721481
14543.5 -0.119688
14555.6 -0.247009
14567.6 -0.374783
14579.6 -0.513686
14591.6 -0.83078
14603.6 -1.14874
14615.6 -1.46759
14627.6 -1.78738
14639.6 -2.10813
14651.7 -2.42988
14663.7 -2.75266
14675.7 -3.07651
14687.7 -3.4492
14699.7 -3.93987
14711.7 -4.43199
14723.7 -4.92558
14735.7 -5.42068
14747.7 -5.91733
14759.8 -6.41556
14771.8 -6.9154
14783.8 -7.41691
14795.8 -8.13243
14807.8 -9.04296
14819.8 -9.9559
14831.8 -10.8713
14843.8 -11.7892
14855.9 -12.7096
14867.9 -13.6326
14879.9 -14.5582
14891.9 -15.4864
14903.9 -15.785
14915.9 -15.8923
14927.9 -16.001
14939.9 -16.1111
14952 -16.2227
14964 -16.3358
14976 -16.4505
14988 -16.5668
15000 -16.6847
15012 -16.2314
15024 -15.7789
15036 -15.3272
15048 -14.8763
15060.1 -14.4264
15072.1 -13.9773
15084.1 -13.5293
15096.1 -13.0822
15108.1 -12.7588
15120.1 -12.839
15132.1 -12.9212
15144.1 -13.0053
15156.2 -13.0914
15168.2 -13.1795
15180.2 -13.2697
15192.2 -13.3619
15204.2 -13.4562
15216.2 -13.8204
15228.2 -14.4823
15240.2 -15.1472
15252.3 -15.8152
15264.3 -16.4864
15276.3 -17.1607
15288.3 -17.8382
15300.3 -18.5188
15312.3 -19.2027
15324.3 -19.6578
15336.3 -20.0208
15348.3 -20.3865
15360.4 -20.755
15372.4 -21.1263
15384.4 -21.5004
15396.4 -21.8773
15408.4 -22.257
15420.4 -22.6395
15432.4 -23.0665
15444.4 -23.4988
15456.5 -23.934
15468.5 -24.3722
15480.5 -24.8132
15492.5 -25.2571
15504.5 -25.7039
15516.5 -26.1535
15528.5 -26.532
15540.5 -26.5878
15552.6 -26.6458
15564.6 -26.706
15576.6 -26.7682
15588.6 -26.8326
15600.6 -26.8991
15612.6 -26.9675
15624.6 -27.038
15636.6 -27.013
15648.6 -26.8547
15660.7 -26.6978
15672.7 -26.5424
15684.7 -26.3883
15696.7 -26.2355
15708.7 -26.0838
15720.7 -25.9333
15732.7 -25.7838
15744.7 -25.7919
15756.8 -25.8815
15768.8 -25.9721
15780.8 -26.0637
15792.8 -26.1562
15804.8 -26.2494
15816.8 -26.3432
15828.8 -26.4375
15840.8 -26.5322
15852.9 -26.9053
15864.9 -27.3114
15876.9 -27.7179
15888.9 -28.1245
15900.9 -28.5313
15912.9 -28.9378
15924.9 -29.3441
15936.9 -29.7498
15948.9 -30.169
15961 -30.6832
15973 -31.1965
15985 -31.7086
15997 -32.2193
16009 -32.7283
16021 -33.2355
16033 -33.7407
16045 -34.2435
16057.1 -34.8733
16069.1 -35.7203
16081.1 -36.5647
16093.1 -37.4062
16105.1 -38.2447
16117.1 -39.0798
16129.1 -39.9112
16141.1 -40.7387
16153.2 -41.562
16165.2 -42.3917
16177.2 -43.2236
16189.2 -44.0505
16201.2 -44.8721
16213.2 -45.6881
16225.2 -46.4981
16237.2 -47.3019
16249.2 -48.0992
16261.3 -48.8898
16273.3 -49.0168
16285.3 -49.009
16297.3 -48.9925
16309.3 -48.9669
16321.3 -48.9319
16333.3 -48.8874
16345.3 -48.833
16357.4 -48.7685
16369.4 -48.6979
16381.4 -48.6662
16393.4 -48.6237
16405.4 -48.5703
16417.4 -48.5057
16429.4 -48.4296
16441.4 -48.342
16453.5 -48.2427
16465.5 -48.1314
16477.5 -48.0991
16489.5 -48.2535
16501.5 -48.396
16513.5 -48.5264
16525.5 -48.6446
16537.5 -48.7505
16549.5 -48.8441
16561.6 -48.9252
16573.6 -48.994
16585.6 -49.2386
16597.6 -49.6213
16609.6 -49.992
16621.6 -50.3506
16633.6 -50.6972
16645.6 -51.0318
16657.7 -51.3545
16669.7 -51.6654
16681.7 -51.9644
16693.7 -52.5853
16705.7 -53.2837
16717.7 -53.9711
16729.7 -54.6479
16741.7 -55.314
16753.8 -55.9698
16765.8 -56.6152
16777.8 -57.2506
16789.8 -57.8755
16801.8 -58.4651
16813.8 -59.0452
16825.8 -59.6159
16837.8 -60.1776
16849.8 -60.7304
16861.9 -61.2746
16873.9 -61.8104
16885.9 -62.3382
16897.9 -62.6549
16909.9 -62.4035
16921.9 -62.1437
16933.9 -61.8757
16945.9 -61.5999
16958 -61.3164
16970 -61.0257
16982 -60.7279
16994 -60.4234
17006 -60.0101
17018 -59.488
17030 -58.9597
17042 -58.4255
17054.1 -57.8857
17066.1 -57.3404
17078.1 -56.7901
17090.1 -56.2349
17102.1 -55.6752
17114.1 -55.1616
17126.1 -54.6624
17138.1 -54.1594
17150.2 -53.6531
17162.2 -53.1435
17174.2 -52.6309
17186.2 -52.1157
17198.2 -51.5979
17210.2 -51.0779
17222.2 -50.7589
17234.2 -50.4433
17246.2 -50.1263
17258.3 -49.8083
17270.3 -49.4893
17282.3 -49.1696
17294.3 -48.8494
17306.3 -48.5288
17318.3 -48.2608
17330.3 -48.1924
17342.3 -48.1244
17354.4 -48.057
17366.4 -47.9905
17378.4 -47.9249
17390.4 -47.8604
17402.4 -47.7971
17414.4 -47.7351
17426.4 -47.7045
17438.4 -47.713
17450.5 -47.7234
17462.5 -47.7356
17474.5 -47.7498
17486.5 -47.7661
17498.5 -47.7846
17510.5 -47.8054
17522.5 -47.8285
17534.5 -47.3585
17546.5 -46.6628
17558.6 -45.9687
17570.6 -45.2763
17582.6 -44.5856
17594.6 -43.8966
17606.6 -43.2095
17618.6 -42.5242
17630.6 -41.8409
17642.6 -40.7695
17654.7 -39.6652
17666.7 -38.5624
17678.7 -37.4612
17690.7 -36.3614
17702.7 -35.2632
17714.7 -34.1666
17726.7 -33.0716
17738.7 -31.9985
17750.8 -31.0325
17762.8 -30.0684
17774.8 -29.1061
17786.8 -28.1456
17798.8 -27.187
17810.8 -26.2303
17822.8 -25.2754
17834.8 -24.3224
17846.8 -23.5579
17858.9 -23.0812
17870.9 -22.6071
17882.9 -22.1355
17894.9 -21.6663
17906.9 -21.1997
17918.9 -20.7355
17930.9 -20.2738
17942.9 -19.8146
17955 -19.6149
17967 -19.5699
17979 -19.5277
17991 -19.4886
18003 -19.4523
18015 -19.4191
18027 -19.3887
18039 -19.3612
18051.1 -19.3366
18063.1 -19.2444
18075.1 -19.1446
18087.1 -19.0475
18099.1 -18.953
18111.1 -18.8613
18123.1 -18.7721
18135.1 -18.6857
18147.1 -18.6018
18159.2 -18.471
18171.2 -17.9192
18183.2 -17.3694
18195.2 -16.8214
18207.2 -16.2753
18219.2 -15.7311
18231.2 -15.1887
18243.2 -14.6481
18255.3 -14.1094
18267.3 -13.4871
18279.3 -12.6998
18291.3 -11.9139
18303.3 -11.1294
18315.3 -10.3462
18327.3 -9.56433
18339.3 -8.78377
18351.4 -8.00449
18363.4 -7.22647
18375.4 -6.65854
18387.4 -6.243
18399.4 -5.82912
18411.4 -5.41688
18423.4 -5.00625
18435.4 -4.59721
18447.4 -4.18975
18459.5 -3.78383
18471.5 -3.37944
18483.5 -3.31459
18495.5 -3.3287
18507.5 -3.34482
18519.5 -3.36292
18531.5 -3.38298
18543.5 -3.40497
18555.6 -3.42888
18567.6 -3.45469
18579.6 -3.49252
18591.6 -3.70133
18603.6 -3.91221
18615.6 -4.12514
18627.6 -4.3401
18639.6 -4.55707
18651.7 -4.77603
18663.7 -4.99696
18675.7 -5.21984
18687.7 -5.42838
18699.7 -5.59904
18711.7 -5.77151
18723.7 -5.9458
18735.7 -6.12187
18747.7 -6.29972
18759.8 -6.47931
18771.8 -6.66065
18783.8 -6.8437
18795.8 -6.81282
18807.8 -6.58743
18819.8 -6.3632
18831.8 -6.14008
18843.8 -5.91808
18855.9 -5.69717
18867.9 -5.47735
18879.9 -5.25858
18891.9 -5.04086
18903.9 -4.72322
18915.9 -4.37565
18927.9 -4.02891
18939.9 -3.68299
18952 -3.33788
18964 -2.99356
18976 -2.65002
18988 -2.30724
19000 -1.96522
