7000 -18.0651
7012.01 -18.023
7024.02 -17.9805
7036.04 -17.9376
7048.05 -17.8943
7060.06 -17.8507
7072.07 -17.8067
7084.08 -17.7623
7096.1 -17.7176
7108.11 -17.6725
7120.12 -17.627
7132.13 -17.5811
7144.14 -17.5348
7156.16 -17.4881
7168.17 -17.441
7180.18 -17.3936
7192.19 -17.3457
7204.2 -17.2974
7216.22 -17.2488
7228.23 -17.1997
7240.24 -17.1502
7252.25 -17.1002
7264.26 -17.0499
7276.28 -16.9991
7288.29 -16.9479
7300.3 -16.8963
7312.31 -16.8442
7324.32 -16.7917
7336.34 -16.7388
7348.35 -16.6854
7360.36 -16.6315
7372.37 -16.5773
7384.38 -16.5225
7396.4 -16.4673
7408.41 -16.4116
7420.42 -16.3555
7432.43 -16.2988
7444.44 -16.2417
7456.46 -16.1842
7468.47 -16.1261
7480.48 -17.3011
7492.49 -19.4263
7504.5 -21.5581
7516.52 -23.6963
7528.53 -25.8411
7540.54 -27.9923
7552.55 -30.15
7564.56 -32.3142
7576.58 -34.4848
7588.59 -34.1491
7600.6 -33.1922
7612.61 -32.2319
7624.62 -31.2681
7636.64 -30.3008
7648.65 -29.33
7660.66 -28.3558
7672.67 -27.378
7684.68 -26.4249
7696.7 -26.1512
7708.71 -25.8763
7720.72 -25.6001
7732.73 -25.3226
7744.74 -25.0438
7756.76 -24.7637
7768.77 -24.4823
7780.78 -24.1996
7792.79 -23.8872
7804.8 -23.4988
7816.82 -23.1088
7828.83 -22.7172
7840.84 -22.3239
7852.85 -21.929
7864.86 -21.5323
7876.88 -21.134
7888.89 -20.7341
7900.9 -20.402
7912.91 -20.1346
7924.92 -19.8659
7936.94 -19.5959
7948.95 -19.3246
7960.96 -19.052
7972.97 -18.7781
7984.98 -18.5028
7997 -18.2262
8009.01 -17.8086
8021.02 -17.3425
8033.03 -16.8745
8045.05 -16.4045
8057.06 -15.9327
8069.07 -15.4588
8081.08 -14.9831
8093.09 -14.5054
8105.11 -14.0257
8117.12 -13.8213
8129.13 -13.6194
8141.14 -13.4163
8153.15 -13.212
8165.17 -13.0066
8177.18 -12.8
8189.19 -12.5922
8201.2 -12.3832
8213.21 -12.0781
8225.23 -11.4411
8237.24 -10.8015
8249.25 -10.1595
8261.26 -9.51502
8273.27 -8.86803
8285.29 -8.21854
8297.3 -7.56653
8309.31 -6.912
8321.32 -6.50213
8333.33 -6.38047
8345.35 -6.25781
8357.36 -6.13413
8369.37 -6.00943
8381.38 -5.88369
8393.39 -5.75691
8405.41 -5.62908
8417.42 -5.50018
8429.43 -4.97477
8441.44 -4.27549
8453.45 -3.57349
8465.47 -2.86877
8477.48 -2.16131
8489.49 -1.4511
8501.5 -0.738125
8513.51 -0.0223802
8525.53 0.69615
8537.54 1.0462
8549.55 1.37168
8561.56 1.69887
8573.57 2.02777
8585.59 2.35841
8597.6 2.69078
8609.61 3.0249
8621.62 3.3608
8633.63 3.66538
8645.65 3.81094
8657.66 3.95777
8669.67 4.10588
8681.68 4.25529
8693.69 4.40601
8705.71 4.55806
8717.72 4.71144
8729.73 4.86618
8741.74 5.02228
8753.75 5.17977
8765.77 5.33866
8777.78 5.49896
8789.79 5.66069
8801.8 5.82386
8813.81 5.98849
8825.83 6.15459
8837.84 6.32219
8849.85 6.49129
8861.86 6.66192
8873.87 6.83408
8885.89 7.0078
8897.9 7.18309
8909.91 7.35998
8921.92 7.53846
8933.93 7.71857
8945.95 7.90033
8957.96 8.08373
8969.97 8.26882
8981.98 8.4556
8993.99 8.64409
9006.01 8.8343
9018.02 9.02627
9030.03 9.22
9042.04 9.41552
9054.05 9.61283
9066.07 9.81197
9078.08 10.013
9090.09 10.2158
9102.1 10.4205
9114.11 10.6271
9126.13 10.8357
9138.14 11.0461
9150.15 11.2586
9162.16 11.473
9174.17 11.6894
9186.19 11.9078
9198.2 12.1283
9210.21 12.3508
9222.22 12.5754
9234.23 12.8021
9246.25 13.0309
9258.26 13.2619
9270.27 13.495
9282.28 13.7303
9294.29 13.9678
9306.31 14.2075
9318.32 14.4495
9330.33 14.6938
9342.34 14.9403
9354.35 15.1892
9366.37 15.4403
9378.38 15.6939
9390.39 15.9498
9402.4 16.2081
9414.41 16.4688
9426.43 16.732
9438.44 16.9976
9450.45 17.2658
9462.46 17.5364
9474.47 17.8095
9486.49 18.0852
9498.5 18.3635
9510.51 18.6444
9522.52 18.9278
9534.53 19.2139
9546.55 19.5027
9558.56 19.7942
9570.57 20.0883
9582.58 20.3851
9594.59 20.6847
9606.61 20.9871
9618.62 21.2922
9630.63 21.6002
9642.64 21.9109
9654.65 22.2245
9666.67 22.541
9678.68 22.8603
9690.69 23.1825
9702.7 23.5076
9714.71 23.8357
9726.73 24.1667
9738.74 24.5007
9750.75 24.8377
9762.76 25.1776
9774.77 25.5206
9786.79 25.8666
9798.8 26.2156
9810.81 26.5677
9822.82 26.9229
9834.83 27.2811
9846.85 27.6425
9858.86 28.0069
9870.87 28.3745
9882.88 28.7452
9894.89 29.119
9906.91 29.496
9918.92 29.8761
9930.93 30.2594
9942.94 30.6458
9954.95 31.0354
9966.97 31.4282
9978.98 31.8241
9990.99 32.2232
10003 32.6255
10015 33.031
10027 33.4396
10039 33.8514
10051.1 34.2663
10063.1 34.6844
10075.1 35.1056
10087.1 35.5299
10099.1 35.9574
10111.1 36.3879
10123.1 36.8216
10135.1 37.2583
10147.1 37.6981
10159.2 38.1409
10171.2 38.5867
10183.2 39.0355
10195.2 39.4872
10207.2 39.9419
10219.2 40.3994
10231.2 40.8599
10243.2 41.3231
10255.3 41.7892
10267.3 42.2579
10279.3 42.7294
10291.3 43.2036
10303.3 43.6803
10315.3 44.1596
10327.3 44.6415
10339.3 45.1257
10351.4 45.6124
10363.4 46.1014
10375.4 46.5926
10387.4 47.0861
10399.4 47.5816
10411.4 48.0792
10423.4 48.5788
10435.4 49.0802
10447.4 49.5835
10459.5 50.0885
10471.5 50.5951
10483.5 51.1032
10495.5 51.6127
10507.5 52.1236
10519.5 52.6357
10531.5 53.149
10543.5 53.6632
10555.6 54.1783
10567.6 54.6942
10579.6 55.2107
10591.6 55.7277
10603.6 56.2452
10615.6 56.7628
10627.6 57.2806
10639.6 57.7984
10651.7 58.316
10663.7 58.8332
10675.7 59.35
10687.7 59.8662
10699.7 60.3816
10711.7 60.896
10723.7 61.4093
10735.7 61.9213
10747.7 62.4319
10759.8 62.9408
10771.8 63.4479
10783.8 63.953
10795.8 64.1131
10807.8 63.9584
10819.8 63.7997
10831.8 63.6368
10843.8 63.4695
10855.9 63.2975
10867.9 63.1208
10879.9 62.9391
10891.9 62.7521
10903.9 62.8377
10915.9 63.003
10927.9 63.1634
10939.9 63.3185
10952 63.4682
10964 63.6122
10976 63.7503
10988 63.8823
11000 64.0081
11012 64.1637
11024 64.3126
11036 64.4547
11048 64.5897
11060.1 64.7175
11072.1 64.8377
11084.1 64.9503
11096.1 65.055
11108.1 65.1856
11120.1 65.4192
11132.1 65.6447
11144.1 65.8618
11156.2 66.0704
11168.2 66.2702
11180.2 66.4612
11192.2 66.643
11204.2 66.8156
11216.2 67.0471
11228.2 67.3447
11240.2 67.6328
11252.3 67.9113
11264.3 68.1801
11276.3 68.4389
11288.3 68.6878
11300.3 68.9265
11312.3 69.1549
11324.3 69.4504
11336.3 69.7673
11348.3 70.0738
11360.4 70.3699
11372.4 70.6554
11384.4 70.9302
11396.4 71.1944
11408.4 71.4478
11420.4 71.6903
11432.4 71.6814
11444.4 71.6466
11456.5 71.6003
11468.5 71.5424
11480.5 71.473
11492.5 71.3921
11504.5 71.2996
11516.5 71.1956
11528.5 71.1124
11540.5 71.1599
11552.6 71.1964
11564.6 71.2217
11576.6 71.236
11588.6 71.2393
11600.6 71.2317
11612.6 71.2133
11624.6 71.184
11636.6 71.1384
11648.6 71.0745
11660.7 71
11672.7 70.915
11684.7 70.8197
11696.7 70.7142
11708.7 70.5985
11720.7 70.4729
11732.7 70.3375
11744.7 70.0988
11756.8 69.8025
11768.8 69.4965
11780.8 69.181
11792.8 68.856
11804.8 68.5218
11816.8 68.1785
11828.8 67.8263
11840.8 67.4653
11852.9 67.1434
11864.9 66.8188
11876.9 66.486
11888.9 66.1454
11900.9 65.797
11912.9 65.441
11924.9 65.0777
11936.9 64.7072
11948.9 64.3341
11961 63.9836
11973 63.6265
11985 63.263
11997 62.8935
12009 62.5179
12021 62.1366
12033 61.7497
12045 61.3575
12057.1 60.9782
12069.1 60.6249
12081.1 60.2668
12093.1 59.9043
12105.1 59.5373
12117.1 59.1662
12129.1 58.7912
12141.1 58.4123
12153.2 58.0298
12165.2 57.4721
12177.2 56.7985
12189.2 56.1212
12201.2 55.4404
12213.2 54.7563
12225.2 54.069
12237.2 53.3788
12249.2 52.6856
12261.3 51.9899
12273.3 51.6834
12285.3 51.4509
12297.3 51.2171
12309.3 50.9821
12321.3 50.746
12333.3 50.5091
12345.3 50.2714
12357.4 50.033
12369.4 49.7793
12381.4 49.3546
12393.4 48.9294
12405.4 48.5036
12417.4 48.0775
12429.4 47.6511
12441.4 47.2246
12453.5 46.798
12465.5 46.3715
12477.5 45.9984
12489.5 45.742
12501.5 45.4862
12513.5 45.2312
12525.5 44.977
12537.5 44.7238
12549.5 44.4716
12561.6 44.2205
12573.6 43.9706
12585.6 43.5292
12597.6 42.9349
12609.6 42.3414
12621.6 41.7487
12633.6 41.1569
12645.6 40.5659
12657.7 39.976
12669.7 39.3871
12681.7 38.7993
12693.7 38.2745
12705.7 37.7676
12717.7 37.2619
12729.7 36.7578
12741.7 36.255
12753.8 35.7538
12765.8 35.2542
12777.8 34.7561
12789.8 34.253
12801.8 33.4834
12813.8 32.715
12825.8 31.9478
12837.8 31.1818
12849.8 30.417
12861.9 29.6534
12873.9 28.8912
12885.9 28.1302
12897.9 27.4518
12909.9 26.999
12921.9 26.5481
12933.9 26.0991
12945.9 25.6521
12958 25.207
12970 24.7638
12982 24.3226
12994 23.8833
13006 23.3803
13018 22.8132
13030 22.2479
13042 21.6842
13054.1 21.1224
13066.1 20.5622
13078.1 20.0037
13090.1 19.447
13102.1 18.892
13114.1 18.3064
13126.1 17.7108
13138.1 17.1167
13150.2 16.5243
13162.2 15.9334
13174.2 15.3442
13186.2 14.7565
13198.2 14.1704
13210.2 13.5858
13222.2 13.265
13234.2 12.9526
13246.2 12.6422
13258.3 12.3338
13270.3 12.0273
13282.3 11.7229
13294.3 11.4203
13306.3 11.1197
13318.3 10.8445
13330.3 10.6599
13342.3 10.4774
13354.4 10.2969
13366.4 10.1185
13378.4 9.94204
13390.4 9.76761
13402.4 9.59515
13414.4 9.42465
13426.4 9.2854
13438.4 9.18496
13450.5 9.08652
13462.5 8.99007
13474.5 8.89557
13486.5 8.80302
13498.5 8.71238
13510.5 8.62363
13522.5 8.53674
13534.5 8.32014
13546.5 8.04471
13558.6 7.77074
13570.6 7.49818
13582.6 7.22703
13594.6 6.95726
13606.6 6.68883
13618.6 6.42172
13630.6 6.1559
13642.6 5.75156
13654.7 5.33593
13666.7 4.92125
13678.7 4.50748
13690.7 4.0946
13702.7 3.68258
13714.7 3.27139
13726.7 2.86101
13738.7 2.44475
13750.8 1.99467
13762.8 1.54524
13774.8 1.09642
13786.8 0.648179
13798.8 0.200494
13810.8 -0.246669
13822.8 -0.693341
13834.8 -1.13955
13846.8 -1.58974
13858.9 -2.0463
13870.9 -2.50251
13882.9 -2.9584
13894.9 -3.41401
13906.9 -3.86937
13918.9 -4.32452
13930.9 -4.77948
13942.9 -5.23429
13955 -5.65248
13967 -6.04897
13979 -6.44532
13991 -6.84155
14003 -7.23769
14015 -7.63379
14027 -8.02988
14039 -8.426
14051.1 -8.82217
14063.1 -9.2044
14075.1 -9.58466
14087.1 -9.96506
14099.1 -10.3456
14111.1 -10.7264
14123.1 -11.1075
14135.1 -11.4888
14147.1 -11.8705
14159.2 -12.214
14171.2 -12.2285
14183.2 -12.2429
14195.2 -12.2571
14207.2 -12.2712
14219.2 -12.2853
14231.2 -12.2993
14243.2 -12.3133
14255.3 -12.3275
14267.3 -12.3402
14279.3 -12.35
14291.3 -12.36
14303.3 -12.3702
14315.3 -12.3807
14327.3 -12.3915
14339.3 -12.4027
14351.4 -12.4142
14363.4 -12.4262
14375.4 -12.5351
14387.4 -12.7144
14399.4 -12.8946
14411.4 -13.0756
14423.4 -13.2576
14435.4 -13.4405
14447.4 -13.6245
14459.5 -13.8096
14471.5 -13.9958
14483.5 -14.2569
14495.5 -14.5363
14507.5 -14.817
14519.5 -15.0992
14531.5 -15.3829
14543.5 -15.6681
14555.6 -15.955
14567.6 -16.2435
14579.6 -16.5378
14591.6 -16.9021
14603.6 -17.2683
14615.6 -17.6365
14627.6 -18.0067
14639.6 -18.379
14651.7 -18.7533
14663.7 -19.1298
14675.7 -19.5085
14687.7 -19.8883
14699.7 -20.2679
14711.7 -20.6498
14723.7 -21.034
14735.7 -21.4207
14747.7 -21.8097
14759.8 -22.2013
14771.8 -22.5954
14783.8 -22.9921
14795.8 -23.2595
14807.8 -23.4096
14819.8 -23.562
14831.8 -23.7166
14843.8 -23.8736
14855.9 -24.033
14867.9 -24.1948
14879.9 -24.3589
14891.9 -24.5256
14903.9 -24.4201
14915.9 -24.233
14927.9 -24.0477
14939.9 -23.8644
14952 -23.683
14964 -23.5036
14976 -23.3262
14988 -23.1507
15000 -22.9771
15012 -22.8595
15024 -22.7439
15036 -22.6303
15048 -22.5187
15060.1 -22.409
15072.1 -22.3013
15084.1 -22.1955
15096.1 -22.0915
15108.1 -22.0257
15120.1 -22.0811
15132.1 -22.1384
15144.1 -22.1976
15156.2 -22.2586
15168.2 -22.3213
15180.2 -22.3855
15192.2 -22.4513
15204.2 -22.5185
15216.2 -22.6704
15228.2 -22.9155
15240.2 -23.1619
15252.3 -23.4095
15264.3 -23.6581
15276.3 -23.9074
15288.3 -24.1575
15300.3 -24.408
15312.3 -24.6588
15324.3 -24.954
15336.3 -25.2672
15348.3 -25.5801
15360.4 -25.8925
15372.4 -26.2042
15384.4 -26.5148
15396.4 -26.8242
15408.4 -27.132
15420.4 -27.4379
15432.4 -27.8516
15444.4 -28.2696
15456.5 -28.685
15468.5 -29.0974
15480.5 -29.5066
15492.5 -29.9122
15504.5 -30.3138
15516.5 -30.711
15528.5 -31.0263
15540.5 -30.9969
15552.6 -30.9613
15564.6 -30.9193
15576.6 -30.8704
15588.6 -30.8143
15600.6 -30.7505
15612.6 -30.6787
15624.6 -30.5985
15636.6 -30.4633
15648.6 -30.2547
15660.7 -30.0364
15672.7 -29.808
15684.7 -29.5691
15696.7 -29.3194
15708.7 -29.0585
15720.7 -28.786
15732.7 -28.5017
15744.7 -28.4448
15756.8 -28.4985
15768.8 -28.54
15780.8 -28.569
15792.8 -28.5853
15804.8 -28.5886
15816.8 -28.5788
15828.8 -28.5556
15840.8 -28.5189
15852.9 -28.8713
15864.9 -29.2578
15876.9 -29.631
15888.9 -29.991
15900.9 -30.3375
15912.9 -30.6707
15924.9 -30.9905
15936.9 -31.297
15948.9 -31.6206
15961 -32.1376
15973 -32.6418
15985 -33.1333
15997 -33.6123
16009 -34.0788
16021 -34.5331
16033 -34.9754
16045 -35.4059
16057.1 -35.879
16069.1 -36.4326
16081.1 -36.9754
16093.1 -37.5078
16105.1 -38.0298
16117.1 -38.542
16129.1 -39.0447
16141.1 -39.538
16153.2 -40.0225
16165.2 -40.3674
16177.2 -40.6182
16189.2 -40.8609
16201.2 -41.0959
16213.2 -41.3235
16225.2 -41.544
16237.2 -41.758
16249.2 -41.9658
16261.3 -42.1677
16273.3 -42.0344
16285.3 -41.8321
16297.3 -41.6244
16309.3 -41.4118
16321.3 -41.1946
16333.3 -40.9732
16345.3 -40.748
16357.4 -40.5192
16369.4 -40.3086
16381.4 -40.339
16393.4 -40.3672
16405.4 -40.3936
16417.4 -40.4184
16429.4 -40.442
16441.4 -40.4646
16453.5 -40.4865
16465.5 -40.508
16477.5 -40.5833
16489.5 -40.7767
16501.5 -40.9707
16513.5 -41.1653
16525.5 -41.361
16537.5 -41.5579
16549.5 -41.7561
16561.6 -41.9558
16573.6 -42.1574
16585.6 -42.3598
16597.6 -42.5636
16609.6 -42.7695
16621.6 -42.9778
16633.6 -43.1885
16645.6 -43.4019
16657.7 -43.6179
16669.7 -43.8368
16681.7 -44.0585
16693.7 -44.2265
16705.7 -44.3824
16717.7 -44.5414
16729.7 -44.7034
16741.7 -44.8687
16753.8 -45.0373
16765.8 -45.2091
16777.8 -45.3844
16789.8 -45.5567
16801.8 -45.4789
16813.8 -45.4042
16825.8 -45.3326
16837.8 -45.2642
16849.8 -45.199
16861.9 -45.1369
16873.9 -45.0781
16885.9 -45.0225
16897.9 -44.8914
16909.9 -44.5463
16921.9 -44.2041
16933.9 -43.8647
16945.9 -43.5281
16958 -43.1942
16970 -42.8632
16982 -42.535
16994 -42.2095
17006 -41.9082
17018 -41.6309
17030 -41.3565
17042 -41.0848
17054.1 -40.8159
17066.1 -40.5496
17078.1 -40.2861
17090.1 -40.0253
17102.1 -39.7671
17114.1 -39.5845
17126.1 -39.4312
17138.1 -39.2805
17150.2 -39.1326
17162.2 -38.9873
17174.2 -38.8446
17186.2 -38.7045
17198.2 -38.567
17210.2 -38.4321
17222.2 -38.2153
17234.2 -37.9988
17246.2 -37.7846
17258.3 -37.5727
17270.3 -37.3631
17282.3 -37.1557
17294.3 -36.9505
17306.3 -36.7474
17318.3 -36.525
17330.3 -36.2234
17342.3 -35.9237
17354.4 -35.626
17366.4 -35.3301
17378.4 -35.036
17390.4 -34.7438
17402.4 -34.4533
17414.4 -34.1646
17426.4 -33.8255
17438.4 -33.4224
17450.5 -33.0209
17462.5 -32.6208
17474.5 -32.2222
17486.5 -31.825
17498.5 -31.4291
17510.5 -31.0347
17522.5 -30.6416
17534.5 -30.2198
17546.5 -29.7856
17558.6 -29.3526
17570.6 -28.9208
17582.6 -28.49
17594.6 -28.0605
17606.6 -27.632
17618.6 -27.2045
17630.6 -26.7781
17642.6 -26.445
17654.7 -26.121
17666.7 -25.7981
17678.7 -25.4763
17690.7 -25.1556
17702.7 -24.836
17714.7 -24.5173
17726.7 -24.1997
17738.7 -23.8873
17750.8 -23.5984
17762.8 -23.3105
17774.8 -23.0235
17786.8 -22.7375
17798.8 -22.4523
17810.8 -22.1681
17822.8 -21.8847
17834.8 -21.6022
17846.8 -21.3346
17858.9 -21.0893
17870.9 -20.8449
17882.9 -20.6013
17894.9 -20.3585
17906.9 -20.1165
17918.9 -19.8753
17930.9 -19.6349
17942.9 -19.3952
17955 -19.1553
17967 -18.9154
17979 -18.6763
17991 -18.4379
18003 -18.2001
18015 -17.963
18027 -17.7265
18039 -17.4906
18051.1 -17.2554
18063.1 -16.9551
18075.1 -16.6457
18087.1 -16.3367
18099.1 -16.0282
18111.1 -15.7201
18123.1 -15.4125
18135.1 -15.1052
18147.1 -14.7984
18159.2 -14.4972
18171.2 -14.2411
18183.2 -13.9855
18195.2 -13.7302
18207.2 -13.4754
18219.2 -13.221
18231.2 -12.967
18243.2 -12.7133
18255.3 -12.4601
18267.3 -12.2475
18279.3 -12.114
18291.3 -11.981
18303.3 -11.8485
18315.3 -11.7165
18327.3 -11.5849
18339.3 -11.4539
18351.4 -11.3232
18363.4 -11.1931
18375.4 -11.0916
18387.4 -11.0109
18399.4 -10.9308
18411.4 -10.8511
18423.4 -10.7719
18435.4 -10.6932
18447.4 -10.6149
18459.5 -10.537
18471.5 -10.4596
18483.5 -10.3936
18495.5 -10.3306
18507.5 -10.2681
18519.5 -10.206
18531.5 -10.1442
18543.5 -10.0829
18555.6 -10.022
18567.6 -9.96151
18579.6 -9.90047
18591.6 -9.82435
18603.6 -9.74859
18615.6 -9.67318
18627.6 -9.59812
18639.6 -9.52339
18651.7 -9.449
18663.7 -9.37493
18675.7 -9.30118
18687.7 -9.24447
18699.7 -9.22898
18711.7 -9.21387
18723.7 -9.19914
18735.7 -9.18477
18747.7 -9.17077
18759.8 -9.15712
18771.8 -9.14383
18783.8 -9.13088
18795.8 -9.10132
18807.8 -9.05665
18819.8 -9.01228
18831.8 -8.9682
18843.8 -8.9244
18855.9 -8.88088
18867.9 -8.83764
18879.9 -8.79466
18891.9 -8.75196
18903.9 -8.78867
18915.9 -8.8499
18927.9 -8.91152
18939.9 -8.97352
18952 -9.0359
18964 -9.09866
18976 -9.16178
18988 -9.22527
19000 -9.28913
