7000 -97.3243
7012.01 -97.3168
7024.02 -97.2905
7036.04 -97.2452
7048.05 -97.1813
7060.06 -97.0988
7072.07 -96.9979
7084.08 -96.8789
7096.1 -96.7419
7108.11 -96.5872
7120.12 -96.415
7132.13 -96.2256
7144.14 -96.0192
7156.16 -95.7963
7168.17 -95.557
7180.18 -95.3017
7192.19 -95.0308
7204.2 -94.7446
7216.22 -94.4433
7228.23 -94.1275
7240.24 -93.7975
7252.25 -93.4537
7264.26 -93.0964
7276.28 -92.726
7288.29 -92.343
7300.3 -91.9478
7312.31 -91.5407
7324.32 -91.1222
7336.34 -90.6926
7348.35 -90.2525
7360.36 -89.8022
7372.37 -89.3421
7384.38 -88.8727
7396.4 -88.3943
7408.41 -87.9074
7420.42 -87.4123
7432.43 -86.9096
7444.44 -86.3995
7456.46 -85.8824
7468.47 -85.3588
7480.48 -84.751
7492.49 -84.0771
7504.5 -83.3974
7516.52 -82.7122
7528.53 -82.0219
7540.54 -81.3268
7552.55 -80.6272
7564.56 -79.9236
7576.58 -79.2162
7588.59 -78.5457
7600.6 -77.8823
7612.61 -77.2162
7624.62 -76.5477
7636.64 -75.8771
7648.65 -75.2047
7660.66 -74.5307
7672.67 -73.8555
7684.68 -73.1869
7696.7 -72.7046
7708.71 -72.2222
7720.72 -71.7402
7732.73 -71.2587
7744.74 -70.7779
7756.76 -70.298
7768.77 -69.8193
7780.78 -69.3419
7792.79 -68.855
7804.8 -68.3412
7816.82 -67.8291
7828.83 -67.3188
7840.84 -66.8106
7852.85 -66.3045
7864.86 -65.8007
7876.88 -65.2993
7888.89 -64.8005
7900.9 -64.3502
7912.91 -63.9464
7924.92 -63.5458
7936.94 -63.1484
7948.95 -62.7543
7960.96 -62.3637
7972.97 -61.9765
7984.98 -61.5929
7997 -61.213
8009.01 -60.676
8021.02 -60.0886
8033.03 -59.5044
8045.05 -58.9234
8057.06 -58.3457
8069.07 -57.7713
8081.08 -57.2003
8093.09 -56.6326
8105.11 -56.0684
8117.12 -55.7588
8129.13 -55.4566
8141.14 -55.1587
8153.15 -54.8651
8165.17 -54.5757
8177.18 -54.2906
8189.19 -54.0097
8201.2 -53.7332
8213.21 -53.3368
8225.23 -52.5118
8237.24 -51.6895
8249.25 -50.8699
8261.26 -50.0529
8273.27 -49.2386
8285.29 -48.4269
8297.3 -47.6178
8309.31 -46.8114
8321.32 -46.2554
8333.33 -45.9936
8345.35 -45.7359
8357.36 -45.4823
8369.37 -45.2327
8381.38 -44.9872
8393.39 -44.7457
8405.41 -44.5082
8417.42 -44.2746
8429.43 -43.5441
8441.44 -42.5987
8453.45 -41.6551
8465.47 -40.7133
8477.48 -39.7732
8489.49 -38.8349
8501.5 -37.8983
8513.51 -36.9633
8525.53 -36.03
8537.54 -35.5096
8549.55 -35.0212
8561.56 -34.5355
8573.57 -34.0525
8585.59 -33.5722
8597.6 -33.0946
8609.61 -32.6196
8621.62 -32.1471
8633.63 -31.6859
8645.65 -31.2697
8657.66 -30.856
8669.67 -30.4449
8681.68 -30.0363
8693.69 -29.6301
8705.71 -29.2264
8717.72 -28.8251
8729.73 -28.4261
8741.74 -28.0295
8753.75 -27.6351
8765.77 -27.2429
8777.78 -26.8529
8789.79 -26.465
8801.8 -26.0792
8813.81 -25.6955
8825.83 -25.3137
8837.84 -24.9339
8849.85 -24.5561
8861.86 -24.1801
8873.87 -23.806
8885.89 -23.4336
8897.9 -23.063
8909.91 -22.694
8921.92 -22.3268
8933.93 -21.9611
8945.95 -21.597
8957.96 -21.2344
8969.97 -20.8733
8981.98 -20.5137
8993.99 -20.1554
9006.01 -19.7984
9018.02 -19.4428
9030.03 -19.0884
9042.04 -18.7352
9054.05 -18.3831
9066.07 -18.0322
9078.08 -17.6823
9090.09 -17.3334
9102.1 -16.9855
9114.11 -16.6385
9126.13 -16.2924
9138.14 -15.9472
9150.15 -15.6026
9162.16 -15.2589
9174.17 -14.9158
9186.19 -14.5733
9198.2 -14.2314
9210.21 -13.8901
9222.22 -13.5492
9234.23 -13.2088
9246.25 -12.8687
9258.26 -12.529
9270.27 -12.1895
9282.28 -11.8503
9294.29 -11.5112
9306.31 -11.1722
9318.32 -10.8333
9330.33 -10.4945
9342.34 -10.1555
9354.35 -9.81649
9366.37 -9.4773
9378.38 -9.13788
9390.39 -8.79819
9402.4 -8.45817
9414.41 -8.11776
9426.43 -7.77689
9438.44 -7.43551
9450.45 -7.09355
9462.46 -6.75095
9474.47 -6.40765
9486.49 -6.06359
9498.5 -5.71869
9510.51 -5.3729
9522.52 -5.02614
9534.53 -4.67835
9546.55 -4.32945
9558.56 -3.97938
9570.57 -3.62807
9582.58 -3.27544
9594.59 -2.92141
9606.61 -2.56592
9618.62 -2.20888
9630.63 -1.85021
9642.64 -1.48985
9654.65 -1.1277
9666.67 -0.763679
9678.68 -0.39771
9690.69 -0.0297051
9702.7 0.340424
9714.71 0.712766
9726.73 1.08741
9738.74 1.46445
9750.75 1.84399
9762.76 2.2261
9774.77 2.61091
9786.79 2.99849
9798.8 3.38897
9810.81 3.78243
9822.82 4.17899
9834.83 4.57876
9846.85 4.98184
9858.86 5.38835
9870.87 5.7984
9882.88 6.21211
9894.89 6.6296
9906.91 7.05099
9918.92 7.4764
9930.93 7.90597
9942.94 8.33981
9954.95 8.77807
9966.97 9.22088
9978.98 9.66837
9990.99 10.1207
10003 10.578
10015 11.0403
10027 11.508
10039 11.981
10051.1 12.4596
10063.1 12.944
10075.1 13.4342
10087.1 13.9304
10099.1 14.4328
10111.1 14.9416
10123.1 15.4568
10135.1 15.9788
10147.1 16.5077
10159.2 17.0436
10171.2 17.5867
10183.2 18.1371
10195.2 18.6952
10207.2 19.261
10219.2 19.8347
10231.2 20.4165
10243.2 21.0066
10255.3 21.6051
10267.3 22.2123
10279.3 22.8284
10291.3 23.4534
10303.3 24.0876
10315.3 24.7312
10327.3 25.3843
10339.3 26.0471
10351.4 26.7198
10363.4 27.4025
10375.4 28.0953
10387.4 28.7985
10399.4 29.5122
10411.4 30.2364
10423.4 30.9714
10435.4 31.7172
10447.4 32.4739
10459.5 33.2416
10471.5 34.0204
10483.5 34.8104
10495.5 35.6116
10507.5 36.4239
10519.5 37.2474
10531.5 38.0821
10543.5 38.9279
10555.6 39.7848
10567.6 40.6525
10579.6 41.5311
10591.6 42.4202
10603.6 43.3198
10615.6 44.2295
10627.6 45.1491
10639.6 46.0781
10651.7 47.0164
10663.7 47.9633
10675.7 48.9184
10687.7 49.8813
10699.7 50.8513
10711.7 51.8277
10723.7 52.8098
10735.7 53.797
10747.7 54.7882
10759.8 55.7827
10771.8 56.7795
10783.8 57.7775
10795.8 57.7716
10807.8 56.8499
10819.8 55.9215
10831.8 54.9853
10843.8 54.0399
10855.9 53.0838
10867.9 52.1156
10879.9 51.1336
10891.9 50.1363
10903.9 49.6527
10915.9 49.3137
10927.9 48.9557
10939.9 48.5771
10952 48.1761
10964 47.7509
10976 47.2996
10988 46.8205
11000 46.3118
11012 46.1569
11024 45.9697
11036 45.7487
11048 45.4922
11060.1 45.1987
11072.1 44.8668
11084.1 44.4951
11096.1 44.0824
11108.1 43.7563
11120.1 43.8096
11132.1 43.82
11144.1 43.787
11156.2 43.7097
11168.2 43.588
11180.2 43.4213
11192.2 43.2097
11204.2 42.9531
11216.2 42.8504
11228.2 42.9225
11240.2 42.9516
11252.3 42.9383
11264.3 42.8834
11276.3 42.7877
11288.3 42.6523
11300.3 42.4784
11312.3 42.2672
11324.3 42.2566
11336.3 42.3088
11348.3 42.3288
11360.4 42.318
11372.4 42.2781
11384.4 42.2108
11396.4 42.1178
11408.4 42.0007
11420.4 41.8614
11432.4 41.7523
11444.4 41.6275
11456.5 41.4857
11468.5 41.3286
11480.5 41.1578
11492.5 40.975
11504.5 40.7817
11516.5 40.5794
11528.5 40.3822
11540.5 40.2343
11552.6 40.0818
11564.6 39.926
11576.6 39.7682
11588.6 39.6095
11600.6 39.4511
11612.6 39.294
11624.6 39.1393
11636.6 38.9534
11648.6 38.7241
11660.7 38.4994
11672.7 38.2803
11684.7 38.0672
11696.7 37.8609
11708.7 37.662
11720.7 37.4709
11732.7 37.2882
11744.7 36.9679
11756.8 36.5815
11768.8 36.2042
11780.8 35.8362
11792.8 35.4777
11804.8 35.1292
11816.8 34.7906
11828.8 34.4622
11840.8 34.1442
11852.9 33.6859
11864.9 33.2201
11876.9 32.7645
11888.9 32.3192
11900.9 31.8841
11912.9 31.4594
11924.9 31.0449
11936.9 30.6406
11948.9 30.228
11961 29.7002
11973 29.1822
11985 28.6739
11997 28.1751
12009 27.6858
12021 27.2059
12033 26.7352
12045 26.2737
12057.1 25.7824
12069.1 25.234
12081.1 24.6941
12093.1 24.1627
12105.1 23.6395
12117.1 23.1244
12129.1 22.6173
12141.1 22.118
12153.2 21.6264
12165.2 20.9701
12177.2 20.2081
12189.2 19.4528
12201.2 18.7041
12213.2 17.9617
12225.2 17.2256
12237.2 16.4955
12249.2 15.7714
12261.3 15.0532
12273.3 14.4589
12285.3 13.8932
12297.3 13.3331
12309.3 12.7786
12321.3 12.2295
12333.3 11.6857
12345.3 11.147
12357.4 10.6134
12369.4 10.0846
12381.4 9.56105
12393.4 9.04212
12405.4 8.52772
12417.4 8.01774
12429.4 7.51206
12441.4 7.01057
12453.5 6.51316
12465.5 6.01973
12477.5 5.68009
12489.5 5.67167
12501.5 5.66782
12513.5 5.66846
12525.5 5.67347
12537.5 5.68278
12549.5 5.69627
12561.6 5.71387
12573.6 5.73548
12585.6 5.54927
12597.6 5.19763
12609.6 4.84903
12621.6 4.50336
12633.6 4.16057
12645.6 3.82056
12657.7 3.48327
12669.7 3.14861
12681.7 2.81652
12693.7 2.60548
12705.7 2.42856
12717.7 2.25428
12729.7 2.08257
12741.7 1.91336
12753.8 1.7466
12765.8 1.58221
12777.8 1.42013
12789.8 1.25233
12801.8 0.763504
12813.8 0.276199
12825.8 -0.209645
12837.8 -0.694083
12849.8 -1.17717
12861.9 -1.65896
12873.9 -2.1395
12885.9 -2.61884
12897.9 -3.04407
12909.9 -3.32199
12921.9 -3.59849
12933.9 -3.87361
12945.9 -4.1474
12958 -4.41991
12970 -4.69116
12982 -4.96122
12994 -5.23012
13006 -5.57565
13018 -5.99805
13030 -6.4197
13042 -6.84063
13054.1 -7.26089
13066.1 -7.68051
13078.1 -8.09952
13090.1 -8.51797
13102.1 -8.93588
13114.1 -9.41251
13126.1 -9.91029
13138.1 -10.4078
13150.2 -10.905
13162.2 -11.402
13174.2 -11.8989
13186.2 -12.3955
13198.2 -12.8921
13210.2 -13.3885
13222.2 -13.8179
13234.2 -14.2455
13246.2 -14.6729
13258.3 -15.1003
13270.3 -15.5275
13282.3 -15.9547
13294.3 -16.3819
13306.3 -16.809
13318.3 -17.2133
13330.3 -17.5316
13342.3 -17.8497
13354.4 -18.1677
13366.4 -18.4856
13378.4 -18.8035
13390.4 -19.1213
13402.4 -19.4391
13414.4 -19.7569
13426.4 -19.9228
13438.4 -19.8975
13450.5 -19.8717
13462.5 -19.8453
13474.5 -19.8185
13486.5 -19.7911
13498.5 -19.7633
13510.5 -19.735
13522.5 -19.7064
13534.5 -19.7236
13546.5 -19.7618
13558.6 -19.7998
13570.6 -19.8375
13582.6 -19.875
13594.6 -19.9123
13606.6 -19.9494
13618.6 -19.9864
13630.6 -20.0232
13642.6 -20.077
13654.7 -20.1323
13666.7 -20.1875
13678.7 -20.2426
13690.7 -20.2977
13702.7 -20.3528
13714.7 -20.4078
13726.7 -20.4629
13738.7 -20.5355
13750.8 -20.6994
13762.8 -20.8634
13774.8 -21.0277
13786.8 -21.1923
13798.8 -21.3572
13810.8 -21.5224
13822.8 -21.6879
13834.8 -21.8537
13846.8 -22.0528
13858.9 -22.3027
13870.9 -22.5532
13882.9 -22.8041
13894.9 -23.0556
13906.9 -23.3077
13918.9 -23.5603
13930.9 -23.8135
13942.9 -24.0673
13955 -24.3508
13967 -24.652
13979 -24.954
13991 -25.2566
14003 -25.56
14015 -25.8642
14027 -26.1691
14039 -26.4747
14051.1 -26.7811
14063.1 -27.153
14075.1 -27.5354
14087.1 -27.9187
14099.1 -28.3029
14111.1 -28.6881
14123.1 -29.0743
14135.1 -29.4614
14147.1 -29.8495
14159.2 -30.1953
14171.2 -30.1725
14183.2 -30.15
14195.2 -30.1278
14207.2 -30.1059
14219.2 -30.0843
14231.2 -30.0631
14243.2 -30.0422
14255.3 -30.0217
14267.3 -29.9696
14279.3 -29.8552
14291.3 -29.741
14303.3 -29.6271
14315.3 -29.5134
14327.3 -29.3999
14339.3 -29.2866
14351.4 -29.1736
14363.4 -29.0608
14375.4 -28.9859
14387.4 -28.9384
14399.4 -28.8913
14411.4 -28.8446
14423.4 -28.7982
14435.4 -28.7523
14447.4 -28.7067
14459.5 -28.6615
14471.5 -28.6167
14483.5 -28.5871
14495.5 -28.5613
14507.5 -28.5359
14519.5 -28.5109
14531.5 -28.4864
14543.5 -28.4623
14555.6 -28.4386
14567.6 -28.4154
14579.6 -28.3911
14591.6 -28.3421
14603.6 -28.2935
14615.6 -28.2453
14627.6 -28.1974
14639.6 -28.15
14651.7 -28.1029
14663.7 -28.0562
14675.7 -28.0098
14687.7 -28.0091
14699.7 -28.1198
14711.7 -28.231
14723.7 -28.3428
14735.7 -28.4552
14747.7 -28.5682
14759.8 -28.6818
14771.8 -28.796
14783.8 -28.9107
14795.8 -28.9214
14807.8 -28.8376
14819.8 -28.754
14831.8 -28.6706
14843.8 -28.5874
14855.9 -28.5044
14867.9 -28.4215
14879.9 -28.3387
14891.9 -28.2561
14903.9 -28.1242
14915.9 -27.9773
14927.9 -27.8303
14939.9 -27.6833
14952 -27.5362
14964 -27.3891
14976 -27.2419
14988 -27.0945
15000 -26.9471
15012 -26.7334
15024 -26.5194
15036 -26.3052
15048 -26.0906
15060.1 -25.8757
15072.1 -25.6603
15084.1 -25.4446
15096.1 -25.2284
15108.1 -25.0045
15120.1 -24.7559
15132.1 -24.5067
15144.1 -24.257
15156.2 -24.0066
15168.2 -23.7556
15180.2 -23.5039
15192.2 -23.2514
15204.2 -22.9982
15216.2 -22.7862
15228.2 -22.6197
15240.2 -22.4524
15252.3 -22.2844
15264.3 -22.1156
15276.3 -21.9459
15288.3 -21.7754
15300.3 -21.6039
15312.3 -21.4315
15324.3 -21.3219
15336.3 -21.2375
15348.3 -21.1521
15360.4 -21.0657
15372.4 -20.9783
15384.4 -20.8898
15396.4 -20.8002
15408.4 -20.7094
15420.4 -20.6174
15432.4 -20.6343
15444.4 -20.6567
15456.5 -20.6778
15468.5 -20.6978
15480.5 -20.7164
15492.5 -20.7337
15504.5 -20.7497
15516.5 -20.7642
15528.5 -20.7707
15540.5 -20.7466
15552.6 -20.7209
15564.6 -20.6935
15576.6 -20.6644
15588.6 -20.6335
15600.6 -20.6007
15612.6 -20.5661
15624.6 -20.5295
15636.6 -20.4707
15648.6 -20.3817
15660.7 -20.2907
15672.7 -20.1973
15684.7 -20.1017
15696.7 -20.0038
15708.7 -19.9034
15720.7 -19.8006
15732.7 -19.6954
15744.7 -19.6544
15756.8 -19.6453
15768.8 -19.6336
15780.8 -19.6195
15792.8 -19.6027
15804.8 -19.5833
15816.8 -19.5612
15828.8 -19.5364
15840.8 -19.5088
15852.9 -19.6469
15864.9 -19.802
15876.9 -19.9546
15888.9 -20.1045
15900.9 -20.2517
15912.9 -20.3961
15924.9 -20.5378
15936.9 -20.6767
15948.9 -20.8272
15961 -21.073
15973 -21.316
15985 -21.5562
15997 -21.7937
16009 -22.0283
16021 -22.26
16033 -22.4888
16045 -22.7148
16057.1 -22.9947
16069.1 -23.3682
16081.1 -23.7391
16093.1 -24.1071
16105.1 -24.4724
16117.1 -24.8348
16129.1 -25.1945
16141.1 -25.5513
16153.2 -25.9052
16165.2 -26.3073
16177.2 -26.7399
16189.2 -27.1697
16201.2 -27.5968
16213.2 -28.0212
16225.2 -28.4428
16237.2 -28.8617
16249.2 -29.2778
16261.3 -29.6912
16273.3 -29.9365
16285.3 -30.1469
16297.3 -30.3544
16309.3 -30.5589
16321.3 -30.7604
16333.3 -30.9589
16345.3 -31.1545
16357.4 -31.3472
16369.4 -31.546
16381.4 -31.8438
16393.4 -32.139
16405.4 -32.4315
16417.4 -32.7214
16429.4 -33.0086
16441.4 -33.2933
16453.5 -33.5754
16465.5 -33.8549
16477.5 -34.1469
16489.5 -34.469
16501.5 -34.7888
16513.5 -35.1062
16525.5 -35.4214
16537.5 -35.7343
16549.5 -36.045
16561.6 -36.3535
16573.6 -36.6599
16585.6 -37.0006
16597.6 -37.3682
16609.6 -37.7339
16621.6 -38.0977
16633.6 -38.4598
16645.6 -38.8201
16657.7 -39.1786
16669.7 -39.5355
16681.7 -39.8908
16693.7 -40.3286
16705.7 -40.7873
16717.7 -41.2447
16729.7 -41.7008
16741.7 -42.1556
16753.8 -42.6093
16765.8 -43.0619
16777.8 -43.5133
16789.8 -43.9613
16801.8 -44.309
16813.8 -44.6555
16825.8 -45.0011
16837.8 -45.3456
16849.8 -45.6893
16861.9 -46.032
16873.9 -46.374
16885.9 -46.7151
16897.9 -46.9625
16909.9 -46.9527
16921.9 -46.9417
16933.9 -46.9297
16945.9 -46.9166
16958 -46.9026
16970 -46.8875
16982 -46.8716
16994 -46.8549
17006 -46.8175
17018 -46.7596
17030 -46.7009
17042 -46.6415
17054.1 -46.5814
17066.1 -46.5206
17078.1 -46.4592
17090.1 -46.3973
17102.1 -46.3349
17114.1 -46.2767
17126.1 -46.2199
17138.1 -46.1626
17150.2 -46.105
17162.2 -46.0471
17174.2 -45.9889
17186.2 -45.9305
17198.2 -45.8719
17210.2 -45.813
17222.2 -45.6917
17234.2 -45.5687
17246.2 -45.4455
17258.3 -45.3222
17270.3 -45.1988
17282.3 -45.0753
17294.3 -44.9518
17306.3 -44.8283
17318.3 -44.6986
17330.3 -44.5455
17342.3 -44.3924
17354.4 -44.2394
17366.4 -44.0865
17378.4 -43.9337
17390.4 -43.7811
17402.4 -43.6286
17414.4 -43.4763
17426.4 -43.312
17438.4 -43.1324
17450.5 -42.9531
17462.5 -42.7741
17474.5 -42.5952
17486.5 -42.4167
17498.5 -42.2385
17510.5 -42.0606
17522.5 -41.883
17534.5 -41.5052
17546.5 -41.0353
17558.6 -40.5655
17570.6 -40.0956
17582.6 -39.6258
17594.6 -39.156
17606.6 -38.6863
17618.6 -38.2166
17630.6 -37.747
17642.6 -37.196
17654.7 -36.6378
17666.7 -36.0797
17678.7 -35.5215
17690.7 -34.9633
17702.7 -34.4052
17714.7 -33.8471
17726.7 -33.2891
17738.7 -32.7357
17750.8 -32.2068
17762.8 -31.6781
17774.8 -31.1494
17786.8 -30.6208
17798.8 -30.0924
17810.8 -29.5641
17822.8 -29.036
17834.8 -28.508
17846.8 -28.0354
17858.9 -27.6477
17870.9 -27.2603
17882.9 -26.8733
17894.9 -26.4867
17906.9 -26.1004
17918.9 -25.7145
17930.9 -25.329
17942.9 -24.9438
17955 -24.6182
17967 -24.328
17979 -24.0384
17991 -23.7492
18003 -23.4606
18015 -23.1724
18027 -22.8848
18039 -22.5977
18051.1 -22.3112
18063.1 -21.9447
18075.1 -21.5668
18087.1 -21.1892
18099.1 -20.812
18111.1 -20.4353
18123.1 -20.0589
18135.1 -19.683
18147.1 -19.3074
18159.2 -18.9191
18171.2 -18.4189
18183.2 -17.919
18195.2 -17.4193
18207.2 -16.9198
18219.2 -16.4206
18231.2 -15.9216
18243.2 -15.4228
18255.3 -14.9242
18267.3 -14.442
18279.3 -13.9919
18291.3 -13.542
18303.3 -13.0924
18315.3 -12.643
18327.3 -12.1939
18339.3 -11.7451
18351.4 -11.2966
18363.4 -10.8483
18375.4 -10.4855
18387.4 -10.1848
18399.4 -9.88452
18411.4 -9.58466
18423.4 -9.28525
18435.4 -8.98627
18447.4 -8.68773
18459.5 -8.38961
18471.5 -8.09192
18483.5 -7.81168
18495.5 -7.53577
18507.5 -7.26029
18519.5 -6.98526
18531.5 -6.71066
18543.5 -6.4365
18555.6 -6.16276
18567.6 -5.88945
18579.6 -5.62144
18591.6 -5.43528
18603.6 -5.24965
18615.6 -5.06454
18627.6 -4.87995
18639.6 -4.69587
18651.7 -4.5123
18663.7 -4.32924
18675.7 -4.14668
18687.7 -3.9826
18699.7 -3.863
18711.7 -3.74397
18723.7 -3.62551
18735.7 -3.50761
18747.7 -3.39027
18759.8 -3.27348
18771.8 -3.15725
18783.8 -3.04156
18795.8 -2.85876
18807.8 -2.61495
18819.8 -2.37152
18831.8 -2.12845
18843.8 -1.88574
18855.9 -1.64339
18867.9 -1.40139
18879.9 -1.15975
18891.9 -0.918455
18903.9 -0.714716
18915.9 -0.522726
18927.9 -0.331133
18939.9 -0.139933
18952 0.0508775
18964 0.241302
18976 0.431345
18988 0.62101
19000 0.8103
