7000 -84.0385
7012.01 -83.624
7024.02 -83.2039
7036.04 -82.7782
7048.05 -82.3471
7060.06 -81.9107
7072.07 -81.469
7084.08 -81.0222
7096.1 -80.5704
7108.11 -80.1136
7120.12 -79.652
7132.13 -79.1857
7144.14 -78.7147
7156.16 -78.2393
7168.17 -77.7594
7180.18 -77.2751
7192.19 -76.7867
7204.2 -76.2941
7216.22 -75.7974
7228.23 -75.2968
7240.24 -74.7924
7252.25 -74.2842
7264.26 -73.7723
7276.28 -73.2568
7288.29 -72.7379
7300.3 -72.2155
7312.31 -71.6898
7324.32 -71.1609
7336.34 -70.6288
7348.35 -70.0937
7360.36 -69.5555
7372.37 -69.0145
7384.38 -68.4706
7396.4 -67.924
7408.41 -67.3747
7420.42 -66.8228
7432.43 -66.2684
7444.44 -65.7115
7456.46 -65.1522
7468.47 -64.5907
7480.48 -63.6173
7492.49 -62.3262
7504.5 -61.0306
7516.52 -59.7306
7528.53 -58.4263
7540.54 -57.1178
7552.55 -55.805
7564.56 -54.4882
7576.58 -53.1672
7588.59 -52.5206
7600.6 -52.0396
7612.61 -51.5572
7624.62 -51.0737
7636.64 -50.5891
7648.65 -50.1033
7660.66 -49.6165
7672.67 -49.1287
7684.68 -48.6394
7696.7 -48.1354
7708.71 -47.6304
7720.72 -47.1246
7732.73 -46.6179
7744.74 -46.1104
7756.76 -45.6022
7768.77 -45.0932
7780.78 -44.5836
7792.79 -44.0824
7804.8 -43.6047
7816.82 -43.1265
7828.83 -42.6478
7840.84 -42.1687
7852.85 -41.6892
7864.86 -41.2093
7876.88 -40.729
7888.89 -40.2484
7900.9 -39.805
7912.91 -39.3971
7924.92 -38.9891
7936.94 -38.5811
7948.95 -38.1731
7960.96 -37.7652
7972.97 -37.3572
7984.98 -36.9493
7997 -36.5415
8009.01 -36.0573
8021.02 -35.5475
8033.03 -35.0375
8045.05 -34.5273
8057.06 -34.017
8069.07 -33.5064
8081.08 -32.9957
8093.09 -32.4849
8105.11 -31.9739
8117.12 -31.5683
8129.13 -31.1642
8141.14 -30.7604
8153.15 -30.3567
8165.17 -29.9533
8177.18 -29.55
8189.19 -29.147
8201.2 -28.7443
8213.21 -28.2751
8225.23 -27.5742
8237.24 -26.8726
8249.25 -26.1704
8261.26 -25.4675
8273.27 -24.764
8285.29 -24.0599
8297.3 -23.3551
8309.31 -22.6497
8321.32 -22.0869
8333.33 -21.692
8345.35 -21.2974
8357.36 -20.903
8369.37 -20.5089
8381.38 -20.115
8393.39 -19.7213
8405.41 -19.3279
8417.42 -18.9347
8429.43 -18.3022
8441.44 -17.5653
8453.45 -16.8276
8465.47 -16.0891
8477.48 -15.3499
8489.49 -14.6098
8501.5 -13.8691
8513.51 -13.1275
8525.53 -12.3852
8537.54 -11.8867
8549.55 -11.4055
8561.56 -10.9242
8573.57 -10.4429
8585.59 -9.96143
8597.6 -9.47992
8609.61 -8.99833
8621.62 -8.51664
8633.63 -7.99504
8645.65 -7.27987
8657.66 -6.56393
8669.67 -5.84724
8681.68 -5.12977
8693.69 -4.41154
8705.71 -3.69252
8717.72 -2.97272
8729.73 -2.25213
8741.74 -1.53075
8753.75 -0.808567
8765.77 -0.0855819
8777.78 0.638212
8789.79 1.36282
8801.8 2.08824
8813.81 2.81448
8825.83 3.54155
8837.84 4.26944
8849.85 4.99817
8861.86 5.72773
8873.87 6.45812
8885.89 7.18935
8897.9 7.92142
8909.91 8.65434
8921.92 9.38809
8933.93 10.1227
8945.95 10.8581
8957.96 11.5944
8969.97 12.3315
8981.98 13.0695
8993.99 13.8083
9006.01 14.548
9018.02 15.2885
9030.03 16.0298
9042.04 16.7719
9054.05 17.5149
9066.07 18.2587
9078.08 19.0034
9090.09 19.7488
9102.1 20.495
9114.11 21.2421
9126.13 21.9899
9138.14 22.7386
9150.15 23.488
9162.16 24.2382
9174.17 24.9891
9186.19 25.7408
9198.2 26.4932
9210.21 27.2464
9222.22 28.0002
9234.23 28.7548
9246.25 29.5101
9258.26 30.266
9270.27 31.0226
9282.28 31.7799
9294.29 32.5377
9306.31 33.2962
9318.32 34.0553
9330.33 34.8149
9342.34 35.5751
9354.35 36.3359
9366.37 37.0971
9378.38 37.8588
9390.39 38.621
9402.4 39.3837
9414.41 40.1467
9426.43 40.9102
9438.44 41.674
9450.45 42.4381
9462.46 43.2026
9474.47 43.9673
9486.49 44.7323
9498.5 45.4975
9510.51 46.2629
9522.52 47.0284
9534.53 47.7941
9546.55 48.5598
9558.56 49.3256
9570.57 50.0914
9582.58 50.8572
9594.59 51.6229
9606.61 52.3885
9618.62 53.1539
9630.63 53.9192
9642.64 54.6842
9654.65 55.449
9666.67 56.2134
9678.68 56.9774
9690.69 57.7411
9702.7 58.5043
9714.71 59.2669
9726.73 60.029
9738.74 60.7905
9750.75 61.5514
9762.76 62.3115
9774.77 63.0708
9786.79 63.8293
9798.8 64.587
9810.81 65.3437
9822.82 66.0994
9834.83 66.854
9846.85 67.6076
9858.86 68.3599
9870.87 69.1111
9882.88 69.8609
9894.89 70.6094
9906.91 71.3564
9918.92 72.1019
9930.93 72.8459
9942.94 73.5883
9954.95 74.329
9966.97 75.0679
9978.98 75.805
9990.99 76.5402
10003 77.2734
10015 78.0046
10027 78.7337
10039 79.4606
10051.1 80.1852
10063.1 80.9075
10075.1 81.6274
10087.1 82.3449
10099.1 83.0597
10111.1 83.7719
10123.1 84.4815
10135.1 85.1882
10147.1 85.8921
10159.2 86.593
10171.2 87.2909
10183.2 87.9857
10195.2 88.6774
10207.2 89.3657
10219.2 90.0508
10231.2 90.7324
10243.2 91.4105
10255.3 92.0851
10267.3 92.756
10279.3 93.4231
10291.3 94.0865
10303.3 94.7459
10315.3 95.4014
10327.3 96.0528
10339.3 96.7001
10351.4 97.3432
10363.4 97.982
10375.4 98.6164
10387.4 99.2463
10399.4 99.8718
10411.4 100.493
10423.4 101.109
10435.4 101.72
10447.4 102.327
10459.5 102.928
10471.5 103.525
10483.5 104.116
10495.5 104.703
10507.5 105.284
10519.5 105.86
10531.5 106.431
10543.5 106.996
10555.6 107.556
10567.6 108.11
10579.6 108.658
10591.6 109.201
10603.6 109.738
10615.6 110.269
10627.6 110.795
10639.6 111.314
10651.7 111.827
10663.7 112.335
10675.7 112.836
10687.7 113.331
10699.7 113.82
10711.7 114.302
10723.7 114.778
10735.7 115.248
10747.7 115.711
10759.8 116.168
10771.8 116.619
10783.8 117.062
10795.8 116.955
10807.8 116.345
10819.8 115.726
10831.8 115.098
10843.8 114.46
10855.9 113.814
10867.9 113.159
10879.9 112.494
10891.9 111.82
10903.9 111.558
10915.9 111.415
10927.9 111.265
10939.9 111.106
10952 110.94
10964 110.765
10976 110.582
10988 110.391
11000 110.192
11012 110.118
11024 110.036
11036 109.946
11048 109.848
11060.1 109.743
11072.1 109.629
11084.1 109.508
11096.1 109.378
11108.1 109.298
11120.1 109.395
11132.1 109.486
11144.1 109.568
11156.2 109.644
11168.2 109.712
11180.2 109.773
11192.2 109.827
11204.2 109.874
11216.2 109.996
11228.2 110.203
11240.2 110.403
11252.3 110.596
11264.3 110.782
11276.3 110.962
11288.3 111.135
11300.3 111.302
11312.3 111.462
11324.3 111.694
11336.3 111.951
11348.3 112.203
11360.4 112.449
11372.4 112.688
11384.4 112.922
11396.4 113.149
11408.4 113.371
11420.4 113.587
11432.4 113.468
11444.4 113.323
11456.5 113.171
11468.5 113.013
11480.5 112.849
11492.5 112.679
11504.5 112.502
11516.5 112.319
11528.5 112.177
11540.5 112.233
11552.6 112.284
11564.6 112.33
11576.6 112.37
11588.6 112.405
11600.6 112.435
11612.6 112.46
11624.6 112.48
11636.6 112.511
11648.6 112.561
11660.7 112.606
11672.7 112.647
11684.7 112.683
11696.7 112.714
11708.7 112.741
11720.7 112.763
11732.7 112.782
11744.7 112.609
11756.8 112.335
11768.8 112.057
11780.8 111.775
11792.8 111.488
11804.8 111.197
11816.8 110.901
11828.8 110.601
11840.8 110.297
11852.9 110.058
11864.9 109.825
11876.9 109.587
11888.9 109.346
11900.9 109.101
11912.9 108.852
11924.9 108.6
11936.9 108.345
11948.9 108.087
11961 107.837
11973 107.584
11985 107.328
11997 107.068
12009 106.806
12021 106.541
12033 106.273
12045 106.002
12057.1 105.754
12069.1 105.544
12081.1 105.332
12093.1 105.118
12105.1 104.901
12117.1 104.683
12129.1 104.462
12141.1 104.239
12153.2 104.015
12165.2 103.448
12177.2 102.656
12189.2 101.862
12201.2 101.064
12213.2 100.264
12225.2 99.4616
12237.2 98.6562
12249.2 97.8483
12261.3 97.0378
12273.3 96.6317
12285.3 96.3023
12297.3 95.9715
12309.3 95.6394
12321.3 95.306
12333.3 94.9715
12345.3 94.6357
12357.4 94.2989
12369.4 93.9233
12381.4 93.116
12393.4 92.3068
12405.4 91.4958
12417.4 90.6831
12429.4 89.8687
12441.4 89.0526
12453.5 88.235
12465.5 87.4158
12477.5 86.6303
12489.5 85.9202
12501.5 85.2089
12513.5 84.4964
12525.5 83.7828
12537.5 83.0682
12549.5 82.3526
12561.6 81.636
12573.6 80.9185
12585.6 80.1818
12597.6 79.4295
12609.6 78.6763
12621.6 77.9224
12633.6 77.1676
12645.6 76.4121
12657.7 75.6558
12669.7 74.8989
12681.7 74.1413
12693.7 73.6311
12705.7 73.1866
12717.7 72.7422
12729.7 72.2978
12741.7 71.8536
12753.8 71.4095
12765.8 70.9655
12777.8 70.5218
12789.8 70.0783
12801.8 69.6381
12813.8 69.1981
12825.8 68.7585
12837.8 68.3192
12849.8 67.8803
12861.9 67.4417
12873.9 67.0036
12885.9 66.566
12897.9 66.248
12909.9 66.26
12921.9 66.2733
12933.9 66.2879
12945.9 66.304
12958 66.3214
12970 66.3403
12982 66.3606
12994 66.3824
13006 66.3729
13018 66.3321
13030 66.2927
13042 66.2547
13054.1 66.2181
13066.1 66.183
13078.1 66.1494
13090.1 66.1172
13102.1 66.0865
13114.1 65.9427
13126.1 65.7587
13138.1 65.576
13150.2 65.3945
13162.2 65.2143
13174.2 65.0353
13186.2 64.8576
13198.2 64.6813
13210.2 64.5063
13222.2 64.461
13234.2 64.4205
13246.2 64.3816
13258.3 64.3442
13270.3 64.3085
13282.3 64.2744
13294.3 64.2419
13306.3 64.211
13318.3 64.116
13330.3 63.7748
13342.3 63.4346
13354.4 63.0956
13366.4 62.7576
13378.4 62.4207
13390.4 62.085
13402.4 61.7503
13414.4 61.4167
13426.4 61.0036
13438.4 60.4899
13450.5 59.977
13462.5 59.465
13474.5 58.9537
13486.5 58.4433
13498.5 57.9336
13510.5 57.4248
13522.5 56.9168
13534.5 56.6069
13546.5 56.3886
13558.6 56.1717
13570.6 55.9562
13582.6 55.742
13594.6 55.5291
13606.6 55.3176
13618.6 55.1074
13630.6 54.8985
13642.6 54.8206
13654.7 54.7557
13666.7 54.6923
13678.7 54.6306
13690.7 54.5704
13702.7 54.5119
13714.7 54.4549
13726.7 54.3995
13738.7 54.3771
13750.8 54.5199
13762.8 54.6647
13774.8 54.8113
13786.8 54.9599
13798.8 55.1104
13810.8 55.2629
13822.8 55.4172
13834.8 55.5735
13846.8 55.7563
13858.9 55.9785
13870.9 56.2029
13882.9 56.4292
13894.9 56.6575
13906.9 56.8879
13918.9 57.1203
13930.9 57.3546
13942.9 57.591
13955 57.8447
13967 58.1094
13979 58.3762
13991 58.645
14003 58.9158
14015 59.1886
14027 59.4635
14039 59.7404
14051.1 60.0193
14063.1 60.2615
14075.1 60.4999
14087.1 60.7403
14099.1 60.9826
14111.1 61.2267
14123.1 61.4729
14135.1 61.7209
14147.1 61.9708
14159.2 62.1617
14171.2 61.8333
14183.2 61.5057
14195.2 61.1791
14207.2 60.8534
14219.2 60.5286
14231.2 60.2047
14243.2 59.8817
14255.3 59.5595
14267.3 59.231
14279.3 58.8891
14291.3 58.548
14303.3 58.2077
14315.3 57.8683
14327.3 57.5297
14339.3 57.192
14351.4 56.855
14363.4 56.5189
14375.4 56.3486
14387.4 56.2987
14399.4 56.2501
14411.4 56.2027
14423.4 56.1566
14435.4 56.1118
14447.4 56.0682
14459.5 56.0258
14471.5 55.9847
14483.5 55.999
14495.5 56.027
14507.5 56.0563
14519.5 56.087
14531.5 56.119
14543.5 56.1523
14555.6 56.1869
14567.6 56.2229
14579.6 56.2727
14591.6 56.5338
14603.6 56.7965
14615.6 57.0609
14627.6 57.3269
14639.6 57.5946
14651.7 57.864
14663.7 58.135
14675.7 58.4076
14687.7 58.735
14699.7 59.1938
14711.7 59.6545
14723.7 60.1171
14735.7 60.5817
14747.7 61.0481
14759.8 61.5165
14771.8 61.9867
14783.8 62.4589
14795.8 62.8229
14807.8 63.0885
14819.8 63.3557
14831.8 63.6244
14843.8 63.8947
14855.9 64.1665
14867.9 64.4398
14879.9 64.7146
14891.9 64.9909
14903.9 64.8652
14915.9 64.617
14927.9 64.3695
14939.9 64.1226
14952 63.8763
14964 63.6307
14976 63.3858
14988 63.1414
15000 62.8977
15012 62.719
15024 62.541
15036 62.3637
15048 62.1871
15060.1 62.0112
15072.1 61.836
15084.1 61.6615
15096.1 61.4877
15108.1 61.3571
15120.1 61.3669
15132.1 61.3775
15144.1 61.3892
15156.2 61.4018
15168.2 61.4153
15180.2 61.4298
15192.2 61.4452
15204.2 61.4616
15216.2 61.5839
15228.2 61.8229
15240.2 62.0632
15252.3 62.3047
15264.3 62.5476
15276.3 62.7916
15288.3 63.037
15300.3 63.2836
15312.3 63.5314
15324.3 63.8032
15336.3 64.0856
15348.3 64.3692
15360.4 64.6541
15372.4 64.9403
15384.4 65.2278
15396.4 65.5165
15408.4 65.8065
15420.4 66.0978
15432.4 66.5099
15444.4 66.9307
15456.5 67.3529
15468.5 67.7766
15480.5 68.2017
15492.5 68.6282
15504.5 69.0562
15516.5 69.4856
15528.5 69.8039
15540.5 69.6291
15552.6 69.4547
15564.6 69.2808
15576.6 69.1074
15588.6 68.9344
15600.6 68.7619
15612.6 68.5899
15624.6 68.4183
15636.6 68.0629
15648.6 67.4521
15660.7 66.841
15672.7 66.2297
15684.7 65.6182
15696.7 65.0065
15708.7 64.3945
15720.7 63.7823
15732.7 63.1698
15744.7 62.6724
15756.8 62.2341
15768.8 61.7957
15780.8 61.3574
15792.8 60.9191
15804.8 60.4807
15816.8 60.0424
15828.8 59.604
15840.8 59.1657
15852.9 59.0445
15864.9 58.961
15876.9 58.878
15888.9 58.7954
15900.9 58.7134
15912.9 58.632
15924.9 58.551
15936.9 58.4705
15948.9 58.3856
15961 58.268
15973 58.1509
15985 58.0342
15997 57.9179
16009 57.8021
16021 57.6866
16033 57.5716
16045 57.457
16057.1 57.3138
16069.1 57.1216
16081.1 56.9296
16093.1 56.738
16105.1 56.5466
16117.1 56.3555
16129.1 56.1647
16141.1 55.9742
16153.2 55.7839
16165.2 55.389
16177.2 54.86
16189.2 54.3307
16201.2 53.8013
16213.2 53.2715
16225.2 52.7416
16237.2 52.2114
16249.2 51.6809
16261.3 51.1502
16273.3 50.0129
16285.3 48.7577
16297.3 47.5012
16309.3 46.2434
16321.3 44.9842
16333.3 43.7237
16345.3 42.4618
16357.4 41.1986
16369.4 39.9423
16381.4 38.779
16393.4 37.6145
16405.4 36.4487
16417.4 35.2818
16429.4 34.1137
16441.4 32.9443
16453.5 31.7738
16465.5 30.602
16477.5 29.5052
16489.5 28.5733
16501.5 27.6407
16513.5 26.7071
16525.5 25.7727
16537.5 24.8374
16549.5 23.9012
16561.6 22.9642
16573.6 22.0262
16585.6 21.1266
16597.6 20.2573
16609.6 19.3873
16621.6 18.5165
16633.6 17.6449
16645.6 16.7725
16657.7 15.8993
16669.7 15.0253
16681.7 14.1505
16693.7 13.4124
16705.7 12.7101
16717.7 12.0073
16729.7 11.3039
16741.7 10.6
16753.8 9.89548
16765.8 9.19042
16777.8 8.48479
16789.8 7.77573
16801.8 6.94986
16813.8 6.12324
16825.8 5.29589
16837.8 4.46778
16849.8 3.63894
16861.9 2.80934
16873.9 1.979
16885.9 1.1479
16897.9 0.232353
16909.9 -0.914906
16921.9 -2.06337
16933.9 -3.21304
16945.9 -4.36392
16958 -5.51601
16970 -6.66931
16982 -7.82382
16994 -8.97955
17006 -10.0158
17018 -10.9322
17030 -11.8496
17042 -12.7678
17054.1 -13.6869
17066.1 -14.6069
17078.1 -15.5278
17090.1 -16.4495
17102.1 -17.3722
17114.1 -18.062
17126.1 -18.6677
17138.1 -19.2737
17150.2 -19.8802
17162.2 -20.4872
17174.2 -21.0946
17186.2 -21.7024
17198.2 -22.3107
17210.2 -22.9195
17222.2 -23.2687
17234.2 -23.6115
17246.2 -23.9544
17258.3 -24.2974
17270.3 -24.6405
17282.3 -24.9836
17294.3 -25.3269
17306.3 -25.6703
17318.3 -25.9837
17330.3 -26.1838
17342.3 -26.3838
17354.4 -26.5838
17366.4 -26.7836
17378.4 -26.9833
17390.4 -27.1829
17402.4 -27.3825
17414.4 -27.5819
17426.4 -27.751
17438.4 -27.8818
17450.5 -28.0124
17462.5 -28.1429
17474.5 -28.2732
17486.5 -28.4033
17498.5 -28.5332
17510.5 -28.663
17522.5 -28.7926
17534.5 -28.9711
17546.5 -29.1721
17558.6 -29.373
17570.6 -29.5739
17582.6 -29.7747
17594.6 -29.9754
17606.6 -30.176
17618.6 -30.3766
17630.6 -30.5771
17642.6 -30.6024
17654.7 -30.6121
17666.7 -30.6214
17678.7 -30.6303
17690.7 -30.639
17702.7 -30.6474
17714.7 -30.6554
17726.7 -30.6631
17738.7 -30.6457
17750.8 -30.4986
17762.8 -30.351
17774.8 -30.2028
17786.8 -30.0542
17798.8 -29.905
17810.8 -29.7553
17822.8 -29.6051
17834.8 -29.4545
17846.8 -29.2503
17858.9 -28.9646
17870.9 -28.6782
17882.9 -28.3911
17894.9 -28.1033
17906.9 -27.8148
17918.9 -27.5257
17930.9 -27.2359
17942.9 -26.9453
17955 -26.6397
17967 -26.3248
17979 -26.0092
17991 -25.6929
18003 -25.3759
18015 -25.0582
18027 -24.7398
18039 -24.4206
18051.1 -24.1008
18063.1 -23.7746
18075.1 -23.4469
18087.1 -23.1184
18099.1 -22.7892
18111.1 -22.4594
18123.1 -22.1288
18135.1 -21.7975
18147.1 -21.4655
18159.2 -21.1466
18171.2 -20.9447
18183.2 -20.7423
18195.2 -20.5393
18207.2 -20.3358
18219.2 -20.1318
18231.2 -19.9273
18243.2 -19.7222
18255.3 -19.5167
18267.3 -19.3234
18279.3 -19.1545
18291.3 -18.9852
18303.3 -18.8155
18315.3 -18.6452
18327.3 -18.4745
18339.3 -18.3034
18351.4 -18.1318
18363.4 -17.9597
18375.4 -17.7562
18387.4 -17.5299
18399.4 -17.3031
18411.4 -17.0757
18423.4 -16.8478
18435.4 -16.6194
18447.4 -16.3904
18459.5 -16.1609
18471.5 -15.9309
18483.5 -15.6608
18495.5 -15.3812
18507.5 -15.1009
18519.5 -14.8201
18531.5 -14.5387
18543.5 -14.2566
18555.6 -13.9741
18567.6 -13.6909
18579.6 -13.405
18591.6 -13.0828
18603.6 -12.7599
18615.6 -12.4364
18627.6 -12.1123
18639.6 -11.7876
18651.7 -11.4622
18663.7 -11.1363
18675.7 -10.8097
18687.7 -10.4859
18699.7 -10.17
18711.7 -9.85357
18723.7 -9.53649
18735.7 -9.2188
18747.7 -8.90051
18759.8 -8.58162
18771.8 -8.26212
18783.8 -7.94202
18795.8 -7.68508
18807.8 -7.48556
18819.8 -7.28559
18831.8 -7.08517
18843.8 -6.88431
18855.9 -6.68301
18867.9 -6.48127
18879.9 -6.27908
18891.9 -6.07645
18903.9 -5.98673
18915.9 -5.93132
18927.9 -5.87565
18939.9 -5.81974
18952 -5.76357
18964 -5.70716
18976 -5.65049
18988 -5.59358
19000 -5.53642
