7000 1.08296
7012.01 1.08823
7024.02 1.09352
7036.04 1.09883
7048.05 1.10416
7060.06 1.10951
7072.07 1.11489
7084.08 1.12028
7096.1 1.12569
7108.11 1.13113
7120.12 1.13658
7132.13 1.14206
7144.14 1.14756
7156.16 1.15308
7168.17 1.15862
7180.18 1.16418
7192.19 1.16976
7204.2 1.17536
7216.22 1.18099
7228.23 1.18663
7240.24 1.1923
7252.25 1.19799
7264.26 1.2037
7276.28 1.20943
7288.29 1.21518
7300.3 1.22096
7312.31 1.22675
7324.32 1.23257
7336.34 1.23841
7348.35 1.24427
7360.36 1.25015
7372.37 1.25606
7384.38 1.26199
7396.4 1.26793
7408.41 1.27391
7420.42 1.2799
7432.43 1.28591
7444.44 1.29195
7456.46 1.29801
7468.47 1.30409
7480.48 1.30699
7492.49 1.30743
7504.5 1.30788
7516.52 1.30833
7528.53 1.30878
7540.54 1.30924
7552.55 1.30971
7564.56 1.31017
7576.58 1.31065
7588.59 1.30476
7600.6 1.29729
7612.61 1.2898
7624.62 1.28229
7636.64 1.27476
7648.65 1.26721
7660.66 1.25964
7672.67 1.25204
7684.68 1.24621
7696.7 1.28372
7708.71 1.32134
7720.72 1.35908
7732.73 1.39695
7744.74 1.43493
7756.76 1.47304
7768.77 1.51127
7780.78 1.54961
7792.79 1.57242
7804.8 1.55429
7816.82 1.5361
7828.83 1.51786
7840.84 1.49956
7852.85 1.48121
7864.86 1.46281
7876.88 1.44435
7888.89 1.42584
7900.9 1.4243
7912.91 1.43894
7924.92 1.45362
7936.94 1.46836
7948.95 1.48314
7960.96 1.49797
7972.97 1.51285
7984.98 1.52777
7997 1.54274
8009.01 1.54984
8021.02 1.55433
8033.03 1.55883
8045.05 1.56335
8057.06 1.56788
8069.07 1.57242
8081.08 1.57699
8093.09 1.58157
8105.11 1.58616
8117.12 1.6055
8129.13 1.6251
8141.14 1.64475
8153.15 1.66446
8165.17 1.68424
8177.18 1.70407
8189.19 1.72396
8201.2 1.74392
8213.21 1.76292
8225.23 1.77849
8237.24 1.79409
8249.25 1.80975
8261.26 1.82545
8273.27 1.8412
8285.29 1.85699
8297.3 1.87283
8309.31 1.88872
8321.32 1.89642
8333.33 1.89448
8345.35 1.89254
8357.36 1.89059
8369.37 1.88863
8381.38 1.88667
8393.39 1.88471
8405.41 1.88274
8417.42 1.88076
8429.43 1.89263
8441.44 1.91056
8453.45 1.92853
8465.47 1.94656
8477.48 1.96463
8489.49 1.98276
8501.5 2.00094
8513.51 2.01917
8525.53 2.03745
8537.54 2.03889
8549.55 2.03913
8561.56 2.03937
8573.57 2.03962
8585.59 2.03986
8597.6 2.0401
8609.61 2.04034
8621.62 2.04058
8633.63 2.03869
8645.65 2.02645
8657.66 2.01417
8669.67 2.00185
8681.68 1.9895
8693.69 1.97711
8705.71 1.96469
8717.72 1.95223
8729.73 1.93974
8741.74 1.93473
8753.75 1.94064
8765.77 1.94656
8777.78 1.9525
8789.79 1.95845
8801.8 1.96441
8813.81 1.97039
8825.83 1.97638
8837.84 1.98238
8849.85 1.9884
8861.86 1.99443
8873.87 2.00048
8885.89 2.00653
8897.9 2.0126
8909.91 2.01869
8921.92 2.02478
8933.93 2.03089
8945.95 2.03701
8957.96 2.04314
8969.97 2.04929
8981.98 2.05545
8993.99 2.06161
9006.01 2.06779
9018.02 2.07399
9030.03 2.08019
9042.04 2.0864
9054.05 2.09263
9066.07 2.09886
9078.08 2.10511
9090.09 2.11137
9102.1 2.11763
9114.11 2.12391
9126.13 2.1302
9138.14 2.1365
9150.15 2.1428
9162.16 2.14912
9174.17 2.15544
9186.19 2.16178
9198.2 2.16812
9210.21 2.17447
9222.22 2.18083
9234.23 2.1872
9246.25 2.19358
9258.26 2.19996
9270.27 2.20635
9282.28 2.21275
9294.29 2.21916
9306.31 2.22557
9318.32 2.23199
9330.33 2.23841
9342.34 2.24485
9354.35 2.25128
9366.37 2.25773
9378.38 2.26418
9390.39 2.27063
9402.4 2.27709
9414.41 2.28355
9426.43 2.29002
9438.44 2.29649
9450.45 2.30297
9462.46 2.30945
9474.47 2.31593
9486.49 2.32242
9498.5 2.32891
9510.51 2.3354
9522.52 2.34189
9534.53 2.34839
9546.55 2.35488
9558.56 2.36138
9570.57 2.36788
9582.58 2.37438
9594.59 2.38088
9606.61 2.38738
9618.62 2.39388
9630.63 2.40037
9642.64 2.40687
9654.65 2.41337
9666.67 2.41986
9678.68 2.42636
9690.69 2.43285
9702.7 2.43933
9714.71 2.44582
9726.73 2.4523
9738.74 2.45878
9750.75 2.46525
9762.76 2.47172
9774.77 2.47818
9786.79 2.48464
9798.8 2.4911
9810.81 2.49754
9822.82 2.50398
9834.83 2.51042
9846.85 2.51684
9858.86 2.52326
9870.87 2.52967
9882.88 2.53608
9894.89 2.54247
9906.91 2.54885
9918.92 2.55523
9930.93 2.56159
9942.94 2.56795
9954.95 2.57429
9966.97 2.58062
9978.98 2.58694
9990.99 2.59325
10003 2.59955
10015 2.60583
10027 2.6121
10039 2.61835
10051.1 2.62459
10063.1 2.63082
10075.1 2.63702
10087.1 2.64322
10099.1 2.64939
10111.1 2.65555
10123.1 2.6617
10135.1 2.66782
10147.1 2.67393
10159.2 2.68001
10171.2 2.68608
10183.2 2.69213
10195.2 2.69815
10207.2 2.70416
10219.2 2.71015
10231.2 2.71611
10243.2 2.72205
10255.3 2.72796
10267.3 2.73386
10279.3 2.73973
10291.3 2.74557
10303.3 2.75139
10315.3 2.75718
10327.3 2.76295
10339.3 2.76869
10351.4 2.7744
10363.4 2.78009
10375.4 2.78574
10387.4 2.79137
10399.4 2.79696
10411.4 2.80253
10423.4 2.80807
10435.4 2.81357
10447.4 2.81904
10459.5 2.82448
10471.5 2.82988
10483.5 2.83526
10495.5 2.84059
10507.5 2.84589
10519.5 2.85116
10531.5 2.85639
10543.5 2.86158
10555.6 2.86674
10567.6 2.87185
10579.6 2.87693
10591.6 2.88197
10603.6 2.88697
10615.6 2.89193
10627.6 2.89684
10639.6 2.90172
10651.7 2.90655
10663.7 2.91133
10675.7 2.91608
10687.7 2.92078
10699.7 2.92543
10711.7 2.93004
10723.7 2.9346
10735.7 2.93911
10747.7 2.94358
10759.8 2.948
10771.8 2.95237
10783.8 2.95668
10795.8 2.96095
10807.8 2.96517
10819.8 2.96933
10831.8 2.97344
10843.8 2.9775
10855.9 2.9815
10867.9 2.98545
10879.9 2.98934
10891.9 2.99318
10903.9 3.0259
10915.9 3.06747
10927.9 3.10906
10939.9 3.15067
10952 3.19231
10964 3.23398
10976 3.27566
10988 3.31737
11000 3.35909
11012 3.36356
11024 3.36796
11036 3.3723
11048 3.37657
11060.1 3.38078
11072.1 3.38493
11084.1 3.38901
11096.1 3.39302
11108.1 3.41159
11120.1 3.4781
11132.1 3.54467
11144.1 3.61131
11156.2 3.67801
11168.2 3.74478
11180.2 3.81161
11192.2 3.87851
11204.2 3.94546
11216.2 3.97945
11228.2 3.97701
11240.2 3.97448
11252.3 3.97186
11264.3 3.96915
11276.3 3.96634
11288.3 3.96345
11300.3 3.96047
11312.3 3.95739
11324.3 3.9659
11336.3 3.97913
11348.3 3.9923
11360.4 4.00541
11372.4 4.01846
11384.4 4.03144
11396.4 4.04436
11408.4 4.05722
11420.4 4.07002
11432.4 4.0858
11444.4 4.10171
11456.5 4.11756
11468.5 4.13335
11480.5 4.14908
11492.5 4.16475
11504.5 4.18035
11516.5 4.19589
11528.5 4.22128
11540.5 4.29019
11552.6 4.35914
11564.6 4.42814
11576.6 4.49718
11588.6 4.56627
11600.6 4.63539
11612.6 4.70457
11624.6 4.77378
11636.6 4.8052
11648.6 4.78414
11660.7 4.76293
11672.7 4.74157
11684.7 4.72007
11696.7 4.69842
11708.7 4.67662
11720.7 4.65466
11732.7 4.63256
11744.7 4.61761
11756.8 4.60626
11768.8 4.59477
11780.8 4.58316
11792.8 4.57142
11804.8 4.55954
11816.8 4.54754
11828.8 4.5354
11840.8 4.52312
11852.9 4.54082
11864.9 4.56196
11876.9 4.58304
11888.9 4.60406
11900.9 4.625
11912.9 4.64588
11924.9 4.66668
11936.9 4.68742
11948.9 4.70305
11961 4.68458
11973 4.66596
11985 4.64719
11997 4.62826
12009 4.60919
12021 4.58996
12033 4.57057
12045 4.55104
12057.1 4.53581
12069.1 4.528
12081.1 4.52007
12093.1 4.512
12105.1 4.50379
12117.1 4.49546
12129.1 4.48699
12141.1 4.47838
12153.2 4.46964
12165.2 4.46799
12177.2 4.47094
12189.2 4.47378
12201.2 4.4765
12213.2 4.47912
12225.2 4.48161
12237.2 4.48399
12249.2 4.48626
12261.3 4.48841
12273.3 4.47406
12285.3 4.45641
12297.3 4.4386
12309.3 4.42064
12321.3 4.40252
12333.3 4.38425
12345.3 4.36581
12357.4 4.34722
12369.4 4.3305
12381.4 4.33685
12393.4 4.34309
12405.4 4.34922
12417.4 4.35523
12429.4 4.36113
12441.4 4.36693
12453.5 4.3726
12465.5 4.37817
12477.5 4.36911
12489.5 4.32827
12501.5 4.28722
12513.5 4.24597
12525.5 4.20451
12537.5 4.16285
12549.5 4.12098
12561.6 4.07891
12573.6 4.03664
12585.6 4.01647
12597.6 4.01394
12609.6 4.01128
12621.6 4.00849
12633.6 4.00557
12645.6 4.00252
12657.7 3.99933
12669.7 3.99602
12681.7 3.99257
12693.7 3.97802
12705.7 3.9604
12717.7 3.94263
12729.7 3.9247
12741.7 3.90661
12753.8 3.88835
12765.8 3.86994
12777.8 3.85136
12789.8 3.83204
12801.8 3.78886
12813.8 3.74546
12825.8 3.70187
12837.8 3.65806
12849.8 3.61404
12861.9 3.56982
12873.9 3.52539
12885.9 3.48075
12897.9 3.43873
12909.9 3.40435
12921.9 3.36977
12933.9 3.33501
12945.9 3.30005
12958 3.2649
12970 3.22956
12982 3.19403
12994 3.15831
13006 3.15061
13018 3.17101
13030 3.19131
13042 3.21153
13054.1 3.23166
13066.1 3.2517
13078.1 3.27166
13090.1 3.29152
13102.1 3.3113
13114.1 3.29736
13126.1 3.27107
13138.1 3.2446
13150.2 3.21795
13162.2 3.19113
13174.2 3.16414
13186.2 3.13698
13198.2 3.10964
13210.2 3.08213
13222.2 3.07099
13234.2 3.06012
13246.2 3.04911
13258.3 3.03795
13270.3 3.02665
13282.3 3.0152
13294.3 3.00361
13306.3 2.99188
13318.3 2.97803
13330.3 2.95656
13342.3 2.93493
13354.4 2.91314
13366.4 2.89118
13378.4 2.86907
13390.4 2.8468
13402.4 2.82436
13414.4 2.80177
13426.4 2.78478
13438.4 2.77488
13450.5 2.76485
13462.5 2.75469
13474.5 2.74438
13486.5 2.73394
13498.5 2.72336
13510.5 2.71264
13522.5 2.70178
13534.5 2.69514
13546.5 2.69037
13558.6 2.68547
13570.6 2.68045
13582.6 2.6753
13594.6 2.67003
13606.6 2.66463
13618.6 2.65911
13630.6 2.65346
13642.6 2.61675
13654.7 2.57715
13666.7 2.53737
13678.7 2.4974
13690.7 2.45725
13702.7 2.41692
13714.7 2.37641
13726.7 2.33571
13738.7 2.30257
13750.8 2.3095
13762.8 2.31633
13774.8 2.32307
13786.8 2.3297
13798.8 2.33625
13810.8 2.34269
13822.8 2.34904
13834.8 2.3553
13846.8 2.34657
13858.9 2.31492
13870.9 2.28311
13882.9 2.25115
13894.9 2.21902
13906.9 2.18674
13918.9 2.15429
13930.9 2.1217
13942.9 2.08894
13955 2.0641
13967 2.04388
13979 2.02353
13991 2.00304
14003 1.98242
14015 1.96168
14027 1.9408
14039 1.9198
14051.1 1.89866
14063.1 1.88206
14075.1 1.86603
14087.1 1.84988
14099.1 1.83361
14111.1 1.81724
14123.1 1.80074
14135.1 1.78414
14147.1 1.76742
14159.2 1.75282
14171.2 1.75716
14183.2 1.76143
14195.2 1.76562
14207.2 1.76975
14219.2 1.77381
14231.2 1.7778
14243.2 1.78172
14255.3 1.78557
14267.3 1.78135
14279.3 1.76139
14291.3 1.74133
14303.3 1.72117
14315.3 1.70091
14327.3 1.68055
14339.3 1.66009
14351.4 1.63954
14363.4 1.6189
14375.4 1.60147
14387.4 1.58635
14399.4 1.57114
14411.4 1.55587
14423.4 1.54051
14435.4 1.52508
14447.4 1.50958
14459.5 1.49401
14471.5 1.47837
14483.5 1.44438
14495.5 1.40613
14507.5 1.36778
14519.5 1.32934
14531.5 1.29079
14543.5 1.25216
14555.6 1.21343
14567.6 1.17461
14579.6 1.13573
14591.6 1.09718
14603.6 1.05854
14615.6 1.01982
14627.6 0.981027
14639.6 0.942157
14651.7 0.903215
14663.7 0.864204
14675.7 0.825125
14687.7 0.790526
14699.7 0.766992
14711.7 0.743423
14723.7 0.719824
14735.7 0.696197
14747.7 0.672544
14759.8 0.648869
14771.8 0.625174
14783.8 0.601463
14795.8 0.586746
14807.8 0.580217
14819.8 0.573709
14831.8 0.567224
14843.8 0.560767
14855.9 0.55434
14867.9 0.547947
14879.9 0.54159
14891.9 0.535274
14903.9 0.523135
14915.9 0.509243
14927.9 0.495389
14939.9 0.481576
14952 0.46781
14964 0.454092
14976 0.440428
14988 0.426819
15000 0.413271
15012 0.373988
15024 0.334731
15036 0.295505
15048 0.256313
15060.1 0.217159
15072.1 0.178048
15084.1 0.138982
15096.1 0.099967
15108.1 0.0720215
15120.1 0.0802856
15132.1 0.088687
15144.1 0.0972298
15156.2 0.105918
15168.2 0.114756
15180.2 0.123748
15192.2 0.132899
15204.2 0.142211
15216.2 0.123575
15228.2 0.0740745
15240.2 0.0246559
15252.3 -0.0246766
15264.3 -0.0739186
15276.3 -0.123066
15288.3 -0.172114
15300.3 -0.221058
15312.3 -0.269895
15324.3 -0.354411
15336.3 -0.453522
15348.3 -0.552592
15360.4 -0.651615
15372.4 -0.750588
15384.4 -0.849507
15396.4 -0.948366
15408.4 -1.04716
15420.4 -1.14589
15432.4 -1.14486
15444.4 -1.13761
15456.5 -1.13011
15468.5 -1.12237
15480.5 -1.11437
15492.5 -1.10612
15504.5 -1.0976
15516.5 -1.08882
15528.5 -1.07832
15540.5 -1.06117
15552.6 -1.04372
15564.6 -1.02598
15576.6 -1.00794
15588.6 -0.989608
15600.6 -0.970967
15612.6 -0.952017
15624.6 -0.932756
15636.6 -0.957076
15648.6 -1.04198
15660.7 -1.12673
15672.7 -1.21131
15684.7 -1.29573
15696.7 -1.37997
15708.7 -1.46403
15720.7 -1.54792
15732.7 -1.63163
15744.7 -1.69507
15756.8 -1.748
15768.8 -1.8007
15780.8 -1.85316
15792.8 -1.90537
15804.8 -1.95735
15816.8 -2.00907
15828.8 -2.06055
15840.8 -2.11177
15852.9 -2.11689
15864.9 -2.1163
15876.9 -2.11538
15888.9 -2.11412
15900.9 -2.11252
15912.9 -2.11059
15924.9 -2.1083
15936.9 -2.10568
15948.9 -2.10786
15961 -2.14455
15973 -2.18095
15985 -2.21705
15997 -2.25287
16009 -2.2884
16021 -2.32363
16033 -2.35858
16045 -2.39322
16057.1 -2.40564
16069.1 -2.3805
16081.1 -2.35498
16093.1 -2.32908
16105.1 -2.30279
16117.1 -2.27612
16129.1 -2.24907
16141.1 -2.22163
16153.2 -2.19381
16165.2 -2.17977
16177.2 -2.17463
16189.2 -2.16915
16201.2 -2.16332
16213.2 -2.15714
16225.2 -2.15062
16237.2 -2.14375
16249.2 -2.13655
16261.3 -2.129
16273.3 -2.18333
16285.3 -2.24941
16297.3 -2.31525
16309.3 -2.38087
16321.3 -2.44627
16333.3 -2.51144
16345.3 -2.5764
16357.4 -2.64113
16369.4 -2.70002
16381.4 -2.6945
16393.4 -2.68866
16405.4 -2.68251
16417.4 -2.67605
16429.4 -2.66928
16441.4 -2.66221
16453.5 -2.65483
16465.5 -2.64716
16477.5 -2.65387
16489.5 -2.69234
16501.5 -2.73059
16513.5 -2.76862
16525.5 -2.80643
16537.5 -2.84402
16549.5 -2.88141
16561.6 -2.91858
16573.6 -2.95554
16585.6 -2.97077
16597.6 -2.96859
16609.6 -2.96616
16621.6 -2.96348
16633.6 -2.96056
16645.6 -2.95739
16657.7 -2.95398
16669.7 -2.95034
16681.7 -2.94647
16693.7 -2.92384
16705.7 -2.89604
16717.7 -2.86799
16729.7 -2.83968
16741.7 -2.81113
16753.8 -2.78233
16765.8 -2.75329
16777.8 -2.72402
16789.8 -2.69351
16801.8 -2.62257
16813.8 -2.55134
16825.8 -2.47983
16837.8 -2.40805
16849.8 -2.33598
16861.9 -2.26365
16873.9 -2.19105
16885.9 -2.11819
16897.9 -2.06216
16909.9 -2.05306
16921.9 -2.04379
16933.9 -2.03437
16945.9 -2.0248
16958 -2.01507
16970 -2.0052
16982 -1.99518
16994 -1.98503
17006 -1.94653
17018 -1.87963
17030 -1.81253
17042 -1.74522
17054.1 -1.67771
17066.1 -1.61
17078.1 -1.5421
17090.1 -1.474
17102.1 -1.40572
17114.1 -1.33327
17126.1 -1.2592
17138.1 -1.18493
17150.2 -1.11049
17162.2 -1.03586
17174.2 -0.961062
17186.2 -0.886087
17198.2 -0.810943
17210.2 -0.735631
17222.2 -0.891323
17234.2 -1.05289
17246.2 -1.21464
17258.3 -1.37656
17270.3 -1.53866
17282.3 -1.70094
17294.3 -1.8634
17306.3 -2.02605
17318.3 -2.12567
17330.3 -1.9869
17342.3 -1.8479
17354.4 -1.70869
17366.4 -1.56925
17378.4 -1.4296
17390.4 -1.28974
17402.4 -1.14967
17414.4 -1.00938
17426.4 -0.944178
17438.4 -0.973431
17450.5 -1.00272
17462.5 -1.03204
17474.5 -1.0614
17486.5 -1.0908
17498.5 -1.12024
17510.5 -1.14972
17522.5 -1.17925
17534.5 -1.219
17546.5 -1.26349
17558.6 -1.30805
17570.6 -1.35268
17582.6 -1.39739
17594.6 -1.44218
17606.6 -1.48704
17618.6 -1.53199
17630.6 -1.57702
17642.6 -1.51345
17654.7 -1.44028
17666.7 -1.36702
17678.7 -1.2937
17690.7 -1.22031
17702.7 -1.14685
17714.7 -1.07332
17726.7 -0.999733
17738.7 -0.941744
17750.8 -0.965159
17762.8 -0.988644
17774.8 -1.0122
17786.8 -1.03583
17798.8 -1.05954
17810.8 -1.08332
17822.8 -1.10718
17834.8 -1.13111
17846.8 -1.14089
17858.9 -1.12891
17870.9 -1.11696
17882.9 -1.10505
17894.9 -1.09318
17906.9 -1.08134
17918.9 -1.06953
17930.9 -1.05777
17942.9 -1.04604
17955 -1.03435
17967 -1.02271
17979 -1.0111
17991 -0.999537
18003 -0.988016
18015 -0.976538
18027 -0.965104
18039 -0.953715
18051.1 -0.942371
18063.1 -0.931074
18075.1 -0.919823
18087.1 -0.908619
18099.1 -0.897464
18111.1 -0.886357
18123.1 -0.875299
18135.1 -0.86429
18147.1 -0.853332
18159.2 -0.842424
18171.2 -0.831567
18183.2 -0.820761
18195.2 -0.810007
18207.2 -0.799305
18219.2 -0.788656
18231.2 -0.778059
18243.2 -0.767516
18255.3 -0.757026
18267.3 -0.74659
18279.3 -0.736208
18291.3 -0.725881
18303.3 -0.715608
18315.3 -0.70539
18327.3 -0.695227
18339.3 -0.685119
18351.4 -0.675067
18363.4 -0.665071
18375.4 -0.65513
18387.4 -0.645246
18399.4 -0.635417
18411.4 -0.625645
18423.4 -0.61593
18435.4 -0.60627
18447.4 -0.596668
18459.5 -0.587122
18471.5 -0.577632
18483.5 -0.5682
18495.5 -0.558824
18507.5 -0.549505
18519.5 -0.540243
18531.5 -0.531038
18543.5 -0.52189
18555.6 -0.512798
18567.6 -0.503764
18579.6 -0.494786
18591.6 -0.485865
18603.6 -0.477001
18615.6 -0.468194
18627.6 -0.459443
18639.6 -0.450749
18651.7 -0.442112
18663.7 -0.43353
18675.7 -0.425006
18687.7 -0.416537
18699.7 -0.408125
18711.7 -0.399768
18723.7 -0.391468
18735.7 -0.383223
18747.7 -0.375034
18759.8 -0.366901
18771.8 -0.358823
18783.8 -0.3508
18795.8 -0.342833
18807.8 -0.33492
18819.8 -0.327062
18831.8 -0.319259
18843.8 -0.31151
18855.9 -0.303815
18867.9 -0.296175
18879.9 -0.288588
18891.9 -0.281055
18903.9 -0.273576
18915.9 -0.26615
18927.9 -0.258777
18939.9 -0.251457
18952 -0.24419
18964 -0.236976
18976 -0.229813
18988 -0.222703
19000 -0.215645
