7000 0.455539
7012.01 0.441276
7024.02 0.425966
7036.04 0.40954
7048.05 0.391924
7060.06 0.373038
7072.07 0.352797
7084.08 0.331111
7096.1 0.307886
7108.11 0.283021
7120.12 0.25641
7132.13 0.227943
7144.14 0.197506
7156.16 0.164978
7168.17 0.13024
7180.18 0.0931666
7192.19 0.0536357
7204.2 0.0115263
7216.22 -0.0332769
7228.23 -0.0808804
7240.24 -0.131377
7252.25 -0.18484
7264.26 -0.241316
7276.28 -0.30082
7288.29 -0.363319
7300.3 -0.42873
7312.31 -0.496899
7324.32 -0.567596
7336.34 -0.640496
7348.35 -0.715166
7360.36 -0.791055
7372.37 -0.867482
7384.38 -0.943629
7396.4 -1.01855
7408.41 -1.09115
7420.42 -1.16025
7432.43 -1.22458
7444.44 -1.28281
7456.46 -1.33364
7468.47 -1.37583
7480.48 -1.39761
7492.49 -1.40049
7504.5 -1.39195
7516.52 -1.37158
7528.53 -1.3393
7540.54 -1.29534
7552.55 -1.24023
7564.56 -1.17477
7576.58 -1.09995
7588.59 -1.05883
7600.6 -1.02125
7612.61 -0.978184
7624.62 -0.930922
7636.64 -0.880668
7648.65 -0.828537
7660.66 -0.775528
7672.67 -0.722511
7684.68 -0.669444
7696.7 -0.59869
7708.71 -0.529709
7720.72 -0.462882
7732.73 -0.398493
7744.74 -0.336744
7756.76 -0.277765
7768.77 -0.221625
7780.78 -0.168347
7792.79 -0.0971938
7804.8 0.0254924
7816.82 0.145679
7828.83 0.263452
7840.84 0.378909
7852.85 0.492156
7864.86 0.603304
7876.88 0.712465
7888.89 0.819753
7900.9 0.882363
7912.91 0.90237
7924.92 0.920574
7936.94 0.937077
7948.95 0.951975
7960.96 0.965363
7972.97 0.977326
7984.98 0.987948
7997 0.997309
8009.01 1.021
8021.02 1.04881
8033.03 1.07562
8045.05 1.1015
8057.06 1.12651
8069.07 1.1507
8081.08 1.17413
8093.09 1.19683
8105.11 1.21886
8117.12 1.29593
8129.13 1.37331
8141.14 1.45029
8153.15 1.52692
8165.17 1.60321
8177.18 1.67922
8189.19 1.75495
8201.2 1.83044
8213.21 1.88993
8225.23 1.8942
8237.24 1.8981
8249.25 1.90164
8261.26 1.90484
8273.27 1.90772
8285.29 1.91029
8297.3 1.91257
8309.31 1.91458
8321.32 1.90514
8333.33 1.8823
8345.35 1.85915
8357.36 1.83571
8369.37 1.81199
8381.38 1.788
8393.39 1.76375
8405.41 1.73925
8417.42 1.71451
8429.43 1.72892
8441.44 1.76033
8453.45 1.79167
8465.47 1.82297
8477.48 1.85423
8489.49 1.88545
8501.5 1.91664
8513.51 1.9478
8525.53 1.97895
8537.54 1.97605
8549.55 1.97064
8561.56 1.96511
8573.57 1.95949
8585.59 1.95377
8597.6 1.94796
8609.61 1.94207
8621.62 1.93608
8633.63 1.92432
8645.65 1.88475
8657.66 1.84502
8669.67 1.80513
8681.68 1.76508
8693.69 1.72487
8705.71 1.6845
8717.72 1.64399
8729.73 1.60332
8741.74 1.58395
8753.75 1.59564
8765.77 1.60733
8777.78 1.61903
8789.79 1.63074
8801.8 1.64245
8813.81 1.65418
8825.83 1.66592
8837.84 1.67767
8849.85 1.68945
8861.86 1.70124
8873.87 1.71305
8885.89 1.72488
8897.9 1.73674
8909.91 1.74862
8921.92 1.76053
8933.93 1.77246
8945.95 1.78443
8957.96 1.79642
8969.97 1.80845
8981.98 1.82051
8993.99 1.83261
9006.01 1.84474
9018.02 1.85691
9030.03 1.86912
9042.04 1.88136
9054.05 1.89365
9066.07 1.90597
9078.08 1.91834
9090.09 1.93075
9102.1 1.94321
9114.11 1.95571
9126.13 1.96826
9138.14 1.98085
9150.15 1.99349
9162.16 2.00618
9174.17 2.01891
9186.19 2.0317
9198.2 2.04454
9210.21 2.05743
9222.22 2.07037
9234.23 2.08336
9246.25 2.09641
9258.26 2.10951
9270.27 2.12267
9282.28 2.13588
9294.29 2.14914
9306.31 2.16247
9318.32 2.17585
9330.33 2.18929
9342.34 2.20279
9354.35 2.21634
9366.37 2.22996
9378.38 2.24363
9390.39 2.25737
9402.4 2.27116
9414.41 2.28502
9426.43 2.29894
9438.44 2.31292
9450.45 2.32696
9462.46 2.34107
9474.47 2.35524
9486.49 2.36948
9498.5 2.38377
9510.51 2.39814
9522.52 2.41257
9534.53 2.42706
9546.55 2.44162
9558.56 2.45624
9570.57 2.47094
9582.58 2.48569
9594.59 2.50052
9606.61 2.51541
9618.62 2.53037
9630.63 2.5454
9642.64 2.5605
9654.65 2.57566
9666.67 2.59089
9678.68 2.60619
9690.69 2.62156
9702.7 2.637
9714.71 2.65251
9726.73 2.66809
9738.74 2.68374
9750.75 2.69945
9762.76 2.71524
9774.77 2.7311
9786.79 2.74703
9798.8 2.76302
9810.81 2.77909
9822.82 2.79523
9834.83 2.81144
9846.85 2.82772
9858.86 2.84407
9870.87 2.86049
9882.88 2.87698
9894.89 2.89354
9906.91 2.91017
9918.92 2.92687
9930.93 2.94365
9942.94 2.96049
9954.95 2.97741
9966.97 2.99439
9978.98 3.01144
9990.99 3.02857
10003 3.04576
10015 3.06303
10027 3.08036
10039 3.09777
10051.1 3.11524
10063.1 3.13279
10075.1 3.1504
10087.1 3.16808
10099.1 3.18583
10111.1 3.20365
10123.1 3.22153
10135.1 3.23949
10147.1 3.25751
10159.2 3.2756
10171.2 3.29376
10183.2 3.31198
10195.2 3.33027
10207.2 3.34862
10219.2 3.36704
10231.2 3.38553
10243.2 3.40408
10255.3 3.42269
10267.3 3.44137
10279.3 3.46011
10291.3 3.47891
10303.3 3.49778
10315.3 3.51671
10327.3 3.5357
10339.3 3.55475
10351.4 3.57386
10363.4 3.59303
10375.4 3.61226
10387.4 3.63154
10399.4 3.65089
10411.4 3.67029
10423.4 3.68974
10435.4 3.70926
10447.4 3.72882
10459.5 3.74845
10471.5 3.76812
10483.5 3.78785
10495.5 3.80762
10507.5 3.82745
10519.5 3.84733
10531.5 3.86726
10543.5 3.88723
10555.6 3.90726
10567.6 3.92732
10579.6 3.94744
10591.6 3.96759
10603.6 3.9878
10615.6 4.00804
10627.6 4.02832
10639.6 4.04865
10651.7 4.06901
10663.7 4.08941
10675.7 4.10984
10687.7 4.13032
10699.7 4.15082
10711.7 4.17136
10723.7 4.19193
10735.7 4.21253
10747.7 4.23316
10759.8 4.25382
10771.8 4.2745
10783.8 4.29521
10795.8 4.31594
10807.8 4.33669
10819.8 4.35747
10831.8 4.37826
10843.8 4.39907
10855.9 4.4199
10867.9 4.44074
10879.9 4.4616
10891.9 4.48246
10903.9 4.52672
10915.9 4.57818
10927.9 4.62971
10939.9 4.68132
10952 4.73299
10964 4.78474
10976 4.83655
10988 4.88842
11000 4.94036
11012 4.96398
11024 4.9876
11036 5.01122
11048 5.03483
11060.1 5.05844
11072.1 5.08203
11084.1 5.10561
11096.1 5.12917
11108.1 5.16302
11120.1 5.23064
11132.1 5.29834
11144.1 5.36611
11156.2 5.43395
11168.2 5.50186
11180.2 5.56983
11192.2 5.63787
11204.2 5.70597
11216.2 5.75357
11228.2 5.7785
11240.2 5.80339
11252.3 5.82825
11264.3 5.85306
11276.3 5.87783
11288.3 5.90255
11300.3 5.92722
11312.3 5.95184
11324.3 5.99732
11336.3 6.05136
11348.3 6.10541
11360.4 6.15946
11372.4 6.2135
11384.4 6.26754
11396.4 6.32157
11408.4 6.3756
11420.4 6.42961
11432.4 6.48802
11444.4 6.54669
11456.5 6.60536
11468.5 6.664
11480.5 6.72264
11492.5 6.78125
11504.5 6.83985
11516.5 6.89842
11528.5 6.95869
11540.5 7.02649
11552.6 7.09429
11564.6 7.16207
11576.6 7.22983
11588.6 7.29758
11600.6 7.3653
11612.6 7.43299
11624.6 7.50065
11636.6 7.55221
11648.6 7.5814
11660.7 7.61048
11672.7 7.63943
11684.7 7.66827
11696.7 7.69698
11708.7 7.72557
11720.7 7.75402
11732.7 7.78234
11744.7 7.82305
11756.8 7.87007
11768.8 7.91698
11780.8 7.96379
11792.8 8.01049
11804.8 8.05708
11816.8 8.10356
11828.8 8.14992
11840.8 8.19617
11852.9 8.20497
11864.9 8.2092
11876.9 8.21322
11888.9 8.21703
11900.9 8.22061
11912.9 8.22398
11924.9 8.22713
11936.9 8.23005
11948.9 8.23288
11961 8.23634
11973 8.23956
11985 8.24256
11997 8.24532
12009 8.24784
12021 8.25012
12033 8.25215
12045 8.25395
12057.1 8.25745
12069.1 8.26403
12081.1 8.27038
12093.1 8.27647
12105.1 8.28232
12117.1 8.28792
12129.1 8.29327
12141.1 8.29837
12153.2 8.30321
12165.2 8.28477
12177.2 8.25097
12189.2 8.21683
12201.2 8.18235
12213.2 8.14753
12225.2 8.11237
12237.2 8.07686
12249.2 8.041
12261.3 8.0048
12273.3 7.99034
12285.3 7.97983
12297.3 7.96902
12309.3 7.9579
12321.3 7.94647
12333.3 7.93474
12345.3 7.9227
12357.4 7.91034
12369.4 7.90048
12381.4 7.9222
12393.4 7.94368
12405.4 7.96491
12417.4 7.98589
12429.4 8.00661
12441.4 8.02708
12453.5 8.0473
12465.5 8.06726
12477.5 8.0799
12489.5 8.07685
12501.5 8.07349
12513.5 8.06983
12525.5 8.06587
12537.5 8.0616
12549.5 8.05703
12561.6 8.05215
12573.6 8.04696
12585.6 8.0309
12597.6 8.0061
12609.6 7.98095
12621.6 7.95545
12633.6 7.9296
12645.6 7.90341
12657.7 7.87687
12669.7 7.84998
12681.7 7.82274
12693.7 7.81872
12705.7 7.82064
12717.7 7.82228
12729.7 7.82362
12741.7 7.82467
12753.8 7.82542
12765.8 7.82588
12777.8 7.82605
12789.8 7.82502
12801.8 7.78724
12813.8 7.7491
12825.8 7.71059
12837.8 7.67172
12849.8 7.63248
12861.9 7.59289
12873.9 7.55293
12885.9 7.51261
12897.9 7.4638
12909.9 7.39219
12921.9 7.32016
12933.9 7.24771
12945.9 7.17485
12958 7.10157
12970 7.02788
12982 6.95378
12994 6.87926
13006 6.84886
13018 6.86271
13030 6.87631
13042 6.88966
13054.1 6.90278
13066.1 6.91565
13078.1 6.92827
13090.1 6.94066
13102.1 6.95281
13114.1 6.91069
13126.1 6.8486
13138.1 6.78615
13150.2 6.72333
13162.2 6.66014
13174.2 6.59658
13186.2 6.53265
13198.2 6.46837
13210.2 6.40371
13222.2 6.41889
13234.2 6.43583
13246.2 6.45257
13258.3 6.46909
13270.3 6.48541
13282.3 6.50152
13294.3 6.51743
13306.3 6.53314
13318.3 6.54539
13330.3 6.54514
13342.3 6.54467
13354.4 6.54397
13366.4 6.54305
13378.4 6.54191
13390.4 6.54055
13402.4 6.53898
13414.4 6.53718
13426.4 6.53683
13438.4 6.53835
13450.5 6.53967
13462.5 6.54078
13474.5 6.5417
13486.5 6.54241
13498.5 6.54292
13510.5 6.54324
13522.5 6.54337
13534.5 6.54824
13546.5 6.55521
13558.6 6.562
13570.6 6.56861
13582.6 6.57505
13594.6 6.58132
13606.6 6.58742
13618.6 6.59335
13630.6 6.59911
13642.6 6.55571
13654.7 6.50775
13666.7 6.45954
13678.7 6.41107
13690.7 6.36235
13702.7 6.31338
13714.7 6.26416
13726.7 6.2147
13738.7 6.16742
13750.8 6.13256
13762.8 6.09749
13774.8 6.0622
13786.8 6.0267
13798.8 5.99099
13810.8 5.95507
13822.8 5.91894
13834.8 5.8826
13846.8 5.84741
13858.9 5.8141
13870.9 5.78058
13882.9 5.74688
13894.9 5.71297
13906.9 5.67888
13918.9 5.64459
13930.9 5.61012
13942.9 5.57545
13955 5.5493
13967 5.52812
13979 5.50678
13991 5.48528
14003 5.46362
14015 5.4418
14027 5.41983
14039 5.3977
14051.1 5.37542
14063.1 5.38393
14075.1 5.39692
14087.1 5.40983
14099.1 5.42265
14111.1 5.43538
14123.1 5.44802
14135.1 5.46058
14147.1 5.47305
14159.2 5.48522
14171.2 5.49544
14183.2 5.50558
14195.2 5.51564
14207.2 5.52561
14219.2 5.5355
14231.2 5.5453
14243.2 5.55502
14255.3 5.56466
14267.3 5.58045
14279.3 5.60836
14291.3 5.63621
14303.3 5.66402
14315.3 5.69178
14327.3 5.71949
14339.3 5.74716
14351.4 5.77477
14363.4 5.80234
14375.4 5.78455
14387.4 5.73389
14399.4 5.68305
14411.4 5.63203
14423.4 5.58084
14435.4 5.52948
14447.4 5.47793
14459.5 5.42622
14471.5 5.37433
14483.5 5.30472
14495.5 5.23091
14507.5 5.15689
14519.5 5.08266
14531.5 5.00822
14543.5 4.93357
14555.6 4.85871
14567.6 4.78364
14579.6 4.71013
14591.6 4.66611
14603.6 4.62193
14615.6 4.57759
14627.6 4.53308
14639.6 4.48842
14651.7 4.44359
14663.7 4.3986
14675.7 4.35345
14687.7 4.31519
14699.7 4.29403
14711.7 4.27274
14723.7 4.25132
14735.7 4.22978
14747.7 4.20812
14759.8 4.18632
14771.8 4.1644
14783.8 4.14236
14795.8 4.1383
14807.8 4.15061
14819.8 4.16284
14831.8 4.175
14843.8 4.18709
14855.9 4.19909
14867.9 4.21102
14879.9 4.22287
14891.9 4.23464
14903.9 4.25716
14915.9 4.28292
14927.9 4.30862
14939.9 4.33426
14952 4.35984
14964 4.38535
14976 4.4108
14988 4.43619
15000 4.4615
15012 4.45778
15024 4.45394
15036 4.44999
15048 4.44591
15060.1 4.44172
15072.1 4.43741
15084.1 4.43297
15096.1 4.42841
15108.1 4.40572
15120.1 4.32385
15132.1 4.24174
15144.1 4.15936
15156.2 4.07674
15168.2 3.99386
15180.2 3.91072
15192.2 3.82733
15204.2 3.74367
15216.2 3.66359
15228.2 3.58748
15240.2 3.51111
15252.3 3.43449
15264.3 3.35762
15276.3 3.28049
15288.3 3.2031
15300.3 3.12546
15312.3 3.04755
15324.3 2.94763
15336.3 2.83849
15348.3 2.72904
15360.4 2.61928
15372.4 2.5092
15384.4 2.3988
15396.4 2.28809
15408.4 2.17706
15420.4 2.0657
15432.4 2.05581
15444.4 2.05187
15456.5 2.04777
15468.5 2.04351
15480.5 2.03909
15492.5 2.03451
15504.5 2.02977
15516.5 2.02487
15528.5 2.01475
15540.5 1.9823
15552.6 1.94964
15564.6 1.91677
15576.6 1.88369
15588.6 1.8504
15600.6 1.8169
15612.6 1.78319
15624.6 1.74927
15636.6 1.70844
15648.6 1.6581
15660.7 1.60753
15672.7 1.55673
15684.7 1.50568
15696.7 1.4544
15708.7 1.40288
15720.7 1.35113
15732.7 1.29914
15744.7 1.22146
15756.8 1.13046
15768.8 1.03917
15780.8 0.947583
15792.8 0.855709
15804.8 0.763545
15816.8 0.671093
15828.8 0.578355
15840.8 0.485331
15852.9 0.434169
15864.9 0.387729
15876.9 0.341081
15888.9 0.294228
15900.9 0.247172
15912.9 0.199916
15924.9 0.152462
15936.9 0.104814
15948.9 0.0463654
15961 -0.0840133
15973 -0.214699
15985 -0.345689
15997 -0.476977
16009 -0.60856
16021 -0.740432
16033 -0.872589
16045 -1.00503
16057.1 -1.12099
16069.1 -1.20881
16081.1 -1.29681
16093.1 -1.38501
16105.1 -1.47339
16117.1 -1.56194
16129.1 -1.65066
16141.1 -1.73953
16153.2 -1.82856
16165.2 -1.91787
16177.2 -2.00741
16189.2 -2.09707
16201.2 -2.18685
16213.2 -2.27674
16225.2 -2.36672
16237.2 -2.4568
16249.2 -2.54695
16261.3 -2.63716
16273.3 -2.72889
16285.3 -2.82095
16297.3 -2.91304
16309.3 -3.00515
16321.3 -3.09727
16333.3 -3.18939
16345.3 -3.28149
16357.4 -3.37356
16369.4 -3.46051
16381.4 -3.48949
16393.4 -3.51831
16405.4 -3.54695
16417.4 -3.57539
16429.4 -3.60362
16441.4 -3.63162
16453.5 -3.65938
16465.5 -3.68688
16477.5 -3.71205
16489.5 -3.73246
16501.5 -3.75255
16513.5 -3.7723
16525.5 -3.7917
16537.5 -3.81072
16549.5 -3.82934
16561.6 -3.84756
16573.6 -3.86535
16585.6 -3.95103
16597.6 -4.09083
16609.6 -4.23032
16621.6 -4.36948
16633.6 -4.50829
16645.6 -4.64674
16657.7 -4.7848
16669.7 -4.92245
16681.7 -5.05967
16693.7 -5.12012
16705.7 -5.15974
16717.7 -5.19873
16729.7 -5.23707
16741.7 -5.27475
16753.8 -5.31175
16765.8 -5.34804
16777.8 -5.38361
16789.8 -5.4171
16801.8 -5.3958
16813.8 -5.37365
16825.8 -5.35062
16837.8 -5.32669
16849.8 -5.30185
16861.9 -5.27608
16873.9 -5.24937
16885.9 -5.22169
16897.9 -5.21144
16909.9 -5.25102
16921.9 -5.28968
16933.9 -5.32742
16945.9 -5.36422
16958 -5.40006
16970 -5.43493
16982 -5.46882
16994 -5.50172
17006 -5.553
17018 -5.62268
17030 -5.69139
17042 -5.75912
17054.1 -5.82587
17066.1 -5.89161
17078.1 -5.95636
17090.1 -6.02009
17102.1 -6.08281
17114.1 -5.98144
17126.1 -5.81961
17138.1 -5.65643
17150.2 -5.49192
17162.2 -5.32606
17174.2 -5.15885
17186.2 -4.9903
17198.2 -4.8204
17210.2 -4.64916
17222.2 -4.65164
17234.2 -4.65736
17246.2 -4.66199
17258.3 -4.66554
17270.3 -4.66801
17282.3 -4.66942
17294.3 -4.66976
17306.3 -4.66904
17318.3 -4.65435
17330.3 -4.58984
17342.3 -4.52421
17354.4 -4.45748
17366.4 -4.38965
17378.4 -4.32074
17390.4 -4.25076
17402.4 -4.17971
17414.4 -4.10762
17426.4 -4.09387
17438.4 -4.15376
17450.5 -4.21283
17462.5 -4.27109
17474.5 -4.32857
17486.5 -4.38527
17498.5 -4.44121
17510.5 -4.49641
17522.5 -4.55089
17534.5 -4.54455
17546.5 -4.50985
17558.6 -4.47435
17570.6 -4.43808
17582.6 -4.40106
17594.6 -4.36329
17606.6 -4.32481
17618.6 -4.28563
17630.6 -4.24576
17642.6 -4.22819
17654.7 -4.21201
17666.7 -4.19525
17678.7 -4.17791
17690.7 -4.16002
17702.7 -4.1416
17714.7 -4.12266
17726.7 -4.10322
17738.7 -4.09225
17750.8 -4.12734
17762.8 -4.16206
17774.8 -4.19644
17786.8 -4.23049
17798.8 -4.26422
17810.8 -4.29767
17822.8 -4.33083
17834.8 -4.36375
17846.8 -4.37148
17858.9 -4.34076
17870.9 -4.30974
17882.9 -4.27846
17894.9 -4.24691
17906.9 -4.21513
17918.9 -4.18311
17930.9 -4.15089
17942.9 -4.11847
17955 -4.08587
17967 -4.0531
17979 -4.02018
17991 -3.98713
18003 -3.95395
18015 -3.92066
18027 -3.88727
18039 -3.8538
18051.1 -3.82026
18063.1 -3.78666
18075.1 -3.75301
18087.1 -3.71933
18099.1 -3.68562
18111.1 -3.65189
18123.1 -3.61817
18135.1 -3.58445
18147.1 -3.55074
18159.2 -3.51707
18171.2 -3.48343
18183.2 -3.44984
18195.2 -3.4163
18207.2 -3.38282
18219.2 -3.34942
18231.2 -3.31609
18243.2 -3.28285
18255.3 -3.24971
18267.3 -3.21666
18279.3 -3.18373
18291.3 -3.15091
18303.3 -3.11821
18315.3 -3.08563
18327.3 -3.05319
18339.3 -3.02089
18351.4 -2.98873
18363.4 -2.95672
18375.4 -2.92487
18387.4 -2.89317
18399.4 -2.86163
18411.4 -2.83027
18423.4 -2.79907
18435.4 -2.76805
18447.4 -2.7372
18459.5 -2.70654
18471.5 -2.67606
18483.5 -2.64577
18495.5 -2.61568
18507.5 -2.58577
18519.5 -2.55606
18531.5 -2.52655
18543.5 -2.49724
18555.6 -2.46813
18567.6 -2.43923
18579.6 -2.41053
18591.6 -2.38205
18603.6 -2.35377
18615.6 -2.3257
18627.6 -2.29784
18639.6 -2.27019
18651.7 -2.24276
18663.7 -2.21555
18675.7 -2.18854
18687.7 -2.16176
18699.7 -2.13519
18711.7 -2.10884
18723.7 -2.0827
18735.7 -2.05679
18747.7 -2.03109
18759.8 -2.0056
18771.8 -1.98034
18783.8 -1.95529
18795.8 -1.93046
18807.8 -1.90585
18819.8 -1.88145
18831.8 -1.85727
18843.8 -1.83331
18855.9 -1.80956
18867.9 -1.78602
18879.9 -1.7627
18891.9 -1.73959
18903.9 -1.7167
18915.9 -1.69402
18927.9 -1.67154
18939.9 -1.64928
18952 -1.62723
18964 -1.60538
18976 -1.58375
18988 -1.56232
19000 -1.54109
