7000 -0.205816
7012.01 -0.24046
7024.02 -0.277286
7036.04 -0.316444
7048.05 -0.358092
7060.06 -0.402403
7072.07 -0.449559
7084.08 -0.499758
7096.1 -0.553207
7108.11 -0.61013
7120.12 -0.670763
7132.13 -0.735355
7144.14 -0.804171
7156.16 -0.877487
7168.17 -0.95559
7180.18 -1.03878
7192.19 -1.12736
7204.2 -1.22164
7216.22 -1.32194
7228.23 -1.42854
7240.24 -1.54174
7252.25 -1.66179
7264.26 -1.78892
7276.28 -1.92329
7288.29 -2.06498
7300.3 -2.21399
7312.31 -2.37018
7324.32 -2.53326
7336.34 -2.70273
7348.35 -2.87789
7360.36 -3.05776
7372.37 -3.24105
7384.38 -3.42615
7396.4 -3.61111
7408.41 -3.7936
7420.42 -3.97096
7432.43 -4.14025
7444.44 -4.29827
7456.46 -4.44174
7468.47 -4.56735
7480.48 -4.64774
7492.49 -4.68571
7504.5 -4.69752
7516.52 -4.68156
7528.53 -4.63699
7540.54 -4.56376
7552.55 -4.46267
7564.56 -4.33524
7576.58 -4.18369
7588.59 -4.08503
7600.6 -3.98654
7612.61 -3.87318
7624.62 -3.74817
7636.64 -3.61464
7648.65 -3.47549
7660.66 -3.33336
7672.67 -3.19054
7684.68 -3.04795
7696.7 -2.8834
7708.71 -2.72294
7720.72 -2.56759
7732.73 -2.41807
7744.74 -2.27492
7756.76 -2.13847
7768.77 -2.0089
7780.78 -1.88626
7792.79 -1.76646
7804.8 -1.64284
7816.82 -1.52576
7828.83 -1.41498
7840.84 -1.31026
7852.85 -1.21132
7864.86 -1.11789
7876.88 -1.02968
7888.89 -0.946411
7900.9 -0.831323
7912.91 -0.685821
7924.92 -0.544232
7936.94 -0.406307
7948.95 -0.271809
7960.96 -0.140513
7972.97 -0.0122051
7984.98 0.113315
7997 0.236236
8009.01 0.329759
8021.02 0.41194
8033.03 0.491912
8045.05 0.569823
8057.06 0.645808
8069.07 0.719993
8081.08 0.792499
8093.09 0.863435
8105.11 0.932906
8117.12 0.967889
8129.13 1.00106
8141.14 1.03294
8153.15 1.06361
8165.17 1.09313
8177.18 1.12158
8189.19 1.14903
8201.2 1.17553
8213.21 1.2034
8225.23 1.23832
8237.24 1.27248
8249.25 1.30593
8261.26 1.33872
8273.27 1.37087
8285.29 1.40244
8297.3 1.43346
8309.31 1.46396
8321.32 1.48295
8333.33 1.48854
8345.35 1.49363
8357.36 1.49824
8369.37 1.50242
8381.38 1.50618
8393.39 1.50953
8405.41 1.51252
8417.42 1.51514
8429.43 1.578
8441.44 1.667
8453.45 1.75596
8465.47 1.84487
8477.48 1.93376
8489.49 2.02265
8501.5 2.11154
8513.51 2.20046
8525.53 2.2894
8537.54 2.22807
8549.55 2.15572
8561.56 2.08297
8573.57 2.00986
8585.59 1.93638
8597.6 1.86254
8609.61 1.78836
8621.62 1.71385
8633.63 1.65803
8645.65 1.69432
8657.66 1.73062
8669.67 1.76692
8681.68 1.80323
8693.69 1.83956
8705.71 1.87592
8717.72 1.91231
8729.73 1.94875
8741.74 1.97759
8753.75 1.99536
8765.77 2.01315
8777.78 2.03094
8789.79 2.04875
8801.8 2.06658
8813.81 2.08444
8825.83 2.10233
8837.84 2.12026
8849.85 2.13822
8861.86 2.15623
8873.87 2.17429
8885.89 2.1924
8897.9 2.21057
8909.91 2.2288
8921.92 2.24709
8933.93 2.26546
8945.95 2.28389
8957.96 2.30241
8969.97 2.321
8981.98 2.33968
8993.99 2.35844
9006.01 2.37729
9018.02 2.39624
9030.03 2.41528
9042.04 2.43442
9054.05 2.45367
9066.07 2.47302
9078.08 2.49248
9090.09 2.51205
9102.1 2.53173
9114.11 2.55154
9126.13 2.57146
9138.14 2.59151
9150.15 2.61168
9162.16 2.63198
9174.17 2.65241
9186.19 2.67298
9198.2 2.69368
9210.21 2.71452
9222.22 2.73551
9234.23 2.75664
9246.25 2.77791
9258.26 2.79934
9270.27 2.82091
9282.28 2.84265
9294.29 2.86453
9306.31 2.88658
9318.32 2.90879
9330.33 2.93116
9342.34 2.9537
9354.35 2.97641
9366.37 2.99928
9378.38 3.02234
9390.39 3.04556
9402.4 3.06897
9414.41 3.09255
9426.43 3.11632
9438.44 3.14027
9450.45 3.16441
9462.46 3.18873
9474.47 3.21325
9486.49 3.23796
9498.5 3.26287
9510.51 3.28797
9522.52 3.31328
9534.53 3.33878
9546.55 3.36449
9558.56 3.3904
9570.57 3.41653
9582.58 3.44286
9594.59 3.4694
9606.61 3.49616
9618.62 3.52314
9630.63 3.55033
9642.64 3.57774
9654.65 3.60538
9666.67 3.63324
9678.68 3.66132
9690.69 3.68963
9702.7 3.71817
9714.71 3.74694
9726.73 3.77595
9738.74 3.80519
9750.75 3.83467
9762.76 3.86438
9774.77 3.89434
9786.79 3.92454
9798.8 3.95498
9810.81 3.98566
9822.82 4.0166
9834.83 4.04778
9846.85 4.07921
9858.86 4.11089
9870.87 4.14283
9882.88 4.17502
9894.89 4.20746
9906.91 4.24017
9918.92 4.27313
9930.93 4.30635
9942.94 4.33984
9954.95 4.37358
9966.97 4.40759
9978.98 4.44187
9990.99 4.47641
10003 4.51121
10015 4.54629
10027 4.58163
10039 4.61725
10051.1 4.65313
10063.1 4.68929
10075.1 4.72572
10087.1 4.76242
10099.1 4.79939
10111.1 4.83664
10123.1 4.87416
10135.1 4.91196
10147.1 4.95004
10159.2 4.98838
10171.2 5.02701
10183.2 5.06591
10195.2 5.10508
10207.2 5.14453
10219.2 5.18426
10231.2 5.22426
10243.2 5.26454
10255.3 5.30509
10267.3 5.34591
10279.3 5.38701
10291.3 5.42838
10303.3 5.47002
10315.3 5.51193
10327.3 5.55411
10339.3 5.59656
10351.4 5.63928
10363.4 5.68227
10375.4 5.72551
10387.4 5.76903
10399.4 5.8128
10411.4 5.85683
10423.4 5.90112
10435.4 5.94566
10447.4 5.99045
10459.5 6.0355
10471.5 6.08079
10483.5 6.12633
10495.5 6.17211
10507.5 6.21813
10519.5 6.26438
10531.5 6.31086
10543.5 6.35758
10555.6 6.40452
10567.6 6.45168
10579.6 6.49905
10591.6 6.54664
10603.6 6.59444
10615.6 6.64244
10627.6 6.69064
10639.6 6.73904
10651.7 6.78762
10663.7 6.83639
10675.7 6.88533
10687.7 6.93444
10699.7 6.98373
10711.7 7.03317
10723.7 7.08276
10735.7 7.1325
10747.7 7.18238
10759.8 7.2324
10771.8 7.28254
10783.8 7.3328
10795.8 7.38317
10807.8 7.43364
10819.8 7.4842
10831.8 7.53485
10843.8 7.58558
10855.9 7.63638
10867.9 7.68724
10879.9 7.73815
10891.9 7.78909
10903.9 7.85046
10915.9 7.91505
10927.9 7.97968
10939.9 8.04434
10952 8.10901
10964 8.1737
10976 8.23838
10988 8.30305
11000 8.3677
11012 8.41811
11024 8.46844
11036 8.51868
11048 8.56882
11060.1 8.61884
11072.1 8.66872
11084.1 8.71847
11096.1 8.76805
11108.1 8.82237
11120.1 8.89261
11132.1 8.96269
11144.1 9.03261
11156.2 9.10235
11168.2 9.17189
11180.2 9.24122
11192.2 9.31033
11204.2 9.37919
11216.2 9.4534
11228.2 9.53351
11240.2 9.61336
11252.3 9.69293
11264.3 9.77222
11276.3 9.8512
11288.3 9.92985
11300.3 10.0082
11312.3 10.0861
11324.3 10.1448
11336.3 10.1954
11348.3 10.2454
11360.4 10.295
11372.4 10.3441
11384.4 10.3927
11396.4 10.4408
11408.4 10.4883
11420.4 10.5353
11432.4 10.6016
11444.4 10.6685
11456.5 10.7349
11468.5 10.8007
11480.5 10.8659
11492.5 10.9305
11504.5 10.9944
11516.5 11.0578
11528.5 11.1209
11540.5 11.1855
11552.6 11.2494
11564.6 11.3125
11576.6 11.375
11588.6 11.4368
11600.6 11.4978
11612.6 11.558
11624.6 11.6175
11636.6 11.6674
11648.6 11.7044
11660.7 11.7404
11672.7 11.7756
11684.7 11.81
11696.7 11.8434
11708.7 11.876
11720.7 11.9076
11732.7 11.9383
11744.7 11.9815
11756.8 12.0305
11768.8 12.0787
11780.8 12.126
11792.8 12.1723
11804.8 12.2177
11816.8 12.2621
11828.8 12.3056
11840.8 12.3481
11852.9 12.3766
11864.9 12.4026
11876.9 12.4275
11888.9 12.4515
11900.9 12.4744
11912.9 12.4963
11924.9 12.5172
11936.9 12.5371
11948.9 12.5579
11961 12.5908
11973 12.6226
11985 12.6535
11997 12.6834
12009 12.7123
12021 12.7401
12033 12.767
12045 12.7928
12057.1 12.7802
12069.1 12.7031
12081.1 12.6247
12093.1 12.5451
12105.1 12.4644
12117.1 12.3824
12129.1 12.2993
12141.1 12.2149
12153.2 12.1294
12165.2 12.0759
12177.2 12.043
12189.2 12.009
12201.2 11.9739
12213.2 11.9379
12225.2 11.9008
12237.2 11.8626
12249.2 11.8235
12261.3 11.7834
12273.3 11.7383
12285.3 11.6914
12297.3 11.6436
12309.3 11.5948
12321.3 11.5451
12333.3 11.4943
12345.3 11.4427
12357.4 11.3901
12369.4 11.3406
12381.4 11.3363
12393.4 11.3313
12405.4 11.3254
12417.4 11.3188
12429.4 11.3114
12441.4 11.3033
12453.5 11.2944
12465.5 11.2848
12477.5 11.2549
12489.5 11.1813
12501.5 11.1069
12513.5 11.0317
12525.5 10.9558
12537.5 10.8791
12549.5 10.8017
12561.6 10.7235
12573.6 10.6446
12585.6 10.5666
12597.6 10.4892
12609.6 10.4111
12621.6 10.3324
12633.6 10.253
12645.6 10.173
12657.7 10.0924
12669.7 10.0112
12681.7 9.92941
12693.7 9.88997
12705.7 9.86146
12717.7 9.8325
12729.7 9.80311
12741.7 9.77331
12753.8 9.7431
12765.8 9.71251
12777.8 9.68154
12789.8 9.64919
12801.8 9.57518
12813.8 9.50074
12825.8 9.42591
12837.8 9.35068
12849.8 9.27508
12861.9 9.19911
12873.9 9.12279
12885.9 9.04612
12897.9 8.96785
12909.9 8.88574
12921.9 8.80331
12933.9 8.72057
12945.9 8.63755
12958 8.55424
12970 8.47065
12982 8.38681
12994 8.30271
13006 8.22961
13018 8.16754
13030 8.1053
13042 8.04288
13054.1 7.9803
13066.1 7.91757
13078.1 7.85469
13090.1 7.79168
13102.1 7.72855
13114.1 7.68796
13126.1 7.65554
13138.1 7.62307
13150.2 7.59057
13162.2 7.55803
13174.2 7.52548
13186.2 7.49291
13198.2 7.46033
13210.2 7.42776
13222.2 7.35691
13234.2 7.28505
13246.2 7.21315
13258.3 7.14119
13270.3 7.0692
13282.3 6.99717
13294.3 6.92512
13306.3 6.85303
13318.3 6.78763
13330.3 6.74747
13342.3 6.70735
13354.4 6.6673
13366.4 6.62729
13378.4 6.58736
13390.4 6.54748
13402.4 6.50768
13414.4 6.46796
13426.4 6.42785
13438.4 6.38726
13450.5 6.34675
13462.5 6.30632
13474.5 6.26599
13486.5 6.22574
13498.5 6.1856
13510.5 6.14555
13522.5 6.10559
13534.5 6.07409
13546.5 6.04653
13558.6 6.0191
13570.6 5.9918
13582.6 5.96463
13594.6 5.93759
13606.6 5.91069
13618.6 5.88393
13630.6 5.8573
13642.6 5.79078
13654.7 5.72081
13666.7 5.65091
13678.7 5.58107
13690.7 5.5113
13702.7 5.44159
13714.7 5.37196
13726.7 5.30239
13738.7 5.23619
13750.8 5.18726
13762.8 5.13843
13774.8 5.0897
13786.8 5.04108
13798.8 4.99257
13810.8 4.94416
13822.8 4.89585
13834.8 4.84765
13846.8 4.79358
13858.9 4.73047
13870.9 4.66744
13882.9 4.60448
13894.9 4.54159
13906.9 4.47878
13918.9 4.41605
13930.9 4.35338
13942.9 4.2908
13955 4.23266
13967 4.1772
13979 4.12182
13991 4.06651
14003 4.01129
14015 3.95614
14027 3.90107
14039 3.84608
14051.1 3.79116
14063.1 3.7396
14075.1 3.68861
14087.1 3.63769
14099.1 3.58685
14111.1 3.53608
14123.1 3.48538
14135.1 3.43475
14147.1 3.38419
14159.2 3.33528
14171.2 3.30001
14183.2 3.26482
14195.2 3.22973
14207.2 3.19472
14219.2 3.15979
14231.2 3.12494
14243.2 3.09017
14255.3 3.05547
14267.3 3.0168
14279.3 2.97029
14291.3 2.92382
14303.3 2.8774
14315.3 2.83103
14327.3 2.7847
14339.3 2.73841
14351.4 2.69217
14363.4 2.64596
14375.4 2.59578
14387.4 2.54275
14399.4 2.48973
14411.4 2.43673
14423.4 2.38375
14435.4 2.33078
14447.4 2.27782
14459.5 2.22488
14471.5 2.17193
14483.5 2.11254
14495.5 2.05166
14507.5 1.99077
14519.5 1.92986
14531.5 1.86894
14543.5 1.808
14555.6 1.74704
14567.6 1.68605
14579.6 1.625
14591.6 1.56334
14603.6 1.50164
14615.6 1.43991
14627.6 1.37814
14639.6 1.31634
14651.7 1.2545
14663.7 1.19261
14675.7 1.13068
14687.7 1.07302
14699.7 1.02587
14711.7 0.97869
14723.7 0.931483
14735.7 0.884248
14747.7 0.836982
14759.8 0.789684
14771.8 0.742351
14783.8 0.694982
14795.8 0.643078
14807.8 0.587039
14819.8 0.530946
14831.8 0.474795
14843.8 0.418587
14855.9 0.362318
14867.9 0.305988
14879.9 0.249595
14891.9 0.193138
14903.9 0.158275
14915.9 0.129992
14927.9 0.101687
14939.9 0.073358
14952 0.0450043
14964 0.0166246
14976 -0.011782
14988 -0.0402164
15000 -0.0686797
15012 -0.104826
15024 -0.141015
15036 -0.177247
15048 -0.213523
15060.1 -0.249843
15072.1 -0.286208
15084.1 -0.322619
15096.1 -0.359075
15108.1 -0.408521
15120.1 -0.500497
15132.1 -0.592606
15144.1 -0.68485
15156.2 -0.777227
15168.2 -0.869738
15180.2 -0.962381
15192.2 -1.05516
15204.2 -1.14807
15216.2 -1.21653
15228.2 -1.258
15240.2 -1.29951
15252.3 -1.34107
15264.3 -1.38268
15276.3 -1.42433
15288.3 -1.46603
15300.3 -1.50777
15312.3 -1.54955
15324.3 -1.58008
15336.3 -1.60601
15348.3 -1.63195
15360.4 -1.6579
15372.4 -1.68386
15384.4 -1.70981
15396.4 -1.73577
15408.4 -1.76173
15420.4 -1.78768
15432.4 -1.8414
15444.4 -1.89682
15456.5 -1.95227
15468.5 -2.00775
15480.5 -2.06325
15492.5 -2.11877
15504.5 -2.17431
15516.5 -2.22987
15528.5 -2.27854
15540.5 -2.29696
15552.6 -2.31531
15564.6 -2.3336
15576.6 -2.35183
15588.6 -2.36998
15600.6 -2.38805
15612.6 -2.40605
15624.6 -2.42395
15636.6 -2.47316
15648.6 -2.56583
15660.7 -2.65851
15672.7 -2.75119
15684.7 -2.84387
15696.7 -2.93654
15708.7 -3.02919
15720.7 -3.12182
15732.7 -3.21441
15744.7 -3.28215
15756.8 -3.33708
15768.8 -3.3919
15780.8 -3.44661
15792.8 -3.50118
15804.8 -3.55562
15816.8 -3.60991
15828.8 -3.66405
15840.8 -3.71803
15852.9 -3.77301
15864.9 -3.82794
15876.9 -3.88268
15888.9 -3.93723
15900.9 -3.99158
15912.9 -4.0457
15924.9 -4.09961
15936.9 -4.15327
15948.9 -4.2104
15961 -4.29233
15973 -4.37404
15985 -4.45552
15997 -4.53675
16009 -4.61773
16021 -4.69844
16033 -4.77888
16045 -4.85903
16057.1 -4.91118
16069.1 -4.91597
16081.1 -4.92034
16093.1 -4.92426
16105.1 -4.92773
16117.1 -4.93073
16129.1 -4.93325
16141.1 -4.93529
16153.2 -4.93682
16165.2 -4.986
16177.2 -5.06623
16189.2 -5.14604
16201.2 -5.22543
16213.2 -5.30437
16225.2 -5.38286
16237.2 -5.46089
16249.2 -5.53845
16261.3 -5.61552
16273.3 -5.70653
16285.3 -5.79984
16297.3 -5.89265
16309.3 -5.98497
16321.3 -6.07676
16333.3 -6.16804
16345.3 -6.25877
16357.4 -6.34897
16369.4 -6.43099
16381.4 -6.4257
16393.4 -6.41969
16405.4 -6.41295
16417.4 -6.40548
16429.4 -6.39728
16441.4 -6.38832
16453.5 -6.3786
16465.5 -6.36812
16477.5 -6.35371
16489.5 -6.33165
16501.5 -6.30878
16513.5 -6.28511
16525.5 -6.26061
16537.5 -6.23528
16549.5 -6.20912
16561.6 -6.18212
16573.6 -6.15428
16585.6 -6.25194
16597.6 -6.44969
16609.6 -6.6469
16621.6 -6.84358
16633.6 -7.03971
16645.6 -7.2353
16657.7 -7.43034
16669.7 -7.62483
16681.7 -7.81877
16693.7 -7.91208
16705.7 -7.97812
16717.7 -8.04343
16729.7 -8.10798
16741.7 -8.1718
16753.8 -8.23487
16765.8 -8.2972
16777.8 -8.35878
16789.8 -8.41878
16801.8 -8.44378
16813.8 -8.468
16825.8 -8.49143
16837.8 -8.51407
16849.8 -8.53593
16861.9 -8.55701
16873.9 -8.57731
16885.9 -8.59684
16897.9 -8.60578
16909.9 -8.58686
16921.9 -8.56713
16933.9 -8.54659
16945.9 -8.52525
16958 -8.50311
16970 -8.48018
16982 -8.45647
16994 -8.43198
17006 -8.38327
17018 -8.31029
17030 -8.23649
17042 -8.16187
17054.1 -8.08645
17066.1 -8.01023
17078.1 -7.93322
17090.1 -7.85544
17102.1 -7.77688
17114.1 -7.60731
17126.1 -7.40411
17138.1 -7.19998
17150.2 -6.99495
17162.2 -6.78903
17174.2 -6.58222
17186.2 -6.37453
17198.2 -6.16598
17210.2 -5.95658
17222.2 -5.96677
17234.2 -5.98188
17246.2 -5.99649
17258.3 -6.0106
17270.3 -6.02422
17282.3 -6.03738
17294.3 -6.05007
17306.3 -6.06231
17318.3 -6.04486
17330.3 -5.9166
17342.3 -5.78773
17354.4 -5.65827
17366.4 -5.52821
17378.4 -5.39758
17390.4 -5.26638
17402.4 -5.13463
17414.4 -5.00234
17426.4 -4.9466
17438.4 -4.98726
17450.5 -5.02765
17462.5 -5.06778
17474.5 -5.10767
17486.5 -5.14732
17498.5 -5.18674
17510.5 -5.22596
17522.5 -5.26497
17534.5 -5.21866
17546.5 -5.13297
17558.6 -5.04694
17570.6 -4.96059
17582.6 -4.87391
17594.6 -4.78692
17606.6 -4.69963
17618.6 -4.61206
17630.6 -4.5242
17642.6 -4.39949
17654.7 -4.27125
17666.7 -4.14271
17678.7 -4.01387
17690.7 -3.88474
17702.7 -3.75534
17714.7 -3.62567
17726.7 -3.49573
17738.7 -3.42359
17750.8 -3.65304
17762.8 -3.88275
17774.8 -4.11271
17786.8 -4.34295
17798.8 -4.57346
17810.8 -4.80425
17822.8 -5.03533
17834.8 -5.26671
17846.8 -5.39462
17858.9 -5.36376
17870.9 -5.33286
17882.9 -5.30194
17894.9 -5.27099
17906.9 -5.24003
17918.9 -5.20907
17930.9 -5.1781
17942.9 -5.14714
17955 -5.11619
17967 -5.08525
17979 -5.05434
17991 -5.02345
18003 -4.99259
18015 -4.96178
18027 -4.931
18039 -4.90027
18051.1 -4.8696
18063.1 -4.83898
18075.1 -4.80842
18087.1 -4.77793
18099.1 -4.74751
18111.1 -4.71716
18123.1 -4.68689
18135.1 -4.6567
18147.1 -4.6266
18159.2 -4.59659
18171.2 -4.56666
18183.2 -4.53684
18195.2 -4.50711
18207.2 -4.47748
18219.2 -4.44796
18231.2 -4.41855
18243.2 -4.38924
18255.3 -4.36005
18267.3 -4.33098
18279.3 -4.30202
18291.3 -4.27318
18303.3 -4.24447
18315.3 -4.21588
18327.3 -4.18742
18339.3 -4.15909
18351.4 -4.13088
18363.4 -4.10281
18375.4 -4.07488
18387.4 -4.04708
18399.4 -4.01942
18411.4 -3.99189
18423.4 -3.96451
18435.4 -3.93727
18447.4 -3.91017
18459.5 -3.88322
18471.5 -3.85641
18483.5 -3.82974
18495.5 -3.80323
18507.5 -3.77686
18519.5 -3.75064
18531.5 -3.72457
18543.5 -3.69865
18555.6 -3.67288
18567.6 -3.64726
18579.6 -3.6218
18591.6 -3.59648
18603.6 -3.57133
18615.6 -3.54632
18627.6 -3.52147
18639.6 -3.49677
18651.7 -3.47222
18663.7 -3.44783
18675.7 -3.4236
18687.7 -3.39951
18699.7 -3.37559
18711.7 -3.35182
18723.7 -3.3282
18735.7 -3.30474
18747.7 -3.28143
18759.8 -3.25828
18771.8 -3.23528
18783.8 -3.21243
18795.8 -3.18974
18807.8 -3.1672
18819.8 -3.14482
18831.8 -3.12259
18843.8 -3.10051
18855.9 -3.07858
18867.9 -3.05681
18879.9 -3.03519
18891.9 -3.01372
18903.9 -2.9924
18915.9 -2.97122
18927.9 -2.9502
18939.9 -2.92933
18952 -2.90861
18964 -2.88804
18976 -2.86761
18988 -2.84733
19000 -2.82719
