7000 1.53312
7012.01 1.54191
7024.02 1.55075
7036.04 1.55962
7048.05 1.56855
7060.06 1.57752
7072.07 1.58653
7084.08 1.59559
7096.1 1.60469
7108.11 1.61384
7120.12 1.62303
7132.13 1.63227
7144.14 1.64156
7156.16 1.65089
7168.17 1.66027
7180.18 1.66969
7192.19 1.67916
7204.2 1.68868
7216.22 1.69824
7228.23 1.70785
7240.24 1.71751
7252.25 1.72721
7264.26 1.73696
7276.28 1.74676
7288.29 1.75661
7300.3 1.7665
7312.31 1.77645
7324.32 1.78644
7336.34 1.79647
7348.35 1.80656
7360.36 1.81669
7372.37 1.82688
7384.38 1.83711
7396.4 1.84739
7408.41 1.85772
7420.42 1.8681
7432.43 1.87852
7444.44 1.889
7456.46 1.89952
7468.47 1.9101
7480.48 1.93243
7492.49 1.96384
7504.5 1.99537
7516.52 2.02701
7528.53 2.05876
7540.54 2.09064
7552.55 2.12263
7564.56 2.15473
7576.58 2.18696
7588.59 2.18644
7600.6 2.17784
7612.61 2.16922
7624.62 2.16059
7636.64 2.15195
7648.65 2.14329
7660.66 2.13463
7672.67 2.12595
7684.68 2.11924
7696.7 2.16088
7708.71 2.20266
7720.72 2.24459
7732.73 2.28667
7744.74 2.32889
7756.76 2.37126
7768.77 2.41377
7780.78 2.45642
7792.79 2.48013
7804.8 2.45392
7816.82 2.42764
7828.83 2.40129
7840.84 2.37487
7852.85 2.34839
7864.86 2.32184
7876.88 2.29522
7888.89 2.26854
7900.9 2.27806
7912.91 2.32212
7924.92 2.36632
7936.94 2.41068
7948.95 2.45518
7960.96 2.49983
7972.97 2.54463
7984.98 2.58957
7997 2.63466
8009.01 2.63201
8021.02 2.61337
8033.03 2.59469
8045.05 2.57596
8057.06 2.55719
8069.07 2.53837
8081.08 2.51951
8093.09 2.5006
8105.11 2.48165
8117.12 2.50366
8129.13 2.52629
8141.14 2.54899
8153.15 2.57177
8165.17 2.59462
8177.18 2.61756
8189.19 2.64057
8201.2 2.66365
8213.21 2.68261
8225.23 2.68696
8237.24 2.69134
8249.25 2.69574
8261.26 2.70016
8273.27 2.7046
8285.29 2.70906
8297.3 2.71354
8309.31 2.71804
8321.32 2.72468
8333.33 2.73383
8345.35 2.74301
8357.36 2.75223
8369.37 2.76148
8381.38 2.77076
8393.39 2.78007
8405.41 2.78941
8417.42 2.79879
8429.43 2.82873
8441.44 2.86768
8453.45 2.90674
8465.47 2.94592
8477.48 2.98521
8489.49 3.02462
8501.5 3.06413
8513.51 3.10376
8525.53 3.1435
8537.54 3.12322
8549.55 3.09863
8561.56 3.07397
8573.57 3.04923
8585.59 3.02442
8597.6 2.99954
8609.61 2.97459
8621.62 2.94956
8633.63 2.92612
8645.65 2.91064
8657.66 2.89512
8669.67 2.87954
8681.68 2.86392
8693.69 2.84825
8705.71 2.83253
8717.72 2.81676
8729.73 2.80094
8741.74 2.79747
8753.75 2.812
8765.77 2.82656
8777.78 2.84115
8789.79 2.85577
8801.8 2.87042
8813.81 2.8851
8825.83 2.89981
8837.84 2.91454
8849.85 2.9293
8861.86 2.94409
8873.87 2.9589
8885.89 2.97373
8897.9 2.98859
8909.91 3.00347
8921.92 3.01837
8933.93 3.03329
8945.95 3.04824
8957.96 3.0632
8969.97 3.07818
8981.98 3.09318
8993.99 3.10819
9006.01 3.12323
9018.02 3.13828
9030.03 3.15334
9042.04 3.16841
9054.05 3.1835
9066.07 3.1986
9078.08 3.21371
9090.09 3.22884
9102.1 3.24397
9114.11 3.2591
9126.13 3.27425
9138.14 3.2894
9150.15 3.30456
9162.16 3.31972
9174.17 3.33488
9186.19 3.35004
9198.2 3.36521
9210.21 3.38038
9222.22 3.39554
9234.23 3.4107
9246.25 3.42586
9258.26 3.44102
9270.27 3.45616
9282.28 3.47131
9294.29 3.48644
9306.31 3.50156
9318.32 3.51668
9330.33 3.53178
9342.34 3.54687
9354.35 3.56194
9366.37 3.577
9378.38 3.59205
9390.39 3.60707
9402.4 3.62208
9414.41 3.63707
9426.43 3.65203
9438.44 3.66698
9450.45 3.6819
9462.46 3.69679
9474.47 3.71165
9486.49 3.72649
9498.5 3.7413
9510.51 3.75608
9522.52 3.77082
9534.53 3.78553
9546.55 3.80021
9558.56 3.81485
9570.57 3.82945
9582.58 3.84402
9594.59 3.85854
9606.61 3.87302
9618.62 3.88745
9630.63 3.90184
9642.64 3.91619
9654.65 3.93048
9666.67 3.94473
9678.68 3.95893
9690.69 3.97307
9702.7 3.98716
9714.71 4.00119
9726.73 4.01517
9738.74 4.02909
9750.75 4.04294
9762.76 4.05674
9774.77 4.07047
9786.79 4.08414
9798.8 4.09774
9810.81 4.11127
9822.82 4.12474
9834.83 4.13813
9846.85 4.15145
9858.86 4.16469
9870.87 4.17786
9882.88 4.19095
9894.89 4.20397
9906.91 4.2169
9918.92 4.22975
9930.93 4.24251
9942.94 4.25519
9954.95 4.26779
9966.97 4.28029
9978.98 4.2927
9990.99 4.30502
10003 4.31725
10015 4.32939
10027 4.34142
10039 4.35336
10051.1 4.3652
10063.1 4.37693
10075.1 4.38857
10087.1 4.40009
10099.1 4.41151
10111.1 4.42283
10123.1 4.43403
10135.1 4.44512
10147.1 4.4561
10159.2 4.46697
10171.2 4.47772
10183.2 4.48835
10195.2 4.49886
10207.2 4.50926
10219.2 4.51953
10231.2 4.52967
10243.2 4.53969
10255.3 4.54959
10267.3 4.55936
10279.3 4.56899
10291.3 4.5785
10303.3 4.58787
10315.3 4.59711
10327.3 4.60621
10339.3 4.61518
10351.4 4.624
10363.4 4.63269
10375.4 4.64123
10387.4 4.64964
10399.4 4.65789
10411.4 4.66601
10423.4 4.67397
10435.4 4.68179
10447.4 4.68946
10459.5 4.69697
10471.5 4.70434
10483.5 4.71155
10495.5 4.7186
10507.5 4.7255
10519.5 4.73224
10531.5 4.73883
10543.5 4.74525
10555.6 4.75151
10567.6 4.75761
10579.6 4.76355
10591.6 4.76932
10603.6 4.77492
10615.6 4.78036
10627.6 4.78563
10639.6 4.79074
10651.7 4.79567
10663.7 4.80043
10675.7 4.80502
10687.7 4.80943
10699.7 4.81368
10711.7 4.81774
10723.7 4.82163
10735.7 4.82535
10747.7 4.82888
10759.8 4.83224
10771.8 4.83542
10783.8 4.83842
10795.8 4.84123
10807.8 4.84387
10819.8 4.84632
10831.8 4.84859
10843.8 4.85068
10855.9 4.85258
10867.9 4.85429
10879.9 4.85582
10891.9 4.85716
10903.9 4.87288
10915.9 4.8929
10927.9 4.91277
10939.9 4.93249
10952 4.95206
10964 4.97149
10976 4.99077
10988 5.00989
11000 5.02887
11012 5.02951
11024 5.02996
11036 5.03022
11048 5.03029
11060.1 5.03017
11072.1 5.02985
11084.1 5.02935
11096.1 5.02865
11108.1 5.0413
11120.1 5.09818
11132.1 5.15499
11144.1 5.21174
11156.2 5.26842
11168.2 5.32503
11180.2 5.38158
11192.2 5.43806
11204.2 5.49447
11216.2 5.537
11228.2 5.5642
11240.2 5.59127
11252.3 5.61821
11264.3 5.64502
11276.3 5.6717
11288.3 5.69826
11300.3 5.72468
11312.3 5.75098
11324.3 5.7486
11336.3 5.73434
11348.3 5.71987
11360.4 5.70519
11372.4 5.69029
11384.4 5.67519
11396.4 5.65987
11408.4 5.64434
11420.4 5.6286
11432.4 5.63261
11444.4 5.63765
11456.5 5.64252
11468.5 5.64723
11480.5 5.65178
11492.5 5.65616
11504.5 5.66038
11516.5 5.66444
11528.5 5.67317
11540.5 5.703
11552.6 5.73272
11564.6 5.76233
11576.6 5.79184
11588.6 5.82124
11600.6 5.85054
11612.6 5.87974
11624.6 5.90883
11636.6 5.92362
11648.6 5.9186
11660.7 5.91341
11672.7 5.90805
11684.7 5.90252
11696.7 5.89682
11708.7 5.89095
11720.7 5.88492
11732.7 5.87872
11744.7 5.88126
11756.8 5.8882
11768.8 5.89502
11780.8 5.90169
11792.8 5.90824
11804.8 5.91465
11816.8 5.92092
11828.8 5.92707
11840.8 5.93308
11852.9 5.93829
11864.9 5.94328
11876.9 5.94814
11888.9 5.95288
11900.9 5.95748
11912.9 5.96196
11924.9 5.96631
11936.9 5.97054
11948.9 5.97175
11961 5.95325
11973 5.93458
11985 5.91575
11997 5.89675
12009 5.87759
12021 5.85826
12033 5.83877
12045 5.81912
12057.1 5.79048
12069.1 5.7467
12081.1 5.70272
12093.1 5.65853
12105.1 5.61413
12117.1 5.56954
12129.1 5.52474
12141.1 5.47973
12153.2 5.43453
12165.2 5.38977
12177.2 5.34523
12189.2 5.30049
12201.2 5.25556
12213.2 5.21044
12225.2 5.16513
12237.2 5.11962
12249.2 5.07392
12261.3 5.02803
12273.3 4.99556
12285.3 4.96554
12297.3 4.93537
12309.3 4.90504
12321.3 4.87456
12333.3 4.84393
12345.3 4.81314
12357.4 4.78221
12369.4 4.75186
12381.4 4.72968
12393.4 4.70738
12405.4 4.68495
12417.4 4.66239
12429.4 4.63971
12441.4 4.61689
12453.5 4.59396
12465.5 4.57089
12477.5 4.5397
12489.5 4.49089
12501.5 4.44191
12513.5 4.39276
12525.5 4.34344
12537.5 4.29395
12549.5 4.24429
12561.6 4.19447
12573.6 4.14448
12585.6 4.10628
12597.6 4.07748
12609.6 4.04855
12621.6 4.01949
12633.6 3.99032
12645.6 3.96103
12657.7 3.93161
12669.7 3.90208
12681.7 3.87243
12693.7 3.87143
12705.7 3.87799
12717.7 3.88452
12729.7 3.89099
12741.7 3.89742
12753.8 3.90381
12765.8 3.91015
12777.8 3.91644
12789.8 3.92138
12801.8 3.87286
12813.8 3.8242
12825.8 3.7754
12837.8 3.72645
12849.8 3.67736
12861.9 3.62813
12873.9 3.57876
12885.9 3.52925
12897.9 3.47684
12909.9 3.41667
12921.9 3.35635
12933.9 3.29587
12945.9 3.23523
12958 3.17443
12970 3.11348
12982 3.05238
12994 2.99112
13006 2.9607
13018 2.9612
13030 2.96167
13042 2.9621
13054.1 2.96249
13066.1 2.96284
13078.1 2.96316
13090.1 2.96344
13102.1 2.96369
13114.1 2.9339
13126.1 2.89314
13138.1 2.85227
13150.2 2.81129
13162.2 2.7702
13174.2 2.72901
13186.2 2.6877
13198.2 2.6463
13210.2 2.60478
13222.2 2.57173
13234.2 2.53881
13246.2 2.5058
13258.3 2.47269
13270.3 2.4395
13282.3 2.40623
13294.3 2.37286
13306.3 2.33941
13318.3 2.30661
13330.3 2.27649
13342.3 2.24629
13354.4 2.21601
13366.4 2.18565
13378.4 2.15522
13390.4 2.12471
13402.4 2.09412
13414.4 2.06345
13426.4 2.03602
13438.4 2.01268
13450.5 1.98927
13462.5 1.96581
13474.5 1.94228
13486.5 1.91869
13498.5 1.89504
13510.5 1.87133
13522.5 1.84756
13534.5 1.83663
13546.5 1.83159
13558.6 1.82653
13570.6 1.82144
13582.6 1.81633
13594.6 1.81119
13606.6 1.80603
13618.6 1.80084
13630.6 1.79563
13642.6 1.77405
13654.7 1.75099
13666.7 1.72787
13678.7 1.70469
13690.7 1.68147
13702.7 1.65819
13714.7 1.63486
13726.7 1.61147
13738.7 1.58924
13750.8 1.57322
13762.8 1.55716
13774.8 1.54107
13786.8 1.52494
13798.8 1.50877
13810.8 1.49256
13822.8 1.47632
13834.8 1.46005
13846.8 1.43633
13858.9 1.4012
13870.9 1.366
13882.9 1.33074
13894.9 1.29542
13906.9 1.26003
13918.9 1.22457
13930.9 1.18906
13942.9 1.15348
13955 1.10627
13967 1.05215
13979 0.997931
13991 0.943625
14003 0.889227
14015 0.834738
14027 0.780159
14039 0.72549
14051.1 0.670733
14063.1 0.631913
14075.1 0.595408
14087.1 0.558847
14099.1 0.522232
14111.1 0.485563
14123.1 0.44884
14135.1 0.412066
14147.1 0.375239
14159.2 0.341128
14171.2 0.330611
14183.2 0.32009
14195.2 0.309566
14207.2 0.299039
14219.2 0.28851
14231.2 0.277981
14243.2 0.267451
14255.3 0.256923
14267.3 0.249072
14279.3 0.246457
14291.3 0.243859
14303.3 0.241281
14315.3 0.238721
14327.3 0.236183
14339.3 0.233667
14351.4 0.231173
14363.4 0.228704
14375.4 0.227972
14387.4 0.228508
14399.4 0.229076
14411.4 0.229678
14423.4 0.230316
14435.4 0.23099
14447.4 0.231703
14459.5 0.232455
14471.5 0.233248
14483.5 0.204178
14495.5 0.168284
14507.5 0.132374
14519.5 0.09645
14531.5 0.0605137
14543.5 0.0245665
14555.6 -0.01139
14567.6 -0.0473541
14579.6 -0.0837214
14591.6 -0.126722
14603.6 -0.169736
14615.6 -0.212763
14627.6 -0.2558
14639.6 -0.298846
14651.7 -0.3419
14663.7 -0.384958
14675.7 -0.42802
14687.7 -0.461649
14699.7 -0.472187
14711.7 -0.482669
14723.7 -0.493093
14735.7 -0.503458
14747.7 -0.51376
14759.8 -0.523999
14771.8 -0.534171
14783.8 -0.544276
14795.8 -0.566824
14807.8 -0.600693
14819.8 -0.634526
14831.8 -0.66832
14843.8 -0.702073
14855.9 -0.735784
14867.9 -0.769448
14879.9 -0.803065
14891.9 -0.836632
14903.9 -0.851279
14915.9 -0.860081
14927.9 -0.868785
14939.9 -0.877389
14952 -0.885891
14964 -0.894287
14976 -0.902576
14988 -0.910755
15000 -0.918821
15012 -0.942619
15024 -0.966324
15036 -0.989934
15048 -1.01345
15060.1 -1.03686
15072.1 -1.06016
15084.1 -1.08336
15096.1 -1.10645
15108.1 -1.13588
15120.1 -1.18635
15132.1 -1.23675
15144.1 -1.28707
15156.2 -1.33731
15168.2 -1.38746
15180.2 -1.43753
15192.2 -1.48752
15204.2 -1.53741
15216.2 -1.57156
15228.2 -1.58836
15240.2 -1.605
15252.3 -1.62148
15264.3 -1.63781
15276.3 -1.65398
15288.3 -1.66998
15300.3 -1.68581
15312.3 -1.70147
15324.3 -1.70685
15336.3 -1.70789
15348.3 -1.70873
15360.4 -1.70936
15372.4 -1.70979
15384.4 -1.71
15396.4 -1.71001
15408.4 -1.70979
15420.4 -1.70936
15432.4 -1.79734
15444.4 -1.89055
15456.5 -1.98368
15468.5 -2.07672
15480.5 -2.16968
15492.5 -2.26254
15504.5 -2.35532
15516.5 -2.44799
15528.5 -2.52837
15540.5 -2.55502
15552.6 -2.58146
15564.6 -2.6077
15576.6 -2.63373
15588.6 -2.65954
15600.6 -2.68513
15612.6 -2.7105
15624.6 -2.73566
15636.6 -2.75624
15648.6 -2.77057
15660.7 -2.78465
15672.7 -2.79848
15684.7 -2.81206
15696.7 -2.82539
15708.7 -2.83847
15720.7 -2.85129
15732.7 -2.86385
15744.7 -2.85609
15756.8 -2.83776
15768.8 -2.81912
15780.8 -2.80017
15792.8 -2.7809
15804.8 -2.76132
15816.8 -2.74141
15828.8 -2.72119
15840.8 -2.70064
15852.9 -2.71061
15864.9 -2.72392
15876.9 -2.73695
15888.9 -2.7497
15900.9 -2.76218
15912.9 -2.77438
15924.9 -2.78629
15936.9 -2.79792
15948.9 -2.81334
15961 -2.85597
15973 -2.89837
15985 -2.94053
15997 -2.98245
16009 -3.02412
16021 -3.06555
16033 -3.10674
16045 -3.14769
16057.1 -3.1913
16069.1 -3.23958
16081.1 -3.28764
16093.1 -3.33546
16105.1 -3.38304
16117.1 -3.43039
16129.1 -3.47751
16141.1 -3.52439
16153.2 -3.57104
16165.2 -3.61194
16177.2 -3.64898
16189.2 -3.68578
16201.2 -3.72233
16213.2 -3.75864
16225.2 -3.79469
16237.2 -3.8305
16249.2 -3.86606
16261.3 -3.90138
16273.3 -3.91533
16285.3 -3.92494
16297.3 -3.93427
16309.3 -3.94332
16321.3 -3.95208
16333.3 -3.96057
16345.3 -3.96879
16357.4 -3.97672
16369.4 -3.98512
16381.4 -4.00166
16393.4 -4.01793
16405.4 -4.03395
16417.4 -4.04972
16429.4 -4.06522
16441.4 -4.08048
16453.5 -4.09548
16465.5 -4.11023
16477.5 -4.09438
16489.5 -4.012
16501.5 -3.92923
16513.5 -3.84608
16525.5 -3.76255
16537.5 -3.67864
16549.5 -3.59435
16561.6 -3.50969
16573.6 -3.42464
16585.6 -3.43396
16597.6 -3.51857
16609.6 -3.60306
16621.6 -3.68743
16633.6 -3.77168
16645.6 -3.85581
16657.7 -3.93984
16669.7 -4.02375
16681.7 -4.10756
16693.7 -4.18876
16705.7 -4.2692
16717.7 -4.34953
16729.7 -4.42976
16741.7 -4.50989
16753.8 -4.58992
16765.8 -4.66986
16777.8 -4.7497
16789.8 -4.82747
16801.8 -4.82483
16813.8 -4.82198
16825.8 -4.81893
16837.8 -4.81569
16849.8 -4.81225
16861.9 -4.80862
16873.9 -4.8048
16885.9 -4.8008
16897.9 -4.79175
16909.9 -4.76909
16921.9 -4.74622
16933.9 -4.72316
16945.9 -4.69989
16958 -4.67643
16970 -4.65278
16982 -4.62895
16994 -4.60492
17006 -4.56598
17018 -4.5121
17030 -4.45801
17042 -4.40369
17054.1 -4.34916
17066.1 -4.29442
17078.1 -4.23948
17090.1 -4.18432
17102.1 -4.12897
17114.1 -3.99349
17126.1 -3.82869
17138.1 -3.66355
17150.2 -3.49805
17162.2 -3.33222
17174.2 -3.16605
17186.2 -2.99954
17198.2 -2.8327
17210.2 -2.66552
17222.2 -2.68932
17234.2 -2.71778
17246.2 -2.7462
17258.3 -2.77457
17270.3 -2.8029
17282.3 -2.83118
17294.3 -2.85943
17306.3 -2.88764
17318.3 -2.88596
17330.3 -2.77163
17342.3 -2.65706
17354.4 -2.54228
17366.4 -2.42727
17378.4 -2.31204
17390.4 -2.19659
17402.4 -2.08093
17414.4 -1.96505
17426.4 -1.86487
17438.4 -1.78447
17450.5 -1.70391
17462.5 -1.62319
17474.5 -1.54233
17486.5 -1.46131
17498.5 -1.38015
17510.5 -1.29885
17522.5 -1.2174
17534.5 -1.25414
17546.5 -1.34523
17558.6 -1.43641
17570.6 -1.5277
17582.6 -1.61909
17594.6 -1.71059
17606.6 -1.8022
17618.6 -1.89391
17630.6 -1.98574
17642.6 -2.02152
17654.7 -2.05242
17666.7 -2.08335
17678.7 -2.11431
17690.7 -2.14531
17702.7 -2.17635
17714.7 -2.20742
17726.7 -2.23855
17738.7 -2.27155
17750.8 -2.31418
17762.8 -2.35687
17774.8 -2.39963
17786.8 -2.44245
17798.8 -2.48534
17810.8 -2.52829
17822.8 -2.57132
17834.8 -2.61442
17846.8 -2.63556
17858.9 -2.623
17870.9 -2.61044
17882.9 -2.59788
17894.9 -2.58532
17906.9 -2.57277
17918.9 -2.56022
17930.9 -2.54769
17942.9 -2.53515
17955 -2.52263
17967 -2.51012
17979 -2.49762
17991 -2.48513
18003 -2.47266
18015 -2.4602
18027 -2.44775
18039 -2.43533
18051.1 -2.42292
18063.1 -2.41053
18075.1 -2.39816
18087.1 -2.3858
18099.1 -2.37348
18111.1 -2.36117
18123.1 -2.34888
18135.1 -2.33662
18147.1 -2.32439
18159.2 -2.31218
18171.2 -2.3
18183.2 -2.28784
18195.2 -2.27571
18207.2 -2.26361
18219.2 -2.25154
18231.2 -2.2395
18243.2 -2.2275
18255.3 -2.21552
18267.3 -2.20357
18279.3 -2.19166
18291.3 -2.17978
18303.3 -2.16793
18315.3 -2.15612
18327.3 -2.14435
18339.3 -2.1326
18351.4 -2.1209
18363.4 -2.10923
18375.4 -2.0976
18387.4 -2.086
18399.4 -2.07445
18411.4 -2.06293
18423.4 -2.05145
18435.4 -2.04001
18447.4 -2.02861
18459.5 -2.01725
18471.5 -2.00593
18483.5 -1.99465
18495.5 -1.98341
18507.5 -1.97221
18519.5 -1.96106
18531.5 -1.94994
18543.5 -1.93887
18555.6 -1.92785
18567.6 -1.91686
18579.6 -1.90592
18591.6 -1.89502
18603.6 -1.88416
18615.6 -1.87335
18627.6 -1.86258
18639.6 -1.85186
18651.7 -1.84118
18663.7 -1.83054
18675.7 -1.81996
18687.7 -1.80941
18699.7 -1.79891
18711.7 -1.78846
18723.7 -1.77805
18735.7 -1.76768
18747.7 -1.75737
18759.8 -1.74709
18771.8 -1.73687
18783.8 -1.72669
18795.8 -1.71655
18807.8 -1.70646
18819.8 -1.69642
18831.8 -1.68643
18843.8 -1.67648
18855.9 -1.66657
18867.9 -1.65672
18879.9 -1.64691
18891.9 -1.63714
18903.9 -1.62743
18915.9 -1.61775
18927.9 -1.60813
18939.9 -1.59855
18952 -1.58902
18964 -1.57954
18976 -1.5701
18988 -1.56071
19000 -1.55136
