7000 -1.32797
7012.01 -1.37959
7024.02 -1.43365
7036.04 -1.49026
7048.05 -1.54955
7060.06 -1.61163
7072.07 -1.67662
7084.08 -1.74464
7096.1 -1.81582
7108.11 -1.89025
7120.12 -1.96807
7132.13 -2.04936
7144.14 -2.13421
7156.16 -2.22271
7168.17 -2.3149
7180.18 -2.41083
7192.19 -2.5105
7204.2 -2.61387
7216.22 -2.72088
7228.23 -2.83141
7240.24 -2.94529
7252.25 -3.06228
7264.26 -3.18206
7276.28 -3.30424
7288.29 -3.42835
7300.3 -3.5538
7312.31 -3.67992
7324.32 -3.80593
7336.34 -3.93093
7348.35 -4.05395
7360.36 -4.17391
7372.37 -4.28963
7384.38 -4.3999
7396.4 -4.50344
7408.41 -4.599
7420.42 -4.68531
7432.43 -4.76118
7444.44 -4.82551
7456.46 -4.87734
7468.47 -4.91588
7480.48 -4.94437
7492.49 -4.96157
7504.5 -4.96441
7516.52 -4.95298
7528.53 -4.92765
7540.54 -4.88897
7552.55 -4.83771
7564.56 -4.7748
7576.58 -4.7013
7588.59 -4.59405
7600.6 -4.47252
7612.61 -4.34392
7624.62 -4.20948
7636.64 -4.07041
7648.65 -3.92782
7660.66 -3.78278
7672.67 -3.63626
7684.68 -3.49134
7696.7 -3.4005
7708.71 -3.31066
7720.72 -3.22241
7732.73 -3.13622
7744.74 -3.05251
7756.76 -2.97159
7768.77 -2.89372
7780.78 -2.81909
7792.79 -2.73158
7804.8 -2.60494
7816.82 -2.48163
7828.83 -2.36166
7840.84 -2.24503
7852.85 -2.13168
7864.86 -2.02157
7876.88 -1.91463
7888.89 -1.81076
7900.9 -1.73274
7912.91 -1.67942
7924.92 -1.62903
7936.94 -1.58145
7948.95 -1.53658
7960.96 -1.49431
7972.97 -1.45453
7984.98 -1.41714
7997 -1.38204
8009.01 -1.3059
8021.02 -1.21729
8033.03 -1.13049
8045.05 -1.04543
8057.06 -0.962015
8069.07 -0.88016
8081.08 -0.799787
8093.09 -0.720818
8105.11 -0.64318
8117.12 -0.583342
8129.13 -0.524964
8141.14 -0.467767
8153.15 -0.411691
8165.17 -0.356679
8177.18 -0.302676
8189.19 -0.249629
8201.2 -0.197491
8213.21 -0.158331
8225.23 -0.162211
8237.24 -0.167025
8249.25 -0.172732
8261.26 -0.179294
8273.27 -0.186675
8285.29 -0.194841
8297.3 -0.203759
8309.31 -0.213398
8321.32 -0.233649
8333.33 -0.266231
8345.35 -0.299513
8357.36 -0.333469
8369.37 -0.368075
8381.38 -0.403308
8393.39 -0.439147
8405.41 -0.475571
8417.42 -0.51256
8429.43 -0.465879
8441.44 -0.382925
8453.45 -0.300138
8465.47 -0.217503
8477.48 -0.135002
8489.49 -0.0526229
8501.5 0.02965
8513.51 0.11183
8525.53 0.19393
8537.54 0.169097
8549.55 0.136329
8561.56 0.103193
8573.57 0.0697023
8585.59 0.0358656
8597.6 0.00169333
8609.61 -0.0328051
8621.62 -0.0676206
8633.63 -0.0979939
8645.65 -0.105586
8657.66 -0.113393
8669.67 -0.121407
8681.68 -0.12962
8693.69 -0.138025
8705.71 -0.146616
8717.72 -0.155386
8729.73 -0.164328
8741.74 -0.165703
8753.75 -0.155981
8765.77 -0.146362
8777.78 -0.136841
8789.79 -0.127411
8801.8 -0.118069
8813.81 -0.108808
8825.83 -0.0996245
8837.84 -0.0905136
8849.85 -0.0814708
8861.86 -0.0724918
8873.87 -0.0635725
8885.89 -0.0547088
8897.9 -0.0458968
8909.91 -0.0371327
8921.92 -0.0284128
8933.93 -0.0197336
8945.95 -0.0110915
8957.96 -0.00248316
8969.97 0.00609462
8981.98 0.0146451
8993.99 0.0231713
9006.01 0.0316764
9018.02 0.0401631
9030.03 0.0486345
9042.04 0.0570934
9054.05 0.0655423
9066.07 0.0739841
9078.08 0.0824212
9090.09 0.0908563
9102.1 0.0992918
9114.11 0.10773
9126.13 0.116174
9138.14 0.124625
9150.15 0.133086
9162.16 0.141559
9174.17 0.150047
9186.19 0.15855
9198.2 0.167073
9210.21 0.175616
9222.22 0.184181
9234.23 0.192771
9246.25 0.201388
9258.26 0.210033
9270.27 0.218709
9282.28 0.227417
9294.29 0.236159
9306.31 0.244937
9318.32 0.253753
9330.33 0.262608
9342.34 0.271504
9354.35 0.280444
9366.37 0.289428
9378.38 0.298458
9390.39 0.307536
9402.4 0.316664
9414.41 0.325843
9426.43 0.335075
9438.44 0.344361
9450.45 0.353703
9462.46 0.363103
9474.47 0.372561
9486.49 0.38208
9498.5 0.391661
9510.51 0.401305
9522.52 0.411014
9534.53 0.42079
9546.55 0.430633
9558.56 0.440546
9570.57 0.450529
9582.58 0.460584
9594.59 0.470712
9606.61 0.480915
9618.62 0.491195
9630.63 0.501551
9642.64 0.511987
9654.65 0.522502
9666.67 0.533099
9678.68 0.543778
9690.69 0.554541
9702.7 0.56539
9714.71 0.576324
9726.73 0.587347
9738.74 0.598458
9750.75 0.60966
9762.76 0.620952
9774.77 0.632338
9786.79 0.643816
9798.8 0.65539
9810.81 0.66706
9822.82 0.678826
9834.83 0.690691
9846.85 0.702655
9858.86 0.714719
9870.87 0.726885
9882.88 0.739153
9894.89 0.751524
9906.91 0.764001
9918.92 0.776582
9930.93 0.78927
9942.94 0.802065
9954.95 0.814969
9966.97 0.827982
9978.98 0.841105
9990.99 0.854338
10003 0.867684
10015 0.881142
10027 0.894714
10039 0.9084
10051.1 0.922201
10063.1 0.936117
10075.1 0.95015
10087.1 0.9643
10099.1 0.978567
10111.1 0.992952
10123.1 1.00746
10135.1 1.02208
10147.1 1.03682
10159.2 1.05169
10171.2 1.06667
10183.2 1.08178
10195.2 1.097
10207.2 1.11235
10219.2 1.12782
10231.2 1.14341
10243.2 1.15912
10255.3 1.17496
10267.3 1.19092
10279.3 1.207
10291.3 1.2232
10303.3 1.23953
10315.3 1.25597
10327.3 1.27254
10339.3 1.28923
10351.4 1.30604
10363.4 1.32298
10375.4 1.34003
10387.4 1.3572
10399.4 1.37449
10411.4 1.3919
10423.4 1.40943
10435.4 1.42708
10447.4 1.44484
10459.5 1.46272
10471.5 1.48071
10483.5 1.49881
10495.5 1.51703
10507.5 1.53535
10519.5 1.55379
10531.5 1.57233
10543.5 1.59098
10555.6 1.60973
10567.6 1.62859
10579.6 1.64754
10591.6 1.6666
10603.6 1.68575
10615.6 1.70499
10627.6 1.72433
10639.6 1.74376
10651.7 1.76328
10663.7 1.78288
10675.7 1.80256
10687.7 1.82232
10699.7 1.84216
10711.7 1.86207
10723.7 1.88205
10735.7 1.90209
10747.7 1.9222
10759.8 1.94237
10771.8 1.9626
10783.8 1.98287
10795.8 2.0032
10807.8 2.02357
10819.8 2.04397
10831.8 2.06442
10843.8 2.08489
10855.9 2.10539
10867.9 2.12591
10879.9 2.14645
10891.9 2.167
10903.9 2.20453
10915.9 2.24729
10927.9 2.29009
10939.9 2.33293
10952 2.3758
10964 2.4187
10976 2.46162
10988 2.50455
11000 2.54749
11012 2.57856
11024 2.60961
11036 2.64061
11048 2.67158
11060.1 2.70249
11072.1 2.73334
11084.1 2.76412
11096.1 2.79483
11108.1 2.828
11120.1 2.86942
11132.1 2.91077
11144.1 2.95205
11156.2 2.99323
11168.2 3.03431
11180.2 3.07529
11192.2 3.11615
11204.2 3.15689
11216.2 3.18756
11228.2 3.2071
11240.2 3.22645
11252.3 3.2456
11264.3 3.26454
11276.3 3.28326
11288.3 3.30175
11300.3 3.32
11312.3 3.338
11324.3 3.35948
11336.3 3.38221
11348.3 3.40469
11360.4 3.42689
11372.4 3.44882
11384.4 3.47045
11396.4 3.49179
11408.4 3.51282
11420.4 3.53353
11432.4 3.56544
11444.4 3.59774
11456.5 3.62972
11468.5 3.66137
11480.5 3.69269
11492.5 3.72366
11504.5 3.75428
11516.5 3.78454
11528.5 3.81602
11540.5 3.85411
11552.6 3.89183
11564.6 3.92917
11576.6 3.96614
11588.6 4.00271
11600.6 4.03888
11612.6 4.07465
11624.6 4.11
11636.6 4.14267
11648.6 4.17178
11660.7 4.20043
11672.7 4.22864
11684.7 4.25639
11696.7 4.28368
11708.7 4.31051
11720.7 4.33686
11732.7 4.36274
11744.7 4.36298
11756.8 4.34981
11768.8 4.33606
11780.8 4.32174
11792.8 4.30685
11804.8 4.29138
11816.8 4.27533
11828.8 4.25869
11840.8 4.24146
11852.9 4.23463
11864.9 4.22852
11876.9 4.22184
11888.9 4.21459
11900.9 4.20677
11912.9 4.19838
11924.9 4.18942
11936.9 4.17989
11948.9 4.16687
11961 4.1335
11973 4.09952
11985 4.06492
11997 4.02971
12009 3.99389
12021 3.95747
12033 3.92043
12045 3.88279
12057.1 3.86177
12069.1 3.86937
12081.1 3.87648
12093.1 3.88309
12105.1 3.88921
12117.1 3.89483
12129.1 3.89997
12141.1 3.90463
12153.2 3.90882
12165.2 3.90178
12177.2 3.88724
12189.2 3.8722
12201.2 3.85667
12213.2 3.84066
12225.2 3.82417
12237.2 3.80721
12249.2 3.78979
12261.3 3.77191
12273.3 3.73557
12285.3 3.6953
12297.3 3.65454
12309.3 3.61331
12321.3 3.57161
12333.3 3.52946
12345.3 3.48686
12357.4 3.44382
12369.4 3.40247
12381.4 3.38496
12393.4 3.36708
12405.4 3.34884
12417.4 3.33025
12429.4 3.31132
12441.4 3.29205
12453.5 3.27245
12465.5 3.25253
12477.5 3.225
12489.5 3.18123
12501.5 3.13711
12513.5 3.09266
12525.5 3.04788
12537.5 3.00279
12549.5 2.95739
12561.6 2.91168
12573.6 2.86568
12585.6 2.80425
12597.6 2.73042
12609.6 2.65627
12621.6 2.58181
12633.6 2.50704
12645.6 2.43196
12657.7 2.3566
12669.7 2.28094
12681.7 2.20501
12693.7 2.16043
12705.7 2.12403
12717.7 2.08745
12729.7 2.0507
12741.7 2.01377
12753.8 1.97668
12765.8 1.93944
12777.8 1.90205
12789.8 1.86406
12801.8 1.8074
12813.8 1.75058
12825.8 1.69359
12837.8 1.63645
12849.8 1.57916
12861.9 1.52173
12873.9 1.46415
12885.9 1.40645
12897.9 1.35136
12909.9 1.30371
12921.9 1.25596
12933.9 1.20811
12945.9 1.16018
12958 1.11216
12970 1.06407
12982 1.0159
12994 0.967655
13006 0.9504
13018 0.964222
13030 0.978101
13042 0.992039
13054.1 1.00604
13066.1 1.02011
13078.1 1.03425
13090.1 1.04846
13102.1 1.06275
13114.1 1.03001
13126.1 0.980151
13138.1 0.930263
13150.2 0.880347
13162.2 0.830405
13174.2 0.780442
13186.2 0.730459
13198.2 0.680458
13210.2 0.630443
13222.2 0.590817
13234.2 0.551458
13246.2 0.51211
13258.3 0.472775
13270.3 0.433456
13282.3 0.394155
13294.3 0.354873
13306.3 0.315613
13318.3 0.278343
13330.3 0.248528
13342.3 0.218755
13354.4 0.189027
13366.4 0.159345
13378.4 0.129711
13390.4 0.100125
13402.4 0.0705899
13414.4 0.0411056
13426.4 0.00851855
13438.4 -0.0279844
13450.5 -0.0644457
13462.5 -0.100864
13474.5 -0.137239
13486.5 -0.173569
13498.5 -0.209854
13510.5 -0.246093
13522.5 -0.282285
13534.5 -0.322737
13546.5 -0.365126
13558.6 -0.407477
13570.6 -0.44979
13582.6 -0.492065
13594.6 -0.5343
13606.6 -0.576495
13618.6 -0.61865
13630.6 -0.660764
13642.6 -0.688334
13654.7 -0.714563
13666.7 -0.740722
13678.7 -0.766812
13690.7 -0.792832
13702.7 -0.818781
13714.7 -0.84466
13726.7 -0.870468
13738.7 -0.894927
13750.8 -0.912663
13762.8 -0.930315
13774.8 -0.947881
13786.8 -0.965361
13798.8 -0.982757
13810.8 -1.00007
13822.8 -1.01729
13834.8 -1.03443
13846.8 -1.05757
13858.9 -1.08996
13870.9 -1.12228
13882.9 -1.15455
13894.9 -1.18676
13906.9 -1.21892
13918.9 -1.25101
13930.9 -1.28304
13942.9 -1.31501
13955 -1.33773
13967 -1.35493
13979 -1.37205
13991 -1.38909
14003 -1.40604
14015 -1.42291
14027 -1.43969
14039 -1.45639
14051.1 -1.473
14063.1 -1.51867
14075.1 -1.56862
14087.1 -1.61854
14099.1 -1.66844
14111.1 -1.71831
14123.1 -1.76815
14135.1 -1.81796
14147.1 -1.86774
14159.2 -1.91459
14171.2 -1.93651
14183.2 -1.95836
14195.2 -1.98013
14207.2 -2.00183
14219.2 -2.02345
14231.2 -2.045
14243.2 -2.06647
14255.3 -2.08786
14267.3 -2.11648
14279.3 -2.15932
14291.3 -2.20212
14303.3 -2.24487
14315.3 -2.28759
14327.3 -2.33026
14339.3 -2.37289
14351.4 -2.41548
14363.4 -2.45803
14375.4 -2.46165
14387.4 -2.43705
14399.4 -2.41229
14411.4 -2.38738
14423.4 -2.36232
14435.4 -2.3371
14447.4 -2.31172
14459.5 -2.28618
14471.5 -2.26049
14483.5 -2.27542
14495.5 -2.29955
14507.5 -2.32361
14519.5 -2.3476
14531.5 -2.3715
14543.5 -2.39533
14555.6 -2.41908
14567.6 -2.44276
14579.6 -2.46701
14591.6 -2.50227
14603.6 -2.53747
14615.6 -2.5726
14627.6 -2.60767
14639.6 -2.64268
14651.7 -2.67762
14663.7 -2.7125
14675.7 -2.74732
14687.7 -2.77552
14699.7 -2.78763
14711.7 -2.79964
14723.7 -2.81154
14735.7 -2.82334
14747.7 -2.83503
14759.8 -2.84661
14771.8 -2.85808
14783.8 -2.86944
14795.8 -2.88214
14807.8 -2.89603
14819.8 -2.90982
14831.8 -2.9235
14843.8 -2.93706
14855.9 -2.95052
14867.9 -2.96386
14879.9 -2.97709
14891.9 -2.99021
14903.9 -3.0137
14915.9 -3.0403
14927.9 -3.0668
14939.9 -3.09321
14952 -3.11951
14964 -3.14572
14976 -3.17183
14988 -3.19783
15000 -3.22373
15012 -3.20193
15024 -3.17994
15036 -3.15776
15048 -3.13541
15060.1 -3.11286
15072.1 -3.09013
15084.1 -3.06722
15096.1 -3.04411
15108.1 -3.03172
15120.1 -3.05495
15132.1 -3.07806
15144.1 -3.10105
15156.2 -3.12392
15168.2 -3.14666
15180.2 -3.16928
15192.2 -3.19177
15204.2 -3.21414
15216.2 -3.25633
15228.2 -3.32042
15240.2 -3.38444
15252.3 -3.4484
15264.3 -3.51229
15276.3 -3.57611
15288.3 -3.63986
15300.3 -3.70354
15312.3 -3.76714
15324.3 -3.78742
15336.3 -3.78985
15348.3 -3.79211
15360.4 -3.7942
15372.4 -3.7961
15384.4 -3.79783
15396.4 -3.79938
15408.4 -3.80075
15420.4 -3.80194
15432.4 -3.83109
15444.4 -3.86179
15456.5 -3.89236
15468.5 -3.92278
15480.5 -3.95306
15492.5 -3.98319
15504.5 -4.01318
15516.5 -4.04302
15528.5 -4.07393
15540.5 -4.11003
15552.6 -4.14599
15564.6 -4.18181
15576.6 -4.21748
15588.6 -4.25302
15600.6 -4.2884
15612.6 -4.32364
15624.6 -4.35872
15636.6 -4.38138
15648.6 -4.38684
15660.7 -4.39209
15672.7 -4.39716
15684.7 -4.40202
15696.7 -4.40668
15708.7 -4.41114
15720.7 -4.41539
15732.7 -4.41944
15744.7 -4.46969
15756.8 -4.54358
15768.8 -4.61737
15780.8 -4.69106
15792.8 -4.76464
15804.8 -4.83812
15816.8 -4.9115
15828.8 -4.98477
15840.8 -5.05793
15852.9 -5.088
15864.9 -5.11287
15876.9 -5.13755
15888.9 -5.16205
15900.9 -5.18636
15912.9 -5.21049
15924.9 -5.23443
15936.9 -5.25819
15948.9 -5.27608
15961 -5.2553
15973 -5.23428
15985 -5.21299
15997 -5.19145
16009 -5.16966
16021 -5.14761
16033 -5.1253
16045 -5.10273
16057.1 -5.09319
16069.1 -5.10594
16081.1 -5.11849
16093.1 -5.13083
16105.1 -5.14297
16117.1 -5.1549
16129.1 -5.16662
16141.1 -5.17814
16153.2 -5.18945
16165.2 -5.23802
16177.2 -5.31094
16189.2 -5.38374
16201.2 -5.45643
16213.2 -5.529
16225.2 -5.60146
16237.2 -5.6738
16249.2 -5.74603
16261.3 -5.81813
16273.3 -5.85441
16285.3 -5.88364
16297.3 -5.91269
16309.3 -5.94157
16321.3 -5.97026
16333.3 -5.99878
16345.3 -6.02712
16357.4 -6.05529
16369.4 -6.07756
16381.4 -6.03457
16393.4 -5.99129
16405.4 -5.94774
16417.4 -5.90391
16429.4 -5.85979
16441.4 -5.81541
16453.5 -5.77074
16465.5 -5.7258
16477.5 -5.70236
16489.5 -5.72618
16501.5 -5.74983
16513.5 -5.77331
16525.5 -5.79662
16537.5 -5.81976
16549.5 -5.84272
16561.6 -5.86552
16573.6 -5.88815
16585.6 -5.9158
16597.6 -5.94744
16609.6 -5.97893
16621.6 -6.01027
16633.6 -6.04146
16645.6 -6.0725
16657.7 -6.10339
16669.7 -6.13414
16681.7 -6.16474
16693.7 -6.17116
16705.7 -6.17102
16717.7 -6.1707
16729.7 -6.17019
16741.7 -6.1695
16753.8 -6.16862
16765.8 -6.16757
16777.8 -6.16634
16789.8 -6.16411
16801.8 -6.12871
16813.8 -6.09309
16825.8 -6.05725
16837.8 -6.02118
16849.8 -5.98489
16861.9 -5.94839
16873.9 -5.91167
16885.9 -5.87473
16897.9 -5.8305
16909.9 -5.76652
16921.9 -5.70229
16933.9 -5.63781
16945.9 -5.57309
16958 -5.50812
16970 -5.44291
16982 -5.37746
16994 -5.31177
17006 -5.29459
17018 -5.32603
17030 -5.35738
17042 -5.38862
17054.1 -5.41978
17066.1 -5.45084
17078.1 -5.48181
17090.1 -5.5127
17102.1 -5.54349
17114.1 -5.46405
17126.1 -5.34437
17138.1 -5.2244
17150.2 -5.10414
17162.2 -4.98359
17174.2 -4.86275
17186.2 -4.74162
17198.2 -4.62021
17210.2 -4.49852
17222.2 -4.52403
17234.2 -4.55312
17246.2 -4.58214
17258.3 -4.6111
17270.3 -4.64
17282.3 -4.66883
17294.3 -4.6976
17306.3 -4.72632
17318.3 -4.7215
17330.3 -4.59029
17342.3 -4.45881
17354.4 -4.32706
17366.4 -4.19503
17378.4 -4.06273
17390.4 -3.93017
17402.4 -3.79734
17414.4 -3.66424
17426.4 -3.60224
17438.4 -3.62971
17450.5 -3.65713
17462.5 -3.68453
17474.5 -3.71188
17486.5 -3.73921
17498.5 -3.7665
17510.5 -3.79376
17522.5 -3.821
17534.5 -3.89315
17546.5 -3.98597
17558.6 -4.07886
17570.6 -4.17182
17582.6 -4.26485
17594.6 -4.35794
17606.6 -4.45111
17618.6 -4.54436
17630.6 -4.63768
17642.6 -4.53679
17654.7 -4.41865
17666.7 -4.3003
17678.7 -4.18175
17690.7 -4.06299
17702.7 -3.94402
17714.7 -3.82486
17726.7 -3.7055
17738.7 -3.62302
17750.8 -3.73323
17762.8 -3.84355
17774.8 -3.95399
17786.8 -4.06455
17798.8 -4.17522
17810.8 -4.28602
17822.8 -4.39694
17834.8 -4.50799
17846.8 -4.57053
17858.9 -4.55868
17870.9 -4.54679
17882.9 -4.53486
17894.9 -4.5229
17906.9 -4.5109
17918.9 -4.49887
17930.9 -4.4868
17942.9 -4.47471
17955 -4.46259
17967 -4.45044
17979 -4.43826
17991 -4.42606
18003 -4.41383
18015 -4.40158
18027 -4.38931
18039 -4.37701
18051.1 -4.3647
18063.1 -4.35236
18075.1 -4.34001
18087.1 -4.32765
18099.1 -4.31526
18111.1 -4.30286
18123.1 -4.29045
18135.1 -4.27803
18147.1 -4.26559
18159.2 -4.25314
18171.2 -4.24068
18183.2 -4.22822
18195.2 -4.21575
18207.2 -4.20326
18219.2 -4.19078
18231.2 -4.17829
18243.2 -4.16579
18255.3 -4.15329
18267.3 -4.14079
18279.3 -4.12829
18291.3 -4.11578
18303.3 -4.10328
18315.3 -4.09078
18327.3 -4.07828
18339.3 -4.06578
18351.4 -4.05328
18363.4 -4.04079
18375.4 -4.0283
18387.4 -4.01582
18399.4 -4.00335
18411.4 -3.99088
18423.4 -3.97842
18435.4 -3.96597
18447.4 -3.95352
18459.5 -3.94109
18471.5 -3.92867
18483.5 -3.91626
18495.5 -3.90386
18507.5 -3.89147
18519.5 -3.8791
18531.5 -3.86673
18543.5 -3.85439
18555.6 -3.84206
18567.6 -3.82974
18579.6 -3.81744
18591.6 -3.80515
18603.6 -3.79288
18615.6 -3.78063
18627.6 -3.7684
18639.6 -3.75619
18651.7 -3.74399
18663.7 -3.73182
18675.7 -3.71966
18687.7 -3.70753
18699.7 -3.69541
18711.7 -3.68332
18723.7 -3.67125
18735.7 -3.6592
18747.7 -3.64717
18759.8 -3.63517
18771.8 -3.62319
18783.8 -3.61123
18795.8 -3.5993
18807.8 -3.58739
18819.8 -3.57551
18831.8 -3.56365
18843.8 -3.55182
18855.9 -3.54001
18867.9 -3.52824
18879.9 -3.51648
18891.9 -3.50476
18903.9 -3.49306
18915.9 -3.48139
18927.9 -3.46974
18939.9 -3.45813
18952 -3.44654
18964 -3.43499
18976 -3.42346
18988 -3.41196
19000 -3.40049
