7000 -3.36496
7012.01 -3.46196
7024.02 -3.56089
7036.04 -3.6616
7048.05 -3.7639
7060.06 -3.8676
7072.07 -3.97246
7084.08 -4.0782
7096.1 -4.18452
7108.11 -4.29108
7120.12 -4.3975
7132.13 -4.50337
7144.14 -4.60823
7156.16 -4.7116
7168.17 -4.81298
7180.18 -4.91181
7192.19 -5.00755
7204.2 -5.0996
7216.22 -5.18737
7228.23 -5.27029
7240.24 -5.34776
7252.25 -5.41922
7264.26 -5.48413
7276.28 -5.54197
7288.29 -5.59228
7300.3 -5.63467
7312.31 -5.66878
7324.32 -5.69433
7336.34 -5.71113
7348.35 -5.71907
7360.36 -5.71809
7372.37 -5.70826
7384.38 -5.6897
7396.4 -5.66261
7408.41 -5.62727
7420.42 -5.58404
7432.43 -5.53331
7444.44 -5.47555
7456.46 -5.41125
7468.47 -5.34094
7480.48 -5.28224
7492.49 -5.23182
7504.5 -5.17716
7516.52 -5.11884
7528.53 -5.05741
7540.54 -4.99341
7552.55 -4.92735
7564.56 -4.85973
7576.58 -4.79099
7588.59 -4.67389
7600.6 -4.54458
7612.61 -4.41517
7624.62 -4.28596
7636.64 -4.15726
7648.65 -4.02933
7660.66 -3.9024
7672.67 -3.77666
7684.68 -3.65326
7696.7 -3.55481
7708.71 -3.45808
7720.72 -3.36317
7732.73 -3.27015
7744.74 -3.1791
7756.76 -3.09005
7768.77 -3.00304
7780.78 -2.91808
7792.79 -2.82488
7804.8 -2.70672
7816.82 -2.59049
7828.83 -2.47617
7840.84 -2.36375
7852.85 -2.2532
7864.86 -2.14447
7876.88 -2.03754
7888.89 -1.93235
7900.9 -1.86004
7912.91 -1.81911
7924.92 -1.77999
7936.94 -1.74262
7948.95 -1.70695
7960.96 -1.67293
7972.97 -1.64052
7984.98 -1.60967
7997 -1.58033
8009.01 -1.53124
8021.02 -1.47641
8033.03 -1.42288
8045.05 -1.37058
8057.06 -1.31949
8069.07 -1.26954
8081.08 -1.22071
8093.09 -1.17296
8105.11 -1.12623
8117.12 -1.14825
8129.13 -1.17232
8141.14 -1.19751
8153.15 -1.22379
8165.17 -1.25113
8177.18 -1.2795
8189.19 -1.30886
8201.2 -1.33919
8213.21 -1.34402
8225.23 -1.25768
8237.24 -1.17187
8249.25 -1.08657
8261.26 -1.00175
8273.27 -0.917395
8285.29 -0.833475
8297.3 -0.74997
8309.31 -0.666858
8321.32 -0.644298
8333.33 -0.692874
8345.35 -0.74216
8357.36 -0.792137
8369.37 -0.842788
8381.38 -0.894095
8393.39 -0.946042
8405.41 -0.998613
8417.42 -1.05179
8429.43 -1.02541
8441.44 -0.964585
8453.45 -0.903997
8465.47 -0.843633
8477.48 -0.783481
8489.49 -0.723528
8501.5 -0.663762
8513.51 -0.604172
8525.53 -0.544747
8537.54 -0.567189
8549.55 -0.595801
8561.56 -0.624792
8573.57 -0.654153
8585.59 -0.683875
8597.6 -0.713949
8609.61 -0.744366
8621.62 -0.775117
8633.63 -0.79916
8645.65 -0.78934
8657.66 -0.779717
8669.67 -0.770282
8681.68 -0.76103
8693.69 -0.751952
8705.71 -0.743042
8717.72 -0.734294
8729.73 -0.7257
8741.74 -0.715949
8753.75 -0.704437
8765.77 -0.693054
8777.78 -0.681794
8789.79 -0.670651
8801.8 -0.65962
8813.81 -0.648696
8825.83 -0.637874
8837.84 -0.627149
8849.85 -0.616516
8861.86 -0.605971
8873.87 -0.595509
8885.89 -0.585126
8897.9 -0.574817
8909.91 -0.564578
8921.92 -0.554406
8933.93 -0.544296
8945.95 -0.534244
8957.96 -0.524247
8969.97 -0.5143
8981.98 -0.504401
8993.99 -0.494545
9006.01 -0.48473
9018.02 -0.474952
9030.03 -0.465207
9042.04 -0.455492
9054.05 -0.445805
9066.07 -0.436141
9078.08 -0.426498
9090.09 -0.416874
9102.1 -0.407264
9114.11 -0.397666
9126.13 -0.388077
9138.14 -0.378495
9150.15 -0.368917
9162.16 -0.359339
9174.17 -0.34976
9186.19 -0.340177
9198.2 -0.330587
9210.21 -0.320987
9222.22 -0.311376
9234.23 -0.30175
9246.25 -0.292107
9258.26 -0.282446
9270.27 -0.272762
9282.28 -0.263055
9294.29 -0.253322
9306.31 -0.243561
9318.32 -0.233769
9330.33 -0.223943
9342.34 -0.214083
9354.35 -0.204186
9366.37 -0.19425
9378.38 -0.184272
9390.39 -0.174251
9402.4 -0.164184
9414.41 -0.154069
9426.43 -0.143905
9438.44 -0.133689
9450.45 -0.12342
9462.46 -0.113095
9474.47 -0.102713
9486.49 -0.092271
9498.5 -0.081768
9510.51 -0.0712019
9522.52 -0.0605708
9534.53 -0.0498729
9546.55 -0.0391063
9558.56 -0.0282693
9570.57 -0.0173601
9582.58 -0.00637684
9594.59 0.00468211
9606.61 0.0158185
9618.62 0.027034
9630.63 0.0383304
9642.64 0.0497092
9654.65 0.0611722
9666.67 0.0727209
9678.68 0.084357
9690.69 0.096082
9702.7 0.107897
9714.71 0.119805
9726.73 0.131806
9738.74 0.143902
9750.75 0.156094
9762.76 0.168385
9774.77 0.180775
9786.79 0.193265
9798.8 0.205857
9810.81 0.218553
9822.82 0.231354
9834.83 0.24426
9846.85 0.257274
9858.86 0.270396
9870.87 0.283628
9882.88 0.29697
9894.89 0.310424
9906.91 0.323991
9918.92 0.337672
9930.93 0.351467
9942.94 0.365378
9954.95 0.379406
9966.97 0.393552
9978.98 0.407816
9990.99 0.422198
10003 0.436701
10015 0.451323
10027 0.466067
10039 0.480932
10051.1 0.495919
10063.1 0.511029
10075.1 0.526261
10087.1 0.541615
10099.1 0.557093
10111.1 0.572695
10123.1 0.588419
10135.1 0.604267
10147.1 0.620238
10159.2 0.636332
10171.2 0.652549
10183.2 0.668888
10195.2 0.685349
10207.2 0.701931
10219.2 0.718634
10231.2 0.735457
10243.2 0.752399
10255.3 0.769459
10267.3 0.786637
10279.3 0.80393
10291.3 0.821338
10303.3 0.83886
10315.3 0.856493
10327.3 0.874236
10339.3 0.892087
10351.4 0.910045
10363.4 0.928107
10375.4 0.946271
10387.4 0.964536
10399.4 0.982897
10411.4 1.00135
10423.4 1.0199
10435.4 1.03854
10447.4 1.05726
10459.5 1.07607
10471.5 1.09495
10483.5 1.11391
10495.5 1.13294
10507.5 1.15204
10519.5 1.17121
10531.5 1.19043
10543.5 1.20971
10555.6 1.22904
10567.6 1.24841
10579.6 1.26783
10591.6 1.28727
10603.6 1.30675
10615.6 1.32626
10627.6 1.34578
10639.6 1.36531
10651.7 1.38485
10663.7 1.40439
10675.7 1.42392
10687.7 1.44344
10699.7 1.46294
10711.7 1.48241
10723.7 1.50184
10735.7 1.52123
10747.7 1.54057
10759.8 1.55986
10771.8 1.57907
10783.8 1.59821
10795.8 1.61726
10807.8 1.63622
10819.8 1.65508
10831.8 1.67383
10843.8 1.69246
10855.9 1.71095
10867.9 1.72931
10879.9 1.74752
10891.9 1.76557
10903.9 1.80441
10915.9 1.84953
10927.9 1.89452
10939.9 1.93936
10952 1.98406
10964 2.02859
10976 2.07296
10988 2.11714
11000 2.16112
11012 2.17209
11024 2.18277
11036 2.19315
11048 2.20322
11060.1 2.21297
11072.1 2.22238
11084.1 2.23146
11096.1 2.24018
11108.1 2.25943
11120.1 2.31407
11132.1 2.36842
11144.1 2.42248
11156.2 2.47623
11168.2 2.52966
11180.2 2.58276
11192.2 2.63552
11204.2 2.68794
11216.2 2.71264
11228.2 2.70676
11240.2 2.70037
11252.3 2.69348
11264.3 2.68606
11276.3 2.67811
11288.3 2.66963
11300.3 2.6606
11312.3 2.65101
11324.3 2.65641
11336.3 2.66763
11348.3 2.67832
11360.4 2.68848
11372.4 2.69809
11384.4 2.70715
11396.4 2.71566
11408.4 2.7236
11420.4 2.73098
11432.4 2.73301
11444.4 2.73417
11456.5 2.73473
11468.5 2.73471
11480.5 2.73409
11492.5 2.73287
11504.5 2.73105
11516.5 2.72863
11528.5 2.72896
11540.5 2.74339
11552.6 2.75727
11564.6 2.77057
11576.6 2.78331
11588.6 2.79549
11600.6 2.8071
11612.6 2.81816
11624.6 2.82865
11636.6 2.83437
11648.6 2.83368
11660.7 2.83242
11672.7 2.83059
11684.7 2.8282
11696.7 2.82526
11708.7 2.82176
11720.7 2.81771
11732.7 2.81313
11744.7 2.80186
11756.8 2.78691
11768.8 2.77141
11780.8 2.75538
11792.8 2.73882
11804.8 2.72175
11816.8 2.70416
11828.8 2.68607
11840.8 2.66749
11852.9 2.64867
11864.9 2.62941
11876.9 2.60968
11888.9 2.58949
11900.9 2.56885
11912.9 2.54777
11924.9 2.52625
11936.9 2.50432
11948.9 2.48084
11961 2.44928
11973 2.41731
11985 2.38495
11997 2.35219
12009 2.31905
12021 2.28554
12033 2.25167
12045 2.21745
12057.1 2.18736
12069.1 2.16452
12081.1 2.14138
12093.1 2.11795
12105.1 2.09425
12117.1 2.07029
12129.1 2.04606
12141.1 2.02159
12153.2 1.99688
12165.2 1.98267
12177.2 1.97528
12189.2 1.96772
12201.2 1.95999
12213.2 1.9521
12225.2 1.94406
12237.2 1.93589
12249.2 1.92759
12261.3 1.91916
12273.3 1.86168
12285.3 1.79457
12297.3 1.72725
12309.3 1.65972
12321.3 1.592
12333.3 1.52409
12345.3 1.45599
12357.4 1.38773
12369.4 1.32467
12381.4 1.32271
12393.4 1.32074
12405.4 1.31874
12417.4 1.31674
12429.4 1.31473
12441.4 1.31272
12453.5 1.31072
12465.5 1.30872
12477.5 1.28853
12489.5 1.22858
12501.5 1.16854
12513.5 1.10842
12525.5 1.04823
12537.5 0.987967
12549.5 0.927644
12561.6 0.867262
12573.6 0.806824
12585.6 0.739861
12597.6 0.667676
12609.6 0.595425
12621.6 0.523112
12633.6 0.450741
12645.6 0.378315
12657.7 0.305838
12669.7 0.233312
12681.7 0.16074
12693.7 0.118425
12705.7 0.0841717
12717.7 0.0499538
12729.7 0.0157738
12741.7 -0.0183661
12753.8 -0.0524636
12765.8 -0.0865164
12777.8 -0.120523
12789.8 -0.155887
12801.8 -0.248164
12813.8 -0.340499
12825.8 -0.432889
12837.8 -0.525333
12849.8 -0.61783
12861.9 -0.710378
12873.9 -0.802976
12885.9 -0.895622
12897.9 -0.970381
12909.9 -0.995674
12921.9 -1.02089
12933.9 -1.04602
12945.9 -1.07107
12958 -1.09603
12970 -1.12092
12982 -1.14572
12994 -1.17043
13006 -1.17346
13018 -1.15475
13030 -1.13588
13042 -1.11683
13054.1 -1.09762
13066.1 -1.07825
13078.1 -1.0587
13090.1 -1.03899
13102.1 -1.01911
13114.1 -1.04489
13126.1 -1.08723
13138.1 -1.12951
13150.2 -1.17174
13162.2 -1.21392
13174.2 -1.25604
13186.2 -1.29811
13198.2 -1.34013
13210.2 -1.38209
13222.2 -1.40732
13234.2 -1.43205
13246.2 -1.4567
13258.3 -1.48127
13270.3 -1.50575
13282.3 -1.53014
13294.3 -1.55446
13306.3 -1.57869
13318.3 -1.60519
13330.3 -1.64051
13342.3 -1.67576
13354.4 -1.71095
13366.4 -1.74608
13378.4 -1.78115
13390.4 -1.81616
13402.4 -1.85111
13414.4 -1.886
13426.4 -1.92705
13438.4 -1.97587
13450.5 -2.02466
13462.5 -2.07342
13474.5 -2.12214
13486.5 -2.17083
13498.5 -2.21948
13510.5 -2.26811
13522.5 -2.31669
13534.5 -2.37444
13546.5 -2.4364
13558.6 -2.49835
13570.6 -2.56029
13582.6 -2.62222
13594.6 -2.68414
13606.6 -2.74606
13618.6 -2.80797
13630.6 -2.86987
13642.6 -2.88093
13654.7 -2.88743
13666.7 -2.89382
13678.7 -2.90011
13690.7 -2.9063
13702.7 -2.91238
13714.7 -2.91837
13726.7 -2.92425
13738.7 -2.92987
13750.8 -2.93462
13762.8 -2.93927
13774.8 -2.94381
13786.8 -2.94825
13798.8 -2.95259
13810.8 -2.95682
13822.8 -2.96095
13834.8 -2.96498
13846.8 -2.97519
13858.9 -2.99495
13870.9 -3.01464
13882.9 -3.03425
13894.9 -3.05378
13906.9 -3.07324
13918.9 -3.09262
13930.9 -3.11193
13942.9 -3.13116
13955 -3.15218
13967 -3.17422
13979 -3.1962
13991 -3.2181
14003 -3.23993
14015 -3.26169
14027 -3.28337
14039 -3.30499
14051.1 -3.32653
14063.1 -3.34989
14075.1 -3.37346
14087.1 -3.39696
14099.1 -3.42039
14111.1 -3.44375
14123.1 -3.46704
14135.1 -3.49026
14147.1 -3.5134
14159.2 -3.53768
14171.2 -3.57215
14183.2 -3.60658
14195.2 -3.64094
14207.2 -3.67526
14219.2 -3.70951
14231.2 -3.74371
14243.2 -3.77786
14255.3 -3.81195
14267.3 -3.83766
14279.3 -3.84704
14291.3 -3.85633
14303.3 -3.86551
14315.3 -3.87459
14327.3 -3.88357
14339.3 -3.89245
14351.4 -3.90122
14363.4 -3.90989
14375.4 -3.90499
14387.4 -3.89023
14399.4 -3.87533
14411.4 -3.86028
14423.4 -3.84508
14435.4 -3.82973
14447.4 -3.81424
14459.5 -3.7986
14471.5 -3.78281
14483.5 -3.78071
14495.5 -3.78164
14507.5 -3.78245
14519.5 -3.78313
14531.5 -3.78369
14543.5 -3.78412
14555.6 -3.78442
14567.6 -3.78459
14579.6 -3.78655
14591.6 -3.82041
14603.6 -3.8542
14615.6 -3.88791
14627.6 -3.92154
14639.6 -3.95509
14651.7 -3.98856
14663.7 -4.02195
14675.7 -4.05526
14687.7 -4.08528
14699.7 -4.10738
14711.7 -4.12937
14723.7 -4.15126
14735.7 -4.17304
14747.7 -4.19472
14759.8 -4.21629
14771.8 -4.23776
14783.8 -4.25911
14795.8 -4.25541
14807.8 -4.2289
14819.8 -4.20219
14831.8 -4.1753
14843.8 -4.14821
14855.9 -4.12094
14867.9 -4.09346
14879.9 -4.0658
14891.9 -4.03793
14903.9 -4.02833
14915.9 -4.02418
14927.9 -4.01988
14939.9 -4.01542
14952 -4.0108
14964 -4.00601
14976 -4.00105
14988 -3.99593
15000 -3.99065
15012 -4.00852
15024 -4.02626
15036 -4.04386
15048 -4.06133
15060.1 -4.07867
15072.1 -4.09587
15084.1 -4.11294
15096.1 -4.12986
15108.1 -4.14533
15120.1 -4.15634
15132.1 -4.1672
15144.1 -4.17791
15156.2 -4.18847
15168.2 -4.19887
15180.2 -4.20912
15192.2 -4.21921
15204.2 -4.22915
15216.2 -4.25284
15228.2 -4.29173
15240.2 -4.33051
15252.3 -4.36917
15264.3 -4.40772
15276.3 -4.44616
15288.3 -4.48447
15300.3 -4.52267
15312.3 -4.56075
15324.3 -4.551
15336.3 -4.5215
15348.3 -4.49179
15360.4 -4.46184
15372.4 -4.43167
15384.4 -4.40127
15396.4 -4.37064
15408.4 -4.33978
15420.4 -4.30869
15432.4 -4.33285
15444.4 -4.3602
15456.5 -4.38741
15468.5 -4.41448
15480.5 -4.4414
15492.5 -4.46818
15504.5 -4.49482
15516.5 -4.52131
15528.5 -4.55219
15540.5 -4.60281
15552.6 -4.65332
15564.6 -4.70373
15576.6 -4.75402
15588.6 -4.80421
15600.6 -4.85428
15612.6 -4.90425
15624.6 -4.9541
15636.6 -4.99722
15648.6 -5.03104
15660.7 -5.06473
15672.7 -5.09828
15684.7 -5.13169
15696.7 -5.16496
15708.7 -5.19809
15720.7 -5.23109
15732.7 -5.26395
15744.7 -5.25922
15756.8 -5.2351
15768.8 -5.21076
15780.8 -5.1862
15792.8 -5.1614
15804.8 -5.13639
15816.8 -5.11115
15828.8 -5.08568
15840.8 -5.05999
15852.9 -5.11392
15864.9 -5.17711
15876.9 -5.24021
15888.9 -5.30322
15900.9 -5.36613
15912.9 -5.42896
15924.9 -5.4917
15936.9 -5.55436
15948.9 -5.61213
15961 -5.63745
15973 -5.66262
15985 -5.68764
15997 -5.71253
16009 -5.73727
16021 -5.76187
16033 -5.78632
16045 -5.81064
16057.1 -5.82373
16069.1 -5.81789
16081.1 -5.81186
16093.1 -5.80564
16105.1 -5.79924
16117.1 -5.79266
16129.1 -5.78589
16141.1 -5.77894
16153.2 -5.77181
16165.2 -5.78967
16177.2 -5.82386
16189.2 -5.85793
16201.2 -5.89188
16213.2 -5.92571
16225.2 -5.95943
16237.2 -5.99303
16249.2 -6.02652
16261.3 -6.05989
16273.3 -6.06437
16285.3 -6.06315
16297.3 -6.06176
16309.3 -6.06022
16321.3 -6.05851
16333.3 -6.05665
16345.3 -6.05463
16357.4 -6.05245
16369.4 -6.05769
16381.4 -6.14916
16393.4 -6.24061
16405.4 -6.33204
16417.4 -6.42346
16429.4 -6.51487
16441.4 -6.60626
16453.5 -6.69765
16465.5 -6.78902
16477.5 -6.82771
16489.5 -6.7514
16501.5 -6.67484
16513.5 -6.59803
16525.5 -6.52098
16537.5 -6.44367
16549.5 -6.36612
16561.6 -6.28832
16573.6 -6.21028
16585.6 -6.20664
16597.6 -6.26238
16609.6 -6.31807
16621.6 -6.37372
16633.6 -6.42933
16645.6 -6.48489
16657.7 -6.54041
16669.7 -6.59589
16681.7 -6.65133
16693.7 -6.68952
16705.7 -6.72309
16717.7 -6.75659
16729.7 -6.79002
16741.7 -6.82339
16753.8 -6.8567
16765.8 -6.88994
16777.8 -6.92313
16789.8 -6.95549
16801.8 -6.95696
16813.8 -6.95833
16825.8 -6.9596
16837.8 -6.96077
16849.8 -6.96185
16861.9 -6.96282
16873.9 -6.96371
16885.9 -6.96449
16897.9 -6.92573
16909.9 -6.778
16921.9 -6.62996
16933.9 -6.48162
16945.9 -6.33299
16958 -6.18406
16970 -6.03483
16982 -5.88531
16994 -5.7355
17006 -5.62587
17018 -5.55651
17030 -5.48698
17042 -5.41728
17054.1 -5.3474
17066.1 -5.27736
17078.1 -5.20714
17090.1 -5.13676
17102.1 -5.06621
17114.1 -5.02699
17126.1 -4.99909
17138.1 -4.97108
17150.2 -4.94297
17162.2 -4.91477
17174.2 -4.88646
17186.2 -4.85806
17198.2 -4.82956
17210.2 -4.80097
17222.2 -4.8042
17234.2 -4.80817
17246.2 -4.8121
17258.3 -4.81599
17270.3 -4.81983
17282.3 -4.82364
17294.3 -4.8274
17306.3 -4.83112
17318.3 -4.79876
17330.3 -4.63032
17342.3 -4.46162
17354.4 -4.29263
17366.4 -4.12338
17378.4 -3.95386
17390.4 -3.78407
17402.4 -3.61401
17414.4 -3.44368
17426.4 -3.34999
17438.4 -3.35273
17450.5 -3.35544
17462.5 -3.35813
17474.5 -3.3608
17486.5 -3.36345
17498.5 -3.36608
17510.5 -3.36869
17522.5 -3.37128
17534.5 -3.41791
17546.5 -3.48481
17558.6 -3.55178
17570.6 -3.61883
17582.6 -3.68595
17594.6 -3.75315
17606.6 -3.82043
17618.6 -3.88778
17630.6 -3.95521
17642.6 -3.84456
17654.7 -3.71811
17666.7 -3.59146
17678.7 -3.46464
17690.7 -3.33764
17702.7 -3.21046
17714.7 -3.0831
17726.7 -2.95557
17738.7 -2.87879
17750.8 -3.06672
17762.8 -3.25491
17774.8 -3.44335
17786.8 -3.63204
17798.8 -3.82099
17810.8 -4.0102
17822.8 -4.19966
17834.8 -4.38938
17846.8 -4.49962
17858.9 -4.48788
17870.9 -4.47614
17882.9 -4.46438
17894.9 -4.45261
17906.9 -4.44084
17918.9 -4.42905
17930.9 -4.41726
17942.9 -4.40546
17955 -4.39366
17967 -4.38186
17979 -4.37004
17991 -4.35823
18003 -4.34641
18015 -4.33459
18027 -4.32277
18039 -4.31095
18051.1 -4.29913
18063.1 -4.28731
18075.1 -4.27549
18087.1 -4.26367
18099.1 -4.25186
18111.1 -4.24005
18123.1 -4.22824
18135.1 -4.21643
18147.1 -4.20464
18159.2 -4.19284
18171.2 -4.18105
18183.2 -4.16927
18195.2 -4.1575
18207.2 -4.14574
18219.2 -4.13398
18231.2 -4.12223
18243.2 -4.11049
18255.3 -4.09876
18267.3 -4.08704
18279.3 -4.07533
18291.3 -4.06364
18303.3 -4.05195
18315.3 -4.04028
18327.3 -4.02862
18339.3 -4.01697
18351.4 -4.00534
18363.4 -3.99372
18375.4 -3.98211
18387.4 -3.97052
18399.4 -3.95895
18411.4 -3.94739
18423.4 -3.93584
18435.4 -3.92432
18447.4 -3.91281
18459.5 -3.90132
18471.5 -3.88984
18483.5 -3.87838
18495.5 -3.86695
18507.5 -3.85553
18519.5 -3.84413
18531.5 -3.83274
18543.5 -3.82138
18555.6 -3.81004
18567.6 -3.79872
18579.6 -3.78742
18591.6 -3.77614
18603.6 -3.76488
18615.6 -3.75364
18627.6 -3.74243
18639.6 -3.73124
18651.7 -3.72007
18663.7 -3.70892
18675.7 -3.69779
18687.7 -3.68669
18699.7 -3.67561
18711.7 -3.66456
18723.7 -3.65353
18735.7 -3.64252
18747.7 -3.63154
18759.8 -3.62058
18771.8 -3.60965
18783.8 -3.59874
18795.8 -3.58786
18807.8 -3.577
18819.8 -3.56617
18831.8 -3.55537
18843.8 -3.54459
18855.9 -3.53383
18867.9 -3.52311
18879.9 -3.5124
18891.9 -3.50173
18903.9 -3.49108
18915.9 -3.48046
18927.9 -3.46987
18939.9 -3.4593
18952 -3.44877
18964 -3.43826
18976 -3.42777
18988 -3.41732
19000 -3.40689
