7000 -5.03952
7012.01 -5.04774
7024.02 -5.05202
7036.04 -5.05237
7048.05 -5.0488
7060.06 -5.04136
7072.07 -5.03011
7084.08 -5.01512
7096.1 -4.99647
7108.11 -4.97428
7120.12 -4.94867
7132.13 -4.91977
7144.14 -4.88772
7156.16 -4.85267
7168.17 -4.8148
7180.18 -4.77425
7192.19 -4.73121
7204.2 -4.68586
7216.22 -4.63837
7228.23 -4.58891
7240.24 -4.53768
7252.25 -4.48484
7264.26 -4.43057
7276.28 -4.37503
7288.29 -4.3184
7300.3 -4.26083
7312.31 -4.20248
7324.32 -4.14349
7336.34 -4.084
7348.35 -4.02415
7360.36 -3.96406
7372.37 -3.90385
7384.38 -3.84363
7396.4 -3.7835
7408.41 -3.72356
7420.42 -3.66389
7432.43 -3.60458
7444.44 -3.5457
7456.46 -3.48732
7468.47 -3.4295
7480.48 -3.36947
7492.49 -3.30792
7504.5 -3.24707
7516.52 -3.18694
7528.53 -3.12757
7540.54 -3.06899
7552.55 -3.01122
7564.56 -2.95428
7576.58 -2.89819
7588.59 -2.89079
7600.6 -2.89621
7612.61 -2.90269
7624.62 -2.91025
7636.64 -2.91888
7648.65 -2.92859
7660.66 -2.93937
7672.67 -2.95121
7684.68 -2.95899
7696.7 -2.84305
7708.71 -2.72774
7720.72 -2.61307
7732.73 -2.49902
7744.74 -2.38558
7756.76 -2.27274
7768.77 -2.16048
7780.78 -2.0488
7792.79 -1.96427
7804.8 -1.95002
7816.82 -1.9366
7828.83 -1.92399
7840.84 -1.91218
7852.85 -1.90115
7864.86 -1.8909
7876.88 -1.8814
7888.89 -1.87264
7900.9 -1.83638
7912.91 -1.77391
7924.92 -1.71197
7936.94 -1.65054
7948.95 -1.58961
7960.96 -1.52917
7972.97 -1.4692
7984.98 -1.40968
7997 -1.35061
8009.01 -1.29482
8021.02 -1.2404
8033.03 -1.1864
8045.05 -1.1328
8057.06 -1.07959
8069.07 -1.02677
8081.08 -0.974304
8093.09 -0.922198
8105.11 -0.870436
8117.12 -0.858224
8129.13 -0.846962
8141.14 -0.836128
8153.15 -0.825714
8165.17 -0.815707
8177.18 -0.806099
8189.19 -0.796879
8201.2 -0.788038
8213.21 -0.779851
8225.23 -0.773012
8237.24 -0.766529
8249.25 -0.760394
8261.26 -0.754597
8273.27 -0.749131
8285.29 -0.743987
8297.3 -0.739158
8309.31 -0.734637
8321.32 -0.740852
8333.33 -0.759636
8345.35 -0.778771
8357.36 -0.798251
8369.37 -0.818067
8381.38 -0.838215
8393.39 -0.858688
8405.41 -0.879479
8417.42 -0.900583
8429.43 -0.882927
8441.44 -0.848501
8453.45 -0.814211
8465.47 -0.780051
8477.48 -0.746015
8489.49 -0.712098
8501.5 -0.678296
8513.51 -0.644604
8525.53 -0.611015
8537.54 -0.621948
8549.55 -0.636251
8561.56 -0.650779
8573.57 -0.665526
8585.59 -0.680489
8597.6 -0.695662
8609.61 -0.711042
8621.62 -0.726625
8633.63 -0.743387
8645.65 -0.765109
8657.66 -0.787039
8669.67 -0.809171
8681.68 -0.831502
8693.69 -0.854029
8705.71 -0.876747
8717.72 -0.899654
8729.73 -0.922746
8741.74 -0.934632
8753.75 -0.930124
8765.77 -0.925714
8777.78 -0.921399
8789.79 -0.917175
8801.8 -0.91304
8813.81 -0.90899
8825.83 -0.905022
8837.84 -0.901133
8849.85 -0.89732
8861.86 -0.89358
8873.87 -0.88991
8885.89 -0.886308
8897.9 -0.882769
8909.91 -0.879292
8921.92 -0.875873
8933.93 -0.87251
8945.95 -0.8692
8957.96 -0.86594
8969.97 -0.862728
8981.98 -0.859559
8993.99 -0.856433
9006.01 -0.853346
9018.02 -0.850295
9030.03 -0.847277
9042.04 -0.84429
9054.05 -0.841332
9066.07 -0.838399
9078.08 -0.835488
9090.09 -0.832597
9102.1 -0.829724
9114.11 -0.826865
9126.13 -0.824018
9138.14 -0.82118
9150.15 -0.818348
9162.16 -0.815519
9174.17 -0.812691
9186.19 -0.809861
9198.2 -0.807025
9210.21 -0.804182
9222.22 -0.801328
9234.23 -0.79846
9246.25 -0.795576
9258.26 -0.792672
9270.27 -0.789745
9282.28 -0.786793
9294.29 -0.783811
9306.31 -0.780798
9318.32 -0.77775
9330.33 -0.774664
9342.34 -0.771537
9354.35 -0.768364
9366.37 -0.765144
9378.38 -0.761872
9390.39 -0.758546
9402.4 -0.755161
9414.41 -0.751714
9426.43 -0.748202
9438.44 -0.744621
9450.45 -0.740967
9462.46 -0.737236
9474.47 -0.733425
9486.49 -0.729529
9498.5 -0.725545
9510.51 -0.721469
9522.52 -0.717296
9534.53 -0.713022
9546.55 -0.708643
9558.56 -0.704154
9570.57 -0.699552
9582.58 -0.694831
9594.59 -0.689987
9606.61 -0.685014
9618.62 -0.67991
9630.63 -0.674667
9642.64 -0.669282
9654.65 -0.663749
9666.67 -0.658063
9678.68 -0.652218
9690.69 -0.64621
9702.7 -0.640033
9714.71 -0.63368
9726.73 -0.627147
9738.74 -0.620428
9750.75 -0.613516
9762.76 -0.606406
9774.77 -0.599092
9786.79 -0.591567
9798.8 -0.583824
9810.81 -0.575859
9822.82 -0.567663
9834.83 -0.55923
9846.85 -0.550554
9858.86 -0.541628
9870.87 -0.532445
9882.88 -0.522998
9894.89 -0.51328
9906.91 -0.503284
9918.92 -0.493003
9930.93 -0.482429
9942.94 -0.471555
9954.95 -0.460375
9966.97 -0.448881
9978.98 -0.437065
9990.99 -0.424921
10003 -0.412441
10015 -0.399618
10027 -0.386446
10039 -0.372916
10051.1 -0.359023
10063.1 -0.34476
10075.1 -0.330121
10087.1 -0.315098
10099.1 -0.299686
10111.1 -0.28388
10123.1 -0.267674
10135.1 -0.251064
10147.1 -0.234044
10159.2 -0.21661
10171.2 -0.19876
10183.2 -0.180489
10195.2 -0.161797
10207.2 -0.142681
10219.2 -0.12314
10231.2 -0.103176
10243.2 -0.0827875
10255.3 -0.0619784
10267.3 -0.0407513
10279.3 -0.0191106
10291.3 0.00293803
10303.3 0.0253874
10315.3 0.0482291
10327.3 0.0714529
10339.3 0.0950469
10351.4 0.118998
10363.4 0.143289
10375.4 0.167905
10387.4 0.192824
10399.4 0.218026
10411.4 0.243485
10423.4 0.269175
10435.4 0.295068
10447.4 0.321132
10459.5 0.347331
10471.5 0.37363
10483.5 0.399988
10495.5 0.426363
10507.5 0.45271
10519.5 0.478979
10531.5 0.50512
10543.5 0.53108
10555.6 0.5568
10567.6 0.582223
10579.6 0.607287
10591.6 0.631927
10603.6 0.656077
10615.6 0.679669
10627.6 0.702633
10639.6 0.724897
10651.7 0.746389
10663.7 0.767036
10675.7 0.786763
10687.7 0.805497
10699.7 0.823164
10711.7 0.839691
10723.7 0.855006
10735.7 0.869039
10747.7 0.881724
10759.8 0.892993
10771.8 0.902787
10783.8 0.911045
10795.8 0.917714
10807.8 0.922745
10819.8 0.92609
10831.8 0.927712
10843.8 0.927576
10855.9 0.925653
10867.9 0.92192
10879.9 0.916363
10891.9 0.908971
10903.9 0.930863
10915.9 0.960495
10927.9 0.988391
10939.9 1.01457
10952 1.03905
10964 1.06185
10976 1.08303
10988 1.1026
11000 1.12062
11012 1.12605
11024 1.13
11036 1.13253
11048 1.1337
11060.1 1.13357
11072.1 1.13221
11084.1 1.12969
11096.1 1.12608
11108.1 1.12097
11120.1 1.1134
11132.1 1.10495
11144.1 1.09567
11156.2 1.08564
11168.2 1.07494
11180.2 1.06362
11192.2 1.05176
11204.2 1.03942
11216.2 1.03071
11228.2 1.0261
11240.2 1.02122
11252.3 1.01611
11264.3 1.01082
11276.3 1.00543
11288.3 0.999955
11300.3 0.994461
11312.3 0.988985
11324.3 0.970094
11336.3 0.945753
11348.3 0.921504
11360.4 0.897382
11372.4 0.873415
11384.4 0.849632
11396.4 0.82606
11408.4 0.802721
11420.4 0.779637
11432.4 0.796671
11444.4 0.816473
11456.5 0.836671
11468.5 0.857279
11480.5 0.878309
11492.5 0.899772
11504.5 0.921677
11516.5 0.944032
11528.5 0.952384
11540.5 0.897625
11552.6 0.843169
11564.6 0.789019
11576.6 0.735177
11588.6 0.681644
11600.6 0.628421
11612.6 0.575506
11624.6 0.522899
11636.6 0.476345
11648.6 0.438072
11660.7 0.400128
11672.7 0.36251
11684.7 0.325214
11696.7 0.288235
11708.7 0.25157
11720.7 0.215212
11732.7 0.179158
11744.7 0.133152
11756.8 0.082165
11768.8 0.0314326
11780.8 -0.0190509
11792.8 -0.0692916
11804.8 -0.119296
11816.8 -0.169069
11828.8 -0.218619
11840.8 -0.26795
11852.9 -0.343936
11864.9 -0.422919
11876.9 -0.501765
11888.9 -0.58048
11900.9 -0.659069
11912.9 -0.737539
11924.9 -0.815897
11936.9 -0.894148
11948.9 -0.96559
11961 -0.991556
11973 -1.01733
11985 -1.04292
11997 -1.06832
12009 -1.09355
12021 -1.11862
12033 -1.14352
12045 -1.16826
12057.1 -1.17783
12069.1 -1.16173
12081.1 -1.14541
12093.1 -1.12887
12105.1 -1.11212
12117.1 -1.09517
12129.1 -1.07801
12141.1 -1.06066
12153.2 -1.04312
12165.2 -1.03747
12177.2 -1.03957
12189.2 -1.04153
12201.2 -1.04336
12213.2 -1.04506
12225.2 -1.04663
12237.2 -1.04809
12249.2 -1.04942
12261.3 -1.05064
12273.3 -1.07879
12285.3 -1.1121
12297.3 -1.14537
12309.3 -1.17861
12321.3 -1.21181
12333.3 -1.24499
12345.3 -1.27814
12357.4 -1.31127
12369.4 -1.34434
12381.4 -1.3769
12393.4 -1.40946
12405.4 -1.442
12417.4 -1.47454
12429.4 -1.50707
12441.4 -1.53961
12453.5 -1.57214
12465.5 -1.60468
12477.5 -1.64673
12489.5 -1.70955
12501.5 -1.77244
12513.5 -1.8354
12525.5 -1.89843
12537.5 -1.96155
12549.5 -2.02474
12561.6 -2.08802
12573.6 -2.15138
12585.6 -2.22389
12597.6 -2.30373
12609.6 -2.38369
12621.6 -2.46378
12633.6 -2.54399
12645.6 -2.62433
12657.7 -2.7048
12669.7 -2.7854
12681.7 -2.86614
12693.7 -2.92104
12705.7 -2.96914
12717.7 -3.01732
12729.7 -3.06557
12741.7 -3.1139
12753.8 -3.16231
12765.8 -3.21079
12777.8 -3.25936
12789.8 -3.3085
12801.8 -3.37723
12813.8 -3.44609
12825.8 -3.51507
12837.8 -3.58417
12849.8 -3.6534
12861.9 -3.72276
12873.9 -3.79224
12885.9 -3.86186
12897.9 -3.91054
12909.9 -3.90121
12921.9 -3.89187
12933.9 -3.88251
12945.9 -3.87313
12958 -3.86374
12970 -3.85434
12982 -3.84492
12994 -3.83549
13006 -3.81913
13018 -3.79581
13030 -3.77245
13042 -3.74906
13054.1 -3.72563
13066.1 -3.70216
13078.1 -3.67866
13090.1 -3.65512
13102.1 -3.63155
13114.1 -3.63053
13126.1 -3.63772
13138.1 -3.64493
13150.2 -3.65216
13162.2 -3.65942
13174.2 -3.66669
13186.2 -3.67398
13198.2 -3.68129
13210.2 -3.68862
13222.2 -3.70547
13234.2 -3.72258
13246.2 -3.73973
13258.3 -3.75691
13270.3 -3.77413
13282.3 -3.79138
13294.3 -3.80867
13306.3 -3.82598
13318.3 -3.85323
13330.3 -3.91787
13342.3 -3.98263
13354.4 -4.0475
13366.4 -4.11249
13378.4 -4.17759
13390.4 -4.2428
13402.4 -4.30812
13414.4 -4.37354
13426.4 -4.43164
13438.4 -4.48047
13450.5 -4.52939
13462.5 -4.57837
13474.5 -4.62743
13486.5 -4.67656
13498.5 -4.72576
13510.5 -4.77502
13522.5 -4.82436
13534.5 -4.88357
13546.5 -4.94738
13558.6 -5.01127
13570.6 -5.07525
13582.6 -5.13931
13594.6 -5.20346
13606.6 -5.26768
13618.6 -5.33198
13630.6 -5.39635
13642.6 -5.38527
13654.7 -5.3675
13666.7 -5.34966
13678.7 -5.33173
13690.7 -5.31372
13702.7 -5.29563
13714.7 -5.27745
13726.7 -5.25919
13738.7 -5.2384
13750.8 -5.20484
13762.8 -5.17116
13774.8 -5.13736
13786.8 -5.10343
13798.8 -5.06936
13810.8 -5.03517
13822.8 -5.00083
13834.8 -4.96636
13846.8 -4.94636
13858.9 -4.94863
13870.9 -4.95082
13882.9 -4.95292
13894.9 -4.95493
13906.9 -4.95684
13918.9 -4.95866
13930.9 -4.96037
13942.9 -4.96199
13955 -4.95716
13967 -4.94849
13979 -4.93968
13991 -4.93074
14003 -4.92165
14015 -4.91243
14027 -4.90306
14039 -4.89354
14051.1 -4.88387
14063.1 -4.92628
14075.1 -4.97636
14087.1 -5.02637
14099.1 -5.07633
14111.1 -5.12621
14123.1 -5.17602
14135.1 -5.22575
14147.1 -5.2754
14159.2 -5.32396
14171.2 -5.3638
14183.2 -5.40354
14195.2 -5.44316
14207.2 -5.48267
14219.2 -5.52205
14231.2 -5.56131
14243.2 -5.60044
14255.3 -5.63944
14267.3 -5.67977
14279.3 -5.72284
14291.3 -5.76576
14303.3 -5.80855
14315.3 -5.85119
14327.3 -5.89367
14339.3 -5.93601
14351.4 -5.97819
14363.4 -6.02021
14375.4 -6.00757
14387.4 -5.95531
14399.4 -5.90272
14411.4 -5.84979
14423.4 -5.79653
14435.4 -5.74293
14447.4 -5.68898
14459.5 -5.63468
14471.5 -5.58003
14483.5 -5.52552
14495.5 -5.47076
14507.5 -5.41564
14519.5 -5.36016
14531.5 -5.3043
14543.5 -5.24808
14555.6 -5.19147
14567.6 -5.13449
14579.6 -5.08126
14591.6 -5.09662
14603.6 -5.11171
14615.6 -5.12652
14627.6 -5.14107
14639.6 -5.15533
14651.7 -5.16932
14663.7 -5.18302
14675.7 -5.19644
14687.7 -5.21402
14699.7 -5.24219
14711.7 -5.2701
14723.7 -5.29773
14735.7 -5.32509
14747.7 -5.35218
14759.8 -5.37899
14771.8 -5.40552
14783.8 -5.43177
14795.8 -5.43408
14807.8 -5.41457
14819.8 -5.3947
14831.8 -5.37446
14843.8 -5.35387
14855.9 -5.33291
14867.9 -5.31158
14879.9 -5.28989
14891.9 -5.26782
14903.9 -5.30659
14915.9 -5.36378
14927.9 -5.42072
14939.9 -5.47742
14952 -5.53387
14964 -5.59008
14976 -5.64605
14988 -5.70177
15000 -5.75724
15012 -5.7789
15024 -5.80025
15036 -5.82131
15048 -5.84207
15060.1 -5.86253
15072.1 -5.88268
15084.1 -5.90255
15096.1 -5.92211
15108.1 -5.93244
15120.1 -5.91316
15132.1 -5.89352
15144.1 -5.87352
15156.2 -5.85317
15168.2 -5.83247
15180.2 -5.81141
15192.2 -5.79001
15204.2 -5.76826
15216.2 -5.73206
15228.2 -5.67996
15240.2 -5.62747
15252.3 -5.57459
15264.3 -5.52133
15276.3 -5.46768
15288.3 -5.41365
15300.3 -5.35924
15312.3 -5.30444
15324.3 -5.28808
15336.3 -5.2873
15348.3 -5.28623
15360.4 -5.28488
15372.4 -5.28324
15384.4 -5.28133
15396.4 -5.27915
15408.4 -5.27669
15420.4 -5.27396
15432.4 -5.26964
15444.4 -5.26498
15456.5 -5.26005
15468.5 -5.25486
15480.5 -5.24942
15492.5 -5.24372
15504.5 -5.23778
15516.5 -5.23158
15528.5 -5.23248
15540.5 -5.26537
15552.6 -5.29809
15564.6 -5.33063
15576.6 -5.36301
15588.6 -5.39522
15600.6 -5.42726
15612.6 -5.45915
15624.6 -5.49089
15636.6 -5.55566
15648.6 -5.66635
15660.7 -5.77702
15672.7 -5.88767
15684.7 -5.9983
15696.7 -6.10892
15708.7 -6.21953
15720.7 -6.33014
15732.7 -6.44075
15744.7 -6.4335
15756.8 -6.36569
15768.8 -6.29761
15780.8 -6.22928
15792.8 -6.1607
15804.8 -6.09186
15816.8 -6.02278
15828.8 -5.95346
15840.8 -5.8839
15852.9 -5.84264
15864.9 -5.80453
15876.9 -5.76625
15888.9 -5.72779
15900.9 -5.68916
15912.9 -5.65036
15924.9 -5.6114
15936.9 -5.57227
15948.9 -5.54111
15961 -5.5647
15973 -5.58823
15985 -5.6117
15997 -5.63513
16009 -5.65851
16021 -5.68185
16033 -5.70516
16045 -5.72843
16057.1 -5.72364
16069.1 -5.67124
16081.1 -5.61871
16093.1 -5.56604
16105.1 -5.51323
16117.1 -5.4603
16129.1 -5.40725
16141.1 -5.35407
16153.2 -5.30078
16165.2 -5.30966
16177.2 -5.35926
16189.2 -5.40891
16201.2 -5.45859
16213.2 -5.50833
16225.2 -5.55812
16237.2 -5.60797
16249.2 -5.65787
16261.3 -5.70783
16273.3 -5.80621
16285.3 -5.91404
16297.3 -6.02202
16309.3 -6.13016
16321.3 -6.23846
16333.3 -6.34692
16345.3 -6.45554
16357.4 -6.56432
16369.4 -6.66168
16381.4 -6.62691
16393.4 -6.59211
16405.4 -6.55728
16417.4 -6.5224
16429.4 -6.4875
16441.4 -6.45257
16453.5 -6.41761
16465.5 -6.38263
16477.5 -6.33523
16489.5 -6.26074
16501.5 -6.18618
16513.5 -6.11155
16525.5 -6.03684
16537.5 -5.96206
16549.5 -5.88721
16561.6 -5.8123
16573.6 -5.73732
16585.6 -5.73606
16597.6 -5.79369
16609.6 -5.85144
16621.6 -5.90932
16633.6 -5.96735
16645.6 -6.0255
16657.7 -6.0838
16669.7 -6.14223
16681.7 -6.20081
16693.7 -6.12706
16705.7 -6.0181
16717.7 -5.90904
16729.7 -5.79989
16741.7 -5.69064
16753.8 -5.58131
16765.8 -5.47188
16777.8 -5.36236
16789.8 -5.25527
16801.8 -5.25028
16813.8 -5.24536
16825.8 -5.2405
16837.8 -5.2357
16849.8 -5.23097
16861.9 -5.22631
16873.9 -5.22171
16885.9 -5.21718
16897.9 -5.19642
16909.9 -5.13076
16921.9 -5.06507
16933.9 -4.99938
16945.9 -4.93366
16958 -4.86794
16970 -4.8022
16982 -4.73644
16994 -4.67068
17006 -4.59624
17018 -4.51312
17030 -4.42997
17042 -4.34678
17054.1 -4.26356
17066.1 -4.1803
17078.1 -4.09702
17090.1 -4.0137
17102.1 -3.93035
17114.1 -3.8873
17126.1 -3.85892
17138.1 -3.83058
17150.2 -3.8023
17162.2 -3.77406
17174.2 -3.74587
17186.2 -3.71773
17198.2 -3.68964
17210.2 -3.6616
17222.2 -3.54123
17234.2 -3.4185
17246.2 -3.29568
17258.3 -3.17278
17270.3 -3.0498
17282.3 -2.92674
17294.3 -2.8036
17306.3 -2.68038
17318.3 -2.57352
17330.3 -2.52861
17342.3 -2.48372
17354.4 -2.43887
17366.4 -2.39404
17378.4 -2.34925
17390.4 -2.30448
17402.4 -2.25974
17414.4 -2.21503
17426.4 -2.14129
17438.4 -2.03103
17450.5 -1.92072
17462.5 -1.81034
17474.5 -1.6999
17486.5 -1.5894
17498.5 -1.47884
17510.5 -1.36822
17522.5 -1.25753
17534.5 -1.18729
17546.5 -1.13562
17558.6 -1.08397
17570.6 -1.03235
17582.6 -0.980737
17594.6 -0.929148
17606.6 -0.877577
17618.6 -0.826025
17630.6 -0.774491
17642.6 -0.838575
17654.7 -0.912988
17666.7 -0.987592
17678.7 -1.06238
17690.7 -1.13737
17702.7 -1.21254
17714.7 -1.2879
17726.7 -1.36344
17738.7 -1.45264
17750.8 -1.61202
17762.8 -1.7717
17774.8 -1.93168
17786.8 -2.09196
17798.8 -2.25254
17810.8 -2.41342
17822.8 -2.5746
17834.8 -2.73609
17846.8 -2.829
17858.9 -2.81665
17870.9 -2.80436
17882.9 -2.79214
17894.9 -2.77998
17906.9 -2.76789
17918.9 -2.75586
17930.9 -2.74389
17942.9 -2.73199
17955 -2.72015
17967 -2.70837
17979 -2.69666
17991 -2.685
18003 -2.67341
18015 -2.66189
18027 -2.65042
18039 -2.63902
18051.1 -2.62767
18063.1 -2.61639
18075.1 -2.60517
18087.1 -2.59401
18099.1 -2.58291
18111.1 -2.57187
18123.1 -2.56089
18135.1 -2.54997
18147.1 -2.5391
18159.2 -2.5283
18171.2 -2.51755
18183.2 -2.50687
18195.2 -2.49624
18207.2 -2.48567
18219.2 -2.47515
18231.2 -2.4647
18243.2 -2.4543
18255.3 -2.44396
18267.3 -2.43367
18279.3 -2.42344
18291.3 -2.41327
18303.3 -2.40315
18315.3 -2.39308
18327.3 -2.38308
18339.3 -2.37312
18351.4 -2.36322
18363.4 -2.35338
18375.4 -2.34359
18387.4 -2.33385
18399.4 -2.32416
18411.4 -2.31453
18423.4 -2.30496
18435.4 -2.29543
18447.4 -2.28596
18459.5 -2.27653
18471.5 -2.26716
18483.5 -2.25785
18495.5 -2.24858
18507.5 -2.23936
18519.5 -2.23019
18531.5 -2.22108
18543.5 -2.21201
18555.6 -2.203
18567.6 -2.19403
18579.6 -2.18511
18591.6 -2.17624
18603.6 -2.16742
18615.6 -2.15865
18627.6 -2.14993
18639.6 -2.14125
18651.7 -2.13262
18663.7 -2.12404
18675.7 -2.11551
18687.7 -2.10702
18699.7 -2.09858
18711.7 -2.09018
18723.7 -2.08183
18735.7 -2.07353
18747.7 -2.06527
18759.8 -2.05706
18771.8 -2.04889
18783.8 -2.04077
18795.8 -2.03269
18807.8 -2.02465
18819.8 -2.01666
18831.8 -2.00871
18843.8 -2.00081
18855.9 -1.99295
18867.9 -1.98513
18879.9 -1.97735
18891.9 -1.96962
18903.9 -1.96193
18915.9 -1.95428
18927.9 -1.94667
18939.9 -1.9391
18952 -1.93158
18964 -1.92409
18976 -1.91664
18988 -1.90924
19000 -1.90188
