7000 -0.3928
7012.01 -0.438893
7024.02 -0.487642
7036.04 -0.539208
7048.05 -0.593759
7060.06 -0.651473
7072.07 -0.712538
7084.08 -0.777148
7096.1 -0.84551
7108.11 -0.917835
7120.12 -0.994345
7132.13 -1.07527
7144.14 -1.16083
7156.16 -1.25127
7168.17 -1.34681
7180.18 -1.4477
7192.19 -1.55415
7204.2 -1.66636
7216.22 -1.78453
7228.23 -1.9088
7240.24 -2.03931
7252.25 -2.17612
7264.26 -2.31924
7276.28 -2.46858
7288.29 -2.62399
7300.3 -2.78517
7312.31 -2.9517
7324.32 -3.123
7336.34 -3.29832
7348.35 -3.47669
7360.36 -3.65693
7372.37 -3.83765
7384.38 -4.0172
7396.4 -4.19371
7408.41 -4.3651
7420.42 -4.5291
7432.43 -4.68329
7444.44 -4.8252
7456.46 -4.95233
7468.47 -5.06231
7480.48 -5.12759
7492.49 -5.15205
7504.5 -5.15353
7516.52 -5.13096
7528.53 -5.08374
7540.54 -5.01184
7552.55 -4.91576
7564.56 -4.79652
7576.58 -4.65559
7588.59 -4.57337
7600.6 -4.49305
7612.61 -4.39766
7624.62 -4.2896
7636.64 -4.1713
7648.65 -4.04513
7660.66 -3.91331
7672.67 -3.77791
7684.68 -3.64001
7696.7 -3.4834
7708.71 -3.32803
7720.72 -3.17509
7732.73 -3.02557
7744.74 -2.88024
7756.76 -2.73971
7768.77 -2.60445
7780.78 -2.47478
7792.79 -2.33736
7804.8 -2.17037
7816.82 -2.00916
7828.83 -1.8537
7840.84 -1.70392
7852.85 -1.55968
7864.86 -1.42083
7876.88 -1.28719
7888.89 -1.15858
7900.9 -1.02951
7912.91 -0.900033
7924.92 -0.774914
7936.94 -0.653945
7948.95 -0.536916
7960.96 -0.423624
7972.97 -0.313869
7984.98 -0.207459
7997 -0.104209
8009.01 0.0128916
8021.02 0.132848
8033.03 0.250219
8045.05 0.365158
8057.06 0.477809
8069.07 0.58831
8081.08 0.696791
8093.09 0.803376
8105.11 0.908181
8117.12 0.985597
8129.13 1.06103
8141.14 1.13492
8153.15 1.20736
8165.17 1.27842
8177.18 1.3482
8189.19 1.41677
8201.2 1.4842
8213.21 1.53795
8225.23 1.54674
8237.24 1.55442
8249.25 1.56105
8261.26 1.56668
8273.27 1.57137
8285.29 1.57515
8297.3 1.57809
8309.31 1.58021
8321.32 1.60274
8333.33 1.64945
8345.35 1.69559
8357.36 1.74121
8369.37 1.78633
8381.38 1.83099
8393.39 1.87522
8405.41 1.91904
8417.42 1.96248
8429.43 2.01595
8441.44 2.07364
8453.45 2.13106
8465.47 2.18823
8477.48 2.24518
8489.49 2.30193
8501.5 2.35849
8513.51 2.41488
8525.53 2.47112
8537.54 2.44926
8549.55 2.42154
8561.56 2.39347
8573.57 2.36508
8585.59 2.33637
8597.6 2.30737
8609.61 2.27807
8621.62 2.24851
8633.63 2.21826
8645.65 2.18572
8657.66 2.15294
8669.67 2.11992
8681.68 2.08667
8693.69 2.0532
8705.71 2.01952
8717.72 1.98564
8729.73 1.95156
8741.74 1.94241
8753.75 1.96963
8765.77 1.99685
8777.78 2.02408
8789.79 2.05132
8801.8 2.07858
8813.81 2.10586
8825.83 2.13318
8837.84 2.16054
8849.85 2.18794
8861.86 2.21539
8873.87 2.2429
8885.89 2.27047
8897.9 2.2981
8909.91 2.32581
8921.92 2.3536
8933.93 2.38147
8945.95 2.40942
8957.96 2.43747
8969.97 2.46562
8981.98 2.49386
8993.99 2.52221
9006.01 2.55068
9018.02 2.57925
9030.03 2.60795
9042.04 2.63677
9054.05 2.66571
9066.07 2.69479
9078.08 2.72399
9090.09 2.75334
9102.1 2.78283
9114.11 2.81247
9126.13 2.84225
9138.14 2.87219
9150.15 2.90228
9162.16 2.93253
9174.17 2.96295
9186.19 2.99353
9198.2 3.02428
9210.21 3.0552
9222.22 3.0863
9234.23 3.11758
9246.25 3.14904
9258.26 3.18069
9270.27 3.21252
9282.28 3.24455
9294.29 3.27676
9306.31 3.30918
9318.32 3.3418
9330.33 3.37462
9342.34 3.40764
9354.35 3.44087
9366.37 3.47432
9378.38 3.50798
9390.39 3.54185
9402.4 3.57595
9414.41 3.61026
9426.43 3.6448
9438.44 3.67957
9450.45 3.71457
9462.46 3.74979
9474.47 3.78526
9486.49 3.82096
9498.5 3.8569
9510.51 3.89308
9522.52 3.9295
9534.53 3.96618
9546.55 4.0031
9558.56 4.04027
9570.57 4.07769
9582.58 4.11538
9594.59 4.15331
9606.61 4.19151
9618.62 4.22997
9630.63 4.2687
9642.64 4.30769
9654.65 4.34695
9666.67 4.38648
9678.68 4.42628
9690.69 4.46636
9702.7 4.50671
9714.71 4.54734
9726.73 4.58825
9738.74 4.62944
9750.75 4.67091
9762.76 4.71267
9774.77 4.75471
9786.79 4.79705
9798.8 4.83967
9810.81 4.88259
9822.82 4.92579
9834.83 4.96929
9846.85 5.01309
9858.86 5.05718
9870.87 5.10157
9882.88 5.14626
9894.89 5.19125
9906.91 5.23654
9918.92 5.28214
9930.93 5.32804
9942.94 5.37424
9954.95 5.42074
9966.97 5.46756
9978.98 5.51467
9990.99 5.5621
10003 5.60983
10015 5.65788
10027 5.70622
10039 5.75488
10051.1 5.80385
10063.1 5.85313
10075.1 5.90271
10087.1 5.95261
10099.1 6.00281
10111.1 6.05332
10123.1 6.10414
10135.1 6.15527
10147.1 6.20671
10159.2 6.25845
10171.2 6.3105
10183.2 6.36285
10195.2 6.41551
10207.2 6.46847
10219.2 6.52173
10231.2 6.57529
10243.2 6.62915
10255.3 6.68331
10267.3 6.73776
10279.3 6.79251
10291.3 6.84755
10303.3 6.90288
10315.3 6.95849
10327.3 7.01439
10339.3 7.07057
10351.4 7.12703
10363.4 7.18377
10375.4 7.24078
10387.4 7.29806
10399.4 7.35561
10411.4 7.41342
10423.4 7.47149
10435.4 7.52981
10447.4 7.58839
10459.5 7.64721
10471.5 7.70627
10483.5 7.76558
10495.5 7.82511
10507.5 7.88487
10519.5 7.94486
10531.5 8.00506
10543.5 8.06548
10555.6 8.12609
10567.6 8.18691
10579.6 8.24792
10591.6 8.30912
10603.6 8.3705
10615.6 8.43205
10627.6 8.49377
10639.6 8.55564
10651.7 8.61767
10663.7 8.67984
10675.7 8.74214
10687.7 8.80457
10699.7 8.86711
10711.7 8.92977
10723.7 8.99253
10735.7 9.05537
10747.7 9.1183
10759.8 9.1813
10771.8 9.24436
10783.8 9.30747
10795.8 9.37062
10807.8 9.43381
10819.8 9.49701
10831.8 9.56022
10843.8 9.62342
10855.9 9.68661
10867.9 9.74978
10879.9 9.8129
10891.9 9.87598
10903.9 9.89552
10915.9 9.90162
10927.9 9.9075
10939.9 9.91316
10952 9.91857
10964 9.92373
10976 9.92861
10988 9.93322
11000 9.93752
11012 10.0219
11024 10.1061
11036 10.1902
11048 10.274
11060.1 10.3577
11072.1 10.4412
11084.1 10.5244
11096.1 10.6074
11108.1 10.6913
11120.1 10.779
11132.1 10.8664
11144.1 10.9534
11156.2 11.0402
11168.2 11.1266
11180.2 11.2127
11192.2 11.2984
11204.2 11.3838
11216.2 11.4429
11228.2 11.473
11240.2 11.5026
11252.3 11.5317
11264.3 11.5601
11276.3 11.588
11288.3 11.6152
11300.3 11.6419
11312.3 11.6678
11324.3 11.7341
11336.3 11.8165
11348.3 11.8983
11360.4 11.9795
11372.4 12.0602
11384.4 12.1402
11396.4 12.2195
11408.4 12.2982
11420.4 12.3762
11432.4 12.4198
11444.4 12.4605
11456.5 12.5005
11468.5 12.5396
11480.5 12.5779
11492.5 12.6154
11504.5 12.652
11516.5 12.6877
11528.5 12.7276
11540.5 12.789
11552.6 12.8495
11564.6 12.9092
11576.6 12.968
11588.6 13.0259
11600.6 13.0828
11612.6 13.1388
11624.6 13.1939
11636.6 13.2604
11648.6 13.343
11660.7 13.4247
11672.7 13.5055
11684.7 13.5854
11696.7 13.6643
11708.7 13.7422
11720.7 13.8192
11732.7 13.8952
11744.7 13.931
11756.8 13.9456
11768.8 13.9591
11780.8 13.9715
11792.8 13.9827
11804.8 13.9928
11816.8 14.0018
11828.8 14.0096
11840.8 14.0163
11852.9 14.0524
11864.9 14.0909
11876.9 14.1284
11888.9 14.1648
11900.9 14.2001
11912.9 14.2343
11924.9 14.2675
11936.9 14.2995
11948.9 14.3297
11961 14.3532
11973 14.3756
11985 14.3969
11997 14.4171
12009 14.4362
12021 14.4543
12033 14.4712
12045 14.4871
12057.1 14.4705
12069.1 14.3993
12081.1 14.3269
12093.1 14.2532
12105.1 14.1784
12117.1 14.1023
12129.1 14.0251
12141.1 13.9466
12153.2 13.867
12165.2 13.8035
12177.2 13.7503
12189.2 13.6959
12201.2 13.6404
12213.2 13.5839
12225.2 13.5263
12237.2 13.4676
12249.2 13.408
12261.3 13.3472
12273.3 13.2756
12285.3 13.201
12297.3 13.1255
12309.3 13.0489
12321.3 12.9713
12333.3 12.8927
12345.3 12.8132
12357.4 12.7328
12369.4 12.6563
12381.4 12.6347
12393.4 12.6123
12405.4 12.5891
12417.4 12.5652
12429.4 12.5405
12441.4 12.5151
12453.5 12.489
12465.5 12.4622
12477.5 12.4211
12489.5 12.3495
12501.5 12.2773
12513.5 12.2043
12525.5 12.1306
12537.5 12.0562
12549.5 11.9811
12561.6 11.9053
12573.6 11.8289
12585.6 11.7542
12597.6 11.6807
12609.6 11.6066
12621.6 11.5319
12633.6 11.4566
12645.6 11.3808
12657.7 11.3045
12669.7 11.2276
12681.7 11.1502
12693.7 11.1126
12705.7 11.0854
12717.7 11.0578
12729.7 11.0298
12741.7 11.0015
12753.8 10.9728
12765.8 10.9438
12777.8 10.9145
12789.8 10.8839
12801.8 10.8129
12813.8 10.7415
12825.8 10.6697
12837.8 10.5976
12849.8 10.5253
12861.9 10.4526
12873.9 10.3796
12885.9 10.3064
12897.9 10.2203
12909.9 10.0994
12921.9 9.97814
12933.9 9.85656
12945.9 9.73466
12958 9.61247
12970 9.48999
12982 9.36724
12994 9.24421
13006 9.1605
13018 9.11623
13030 9.07186
13042 9.02741
13054.1 8.98288
13066.1 8.93828
13078.1 8.89363
13090.1 8.84893
13102.1 8.80419
13114.1 8.74177
13126.1 8.67288
13138.1 8.60394
13150.2 8.53493
13162.2 8.46588
13174.2 8.39679
13186.2 8.32766
13198.2 8.2585
13210.2 8.18932
13222.2 8.10762
13234.2 8.02559
13246.2 7.94352
13258.3 7.86143
13270.3 7.77933
13282.3 7.69721
13294.3 7.61508
13306.3 7.53295
13318.3 7.45819
13330.3 7.41123
13342.3 7.36435
13354.4 7.31755
13366.4 7.27083
13378.4 7.22419
13390.4 7.17764
13402.4 7.13118
13414.4 7.08482
13426.4 7.04596
13438.4 7.01652
13450.5 6.98721
13462.5 6.95803
13474.5 6.929
13486.5 6.90011
13498.5 6.87136
13510.5 6.84275
13522.5 6.8143
13534.5 6.80195
13546.5 6.79711
13558.6 6.79246
13570.6 6.78801
13582.6 6.78376
13594.6 6.7797
13606.6 6.77585
13618.6 6.77219
13630.6 6.76874
13642.6 6.68496
13654.7 6.59417
13666.7 6.50343
13678.7 6.41274
13690.7 6.3221
13702.7 6.23151
13714.7 6.14097
13726.7 6.05047
13738.7 5.96113
13750.8 5.87751
13762.8 5.79395
13774.8 5.71046
13786.8 5.62703
13798.8 5.54366
13810.8 5.46035
13822.8 5.3771
13834.8 5.29391
13846.8 5.21586
13858.9 5.14568
13870.9 5.07558
13882.9 5.00556
13894.9 4.93562
13906.9 4.86575
13918.9 4.79595
13930.9 4.72623
13942.9 4.65658
13955 4.60496
13967 4.56403
13979 4.52322
13991 4.48252
14003 4.44194
14015 4.40148
14027 4.36112
14039 4.32087
14051.1 4.28073
14063.1 4.2169
14075.1 4.14959
14087.1 4.08235
14099.1 4.01515
14111.1 3.94801
14123.1 3.88092
14135.1 3.81388
14147.1 3.74688
14159.2 3.68632
14171.2 3.68043
14183.2 3.6747
14195.2 3.6691
14207.2 3.66364
14219.2 3.65832
14231.2 3.65313
14243.2 3.64807
14255.3 3.64314
14267.3 3.62959
14279.3 3.59907
14291.3 3.56863
14303.3 3.53826
14315.3 3.50796
14327.3 3.47774
14339.3 3.44758
14351.4 3.41749
14363.4 3.38747
14375.4 3.33405
14387.4 3.26369
14399.4 3.19332
14411.4 3.12294
14423.4 3.05255
14435.4 2.98213
14447.4 2.91169
14459.5 2.84123
14471.5 2.77075
14483.5 2.69299
14495.5 2.61354
14507.5 2.53404
14519.5 2.45449
14531.5 2.37489
14543.5 2.29523
14555.6 2.21551
14567.6 2.13573
14579.6 2.05667
14591.6 1.99065
14603.6 1.92458
14615.6 1.85846
14627.6 1.79229
14639.6 1.72607
14651.7 1.65979
14663.7 1.59345
14675.7 1.52705
14687.7 1.46853
14699.7 1.42939
14711.7 1.39023
14723.7 1.35103
14735.7 1.31182
14747.7 1.27257
14759.8 1.23329
14771.8 1.19397
14783.8 1.15462
14795.8 1.10755
14807.8 1.05346
14819.8 0.999302
14831.8 0.945074
14843.8 0.890774
14855.9 0.836402
14867.9 0.781955
14879.9 0.727431
14891.9 0.672828
14903.9 0.630885
14915.9 0.59277
14927.9 0.554598
14939.9 0.516367
14952 0.478077
14964 0.439724
14976 0.401309
14988 0.362829
15000 0.324283
15012 0.296072
15024 0.267809
15036 0.239493
15048 0.211124
15060.1 0.1827
15072.1 0.154221
15084.1 0.125685
15096.1 0.0970924
15108.1 0.051918
15120.1 -0.0475441
15132.1 -0.147177
15144.1 -0.246981
15156.2 -0.346957
15168.2 -0.447104
15180.2 -0.547423
15192.2 -0.647913
15204.2 -0.748575
15216.2 -0.845851
15228.2 -0.939373
15240.2 -1.03305
15252.3 -1.12689
15264.3 -1.22088
15276.3 -1.31503
15288.3 -1.40934
15300.3 -1.50379
15312.3 -1.5984
15324.3 -1.64387
15336.3 -1.66922
15348.3 -1.69461
15360.4 -1.72004
15372.4 -1.7455
15384.4 -1.77099
15396.4 -1.79652
15408.4 -1.82207
15420.4 -1.84764
15432.4 -1.93123
15444.4 -2.0184
15456.5 -2.10568
15468.5 -2.19308
15480.5 -2.28057
15492.5 -2.36817
15504.5 -2.45586
15516.5 -2.54364
15528.5 -2.61584
15540.5 -2.6192
15552.6 -2.62251
15564.6 -2.62577
15576.6 -2.62896
15588.6 -2.63209
15600.6 -2.63514
15612.6 -2.63811
15624.6 -2.641
15636.6 -2.65857
15648.6 -2.69654
15660.7 -2.73447
15672.7 -2.77233
15684.7 -2.81014
15696.7 -2.84787
15708.7 -2.88552
15720.7 -2.92309
15732.7 -2.96056
15744.7 -3.01776
15756.8 -3.08504
15768.8 -3.15225
15780.8 -3.21938
15792.8 -3.28642
15804.8 -3.35335
15816.8 -3.42018
15828.8 -3.48688
15840.8 -3.55345
15852.9 -3.67865
15864.9 -3.81067
15876.9 -3.94263
15888.9 -4.07452
15900.9 -4.20632
15912.9 -4.33803
15924.9 -4.46963
15936.9 -4.60112
15948.9 -4.72744
15961 -4.81959
15973 -4.91153
15985 -5.00324
15997 -5.09472
16009 -5.18595
16021 -5.27691
16033 -5.3676
16045 -5.458
16057.1 -5.51906
16069.1 -5.53049
16081.1 -5.54148
16093.1 -5.55201
16105.1 -5.56207
16117.1 -5.57164
16129.1 -5.58071
16141.1 -5.58927
16153.2 -5.5973
16165.2 -5.66957
16177.2 -5.78374
16189.2 -5.8975
16201.2 -6.01083
16213.2 -6.12373
16225.2 -6.23617
16237.2 -6.34814
16249.2 -6.45964
16261.3 -6.57063
16273.3 -6.66116
16285.3 -6.74729
16297.3 -6.83285
16309.3 -6.91782
16321.3 -7.00219
16333.3 -7.08595
16345.3 -7.16908
16357.4 -7.25157
16369.4 -7.33406
16381.4 -7.42329
16393.4 -7.51185
16405.4 -7.59973
16417.4 -7.68692
16429.4 -7.77341
16441.4 -7.85919
16453.5 -7.94424
16465.5 -8.02856
16477.5 -8.07634
16489.5 -8.04524
16501.5 -8.0132
16513.5 -7.98022
16525.5 -7.94629
16537.5 -7.9114
16549.5 -7.87554
16561.6 -7.83869
16573.6 -7.80086
16585.6 -7.83699
16597.6 -7.93198
16609.6 -8.02616
16621.6 -8.11952
16633.6 -8.21205
16645.6 -8.30375
16657.7 -8.39462
16669.7 -8.48464
16681.7 -8.57381
16693.7 -8.60204
16705.7 -8.61338
16717.7 -8.62376
16729.7 -8.63316
16741.7 -8.6416
16753.8 -8.64906
16765.8 -8.65555
16777.8 -8.66107
16789.8 -8.66603
16801.8 -8.68692
16813.8 -8.70686
16825.8 -8.72586
16837.8 -8.74391
16849.8 -8.76102
16861.9 -8.77719
16873.9 -8.79242
16885.9 -8.80673
16897.9 -8.79368
16909.9 -8.70676
16921.9 -8.61879
16933.9 -8.52977
16945.9 -8.4397
16958 -8.34859
16970 -8.25644
16982 -8.16327
16994 -8.06907
17006 -7.96579
17018 -7.85341
17030 -7.74001
17042 -7.6256
17054.1 -7.51019
17066.1 -7.39379
17078.1 -7.27642
17090.1 -7.15808
17102.1 -7.03878
17114.1 -6.99996
17126.1 -6.98988
17138.1 -6.97903
17150.2 -6.96743
17162.2 -6.95508
17174.2 -6.94201
17186.2 -6.92821
17198.2 -6.9137
17210.2 -6.8985
17222.2 -6.89502
17234.2 -6.8912
17246.2 -6.88674
17258.3 -6.88166
17270.3 -6.87596
17282.3 -6.86967
17294.3 -6.86279
17306.3 -6.85535
17318.3 -6.81671
17330.3 -6.66195
17342.3 -6.50645
17354.4 -6.35024
17366.4 -6.19332
17378.4 -6.03571
17390.4 -5.87742
17402.4 -5.71848
17414.4 -5.55888
17426.4 -5.49809
17438.4 -5.56172
17450.5 -5.62505
17462.5 -5.6881
17474.5 -5.75087
17486.5 -5.81339
17498.5 -5.87566
17510.5 -5.9377
17522.5 -5.99953
17534.5 -6.012
17546.5 -6.00166
17558.6 -5.99104
17570.6 -5.98016
17582.6 -5.96903
17594.6 -5.95765
17606.6 -5.94605
17618.6 -5.93423
17630.6 -5.92221
17642.6 -5.78599
17654.7 -5.63852
17666.7 -5.4907
17678.7 -5.34254
17690.7 -5.19405
17702.7 -5.04524
17714.7 -4.89613
17726.7 -4.74671
17738.7 -4.64571
17750.8 -4.79772
17762.8 -4.94987
17774.8 -5.10217
17786.8 -5.25463
17798.8 -5.40726
17810.8 -5.56007
17822.8 -5.71307
17834.8 -5.86627
17846.8 -5.94492
17858.9 -5.90919
17870.9 -5.87343
17882.9 -5.83764
17894.9 -5.80184
17906.9 -5.76603
17918.9 -5.73023
17930.9 -5.69443
17942.9 -5.65864
17955 -5.62288
17967 -5.58714
17979 -5.55144
17991 -5.51578
18003 -5.48017
18015 -5.44461
18027 -5.40911
18039 -5.37367
18051.1 -5.33831
18063.1 -5.30302
18075.1 -5.26782
18087.1 -5.2327
18099.1 -5.19767
18111.1 -5.16274
18123.1 -5.1279
18135.1 -5.09318
18147.1 -5.05856
18159.2 -5.02405
18171.2 -4.98966
18183.2 -4.9554
18195.2 -4.92126
18207.2 -4.88724
18219.2 -4.85336
18231.2 -4.81961
18243.2 -4.786
18255.3 -4.75254
18267.3 -4.71921
18279.3 -4.68603
18291.3 -4.65301
18303.3 -4.62013
18315.3 -4.58741
18327.3 -4.55484
18339.3 -4.52244
18351.4 -4.49019
18363.4 -4.45811
18375.4 -4.42619
18387.4 -4.39444
18399.4 -4.36285
18411.4 -4.33144
18423.4 -4.3002
18435.4 -4.26913
18447.4 -4.23823
18459.5 -4.20751
18471.5 -4.17697
18483.5 -4.1466
18495.5 -4.11641
18507.5 -4.0864
18519.5 -4.05657
18531.5 -4.02692
18543.5 -3.99745
18555.6 -3.96816
18567.6 -3.93906
18579.6 -3.91014
18591.6 -3.8814
18603.6 -3.85285
18615.6 -3.82448
18627.6 -3.79629
18639.6 -3.76829
18651.7 -3.74048
18663.7 -3.71285
18675.7 -3.6854
18687.7 -3.65814
18699.7 -3.63106
18711.7 -3.60417
18723.7 -3.57746
18735.7 -3.55094
18747.7 -3.5246
18759.8 -3.49844
18771.8 -3.47247
18783.8 -3.44668
18795.8 -3.42107
18807.8 -3.39565
18819.8 -3.37041
18831.8 -3.34534
18843.8 -3.32046
18855.9 -3.29576
18867.9 -3.27124
18879.9 -3.2469
18891.9 -3.22274
18903.9 -3.19875
18915.9 -3.17494
18927.9 -3.15131
18939.9 -3.12785
18952 -3.10457
18964 -3.08146
18976 -3.05853
18988 -3.03577
19000 -3.01318
