7000 0.232529
7012.01 0.210799
7024.02 0.187563
7036.04 0.162721
7048.05 0.136167
7060.06 0.107789
7072.07 0.0774671
7084.08 0.0450758
7096.1 0.0104812
7108.11 -0.0264571
7120.12 -0.0658862
7132.13 -0.10796
7144.14 -0.152837
7156.16 -0.200683
7168.17 -0.251663
7180.18 -0.305947
7192.19 -0.363703
7204.2 -0.425094
7216.22 -0.490274
7228.23 -0.559385
7240.24 -0.632548
7252.25 -0.709856
7264.26 -0.791367
7276.28 -0.877087
7288.29 -0.966965
7300.3 -1.06087
7312.31 -1.15859
7324.32 -1.25979
7336.34 -1.36402
7348.35 -1.47068
7360.36 -1.579
7372.37 -1.68807
7384.38 -1.79675
7396.4 -1.90376
7408.41 -2.00762
7420.42 -2.10671
7432.43 -2.19932
7444.44 -2.28362
7456.46 -2.35784
7468.47 -2.42025
7480.48 -2.47205
7492.49 -2.51127
7504.5 -2.53479
7516.52 -2.54199
7528.53 -2.53262
7540.54 -2.5069
7552.55 -2.46541
7564.56 -2.40914
7576.58 -2.33936
7588.59 -2.24381
7600.6 -2.1345
7612.61 -2.0166
7624.62 -1.89186
7636.64 -1.76196
7648.65 -1.62852
7660.66 -1.49296
7672.67 -1.35657
7684.68 -1.22196
7696.7 -1.12528
7708.71 -1.03069
7720.72 -0.938799
7732.73 -0.850069
7744.74 -0.764847
7756.76 -0.683373
7768.77 -0.605796
7780.78 -0.532191
7792.79 -0.450837
7804.8 -0.34267
7816.82 -0.238252
7828.83 -0.137483
7840.84 -0.0402423
7852.85 0.0536065
7864.86 0.14421
7876.88 0.231719
7888.89 0.316288
7900.9 0.403125
7912.91 0.492149
7924.92 0.578719
7936.94 0.662978
7948.95 0.745065
7960.96 0.825114
7972.97 0.903251
7984.98 0.979596
7997 1.05426
8009.01 1.10742
8021.02 1.15239
8033.03 1.19591
8045.05 1.23806
8057.06 1.27895
8069.07 1.31864
8081.08 1.35721
8093.09 1.39473
8105.11 1.43126
8117.12 1.51326
8129.13 1.59514
8141.14 1.67635
8153.15 1.75694
8165.17 1.83696
8177.18 1.91645
8189.19 1.99546
8201.2 2.07403
8213.21 2.1327
8225.23 2.12308
8237.24 2.11287
8249.25 2.1021
8261.26 2.09079
8273.27 2.07897
8285.29 2.06668
8297.3 2.05393
8309.31 2.04075
8321.32 2.03623
8333.33 2.04199
8345.35 2.04744
8357.36 2.05259
8369.37 2.05747
8381.38 2.06208
8393.39 2.06644
8405.41 2.07058
8417.42 2.07449
8429.43 2.10241
8441.44 2.14072
8453.45 2.17894
8465.47 2.21709
8477.48 2.25518
8489.49 2.29323
8501.5 2.33123
8513.51 2.3692
8525.53 2.40715
8537.54 2.38887
8549.55 2.36644
8561.56 2.34384
8573.57 2.32108
8585.59 2.29817
8597.6 2.27511
8609.61 2.25191
8621.62 2.22857
8633.63 2.20762
8645.65 2.1987
8657.66 2.18971
8669.67 2.18065
8681.68 2.17152
8693.69 2.16233
8705.71 2.15308
8717.72 2.14378
8729.73 2.13443
8741.74 2.13821
8753.75 2.16113
8765.77 2.1841
8777.78 2.20712
8789.79 2.2302
8801.8 2.25334
8813.81 2.27655
8825.83 2.29983
8837.84 2.32317
8849.85 2.34659
8861.86 2.37009
8873.87 2.39367
8885.89 2.41732
8897.9 2.44107
8909.91 2.4649
8921.92 2.48882
8933.93 2.51282
8945.95 2.53693
8957.96 2.56113
8969.97 2.58542
8981.98 2.60982
8993.99 2.63432
9006.01 2.65892
9018.02 2.68362
9030.03 2.70844
9042.04 2.73336
9054.05 2.75839
9066.07 2.78353
9078.08 2.80879
9090.09 2.83416
9102.1 2.85964
9114.11 2.88524
9126.13 2.91096
9138.14 2.93681
9150.15 2.96277
9162.16 2.98885
9174.17 3.01505
9186.19 3.04138
9198.2 3.06784
9210.21 3.09442
9222.22 3.12112
9234.23 3.14796
9246.25 3.17492
9258.26 3.20201
9270.27 3.22923
9282.28 3.25658
9294.29 3.28407
9306.31 3.31168
9318.32 3.33943
9330.33 3.36731
9342.34 3.39532
9354.35 3.42346
9366.37 3.45174
9378.38 3.48016
9390.39 3.5087
9402.4 3.53739
9414.41 3.56621
9426.43 3.59516
9438.44 3.62425
9450.45 3.65347
9462.46 3.68283
9474.47 3.71233
9486.49 3.74196
9498.5 3.77172
9510.51 3.80162
9522.52 3.83166
9534.53 3.86183
9546.55 3.89213
9558.56 3.92257
9570.57 3.95314
9582.58 3.98385
9594.59 4.01469
9606.61 4.04566
9618.62 4.07676
9630.63 4.10799
9642.64 4.13936
9654.65 4.17085
9666.67 4.20247
9678.68 4.23423
9690.69 4.2661
9702.7 4.29811
9714.71 4.33024
9726.73 4.36249
9738.74 4.39487
9750.75 4.42737
9762.76 4.45999
9774.77 4.49274
9786.79 4.5256
9798.8 4.55857
9810.81 4.59167
9822.82 4.62488
9834.83 4.6582
9846.85 4.69163
9858.86 4.72517
9870.87 4.75882
9882.88 4.79258
9894.89 4.82644
9906.91 4.8604
9918.92 4.89446
9930.93 4.92863
9942.94 4.96289
9954.95 4.99724
9966.97 5.03169
9978.98 5.06622
9990.99 5.10084
10003 5.13555
10015 5.17035
10027 5.20522
10039 5.24017
10051.1 5.27519
10063.1 5.31029
10075.1 5.34546
10087.1 5.38069
10099.1 5.41599
10111.1 5.45134
10123.1 5.48676
10135.1 5.52223
10147.1 5.55775
10159.2 5.59332
10171.2 5.62894
10183.2 5.66459
10195.2 5.70028
10207.2 5.73601
10219.2 5.77177
10231.2 5.80756
10243.2 5.84336
10255.3 5.87919
10267.3 5.91503
10279.3 5.95089
10291.3 5.98675
10303.3 6.02262
10315.3 6.05848
10327.3 6.09434
10339.3 6.13019
10351.4 6.16602
10363.4 6.20184
10375.4 6.23763
10387.4 6.27339
10399.4 6.30912
10411.4 6.34482
10423.4 6.38047
10435.4 6.41608
10447.4 6.45163
10459.5 6.48712
10471.5 6.52256
10483.5 6.55792
10495.5 6.59322
10507.5 6.62843
10519.5 6.66356
10531.5 6.69861
10543.5 6.73356
10555.6 6.7684
10567.6 6.80315
10579.6 6.83778
10591.6 6.87229
10603.6 6.90669
10615.6 6.94095
10627.6 6.97508
10639.6 7.00907
10651.7 7.04291
10663.7 7.0766
10675.7 7.11013
10687.7 7.1435
10699.7 7.1767
10711.7 7.20971
10723.7 7.24255
10735.7 7.2752
10747.7 7.30765
10759.8 7.3399
10771.8 7.37194
10783.8 7.40376
10795.8 7.43537
10807.8 7.46674
10819.8 7.49788
10831.8 7.52878
10843.8 7.55944
10855.9 7.58984
10867.9 7.61998
10879.9 7.64985
10891.9 7.67945
10903.9 7.72461
10915.9 7.77437
10927.9 7.82388
10939.9 7.87313
10952 7.92212
10964 7.97085
10976 8.0193
10988 8.06747
11000 8.11535
11012 8.14723
11024 8.17877
11036 8.20997
11048 8.24082
11060.1 8.27132
11072.1 8.30146
11084.1 8.33124
11096.1 8.36064
11108.1 8.39143
11120.1 8.42764
11132.1 8.46347
11144.1 8.49893
11156.2 8.53399
11168.2 8.56867
11180.2 8.60295
11192.2 8.63682
11204.2 8.67028
11216.2 8.7284
11228.2 8.8138
11240.2 8.89888
11252.3 8.98365
11264.3 9.06809
11276.3 9.1522
11288.3 9.23598
11300.3 9.31942
11312.3 9.40251
11324.3 9.40346
11336.3 9.37039
11348.3 9.33671
11360.4 9.30243
11372.4 9.26753
11384.4 9.23201
11396.4 9.19588
11408.4 9.15912
11420.4 9.12173
11432.4 9.16474
11444.4 9.21216
11456.5 9.25911
11468.5 9.3056
11480.5 9.35162
11492.5 9.39718
11504.5 9.44226
11516.5 9.48686
11528.5 9.52698
11540.5 9.54899
11552.6 9.57048
11564.6 9.59143
11576.6 9.61185
11588.6 9.63173
11600.6 9.65108
11612.6 9.66989
11624.6 9.68815
11636.6 9.70545
11648.6 9.72159
11660.7 9.73719
11672.7 9.75224
11684.7 9.76674
11696.7 9.78069
11708.7 9.79409
11720.7 9.80694
11732.7 9.81924
11744.7 9.82918
11756.8 9.83764
11768.8 9.84554
11780.8 9.85289
11792.8 9.85967
11804.8 9.86591
11816.8 9.87158
11828.8 9.8767
11840.8 9.88127
11852.9 9.88451
11864.9 9.8871
11876.9 9.88914
11888.9 9.89063
11900.9 9.89157
11912.9 9.89196
11924.9 9.89181
11936.9 9.89112
11948.9 9.89292
11961 9.91474
11973 9.93607
11985 9.95691
11997 9.97727
12009 9.99715
12021 10.0165
12033 10.0355
12045 10.0539
12057.1 10.0535
12069.1 10.0215
12081.1 9.98889
12093.1 9.95573
12105.1 9.92201
12117.1 9.88774
12129.1 9.85293
12141.1 9.81758
12153.2 9.78168
12165.2 9.70948
12177.2 9.61329
12189.2 9.51645
12201.2 9.41897
12213.2 9.32086
12225.2 9.22212
12237.2 9.12276
12249.2 9.02278
12261.3 8.92219
12273.3 8.87554
12285.3 8.83891
12297.3 8.8018
12309.3 8.76423
12321.3 8.72619
12333.3 8.6877
12345.3 8.64876
12357.4 8.60936
12369.4 8.56987
12381.4 8.53382
12393.4 8.49735
12405.4 8.46045
12417.4 8.42315
12429.4 8.38544
12441.4 8.34733
12453.5 8.30882
12465.5 8.26993
12477.5 8.22294
12489.5 8.15874
12501.5 8.09412
12513.5 8.02908
12525.5 7.96364
12537.5 7.89779
12549.5 7.83154
12561.6 7.7649
12573.6 7.69788
12585.6 7.63161
12597.6 7.56587
12609.6 7.49976
12621.6 7.4333
12633.6 7.36648
12645.6 7.29931
12657.7 7.23179
12669.7 7.16394
12681.7 7.09575
12693.7 7.04974
12705.7 7.00941
12717.7 6.96883
12729.7 6.92798
12741.7 6.88689
12753.8 6.84555
12765.8 6.80397
12777.8 6.76215
12789.8 6.71969
12801.8 6.66021
12813.8 6.60048
12825.8 6.54051
12837.8 6.48029
12849.8 6.41984
12861.9 6.35916
12873.9 6.29824
12885.9 6.23711
12897.9 6.17614
12909.9 6.11602
12921.9 6.05569
12933.9 5.99516
12945.9 5.93443
12958 5.87352
12970 5.81242
12982 5.75114
12994 5.68968
13006 5.64809
13018 5.62643
13030 5.60468
13042 5.58285
13054.1 5.56094
13066.1 5.53895
13078.1 5.51689
13090.1 5.49476
13102.1 5.47257
13114.1 5.42011
13126.1 5.35657
13138.1 5.2929
13150.2 5.22911
13162.2 5.16521
13174.2 5.10118
13186.2 5.03705
13198.2 4.9728
13210.2 4.90846
13222.2 4.84628
13234.2 4.78406
13246.2 4.72175
13258.3 4.65936
13270.3 4.59688
13282.3 4.53432
13294.3 4.47169
13306.3 4.40898
13318.3 4.35194
13330.3 4.31646
13342.3 4.28097
13354.4 4.24546
13366.4 4.20995
13378.4 4.17443
13390.4 4.13891
13402.4 4.10339
13414.4 4.06787
13426.4 4.03129
13438.4 3.99337
13450.5 3.95546
13462.5 3.91755
13474.5 3.87966
13486.5 3.84178
13498.5 3.80391
13510.5 3.76607
13522.5 3.72824
13534.5 3.69205
13546.5 3.65662
13558.6 3.62122
13570.6 3.58585
13582.6 3.55052
13594.6 3.51523
13606.6 3.47998
13618.6 3.44477
13630.6 3.4096
13642.6 3.3752
13654.7 3.34091
13666.7 3.30667
13678.7 3.27248
13690.7 3.23834
13702.7 3.20426
13714.7 3.17024
13726.7 3.13628
13738.7 3.10252
13750.8 3.06959
13762.8 3.03672
13774.8 3.00392
13786.8 2.97119
13798.8 2.93853
13810.8 2.90593
13822.8 2.87341
13834.8 2.84096
13846.8 2.80353
13858.9 2.75843
13870.9 2.71338
13882.9 2.66838
13894.9 2.62344
13906.9 2.57856
13918.9 2.53374
13930.9 2.48897
13942.9 2.44427
13955 2.39823
13967 2.35144
13979 2.3047
13991 2.25802
14003 2.21141
14015 2.16485
14027 2.11836
14039 2.07193
14051.1 2.02556
14063.1 1.96222
14075.1 1.89639
14087.1 1.83059
14099.1 1.76482
14111.1 1.69909
14123.1 1.63339
14135.1 1.56773
14147.1 1.5021
14159.2 1.44116
14171.2 1.42
14183.2 1.39895
14195.2 1.37802
14207.2 1.35719
14219.2 1.33648
14231.2 1.31589
14243.2 1.2954
14255.3 1.27504
14267.3 1.25243
14279.3 1.22532
14291.3 1.19832
14303.3 1.17143
14315.3 1.14463
14327.3 1.11795
14339.3 1.09136
14351.4 1.06489
14363.4 1.03851
14375.4 1.01114
14387.4 0.983061
14399.4 0.955089
14411.4 0.927219
14423.4 0.899453
14435.4 0.87179
14447.4 0.84423
14459.5 0.816775
14471.5 0.789422
14483.5 0.783655
14495.5 0.782925
14507.5 0.782343
14519.5 0.781908
14531.5 0.781622
14543.5 0.781484
14555.6 0.781494
14567.6 0.781652
14579.6 0.77761
14591.6 0.701125
14603.6 0.624662
14615.6 0.548221
14627.6 0.471801
14639.6 0.395404
14651.7 0.319028
14663.7 0.242674
14675.7 0.166343
14687.7 0.0960425
14699.7 0.0404744
14711.7 -0.0150379
14723.7 -0.0704944
14735.7 -0.125895
14747.7 -0.18124
14759.8 -0.236529
14771.8 -0.291762
14783.8 -0.34694
14795.8 -0.39613
14807.8 -0.439864
14819.8 -0.483524
14831.8 -0.527109
14843.8 -0.570621
14855.9 -0.614059
14867.9 -0.657424
14879.9 -0.700714
14891.9 -0.743931
14903.9 -0.795568
14915.9 -0.849739
14927.9 -0.903855
14939.9 -0.957915
14952 -1.01192
14964 -1.06587
14976 -1.11976
14988 -1.1736
15000 -1.22738
15012 -1.23267
15024 -1.23783
15036 -1.24285
15048 -1.24775
15060.1 -1.2525
15072.1 -1.25713
15084.1 -1.26163
15096.1 -1.26599
15108.1 -1.27332
15120.1 -1.29068
15132.1 -1.30793
15144.1 -1.32508
15156.2 -1.34211
15168.2 -1.35903
15180.2 -1.37584
15192.2 -1.39254
15204.2 -1.40912
15216.2 -1.44302
15228.2 -1.49602
15240.2 -1.54898
15252.3 -1.60188
15264.3 -1.65473
15276.3 -1.70752
15288.3 -1.76026
15300.3 -1.81295
15312.3 -1.86559
15324.3 -1.89206
15336.3 -1.90775
15348.3 -1.92332
15360.4 -1.93879
15372.4 -1.95415
15384.4 -1.96939
15396.4 -1.98452
15408.4 -1.99955
15420.4 -2.01446
15432.4 -2.06702
15444.4 -2.1218
15456.5 -2.17652
15468.5 -2.2312
15480.5 -2.28583
15492.5 -2.34041
15504.5 -2.39494
15516.5 -2.44943
15528.5 -2.50755
15540.5 -2.58184
15552.6 -2.65611
15564.6 -2.73036
15576.6 -2.8046
15588.6 -2.87882
15600.6 -2.95301
15612.6 -3.02719
15624.6 -3.10136
15636.6 -3.16798
15648.6 -3.22414
15660.7 -3.28026
15672.7 -3.33633
15684.7 -3.39236
15696.7 -3.44834
15708.7 -3.50427
15720.7 -3.56016
15732.7 -3.616
15744.7 -3.64485
15756.8 -3.65981
15768.8 -3.67466
15780.8 -3.68941
15792.8 -3.70404
15804.8 -3.71856
15816.8 -3.73298
15828.8 -3.74728
15840.8 -3.76147
15852.9 -3.79138
15864.9 -3.82305
15876.9 -3.85464
15888.9 -3.88615
15900.9 -3.91757
15912.9 -3.9489
15924.9 -3.98015
15936.9 -4.01132
15948.9 -4.04943
15961 -4.13498
15973 -4.22053
15985 -4.30608
15997 -4.39162
16009 -4.47716
16021 -4.5627
16033 -4.64823
16045 -4.73375
16057.1 -4.80378
16069.1 -4.84752
16081.1 -4.89119
16093.1 -4.93479
16105.1 -4.97832
16117.1 -5.02178
16129.1 -5.06517
16141.1 -5.1085
16153.2 -5.15175
16165.2 -5.2099
16177.2 -5.27777
16189.2 -5.34562
16201.2 -5.41343
16213.2 -5.4812
16225.2 -5.54894
16237.2 -5.61665
16249.2 -5.68432
16261.3 -5.75196
16273.3 -5.79736
16285.3 -5.83843
16297.3 -5.87942
16309.3 -5.92033
16321.3 -5.96117
16333.3 -6.00194
16345.3 -6.04262
16357.4 -6.08323
16369.4 -6.11452
16381.4 -6.0403
16393.4 -5.96583
16405.4 -5.89112
16417.4 -5.81616
16429.4 -5.74096
16441.4 -5.6655
16453.5 -5.5898
16465.5 -5.51386
16477.5 -5.48497
16489.5 -5.55911
16501.5 -5.63322
16513.5 -5.7073
16525.5 -5.78135
16537.5 -5.85537
16549.5 -5.92936
16561.6 -6.00331
16573.6 -6.07724
16585.6 -6.14816
16597.6 -6.21667
16609.6 -6.28515
16621.6 -6.35358
16633.6 -6.42198
16645.6 -6.49033
16657.7 -6.55864
16669.7 -6.6269
16681.7 -6.69512
16693.7 -6.7963
16705.7 -6.90624
16717.7 -7.0162
16729.7 -7.12617
16741.7 -7.23616
16753.8 -7.34616
16765.8 -7.45618
16777.8 -7.56621
16789.8 -7.67411
16801.8 -7.69507
16813.8 -7.71592
16825.8 -7.73666
16837.8 -7.75728
16849.8 -7.77778
16861.9 -7.79817
16873.9 -7.81844
16885.9 -7.83859
16897.9 -7.82992
16909.9 -7.74193
16921.9 -7.65367
16933.9 -7.56514
16945.9 -7.47633
16958 -7.38725
16970 -7.2979
16982 -7.20827
16994 -7.11837
17006 -7.0766
17018 -7.08307
17030 -7.08939
17042 -7.09558
17054.1 -7.10163
17066.1 -7.10753
17078.1 -7.1133
17090.1 -7.11893
17102.1 -7.12441
17114.1 -7.1116
17126.1 -7.09203
17138.1 -7.07228
17150.2 -7.05236
17162.2 -7.03225
17174.2 -7.01197
17186.2 -6.99151
17198.2 -6.97087
17210.2 -6.95005
17222.2 -6.98834
17234.2 -7.02799
17246.2 -7.06755
17258.3 -7.10701
17270.3 -7.14637
17282.3 -7.18564
17294.3 -7.2248
17306.3 -7.26388
17318.3 -7.27653
17330.3 -7.18976
17342.3 -7.10272
17354.4 -7.01541
17366.4 -6.92782
17378.4 -6.83996
17390.4 -6.75182
17402.4 -6.66341
17414.4 -6.57472
17426.4 -6.54395
17438.4 -6.58606
17450.5 -6.62808
17462.5 -6.67
17474.5 -6.71182
17486.5 -6.75355
17498.5 -6.79518
17510.5 -6.83672
17522.5 -6.87815
17534.5 -6.88813
17546.5 -6.88357
17558.6 -6.87884
17570.6 -6.87396
17582.6 -6.86891
17594.6 -6.8637
17606.6 -6.85833
17618.6 -6.85279
17630.6 -6.84709
17642.6 -6.93806
17654.7 -7.03751
17666.7 -7.13694
17678.7 -7.23635
17690.7 -7.33573
17702.7 -7.43509
17714.7 -7.53443
17726.7 -7.63375
17738.7 -7.72668
17750.8 -7.78644
17762.8 -7.84612
17774.8 -7.90573
17786.8 -7.96526
17798.8 -8.02471
17810.8 -8.08408
17822.8 -8.14338
17834.8 -8.2026
17846.8 -8.24503
17858.9 -8.26177
17870.9 -8.27837
17882.9 -8.29484
17894.9 -8.31117
17906.9 -8.32737
17918.9 -8.34343
17930.9 -8.35935
17942.9 -8.37514
17955 -8.39079
17967 -8.4063
17979 -8.42168
17991 -8.43692
18003 -8.45202
18015 -8.46698
18027 -8.48181
18039 -8.49649
18051.1 -8.51104
18063.1 -8.52545
18075.1 -8.53973
18087.1 -8.55386
18099.1 -8.56786
18111.1 -8.58171
18123.1 -8.59543
18135.1 -8.60901
18147.1 -8.62245
18159.2 -8.63575
18171.2 -8.64892
18183.2 -8.66194
18195.2 -8.67482
18207.2 -8.68757
18219.2 -8.70017
18231.2 -8.71264
18243.2 -8.72497
18255.3 -8.73716
18267.3 -8.7492
18279.3 -8.76111
18291.3 -8.77288
18303.3 -8.78451
18315.3 -8.796
18327.3 -8.80736
18339.3 -8.81857
18351.4 -8.82964
18363.4 -8.84057
18375.4 -8.85137
18387.4 -8.86202
18399.4 -8.87254
18411.4 -8.88291
18423.4 -8.89315
18435.4 -8.90325
18447.4 -8.91321
18459.5 -8.92303
18471.5 -8.93271
18483.5 -8.94225
18495.5 -8.95166
18507.5 -8.96092
18519.5 -8.97005
18531.5 -8.97904
18543.5 -8.98789
18555.6 -8.9966
18567.6 -9.00518
18579.6 -9.01362
18591.6 -9.02192
18603.6 -9.03008
18615.6 -9.0381
18627.6 -9.04599
18639.6 -9.05374
18651.7 -9.06136
18663.7 -9.06884
18675.7 -9.07618
18687.7 -9.08338
18699.7 -9.09045
18711.7 -9.09739
18723.7 -9.10419
18735.7 -9.11085
18747.7 -9.11738
18759.8 -9.12377
18771.8 -9.13003
18783.8 -9.13615
18795.8 -9.14214
18807.8 -9.148
18819.8 -9.15372
18831.8 -9.15931
18843.8 -9.16477
18855.9 -9.17009
18867.9 -9.17529
18879.9 -9.18035
18891.9 -9.18527
18903.9 -9.19007
18915.9 -9.19474
18927.9 -9.19927
18939.9 -9.20367
18952 -9.20795
18964 -9.21209
18976 -9.21611
18988 -9.21999
19000 -9.22375
