7000 -0.815842
7012.01 -0.860863
7024.02 -0.908341
7036.04 -0.95842
7048.05 -1.01125
7060.06 -1.06699
7072.07 -1.1258
7084.08 -1.18786
7096.1 -1.25334
7108.11 -1.32241
7120.12 -1.39527
7132.13 -1.47209
7144.14 -1.55307
7156.16 -1.63838
7168.17 -1.72819
7180.18 -1.82266
7192.19 -1.92194
7204.2 -2.02614
7216.22 -2.13535
7228.23 -2.24961
7240.24 -2.36891
7252.25 -2.49318
7264.26 -2.62228
7276.28 -2.75595
7288.29 -2.89384
7300.3 -3.03549
7312.31 -3.18025
7324.32 -3.32737
7336.34 -3.47588
7348.35 -3.62467
7360.36 -3.77242
7372.37 -3.91764
7384.38 -4.05869
7396.4 -4.19375
7408.41 -4.32093
7420.42 -4.43827
7432.43 -4.54381
7444.44 -4.63567
7456.46 -4.71211
7468.47 -4.7716
7480.48 -4.80019
7492.49 -4.79993
7504.5 -4.78008
7516.52 -4.74058
7528.53 -4.68181
7540.54 -4.60452
7552.55 -4.50983
7564.56 -4.39918
7576.58 -4.27422
7588.59 -4.16933
7600.6 -4.06198
7612.61 -3.94609
7624.62 -3.82352
7636.64 -3.69605
7648.65 -3.56533
7660.66 -3.43287
7672.67 -3.29999
7684.68 -3.16784
7696.7 -3.03753
7708.71 -2.90973
7720.72 -2.78512
7732.73 -2.6642
7744.74 -2.54737
7756.76 -2.43493
7768.77 -2.32705
7780.78 -2.22385
7792.79 -2.13258
7804.8 -2.06492
7816.82 -2.002
7828.83 -1.94375
7840.84 -1.89004
7852.85 -1.84075
7864.86 -1.79573
7876.88 -1.75482
7888.89 -1.71785
7900.9 -1.62462
7912.91 -1.4777
7924.92 -1.33387
7936.94 -1.19297
7948.95 -1.05484
7960.96 -0.919324
7972.97 -0.786276
7984.98 -0.655554
7997 -0.52702
8009.01 -0.453369
8021.02 -0.399446
8033.03 -0.34755
8045.05 -0.297569
8057.06 -0.249398
8069.07 -0.202936
8081.08 -0.158088
8093.09 -0.114765
8105.11 -0.0728821
8117.12 -0.0123764
8129.13 0.0471645
8141.14 0.105551
8153.15 0.16285
8165.17 0.219124
8177.18 0.274434
8189.19 0.328834
8201.2 0.382379
8213.21 0.431276
8225.23 0.466027
8237.24 0.500014
8249.25 0.533277
8261.26 0.565857
8273.27 0.59779
8285.29 0.629113
8297.3 0.659859
8309.31 0.690058
8321.32 0.708839
8333.33 0.714308
8345.35 0.719247
8357.36 0.723682
8369.37 0.727637
8381.38 0.731135
8393.39 0.734198
8405.41 0.736845
8417.42 0.739096
8429.43 0.804532
8441.44 0.897383
8453.45 0.990151
8465.47 1.08285
8477.48 1.1755
8489.49 1.26811
8501.5 1.3607
8513.51 1.45327
8525.53 1.54585
8537.54 1.50575
8549.55 1.45588
8561.56 1.40565
8573.57 1.35507
8585.59 1.30414
8597.6 1.25288
8609.61 1.2013
8621.62 1.1494
8633.63 1.09286
8645.65 1.01498
8657.66 0.936747
8669.67 0.858156
8681.68 0.779217
8693.69 0.699937
8705.71 0.620323
8717.72 0.540381
8729.73 0.460117
8741.74 0.418627
8753.75 0.433716
8765.77 0.448764
8777.78 0.463776
8789.79 0.478756
8801.8 0.493711
8813.81 0.508644
8825.83 0.523561
8837.84 0.538465
8849.85 0.553362
8861.86 0.568256
8873.87 0.58315
8885.89 0.598049
8897.9 0.612956
8909.91 0.627876
8921.92 0.642811
8933.93 0.657766
8945.95 0.672745
8957.96 0.68775
8969.97 0.702784
8981.98 0.717852
8993.99 0.732956
9006.01 0.748099
9018.02 0.763284
9030.03 0.778515
9042.04 0.793793
9054.05 0.809123
9066.07 0.824506
9078.08 0.839946
9090.09 0.855444
9102.1 0.871005
9114.11 0.88663
9126.13 0.902321
9138.14 0.918082
9150.15 0.933914
9162.16 0.949821
9174.17 0.965804
9186.19 0.981865
9198.2 0.998008
9210.21 1.01423
9222.22 1.03054
9234.23 1.04694
9246.25 1.06343
9258.26 1.08001
9270.27 1.09669
9282.28 1.11346
9294.29 1.13033
9306.31 1.1473
9318.32 1.16437
9330.33 1.18155
9342.34 1.19883
9354.35 1.21622
9366.37 1.23372
9378.38 1.25133
9390.39 1.26906
9402.4 1.2869
9414.41 1.30486
9426.43 1.32293
9438.44 1.34113
9450.45 1.35946
9462.46 1.3779
9474.47 1.39648
9486.49 1.41518
9498.5 1.43401
9510.51 1.45297
9522.52 1.47207
9534.53 1.4913
9546.55 1.51067
9558.56 1.53018
9570.57 1.54983
9582.58 1.56962
9594.59 1.58955
9606.61 1.60963
9618.62 1.62985
9630.63 1.65022
9642.64 1.67074
9654.65 1.69142
9666.67 1.71224
9678.68 1.73322
9690.69 1.75436
9702.7 1.77565
9714.71 1.7971
9726.73 1.81871
9738.74 1.84048
9750.75 1.86242
9762.76 1.88452
9774.77 1.90678
9786.79 1.92922
9798.8 1.95182
9810.81 1.97459
9822.82 1.99753
9834.83 2.02065
9846.85 2.04393
9858.86 2.0674
9870.87 2.09103
9882.88 2.11485
9894.89 2.13884
9906.91 2.16302
9918.92 2.18737
9930.93 2.21191
9942.94 2.23663
9954.95 2.26153
9966.97 2.28662
9978.98 2.31189
9990.99 2.33735
10003 2.363
10015 2.38884
10027 2.41486
10039 2.44108
10051.1 2.46748
10063.1 2.49408
10075.1 2.52087
10087.1 2.54786
10099.1 2.57503
10111.1 2.6024
10123.1 2.62997
10135.1 2.65773
10147.1 2.68568
10159.2 2.71384
10171.2 2.74218
10183.2 2.77073
10195.2 2.79947
10207.2 2.82841
10219.2 2.85754
10231.2 2.88687
10243.2 2.9164
10255.3 2.94612
10267.3 2.97605
10279.3 3.00616
10291.3 3.03648
10303.3 3.06699
10315.3 3.09769
10327.3 3.12859
10339.3 3.15968
10351.4 3.19097
10363.4 3.22245
10375.4 3.25412
10387.4 3.28598
10399.4 3.31804
10411.4 3.35028
10423.4 3.38271
10435.4 3.41532
10447.4 3.44812
10459.5 3.4811
10471.5 3.51427
10483.5 3.54762
10495.5 3.58114
10507.5 3.61484
10519.5 3.64872
10531.5 3.68277
10543.5 3.71699
10555.6 3.75137
10567.6 3.78592
10579.6 3.82064
10591.6 3.85551
10603.6 3.89055
10615.6 3.92573
10627.6 3.96107
10639.6 3.99656
10651.7 4.03219
10663.7 4.06796
10675.7 4.10387
10687.7 4.13992
10699.7 4.17609
10711.7 4.21239
10723.7 4.24882
10735.7 4.28535
10747.7 4.32201
10759.8 4.35877
10771.8 4.39563
10783.8 4.43259
10795.8 4.46965
10807.8 4.50679
10819.8 4.54402
10831.8 4.58132
10843.8 4.6187
10855.9 4.65613
10867.9 4.69363
10879.9 4.73118
10891.9 4.76878
10903.9 4.82445
10915.9 4.88569
10927.9 4.94702
10939.9 5.00841
10952 5.06987
10964 5.13138
10976 5.19294
10988 5.25454
11000 5.31618
11012 5.36199
11024 5.40779
11036 5.45356
11048 5.4993
11060.1 5.54499
11072.1 5.59062
11084.1 5.6362
11096.1 5.6817
11108.1 5.72801
11120.1 5.77713
11132.1 5.82616
11144.1 5.87509
11156.2 5.92391
11168.2 5.97261
11180.2 6.02117
11192.2 6.06959
11204.2 6.11786
11216.2 6.16279
11228.2 6.20402
11240.2 6.24506
11252.3 6.28588
11264.3 6.32648
11276.3 6.36685
11288.3 6.40698
11300.3 6.44685
11312.3 6.48645
11324.3 6.52396
11336.3 6.56044
11348.3 6.59661
11360.4 6.63247
11372.4 6.66799
11384.4 6.70317
11396.4 6.73799
11408.4 6.77245
11420.4 6.80653
11432.4 6.87242
11444.4 6.9399
11456.5 7.00705
11468.5 7.07384
11480.5 7.14026
11492.5 7.20631
11504.5 7.27197
11516.5 7.33723
11528.5 7.40144
11540.5 7.4624
11552.6 7.52292
11564.6 7.58299
11576.6 7.64259
11588.6 7.70172
11600.6 7.76036
11612.6 7.8185
11624.6 7.87614
11636.6 7.91815
11648.6 7.93865
11660.7 7.95853
11672.7 7.9778
11684.7 7.99643
11696.7 8.01442
11708.7 8.03176
11720.7 8.04844
11732.7 8.06445
11744.7 8.07165
11756.8 8.07398
11768.8 8.07559
11780.8 8.07647
11792.8 8.07662
11804.8 8.07603
11816.8 8.0747
11828.8 8.0726
11840.8 8.06975
11852.9 8.09263
11864.9 8.11789
11876.9 8.14244
11888.9 8.16627
11900.9 8.18936
11912.9 8.21173
11924.9 8.23337
11936.9 8.25426
11948.9 8.27266
11961 8.27842
11973 8.28341
11985 8.28763
11997 8.29107
12009 8.29372
12021 8.2956
12033 8.29669
12045 8.29701
12057.1 8.29514
12069.1 8.29011
12081.1 8.28429
12093.1 8.27768
12105.1 8.27029
12117.1 8.26212
12129.1 8.25316
12141.1 8.24343
12153.2 8.23292
12165.2 8.20665
12177.2 8.16978
12189.2 8.13209
12201.2 8.09359
12213.2 8.05429
12225.2 8.01419
12237.2 7.97329
12249.2 7.9316
12261.3 7.88912
12273.3 7.85056
12285.3 7.81214
12297.3 7.77297
12309.3 7.73304
12321.3 7.69237
12333.3 7.65097
12345.3 7.60884
12357.4 7.566
12369.4 7.52401
12381.4 7.4992
12393.4 7.47375
12405.4 7.44764
12417.4 7.42089
12429.4 7.39351
12441.4 7.36551
12453.5 7.33689
12465.5 7.30767
12477.5 7.26839
12489.5 7.20785
12501.5 7.14667
12513.5 7.08487
12525.5 7.02245
12537.5 6.95943
12549.5 6.89582
12561.6 6.83162
12573.6 6.76685
12585.6 6.69348
12597.6 6.61313
12609.6 6.53221
12621.6 6.45073
12633.6 6.3687
12645.6 6.28613
12657.7 6.20303
12669.7 6.11941
12681.7 6.03528
12693.7 6.00347
12705.7 5.9853
12717.7 5.96677
12729.7 5.9479
12741.7 5.92871
12753.8 5.90919
12765.8 5.88936
12777.8 5.86923
12789.8 5.8477
12801.8 5.78123
12813.8 5.71441
12825.8 5.64724
12837.8 5.57973
12849.8 5.5119
12861.9 5.44374
12873.9 5.37527
12885.9 5.3065
12897.9 5.24015
12909.9 5.18101
12921.9 5.12162
12933.9 5.06198
12945.9 5.00211
12958 4.942
12970 4.88167
12982 4.82112
12994 4.76037
13006 4.72614
13018 4.7185
13030 4.71078
13042 4.70298
13054.1 4.69511
13066.1 4.68719
13078.1 4.6792
13090.1 4.67117
13102.1 4.6631
13114.1 4.61173
13126.1 4.54455
13138.1 4.47724
13150.2 4.40981
13162.2 4.34226
13174.2 4.27459
13186.2 4.20683
13198.2 4.13896
13210.2 4.071
13222.2 4.01691
13234.2 3.9631
13246.2 3.90924
13258.3 3.85534
13270.3 3.80139
13282.3 3.74741
13294.3 3.69339
13306.3 3.63935
13318.3 3.58767
13330.3 3.54501
13342.3 3.50236
13354.4 3.45972
13366.4 3.41708
13378.4 3.37447
13390.4 3.33187
13402.4 3.2893
13414.4 3.24676
13426.4 3.20694
13438.4 3.17055
13450.5 3.1342
13462.5 3.09791
13474.5 3.06167
13486.5 3.02548
13498.5 2.98936
13510.5 2.95329
13522.5 2.91729
13534.5 2.88054
13546.5 2.84348
13558.6 2.8065
13570.6 2.76958
13582.6 2.73274
13594.6 2.69597
13606.6 2.65927
13618.6 2.62265
13630.6 2.58611
13642.6 2.55218
13654.7 2.51855
13666.7 2.48501
13678.7 2.45156
13690.7 2.4182
13702.7 2.38493
13714.7 2.35176
13726.7 2.31867
13738.7 2.28532
13750.8 2.25017
13762.8 2.21512
13774.8 2.18015
13786.8 2.14529
13798.8 2.11051
13810.8 2.07583
13822.8 2.04125
13834.8 2.00677
13846.8 1.96883
13858.9 1.92555
13870.9 1.88235
13882.9 1.83924
13894.9 1.79621
13906.9 1.75326
13918.9 1.7104
13930.9 1.66761
13942.9 1.62492
13955 1.58509
13967 1.547
13979 1.50899
13991 1.47108
14003 1.43326
14015 1.39553
14027 1.35789
14039 1.32035
14051.1 1.28289
14063.1 1.22686
14075.1 1.16812
14087.1 1.10943
14099.1 1.0508
14111.1 0.992221
14123.1 0.933693
14135.1 0.875217
14147.1 0.816792
14159.2 0.760394
14171.2 0.720932
14183.2 0.681552
14195.2 0.642255
14207.2 0.603038
14219.2 0.563903
14231.2 0.524848
14243.2 0.485874
14255.3 0.446979
14267.3 0.409617
14279.3 0.375179
14291.3 0.340827
14303.3 0.306559
14315.3 0.272376
14327.3 0.238277
14339.3 0.204261
14351.4 0.170329
14363.4 0.136478
14375.4 0.115278
14387.4 0.103263
14399.4 0.091365
14411.4 0.0795835
14423.4 0.067918
14435.4 0.056368
14447.4 0.0449331
14459.5 0.0336127
14471.5 0.0224064
14483.5 -0.0169442
14495.5 -0.0626706
14507.5 -0.108342
14519.5 -0.153959
14531.5 -0.199521
14543.5 -0.24503
14555.6 -0.290485
14567.6 -0.335888
14579.6 -0.381274
14591.6 -0.427203
14603.6 -0.473081
14615.6 -0.518909
14627.6 -0.564687
14639.6 -0.610416
14651.7 -0.656095
14663.7 -0.701725
14675.7 -0.747307
14687.7 -0.791741
14699.7 -0.833438
14711.7 -0.875081
14723.7 -0.916671
14735.7 -0.958206
14747.7 -0.999688
14759.8 -1.04112
14771.8 -1.08249
14783.8 -1.12382
14795.8 -1.16301
14807.8 -1.20025
14819.8 -1.23744
14831.8 -1.27456
14843.8 -1.31163
14855.9 -1.34864
14867.9 -1.38559
14879.9 -1.42248
14891.9 -1.45931
14903.9 -1.50005
14915.9 -1.54194
14927.9 -1.58378
14939.9 -1.62557
14952 -1.66731
14964 -1.70899
14976 -1.75063
14988 -1.79221
15000 -1.83374
15012 -1.84425
15024 -1.85464
15036 -1.86494
15048 -1.87513
15060.1 -1.88522
15072.1 -1.89521
15084.1 -1.90509
15096.1 -1.91487
15108.1 -1.9329
15120.1 -1.97825
15132.1 -2.02354
15144.1 -2.06879
15156.2 -2.11399
15168.2 -2.15914
15180.2 -2.20423
15192.2 -2.24928
15204.2 -2.29427
15216.2 -2.33776
15228.2 -2.37959
15240.2 -2.42137
15252.3 -2.46308
15264.3 -2.50474
15276.3 -2.54633
15288.3 -2.58785
15300.3 -2.62931
15312.3 -2.67071
15324.3 -2.71638
15336.3 -2.76376
15348.3 -2.81109
15360.4 -2.85835
15372.4 -2.90555
15384.4 -2.95269
15396.4 -2.99977
15408.4 -3.04678
15420.4 -3.09373
15432.4 -3.10727
15444.4 -3.11869
15456.5 -3.12999
15468.5 -3.14117
15480.5 -3.15221
15492.5 -3.16313
15504.5 -3.17391
15516.5 -3.18456
15528.5 -3.1973
15540.5 -3.21963
15552.6 -3.24184
15564.6 -3.26393
15576.6 -3.28591
15588.6 -3.30776
15600.6 -3.32948
15612.6 -3.35108
15624.6 -3.37255
15636.6 -3.42539
15648.6 -3.52181
15660.7 -3.61821
15672.7 -3.7146
15684.7 -3.81096
15696.7 -3.9073
15708.7 -4.00361
15720.7 -4.0999
15732.7 -4.19616
15744.7 -4.25773
15756.8 -4.30145
15768.8 -4.34506
15780.8 -4.38856
15792.8 -4.43193
15804.8 -4.47519
15816.8 -4.51832
15828.8 -4.56132
15840.8 -4.6042
15852.9 -4.61522
15864.9 -4.62233
15876.9 -4.62926
15888.9 -4.63599
15900.9 -4.64254
15912.9 -4.64889
15924.9 -4.65505
15936.9 -4.66101
15948.9 -4.66414
15961 -4.64934
15973 -4.6343
15985 -4.61903
15997 -4.60351
16009 -4.58776
16021 -4.57176
16033 -4.55551
16045 -4.53901
16057.1 -4.53414
16069.1 -4.54918
16081.1 -4.56401
16093.1 -4.57863
16105.1 -4.59303
16117.1 -4.60723
16129.1 -4.6212
16141.1 -4.63496
16153.2 -4.64849
16165.2 -4.69964
16177.2 -4.77537
16189.2 -4.85095
16201.2 -4.9264
16213.2 -5.00172
16225.2 -5.07688
16237.2 -5.15191
16249.2 -5.22679
16261.3 -5.30152
16273.3 -5.36338
16285.3 -5.42261
16297.3 -5.48168
16309.3 -5.54056
16321.3 -5.59926
16333.3 -5.65777
16345.3 -5.7161
16357.4 -5.77425
16369.4 -5.82593
16381.4 -5.80592
16393.4 -5.78561
16405.4 -5.76499
16417.4 -5.74405
16429.4 -5.7228
16441.4 -5.70124
16453.5 -5.67935
16465.5 -5.65715
16477.5 -5.64818
16489.5 -5.66845
16501.5 -5.68847
16513.5 -5.70822
16525.5 -5.7277
16537.5 -5.74692
16549.5 -5.76587
16561.6 -5.78454
16573.6 -5.80295
16585.6 -5.86455
16597.6 -5.96058
16609.6 -6.05646
16621.6 -6.15216
16633.6 -6.24771
16645.6 -6.34308
16657.7 -6.43829
16669.7 -6.53332
16681.7 -6.62819
16693.7 -6.7245
16705.7 -6.82108
16717.7 -6.91749
16729.7 -7.01372
16741.7 -7.10978
16753.8 -7.20567
16765.8 -7.30138
16777.8 -7.39691
16789.8 -7.48843
16801.8 -7.42444
16813.8 -7.36003
16825.8 -7.29522
16837.8 -7.23001
16849.8 -7.16438
16861.9 -7.09835
16873.9 -7.0319
16885.9 -6.96505
16897.9 -6.94566
16909.9 -7.05796
16921.9 -7.17011
16933.9 -7.28211
16945.9 -7.39395
16958 -7.50563
16970 -7.61716
16982 -7.72853
16994 -7.83975
17006 -7.8756
17018 -7.83591
17030 -7.79585
17042 -7.75543
17054.1 -7.71464
17066.1 -7.67349
17078.1 -7.63197
17090.1 -7.59008
17102.1 -7.54783
17114.1 -7.4598
17126.1 -7.35486
17138.1 -7.24947
17150.2 -7.14363
17162.2 -7.03735
17174.2 -6.93061
17186.2 -6.82343
17198.2 -6.71581
17210.2 -6.60774
17222.2 -6.60029
17234.2 -6.59504
17246.2 -6.58949
17258.3 -6.58364
17270.3 -6.57751
17282.3 -6.57107
17294.3 -6.56435
17306.3 -6.55733
17318.3 -6.51233
17330.3 -6.32478
17342.3 -6.13669
17354.4 -5.94807
17366.4 -5.75891
17378.4 -5.56922
17390.4 -5.379
17402.4 -5.18826
17414.4 -4.99698
17426.4 -4.90724
17438.4 -4.94529
17450.5 -4.98314
17462.5 -5.02079
17474.5 -5.05823
17486.5 -5.09548
17498.5 -5.13253
17510.5 -5.16939
17522.5 -5.20605
17534.5 -5.24646
17546.5 -5.28849
17558.6 -5.33033
17570.6 -5.37201
17582.6 -5.41351
17594.6 -5.45483
17606.6 -5.49599
17618.6 -5.53698
17630.6 -5.5778
17642.6 -5.48179
17654.7 -5.37342
17666.7 -5.26469
17678.7 -5.15561
17690.7 -5.04616
17702.7 -4.93636
17714.7 -4.82621
17726.7 -4.71572
17738.7 -4.65462
17750.8 -4.8519
17762.8 -5.04926
17774.8 -5.24669
17786.8 -5.44421
17798.8 -5.64181
17810.8 -5.83949
17822.8 -6.03726
17834.8 -6.23512
17846.8 -6.35115
17858.9 -6.34171
17870.9 -6.33209
17882.9 -6.32229
17894.9 -6.31232
17906.9 -6.30216
17918.9 -6.29184
17930.9 -6.28135
17942.9 -6.27069
17955 -6.25987
17967 -6.24888
17979 -6.23774
17991 -6.22644
18003 -6.21499
18015 -6.20338
18027 -6.19163
18039 -6.17973
18051.1 -6.16768
18063.1 -6.1555
18075.1 -6.14317
18087.1 -6.13071
18099.1 -6.11812
18111.1 -6.10539
18123.1 -6.09253
18135.1 -6.07955
18147.1 -6.06645
18159.2 -6.05322
18171.2 -6.03987
18183.2 -6.02641
18195.2 -6.01283
18207.2 -5.99914
18219.2 -5.98534
18231.2 -5.97143
18243.2 -5.95741
18255.3 -5.9433
18267.3 -5.92908
18279.3 -5.91477
18291.3 -5.90036
18303.3 -5.88586
18315.3 -5.87126
18327.3 -5.85658
18339.3 -5.84181
18351.4 -5.82695
18363.4 -5.81202
18375.4 -5.797
18387.4 -5.7819
18399.4 -5.76673
18411.4 -5.75149
18423.4 -5.73617
18435.4 -5.72079
18447.4 -5.70533
18459.5 -5.68982
18471.5 -5.67423
18483.5 -5.65859
18495.5 -5.64289
18507.5 -5.62713
18519.5 -5.61131
18531.5 -5.59544
18543.5 -5.57953
18555.6 -5.56356
18567.6 -5.54754
18579.6 -5.53147
18591.6 -5.51537
18603.6 -5.49922
18615.6 -5.48303
18627.6 -5.4668
18639.6 -5.45053
18651.7 -5.43423
18663.7 -5.4179
18675.7 -5.40153
18687.7 -5.38514
18699.7 -5.36871
18711.7 -5.35226
18723.7 -5.33578
18735.7 -5.31928
18747.7 -5.30276
18759.8 -5.28622
18771.8 -5.26966
18783.8 -5.25308
18795.8 -5.23648
18807.8 -5.21987
18819.8 -5.20325
18831.8 -5.18661
18843.8 -5.16997
18855.9 -5.15331
18867.9 -5.13665
18879.9 -5.11998
18891.9 -5.10331
18903.9 -5.08664
18915.9 -5.06996
18927.9 -5.05328
18939.9 -5.0366
18952 -5.01992
18964 -5.00324
18976 -4.98657
18988 -4.96991
19000 -4.95324
