7000 -4.91315
7012.01 -5.06844
7024.02 -5.22712
7036.04 -5.389
7048.05 -5.55387
7060.06 -5.72145
7072.07 -5.89145
7084.08 -6.0635
7096.1 -6.2372
7108.11 -6.41207
7120.12 -6.58761
7132.13 -6.76323
7144.14 -6.93832
7156.16 -7.11217
7168.17 -7.28406
7180.18 -7.45319
7192.19 -7.61873
7204.2 -7.7798
7216.22 -7.93549
7228.23 -8.08488
7240.24 -8.22702
7252.25 -8.36098
7264.26 -8.48581
7276.28 -8.60064
7288.29 -8.70459
7300.3 -8.79687
7312.31 -8.87674
7324.32 -8.94358
7336.34 -8.99682
7348.35 -9.03605
7360.36 -9.06093
7372.37 -9.07129
7384.38 -9.06705
7396.4 -9.04828
7408.41 -9.01517
7420.42 -8.96804
7432.43 -8.90732
7444.44 -8.83353
7456.46 -8.74732
7468.47 -8.64939
7480.48 -8.54467
7492.49 -8.43302
7504.5 -8.31216
7516.52 -8.18297
7528.53 -8.04637
7540.54 -7.90327
7552.55 -7.75454
7564.56 -7.60106
7576.58 -7.44366
7588.59 -7.33129
7600.6 -7.22858
7612.61 -7.12441
7624.62 -7.01944
7636.64 -6.91428
7648.65 -6.80948
7660.66 -6.70554
7672.67 -6.60292
7684.68 -6.49607
7696.7 -6.24681
7708.71 -5.99946
7720.72 -5.75428
7732.73 -5.51149
7744.74 -5.27128
7756.76 -5.03381
7768.77 -4.79921
7780.78 -4.56756
7792.79 -4.36004
7804.8 -4.21091
7816.82 -4.06513
7828.83 -3.92271
7840.84 -3.78364
7852.85 -3.64791
7864.86 -3.5155
7876.88 -3.38635
7888.89 -3.26043
7900.9 -3.13138
7912.91 -2.9994
7924.92 -2.87044
7936.94 -2.74442
7948.95 -2.62127
7960.96 -2.50092
7972.97 -2.38329
7984.98 -2.2683
7997 -2.15588
8009.01 -2.03746
8021.02 -1.91859
8033.03 -1.80202
8045.05 -1.68768
8057.06 -1.5755
8069.07 -1.46539
8081.08 -1.35728
8093.09 -1.25112
8105.11 -1.14682
8117.12 -1.09604
8129.13 -1.04782
8141.14 -1.00144
8153.15 -0.95681
8165.17 -0.91389
8177.18 -0.872614
8189.19 -0.832928
8201.2 -0.794776
8213.21 -0.764062
8225.23 -0.755537
8237.24 -0.748471
8249.25 -0.742817
8261.26 -0.738527
8273.27 -0.735558
8285.29 -0.733866
8297.3 -0.733411
8309.31 -0.734152
8321.32 -0.722519
8333.33 -0.69609
8345.35 -0.670661
8357.36 -0.646197
8369.37 -0.622665
8381.38 -0.600032
8393.39 -0.578267
8405.41 -0.557341
8417.42 -0.537225
8429.43 -0.524497
8441.44 -0.51541
8453.45 -0.507079
8465.47 -0.49948
8477.48 -0.492587
8489.49 -0.486379
8501.5 -0.480832
8513.51 -0.475925
8525.53 -0.471638
8537.54 -0.463685
8549.55 -0.455997
8561.56 -0.448858
8573.57 -0.442248
8585.59 -0.43615
8597.6 -0.430548
8609.61 -0.425424
8621.62 -0.420764
8633.63 -0.417972
8645.65 -0.422521
8657.66 -0.427511
8669.67 -0.43293
8681.68 -0.438762
8693.69 -0.444997
8705.71 -0.45162
8717.72 -0.45862
8729.73 -0.465986
8741.74 -0.460512
8753.75 -0.436182
8765.77 -0.412095
8777.78 -0.388241
8789.79 -0.364609
8801.8 -0.341189
8813.81 -0.317972
8825.83 -0.294949
8837.84 -0.272111
8849.85 -0.249448
8861.86 -0.226953
8873.87 -0.204617
8885.89 -0.182432
8897.9 -0.16039
8909.91 -0.138483
8921.92 -0.116705
8933.93 -0.0950476
8945.95 -0.073504
8957.96 -0.0520672
8969.97 -0.0307306
8981.98 -0.00948757
8993.99 0.0116683
9006.01 0.0327431
9018.02 0.0537432
9030.03 0.0746744
9042.04 0.0955426
9054.05 0.116353
9066.07 0.137113
9078.08 0.157825
9090.09 0.178497
9102.1 0.199134
9114.11 0.21974
9126.13 0.24032
9138.14 0.26088
9150.15 0.281424
9162.16 0.301957
9174.17 0.322484
9186.19 0.343009
9198.2 0.363537
9210.21 0.384073
9222.22 0.40462
9234.23 0.425182
9246.25 0.445765
9258.26 0.466373
9270.27 0.487008
9282.28 0.507676
9294.29 0.528381
9306.31 0.549126
9318.32 0.569915
9330.33 0.590752
9342.34 0.61164
9354.35 0.632584
9366.37 0.653588
9378.38 0.674654
9390.39 0.695786
9402.4 0.716988
9414.41 0.738264
9426.43 0.759617
9438.44 0.78105
9450.45 0.802566
9462.46 0.82417
9474.47 0.845864
9486.49 0.867652
9498.5 0.889537
9510.51 0.911523
9522.52 0.933611
9534.53 0.955807
9546.55 0.978112
9558.56 1.00053
9570.57 1.02307
9582.58 1.04572
9594.59 1.0685
9606.61 1.0914
9618.62 1.11443
9630.63 1.13759
9642.64 1.16089
9654.65 1.18432
9666.67 1.20789
9678.68 1.23161
9690.69 1.25548
9702.7 1.27949
9714.71 1.30366
9726.73 1.32798
9738.74 1.35246
9750.75 1.3771
9762.76 1.4019
9774.77 1.42687
9786.79 1.45201
9798.8 1.47733
9810.81 1.50282
9822.82 1.52848
9834.83 1.55433
9846.85 1.58036
9858.86 1.60658
9870.87 1.63299
9882.88 1.65958
9894.89 1.68638
9906.91 1.71337
9918.92 1.74056
9930.93 1.76795
9942.94 1.79555
9954.95 1.82336
9966.97 1.85138
9978.98 1.87961
9990.99 1.90806
10003 1.93672
10015 1.96561
10027 1.99472
10039 2.02406
10051.1 2.05363
10063.1 2.08343
10075.1 2.11346
10087.1 2.14373
10099.1 2.17424
10111.1 2.20499
10123.1 2.23599
10135.1 2.26723
10147.1 2.29872
10159.2 2.33047
10171.2 2.36246
10183.2 2.39472
10195.2 2.42723
10207.2 2.46
10219.2 2.49304
10231.2 2.52634
10243.2 2.5599
10255.3 2.59374
10267.3 2.62785
10279.3 2.66223
10291.3 2.69689
10303.3 2.73183
10315.3 2.76705
10327.3 2.80254
10339.3 2.83833
10351.4 2.87439
10363.4 2.91075
10375.4 2.9474
10387.4 2.98433
10399.4 3.02156
10411.4 3.05908
10423.4 3.0969
10435.4 3.13501
10447.4 3.17343
10459.5 3.21214
10471.5 3.25116
10483.5 3.29047
10495.5 3.33009
10507.5 3.37002
10519.5 3.41025
10531.5 3.45079
10543.5 3.49163
10555.6 3.53279
10567.6 3.57425
10579.6 3.61602
10591.6 3.6581
10603.6 3.70049
10615.6 3.74319
10627.6 3.7862
10639.6 3.82953
10651.7 3.87316
10663.7 3.9171
10675.7 3.96136
10687.7 4.00592
10699.7 4.05079
10711.7 4.09597
10723.7 4.14146
10735.7 4.18726
10747.7 4.23336
10759.8 4.27976
10771.8 4.32647
10783.8 4.37348
10795.8 4.42078
10807.8 4.46839
10819.8 4.51629
10831.8 4.56449
10843.8 4.61297
10855.9 4.66175
10867.9 4.71081
10879.9 4.76015
10891.9 4.80977
10903.9 5.12549
10915.9 5.52325
10927.9 5.92205
10939.9 6.32188
10952 6.72273
10964 7.1246
10976 7.52749
10988 7.93139
11000 8.3363
11012 8.0598
11024 7.78281
11036 7.50533
11048 7.22733
11060.1 6.94882
11072.1 6.6698
11084.1 6.39025
11096.1 6.11017
11108.1 5.97435
11120.1 6.31346
11132.1 6.65335
11144.1 6.99401
11156.2 7.33544
11168.2 7.67763
11180.2 8.02057
11192.2 8.36425
11204.2 8.70866
11216.2 8.9098
11228.2 8.9526
11240.2 8.99544
11252.3 9.03833
11264.3 9.08125
11276.3 9.12418
11288.3 9.16712
11300.3 9.21005
11312.3 9.25297
11324.3 9.15709
11336.3 9.00405
11348.3 8.85053
11360.4 8.69652
11372.4 8.54202
11384.4 8.387
11396.4 8.23145
11408.4 8.07536
11420.4 7.9187
11432.4 8.41824
11444.4 8.958
11456.5 9.49861
11468.5 10.0401
11480.5 10.5823
11492.5 11.1254
11504.5 11.6693
11516.5 12.2139
11528.5 12.555
11540.5 11.9981
11552.6 11.4396
11564.6 10.8796
11576.6 10.3179
11588.6 9.75464
11600.6 9.1897
11612.6 8.62309
11624.6 8.0548
11636.6 8.03878
11648.6 8.79018
11660.7 9.54257
11672.7 10.2959
11684.7 11.0502
11696.7 11.8054
11708.7 12.5616
11720.7 13.3186
11732.7 14.0765
11744.7 13.9088
11756.8 13.2652
11768.8 12.6196
11780.8 11.9719
11792.8 11.3221
11804.8 10.6702
11816.8 10.0162
11828.8 9.36002
11840.8 8.70166
11852.9 9.20886
11864.9 9.8531
11876.9 10.4978
11888.9 11.1428
11900.9 11.7882
11912.9 12.434
11924.9 13.0801
11936.9 13.7266
11948.9 14.2251
11961 13.7214
11973 13.2156
11985 12.7077
11997 12.1978
12009 11.6858
12021 11.1717
12033 10.6555
12045 10.1372
12057.1 9.91682
12069.1 10.2042
12081.1 10.4909
12093.1 10.7772
12105.1 11.0628
12117.1 11.3479
12129.1 11.6324
12141.1 11.9163
12153.2 12.1995
12165.2 12.285
12177.2 12.2404
12189.2 12.1946
12201.2 12.1475
12213.2 12.0991
12225.2 12.0494
12237.2 11.9984
12249.2 11.9461
12261.3 11.8925
12273.3 12.0469
12285.3 12.2407
12297.3 12.4338
12309.3 12.626
12321.3 12.8173
12333.3 13.0079
12345.3 13.1976
12357.4 13.3866
12369.4 13.5289
12381.4 13.149
12393.4 12.7671
12405.4 12.3833
12417.4 11.9976
12429.4 11.6101
12441.4 11.2206
12453.5 10.8293
12465.5 10.4361
12477.5 10.1823
12489.5 10.2352
12501.5 10.2872
12513.5 10.3381
12525.5 10.3881
12537.5 10.4372
12549.5 10.4853
12561.6 10.5325
12573.6 10.5788
12585.6 10.8756
12597.6 11.3724
12609.6 11.8692
12621.6 12.366
12633.6 12.8629
12645.6 13.3598
12657.7 13.8567
12669.7 14.3538
12681.7 14.8509
12693.7 14.2364
12705.7 13.3248
12717.7 12.4106
12729.7 11.4939
12741.7 10.5747
12753.8 9.65309
12765.8 8.72897
12777.8 7.80241
12789.8 6.90617
12801.8 7.33355
12813.8 7.76108
12825.8 8.18879
12837.8 8.61668
12849.8 9.04479
12861.9 9.47312
12873.9 9.9017
12885.9 10.3305
12897.9 10.6617
12909.9 10.7229
12921.9 10.7837
12933.9 10.8442
12945.9 10.9043
12958 10.9641
12970 11.0235
12982 11.0828
12994 11.1417
13006 10.94
13018 10.4769
13030 10.0127
13042 9.54726
13054.1 9.08071
13066.1 8.61302
13078.1 8.14421
13090.1 7.67431
13102.1 7.20332
13114.1 7.39064
13126.1 7.81757
13138.1 8.24511
13150.2 8.67327
13162.2 9.10205
13174.2 9.53149
13186.2 9.96159
13198.2 10.3924
13210.2 10.8238
13222.2 10.39
13234.2 9.93385
13246.2 9.47683
13258.3 9.01894
13270.3 8.56019
13282.3 8.10058
13294.3 7.64014
13306.3 7.17886
13318.3 6.87206
13330.3 7.1507
13342.3 7.42988
13354.4 7.70961
13366.4 7.9899
13378.4 8.27075
13390.4 8.55218
13402.4 8.8342
13414.4 9.11681
13426.4 9.2536
13438.4 9.20679
13450.5 9.16
13462.5 9.11325
13474.5 9.06654
13486.5 9.01988
13498.5 8.97329
13510.5 8.92675
13522.5 8.88029
13534.5 8.63717
13546.5 8.30345
13558.6 7.96931
13570.6 7.63475
13582.6 7.29979
13594.6 6.96442
13606.6 6.62865
13618.6 6.29248
13630.6 5.95593
13642.6 6.14313
13654.7 6.37692
13666.7 6.61134
13678.7 6.84639
13690.7 7.08207
13702.7 7.31839
13714.7 7.55535
13726.7 7.79294
13738.7 7.97646
13750.8 7.87595
13762.8 7.77549
13774.8 7.6751
13786.8 7.57476
13798.8 7.47448
13810.8 7.37427
13822.8 7.27413
13834.8 7.17404
13846.8 7.07122
13858.9 6.96416
13870.9 6.85716
13882.9 6.75021
13894.9 6.64332
13906.9 6.53649
13918.9 6.42972
13930.9 6.32301
13942.9 6.21636
13955 6.13888
13967 6.07871
13979 6.01868
13991 5.95879
14003 5.89903
14015 5.83941
14027 5.77993
14039 5.72058
14051.1 5.66137
14063.1 5.71787
14075.1 5.79182
14087.1 5.86613
14099.1 5.9408
14111.1 6.01582
14123.1 6.09119
14135.1 6.16692
14147.1 6.24299
14159.2 6.31001
14171.2 6.29697
14183.2 6.28412
14195.2 6.27147
14207.2 6.259
14219.2 6.24671
14231.2 6.23461
14243.2 6.22268
14255.3 6.21094
14267.3 6.14318
14279.3 5.96566
14291.3 5.78802
14303.3 5.61027
14315.3 5.43241
14327.3 5.25443
14339.3 5.07632
14351.4 4.8981
14363.4 4.71974
14375.4 4.67476
14387.4 4.72635
14399.4 4.77819
14411.4 4.83027
14423.4 4.88259
14435.4 4.93514
14447.4 4.98793
14459.5 5.04094
14471.5 5.09418
14483.5 4.97208
14495.5 4.80989
14507.5 4.64756
14519.5 4.48508
14531.5 4.32244
14543.5 4.15964
14555.6 3.99668
14567.6 3.83356
14579.6 3.67933
14591.6 3.67615
14603.6 3.67307
14615.6 3.67006
14627.6 3.66713
14639.6 3.66426
14651.7 3.66147
14663.7 3.65873
14675.7 3.65604
14687.7 3.63522
14699.7 3.56992
14711.7 3.50456
14723.7 3.43913
14735.7 3.37363
14747.7 3.30804
14759.8 3.24238
14771.8 3.17662
14783.8 3.11077
14795.8 3.05433
14807.8 3.00646
14819.8 2.95851
14831.8 2.91046
14843.8 2.86232
14855.9 2.81408
14867.9 2.76573
14879.9 2.71727
14891.9 2.66868
14903.9 2.6275
14915.9 2.58849
14927.9 2.54936
14939.9 2.51009
14952 2.47069
14964 2.43114
14976 2.39145
14988 2.35159
15000 2.31157
15012 2.23474
15024 2.15767
15036 2.08036
15048 2.00279
15060.1 1.92496
15072.1 1.84686
15084.1 1.76848
15096.1 1.68982
15108.1 1.61391
15120.1 1.54769
15132.1 1.48119
15144.1 1.41439
15156.2 1.34728
15168.2 1.27986
15180.2 1.21211
15192.2 1.14404
15204.2 1.07562
15216.2 1.01169
15228.2 0.952727
15240.2 0.893413
15252.3 0.83374
15264.3 0.773697
15276.3 0.713275
15288.3 0.652466
15300.3 0.591259
15312.3 0.529646
15324.3 0.456035
15336.3 0.377237
15348.3 0.297978
15360.4 0.218247
15372.4 0.138035
15384.4 0.0573316
15396.4 -0.0238729
15408.4 -0.105589
15420.4 -0.187826
15432.4 -0.259216
15444.4 -0.330446
15456.5 -0.40221
15468.5 -0.474517
15480.5 -0.547376
15492.5 -0.620799
15504.5 -0.694795
15516.5 -0.769374
15528.5 -0.834797
15540.5 -0.857971
15552.6 -0.881676
15564.6 -0.905923
15576.6 -0.930721
15588.6 -0.956079
15600.6 -0.982007
15612.6 -1.00851
15624.6 -1.03561
15636.6 -1.0823
15648.6 -1.15596
15660.7 -1.23031
15672.7 -1.30534
15684.7 -1.38107
15696.7 -1.45751
15708.7 -1.53467
15720.7 -1.61254
15732.7 -1.69114
15744.7 -1.79897
15756.8 -1.92217
15768.8 -2.04619
15780.8 -2.17102
15792.8 -2.29666
15804.8 -2.42311
15816.8 -2.55039
15828.8 -2.67848
15840.8 -2.8074
15852.9 -2.82975
15864.9 -2.84017
15876.9 -2.85123
15888.9 -2.86291
15900.9 -2.87523
15912.9 -2.88816
15924.9 -2.9017
15936.9 -2.91585
15948.9 -2.94492
15961 -3.07138
15973 -3.19857
15985 -3.32649
15997 -3.45512
16009 -3.58445
16021 -3.71445
16033 -3.8451
16045 -3.97638
16057.1 -4.10355
16069.1 -4.2233
16081.1 -4.34359
16093.1 -4.46437
16105.1 -4.58562
16117.1 -4.7073
16129.1 -4.82937
16141.1 -4.9518
16153.2 -5.07454
16165.2 -5.15523
16177.2 -5.20843
16189.2 -5.26168
16201.2 -5.31495
16213.2 -5.36817
16225.2 -5.42129
16237.2 -5.47425
16249.2 -5.52699
16261.3 -5.57943
16273.3 -5.67275
16285.3 -5.77364
16297.3 -5.8741
16309.3 -5.97406
16321.3 -6.07343
16333.3 -6.17213
16345.3 -6.27009
16357.4 -6.36722
16369.4 -6.46258
16381.4 -6.54719
16393.4 -6.63068
16405.4 -6.71298
16417.4 -6.79398
16429.4 -6.8736
16441.4 -6.95174
16453.5 -7.02832
16465.5 -7.10322
16477.5 -7.13414
16489.5 -7.07104
16501.5 -7.00579
16513.5 -6.93831
16525.5 -6.8685
16537.5 -6.79628
16549.5 -6.72155
16561.6 -6.64424
16573.6 -6.56425
16585.6 -6.61027
16597.6 -6.75631
16609.6 -6.89977
16621.6 -7.0406
16633.6 -7.17872
16645.6 -7.31407
16657.7 -7.4466
16669.7 -7.57625
16681.7 -7.70297
16693.7 -7.78385
16705.7 -7.85029
16717.7 -7.91361
16729.7 -7.97379
16741.7 -8.0308
16753.8 -8.08463
16765.8 -8.13527
16777.8 -8.18272
16789.8 -8.22702
16801.8 -8.26954
16813.8 -8.3089
16825.8 -8.34511
16837.8 -8.37821
16849.8 -8.40823
16861.9 -8.43519
16873.9 -8.45915
16885.9 -8.48016
16897.9 -8.49528
16909.9 -8.49935
16921.9 -8.50062
16933.9 -8.49915
16945.9 -8.49501
16958 -8.48827
16970 -8.47901
16982 -8.46731
16994 -8.45325
17006 -8.38927
17018 -8.27535
17030 -8.15919
17042 -8.04089
17054.1 -7.92052
17066.1 -7.79819
17078.1 -7.67397
17090.1 -7.54797
17102.1 -7.42027
17114.1 -7.26625
17126.1 -7.1017
17138.1 -6.93568
17150.2 -6.76828
17162.2 -6.59959
17174.2 -6.42969
17186.2 -6.25867
17198.2 -6.08661
17210.2 -5.91359
17222.2 -5.88221
17234.2 -5.85375
17246.2 -5.82477
17258.3 -5.79535
17270.3 -5.76556
17282.3 -5.73546
17294.3 -5.70513
17306.3 -5.67462
17318.3 -5.63707
17330.3 -5.57329
17342.3 -5.50948
17354.4 -5.44568
17366.4 -5.38195
17378.4 -5.31834
17390.4 -5.25489
17402.4 -5.19166
17414.4 -5.12868
17426.4 -5.1135
17438.4 -5.15841
17450.5 -5.20383
17462.5 -5.2498
17474.5 -5.29636
17486.5 -5.34353
17498.5 -5.39134
17510.5 -5.43982
17522.5 -5.48899
17534.5 -5.44497
17546.5 -5.35844
17558.6 -5.27247
17570.6 -5.1871
17582.6 -5.10232
17594.6 -5.01816
17606.6 -4.93463
17618.6 -4.85174
17630.6 -4.7695
17642.6 -4.65028
17654.7 -4.52836
17666.7 -4.40707
17678.7 -4.28641
17690.7 -4.16638
17702.7 -4.04698
17714.7 -3.92822
17726.7 -3.81011
17738.7 -3.70377
17750.8 -3.65599
17762.8 -3.60895
17774.8 -3.56265
17786.8 -3.51708
17798.8 -3.47224
17810.8 -3.42814
17822.8 -3.38477
17834.8 -3.34213
17846.8 -3.29652
17858.9 -3.24598
17870.9 -3.19613
17882.9 -3.14699
17894.9 -3.09853
17906.9 -3.05077
17918.9 -3.00368
17930.9 -2.95727
17942.9 -2.91153
17955 -2.86645
17967 -2.82203
17979 -2.77826
17991 -2.73513
18003 -2.69264
18015 -2.65077
18027 -2.60953
18039 -2.5689
18051.1 -2.52888
18063.1 -2.48946
18075.1 -2.45063
18087.1 -2.41238
18099.1 -2.37471
18111.1 -2.33761
18123.1 -2.30107
18135.1 -2.26509
18147.1 -2.22965
18159.2 -2.19475
18171.2 -2.16038
18183.2 -2.12654
18195.2 -2.09321
18207.2 -2.0604
18219.2 -2.02808
18231.2 -1.99626
18243.2 -1.96492
18255.3 -1.93407
18267.3 -1.90368
18279.3 -1.87377
18291.3 -1.84431
18303.3 -1.8153
18315.3 -1.78673
18327.3 -1.75861
18339.3 -1.73091
18351.4 -1.70364
18363.4 -1.67678
18375.4 -1.65034
18387.4 -1.6243
18399.4 -1.59866
18411.4 -1.57341
18423.4 -1.54854
18435.4 -1.52406
18447.4 -1.49995
18459.5 -1.4762
18471.5 -1.45282
18483.5 -1.42979
18495.5 -1.40711
18507.5 -1.38477
18519.5 -1.36278
18531.5 -1.34111
18543.5 -1.31978
18555.6 -1.29876
18567.6 -1.27806
18579.6 -1.25768
18591.6 -1.2376
18603.6 -1.21782
18615.6 -1.19834
18627.6 -1.17916
18639.6 -1.16025
18651.7 -1.14164
18663.7 -1.1233
18675.7 -1.10523
18687.7 -1.08743
18699.7 -1.0699
18711.7 -1.05262
18723.7 -1.0356
18735.7 -1.01884
18747.7 -1.00232
18759.8 -0.986046
18771.8 -0.970011
18783.8 -0.954211
18795.8 -0.938644
18807.8 -0.923304
18819.8 -0.908189
18831.8 -0.893295
18843.8 -0.878618
18855.9 -0.864154
18867.9 -0.849901
18879.9 -0.835854
18891.9 -0.822011
18903.9 -0.808368
18915.9 -0.794922
18927.9 -0.78167
18939.9 -0.768608
18952 -0.755734
18964 -0.743045
18976 -0.730537
18988 -0.718208
19000 -0.706054
