7000 -0.925142
7012.01 -0.966567
7024.02 -1.00988
7036.04 -1.05516
7048.05 -1.10248
7060.06 -1.15193
7072.07 -1.20357
7084.08 -1.25749
7096.1 -1.31375
7108.11 -1.37241
7120.12 -1.43355
7132.13 -1.49721
7144.14 -1.56343
7156.16 -1.63224
7168.17 -1.70366
7180.18 -1.77766
7192.19 -1.85424
7204.2 -1.93332
7216.22 -2.01482
7228.23 -2.09863
7240.24 -2.18458
7252.25 -2.27246
7264.26 -2.36203
7276.28 -2.45298
7288.29 -2.54494
7300.3 -2.63748
7312.31 -2.73013
7324.32 -2.82233
7336.34 -2.91347
7348.35 -3.00289
7360.36 -3.08985
7372.37 -3.17358
7384.38 -3.2533
7396.4 -3.32816
7408.41 -3.39735
7420.42 -3.46005
7432.43 -3.51549
7444.44 -3.56294
7456.46 -3.60177
7468.47 -3.63142
7480.48 -3.65356
7492.49 -3.6674
7504.5 -3.67119
7516.52 -3.66492
7528.53 -3.6487
7540.54 -3.62281
7552.55 -3.58765
7564.56 -3.54373
7576.58 -3.49165
7588.59 -3.43454
7600.6 -3.37132
7612.61 -3.30217
7624.62 -3.22791
7636.64 -3.14932
7648.65 -3.0672
7660.66 -2.9823
7672.67 -2.89532
7684.68 -2.80676
7696.7 -2.71349
7708.71 -2.61994
7720.72 -2.5266
7732.73 -2.4339
7744.74 -2.34221
7756.76 -2.25185
7768.77 -2.16307
7780.78 -2.07609
7792.79 -1.97177
7804.8 -1.81887
7816.82 -1.66798
7828.83 -1.51915
7840.84 -1.37244
7852.85 -1.22787
7864.86 -1.08544
7876.88 -0.945144
7888.89 -0.806946
7900.9 -0.726946
7912.91 -0.702529
7924.92 -0.680409
7936.94 -0.660526
7948.95 -0.642818
7960.96 -0.627217
7972.97 -0.613657
7984.98 -0.602068
7997 -0.59238
8009.01 -0.538432
8021.02 -0.470723
8033.03 -0.404524
8045.05 -0.33977
8057.06 -0.276396
8069.07 -0.214339
8081.08 -0.153538
8093.09 -0.0939331
8105.11 -0.0354683
8117.12 -0.00964429
8129.13 0.0146415
8141.14 0.0378516
8153.15 0.0600345
8165.17 0.0812369
8177.18 0.101504
8189.19 0.120877
8201.2 0.139398
8213.21 0.162654
8225.23 0.204466
8237.24 0.245609
8249.25 0.28612
8261.26 0.326029
8273.27 0.365367
8285.29 0.404165
8297.3 0.44245
8309.31 0.480249
8321.32 0.492493
8333.33 0.474782
8345.35 0.456502
8357.36 0.437674
8369.37 0.41832
8381.38 0.398461
8393.39 0.378115
8405.41 0.357301
8417.42 0.336037
8429.43 0.362798
8441.44 0.410317
8453.45 0.457633
8465.47 0.50476
8477.48 0.551713
8489.49 0.598504
8501.5 0.645146
8513.51 0.691653
8525.53 0.738036
8537.54 0.72592
8549.55 0.709396
8561.56 0.692606
8573.57 0.675559
8585.59 0.658264
8597.6 0.640731
8609.61 0.622969
8621.62 0.604986
8633.63 0.592633
8645.65 0.608461
8657.66 0.624188
8669.67 0.639819
8681.68 0.655364
8693.69 0.670828
8705.71 0.686217
8717.72 0.70154
8729.73 0.7168
8741.74 0.731939
8753.75 0.746932
8765.77 0.76188
8777.78 0.776789
8789.79 0.791663
8801.8 0.806507
8813.81 0.821326
8825.83 0.836125
8837.84 0.850909
8849.85 0.865681
8861.86 0.880446
8873.87 0.895208
8885.89 0.909971
8897.9 0.924738
8909.91 0.939514
8921.92 0.954302
8933.93 0.969106
8945.95 0.983928
8957.96 0.998773
8969.97 1.01364
8981.98 1.02854
8993.99 1.04347
9006.01 1.05844
9018.02 1.07344
9030.03 1.08848
9042.04 1.10357
9054.05 1.1187
9066.07 1.13388
9078.08 1.14911
9090.09 1.16439
9102.1 1.17973
9114.11 1.19512
9126.13 1.21058
9138.14 1.2261
9150.15 1.24168
9162.16 1.25733
9174.17 1.27304
9186.19 1.28883
9198.2 1.30469
9210.21 1.32062
9222.22 1.33663
9234.23 1.35271
9246.25 1.36888
9258.26 1.38513
9270.27 1.40146
9282.28 1.41787
9294.29 1.43437
9306.31 1.45095
9318.32 1.46763
9330.33 1.48439
9342.34 1.50124
9354.35 1.51819
9366.37 1.53523
9378.38 1.55237
9390.39 1.5696
9402.4 1.58693
9414.41 1.60435
9426.43 1.62188
9438.44 1.6395
9450.45 1.65723
9462.46 1.67506
9474.47 1.69299
9486.49 1.71103
9498.5 1.72917
9510.51 1.74741
9522.52 1.76576
9534.53 1.78421
9546.55 1.80278
9558.56 1.82145
9570.57 1.84022
9582.58 1.85911
9594.59 1.8781
9606.61 1.8972
9618.62 1.91641
9630.63 1.93574
9642.64 1.95516
9654.65 1.9747
9666.67 1.99435
9678.68 2.01411
9690.69 2.03398
9702.7 2.05395
9714.71 2.07404
9726.73 2.09423
9738.74 2.11453
9750.75 2.13494
9762.76 2.15546
9774.77 2.17608
9786.79 2.19681
9798.8 2.21765
9810.81 2.23859
9822.82 2.25964
9834.83 2.28079
9846.85 2.30204
9858.86 2.3234
9870.87 2.34485
9882.88 2.3664
9894.89 2.38806
9906.91 2.40981
9918.92 2.43165
9930.93 2.45359
9942.94 2.47562
9954.95 2.49775
9966.97 2.51996
9978.98 2.54226
9990.99 2.56465
10003 2.58712
10015 2.60967
10027 2.63231
10039 2.65502
10051.1 2.6778
10063.1 2.70066
10075.1 2.72359
10087.1 2.74659
10099.1 2.76965
10111.1 2.79278
10123.1 2.81597
10135.1 2.83921
10147.1 2.86251
10159.2 2.88586
10171.2 2.90925
10183.2 2.93269
10195.2 2.95617
10207.2 2.97969
10219.2 3.00324
10231.2 3.02682
10243.2 3.05043
10255.3 3.07406
10267.3 3.09771
10279.3 3.12137
10291.3 3.14504
10303.3 3.16872
10315.3 3.1924
10327.3 3.21607
10339.3 3.23974
10351.4 3.26339
10363.4 3.28703
10375.4 3.31064
10387.4 3.33422
10399.4 3.35777
10411.4 3.38128
10423.4 3.40475
10435.4 3.42816
10447.4 3.45152
10459.5 3.47482
10471.5 3.49805
10483.5 3.52121
10495.5 3.54429
10507.5 3.56729
10519.5 3.59019
10531.5 3.613
10543.5 3.6357
10555.6 3.65829
10567.6 3.68076
10579.6 3.70311
10591.6 3.72533
10603.6 3.74741
10615.6 3.76934
10627.6 3.79112
10639.6 3.81275
10651.7 3.8342
10663.7 3.85549
10675.7 3.87659
10687.7 3.89751
10699.7 3.91822
10711.7 3.93874
10723.7 3.95905
10735.7 3.97913
10747.7 3.99899
10759.8 4.01862
10771.8 4.03801
10783.8 4.05714
10795.8 4.07602
10807.8 4.09463
10819.8 4.11298
10831.8 4.13104
10843.8 4.14881
10855.9 4.16628
10867.9 4.18345
10879.9 4.20031
10891.9 4.21685
10903.9 4.25854
10915.9 4.30772
10927.9 4.35664
10939.9 4.40527
10952 4.45362
10964 4.50168
10976 4.54943
10988 4.59688
11000 4.64401
11012 4.65793
11024 4.67145
11036 4.68455
11048 4.69724
11060.1 4.7095
11072.1 4.72134
11084.1 4.73273
11096.1 4.74368
11108.1 4.76061
11120.1 4.7982
11132.1 4.83539
11144.1 4.87217
11156.2 4.90853
11168.2 4.94446
11180.2 4.97997
11192.2 5.01504
11204.2 5.04966
11216.2 5.09139
11228.2 5.14102
11240.2 5.19022
11252.3 5.239
11264.3 5.28734
11276.3 5.33524
11288.3 5.3827
11300.3 5.42971
11312.3 5.47627
11324.3 5.4853
11336.3 5.4786
11348.3 5.47134
11360.4 5.46349
11372.4 5.45507
11384.4 5.44607
11396.4 5.43648
11408.4 5.42631
11420.4 5.41554
11432.4 5.41828
11444.4 5.42129
11456.5 5.42375
11468.5 5.42564
11480.5 5.42697
11492.5 5.42773
11504.5 5.42792
11516.5 5.42755
11528.5 5.42921
11540.5 5.44176
11552.6 5.45378
11564.6 5.46525
11576.6 5.47619
11588.6 5.4866
11600.6 5.49647
11612.6 5.50581
11624.6 5.51462
11636.6 5.50921
11648.6 5.48426
11660.7 5.45873
11672.7 5.4326
11684.7 5.40589
11696.7 5.37859
11708.7 5.35071
11720.7 5.32225
11732.7 5.29322
11744.7 5.28768
11756.8 5.29396
11768.8 5.29974
11780.8 5.30504
11792.8 5.30986
11804.8 5.3142
11816.8 5.31807
11828.8 5.32148
11840.8 5.32442
11852.9 5.3027
11864.9 5.27765
11876.9 5.2521
11888.9 5.22605
11900.9 5.1995
11912.9 5.17248
11924.9 5.14497
11936.9 5.11699
11948.9 5.08947
11961 5.06771
11973 5.04552
11985 5.02289
11997 4.99983
12009 4.97635
12021 4.95246
12033 4.92815
12045 4.90345
12057.1 4.87237
12069.1 4.83076
12081.1 4.78874
12093.1 4.74631
12105.1 4.70347
12117.1 4.66025
12129.1 4.61663
12141.1 4.57264
12153.2 4.52827
12165.2 4.48774
12177.2 4.44962
12189.2 4.41116
12201.2 4.37236
12213.2 4.33324
12225.2 4.2938
12237.2 4.25405
12249.2 4.214
12261.3 4.17365
12273.3 4.12883
12285.3 4.08292
12297.3 4.03672
12309.3 3.99024
12321.3 3.94349
12333.3 3.89647
12345.3 3.84919
12357.4 3.80166
12369.4 3.75574
12381.4 3.73093
12393.4 3.70592
12405.4 3.68072
12417.4 3.65535
12429.4 3.62981
12441.4 3.6041
12453.5 3.57824
12465.5 3.55222
12477.5 3.51261
12489.5 3.4435
12501.5 3.37417
12513.5 3.30463
12525.5 3.23488
12537.5 3.16494
12549.5 3.09479
12561.6 3.02446
12573.6 2.95394
12585.6 2.8797
12597.6 2.80246
12609.6 2.72503
12621.6 2.64742
12633.6 2.56965
12645.6 2.4917
12657.7 2.4136
12669.7 2.33534
12681.7 2.25693
12693.7 2.18111
12705.7 2.10588
12717.7 2.03052
12729.7 1.95503
12741.7 1.87942
12753.8 1.80369
12765.8 1.72784
12777.8 1.65188
12789.8 1.57579
12801.8 1.49827
12813.8 1.42065
12825.8 1.34293
12837.8 1.26511
12849.8 1.18721
12861.9 1.10922
12873.9 1.03114
12885.9 0.952987
12897.9 0.89292
12909.9 0.882931
12921.9 0.872999
12933.9 0.863126
12945.9 0.853315
12958 0.843569
12970 0.833892
12982 0.824286
12994 0.814753
13006 0.805125
13018 0.795403
13030 0.785762
13042 0.776205
13054.1 0.766734
13066.1 0.757351
13078.1 0.748059
13090.1 0.738859
13102.1 0.729755
13114.1 0.688217
13126.1 0.634905
13138.1 0.581613
13150.2 0.528344
13162.2 0.475099
13174.2 0.42188
13186.2 0.36869
13198.2 0.31553
13210.2 0.262401
13222.2 0.226475
13234.2 0.191041
13246.2 0.155676
13258.3 0.120381
13270.3 0.0851584
13282.3 0.0500096
13294.3 0.0149361
13306.3 -0.0200607
13318.3 -0.0581851
13330.3 -0.108332
13342.3 -0.158426
13354.4 -0.208465
13366.4 -0.258448
13378.4 -0.308373
13390.4 -0.35824
13402.4 -0.408047
13414.4 -0.457793
13426.4 -0.517217
13438.4 -0.588832
13450.5 -0.660422
13462.5 -0.731986
13474.5 -0.803522
13486.5 -0.87503
13498.5 -0.946508
13510.5 -1.01796
13522.5 -1.08937
13534.5 -1.15631
13546.5 -1.22117
13558.6 -1.28599
13570.6 -1.35076
13582.6 -1.41548
13594.6 -1.48015
13606.6 -1.54477
13618.6 -1.60934
13630.6 -1.67386
13642.6 -1.67653
13654.7 -1.67362
13666.7 -1.67053
13678.7 -1.66727
13690.7 -1.66384
13702.7 -1.66023
13714.7 -1.65644
13726.7 -1.65248
13738.7 -1.65133
13750.8 -1.66558
13762.8 -1.67968
13774.8 -1.69363
13786.8 -1.70744
13798.8 -1.72109
13810.8 -1.7346
13822.8 -1.74795
13834.8 -1.76116
13846.8 -1.77982
13858.9 -1.80695
13870.9 -1.83394
13882.9 -1.86081
13894.9 -1.88755
13906.9 -1.91415
13918.9 -1.94062
13930.9 -1.96696
13942.9 -1.99317
13955 -2.02515
13967 -2.0605
13979 -2.09573
13991 -2.13084
14003 -2.16583
14015 -2.20069
14027 -2.23544
14039 -2.27006
14051.1 -2.30455
14063.1 -2.3462
14075.1 -2.38881
14087.1 -2.43131
14099.1 -2.4737
14111.1 -2.51598
14123.1 -2.55814
14135.1 -2.60018
14147.1 -2.64211
14159.2 -2.68219
14171.2 -2.70738
14183.2 -2.73243
14195.2 -2.75733
14207.2 -2.78207
14219.2 -2.80667
14231.2 -2.83112
14243.2 -2.85542
14255.3 -2.87957
14267.3 -2.91546
14279.3 -2.97447
14291.3 -3.03338
14303.3 -3.0922
14315.3 -3.15092
14327.3 -3.20954
14339.3 -3.26807
14351.4 -3.3265
14363.4 -3.38482
14375.4 -3.38693
14387.4 -3.34829
14399.4 -3.30938
14411.4 -3.2702
14423.4 -3.23077
14435.4 -3.19106
14447.4 -3.15109
14459.5 -3.11084
14471.5 -3.07033
14483.5 -3.07664
14495.5 -3.09348
14507.5 -3.11015
14519.5 -3.12664
14531.5 -3.14296
14543.5 -3.15909
14555.6 -3.17504
14567.6 -3.19082
14579.6 -3.20731
14591.6 -3.23869
14603.6 -3.26992
14615.6 -3.30098
14627.6 -3.33189
14639.6 -3.36263
14651.7 -3.39322
14663.7 -3.42364
14675.7 -3.4539
14687.7 -3.48174
14699.7 -3.50389
14711.7 -3.52586
14723.7 -3.54765
14735.7 -3.56927
14747.7 -3.5907
14759.8 -3.61195
14771.8 -3.63302
14783.8 -3.6539
14795.8 -3.67531
14807.8 -3.69719
14819.8 -3.71888
14831.8 -3.74039
14843.8 -3.76171
14855.9 -3.78284
14867.9 -3.80379
14879.9 -3.82455
14891.9 -3.84512
14903.9 -3.86739
14915.9 -3.89005
14927.9 -3.91252
14939.9 -3.9348
14952 -3.9569
14964 -3.9788
14976 -4.00052
14988 -4.02204
15000 -4.04337
15012 -4.08388
15024 -4.12422
15036 -4.16441
15048 -4.20442
15060.1 -4.24428
15072.1 -4.28397
15084.1 -4.32349
15096.1 -4.36285
15108.1 -4.39424
15120.1 -4.39987
15132.1 -4.40527
15144.1 -4.41046
15156.2 -4.41542
15168.2 -4.42016
15180.2 -4.42467
15192.2 -4.42896
15204.2 -4.43303
15216.2 -4.42666
15228.2 -4.40879
15240.2 -4.39066
15252.3 -4.37227
15264.3 -4.35362
15276.3 -4.3347
15288.3 -4.31553
15300.3 -4.29609
15312.3 -4.27639
15324.3 -4.28728
15336.3 -4.3106
15348.3 -4.33372
15360.4 -4.35664
15372.4 -4.37937
15384.4 -4.4019
15396.4 -4.42423
15408.4 -4.44637
15420.4 -4.46831
15432.4 -4.50726
15444.4 -4.54708
15456.5 -4.58673
15468.5 -4.62621
15480.5 -4.66552
15492.5 -4.70466
15504.5 -4.74363
15516.5 -4.78243
15528.5 -4.81508
15540.5 -4.82127
15552.6 -4.82724
15564.6 -4.833
15576.6 -4.83853
15588.6 -4.84384
15600.6 -4.84893
15612.6 -4.85381
15624.6 -4.85846
15636.6 -4.8844
15648.6 -4.93995
15660.7 -4.99537
15672.7 -5.05065
15684.7 -5.10579
15696.7 -5.16078
15708.7 -5.21564
15720.7 -5.27036
15732.7 -5.32494
15744.7 -5.33247
15756.8 -5.31576
15768.8 -5.2988
15780.8 -5.2816
15792.8 -5.26415
15804.8 -5.24646
15816.8 -5.22852
15828.8 -5.21034
15840.8 -5.19192
15852.9 -5.20746
15864.9 -5.22683
15876.9 -5.24601
15888.9 -5.265
15900.9 -5.28382
15912.9 -5.30245
15924.9 -5.3209
15936.9 -5.33916
15948.9 -5.35887
15961 -5.38933
15973 -5.41964
15985 -5.44979
15997 -5.47977
16009 -5.5096
16021 -5.53927
16033 -5.56879
16045 -5.59815
16057.1 -5.61792
16069.1 -5.62154
16081.1 -5.62496
16093.1 -5.62819
16105.1 -5.63123
16117.1 -5.63409
16129.1 -5.63675
16141.1 -5.63923
16153.2 -5.64153
16165.2 -5.68423
16177.2 -5.75336
16189.2 -5.82241
16201.2 -5.89137
16213.2 -5.96026
16225.2 -6.02906
16237.2 -6.09778
16249.2 -6.16643
16261.3 -6.23499
16273.3 -6.25482
16285.3 -6.26513
16297.3 -6.27527
16309.3 -6.28526
16321.3 -6.29509
16333.3 -6.30477
16345.3 -6.31429
16357.4 -6.32365
16369.4 -6.32482
16381.4 -6.23408
16393.4 -6.14305
16405.4 -6.05172
16417.4 -5.96009
16429.4 -5.86818
16441.4 -5.77597
16453.5 -5.68347
16465.5 -5.59068
16477.5 -5.51387
16489.5 -5.47227
16501.5 -5.43046
16513.5 -5.38844
16525.5 -5.34622
16537.5 -5.30379
16549.5 -5.26115
16561.6 -5.21831
16573.6 -5.17527
16585.6 -5.22259
16597.6 -5.34204
16609.6 -5.46153
16621.6 -5.58106
16633.6 -5.70063
16645.6 -5.82024
16657.7 -5.93989
16669.7 -6.05959
16681.7 -6.17934
16693.7 -6.30355
16705.7 -6.429
16717.7 -6.55451
16729.7 -6.68007
16741.7 -6.8057
16753.8 -6.93139
16765.8 -7.05714
16777.8 -7.18295
16789.8 -7.30517
16801.8 -7.27889
16813.8 -7.25247
16825.8 -7.2259
16837.8 -7.19919
16849.8 -7.17233
16861.9 -7.14532
16873.9 -7.11818
16885.9 -7.09089
16897.9 -7.05538
16909.9 -6.99741
16921.9 -6.93926
16933.9 -6.88094
16945.9 -6.82244
16958 -6.76376
16970 -6.70491
16982 -6.64588
16994 -6.58669
17006 -6.48505
17018 -6.3409
17030 -6.19645
17042 -6.05172
17054.1 -5.9067
17066.1 -5.7614
17078.1 -5.61582
17090.1 -5.46996
17102.1 -5.32382
17114.1 -5.2688
17126.1 -5.2468
17138.1 -5.22471
17150.2 -5.20252
17162.2 -5.18023
17174.2 -5.15784
17186.2 -5.13536
17198.2 -5.11278
17210.2 -5.09011
17222.2 -5.11611
17234.2 -5.14329
17246.2 -5.17045
17258.3 -5.1976
17270.3 -5.22473
17282.3 -5.25184
17294.3 -5.27893
17306.3 -5.30601
17318.3 -5.30093
17330.3 -5.17451
17342.3 -5.04786
17354.4 -4.92099
17366.4 -4.7939
17378.4 -4.6666
17390.4 -4.53907
17402.4 -4.41133
17414.4 -4.28337
17426.4 -4.19183
17438.4 -4.14614
17450.5 -4.10036
17462.5 -4.05448
17474.5 -4.0085
17486.5 -3.96242
17498.5 -3.91625
17510.5 -3.86999
17522.5 -3.82364
17534.5 -3.80588
17546.5 -3.80124
17558.6 -3.79657
17570.6 -3.79186
17582.6 -3.78713
17594.6 -3.78237
17606.6 -3.77758
17618.6 -3.77277
17630.6 -3.76792
17642.6 -3.74922
17654.7 -3.72925
17666.7 -3.70924
17678.7 -3.68919
17690.7 -3.66909
17702.7 -3.64896
17714.7 -3.62878
17726.7 -3.60857
17738.7 -3.61142
17750.8 -3.73441
17762.8 -3.85756
17774.8 -3.98087
17786.8 -4.10434
17798.8 -4.22797
17810.8 -4.35176
17822.8 -4.47571
17834.8 -4.59982
17846.8 -4.67058
17858.9 -4.65947
17870.9 -4.64835
17882.9 -4.63721
17894.9 -4.62605
17906.9 -4.61488
17918.9 -4.60369
17930.9 -4.59249
17942.9 -4.58128
17955 -4.57005
17967 -4.55881
17979 -4.54757
17991 -4.53631
18003 -4.52504
18015 -4.51377
18027 -4.50248
18039 -4.49119
18051.1 -4.4799
18063.1 -4.46859
18075.1 -4.45729
18087.1 -4.44597
18099.1 -4.43466
18111.1 -4.42334
18123.1 -4.41201
18135.1 -4.40069
18147.1 -4.38936
18159.2 -4.37803
18171.2 -4.3667
18183.2 -4.35538
18195.2 -4.34405
18207.2 -4.33272
18219.2 -4.3214
18231.2 -4.31008
18243.2 -4.29876
18255.3 -4.28744
18267.3 -4.27613
18279.3 -4.26482
18291.3 -4.25352
18303.3 -4.24222
18315.3 -4.23093
18327.3 -4.21964
18339.3 -4.20837
18351.4 -4.1971
18363.4 -4.18583
18375.4 -4.17458
18387.4 -4.16333
18399.4 -4.15209
18411.4 -4.14087
18423.4 -4.12965
18435.4 -4.11844
18447.4 -4.10724
18459.5 -4.09606
18471.5 -4.08488
18483.5 -4.07372
18495.5 -4.06257
18507.5 -4.05143
18519.5 -4.04031
18531.5 -4.0292
18543.5 -4.0181
18555.6 -4.00702
18567.6 -3.99595
18579.6 -3.9849
18591.6 -3.97386
18603.6 -3.96283
18615.6 -3.95183
18627.6 -3.94084
18639.6 -3.92986
18651.7 -3.9189
18663.7 -3.90796
18675.7 -3.89704
18687.7 -3.88613
18699.7 -3.87524
18711.7 -3.86437
18723.7 -3.85352
18735.7 -3.84269
18747.7 -3.83187
18759.8 -3.82108
18771.8 -3.8103
18783.8 -3.79954
18795.8 -3.78881
18807.8 -3.77809
18819.8 -3.76739
18831.8 -3.75672
18843.8 -3.74606
18855.9 -3.73543
18867.9 -3.72482
18879.9 -3.71423
18891.9 -3.70366
18903.9 -3.69311
18915.9 -3.68259
18927.9 -3.67208
18939.9 -3.6616
18952 -3.65114
18964 -3.64071
18976 -3.63029
18988 -3.6199
19000 -3.60954
