7000 17.6208
7012.01 17.8957
7024.02 18.1769
7036.04 18.4644
7048.05 18.7585
7060.06 19.0594
7072.07 19.3674
7084.08 19.6826
7096.1 20.0052
7108.11 20.3356
7120.12 20.6739
7132.13 21.0205
7144.14 21.3756
7156.16 21.7394
7168.17 22.1123
7180.18 22.4946
7192.19 22.8865
7204.2 23.2885
7216.22 23.7008
7228.23 24.1238
7240.24 24.558
7252.25 25.0036
7264.26 25.4611
7276.28 25.9309
7288.29 26.4134
7300.3 26.9092
7312.31 27.4186
7324.32 27.9422
7336.34 28.4805
7348.35 29.0341
7360.36 29.6035
7372.37 30.1892
7384.38 30.792
7396.4 31.4125
7408.41 32.0514
7420.42 32.7092
7432.43 33.3869
7444.44 34.0852
7456.46 34.8048
7468.47 35.5466
7480.48 36.3115
7492.49 37.1004
7504.5 37.9143
7516.52 38.7541
7528.53 39.621
7540.54 40.5159
7552.55 41.4402
7564.56 42.3948
7576.58 43.3812
7588.59 43.8148
7600.6 44.1364
7612.61 44.4914
7624.62 44.8814
7636.64 45.3079
7648.65 45.7725
7660.66 46.2768
7672.67 46.8226
7684.68 47.517
7696.7 50.8219
7708.71 54.1822
7720.72 57.6
7732.73 61.0773
7744.74 64.6163
7756.76 68.2191
7768.77 71.8881
7780.78 75.6256
7792.79 78.9914
7804.8 81.2701
7816.82 83.6196
7828.83 86.0424
7840.84 88.541
7852.85 91.1178
7864.86 93.7754
7876.88 96.5162
7888.89 99.3424
7900.9 102.094
7912.91 104.779
7924.92 107.556
7936.94 110.425
7948.95 113.388
7960.96 116.446
7972.97 119.6
7984.98 122.85
7997 126.195
8009.01 128.571
8021.02 130.68
8033.03 132.876
8045.05 135.155
8057.06 137.512
8069.07 139.942
8081.08 142.437
8093.09 144.99
8105.11 147.59
8117.12 151.039
8129.13 154.524
8141.14 158.019
8153.15 161.508
8165.17 164.973
8177.18 168.394
8189.19 171.748
8201.2 175.013
8213.21 178.171
8225.23 181.208
8237.24 184.082
8249.25 186.764
8261.26 189.23
8273.27 191.454
8285.29 193.412
8297.3 195.082
8309.31 196.444
8321.32 199.189
8333.33 203.604
8345.35 207.68
8357.36 211.408
8369.37 214.786
8381.38 217.815
8393.39 220.499
8405.41 222.849
8417.42 224.876
8429.43 224.339
8441.44 222.528
8453.45 220.44
8465.47 218.099
8477.48 215.527
8489.49 212.751
8501.5 209.795
8513.51 206.685
8525.53 203.446
8537.54 200.102
8549.55 196.675
8561.56 193.188
8573.57 189.661
8585.59 186.113
8597.6 182.559
8609.61 179.017
8621.62 175.5
8633.63 172.019
8645.65 168.585
8657.66 165.207
8669.67 161.894
8681.68 158.652
8693.69 155.485
8705.71 152.399
8717.72 149.396
8729.73 146.479
8741.74 143.649
8753.75 140.909
8765.77 138.258
8777.78 135.696
8789.79 133.222
8801.8 130.837
8813.81 128.539
8825.83 126.326
8837.84 124.197
8849.85 122.15
8861.86 120.184
8873.87 118.296
8885.89 116.485
8897.9 114.747
8909.91 113.082
8921.92 111.488
8933.93 109.961
8945.95 108.5
8957.96 107.102
8969.97 105.767
8981.98 104.492
8993.99 103.274
9006.01 102.112
9018.02 101.005
9030.03 99.9493
9042.04 98.9447
9054.05 97.989
9066.07 97.0807
9078.08 96.2183
9090.09 95.4002
9102.1 94.625
9114.11 93.8913
9126.13 93.1979
9138.14 92.5435
9150.15 91.9269
9162.16 91.347
9174.17 90.8026
9186.19 90.2927
9198.2 89.8164
9210.21 89.3726
9222.22 88.9605
9234.23 88.5793
9246.25 88.228
9258.26 87.906
9270.27 87.6125
9282.28 87.3468
9294.29 87.1082
9306.31 86.8962
9318.32 86.7102
9330.33 86.5495
9342.34 86.4136
9354.35 86.3022
9366.37 86.2146
9378.38 86.1505
9390.39 86.1094
9402.4 86.091
9414.41 86.0949
9426.43 86.1208
9438.44 86.1684
9450.45 86.2373
9462.46 86.3274
9474.47 86.4383
9486.49 86.5698
9498.5 86.7218
9510.51 86.8941
9522.52 87.0864
9534.53 87.2987
9546.55 87.5308
9558.56 87.7825
9570.57 88.0539
9582.58 88.3448
9594.59 88.6552
9606.61 88.9849
9618.62 89.334
9630.63 89.7025
9642.64 90.0903
9654.65 90.4975
9666.67 90.9241
9678.68 91.3701
9690.69 91.8356
9702.7 92.3206
9714.71 92.8252
9726.73 93.3495
9738.74 93.8937
9750.75 94.4577
9762.76 95.0419
9774.77 95.6462
9786.79 96.2709
9798.8 96.916
9810.81 97.5819
9822.82 98.2687
9834.83 98.9766
9846.85 99.7057
9858.86 100.456
9870.87 101.229
9882.88 102.023
9894.89 102.84
9906.91 103.679
9918.92 104.542
9930.93 105.427
9942.94 106.336
9954.95 107.268
9966.97 108.225
9978.98 109.206
9990.99 110.212
10003 111.243
10015 112.299
10027 113.382
10039 114.491
10051.1 115.626
10063.1 116.789
10075.1 117.98
10087.1 119.198
10099.1 120.445
10111.1 121.722
10123.1 123.027
10135.1 124.363
10147.1 125.729
10159.2 127.127
10171.2 128.556
10183.2 130.017
10195.2 131.51
10207.2 133.037
10219.2 134.598
10231.2 136.194
10243.2 137.824
10255.3 139.49
10267.3 141.192
10279.3 142.932
10291.3 144.708
10303.3 146.523
10315.3 148.377
10327.3 150.271
10339.3 152.204
10351.4 154.179
10363.4 156.195
10375.4 158.253
10387.4 160.354
10399.4 162.499
10411.4 164.688
10423.4 166.922
10435.4 169.202
10447.4 171.528
10459.5 173.901
10471.5 176.323
10483.5 178.792
10495.5 181.311
10507.5 183.879
10519.5 186.498
10531.5 189.168
10543.5 191.889
10555.6 194.663
10567.6 197.489
10579.6 200.369
10591.6 203.302
10603.6 206.29
10615.6 209.332
10627.6 212.429
10639.6 215.582
10651.7 218.791
10663.7 222.055
10675.7 225.375
10687.7 228.752
10699.7 232.185
10711.7 235.673
10723.7 239.218
10735.7 242.819
10747.7 246.475
10759.8 250.186
10771.8 253.952
10783.8 257.771
10795.8 261.644
10807.8 265.569
10819.8 269.544
10831.8 273.57
10843.8 277.644
10855.9 281.765
10867.9 285.932
10879.9 290.142
10891.9 294.393
10903.9 298.684
10915.9 303.011
10927.9 307.372
10939.9 311.764
10952 316.184
10964 320.629
10976 325.094
10988 329.577
11000 334.073
11012 338.577
11024 343.086
11036 347.595
11048 352.097
11060.1 356.588
11072.1 361.063
11084.1 365.516
11096.1 369.94
11108.1 374.329
11120.1 378.678
11132.1 382.978
11144.1 387.224
11156.2 391.409
11168.2 395.524
11180.2 399.564
11192.2 403.52
11204.2 407.385
11216.2 411.152
11228.2 414.813
11240.2 418.361
11252.3 421.788
11264.3 425.087
11276.3 428.25
11288.3 431.27
11300.3 434.142
11312.3 436.856
11324.3 439.409
11336.3 441.792
11348.3 444.001
11360.4 446.029
11372.4 447.014
11384.4 446.068
11396.4 444.923
11408.4 443.574
11420.4 442.019
11432.4 440.255
11444.4 438.28
11456.5 436.091
11468.5 433.689
11480.5 432.043
11492.5 430.935
11504.5 429.617
11516.5 428.09
11528.5 426.356
11540.5 424.418
11552.6 422.277
11564.6 419.938
11576.6 417.405
11588.6 415.956
11600.6 414.629
11612.6 413.126
11624.6 411.45
11636.6 409.608
11648.6 407.606
11660.7 405.451
11672.7 403.148
11684.7 400.712
11696.7 398.333
11708.7 395.828
11720.7 393.204
11732.7 390.467
11744.7 387.626
11756.8 384.687
11768.8 381.658
11780.8 378.545
11792.8 375.164
11804.8 371.201
11816.8 367.174
11828.8 363.09
11840.8 358.954
11852.9 354.773
11864.9 350.552
11876.9 346.299
11888.9 342.018
11900.9 338.136
11912.9 334.633
11924.9 331.119
11936.9 327.599
11948.9 324.079
11961 320.562
11973 317.052
11985 313.553
11997 310.069
12009 306.325
12021 302.509
12033 298.716
12045 294.95
12057.1 291.213
12069.1 287.507
12081.1 283.834
12093.1 280.196
12105.1 276.596
12117.1 272.002
12129.1 267.43
12141.1 262.898
12153.2 258.406
12165.2 253.956
12177.2 249.549
12189.2 245.186
12201.2 240.867
12213.2 236.564
12225.2 232.205
12237.2 227.892
12249.2 223.625
12261.3 219.404
12273.3 215.229
12285.3 211.101
12297.3 207.019
12309.3 202.983
12321.3 199.413
12333.3 196.382
12345.3 193.398
12357.4 190.462
12369.4 187.573
12381.4 184.731
12393.4 181.935
12405.4 179.185
12417.4 176.48
12429.4 174.061
12441.4 171.793
12453.5 169.57
12465.5 167.391
12477.5 165.256
12489.5 163.163
12501.5 161.113
12513.5 159.105
12525.5 157.139
12537.5 154.699
12549.5 152.262
12561.6 149.864
12573.6 147.504
12585.6 145.181
12597.6 142.895
12609.6 140.644
12621.6 138.429
12633.6 136.242
12645.6 134.053
12657.7 131.899
12669.7 129.776
12681.7 127.687
12693.7 125.628
12705.7 123.601
12717.7 121.604
12729.7 119.638
12741.7 117.27
12753.8 114.314
12765.8 111.385
12777.8 108.481
12789.8 105.602
12801.8 102.748
12813.8 99.9174
12825.8 97.1107
12837.8 94.3269
12849.8 92.2321
12861.9 90.5275
12873.9 88.8462
12885.9 87.1878
12897.9 85.5519
12909.9 83.9379
12921.9 82.3454
12933.9 80.7739
12945.9 79.2231
12958 76.885
12970 74.4538
12982 72.0402
12994 69.6437
13006 67.264
13018 64.9006
13030 62.5531
13042 60.2212
13054.1 57.9589
13066.1 56.1074
13078.1 54.2712
13090.1 52.4498
13102.1 50.6429
13114.1 48.8501
13126.1 47.0712
13138.1 45.3058
13150.2 43.5535
13162.2 41.8019
13174.2 40.0407
13186.2 38.2916
13198.2 36.5543
13210.2 34.8285
13222.2 33.1139
13234.2 31.4102
13246.2 29.7171
13258.3 28.0343
13270.3 26.6449
13282.3 25.4638
13294.3 24.2932
13306.3 23.1327
13318.3 21.982
13330.3 20.8409
13342.3 19.7092
13354.4 18.5866
13366.4 17.4728
13378.4 17.3311
13390.4 17.396
13402.4 17.4711
13414.4 17.5563
13426.4 17.6512
13438.4 17.7557
13450.5 17.8695
13462.5 17.9925
13474.5 18.0979
13486.5 17.8263
13498.5 17.5625
13510.5 17.3063
13522.5 17.0574
13534.5 16.8158
13546.5 16.5811
13558.6 16.3533
13570.6 16.132
13582.6 15.6615
13594.6 14.618
13606.6 13.579
13618.6 12.5444
13630.6 11.5141
13642.6 10.4879
13654.7 9.46561
13666.7 8.44703
13678.7 7.43203
13690.7 6.21344
13702.7 4.8215
13714.7 3.43198
13726.7 2.04472
13738.7 0.659565
13750.8 -0.723638
13762.8 -2.10504
13774.8 -3.4848
13786.8 -4.86306
13798.8 -6.19618
13810.8 -7.51524
13822.8 -8.83314
13834.8 -10.15
13846.8 -11.466
13858.9 -12.7813
13870.9 -14.096
13882.9 -15.4102
13894.9 -16.7205
13906.9 -17.8135
13918.9 -18.9061
13930.9 -19.9984
13942.9 -21.0906
13955 -22.1827
13967 -23.2749
13979 -24.3673
13991 -25.4601
14003 -26.553
14015 -27.6454
14027 -28.7386
14039 -29.8326
14051.1 -30.9276
14063.1 -32.0238
14075.1 -33.1211
14087.1 -34.2199
14099.1 -35.3201
14111.1 -36.1753
14123.1 -36.7683
14135.1 -37.3623
14147.1 -37.9574
14159.2 -38.5537
14171.2 -39.1514
14183.2 -39.7505
14195.2 -40.3512
14207.2 -40.9537
14219.2 -41.394
14231.2 -41.774
14243.2 -42.1557
14255.3 -42.5392
14267.3 -42.9246
14279.3 -43.3121
14291.3 -43.7017
14303.3 -44.0936
14315.3 -44.4879
14327.3 -45.2429
14339.3 -46.0162
14351.4 -46.7929
14363.4 -47.5731
14375.4 -48.3568
14387.4 -49.1443
14399.4 -49.9356
14411.4 -50.7309
14423.4 -51.5948
14435.4 -52.7324
14447.4 -53.8748
14459.5 -55.0223
14471.5 -56.1748
14483.5 -57.3325
14495.5 -58.4956
14507.5 -59.6641
14519.5 -60.8382
14531.5 -62.1186
14543.5 -63.5357
14555.6 -64.9592
14567.6 -66.389
14579.6 -67.8253
14591.6 -69.2684
14603.6 -70.7181
14615.6 -72.1748
14627.6 -73.6385
14639.6 -75.0894
14651.7 -76.5377
14663.7 -77.9934
14675.7 -79.4564
14687.7 -80.927
14699.7 -82.4053
14711.7 -83.8913
14723.7 -85.3853
14735.7 -86.8873
14747.7 -87.9254
14759.8 -88.925
14771.8 -89.9322
14783.8 -90.947
14795.8 -91.9696
14807.8 -93.0001
14819.8 -94.0386
14831.8 -95.0852
14843.8 -96.0524
14855.9 -96.5118
14867.9 -96.9786
14879.9 -97.453
14891.9 -97.9351
14903.9 -98.4251
14915.9 -98.923
14927.9 -99.4291
14939.9 -99.9432
14952 -100.544
14964 -101.283
14976 -102.03
14988 -102.787
15000 -103.552
15012 -104.327
15024 -105.111
15036 -105.904
15048 -106.707
15060.1 -107.766
15072.1 -108.985
15084.1 -110.215
15096.1 -111.456
15108.1 -112.707
15120.1 -113.969
15132.1 -115.242
15144.1 -116.526
15156.2 -117.821
15168.2 -119.477
15180.2 -121.206
15192.2 -122.946
15204.2 -124.698
15216.2 -126.462
15228.2 -128.238
15240.2 -130.026
15252.3 -131.827
15264.3 -133.641
15276.3 -135.477
15288.3 -137.325
15300.3 -139.186
15312.3 -141.06
15324.3 -142.946
15336.3 -144.845
15348.3 -146.757
15360.4 -148.681
15372.4 -150.567
15384.4 -152.363
15396.4 -154.171
15408.4 -155.992
15420.4 -157.825
15432.4 -159.671
15444.4 -161.53
15456.5 -163.401
15468.5 -165.285
15480.5 -166.993
15492.5 -168.568
15504.5 -170.155
15516.5 -171.754
15528.5 -173.365
15540.5 -174.988
15552.6 -176.622
15564.6 -178.268
15576.6 -179.925
15588.6 -180.893
15600.6 -181.703
15612.6 -182.523
15624.6 -183.353
15636.6 -184.192
15648.6 -185.041
15660.7 -185.898
15672.7 -186.765
15684.7 -187.657
15696.7 -188.942
15708.7 -190.235
15720.7 -191.537
15732.7 -192.848
15744.7 -194.168
15756.8 -195.495
15768.8 -196.83
15780.8 -198.173
15792.8 -199.797
15804.8 -202.156
15816.8 -204.523
15828.8 -206.898
15840.8 -209.28
15852.9 -211.669
15864.9 -214.065
15876.9 -216.467
15888.9 -218.874
15900.9 -221.744
15912.9 -225.048
15924.9 -228.358
15936.9 -231.673
15948.9 -234.993
15961 -238.317
15973 -241.645
15985 -244.976
15997 -248.309
16009 -251.101
16021 -253.713
16033 -256.325
16045 -258.935
16057.1 -261.543
16069.1 -264.15
16081.1 -266.753
16093.1 -269.352
16105.1 -271.947
16117.1 -274.643
16129.1 -277.336
16141.1 -280.022
16153.2 -282.7
16165.2 -285.371
16177.2 -288.032
16189.2 -290.683
16201.2 -293.323
16213.2 -295.69
16225.2 -297.145
16237.2 -298.585
16249.2 -300.009
16261.3 -301.417
16273.3 -302.806
16285.3 -304.177
16297.3 -305.528
16309.3 -306.858
16321.3 -308.185
16333.3 -309.511
16345.3 -310.814
16357.4 -312.093
16369.4 -313.346
16381.4 -314.573
16393.4 -315.773
16405.4 -316.944
16417.4 -318.087
16429.4 -320.038
16441.4 -322.33
16453.5 -324.593
16465.5 -326.824
16477.5 -329.023
16489.5 -331.19
16501.5 -333.323
16513.5 -335.421
16525.5 -337.484
16537.5 -339.601
16549.5 -341.688
16561.6 -343.737
16573.6 -345.748
16585.6 -347.719
16597.6 -349.65
16609.6 -351.54
16621.6 -353.389
16633.6 -355.223
16645.6 -357.149
16657.7 -359.031
16669.7 -360.87
16681.7 -362.665
16693.7 -364.415
16705.7 -366.119
16717.7 -367.778
16729.7 -369.391
16741.7 -370.864
16753.8 -372.158
16765.8 -373.404
16777.8 -374.602
16789.8 -375.753
16801.8 -376.855
16813.8 -377.908
16825.8 -378.914
16837.8 -379.87
16849.8 -380.085
16861.9 -379.869
16873.9 -379.602
16885.9 -379.285
16897.9 -378.918
16909.9 -378.502
16921.9 -378.036
16933.9 -377.52
16945.9 -376.956
16958 -376.281
16970 -375.55
16982 -374.77
16994 -373.943
17006 -373.068
17018 -372.147
17030 -371.178
17042 -370.164
17054.1 -369.174
17066.1 -368.642
17078.1 -368.068
17090.1 -367.45
17102.1 -366.79
17114.1 -366.089
17126.1 -365.348
17138.1 -364.566
17150.2 -363.745
17162.2 -362.797
17174.2 -361.65
17186.2 -360.465
17198.2 -359.244
17210.2 -357.988
17222.2 -356.696
17234.2 -355.371
17246.2 -354.013
17258.3 -352.623
17270.3 -350.864
17282.3 -348.839
17294.3 -346.782
17306.3 -344.697
17318.3 -342.583
17330.3 -340.442
17342.3 -338.274
17354.4 -336.08
17366.4 -333.862
17378.4 -331.873
17390.4 -329.912
17402.4 -327.93
17414.4 -325.927
17426.4 -323.904
17438.4 -321.863
17450.5 -319.803
17462.5 -317.725
17474.5 -315.601
17486.5 -313.018
17498.5 -310.42
17510.5 -307.806
17522.5 -305.18
17534.5 -302.54
17546.5 -299.888
17558.6 -297.224
17570.6 -294.55
17582.6 -291.64
17594.6 -288.211
17606.6 -284.772
17618.6 -281.324
17630.6 -277.869
17642.6 -274.405
17654.7 -270.935
17666.7 -267.459
17678.7 -263.977
17690.7 -262.66
17702.7 -263.189
17714.7 -263.719
17726.7 -264.251
17738.7 -264.786
17750.8 -265.325
17762.8 -265.867
17774.8 -266.414
17786.8 -266.966
17798.8 -265.665
17810.8 -263.826
17822.8 -261.99
17834.8 -260.157
17846.8 -258.328
17858.9 -256.503
17870.9 -254.683
17882.9 -252.867
17894.9 -251.058
17906.9 -249.253
17918.9 -247.455
17930.9 -245.663
17942.9 -243.878
17955 -242.1
17967 -240.329
17979 -238.566
17991 -236.81
18003 -235.062
18015 -233.323
18027 -231.591
18039 -229.869
18051.1 -228.155
18063.1 -226.451
18075.1 -224.756
18087.1 -223.07
18099.1 -221.393
18111.1 -219.727
18123.1 -218.07
18135.1 -216.423
18147.1 -214.786
18159.2 -213.159
18171.2 -211.543
18183.2 -209.937
18195.2 -208.342
18207.2 -206.757
18219.2 -205.183
18231.2 -203.62
18243.2 -202.068
18255.3 -200.526
18267.3 -198.995
18279.3 -197.476
18291.3 -195.967
18303.3 -194.469
18315.3 -192.983
18327.3 -191.507
18339.3 -190.043
18351.4 -188.59
18363.4 -187.148
18375.4 -185.717
18387.4 -184.297
18399.4 -182.888
18411.4 -181.491
18423.4 -180.104
18435.4 -178.729
18447.4 -177.365
18459.5 -176.012
18471.5 -174.669
18483.5 -173.338
18495.5 -172.018
18507.5 -170.709
18519.5 -169.411
18531.5 -168.124
18543.5 -166.847
18555.6 -165.581
18567.6 -164.326
18579.6 -163.082
18591.6 -161.848
18603.6 -160.625
18615.6 -159.413
18627.6 -158.211
18639.6 -157.019
18651.7 -155.838
18663.7 -154.667
18675.7 -153.506
18687.7 -152.356
18699.7 -151.215
18711.7 -150.085
18723.7 -148.965
18735.7 -147.854
18747.7 -146.754
18759.8 -145.663
18771.8 -144.582
18783.8 -143.511
18795.8 -142.449
18807.8 -141.397
18819.8 -140.354
18831.8 -139.32
18843.8 -138.296
18855.9 -137.281
18867.9 -136.275
18879.9 -135.279
18891.9 -134.291
18903.9 -133.312
18915.9 -132.343
18927.9 -131.381
18939.9 -130.429
18952 -129.485
18964 -128.55
18976 -127.624
18988 -126.705
19000 -125.795
