7000 -5.04925
7012.01 -5.54244
7024.02 -6.06458
7036.04 -6.61633
7048.05 -7.19806
7060.06 -7.80978
7072.07 -8.45108
7084.08 -9.12099
7096.1 -9.81787
7108.11 -10.5393
7120.12 -11.2819
7132.13 -12.0413
7144.14 -12.812
7156.16 -13.5871
7168.17 -14.3585
7180.18 -15.1168
7192.19 -15.8511
7204.2 -16.5497
7216.22 -17.1999
7228.23 -17.7885
7240.24 -18.3022
7252.25 -18.7283
7264.26 -19.0551
7276.28 -19.2725
7288.29 -19.3728
7300.3 -19.3507
7312.31 -19.204
7324.32 -18.9336
7336.34 -18.5432
7348.35 -18.0395
7360.36 -17.4315
7372.37 -16.7298
7384.38 -15.9464
7396.4 -15.094
7408.41 -14.1855
7420.42 -13.2331
7432.43 -12.2486
7444.44 -11.2428
7456.46 -10.2252
7468.47 -9.20403
7480.48 -8.18631
7492.49 -7.17781
7504.5 -6.18312
7516.52 -5.20579
7528.53 -4.24843
7540.54 -3.31281
7552.55 -2.40005
7564.56 -1.51065
7576.58 -0.644653
7588.59 0.270857
7600.6 1.1821
7612.61 2.07213
7624.62 2.94203
7636.64 3.79301
7648.65 4.62637
7660.66 5.44348
7672.67 6.24573
7684.68 7.03008
7696.7 7.69362
7708.71 8.34619
7720.72 8.98919
7732.73 9.62397
7744.74 10.2519
7756.76 10.8741
7768.77 11.4921
7780.78 12.1069
7792.79 12.7805
7804.8 13.6125
7816.82 14.4454
7828.83 15.2804
7840.84 16.1184
7852.85 16.9604
7864.86 17.8073
7876.88 18.6601
7888.89 19.5195
7900.9 20.1708
7912.91 20.6246
7924.92 21.086
7936.94 21.5557
7948.95 22.0341
7960.96 22.5218
7972.97 23.0192
7984.98 23.5266
7997 24.0442
8009.01 24.8258
8021.02 25.7031
8033.03 26.5916
8045.05 27.491
8057.06 28.4009
8069.07 29.3205
8081.08 30.2492
8093.09 31.1858
8105.11 32.1293
8117.12 32.5772
8129.13 33.0207
8141.14 33.4644
8153.15 33.9061
8165.17 34.3434
8177.18 34.7735
8189.19 35.1936
8201.2 35.6005
8213.21 36.2137
8225.23 37.5832
8237.24 38.932
8249.25 40.2563
8261.26 41.5524
8273.27 42.8165
8285.29 44.0449
8297.3 45.2342
8309.31 46.381
8321.32 47.0291
8333.33 47.0959
8345.35 47.1095
8357.36 47.0682
8369.37 46.9707
8381.38 46.8161
8393.39 46.6045
8405.41 46.336
8417.42 46.0118
8429.43 45.9243
8441.44 45.9115
8453.45 45.8499
8465.47 45.7422
8477.48 45.5916
8489.49 45.4013
8501.5 45.1751
8513.51 44.9166
8525.53 44.6295
8537.54 44.3177
8549.55 43.985
8561.56 43.6349
8573.57 43.271
8585.59 42.8967
8597.6 42.5152
8609.61 42.1294
8621.62 41.742
8633.63 41.3557
8645.65 40.9726
8657.66 40.5948
8669.67 40.2243
8681.68 39.8626
8693.69 39.5111
8705.71 39.171
8717.72 38.8435
8729.73 38.5294
8741.74 38.2294
8753.75 37.9442
8765.77 37.6742
8777.78 37.4197
8789.79 37.1811
8801.8 36.9586
8813.81 36.7521
8825.83 36.5618
8837.84 36.3876
8849.85 36.2295
8861.86 36.0874
8873.87 35.9611
8885.89 35.8503
8897.9 35.7551
8909.91 35.675
8921.92 35.6099
8933.93 35.5596
8945.95 35.5238
8957.96 35.5022
8969.97 35.4946
8981.98 35.5008
8993.99 35.5204
9006.01 35.5533
9018.02 35.5992
9030.03 35.6578
9042.04 35.7289
9054.05 35.8124
9066.07 35.9079
9078.08 36.0153
9090.09 36.1344
9102.1 36.265
9114.11 36.4068
9126.13 36.5599
9138.14 36.7239
9150.15 36.8987
9162.16 37.0842
9174.17 37.2803
9186.19 37.4868
9198.2 37.7036
9210.21 37.9307
9222.22 38.1678
9234.23 38.415
9246.25 38.6721
9258.26 38.9391
9270.27 39.2159
9282.28 39.5025
9294.29 39.7988
9306.31 40.1048
9318.32 40.4205
9330.33 40.7457
9342.34 41.0806
9354.35 41.4251
9366.37 41.7792
9378.38 42.1429
9390.39 42.5163
9402.4 42.8993
9414.41 43.2919
9426.43 43.6943
9438.44 44.1064
9450.45 44.5283
9462.46 44.9601
9474.47 45.4017
9486.49 45.8534
9498.5 46.315
9510.51 46.7868
9522.52 47.2688
9534.53 47.761
9546.55 48.2637
9558.56 48.7768
9570.57 49.3005
9582.58 49.8349
9594.59 50.3801
9606.61 50.9362
9618.62 51.5034
9630.63 52.0818
9642.64 52.6715
9654.65 53.2728
9666.67 53.8856
9678.68 54.5103
9690.69 55.1469
9702.7 55.7956
9714.71 56.4567
9726.73 57.1302
9738.74 57.8164
9750.75 58.5154
9762.76 59.2275
9774.77 59.9528
9786.79 60.6917
9798.8 61.4442
9810.81 62.2106
9822.82 62.9912
9834.83 63.7861
9846.85 64.5956
9858.86 65.42
9870.87 66.2595
9882.88 67.1144
9894.89 67.985
9906.91 68.8714
9918.92 69.774
9930.93 70.6931
9942.94 71.629
9954.95 72.582
9966.97 73.5523
9978.98 74.5403
9990.99 75.5464
10003 76.5707
10015 77.6138
10027 78.6758
10039 79.7572
10051.1 80.8583
10063.1 81.9795
10075.1 83.1211
10087.1 84.2835
10099.1 85.4672
10111.1 86.6724
10123.1 87.8995
10135.1 89.1491
10147.1 90.4214
10159.2 91.7169
10171.2 93.0361
10183.2 94.3793
10195.2 95.747
10207.2 97.1395
10219.2 98.5575
10231.2 100.001
10243.2 101.471
10255.3 102.968
10267.3 104.492
10279.3 106.043
10291.3 107.623
10303.3 109.231
10315.3 110.868
10327.3 112.535
10339.3 114.232
10351.4 115.959
10363.4 117.718
10375.4 119.508
10387.4 121.329
10399.4 123.183
10411.4 125.07
10423.4 126.991
10435.4 128.945
10447.4 130.933
10459.5 132.956
10471.5 135.014
10483.5 137.108
10495.5 139.237
10507.5 141.403
10519.5 143.606
10531.5 145.846
10543.5 148.123
10555.6 150.438
10567.6 152.791
10579.6 155.183
10591.6 157.613
10603.6 160.081
10615.6 162.589
10627.6 165.136
10639.6 167.721
10651.7 170.346
10663.7 173.01
10675.7 175.714
10687.7 178.456
10699.7 181.237
10711.7 184.056
10723.7 186.914
10735.7 189.81
10747.7 192.743
10759.8 195.713
10771.8 198.72
10783.8 201.761
10795.8 204.838
10807.8 207.949
10819.8 211.092
10831.8 214.267
10843.8 217.472
10855.9 220.707
10867.9 223.969
10879.9 227.257
10891.9 230.569
10903.9 233.903
10915.9 237.258
10927.9 240.631
10939.9 244.02
10952 247.422
10964 250.835
10976 254.255
10988 257.681
11000 261.108
11012 264.534
11024 267.955
11036 271.367
11048 274.767
11060.1 278.151
11072.1 281.515
11084.1 284.855
11096.1 288.166
11108.1 291.444
11120.1 294.684
11132.1 297.882
11144.1 301.034
11156.2 304.133
11168.2 307.175
11180.2 310.156
11192.2 313.07
11204.2 315.913
11216.2 318.678
11228.2 321.362
11240.2 323.96
11252.3 326.465
11264.3 328.875
11276.3 331.183
11288.3 333.386
11300.3 335.478
11312.3 337.456
11324.3 339.316
11336.3 341.053
11348.3 342.664
11360.4 344.146
11372.4 344.736
11384.4 343.653
11396.4 342.426
11408.4 341.055
11420.4 339.537
11432.4 337.87
11444.4 336.054
11456.5 334.088
11468.5 331.97
11480.5 330.482
11492.5 329.448
11504.5 328.266
11516.5 326.938
11528.5 325.465
11540.5 323.848
11552.6 322.09
11564.6 320.193
11576.6 318.16
11588.6 317.041
11600.6 316.046
11612.6 314.926
11624.6 313.685
11636.6 312.327
11648.6 310.857
11660.7 309.277
11672.7 307.593
11684.7 305.816
11696.7 304.109
11708.7 302.311
11720.7 300.428
11732.7 298.464
11744.7 296.423
11756.8 294.311
11768.8 292.132
11780.8 289.891
11792.8 287.483
11804.8 284.728
11816.8 281.925
11828.8 279.078
11840.8 276.19
11852.9 273.266
11864.9 270.311
11876.9 267.328
11888.9 264.321
11900.9 261.683
11912.9 259.395
11924.9 257.095
11936.9 254.787
11948.9 252.474
11961 250.16
11973 247.847
11985 245.538
11997 243.236
12009 240.706
12021 238.109
12033 235.525
12045 232.956
12057.1 230.404
12069.1 227.871
12081.1 225.359
12093.1 222.868
12105.1 220.401
12117.1 217.15
12129.1 213.91
12141.1 210.696
12153.2 207.508
12165.2 204.347
12177.2 201.215
12189.2 198.113
12201.2 195.039
12213.2 191.93
12225.2 188.62
12237.2 185.341
12249.2 182.094
12261.3 178.877
12273.3 175.693
12285.3 172.54
12297.3 169.419
12309.3 166.33
12321.3 163.474
12333.3 160.885
12345.3 158.329
12357.4 155.807
12369.4 153.316
12381.4 150.859
12393.4 148.434
12405.4 146.041
12417.4 143.68
12429.4 141.39
12441.4 139.148
12453.5 136.938
12465.5 134.759
12477.5 132.611
12489.5 130.493
12501.5 128.405
12513.5 126.347
12525.5 124.318
12537.5 121.935
12549.5 119.554
12561.6 117.201
12573.6 114.874
12585.6 112.574
12597.6 110.3
12609.6 108.052
12621.6 105.829
12633.6 103.689
12645.6 101.86
12657.7 100.055
12669.7 98.2749
12681.7 96.5186
12693.7 94.7859
12705.7 93.0764
12717.7 91.3896
12729.7 89.7251
12741.7 87.8225
12753.8 85.5684
12765.8 83.3344
12777.8 81.1199
12789.8 78.9246
12801.8 76.7481
12813.8 74.5901
12825.8 72.4501
12837.8 70.3278
12849.8 68.9257
12861.9 67.9287
12873.9 66.9505
12885.9 65.9905
12897.9 65.0485
12909.9 64.1241
12921.9 63.2171
12933.9 62.3269
12945.9 61.4534
12958 60.0026
12970 58.4847
12982 56.9814
12994 55.4921
13006 54.0167
13018 52.5548
13030 51.1061
13042 49.6704
13054.1 48.2958
13066.1 47.2859
13078.1 46.2889
13090.1 45.3044
13102.1 44.3323
13114.1 43.3722
13126.1 42.4239
13138.1 41.4872
13150.2 40.5618
13162.2 39.5313
13174.2 38.3002
13186.2 37.079
13198.2 35.8676
13210.2 34.6657
13222.2 33.4731
13234.2 32.2896
13246.2 31.1151
13258.3 29.9491
13270.3 28.7041
13282.3 27.406
13294.3 26.1156
13306.3 24.8328
13318.3 23.5574
13330.3 22.2893
13342.3 21.0281
13354.4 19.7738
13366.4 18.5261
13378.4 17.9535
13390.4 17.5248
13402.4 17.1037
13414.4 16.69
13426.4 16.2835
13438.4 15.8841
13450.5 15.4917
13462.5 15.1059
13474.5 14.7288
13486.5 14.3874
13498.5 14.0524
13510.5 13.7236
13522.5 13.4008
13534.5 13.0839
13546.5 12.7728
13558.6 12.4674
13570.6 12.1674
13582.6 11.7489
13594.6 11.0547
13606.6 10.3649
13618.6 9.67936
13630.6 8.99794
13642.6 8.32052
13654.7 7.64699
13666.7 6.97721
13678.7 6.31106
13690.7 5.62406
13702.7 4.91967
13714.7 4.21849
13726.7 3.52041
13738.7 2.82531
13750.8 2.13308
13762.8 1.44362
13774.8 0.756816
13786.8 0.0725669
13798.8 -0.645528
13810.8 -1.37194
13822.8 -2.09619
13834.8 -2.81838
13846.8 -3.5386
13858.9 -4.25696
13870.9 -4.97355
13882.9 -5.68846
13894.9 -6.4028
13906.9 -7.17654
13918.9 -7.94898
13930.9 -8.72023
13942.9 -9.49038
13955 -10.2595
13967 -11.0277
13979 -11.7951
13991 -12.5617
14003 -13.3748
14015 -14.3291
14027 -15.2833
14039 -16.2373
14051.1 -17.1913
14063.1 -18.1455
14075.1 -19.0997
14087.1 -20.0542
14099.1 -21.0089
14111.1 -21.9019
14123.1 -22.7288
14135.1 -23.556
14147.1 -24.3836
14159.2 -25.2117
14171.2 -26.0403
14183.2 -26.8695
14195.2 -27.6994
14207.2 -28.5301
14219.2 -29.1279
14231.2 -29.6379
14243.2 -30.1484
14255.3 -30.6593
14267.3 -31.1708
14279.3 -31.6829
14291.3 -32.1957
14303.3 -32.7093
14315.3 -33.2237
14327.3 -33.7959
14339.3 -34.3715
14351.4 -34.9483
14363.4 -35.5263
14375.4 -36.1055
14387.4 -36.686
14399.4 -37.2679
14411.4 -37.8513
14423.4 -38.4464
14435.4 -39.0861
14447.4 -39.7275
14459.5 -40.3706
14471.5 -41.0156
14483.5 -41.6625
14495.5 -42.3113
14507.5 -42.9621
14519.5 -43.615
14531.5 -44.2978
14543.5 -45.0188
14555.6 -45.7422
14567.6 -46.4679
14579.6 -47.1961
14591.6 -47.9268
14603.6 -48.66
14615.6 -49.3958
14627.6 -50.1343
14639.6 -50.9894
14651.7 -51.9037
14663.7 -52.8211
14675.7 -53.7416
14687.7 -54.6653
14699.7 -55.5922
14711.7 -56.5224
14723.7 -57.4559
14735.7 -58.3928
14747.7 -59.2765
14759.8 -60.1582
14771.8 -61.0432
14783.8 -61.9316
14795.8 -62.8235
14807.8 -63.719
14819.8 -64.618
14831.8 -65.5206
14843.8 -66.3999
14855.9 -67.124
14867.9 -67.8516
14879.9 -68.5827
14891.9 -69.3171
14903.9 -70.0552
14915.9 -70.7967
14927.9 -71.5418
14939.9 -72.2905
14952 -72.9643
14964 -73.5127
14976 -74.0644
14988 -74.6195
15000 -75.178
15012 -75.7399
15024 -76.3053
15036 -76.8741
15048 -77.4464
15060.1 -78.0214
15072.1 -78.5994
15084.1 -79.181
15096.1 -79.7661
15108.1 -80.3547
15120.1 -80.9469
15132.1 -81.5427
15144.1 -82.142
15156.2 -82.7448
15168.2 -83.4004
15180.2 -84.0681
15192.2 -84.7393
15204.2 -85.4142
15216.2 -86.0928
15228.2 -86.775
15240.2 -87.4608
15252.3 -88.1501
15264.3 -88.8507
15276.3 -89.6327
15288.3 -90.4185
15300.3 -91.2078
15312.3 -92.0009
15324.3 -92.7975
15336.3 -93.5977
15348.3 -94.4014
15360.4 -95.2086
15372.4 -96.0365
15384.4 -96.9028
15396.4 -97.7724
15408.4 -98.6455
15420.4 -99.5219
15432.4 -100.402
15444.4 -101.285
15456.5 -102.171
15468.5 -103.06
15480.5 -104.022
15492.5 -105.041
15504.5 -106.063
15516.5 -107.088
15528.5 -108.117
15540.5 -109.148
15552.6 -110.181
15564.6 -111.218
15576.6 -112.257
15588.6 -113.06
15600.6 -113.808
15612.6 -114.558
15624.6 -115.31
15636.6 -116.063
15648.6 -116.818
15660.7 -117.574
15672.7 -118.331
15684.7 -119.088
15696.7 -119.817
15708.7 -120.545
15720.7 -121.275
15732.7 -122.005
15744.7 -122.735
15756.8 -123.466
15768.8 -124.196
15780.8 -124.927
15792.8 -125.719
15804.8 -126.676
15816.8 -127.633
15828.8 -128.59
15840.8 -129.545
15852.9 -130.5
15864.9 -131.454
15876.9 -132.406
15888.9 -133.357
15900.9 -134.54
15912.9 -135.939
15924.9 -137.337
15936.9 -138.734
15948.9 -140.128
15961 -141.521
15973 -142.911
15985 -144.298
15997 -145.683
16009 -146.875
16021 -148
16033 -149.121
16045 -150.238
16057.1 -151.35
16069.1 -152.458
16081.1 -153.56
16093.1 -154.658
16105.1 -155.75
16117.1 -157.224
16129.1 -158.699
16141.1 -160.169
16153.2 -161.632
16165.2 -163.089
16177.2 -164.54
16189.2 -165.983
16201.2 -167.42
16213.2 -168.797
16225.2 -169.986
16237.2 -171.168
16249.2 -172.341
16261.3 -173.505
16273.3 -174.66
16285.3 -175.805
16297.3 -176.941
16309.3 -178.066
16321.3 -179.123
16333.3 -180.099
16345.3 -181.065
16357.4 -182.019
16369.4 -182.961
16381.4 -183.892
16393.4 -184.81
16405.4 -185.716
16417.4 -186.609
16429.4 -187.667
16441.4 -188.791
16453.5 -189.902
16465.5 -190.999
16477.5 -192.083
16489.5 -193.153
16501.5 -194.209
16513.5 -195.25
16525.5 -196.277
16537.5 -197.136
16549.5 -197.971
16561.6 -198.789
16573.6 -199.592
16585.6 -200.379
16597.6 -201.15
16609.6 -201.905
16621.6 -202.643
16633.6 -203.392
16645.6 -204.263
16657.7 -205.117
16669.7 -205.954
16681.7 -206.774
16693.7 -207.577
16705.7 -208.363
16717.7 -209.131
16729.7 -209.882
16741.7 -210.661
16753.8 -211.489
16765.8 -212.3
16777.8 -213.092
16789.8 -213.867
16801.8 -214.624
16813.8 -215.364
16825.8 -216.085
16837.8 -216.789
16849.8 -217.226
16861.9 -217.509
16873.9 -217.773
16885.9 -218.019
16897.9 -218.247
16909.9 -218.456
16921.9 -218.646
16933.9 -218.819
16945.9 -218.973
16958 -218.749
16970 -218.456
16982 -218.146
16994 -217.816
17006 -217.469
17018 -217.103
17030 -216.718
17042 -216.316
17054.1 -215.889
17066.1 -215.392
17078.1 -214.878
17090.1 -214.346
17102.1 -213.796
17114.1 -213.23
17126.1 -212.646
17138.1 -212.046
17150.2 -211.429
17162.2 -210.689
17174.2 -209.738
17186.2 -208.771
17198.2 -207.788
17210.2 -206.789
17222.2 -205.774
17234.2 -204.743
17246.2 -203.698
17258.3 -202.637
17270.3 -201.477
17282.3 -200.244
17294.3 -198.997
17306.3 -197.735
17318.3 -196.459
17330.3 -195.17
17342.3 -193.867
17354.4 -192.551
17366.4 -191.222
17378.4 -190.239
17390.4 -189.317
17402.4 -188.384
17414.4 -187.44
17426.4 -186.485
17438.4 -185.519
17450.5 -184.542
17462.5 -183.555
17474.5 -182.565
17486.5 -181.649
17498.5 -180.725
17510.5 -179.791
17522.5 -178.849
17534.5 -177.898
17546.5 -176.939
17558.6 -175.973
17570.6 -174.998
17582.6 -173.798
17594.6 -172.095
17606.6 -170.384
17618.6 -168.666
17630.6 -166.941
17642.6 -165.208
17654.7 -163.469
17666.7 -161.723
17678.7 -159.971
17690.7 -159.63
17702.7 -160.492
17714.7 -161.353
17726.7 -162.211
17738.7 -163.068
17750.8 -163.924
17762.8 -164.778
17774.8 -165.632
17786.8 -166.484
17798.8 -166.047
17810.8 -165.231
17822.8 -164.412
17834.8 -163.592
17846.8 -162.769
17858.9 -161.945
17870.9 -161.119
17882.9 -160.292
17894.9 -159.464
17906.9 -158.634
17918.9 -157.804
17930.9 -156.974
17942.9 -156.143
17955 -155.311
17967 -154.48
17979 -153.648
17991 -152.817
18003 -151.986
18015 -151.155
18027 -150.325
18039 -149.496
18051.1 -148.668
18063.1 -147.841
18075.1 -147.015
18087.1 -146.19
18099.1 -145.366
18111.1 -144.545
18123.1 -143.724
18135.1 -142.906
18147.1 -142.089
18159.2 -141.274
18171.2 -140.462
18183.2 -139.651
18195.2 -138.843
18207.2 -138.037
18219.2 -137.233
18231.2 -136.432
18243.2 -135.634
18255.3 -134.838
18267.3 -134.045
18279.3 -133.255
18291.3 -132.467
18303.3 -131.683
18315.3 -130.901
18327.3 -130.123
18339.3 -129.348
18351.4 -128.576
18363.4 -127.808
18375.4 -127.042
18387.4 -126.28
18399.4 -125.522
18411.4 -124.767
18423.4 -124.015
18435.4 -123.267
18447.4 -122.523
18459.5 -121.782
18471.5 -121.045
18483.5 -120.311
18495.5 -119.581
18507.5 -118.855
18519.5 -118.133
18531.5 -117.415
18543.5 -116.7
18555.6 -115.99
18567.6 -115.283
18579.6 -114.58
18591.6 -113.881
18603.6 -113.186
18615.6 -112.495
18627.6 -111.808
18639.6 -111.125
18651.7 -110.446
18663.7 -109.77
18675.7 -109.099
18687.7 -108.432
18699.7 -107.769
18711.7 -107.11
18723.7 -106.455
18735.7 -105.804
18747.7 -105.157
18759.8 -104.514
18771.8 -103.875
18783.8 -103.24
18795.8 -102.61
18807.8 -101.983
18819.8 -101.36
18831.8 -100.741
18843.8 -100.127
18855.9 -99.5158
18867.9 -98.9091
18879.9 -98.3064
18891.9 -97.7076
18903.9 -97.1128
18915.9 -96.522
18927.9 -95.9352
18939.9 -95.3523
18952 -94.7733
18964 -94.1982
18976 -93.6271
18988 -93.0598
19000 -92.4965
