7000 -35.302
7012.01 -36.4477
7024.02 -37.6386
7036.04 -38.8767
7048.05 -40.1636
7060.06 -41.5013
7072.07 -42.8914
7084.08 -44.3359
7096.1 -45.8365
7108.11 -47.3951
7120.12 -49.0132
7132.13 -50.6926
7144.14 -52.4348
7156.16 -54.2411
7168.17 -56.1128
7180.18 -58.0508
7192.19 -60.0559
7204.2 -62.1285
7216.22 -64.2685
7228.23 -66.4757
7240.24 -68.7489
7252.25 -71.0868
7264.26 -73.4872
7276.28 -75.947
7288.29 -78.4626
7300.3 -81.0293
7312.31 -83.6412
7324.32 -86.2916
7336.34 -88.9725
7348.35 -91.6745
7360.36 -94.3873
7372.37 -97.0988
7384.38 -99.7958
7396.4 -102.464
7408.41 -105.087
7420.42 -107.649
7432.43 -110.132
7444.44 -112.517
7456.46 -114.784
7468.47 -116.916
7480.48 -118.892
7492.49 -120.694
7504.5 -122.304
7516.52 -123.705
7528.53 -124.884
7540.54 -125.826
7552.55 -126.523
7564.56 -126.966
7576.58 -127.151
7588.59 -126.633
7600.6 -125.745
7612.61 -124.601
7624.62 -123.209
7636.64 -121.578
7648.65 -119.721
7660.66 -117.651
7672.67 -115.385
7684.68 -112.972
7696.7 -111.193
7708.71 -109.274
7720.72 -107.233
7732.73 -105.089
7744.74 -102.859
7756.76 -100.561
7768.77 -98.2107
7780.78 -95.8231
7792.79 -93.5043
7804.8 -91.4162
7816.82 -89.33
7828.83 -87.2559
7840.84 -85.2027
7852.85 -83.1782
7864.86 -81.1891
7876.88 -79.2407
7888.89 -77.3378
7900.9 -75.3999
7912.91 -73.4337
7924.92 -71.521
7936.94 -69.6631
7948.95 -67.8609
7960.96 -66.1146
7972.97 -64.4241
7984.98 -62.7887
7997 -61.2074
8009.01 -59.0418
8021.02 -56.713
8033.03 -54.4309
8045.05 -52.1934
8057.06 -49.9984
8069.07 -47.8432
8081.08 -45.7252
8093.09 -43.6415
8105.11 -41.589
8117.12 -39.6849
8129.13 -37.8073
8141.14 -35.9509
8153.15 -34.1118
8165.17 -32.2859
8177.18 -30.4688
8189.19 -28.6558
8201.2 -26.8416
8213.21 -24.8631
8225.23 -22.3224
8237.24 -19.7607
8249.25 -17.1709
8261.26 -14.5457
8273.27 -11.8769
8285.29 -9.15591
8297.3 -6.37349
8309.31 -3.52016
8321.32 -1.57339
8333.33 -0.697686
8345.35 0.270541
8357.36 1.3383
8369.37 2.50976
8381.38 3.78466
8393.39 5.15622
8405.41 6.6087
8417.42 8.11469
8429.43 10.4819
8441.44 13.1746
8453.45 15.752
8465.47 18.1278
8477.48 20.2098
8489.49 21.9091
8501.5 23.153
8513.51 23.8961
8525.53 24.1284
8537.54 23.8774
8549.55 23.2027
8561.56 22.1861
8573.57 20.9194
8585.59 19.4932
8597.6 17.9886
8609.61 16.4721
8621.62 14.9947
8633.63 13.5923
8645.65 12.2881
8657.66 11.0949
8669.67 10.0179
8681.68 9.05696
8693.69 8.20814
8705.71 7.46534
8717.72 6.82122
8729.73 6.26788
8741.74 5.79739
8753.75 5.40205
8765.77 5.0746
8777.78 4.80831
8789.79 4.597
8801.8 4.43509
8813.81 4.31752
8825.83 4.23978
8837.84 4.19783
8849.85 4.18805
8861.86 4.20724
8873.87 4.25256
8885.89 4.32147
8897.9 4.41171
8909.91 4.52129
8921.92 4.64844
8933.93 4.79158
8945.95 4.9493
8957.96 5.12037
8969.97 5.30367
8981.98 5.49822
8993.99 5.70314
9006.01 5.91766
9018.02 6.14107
9030.03 6.37277
9042.04 6.6122
9054.05 6.85888
9066.07 7.11236
9078.08 7.37228
9090.09 7.63827
9102.1 7.91005
9114.11 8.18734
9126.13 8.46992
9138.14 8.75757
9150.15 9.05011
9162.16 9.34739
9174.17 9.64927
9186.19 9.95563
9198.2 10.2664
9210.21 10.5814
9222.22 10.9007
9234.23 11.2242
9246.25 11.5518
9258.26 11.8836
9270.27 12.2194
9282.28 12.5593
9294.29 12.9033
9306.31 13.2513
9318.32 13.6035
9330.33 13.9598
9342.34 14.3203
9354.35 14.6849
9366.37 15.0538
9378.38 15.427
9390.39 15.8045
9402.4 16.1864
9414.41 16.5728
9426.43 16.9637
9438.44 17.3592
9450.45 17.7594
9462.46 18.1643
9474.47 18.5741
9486.49 18.9889
9498.5 19.4086
9510.51 19.8336
9522.52 20.2637
9534.53 20.6993
9546.55 21.1403
9558.56 21.5868
9570.57 22.0391
9582.58 22.4972
9594.59 22.9612
9606.61 23.4313
9618.62 23.9076
9630.63 24.3903
9642.64 24.8795
9654.65 25.3754
9666.67 25.878
9678.68 26.3876
9690.69 26.9043
9702.7 27.4283
9714.71 27.9598
9726.73 28.4989
9738.74 29.0458
9750.75 29.6006
9762.76 30.1637
9774.77 30.7352
9786.79 31.3152
9798.8 31.904
9810.81 32.5018
9822.82 33.1088
9834.83 33.7252
9846.85 34.3512
9858.86 34.9872
9870.87 35.6333
9882.88 36.2897
9894.89 36.9568
9906.91 37.6348
9918.92 38.3238
9930.93 39.0244
9942.94 39.7366
9954.95 40.4607
9966.97 41.1972
9978.98 41.9462
9990.99 42.7081
10003 43.4833
10015 44.2719
10027 45.0744
10039 45.8911
10051.1 46.7224
10063.1 47.5685
10075.1 48.43
10087.1 49.3071
10099.1 50.2003
10111.1 51.1099
10123.1 52.0364
10135.1 52.9801
10147.1 53.9416
10159.2 54.9212
10171.2 55.9194
10183.2 56.9366
10195.2 57.9734
10207.2 59.0302
10219.2 60.1076
10231.2 61.206
10243.2 62.3259
10255.3 63.4679
10267.3 64.6325
10279.3 65.8203
10291.3 67.0319
10303.3 68.2678
10315.3 69.5287
10327.3 70.8152
10339.3 72.1278
10351.4 73.4672
10363.4 74.8341
10375.4 76.2291
10387.4 77.653
10399.4 79.1063
10411.4 80.5898
10423.4 82.1042
10435.4 83.6503
10447.4 85.2287
10459.5 86.8403
10471.5 88.4857
10483.5 90.1658
10495.5 91.8812
10507.5 93.6329
10519.5 95.4216
10531.5 97.2481
10543.5 99.1132
10555.6 101.018
10567.6 102.962
10579.6 104.948
10591.6 106.976
10603.6 109.046
10615.6 111.159
10627.6 113.317
10639.6 115.52
10651.7 117.768
10663.7 120.063
10675.7 122.406
10687.7 124.796
10699.7 127.234
10711.7 129.722
10723.7 132.26
10735.7 134.848
10747.7 137.487
10759.8 140.178
10771.8 142.92
10783.8 145.714
10795.8 148.56
10807.8 151.458
10819.8 154.409
10831.8 157.413
10843.8 160.468
10855.9 163.576
10867.9 166.735
10879.9 169.944
10891.9 173.204
10903.9 176.514
10915.9 179.871
10927.9 183.276
10939.9 186.726
10952 190.22
10964 193.756
10976 197.332
10988 200.945
11000 204.593
11012 208.273
11024 211.981
11036 215.714
11048 219.468
11060.1 223.24
11072.1 227.024
11084.1 230.816
11096.1 234.61
11108.1 238.402
11120.1 242.185
11132.1 245.953
11144.1 249.7
11156.2 253.419
11168.2 257.103
11180.2 260.745
11192.2 264.338
11204.2 267.872
11216.2 271.341
11228.2 274.736
11240.2 278.05
11252.3 281.273
11264.3 284.397
11276.3 287.414
11288.3 290.315
11300.3 293.093
11312.3 295.738
11324.3 298.244
11336.3 300.603
11348.3 302.807
11360.4 304.849
11372.4 305.642
11384.4 304.069
11396.4 302.31
11408.4 300.36
11420.4 298.214
11432.4 295.87
11444.4 293.325
11456.5 290.575
11468.5 287.621
11480.5 285.74
11492.5 284.644
11504.5 283.347
11516.5 281.853
11528.5 280.164
11540.5 278.281
11552.6 276.21
11564.6 273.955
11576.6 271.52
11588.6 270.311
11600.6 269.273
11612.6 268.077
11624.6 266.73
11636.6 265.24
11648.6 263.613
11660.7 261.858
11672.7 259.983
11684.7 258.01
11696.7 256.301
11708.7 254.495
11720.7 252.602
11732.7 250.63
11744.7 248.586
11756.8 246.479
11768.8 244.315
11780.8 242.102
11792.8 239.711
11804.8 236.924
11816.8 234.108
11828.8 231.269
11840.8 228.413
11852.9 225.546
11864.9 222.674
11876.9 219.801
11888.9 216.932
11900.9 214.233
11912.9 211.698
11924.9 209.18
11936.9 206.684
11948.9 204.213
11961 201.769
11973 199.355
11985 196.974
11997 194.629
12009 191.833
12021 188.912
12033 186.031
12045 183.191
12057.1 180.393
12069.1 177.638
12081.1 174.928
12093.1 172.263
12105.1 169.643
12117.1 166.057
12129.1 162.5
12141.1 158.987
12153.2 155.519
12165.2 152.095
12177.2 148.717
12189.2 145.384
12201.2 142.095
12213.2 138.723
12225.2 134.956
12237.2 131.231
12249.2 127.549
12261.3 123.909
12273.3 120.309
12285.3 116.751
12297.3 113.232
12309.3 109.754
12321.3 106.382
12333.3 103.128
12345.3 99.9122
12357.4 96.7338
12369.4 93.592
12381.4 90.4861
12393.4 87.4156
12405.4 84.3796
12417.4 81.3775
12429.4 79.6475
12441.4 78.5007
12453.5 77.3892
12465.5 76.3123
12477.5 75.2693
12489.5 74.2596
12501.5 73.2824
12513.5 72.3372
12525.5 71.4232
12537.5 70.3303
12549.5 69.2526
12561.6 68.2038
12573.6 67.1833
12585.6 66.1905
12597.6 65.2247
12609.6 64.2855
12621.6 63.3721
12633.6 62.4871
12645.6 61.6413
12657.7 60.8198
12669.7 60.022
12681.7 59.2474
12693.7 58.4955
12705.7 57.7658
12717.7 57.0577
12729.7 56.3708
12741.7 55.3386
12753.8 53.8018
12765.8 52.2831
12777.8 50.782
12789.8 49.2982
12801.8 47.8312
12813.8 46.3806
12825.8 44.9461
12837.8 43.5271
12849.8 42.6724
12861.9 42.1358
12873.9 41.6153
12885.9 41.1105
12897.9 40.6211
12909.9 40.1466
12921.9 39.6868
12933.9 39.2413
12945.9 38.8099
12958 37.597
12970 36.2864
12982 34.9872
12994 33.6992
13006 32.422
13018 31.1554
13030 29.899
13042 28.6527
13054.1 27.4508
13066.1 26.5093
13078.1 25.5776
13090.1 24.6555
13102.1 23.7427
13114.1 22.839
13126.1 21.9441
13138.1 21.0579
13150.2 20.1802
13162.2 19.0466
13174.2 17.4399
13186.2 15.8397
13198.2 14.2458
13210.2 12.6579
13222.2 11.0759
13234.2 9.49971
13246.2 7.92901
13258.3 6.36369
13270.3 4.42431
13282.3 2.22396
13294.3 0.0273242
13306.3 -2.16577
13318.3 -4.35546
13330.3 -6.54192
13342.3 -8.72528
13354.4 -10.9057
13366.4 -13.0833
13378.4 -13.414
13390.4 -13.3626
13402.4 -13.3048
13414.4 -13.2408
13426.4 -13.1706
13438.4 -13.0944
13450.5 -13.0124
13462.5 -12.9245
13474.5 -12.7929
13486.5 -12.1021
13498.5 -11.4049
13510.5 -10.7012
13522.5 -9.9913
13534.5 -9.27522
13546.5 -8.55307
13558.6 -7.82497
13570.6 -7.091
13582.6 -6.45545
13594.6 -6.05028
13606.6 -5.64013
13618.6 -5.22509
13630.6 -4.80526
13642.6 -4.38071
13654.7 -3.95154
13666.7 -3.51782
13678.7 -3.07965
13690.7 -2.74561
13702.7 -2.49984
13714.7 -2.25021
13726.7 -1.99679
13738.7 -1.73964
13750.8 -1.47886
13762.8 -1.2145
13774.8 -0.94665
13786.8 -0.675366
13798.8 -0.840016
13810.8 -1.13043
13822.8 -1.4186
13834.8 -1.7046
13846.8 -1.98848
13858.9 -2.27032
13870.9 -2.55018
13882.9 -2.82811
13894.9 -3.11421
13906.9 -4.0069
13918.9 -4.89891
13930.9 -5.79031
13942.9 -6.68114
13955 -7.57145
13967 -8.46132
13979 -9.35078
13991 -10.2399
14003 -11.2825
14015 -12.7871
14027 -14.2925
14039 -15.7988
14051.1 -17.306
14063.1 -18.8143
14075.1 -20.3236
14087.1 -21.8341
14099.1 -23.3457
14111.1 -24.6146
14123.1 -25.624
14135.1 -26.6337
14147.1 -27.644
14159.2 -28.6548
14171.2 -29.6661
14183.2 -30.678
14195.2 -31.6906
14207.2 -32.7039
14219.2 -32.7829
14231.2 -32.5077
14243.2 -32.2311
14255.3 -31.9532
14267.3 -31.674
14279.3 -31.3936
14291.3 -31.1119
14303.3 -30.8291
14315.3 -30.5451
14327.3 -30.3751
14339.3 -30.209
14351.4 -30.0422
14363.4 -29.8745
14375.4 -29.706
14387.4 -29.5369
14399.4 -29.367
14411.4 -29.1965
14423.4 -29.0065
14435.4 -28.7372
14447.4 -28.4671
14459.5 -28.1963
14471.5 -27.9249
14483.5 -27.6529
14495.5 -27.3803
14507.5 -27.1071
14519.5 -26.8334
14531.5 -26.6483
14543.5 -26.5783
14555.6 -26.5082
14567.6 -26.4381
14579.6 -26.3679
14591.6 -26.2978
14603.6 -26.2277
14615.6 -26.1576
14627.6 -26.0877
14639.6 -26.5325
14651.7 -27.2327
14663.7 -27.9343
14675.7 -28.6375
14687.7 -29.3421
14699.7 -30.0483
14711.7 -30.756
14723.7 -31.4653
14735.7 -32.1763
14747.7 -33.3539
14759.8 -34.5792
14771.8 -35.807
14783.8 -37.0374
14795.8 -38.2703
14807.8 -39.5059
14819.8 -40.7441
14831.8 -41.985
14843.8 -43.1556
14855.9 -43.8994
14867.9 -44.6451
14879.9 -45.3927
14891.9 -46.1423
14903.9 -46.8939
14915.9 -47.6476
14927.9 -48.4033
14939.9 -49.1611
14952 -49.5565
14964 -49.3556
14976 -49.1554
14988 -48.9557
15000 -48.7568
15012 -48.5585
15024 -48.3609
15036 -48.164
15048 -47.9679
15060.1 -47.6451
15072.1 -47.245
15084.1 -46.8455
15096.1 -46.4464
15108.1 -46.0479
15120.1 -45.65
15132.1 -45.2526
15144.1 -44.8559
15156.2 -44.4597
15168.2 -44.0563
15180.2 -43.6523
15192.2 -43.2488
15204.2 -42.8461
15216.2 -42.4441
15228.2 -42.0429
15240.2 -41.6424
15252.3 -41.2426
15264.3 -40.8728
15276.3 -40.8039
15288.3 -40.7362
15300.3 -40.67
15312.3 -40.6051
15324.3 -40.5416
15336.3 -40.4796
15348.3 -40.419
15360.4 -40.3599
15372.4 -40.4337
15384.4 -40.7754
15396.4 -41.1193
15408.4 -41.4653
15420.4 -41.8134
15432.4 -42.1638
15444.4 -42.5163
15456.5 -42.8711
15468.5 -43.2281
15480.5 -43.9391
15492.5 -44.9245
15504.5 -45.9132
15516.5 -46.9051
15528.5 -47.9003
15540.5 -48.8987
15552.6 -49.9004
15564.6 -50.9055
15576.6 -51.9138
15588.6 -52.7273
15600.6 -53.4962
15612.6 -54.268
15624.6 -55.0429
15636.6 -55.8207
15648.6 -56.6015
15660.7 -57.3853
15672.7 -58.1721
15684.7 -58.9467
15696.7 -59.3645
15708.7 -59.7847
15720.7 -60.2073
15732.7 -60.6324
15744.7 -61.0599
15756.8 -61.4898
15768.8 -61.9223
15780.8 -62.3572
15792.8 -62.7234
15804.8 -62.9036
15816.8 -63.0858
15828.8 -63.2701
15840.8 -63.4565
15852.9 -63.6449
15864.9 -63.8354
15876.9 -64.0279
15888.9 -64.2225
15900.9 -64.5954
15912.9 -65.136
15924.9 -65.6791
15936.9 -66.2247
15948.9 -66.7729
15961 -67.3236
15973 -67.8768
15985 -68.4324
15997 -68.9905
16009 -69.8186
16021 -70.7387
16033 -71.6618
16045 -72.5879
16057.1 -73.5168
16069.1 -74.4487
16081.1 -75.3834
16093.1 -76.321
16105.1 -77.2615
16117.1 -79.0746
16129.1 -80.9061
16141.1 -82.7418
16153.2 -84.5815
16165.2 -86.4252
16177.2 -88.2729
16189.2 -90.1246
16201.2 -91.9802
16213.2 -93.9016
16225.2 -96.0392
16237.2 -98.1811
16249.2 -100.327
16261.3 -102.477
16273.3 -104.632
16285.3 -106.79
16297.3 -108.953
16309.3 -111.119
16321.3 -113.005
16333.3 -114.559
16345.3 -116.116
16357.4 -117.676
16369.4 -119.239
16381.4 -120.805
16393.4 -122.373
16405.4 -123.944
16417.4 -125.518
16429.4 -126.781
16441.4 -127.908
16453.5 -129.036
16465.5 -130.167
16477.5 -131.298
16489.5 -132.432
16501.5 -133.566
16513.5 -134.702
16525.5 -135.84
16537.5 -136.608
16549.5 -137.351
16561.6 -138.095
16573.6 -138.839
16585.6 -139.583
16597.6 -140.328
16609.6 -141.073
16621.6 -141.818
16633.6 -142.595
16645.6 -143.531
16657.7 -144.467
16669.7 -145.403
16681.7 -146.339
16693.7 -147.274
16705.7 -148.21
16717.7 -149.145
16729.7 -150.079
16741.7 -151.18
16753.8 -152.519
16765.8 -153.857
16777.8 -155.196
16789.8 -156.534
16801.8 -157.871
16813.8 -159.208
16825.8 -160.544
16837.8 -161.878
16849.8 -163.345
16861.9 -164.883
16873.9 -166.42
16885.9 -167.956
16897.9 -169.491
16909.9 -171.024
16921.9 -172.556
16933.9 -174.087
16945.9 -175.615
16958 -176.436
16970 -177.157
16982 -177.874
16994 -178.588
17006 -179.298
17018 -180.005
17030 -180.707
17042 -181.406
17054.1 -182.001
17066.1 -181.868
17078.1 -181.728
17090.1 -181.584
17102.1 -181.433
17114.1 -181.276
17126.1 -181.114
17138.1 -180.945
17150.2 -180.769
17162.2 -180.35
17174.2 -179.491
17186.2 -178.624
17198.2 -177.749
17210.2 -176.867
17222.2 -175.976
17234.2 -175.077
17246.2 -174.169
17258.3 -173.253
17270.3 -172.302
17282.3 -171.323
17294.3 -170.334
17306.3 -169.337
17318.3 -168.331
17330.3 -167.315
17342.3 -166.289
17354.4 -165.254
17366.4 -164.208
17378.4 -163.751
17390.4 -163.406
17402.4 -163.053
17414.4 -162.689
17426.4 -162.317
17438.4 -161.934
17450.5 -161.542
17462.5 -161.141
17474.5 -160.769
17486.5 -160.972
17498.5 -161.166
17510.5 -161.35
17522.5 -161.525
17534.5 -161.69
17546.5 -161.846
17558.6 -161.992
17570.6 -162.127
17582.6 -161.871
17594.6 -160.738
17606.6 -159.593
17618.6 -158.437
17630.6 -157.268
17642.6 -156.087
17654.7 -154.895
17666.7 -153.69
17678.7 -152.472
17690.7 -153.55
17702.7 -156.583
17714.7 -159.609
17726.7 -162.629
17738.7 -165.641
17750.8 -168.647
17762.8 -171.646
17774.8 -174.638
17786.8 -177.624
17798.8 -178.414
17810.8 -178.555
17822.8 -178.685
17834.8 -178.804
17846.8 -178.913
17858.9 -179.011
17870.9 -179.097
17882.9 -179.173
17894.9 -179.238
17906.9 -179.293
17918.9 -179.336
17930.9 -179.369
17942.9 -179.391
17955 -179.402
17967 -179.402
17979 -179.391
17991 -179.37
18003 -179.338
18015 -179.295
18027 -179.242
18039 -179.178
18051.1 -179.104
18063.1 -179.02
18075.1 -178.924
18087.1 -178.819
18099.1 -178.703
18111.1 -178.577
18123.1 -178.441
18135.1 -178.295
18147.1 -178.139
18159.2 -177.973
18171.2 -177.797
18183.2 -177.611
18195.2 -177.416
18207.2 -177.211
18219.2 -176.996
18231.2 -176.772
18243.2 -176.539
18255.3 -176.296
18267.3 -176.045
18279.3 -175.784
18291.3 -175.515
18303.3 -175.236
18315.3 -174.949
18327.3 -174.654
18339.3 -174.35
18351.4 -174.037
18363.4 -173.717
18375.4 -173.388
18387.4 -173.051
18399.4 -172.706
18411.4 -172.354
18423.4 -171.994
18435.4 -171.626
18447.4 -171.251
18459.5 -170.869
18471.5 -170.479
18483.5 -170.083
18495.5 -169.679
18507.5 -169.269
18519.5 -168.852
18531.5 -168.429
18543.5 -167.999
18555.6 -167.563
18567.6 -167.121
18579.6 -166.673
18591.6 -166.219
18603.6 -165.759
18615.6 -165.294
18627.6 -164.823
18639.6 -164.347
18651.7 -163.866
18663.7 -163.379
18675.7 -162.888
18687.7 -162.392
18699.7 -161.891
18711.7 -161.386
18723.7 -160.876
18735.7 -160.362
18747.7 -159.844
18759.8 -159.321
18771.8 -158.795
18783.8 -158.265
18795.8 -157.731
18807.8 -157.194
18819.8 -156.653
18831.8 -156.109
18843.8 -155.562
18855.9 -155.011
18867.9 -154.458
18879.9 -153.902
18891.9 -153.343
18903.9 -152.782
18915.9 -152.218
18927.9 -151.651
18939.9 -151.083
18952 -150.512
18964 -149.939
18976 -149.364
18988 -148.787
19000 -148.209
