7000 -26.8727
7012.01 -28.0857
7024.02 -29.2934
7036.04 -30.4853
7048.05 -31.6493
7060.06 -32.7724
7072.07 -33.8407
7084.08 -34.8396
7096.1 -35.7543
7108.11 -36.5702
7120.12 -37.2733
7132.13 -37.8507
7144.14 -38.2913
7156.16 -38.5859
7168.17 -38.7282
7180.18 -38.7142
7192.19 -38.5432
7204.2 -38.2174
7216.22 -37.742
7228.23 -37.1246
7240.24 -36.3751
7252.25 -35.5055
7264.26 -34.5287
7276.28 -33.4588
7288.29 -32.3101
7300.3 -31.0969
7312.31 -29.8328
7324.32 -28.531
7336.34 -27.2036
7348.35 -25.8615
7360.36 -24.5145
7372.37 -23.171
7384.38 -21.8384
7396.4 -20.5227
7408.41 -19.2289
7420.42 -17.9611
7432.43 -16.7223
7444.44 -15.5148
7456.46 -14.3403
7468.47 -13.1996
7480.48 -12.0933
7492.49 -11.0214
7504.5 -9.98363
7516.52 -8.97939
7528.53 -8.00785
7540.54 -7.068
7552.55 -6.15872
7564.56 -5.27876
7576.58 -4.42679
7588.59 -3.55385
7600.6 -2.69425
7612.61 -1.8583
7624.62 -1.04458
7636.64 -0.251701
7648.65 0.521725
7660.66 1.27705
7672.67 2.01562
7684.68 2.73391
7696.7 3.32076
7708.71 3.89429
7720.72 4.45569
7732.73 5.00614
7744.74 5.54679
7756.76 6.07875
7768.77 6.60312
7780.78 7.12095
7792.79 7.70034
7804.8 8.45107
7816.82 9.19906
7828.83 9.94531
7840.84 10.6908
7852.85 11.4363
7864.86 12.183
7876.88 12.9317
7888.89 13.6832
7900.9 14.2524
7912.91 14.6486
7924.92 15.0492
7936.94 15.4549
7948.95 15.8665
7960.96 16.2847
7972.97 16.7103
7984.98 17.1439
7997 17.5862
8009.01 18.2744
8021.02 19.052
8033.03 19.8405
8045.05 20.64
8057.06 21.4506
8069.07 22.2722
8081.08 23.1045
8093.09 23.9471
8105.11 24.7992
8117.12 25.2022
8129.13 25.605
8141.14 26.0121
8153.15 26.4215
8165.17 26.8309
8177.18 27.2375
8189.19 27.6384
8201.2 28.03
8213.21 28.5951
8225.23 29.7928
8237.24 30.9717
8249.25 32.1273
8261.26 33.2552
8273.27 34.3509
8285.29 35.4101
8297.3 36.429
8309.31 37.4039
8321.32 37.9627
8333.33 38.0382
8345.35 38.0604
8357.36 38.0287
8369.37 37.943
8381.38 37.8044
8393.39 37.6145
8405.41 37.3757
8417.42 37.0912
8429.43 36.9968
8441.44 36.9658
8453.45 36.9021
8465.47 36.8101
8477.48 36.6944
8489.49 36.5595
8501.5 36.4098
8513.51 36.2494
8525.53 36.0822
8537.54 35.9118
8549.55 35.7413
8561.56 35.5736
8573.57 35.4112
8585.59 35.2564
8597.6 35.1109
8609.61 34.9763
8621.62 34.8539
8633.63 34.7448
8645.65 34.6497
8657.66 34.5692
8669.67 34.5039
8681.68 34.4538
8693.69 34.4193
8705.71 34.4004
8717.72 34.397
8729.73 34.4091
8741.74 34.4364
8753.75 34.4788
8765.77 34.536
8777.78 34.6077
8789.79 34.6937
8801.8 34.7936
8813.81 34.9071
8825.83 35.0339
8837.84 35.1737
8849.85 35.3262
8861.86 35.4911
8873.87 35.668
8885.89 35.8567
8897.9 36.057
8909.91 36.2685
8921.92 36.491
8933.93 36.7243
8945.95 36.9681
8957.96 37.2223
8969.97 37.4866
8981.98 37.7609
8993.99 38.045
9006.01 38.3388
9018.02 38.642
9030.03 38.9546
9042.04 39.2764
9054.05 39.6073
9066.07 39.9473
9078.08 40.2963
9090.09 40.6541
9102.1 41.0207
9114.11 41.3961
9126.13 41.7802
9138.14 42.1729
9150.15 42.5743
9162.16 42.9842
9174.17 43.4028
9186.19 43.8299
9198.2 44.2657
9210.21 44.71
9222.22 45.163
9234.23 45.6246
9246.25 46.0948
9258.26 46.5737
9270.27 47.0614
9282.28 47.5579
9294.29 48.0632
9306.31 48.5774
9318.32 49.1005
9330.33 49.6327
9342.34 50.174
9354.35 50.7245
9366.37 51.2842
9378.38 51.8534
9390.39 52.4319
9402.4 53.02
9414.41 53.6178
9426.43 54.2254
9438.44 54.8429
9450.45 55.4703
9462.46 56.1079
9474.47 56.7558
9486.49 57.4141
9498.5 58.0829
9510.51 58.7623
9522.52 59.4526
9534.53 60.1539
9546.55 60.8663
9558.56 61.5901
9570.57 62.3253
9582.58 63.0721
9594.59 63.8307
9606.61 64.6013
9618.62 65.3842
9630.63 66.1793
9642.64 66.9871
9654.65 67.8076
9666.67 68.641
9678.68 69.4877
9690.69 70.3477
9702.7 71.2213
9714.71 72.1088
9726.73 73.0103
9738.74 73.9261
9750.75 74.8564
9762.76 75.8015
9774.77 76.7616
9786.79 77.737
9798.8 78.728
9810.81 79.7347
9822.82 80.7575
9834.83 81.7966
9846.85 82.8523
9858.86 83.925
9870.87 85.0148
9882.88 86.1221
9894.89 87.2472
9906.91 88.3903
9918.92 89.5519
9930.93 90.7322
9942.94 91.9315
9954.95 93.1501
9966.97 94.3885
9978.98 95.6468
9990.99 96.9255
10003 98.2249
10015 99.5454
10027 100.887
10039 102.251
10051.1 103.637
10063.1 105.045
10075.1 106.476
10087.1 107.93
10099.1 109.408
10111.1 110.91
10123.1 112.437
10135.1 113.988
10147.1 115.564
10159.2 117.166
10171.2 118.794
10183.2 120.448
10195.2 122.129
10207.2 123.837
10219.2 125.573
10231.2 127.337
10243.2 129.129
10255.3 130.95
10267.3 132.8
10279.3 134.679
10291.3 136.589
10303.3 138.529
10315.3 140.499
10327.3 142.501
10339.3 144.535
10351.4 146.6
10363.4 148.697
10375.4 150.827
10387.4 152.99
10399.4 155.186
10411.4 157.416
10423.4 159.68
10435.4 161.978
10447.4 164.31
10459.5 166.677
10471.5 169.079
10483.5 171.516
10495.5 173.989
10507.5 176.497
10519.5 179.041
10531.5 181.62
10543.5 184.235
10555.6 186.886
10567.6 189.573
10579.6 192.296
10591.6 195.055
10603.6 197.849
10615.6 200.679
10627.6 203.543
10639.6 206.443
10651.7 209.378
10663.7 212.347
10675.7 215.349
10687.7 218.385
10699.7 221.454
10711.7 224.554
10723.7 227.686
10735.7 230.849
10747.7 234.041
10759.8 237.262
10771.8 240.51
10783.8 243.785
10795.8 247.085
10807.8 250.409
10819.8 253.755
10831.8 257.122
10843.8 260.509
10855.9 263.912
10867.9 267.332
10879.9 270.764
10891.9 274.209
10903.9 277.662
10915.9 281.122
10927.9 284.586
10939.9 288.053
10952 291.518
10964 294.98
10976 298.434
10988 301.879
11000 305.312
11012 308.727
11024 312.124
11036 315.497
11048 318.843
11060.1 322.159
11072.1 325.44
11084.1 328.684
11096.1 331.885
11108.1 335.041
11120.1 338.146
11132.1 341.198
11144.1 344.191
11156.2 347.121
11168.2 349.985
11180.2 352.778
11192.2 355.497
11204.2 358.136
11216.2 360.693
11228.2 363.162
11240.2 365.54
11252.3 367.824
11264.3 370.009
11276.3 372.092
11288.3 374.069
11300.3 375.938
11312.3 377.694
11324.3 379.335
11336.3 380.858
11348.3 382.261
11360.4 383.541
11372.4 384
11384.4 382.919
11396.4 381.705
11408.4 380.357
11420.4 378.873
11432.4 377.253
11444.4 375.495
11456.5 373.6
11468.5 371.568
11480.5 370.09
11492.5 369.011
11504.5 367.799
11516.5 366.455
11528.5 364.978
11540.5 363.373
11552.6 361.638
11564.6 359.778
11576.6 357.794
11588.6 356.696
11600.6 355.722
11612.6 354.636
11624.6 353.438
11636.6 352.133
11648.6 350.724
11660.7 349.214
11672.7 347.606
11684.7 345.908
11696.7 344.192
11708.7 342.389
11720.7 340.505
11732.7 338.541
11744.7 336.504
11756.8 334.396
11768.8 332.221
11780.8 329.984
11792.8 327.568
11804.8 324.781
11816.8 321.943
11828.8 319.056
11840.8 316.125
11852.9 313.153
11864.9 310.144
11876.9 307.101
11888.9 304.028
11900.9 301.381
11912.9 299.135
11924.9 296.87
11936.9 294.59
11948.9 292.297
11961 289.994
11973 287.685
11985 285.371
11997 283.056
12009 280.599
12021 278.096
12033 275.599
12045 273.109
12057.1 270.627
12069.1 268.156
12081.1 265.698
12093.1 263.253
12105.1 260.825
12117.1 257.565
12129.1 254.308
12141.1 251.07
12153.2 247.85
12165.2 244.652
12177.2 241.475
12189.2 238.32
12201.2 235.189
12213.2 232.03
12225.2 228.717
12237.2 225.429
12249.2 222.166
12261.3 218.93
12273.3 215.721
12285.3 212.54
12297.3 209.386
12309.3 206.26
12321.3 203.418
12333.3 200.908
12345.3 198.428
12357.4 195.977
12369.4 193.557
12381.4 191.167
12393.4 188.806
12405.4 186.477
12417.4 184.177
12429.4 181.637
12441.4 179.008
12453.5 176.408
12465.5 173.836
12477.5 171.294
12489.5 168.78
12501.5 166.295
12513.5 163.839
12525.5 161.41
12537.5 158.62
12549.5 155.829
12561.6 153.065
12573.6 150.327
12585.6 147.616
12597.6 144.93
12609.6 142.27
12621.6 139.634
12633.6 137.108
12645.6 135.015
12657.7 132.948
12669.7 130.905
12681.7 128.887
12693.7 126.893
12705.7 124.924
12717.7 122.977
12729.7 121.054
12741.7 118.912
12753.8 116.445
12765.8 113.999
12777.8 111.574
12789.8 109.17
12801.8 106.786
12813.8 104.421
12825.8 102.076
12837.8 99.7498
12849.8 98.1986
12861.9 97.0834
12873.9 95.9886
12885.9 94.9138
12897.9 93.8586
12909.9 92.8228
12921.9 91.8061
12933.9 90.8081
12945.9 89.8286
12958 88.2166
12970 86.5315
12982 84.8626
12994 83.2095
13006 81.572
13018 79.9498
13030 78.3426
13042 76.7501
13054.1 75.2428
13066.1 74.2649
13078.1 73.302
13090.1 72.3537
13102.1 71.4199
13114.1 70.5002
13126.1 69.5945
13138.1 68.7024
13150.2 67.8237
13162.2 66.8689
13174.2 65.7643
13186.2 64.6719
13198.2 63.5915
13210.2 62.5228
13222.2 61.4657
13234.2 60.4198
13246.2 59.3851
13258.3 58.3611
13270.3 57.1324
13282.3 55.763
13294.3 54.4031
13306.3 53.0525
13318.3 51.7111
13330.3 50.3786
13342.3 49.0549
13354.4 47.7397
13366.4 46.4328
13378.4 45.6797
13390.4 45.0468
13402.4 44.4229
13414.4 43.8078
13426.4 43.2013
13438.4 42.6032
13450.5 42.0134
13462.5 41.4317
13474.5 40.8532
13486.5 40.2152
13498.5 39.5847
13510.5 38.9615
13522.5 38.3454
13534.5 37.7363
13546.5 37.134
13558.6 36.5384
13570.6 35.9493
13582.6 35.2933
13594.6 34.4776
13606.6 33.6676
13618.6 32.8631
13630.6 32.0639
13642.6 31.27
13654.7 30.4812
13666.7 29.6974
13678.7 28.9183
13690.7 28.0621
13702.7 27.1406
13714.7 26.2233
13726.7 25.31
13738.7 24.4006
13750.8 23.495
13762.8 22.5931
13774.8 21.6948
13786.8 20.7999
13798.8 20.1546
13810.8 19.5848
13822.8 19.0187
13834.8 18.4561
13846.8 17.8969
13858.9 17.3411
13870.9 16.7884
13882.9 16.2388
13894.9 15.6862
13906.9 14.7687
13918.9 13.8533
13930.9 12.94
13942.9 12.0286
13955 11.119
13967 10.2111
13979 9.3048
13991 8.40001
14003 7.52175
14015 6.72026
14027 5.92016
14039 5.12135
14051.1 4.32373
14063.1 3.52721
14075.1 2.73171
14087.1 1.93712
14099.1 1.14335
14111.1 0.396438
14123.1 -0.300492
14135.1 -0.996708
14147.1 -1.6923
14159.2 -2.38736
14171.2 -3.08197
14183.2 -3.77622
14195.2 -4.47019
14207.2 -5.16399
14219.2 -5.85139
14231.2 -6.53639
14243.2 -7.22145
14255.3 -7.90665
14267.3 -8.59207
14279.3 -9.2778
14291.3 -9.96391
14303.3 -10.6505
14315.3 -11.3376
14327.3 -12.2446
14339.3 -13.1618
14351.4 -14.0803
14363.4 -15
14375.4 -15.921
14387.4 -16.8434
14399.4 -17.7674
14411.4 -18.6929
14423.4 -19.5834
14435.4 -20.3227
14447.4 -21.0635
14459.5 -21.8058
14471.5 -22.5498
14483.5 -23.2956
14495.5 -24.0431
14507.5 -24.7925
14519.5 -25.5438
14531.5 -26.2854
14543.5 -27.0136
14555.6 -27.744
14567.6 -28.4766
14579.6 -29.2114
14591.6 -29.9486
14603.6 -30.6883
14615.6 -31.4304
14627.6 -32.175
14639.6 -33.0222
14651.7 -33.9216
14663.7 -34.8239
14675.7 -35.7294
14687.7 -36.6381
14699.7 -37.55
14711.7 -38.4651
14723.7 -39.3837
14735.7 -40.3057
14747.7 -41.0346
14759.8 -41.7477
14771.8 -42.464
14783.8 -43.1837
14795.8 -43.9069
14807.8 -44.6335
14819.8 -45.3637
14831.8 -46.0975
14843.8 -46.8371
14855.9 -47.5936
14867.9 -48.354
14879.9 -49.1182
14891.9 -49.8863
14903.9 -50.6585
14915.9 -51.4348
14927.9 -52.2152
14939.9 -52.9998
14952 -53.7594
14964 -54.4756
14976 -55.196
14988 -55.9207
15000 -56.6497
15012 -57.3831
15024 -58.121
15036 -58.8634
15048 -59.6103
15060.1 -60.3349
15072.1 -61.0476
15084.1 -61.7649
15096.1 -62.4868
15108.1 -63.2135
15120.1 -63.9449
15132.1 -64.6812
15144.1 -65.4222
15156.2 -66.1681
15168.2 -67.0551
15180.2 -67.9704
15192.2 -68.8909
15204.2 -69.8166
15216.2 -70.7476
15228.2 -71.6839
15240.2 -72.6255
15252.3 -73.5725
15264.3 -74.5058
15276.3 -75.2487
15288.3 -75.9967
15300.3 -76.7497
15312.3 -77.5078
15324.3 -78.271
15336.3 -79.0392
15348.3 -79.8126
15360.4 -80.591
15372.4 -81.4036
15384.4 -82.28
15396.4 -83.1617
15408.4 -84.0485
15420.4 -84.9405
15432.4 -85.8377
15444.4 -86.74
15456.5 -87.6473
15468.5 -88.5597
15480.5 -89.4752
15492.5 -90.3942
15504.5 -91.3181
15516.5 -92.2468
15528.5 -93.1804
15540.5 -94.1188
15552.6 -95.0619
15564.6 -96.0095
15576.6 -96.9618
15588.6 -97.8197
15600.6 -98.6582
15612.6 -99.5008
15624.6 -100.347
15636.6 -101.198
15648.6 -102.052
15660.7 -102.91
15672.7 -103.772
15684.7 -104.642
15696.7 -105.616
15708.7 -106.595
15720.7 -107.576
15732.7 -108.56
15744.7 -109.548
15756.8 -110.538
15768.8 -111.531
15780.8 -112.527
15792.8 -113.552
15804.8 -114.655
15816.8 -115.76
15828.8 -116.867
15840.8 -117.975
15852.9 -119.085
15864.9 -120.196
15876.9 -121.308
15888.9 -122.421
15900.9 -123.743
15912.9 -125.262
15924.9 -126.781
15936.9 -128.301
15948.9 -129.821
15961 -131.341
15973 -132.861
15985 -134.38
15997 -135.897
16009 -137.135
16021 -138.277
16033 -139.416
16045 -140.553
16057.1 -141.687
16069.1 -142.817
16081.1 -143.943
16093.1 -145.065
16105.1 -146.183
16117.1 -147.621
16129.1 -149.059
16141.1 -150.493
16153.2 -151.92
16165.2 -153.342
16177.2 -154.758
16189.2 -156.166
16201.2 -157.568
16213.2 -158.952
16225.2 -160.295
16237.2 -161.628
16249.2 -162.954
16261.3 -164.269
16273.3 -165.576
16285.3 -166.872
16297.3 -168.157
16309.3 -169.432
16321.3 -170.662
16333.3 -171.843
16345.3 -173.011
16357.4 -174.167
16369.4 -175.309
16381.4 -176.438
16393.4 -177.552
16405.4 -178.652
16417.4 -179.738
16429.4 -180.977
16441.4 -182.275
16453.5 -183.557
16465.5 -184.824
16477.5 -186.074
16489.5 -187.307
16501.5 -188.522
16513.5 -189.72
16525.5 -190.9
16537.5 -191.925
16549.5 -192.923
16561.6 -193.901
16573.6 -194.86
16585.6 -195.798
16597.6 -196.716
16609.6 -197.614
16621.6 -198.49
16633.6 -199.368
16645.6 -200.335
16657.7 -201.281
16669.7 -202.205
16681.7 -203.107
16693.7 -203.987
16705.7 -204.844
16717.7 -205.678
16729.7 -206.49
16741.7 -207.279
16753.8 -208.048
16765.8 -208.793
16777.8 -209.515
16789.8 -210.213
16801.8 -210.887
16813.8 -211.538
16825.8 -212.165
16837.8 -212.768
16849.8 -213.196
16861.9 -213.517
16873.9 -213.813
16885.9 -214.085
16897.9 -214.333
16909.9 -214.557
16921.9 -214.757
16933.9 -214.933
16945.9 -215.085
16958 -214.973
16970 -214.804
16982 -214.61
16994 -214.393
17006 -214.153
17018 -213.889
17030 -213.602
17042 -213.292
17054.1 -212.953
17066.1 -212.552
17078.1 -212.129
17090.1 -211.684
17102.1 -211.216
17114.1 -210.728
17126.1 -210.218
17138.1 -209.688
17150.2 -209.137
17162.2 -208.465
17174.2 -207.59
17186.2 -206.696
17198.2 -205.782
17210.2 -204.849
17222.2 -203.896
17234.2 -202.926
17246.2 -201.937
17258.3 -200.931
17270.3 -199.807
17282.3 -198.598
17294.3 -197.371
17306.3 -196.128
17318.3 -194.869
17330.3 -193.595
17342.3 -192.305
17354.4 -191.001
17366.4 -189.682
17378.4 -188.654
17390.4 -187.675
17402.4 -186.684
17414.4 -185.68
17426.4 -184.665
17438.4 -183.638
17450.5 -182.6
17462.5 -181.552
17474.5 -180.491
17486.5 -179.393
17498.5 -178.286
17510.5 -177.17
17522.5 -176.045
17534.5 -174.911
17546.5 -173.77
17558.6 -172.621
17570.6 -171.465
17582.6 -170.168
17594.6 -168.561
17606.6 -166.946
17618.6 -165.326
17630.6 -163.699
17642.6 -162.067
17654.7 -160.43
17666.7 -158.787
17678.7 -157.14
17690.7 -156.393
17702.7 -156.415
17714.7 -156.435
17726.7 -156.453
17738.7 -156.471
17750.8 -156.488
17762.8 -156.505
17774.8 -156.522
17786.8 -156.539
17798.8 -155.8
17810.8 -154.841
17822.8 -153.882
17834.8 -152.922
17846.8 -151.962
17858.9 -151.003
17870.9 -150.045
17882.9 -149.087
17894.9 -148.13
17906.9 -147.174
17918.9 -146.22
17930.9 -145.268
17942.9 -144.317
17955 -143.368
17967 -142.421
17979 -141.477
17991 -140.535
18003 -139.596
18015 -138.659
18027 -137.726
18039 -136.795
18051.1 -135.868
18063.1 -134.944
18075.1 -134.023
18087.1 -133.106
18099.1 -132.193
18111.1 -131.283
18123.1 -130.377
18135.1 -129.476
18147.1 -128.578
18159.2 -127.684
18171.2 -126.795
18183.2 -125.911
18195.2 -125.03
18207.2 -124.154
18219.2 -123.283
18231.2 -122.416
18243.2 -121.554
18255.3 -120.697
18267.3 -119.845
18279.3 -118.997
18291.3 -118.155
18303.3 -117.317
18315.3 -116.485
18327.3 -115.657
18339.3 -114.835
18351.4 -114.017
18363.4 -113.205
18375.4 -112.398
18387.4 -111.596
18399.4 -110.8
18411.4 -110.009
18423.4 -109.223
18435.4 -108.442
18447.4 -107.667
18459.5 -106.896
18471.5 -106.132
18483.5 -105.372
18495.5 -104.618
18507.5 -103.87
18519.5 -103.126
18531.5 -102.388
18543.5 -101.655
18555.6 -100.928
18567.6 -100.206
18579.6 -99.4894
18591.6 -98.7781
18603.6 -98.0721
18615.6 -97.3714
18627.6 -96.6759
18639.6 -95.9858
18651.7 -95.3009
18663.7 -94.6213
18675.7 -93.9469
18687.7 -93.2777
18699.7 -92.6138
18711.7 -91.955
18723.7 -91.3014
18735.7 -90.6529
18747.7 -90.0095
18759.8 -89.3713
18771.8 -88.7381
18783.8 -88.11
18795.8 -87.4869
18807.8 -86.8688
18819.8 -86.2556
18831.8 -85.6475
18843.8 -85.0442
18855.9 -84.4459
18867.9 -83.8524
18879.9 -83.2637
18891.9 -82.6799
18903.9 -82.1008
18915.9 -81.5265
18927.9 -80.9569
18939.9 -80.392
18952 -79.8318
18964 -79.2762
18976 -78.7252
18988 -78.1788
19000 -77.6369
