7000 -24.2978
7012.01 -23.9992
7024.02 -23.662
7036.04 -23.2887
7048.05 -22.8816
7060.06 -22.4434
7072.07 -21.9769
7084.08 -21.4846
7096.1 -20.9695
7108.11 -20.4341
7120.12 -19.8813
7132.13 -19.3135
7144.14 -18.7332
7156.16 -18.1427
7168.17 -17.5442
7180.18 -16.9395
7192.19 -16.3306
7204.2 -15.7191
7216.22 -15.1064
7228.23 -14.4938
7240.24 -13.8825
7252.25 -13.2735
7264.26 -12.6674
7276.28 -12.0652
7288.29 -11.4672
7300.3 -10.8739
7312.31 -10.2857
7324.32 -9.70277
7336.34 -9.12518
7348.35 -8.55301
7360.36 -7.98621
7372.37 -7.42467
7384.38 -6.86822
7396.4 -6.31663
7408.41 -5.76962
7420.42 -5.22687
7432.43 -4.68803
7444.44 -4.15269
7456.46 -3.62042
7468.47 -3.09078
7480.48 -2.56327
7492.49 -2.0374
7504.5 -1.51264
7516.52 -0.988448
7528.53 -0.464258
7540.54 0.0605061
7552.55 0.586438
7564.56 1.11415
7576.58 1.64426
7588.59 2.26437
7600.6 2.9099
7612.61 3.56013
7624.62 4.21572
7636.64 4.87738
7648.65 5.5458
7660.66 6.2217
7672.67 6.90581
7684.68 7.6012
7696.7 8.3627
7708.71 9.13486
7720.72 9.91847
7732.73 10.7143
7744.74 11.5233
7756.76 12.346
7768.77 13.1835
7780.78 14.0365
7792.79 14.9268
7804.8 15.8892
7816.82 16.8698
7828.83 17.8695
7840.84 18.8892
7852.85 19.9296
7864.86 20.9915
7876.88 22.0756
7888.89 23.1827
7900.9 23.9943
7912.91 24.5255
7924.92 25.0795
7936.94 25.6568
7948.95 26.2576
7960.96 26.8821
7972.97 27.5304
7984.98 28.2022
7997 28.8972
8009.01 29.8865
8021.02 30.9891
8033.03 32.1134
8045.05 33.258
8057.06 34.4211
8069.07 35.6005
8081.08 36.7936
8093.09 37.9973
8105.11 39.2083
8117.12 39.7991
8129.13 40.3787
8141.14 40.9503
8153.15 41.5083
8165.17 42.047
8177.18 42.56
8189.19 43.0407
8201.2 43.4821
8213.21 44.2095
8225.23 46.0414
8237.24 47.8166
8249.25 49.5281
8261.26 51.169
8273.27 52.7328
8285.29 54.2136
8297.3 55.6063
8309.31 56.9064
8321.32 57.7311
8333.33 58.0112
8345.35 58.1891
8357.36 58.2647
8369.37 58.2389
8381.38 58.1137
8393.39 57.892
8405.41 57.5779
8417.42 57.1761
8429.43 56.697
8441.44 56.144
8453.45 55.5217
8465.47 54.8369
8477.48 54.0969
8489.49 53.3086
8501.5 52.4793
8513.51 51.6158
8525.53 50.7248
8537.54 49.8126
8549.55 48.8852
8561.56 47.9481
8573.57 47.0064
8585.59 46.0649
8597.6 45.1276
8609.61 44.1982
8621.62 43.2802
8633.63 42.3762
8645.65 41.4889
8657.66 40.6203
8669.67 39.7721
8681.68 38.9459
8693.69 38.1426
8705.71 37.3633
8717.72 36.6086
8729.73 35.8789
8741.74 35.1746
8753.75 34.4958
8765.77 33.8424
8777.78 33.2144
8789.79 32.6115
8801.8 32.0334
8813.81 31.4798
8825.83 30.9502
8837.84 30.4442
8849.85 29.9612
8861.86 29.5007
8873.87 29.0622
8885.89 28.6452
8897.9 28.2489
8909.91 27.8729
8921.92 27.5166
8933.93 27.1795
8945.95 26.8609
8957.96 26.5603
8969.97 26.2772
8981.98 26.0111
8993.99 25.7614
9006.01 25.5276
9018.02 25.3094
9030.03 25.1061
9042.04 24.9174
9054.05 24.7429
9066.07 24.582
9078.08 24.4345
9090.09 24.2999
9102.1 24.178
9114.11 24.0682
9126.13 23.9704
9138.14 23.8842
9150.15 23.8093
9162.16 23.7454
9174.17 23.6922
9186.19 23.6495
9198.2 23.6171
9210.21 23.5947
9222.22 23.5821
9234.23 23.5791
9246.25 23.5856
9258.26 23.6012
9270.27 23.626
9282.28 23.6596
9294.29 23.702
9306.31 23.753
9318.32 23.8125
9330.33 23.8804
9342.34 23.9566
9354.35 24.0409
9366.37 24.1334
9378.38 24.2338
9390.39 24.3422
9402.4 24.4584
9414.41 24.5824
9426.43 24.7142
9438.44 24.8537
9450.45 25.0009
9462.46 25.1557
9474.47 25.3182
9486.49 25.4883
9498.5 25.666
9510.51 25.8512
9522.52 26.0441
9534.53 26.2446
9546.55 26.4528
9558.56 26.6686
9570.57 26.8921
9582.58 27.1233
9594.59 27.3623
9606.61 27.609
9618.62 27.8637
9630.63 28.1263
9642.64 28.3968
9654.65 28.6754
9666.67 28.9621
9678.68 29.2571
9690.69 29.5603
9702.7 29.8719
9714.71 30.192
9726.73 30.5208
9738.74 30.8582
9750.75 31.2044
9762.76 31.5595
9774.77 31.9238
9786.79 32.2972
9798.8 32.6799
9810.81 33.0722
9822.82 33.4741
9834.83 33.8857
9846.85 34.3074
9858.86 34.7391
9870.87 35.1812
9882.88 35.6337
9894.89 36.097
9906.91 36.5711
9918.92 37.0563
9930.93 37.5528
9942.94 38.0608
9954.95 38.5805
9966.97 39.1123
9978.98 39.6562
9990.99 40.2126
10003 40.7818
10015 41.3639
10027 41.9593
10039 42.5682
10051.1 43.191
10063.1 43.828
10075.1 44.4793
10087.1 45.1455
10099.1 45.8267
10111.1 46.5234
10123.1 47.2359
10135.1 47.9645
10147.1 48.7096
10159.2 49.4716
10171.2 50.2509
10183.2 51.0479
10195.2 51.863
10207.2 52.6965
10219.2 53.549
10231.2 54.4209
10243.2 55.3127
10255.3 56.2248
10267.3 57.1576
10279.3 58.1118
10291.3 59.0877
10303.3 60.086
10315.3 61.1071
10327.3 62.1516
10339.3 63.2201
10351.4 64.313
10363.4 65.4311
10375.4 66.5748
10387.4 67.7449
10399.4 68.9418
10411.4 70.1664
10423.4 71.4191
10435.4 72.7006
10447.4 74.0117
10459.5 75.3531
10471.5 76.7253
10483.5 78.1291
10495.5 79.5652
10507.5 81.0344
10519.5 82.5374
10531.5 84.0749
10543.5 85.6476
10555.6 87.2564
10567.6 88.902
10579.6 90.5851
10591.6 92.3065
10603.6 94.067
10615.6 95.8673
10627.6 97.7083
10639.6 99.5906
10651.7 101.515
10663.7 103.482
10675.7 105.493
10687.7 107.548
10699.7 109.648
10711.7 111.794
10723.7 113.986
10735.7 116.224
10747.7 118.51
10759.8 120.845
10771.8 123.227
10783.8 125.658
10795.8 128.139
10807.8 130.668
10819.8 133.248
10831.8 135.877
10843.8 138.556
10855.9 141.285
10867.9 144.063
10879.9 146.89
10891.9 149.767
10903.9 152.691
10915.9 155.663
10927.9 158.682
10939.9 161.746
10952 164.855
10964 168.006
10976 171.199
10988 174.431
11000 177.7
11012 181.004
11024 184.341
11036 187.706
11048 191.098
11060.1 194.512
11072.1 197.946
11084.1 201.394
11096.1 204.853
11108.1 208.317
11120.1 211.782
11132.1 215.243
11144.1 218.693
11156.2 222.127
11168.2 225.539
11180.2 228.921
11192.2 232.268
11204.2 235.571
11216.2 238.824
11228.2 242.02
11240.2 245.149
11252.3 248.205
11264.3 251.18
11276.3 254.065
11288.3 256.852
11300.3 259.534
11312.3 262.102
11324.3 264.548
11336.3 266.865
11348.3 269.045
11360.4 271.082
11372.4 272.056
11384.4 271.022
11396.4 269.82
11408.4 268.444
11420.4 266.888
11432.4 265.148
11444.4 263.221
11456.5 261.104
11468.5 258.794
11480.5 257.317
11492.5 256.439
11504.5 255.37
11516.5 254.109
11528.5 252.659
11540.5 251.022
11552.6 249.199
11564.6 247.194
11576.6 245.012
11588.6 243.895
11600.6 242.909
11612.6 241.765
11624.6 240.467
11636.6 239.022
11648.6 237.438
11660.7 235.72
11672.7 233.877
11684.7 231.931
11696.7 230.226
11708.7 228.419
11720.7 226.518
11732.7 224.53
11744.7 222.464
11756.8 220.327
11768.8 218.126
11780.8 215.869
11792.8 213.455
11804.8 210.713
11816.8 207.934
11828.8 205.125
11840.8 202.293
11852.9 199.443
11864.9 196.58
11876.9 193.71
11888.9 190.839
11900.9 188.148
11912.9 185.631
11924.9 183.126
11936.9 180.636
11948.9 178.166
11961 175.718
11973 173.295
11985 170.901
11997 168.537
12009 165.812
12021 162.991
12033 160.205
12045 157.456
12057.1 154.746
12069.1 152.075
12081.1 149.445
12093.1 146.857
12105.1 144.311
12117.1 140.964
12129.1 137.645
12141.1 134.368
12153.2 131.134
12165.2 127.942
12177.2 124.793
12189.2 121.686
12201.2 118.622
12213.2 115.502
12225.2 112.092
12237.2 108.723
12249.2 105.394
12261.3 102.106
12273.3 98.8565
12285.3 95.6466
12297.3 92.4753
12309.3 89.342
12321.3 86.4158
12333.3 83.7263
12345.3 81.0739
12357.4 78.4578
12369.4 75.8775
12381.4 73.3323
12393.4 70.8215
12405.4 68.3445
12417.4 65.9006
12429.4 64.1374
12441.4 62.6942
12453.5 61.2839
12465.5 59.9058
12477.5 58.5593
12489.5 57.2437
12501.5 55.9584
12513.5 54.7027
12525.5 53.4759
12537.5 51.8718
12549.5 50.2667
12561.6 48.6879
12573.6 47.1347
12585.6 45.6065
12597.6 44.1028
12609.6 42.6229
12621.6 41.1664
12633.6 39.763
12645.6 38.5318
12657.7 37.3225
12669.7 36.1347
12681.7 34.9677
12693.7 33.8212
12705.7 32.6946
12717.7 31.5874
12729.7 30.4992
12741.7 29.0664
12753.8 27.1311
12765.8 25.2116
12777.8 23.3076
12789.8 21.4186
12801.8 19.5442
12813.8 17.684
12825.8 15.8376
12837.8 14.0046
12849.8 12.7916
12861.9 11.9265
12873.9 11.0755
12885.9 10.2381
12897.9 9.41403
12909.9 8.6029
12921.9 7.8044
12933.9 7.01818
12945.9 6.24394
12958 4.73157
12970 3.12581
12982 1.52952
12994 -0.0575995
13006 -1.63582
13018 -3.20543
13030 -4.7667
13042 -6.3199
13054.1 -7.81805
13066.1 -8.96535
13078.1 -10.1046
13090.1 -11.2361
13102.1 -12.36
13114.1 -13.4767
13126.1 -14.5862
13138.1 -15.6889
13150.2 -16.7849
13162.2 -18.0129
13174.2 -19.487
13186.2 -20.9558
13198.2 -22.4194
13210.2 -23.8781
13222.2 -25.3321
13234.2 -26.7816
13246.2 -28.2267
13258.3 -29.6676
13270.3 -31.1923
13282.3 -32.7747
13294.3 -34.3538
13306.3 -35.9296
13318.3 -37.5023
13330.3 -39.0721
13342.3 -40.6392
13354.4 -42.2036
13366.4 -43.7655
13378.4 -43.9891
13390.4 -43.9355
13402.4 -43.877
13414.4 -43.8137
13426.4 -43.7457
13438.4 -43.6732
13450.5 -43.5963
13462.5 -43.5151
13474.5 -43.4269
13486.5 -43.295
13498.5 -43.1591
13510.5 -43.0194
13522.5 -42.8758
13534.5 -42.7286
13546.5 -42.5778
13558.6 -42.4235
13570.6 -42.266
13582.6 -42.2651
13594.6 -42.6237
13606.6 -42.9801
13618.6 -43.3345
13630.6 -43.6869
13642.6 -44.0376
13654.7 -44.3865
13666.7 -44.7337
13678.7 -45.0794
13690.7 -45.5525
13702.7 -46.134
13714.7 -46.7146
13726.7 -47.2945
13738.7 -47.8736
13750.8 -48.4521
13762.8 -49.03
13774.8 -49.6075
13786.8 -50.1845
13798.8 -51.0152
13810.8 -51.9203
13822.8 -52.8257
13834.8 -53.7316
13846.8 -54.6381
13858.9 -55.5451
13870.9 -56.4529
13882.9 -57.3613
13894.9 -58.2725
13906.9 -59.3032
13918.9 -60.3351
13930.9 -61.3682
13942.9 -62.4025
13955 -63.4382
13967 -64.4752
13979 -65.5137
13991 -66.5537
14003 -67.6784
14015 -69.0548
14027 -70.4335
14039 -71.8144
14051.1 -73.1977
14063.1 -74.5833
14075.1 -75.9715
14087.1 -77.3621
14099.1 -78.7552
14111.1 -79.8823
14123.1 -80.7245
14135.1 -81.5685
14147.1 -82.4143
14159.2 -83.2619
14171.2 -84.1114
14183.2 -84.9628
14195.2 -85.8162
14207.2 -86.6715
14219.2 -86.8062
14231.2 -86.6685
14243.2 -86.5313
14255.3 -86.3945
14267.3 -86.2582
14279.3 -86.1225
14291.3 -85.9874
14303.3 -85.8528
14315.3 -85.719
14327.3 -85.8805
14339.3 -86.0556
14351.4 -86.2319
14363.4 -86.4096
14375.4 -86.5886
14387.4 -86.7689
14399.4 -86.9505
14411.4 -87.1336
14423.4 -87.362
14435.4 -87.775
14447.4 -88.1899
14459.5 -88.6066
14471.5 -89.0252
14483.5 -89.4458
14495.5 -89.8682
14507.5 -90.2926
14519.5 -90.7189
14531.5 -91.2489
14543.5 -91.9129
14555.6 -92.5792
14567.6 -93.248
14579.6 -93.9191
14591.6 -94.5927
14603.6 -95.2687
14615.6 -95.9472
14627.6 -96.6281
14639.6 -97.7286
14651.7 -99.0386
14663.7 -100.352
14675.7 -101.669
14687.7 -102.99
14699.7 -104.313
14711.7 -105.641
14723.7 -106.972
14735.7 -108.306
14747.7 -109.627
14759.8 -110.95
14771.8 -112.276
14783.8 -113.606
14795.8 -114.939
14807.8 -116.275
14819.8 -117.615
14831.8 -118.958
14843.8 -120.192
14855.9 -120.765
14867.9 -121.341
14879.9 -121.918
14891.9 -122.497
14903.9 -123.078
14915.9 -123.661
14927.9 -124.247
14939.9 -124.833
14952 -125.219
14964 -125.274
14976 -125.33
14988 -125.386
15000 -125.444
15012 -125.502
15024 -125.561
15036 -125.621
15048 -125.681
15060.1 -125.816
15072.1 -125.997
15084.1 -126.179
15096.1 -126.361
15108.1 -126.544
15120.1 -126.727
15132.1 -126.911
15144.1 -127.095
15156.2 -127.28
15168.2 -127.702
15180.2 -128.166
15192.2 -128.629
15204.2 -129.094
15216.2 -129.559
15228.2 -130.024
15240.2 -130.489
15252.3 -130.955
15264.3 -131.465
15276.3 -132.43
15288.3 -133.396
15300.3 -134.363
15312.3 -135.33
15324.3 -136.298
15336.3 -137.266
15348.3 -138.234
15360.4 -139.202
15372.4 -140.276
15384.4 -141.565
15396.4 -142.853
15408.4 -144.142
15420.4 -145.431
15432.4 -146.72
15444.4 -148.009
15456.5 -149.297
15468.5 -150.585
15480.5 -151.865
15492.5 -153.137
15504.5 -154.408
15516.5 -155.678
15528.5 -156.947
15540.5 -158.216
15552.6 -159.482
15564.6 -160.748
15576.6 -162.012
15588.6 -162.442
15600.6 -162.669
15612.6 -162.892
15624.6 -163.112
15636.6 -163.328
15648.6 -163.54
15660.7 -163.748
15672.7 -163.951
15684.7 -164.152
15696.7 -164.413
15708.7 -164.669
15720.7 -164.92
15732.7 -165.166
15744.7 -165.406
15756.8 -165.642
15768.8 -165.872
15780.8 -166.096
15792.8 -166.468
15804.8 -167.244
15816.8 -168.014
15828.8 -168.778
15840.8 -169.537
15852.9 -170.29
15864.9 -171.038
15876.9 -171.778
15888.9 -172.513
15900.9 -173.662
15912.9 -175.198
15924.9 -176.729
15936.9 -178.255
15948.9 -179.774
15961 -181.287
15973 -182.794
15985 -184.294
15997 -185.788
16009 -187.211
16021 -188.606
16033 -189.994
16045 -191.374
16057.1 -192.746
16069.1 -194.111
16081.1 -195.467
16093.1 -196.816
16105.1 -198.156
16117.1 -200.063
16129.1 -201.971
16141.1 -203.872
16153.2 -205.765
16165.2 -207.649
16177.2 -209.525
16189.2 -211.393
16201.2 -213.252
16213.2 -214.889
16225.2 -215.789
16237.2 -216.678
16249.2 -217.556
16261.3 -218.424
16273.3 -219.28
16285.3 -220.126
16297.3 -220.961
16309.3 -221.784
16321.3 -222.352
16333.3 -222.621
16345.3 -222.877
16357.4 -223.121
16369.4 -223.352
16381.4 -223.57
16393.4 -223.776
16405.4 -223.969
16417.4 -224.149
16429.4 -224.672
16441.4 -225.339
16453.5 -225.993
16465.5 -226.635
16477.5 -227.265
16489.5 -227.882
16501.5 -228.486
16513.5 -229.078
16525.5 -229.657
16537.5 -230.257
16549.5 -230.846
16561.6 -231.423
16573.6 -231.987
16585.6 -232.538
16597.6 -233.076
16609.6 -233.602
16621.6 -234.114
16633.6 -234.684
16645.6 -235.588
16657.7 -236.481
16669.7 -237.36
16681.7 -238.228
16693.7 -239.083
16705.7 -239.926
16717.7 -240.757
16729.7 -241.576
16741.7 -242.474
16753.8 -243.493
16765.8 -244.5
16777.8 -245.495
16789.8 -246.478
16801.8 -247.45
16813.8 -248.41
16825.8 -249.359
16837.8 -250.297
16849.8 -250.552
16861.9 -250.426
16873.9 -250.287
16885.9 -250.135
16897.9 -249.971
16909.9 -249.795
16921.9 -249.606
16933.9 -249.406
16945.9 -249.193
16958 -248.193
16970 -247.074
16982 -245.942
16994 -244.797
17006 -243.639
17018 -242.468
17030 -241.285
17042 -240.09
17054.1 -238.9
17066.1 -237.825
17078.1 -236.738
17090.1 -235.639
17102.1 -234.529
17114.1 -233.408
17126.1 -232.275
17138.1 -231.131
17150.2 -229.976
17162.2 -228.811
17174.2 -227.634
17186.2 -226.447
17198.2 -225.249
17210.2 -224.041
17222.2 -222.824
17234.2 -221.596
17246.2 -220.359
17258.3 -219.112
17270.3 -217.881
17282.3 -216.66
17294.3 -215.43
17306.3 -214.191
17318.3 -212.943
17330.3 -211.687
17342.3 -210.422
17354.4 -209.149
17366.4 -207.868
17378.4 -207.137
17390.4 -206.512
17402.4 -205.88
17414.4 -205.242
17426.4 -204.597
17438.4 -203.946
17450.5 -203.29
17462.5 -202.627
17474.5 -201.935
17486.5 -200.901
17498.5 -199.86
17510.5 -198.814
17522.5 -197.762
17534.5 -196.704
17546.5 -195.642
17558.6 -194.574
17570.6 -193.502
17582.6 -192.038
17594.6 -189.695
17606.6 -187.345
17618.6 -184.99
17630.6 -182.629
17642.6 -180.261
17654.7 -177.889
17666.7 -175.51
17678.7 -173.127
17690.7 -172.481
17702.7 -173.316
17714.7 -174.15
17726.7 -174.984
17738.7 -175.818
17750.8 -176.651
17762.8 -177.484
17774.8 -178.318
17786.8 -179.151
17798.8 -178.791
17810.8 -178.081
17822.8 -177.369
17834.8 -176.656
17846.8 -175.942
17858.9 -175.226
17870.9 -174.51
17882.9 -173.792
17894.9 -173.074
17906.9 -172.355
17918.9 -171.635
17930.9 -170.914
17942.9 -170.193
17955 -169.472
17967 -168.751
17979 -168.029
17991 -167.307
18003 -166.586
18015 -165.864
18027 -165.143
18039 -164.421
18051.1 -163.701
18063.1 -162.98
18075.1 -162.261
18087.1 -161.542
18099.1 -160.823
18111.1 -160.105
18123.1 -159.389
18135.1 -158.673
18147.1 -157.958
18159.2 -157.244
18171.2 -156.531
18183.2 -155.819
18195.2 -155.109
18207.2 -154.4
18219.2 -153.692
18231.2 -152.986
18243.2 -152.281
18255.3 -151.578
18267.3 -150.877
18279.3 -150.177
18291.3 -149.478
18303.3 -148.782
18315.3 -148.087
18327.3 -147.394
18339.3 -146.703
18351.4 -146.014
18363.4 -145.327
18375.4 -144.642
18387.4 -143.959
18399.4 -143.278
18411.4 -142.599
18423.4 -141.923
18435.4 -141.249
18447.4 -140.577
18459.5 -139.907
18471.5 -139.239
18483.5 -138.574
18495.5 -137.911
18507.5 -137.251
18519.5 -136.593
18531.5 -135.938
18543.5 -135.285
18555.6 -134.634
18567.6 -133.986
18579.6 -133.341
18591.6 -132.698
18603.6 -132.058
18615.6 -131.42
18627.6 -130.785
18639.6 -130.153
18651.7 -129.523
18663.7 -128.896
18675.7 -128.272
18687.7 -127.65
18699.7 -127.031
18711.7 -126.415
18723.7 -125.802
18735.7 -125.191
18747.7 -124.583
18759.8 -123.978
18771.8 -123.376
18783.8 -122.777
18795.8 -122.18
18807.8 -121.586
18819.8 -120.995
18831.8 -120.407
18843.8 -119.822
18855.9 -119.239
18867.9 -118.659
18879.9 -118.082
18891.9 -117.508
18903.9 -116.937
18915.9 -116.369
18927.9 -115.804
18939.9 -115.241
18952 -114.681
18964 -114.124
18976 -113.57
18988 -113.019
19000 -112.471
