7000 79.6452
7012.01 80.2895
7024.02 80.941
7036.04 81.5999
7048.05 82.2664
7060.06 82.9407
7072.07 83.6229
7084.08 84.3131
7096.1 85.0116
7108.11 85.7185
7120.12 86.434
7132.13 87.1584
7144.14 87.8918
7156.16 88.6344
7168.17 89.3864
7180.18 90.1481
7192.19 90.9198
7204.2 91.7015
7216.22 92.4937
7228.23 93.2966
7240.24 94.1104
7252.25 94.9355
7264.26 95.7721
7276.28 96.6206
7288.29 97.4812
7300.3 98.3544
7312.31 99.2405
7324.32 100.14
7336.34 101.053
7348.35 101.98
7360.36 102.921
7372.37 103.878
7384.38 104.85
7396.4 105.838
7408.41 106.842
7420.42 107.863
7432.43 108.902
7444.44 109.959
7456.46 111.035
7468.47 112.13
7480.48 113.245
7492.49 114.381
7504.5 115.539
7516.52 116.719
7528.53 117.923
7540.54 119.15
7552.55 120.403
7564.56 121.682
7576.58 122.989
7588.59 123.025
7600.6 122.766
7612.61 122.533
7624.62 122.326
7636.64 122.149
7648.65 122.001
7660.66 121.884
7672.67 121.801
7684.68 121.916
7696.7 126.04
7708.71 130.216
7720.72 134.445
7732.73 138.73
7744.74 143.073
7756.76 147.477
7768.77 151.944
7780.78 156.477
7792.79 160.609
7804.8 163.582
7816.82 166.624
7828.83 169.739
7840.84 172.931
7852.85 176.203
7864.86 179.558
7876.88 183.002
7888.89 186.537
7900.9 189.84
7912.91 192.929
7924.92 196.121
7936.94 199.42
7948.95 202.83
7960.96 206.356
7972.97 210
7984.98 213.768
7997 217.662
8009.01 220.616
8021.02 223.341
8033.03 226.194
8045.05 229.177
8057.06 232.287
8069.07 235.523
8081.08 238.88
8093.09 242.351
8105.11 245.928
8117.12 249.702
8129.13 253.556
8141.14 257.47
8153.15 261.422
8165.17 265.385
8177.18 269.33
8189.19 273.222
8201.2 277.023
8213.21 280.82
8225.23 284.884
8237.24 288.73
8249.25 292.314
8261.26 295.593
8273.27 298.524
8285.29 301.072
8297.3 303.204
8309.31 304.896
8321.32 308.144
8333.33 313.294
8345.35 317.995
8357.36 322.256
8369.37 326.097
8381.38 329.544
8393.39 332.63
8405.41 335.394
8417.42 337.876
8429.43 337.337
8441.44 335.387
8453.45 333.276
8465.47 331.045
8477.48 328.734
8489.49 326.378
8501.5 324.01
8513.51 321.658
8525.53 319.346
8537.54 317.097
8549.55 314.928
8561.56 312.853
8573.57 310.883
8585.59 309.027
8597.6 307.292
8609.61 305.682
8621.62 304.199
8633.63 302.846
8645.65 301.622
8657.66 300.526
8669.67 299.557
8681.68 298.712
8693.69 297.989
8705.71 297.384
8717.72 296.894
8729.73 296.515
8741.74 296.245
8753.75 296.078
8765.77 296.012
8777.78 296.043
8789.79 296.167
8801.8 296.381
8813.81 296.681
8825.83 297.064
8837.84 297.528
8849.85 298.068
8861.86 298.682
8873.87 299.368
8885.89 300.123
8897.9 300.943
8909.91 301.828
8921.92 302.775
8933.93 303.781
8945.95 304.845
8957.96 305.965
8969.97 307.139
8981.98 308.366
8993.99 309.643
9006.01 310.97
9018.02 312.345
9030.03 313.766
9042.04 315.233
9054.05 316.744
9066.07 318.299
9078.08 319.896
9090.09 321.534
9102.1 323.212
9114.11 324.93
9126.13 326.687
9138.14 328.481
9150.15 330.313
9162.16 332.181
9174.17 334.086
9186.19 336.025
9198.2 338
9210.21 340.008
9222.22 342.051
9234.23 344.126
9246.25 346.235
9258.26 348.375
9270.27 350.548
9282.28 352.753
9294.29 354.988
9306.31 357.255
9318.32 359.552
9330.33 361.879
9342.34 364.236
9354.35 366.622
9366.37 369.038
9378.38 371.483
9390.39 373.957
9402.4 376.46
9414.41 378.99
9426.43 381.549
9438.44 384.135
9450.45 386.749
9462.46 389.391
9474.47 392.059
9486.49 394.755
9498.5 397.477
9510.51 400.225
9522.52 403
9534.53 405.8
9546.55 408.626
9558.56 411.478
9570.57 414.355
9582.58 417.258
9594.59 420.184
9606.61 423.136
9618.62 426.112
9630.63 429.112
9642.64 432.135
9654.65 435.182
9666.67 438.253
9678.68 441.346
9690.69 444.462
9702.7 447.601
9714.71 450.761
9726.73 453.944
9738.74 457.148
9750.75 460.372
9762.76 463.618
9774.77 466.884
9786.79 470.17
9798.8 473.476
9810.81 476.8
9822.82 480.144
9834.83 483.506
9846.85 486.886
9858.86 490.284
9870.87 493.699
9882.88 497.13
9894.89 500.577
9906.91 504.04
9918.92 507.518
9930.93 511.011
9942.94 514.517
9954.95 518.037
9966.97 521.57
9978.98 525.115
9990.99 528.671
10003 532.238
10015 535.816
10027 539.403
10039 542.999
10051.1 546.604
10063.1 550.215
10075.1 553.834
10087.1 557.458
10099.1 561.087
10111.1 564.721
10123.1 568.358
10135.1 571.998
10147.1 575.64
10159.2 579.283
10171.2 582.925
10183.2 586.567
10195.2 590.206
10207.2 593.843
10219.2 597.477
10231.2 601.105
10243.2 604.727
10255.3 608.343
10267.3 611.951
10279.3 615.55
10291.3 619.139
10303.3 622.716
10315.3 626.282
10327.3 629.834
10339.3 633.372
10351.4 636.894
10363.4 640.399
10375.4 643.886
10387.4 647.353
10399.4 650.801
10411.4 654.227
10423.4 657.629
10435.4 661.008
10447.4 664.361
10459.5 667.688
10471.5 670.987
10483.5 674.257
10495.5 677.496
10507.5 680.703
10519.5 683.878
10531.5 687.018
10543.5 690.122
10555.6 693.19
10567.6 696.22
10579.6 699.21
10591.6 702.159
10603.6 705.067
10615.6 707.931
10627.6 710.75
10639.6 713.524
10651.7 716.251
10663.7 718.93
10675.7 721.559
10687.7 724.137
10699.7 726.663
10711.7 729.137
10723.7 731.556
10735.7 733.919
10747.7 736.226
10759.8 738.476
10771.8 740.666
10783.8 742.797
10795.8 744.867
10807.8 746.876
10819.8 748.821
10831.8 750.703
10843.8 752.52
10855.9 754.271
10867.9 755.956
10879.9 757.573
10891.9 759.122
10903.9 760.603
10915.9 762.014
10927.9 763.354
10939.9 764.624
10952 765.821
10964 766.947
10976 768
10988 768.98
11000 769.886
11012 770.717
11024 771.475
11036 772.157
11048 772.764
11060.1 773.296
11072.1 773.752
11084.1 774.133
11096.1 774.437
11108.1 774.665
11120.1 774.817
11132.1 774.893
11144.1 774.894
11156.2 774.818
11168.2 774.666
11180.2 774.438
11192.2 774.135
11204.2 773.757
11216.2 773.304
11228.2 772.777
11240.2 772.175
11252.3 771.499
11264.3 770.75
11276.3 769.928
11288.3 769.034
11300.3 768.068
11312.3 767.03
11324.3 765.922
11336.3 764.745
11348.3 763.498
11360.4 762.182
11372.4 761.738
11384.4 763.131
11396.4 764.464
11408.4 765.738
11420.4 766.954
11432.4 768.111
11444.4 769.213
11456.5 770.258
11468.5 771.249
11480.5 771.035
11492.5 769.876
11504.5 768.661
11516.5 767.391
11528.5 766.067
11540.5 764.691
11552.6 763.262
11564.6 761.783
11576.6 760.255
11588.6 759.489
11600.6 758.872
11612.6 758.21
11624.6 757.506
11636.6 756.76
11648.6 755.974
11660.7 755.147
11672.7 754.283
11684.7 753.322
11696.7 750.93
11708.7 748.501
11720.7 746.034
11732.7 743.532
11744.7 740.995
11756.8 738.425
11768.8 735.823
11780.8 733.189
11792.8 730.186
11804.8 726.254
11816.8 722.291
11828.8 718.3
11840.8 714.28
11852.9 710.232
11864.9 706.159
11876.9 702.061
11888.9 697.939
11900.9 694.277
11912.9 691.046
11924.9 687.795
11936.9 684.527
11948.9 681.242
11961 677.941
11973 674.625
11985 671.294
11997 667.951
12009 664.979
12021 662.125
12033 659.262
12045 656.39
12057.1 653.51
12069.1 650.623
12081.1 647.729
12093.1 644.83
12105.1 641.927
12117.1 638.018
12129.1 634.088
12141.1 630.153
12153.2 626.215
12165.2 622.273
12177.2 618.329
12189.2 614.384
12201.2 610.437
12213.2 606.629
12225.2 603.301
12237.2 599.975
12249.2 596.652
12261.3 593.331
12273.3 590.014
12285.3 586.702
12297.3 583.394
12309.3 580.091
12321.3 576.842
12333.3 573.657
12345.3 570.479
12357.4 567.308
12369.4 564.144
12381.4 560.989
12393.4 557.841
12405.4 554.703
12417.4 551.574
12429.4 546.309
12441.4 540.099
12453.5 533.893
12465.5 527.692
12477.5 521.496
12489.5 515.305
12501.5 509.12
12513.5 502.94
12525.5 496.766
12537.5 493.882
12549.5 491.237
12561.6 488.606
12573.6 485.988
12585.6 483.384
12597.6 480.794
12609.6 478.218
12621.6 475.656
12633.6 472.597
12645.6 467.032
12657.7 461.476
12669.7 455.929
12681.7 450.392
12693.7 444.865
12705.7 439.347
12717.7 433.838
12729.7 428.34
12741.7 423.394
12753.8 419.234
12765.8 415.087
12777.8 410.953
12789.8 406.832
12801.8 402.723
12813.8 398.627
12825.8 394.545
12837.8 390.475
12849.8 388.738
12861.9 388.297
12873.9 387.875
12885.9 387.473
12897.9 387.091
12909.9 386.728
12921.9 386.386
12933.9 386.063
12945.9 385.76
12958 381.078
12970 375.802
12982 370.537
12994 365.282
13006 360.037
13018 354.803
13030 349.579
13042 344.365
13054.1 339.718
13066.1 339.124
13078.1 338.549
13090.1 337.992
13102.1 337.454
13114.1 336.935
13126.1 336.433
13138.1 335.951
13150.2 335.486
13162.2 335.456
13174.2 336.204
13186.2 336.971
13198.2 337.759
13210.2 338.567
13222.2 339.395
13234.2 340.243
13246.2 341.11
13258.3 341.998
13270.3 340.782
13282.3 338.096
13294.3 335.423
13306.3 332.764
13318.3 330.117
13330.3 327.483
13342.3 324.861
13354.4 322.252
13366.4 319.655
13378.4 317.801
13390.4 316.108
13402.4 314.429
13414.4 312.764
13426.4 311.112
13438.4 309.474
13450.5 307.85
13462.5 306.238
13474.5 304.795
13486.5 305.619
13498.5 306.459
13510.5 307.318
13522.5 308.193
13534.5 309.085
13546.5 309.994
13558.6 310.919
13570.6 311.862
13582.6 311.117
13594.6 306.528
13606.6 301.946
13618.6 297.37
13630.6 292.801
13642.6 288.238
13654.7 283.681
13666.7 279.129
13678.7 274.584
13690.7 271.558
13702.7 269.829
13714.7 268.11
13726.7 266.401
13738.7 264.703
13750.8 263.015
13762.8 261.337
13774.8 259.668
13786.8 258.01
13798.8 256.714
13810.8 255.532
13822.8 254.36
13834.8 253.199
13846.8 252.047
13858.9 250.905
13870.9 249.773
13882.9 248.651
13894.9 247.569
13906.9 248.401
13918.9 249.246
13930.9 250.103
13942.9 250.973
13955 251.855
13967 252.75
13979 253.656
13991 254.575
14003 255.386
14015 255.85
14027 256.325
14039 256.81
14051.1 257.306
14063.1 257.813
14075.1 258.33
14087.1 258.857
14099.1 259.395
14111.1 259.204
14123.1 258.232
14135.1 257.268
14147.1 256.31
14159.2 255.36
14171.2 254.417
14183.2 253.481
14195.2 252.552
14207.2 251.629
14219.2 249.674
14231.2 247.331
14243.2 244.992
14255.3 242.657
14267.3 240.326
14279.3 237.998
14291.3 235.673
14303.3 233.352
14315.3 231.034
14327.3 229.509
14339.3 228.021
14351.4 226.538
14363.4 225.059
14375.4 223.584
14387.4 222.112
14399.4 220.645
14411.4 219.181
14423.4 217.433
14435.4 214.49
14447.4 211.548
14459.5 208.606
14471.5 205.665
14483.5 202.724
14495.5 199.784
14507.5 196.844
14519.5 193.904
14531.5 191.096
14543.5 188.46
14555.6 185.825
14567.6 183.19
14579.6 180.554
14591.6 177.919
14603.6 175.283
14615.6 172.646
14627.6 170.009
14639.6 169.348
14651.7 169.665
14663.7 169.987
14675.7 170.313
14687.7 170.642
14699.7 170.974
14711.7 171.31
14723.7 171.649
14735.7 171.991
14747.7 172.456
14759.8 172.936
14771.8 173.419
14783.8 173.905
14795.8 174.393
14807.8 174.883
14819.8 175.376
14831.8 175.87
14843.8 175.915
14855.9 173.302
14867.9 170.686
14879.9 168.066
14891.9 165.442
14903.9 162.814
14915.9 160.182
14927.9 157.546
14939.9 154.905
14952 153.025
14964 152.398
14976 151.769
14988 151.139
15000 150.506
15012 149.871
15024 149.233
15036 148.593
15048 147.949
15060.1 146.122
15072.1 143.568
15084.1 141.008
15096.1 138.441
15108.1 135.868
15120.1 133.287
15132.1 130.698
15144.1 128.102
15156.2 125.498
15168.2 122.106
15180.2 118.571
15192.2 115.026
15204.2 111.47
15216.2 107.905
15228.2 104.329
15240.2 100.742
15252.3 97.1432
15264.3 93.5898
15276.3 90.6045
15288.3 87.6083
15300.3 84.6008
15312.3 81.5819
15324.3 78.5513
15336.3 75.5086
15348.3 72.4537
15360.4 69.3861
15372.4 66.8542
15384.4 65.4209
15396.4 63.9767
15408.4 62.5214
15420.4 61.0545
15432.4 59.5759
15444.4 58.0851
15456.5 56.5818
15468.5 55.0658
15480.5 54.8275
15492.5 55.5746
15504.5 56.3114
15516.5 57.0376
15528.5 57.7529
15540.5 58.4569
15552.6 59.1492
15564.6 59.8295
15576.6 60.4973
15588.6 58.6078
15600.6 56.0905
15612.6 53.5548
15624.6 51.0003
15636.6 48.4265
15648.6 45.8332
15660.7 43.2199
15672.7 40.5862
15684.7 37.8765
15696.7 33.8328
15708.7 29.7654
15720.7 25.6738
15732.7 21.5576
15744.7 17.4164
15756.8 13.2497
15768.8 9.05708
15780.8 4.83817
15792.8 0.854892
15804.8 -2.45985
15816.8 -5.80078
15828.8 -9.16834
15840.8 -12.563
15852.9 -15.9851
15864.9 -19.4352
15876.9 -22.9137
15888.9 -26.421
15900.9 -29.7044
15912.9 -32.7797
15924.9 -35.8844
15936.9 -39.0189
15948.9 -42.1835
15961 -45.3787
15973 -48.6048
15985 -51.8623
15997 -55.1515
16009 -58.1477
16021 -61.0675
16033 -64.0193
16045 -67.0035
16057.1 -70.0204
16069.1 -73.0702
16081.1 -76.1531
16093.1 -79.2694
16105.1 -82.4193
16117.1 -85.6087
16129.1 -88.8321
16141.1 -92.0894
16153.2 -95.3808
16165.2 -98.7061
16177.2 -102.065
16189.2 -105.459
16201.2 -108.886
16213.2 -111.784
16225.2 -112.787
16237.2 -113.82
16249.2 -114.881
16261.3 -115.972
16273.3 -117.09
16285.3 -118.236
16297.3 -119.41
16309.3 -120.609
16321.3 -122.442
16333.3 -125.014
16345.3 -127.612
16357.4 -130.235
16369.4 -132.882
16381.4 -135.55
16393.4 -138.24
16405.4 -140.949
16417.4 -143.676
16429.4 -148.359
16441.4 -153.917
16453.5 -159.492
16465.5 -165.082
16477.5 -170.684
16489.5 -176.296
16501.5 -181.915
16513.5 -187.54
16525.5 -193.167
16537.5 -197.084
16549.5 -200.877
16561.6 -204.661
16573.6 -208.433
16585.6 -212.189
16597.6 -215.926
16609.6 -219.64
16621.6 -223.328
16633.6 -226.662
16645.6 -228.375
16657.7 -230.048
16669.7 -231.675
16681.7 -233.253
16693.7 -234.778
16705.7 -236.246
16717.7 -237.651
16729.7 -238.99
16741.7 -240.269
16753.8 -241.489
16765.8 -242.628
16777.8 -243.685
16789.8 -244.653
16801.8 -245.529
16813.8 -246.308
16825.8 -246.987
16837.8 -247.562
16849.8 -248.346
16861.9 -249.193
16873.9 -249.926
16885.9 -250.541
16897.9 -251.034
16909.9 -251.402
16921.9 -251.644
16933.9 -251.756
16945.9 -251.736
16958 -252.087
16970 -252.373
16982 -252.523
16994 -252.535
17006 -252.409
17018 -252.144
17030 -251.74
17042 -251.196
17054.1 -250.84
17066.1 -252.716
17078.1 -254.459
17090.1 -256.069
17102.1 -257.548
17114.1 -258.898
17126.1 -260.12
17138.1 -261.218
17150.2 -262.192
17162.2 -263.073
17174.2 -263.883
17186.2 -264.579
17198.2 -265.164
17210.2 -265.643
17222.2 -266.019
17234.2 -266.295
17246.2 -266.476
17258.3 -266.564
17270.3 -265.385
17282.3 -263.296
17294.3 -261.124
17306.3 -258.875
17318.3 -256.552
17330.3 -254.16
17342.3 -251.702
17354.4 -249.184
17366.4 -246.61
17378.4 -244.37
17390.4 -242.161
17402.4 -239.909
17414.4 -237.617
17426.4 -235.289
17438.4 -232.929
17450.5 -230.54
17462.5 -228.127
17474.5 -225.695
17486.5 -223.292
17498.5 -220.874
17510.5 -218.444
17522.5 -216.006
17534.5 -213.561
17546.5 -211.114
17558.6 -208.667
17570.6 -206.222
17582.6 -204.056
17594.6 -202.522
17606.6 -200.997
17618.6 -199.485
17630.6 -197.987
17642.6 -196.505
17654.7 -195.04
17666.7 -193.595
17678.7 -192.171
17690.7 -188.603
17702.7 -183.212
17714.7 -177.841
17726.7 -172.49
17738.7 -167.16
17750.8 -161.852
17762.8 -156.567
17774.8 -151.306
17786.8 -146.069
17798.8 -142.883
17810.8 -140.317
17822.8 -137.781
17834.8 -135.274
17846.8 -132.798
17858.9 -130.353
17870.9 -127.939
17882.9 -125.555
17894.9 -123.203
17906.9 -120.883
17918.9 -118.594
17930.9 -116.336
17942.9 -114.11
17955 -111.916
17967 -109.753
17979 -107.621
17991 -105.521
18003 -103.451
18015 -101.413
18027 -99.4056
18039 -97.4286
18051.1 -95.482
18063.1 -93.5654
18075.1 -91.6786
18087.1 -89.8215
18099.1 -87.9936
18111.1 -86.1947
18123.1 -84.4244
18135.1 -82.6826
18147.1 -80.9688
18159.2 -79.2827
18171.2 -77.624
18183.2 -75.9923
18195.2 -74.3874
18207.2 -72.8088
18219.2 -71.2562
18231.2 -69.7292
18243.2 -68.2276
18255.3 -66.7509
18267.3 -65.2988
18279.3 -63.8708
18291.3 -62.4668
18303.3 -61.0863
18315.3 -59.7289
18327.3 -58.3943
18339.3 -57.0822
18351.4 -55.7921
18363.4 -54.5238
18375.4 -53.2769
18387.4 -52.0511
18399.4 -50.8459
18411.4 -49.6611
18423.4 -48.4964
18435.4 -47.3514
18447.4 -46.2257
18459.5 -45.1191
18471.5 -44.0313
18483.5 -42.9618
18495.5 -41.9105
18507.5 -40.877
18519.5 -39.8609
18531.5 -38.8621
18543.5 -37.8801
18555.6 -36.9147
18567.6 -35.9657
18579.6 -35.0327
18591.6 -34.1154
18603.6 -33.2136
18615.6 -32.327
18627.6 -31.4554
18639.6 -30.5984
18651.7 -29.7558
18663.7 -28.9275
18675.7 -28.113
18687.7 -27.3122
18699.7 -26.5248
18711.7 -25.7506
18723.7 -24.9893
18735.7 -24.2408
18747.7 -23.5048
18759.8 -22.7811
18771.8 -22.0694
18783.8 -21.3696
18795.8 -20.6814
18807.8 -20.0046
18819.8 -19.3391
18831.8 -18.6846
18843.8 -18.0409
18855.9 -17.4079
18867.9 -16.7854
18879.9 -16.1731
18891.9 -15.5708
18903.9 -14.9785
18915.9 -14.396
18927.9 -13.823
18939.9 -13.2594
18952 -12.705
18964 -12.1597
18976 -11.6233
18988 -11.0956
19000 -10.5766
