7000 -20.8955
7012.01 -20.9213
7024.02 -20.9214
7036.04 -20.8952
7048.05 -20.8424
7060.06 -20.7626
7072.07 -20.6559
7084.08 -20.5221
7096.1 -20.3615
7108.11 -20.1742
7120.12 -19.9606
7132.13 -19.7212
7144.14 -19.4566
7156.16 -19.1675
7168.17 -18.8546
7180.18 -18.5187
7192.19 -18.1608
7204.2 -17.7818
7216.22 -17.3826
7228.23 -16.9644
7240.24 -16.5282
7252.25 -16.0749
7264.26 -15.6058
7276.28 -15.1217
7288.29 -14.6238
7300.3 -14.113
7312.31 -13.5903
7324.32 -13.0567
7336.34 -12.513
7348.35 -11.96
7360.36 -11.3986
7372.37 -10.8295
7384.38 -10.2533
7396.4 -9.67066
7408.41 -9.08218
7420.42 -8.48835
7432.43 -7.88961
7444.44 -7.28635
7456.46 -6.67891
7468.47 -6.06756
7480.48 -5.45254
7492.49 -4.83403
7504.5 -4.21215
7516.52 -3.58699
7528.53 -2.95859
7540.54 -2.32693
7552.55 -1.69199
7564.56 -1.05367
7576.58 -0.411864
7588.59 0.4211
7600.6 1.30473
7612.61 2.19312
7624.62 3.08652
7636.64 3.98519
7648.65 4.88941
7660.66 5.79949
7672.67 6.71574
7684.68 7.62829
7696.7 8.29905
7708.71 8.97624
7720.72 9.66021
7732.73 10.3514
7744.74 11.0501
7756.76 11.7567
7768.77 12.4716
7780.78 13.1953
7792.79 13.9701
7804.8 14.8649
7816.82 15.7699
7828.83 16.6854
7840.84 17.6119
7852.85 18.5495
7864.86 19.4985
7876.88 20.4591
7888.89 21.4314
7900.9 22.1635
7912.91 22.6669
7924.92 23.1807
7936.94 23.7049
7948.95 24.2393
7960.96 24.7836
7972.97 25.3375
7984.98 25.9006
7997 26.4723
8009.01 27.4031
8021.02 28.4593
8033.03 29.5231
8045.05 30.5933
8057.06 31.6686
8069.07 32.7478
8081.08 33.8291
8093.09 34.9108
8105.11 35.9909
8117.12 36.5066
8129.13 37.0073
8141.14 37.498
8153.15 37.976
8165.17 38.4386
8177.18 38.883
8189.19 39.3061
8201.2 39.7049
8213.21 40.3702
8225.23 42.0295
8237.24 43.6589
8249.25 45.2551
8261.26 46.8152
8273.27 48.3362
8285.29 49.8153
8297.3 51.25
8309.31 52.6378
8321.32 53.3713
8333.33 53.342
8345.35 53.2567
8357.36 53.1143
8369.37 52.9142
8381.38 52.656
8393.39 52.3397
8405.41 51.9659
8417.42 51.5352
8429.43 51.3976
8441.44 51.3583
8453.45 51.2682
8465.47 51.1296
8477.48 50.9449
8489.49 50.7167
8501.5 50.4478
8513.51 50.1413
8525.53 49.8002
8537.54 49.4276
8549.55 49.0267
8561.56 48.6006
8573.57 48.1526
8585.59 47.6856
8597.6 47.2026
8609.61 46.7066
8621.62 46.2002
8633.63 45.6862
8645.65 45.1669
8657.66 44.6447
8669.67 44.1217
8681.68 43.6
8693.69 43.0813
8705.71 42.5674
8717.72 42.0598
8729.73 41.5598
8741.74 41.0688
8753.75 40.5876
8765.77 40.1175
8777.78 39.6591
8789.79 39.2133
8801.8 38.7805
8813.81 38.3615
8825.83 37.9566
8837.84 37.5662
8849.85 37.1905
8861.86 36.8298
8873.87 36.4843
8885.89 36.154
8897.9 35.839
8909.91 35.5394
8921.92 35.255
8933.93 34.9859
8945.95 34.7319
8957.96 34.493
8969.97 34.2691
8981.98 34.0599
8993.99 33.8653
9006.01 33.6851
9018.02 33.5193
9030.03 33.3675
9042.04 33.2295
9054.05 33.1053
9066.07 32.9946
9078.08 32.8971
9090.09 32.8127
9102.1 32.7413
9114.11 32.6825
9126.13 32.6362
9138.14 32.6022
9150.15 32.5804
9162.16 32.5705
9174.17 32.5724
9186.19 32.5859
9198.2 32.6109
9210.21 32.6472
9222.22 32.6946
9234.23 32.753
9246.25 32.8224
9258.26 32.9024
9270.27 32.9931
9282.28 33.0944
9294.29 33.206
9306.31 33.328
9318.32 33.4602
9330.33 33.6026
9342.34 33.755
9354.35 33.9174
9366.37 34.0898
9378.38 34.272
9390.39 34.4641
9402.4 34.666
9414.41 34.8776
9426.43 35.099
9438.44 35.3301
9450.45 35.5709
9462.46 35.8213
9474.47 36.0815
9486.49 36.3514
9498.5 36.6309
9510.51 36.9202
9522.52 37.2192
9534.53 37.528
9546.55 37.8467
9558.56 38.1751
9570.57 38.5135
9582.58 38.8619
9594.59 39.2202
9606.61 39.5887
9618.62 39.9673
9630.63 40.3561
9642.64 40.7553
9654.65 41.1649
9666.67 41.585
9678.68 42.0158
9690.69 42.4572
9702.7 42.9095
9714.71 43.3728
9726.73 43.8472
9738.74 44.3327
9750.75 44.8297
9762.76 45.3382
9774.77 45.8583
9786.79 46.3903
9798.8 46.9342
9810.81 47.4904
9822.82 48.0588
9834.83 48.6398
9846.85 49.2336
9858.86 49.8402
9870.87 50.46
9882.88 51.0931
9894.89 51.7397
9906.91 52.4001
9918.92 53.0746
9930.93 53.7633
9942.94 54.4665
9954.95 55.1845
9966.97 55.9175
9978.98 56.6658
9990.99 57.4296
10003 58.2093
10015 59.0051
10027 59.8174
10039 60.6465
10051.1 61.4926
10063.1 62.3561
10075.1 63.2373
10087.1 64.1366
10099.1 65.0544
10111.1 65.9909
10123.1 66.9465
10135.1 67.9216
10147.1 68.9167
10159.2 69.932
10171.2 70.968
10183.2 72.0251
10195.2 73.1038
10207.2 74.2043
10219.2 75.3273
10231.2 76.473
10243.2 77.642
10255.3 78.8347
10267.3 80.0516
10279.3 81.2932
10291.3 82.5599
10303.3 83.8522
10315.3 85.1706
10327.3 86.5157
10339.3 87.8879
10351.4 89.2877
10363.4 90.7158
10375.4 92.1725
10387.4 93.6584
10399.4 95.1741
10411.4 96.7202
10423.4 98.297
10435.4 99.9053
10447.4 101.545
10459.5 103.218
10471.5 104.924
10483.5 106.663
10495.5 108.437
10507.5 110.245
10519.5 112.088
10531.5 113.967
10543.5 115.882
10555.6 117.834
10567.6 119.823
10579.6 121.849
10591.6 123.914
10603.6 126.018
10615.6 128.16
10627.6 130.342
10639.6 132.563
10651.7 134.825
10663.7 137.127
10675.7 139.47
10687.7 141.853
10699.7 144.278
10711.7 146.743
10723.7 149.25
10735.7 151.798
10747.7 154.387
10759.8 157.018
10771.8 159.689
10783.8 162.4
10795.8 165.152
10807.8 167.944
10819.8 170.775
10831.8 173.644
10843.8 176.551
10855.9 179.495
10867.9 182.475
10879.9 185.49
10891.9 188.538
10903.9 191.618
10915.9 194.729
10927.9 197.868
10939.9 201.035
10952 204.226
10964 207.44
10976 210.674
10988 213.926
11000 217.192
11012 220.471
11024 223.758
11036 227.05
11048 230.345
11060.1 233.637
11072.1 236.923
11084.1 240.199
11096.1 243.461
11108.1 246.704
11120.1 249.923
11132.1 253.113
11144.1 256.27
11156.2 259.388
11168.2 262.462
11180.2 265.486
11192.2 268.455
11204.2 271.363
11216.2 274.204
11228.2 276.973
11240.2 279.664
11252.3 282.271
11264.3 284.789
11276.3 287.211
11288.3 289.532
11300.3 291.748
11312.3 293.851
11324.3 295.838
11336.3 297.703
11348.3 299.442
11360.4 301.05
11372.4 301.74
11384.4 300.702
11396.4 299.517
11408.4 298.182
11420.4 296.694
11432.4 295.051
11444.4 293.251
11456.5 291.293
11468.5 289.176
11480.5 287.738
11492.5 286.79
11504.5 285.686
11516.5 284.427
11528.5 283.014
11540.5 281.449
11552.6 279.733
11564.6 277.87
11576.6 275.862
11588.6 274.763
11600.6 273.779
11612.6 272.665
11624.6 271.423
11636.6 270.06
11648.6 268.578
11660.7 266.984
11672.7 265.283
11684.7 263.488
11696.7 261.83
11708.7 260.081
11720.7 258.247
11732.7 256.332
11744.7 254.342
11756.8 252.284
11768.8 250.161
11780.8 247.98
11792.8 245.646
11804.8 243
11816.8 240.31
11828.8 237.581
11840.8 234.819
11852.9 232.028
11864.9 229.212
11876.9 226.376
11888.9 223.525
11900.9 220.94
11912.9 218.609
11924.9 216.275
11936.9 213.941
11948.9 211.61
11961 209.286
11973 206.971
11985 204.668
11997 202.379
12009 199.836
12021 197.219
12033 194.624
12045 192.05
12057.1 189.501
12069.1 186.977
12081.1 184.481
12093.1 182.013
12105.1 179.574
12117.1 176.419
12129.1 173.281
12141.1 170.174
12153.2 167.099
12165.2 164.056
12177.2 161.047
12189.2 158.07
12201.2 155.128
12213.2 152.124
12225.2 148.827
12237.2 145.564
12249.2 142.334
12261.3 139.139
12273.3 135.977
12285.3 132.849
12297.3 129.755
12309.3 126.694
12321.3 123.852
12333.3 121.262
12345.3 118.705
12357.4 116.183
12369.4 113.693
12381.4 111.235
12393.4 108.811
12405.4 106.418
12417.4 104.057
12429.4 102.108
12441.4 100.359
12453.5 98.6412
12465.5 96.9547
12477.5 95.2987
12489.5 93.6728
12501.5 92.0766
12513.5 90.5095
12525.5 88.9711
12537.5 87.1192
12549.5 85.2708
12561.6 83.449
12573.6 81.6533
12585.6 79.8833
12597.6 78.1384
12609.6 76.4182
12621.6 74.7222
12633.6 73.0813
12645.6 71.6173
12657.7 70.1765
12669.7 68.7585
12681.7 67.3628
12693.7 65.9889
12705.7 64.6365
12717.7 63.305
12729.7 61.9941
12741.7 60.382
12753.8 58.3288
12765.8 56.2934
12777.8 54.2755
12789.8 52.2746
12801.8 50.2903
12813.8 48.3223
12825.8 46.3702
12837.8 44.4336
12849.8 43.1309
12861.9 42.1849
12873.9 41.2551
12885.9 40.3412
12897.9 39.4428
12909.9 38.5596
12921.9 37.6912
12933.9 36.8374
12945.9 35.9978
12958 34.5466
12970 33.0215
12982 31.5085
12994 30.0071
13006 28.5172
13018 27.0383
13030 25.5703
13042 24.1128
13054.1 22.7135
13066.1 21.6718
13078.1 20.6405
13090.1 19.6195
13102.1 18.6085
13114.1 17.6073
13126.1 16.6156
13138.1 15.6331
13150.2 14.6598
13162.2 13.5598
13174.2 12.2218
13186.2 10.8916
13198.2 9.56877
13210.2 8.25326
13222.2 6.94483
13234.2 5.64327
13246.2 4.3484
13258.3 3.06002
13270.3 1.69327
13282.3 0.273254
13294.3 -1.14109
13306.3 -2.54993
13318.3 -3.95345
13330.3 -5.35181
13342.3 -6.74519
13354.4 -8.13375
13366.4 -9.51765
13378.4 -9.92024
13390.4 -10.1175
13402.4 -10.3084
13414.4 -10.4932
13426.4 -10.6719
13438.4 -10.8449
13450.5 -11.012
13462.5 -11.1737
13474.5 -11.3273
13486.5 -11.4383
13498.5 -11.544
13510.5 -11.6447
13522.5 -11.7403
13534.5 -11.8311
13546.5 -11.9171
13558.6 -11.9986
13570.6 -12.0755
13582.6 -12.2767
13594.6 -12.7653
13606.6 -13.2504
13618.6 -13.7322
13630.6 -14.2108
13642.6 -14.6864
13654.7 -15.1589
13666.7 -15.6286
13678.7 -16.0955
13690.7 -16.6328
13702.7 -17.2299
13714.7 -17.8248
13726.7 -18.4175
13738.7 -19.0081
13750.8 -19.5969
13762.8 -20.1837
13774.8 -20.7688
13786.8 -21.3521
13798.8 -22.0574
13810.8 -22.7973
13822.8 -23.5361
13834.8 -24.2739
13846.8 -25.0106
13858.9 -25.7465
13870.9 -26.4815
13882.9 -27.2158
13894.9 -27.9518
13906.9 -28.8308
13918.9 -29.7095
13930.9 -30.5881
13942.9 -31.4665
13955 -32.3449
13967 -33.2234
13979 -34.1019
13991 -34.9806
14003 -35.9177
14015 -37.0299
14027 -38.1428
14039 -39.2565
14051.1 -40.3712
14063.1 -41.4868
14075.1 -42.6034
14087.1 -43.7211
14099.1 -44.84
14111.1 -45.7954
14123.1 -46.5759
14135.1 -47.3572
14147.1 -48.1392
14159.2 -48.9222
14171.2 -49.706
14183.2 -50.4909
14195.2 -51.2767
14207.2 -52.0637
14219.2 -52.4502
14231.2 -52.6856
14243.2 -52.9212
14255.3 -53.1572
14267.3 -53.3936
14279.3 -53.6305
14291.3 -53.8679
14303.3 -54.1058
14315.3 -54.3444
14327.3 -54.7322
14339.3 -55.1273
14351.4 -55.5233
14363.4 -55.9204
14375.4 -56.3186
14387.4 -56.718
14399.4 -57.1185
14411.4 -57.5202
14423.4 -57.9283
14435.4 -58.3588
14447.4 -58.7907
14459.5 -59.2239
14471.5 -59.6587
14483.5 -60.095
14495.5 -60.5327
14507.5 -60.9721
14519.5 -61.4131
14531.5 -61.9269
14543.5 -62.535
14555.6 -63.145
14567.6 -63.7571
14579.6 -64.3711
14591.6 -64.9873
14603.6 -65.6055
14615.6 -66.2259
14627.6 -66.8485
14639.6 -67.7786
14651.7 -68.8626
14663.7 -69.9495
14675.7 -71.0394
14687.7 -72.1323
14699.7 -73.2283
14711.7 -74.3274
14723.7 -75.4296
14735.7 -76.5349
14747.7 -77.5608
14759.8 -78.5817
14771.8 -79.6056
14783.8 -80.6326
14795.8 -81.6626
14807.8 -82.6956
14819.8 -83.7318
14831.8 -84.771
14843.8 -85.7451
14855.9 -86.3206
14867.9 -86.8984
14879.9 -87.4786
14891.9 -88.0612
14903.9 -88.6461
14915.9 -89.2333
14927.9 -89.823
14939.9 -90.415
14952 -90.8973
14964 -91.1981
14976 -91.5007
14988 -91.8052
15000 -92.1115
15012 -92.4198
15024 -92.7299
15036 -93.0418
15048 -93.3555
15060.1 -93.6819
15072.1 -94.0166
15084.1 -94.3531
15096.1 -94.6915
15108.1 -95.0315
15120.1 -95.3734
15132.1 -95.717
15144.1 -96.0622
15156.2 -96.4091
15168.2 -96.9194
15180.2 -97.4589
15192.2 -98.0004
15204.2 -98.5437
15216.2 -99.0887
15228.2 -99.6356
15240.2 -100.184
15252.3 -100.734
15264.3 -101.307
15276.3 -102.092
15288.3 -102.879
15300.3 -103.667
15312.3 -104.458
15324.3 -105.25
15336.3 -106.044
15348.3 -106.839
15360.4 -107.636
15372.4 -108.498
15384.4 -109.491
15396.4 -110.485
15408.4 -111.48
15420.4 -112.477
15432.4 -113.475
15444.4 -114.475
15456.5 -115.476
15468.5 -116.479
15480.5 -117.594
15492.5 -118.797
15504.5 -120.001
15516.5 -121.206
15528.5 -122.412
15540.5 -123.62
15552.6 -124.828
15564.6 -126.037
15576.6 -127.246
15588.6 -127.878
15600.6 -128.369
15612.6 -128.86
15624.6 -129.351
15636.6 -129.84
15648.6 -130.328
15660.7 -130.815
15672.7 -131.3
15684.7 -131.784
15696.7 -132.263
15708.7 -132.74
15720.7 -133.215
15732.7 -133.688
15744.7 -134.159
15756.8 -134.628
15768.8 -135.094
15780.8 -135.558
15792.8 -136.108
15804.8 -136.89
15816.8 -137.671
15828.8 -138.448
15840.8 -139.223
15852.9 -139.994
15864.9 -140.763
15876.9 -141.528
15888.9 -142.29
15900.9 -143.338
15912.9 -144.656
15924.9 -145.97
15936.9 -147.281
15948.9 -148.589
15961 -149.893
15973 -151.193
15985 -152.49
15997 -153.782
16009 -154.946
16021 -156.066
16033 -157.18
16045 -158.289
16057.1 -159.393
16069.1 -160.491
16081.1 -161.583
16093.1 -162.67
16105.1 -163.751
16117.1 -165.313
16129.1 -166.877
16141.1 -168.435
16153.2 -169.987
16165.2 -171.533
16177.2 -173.072
16189.2 -174.605
16201.2 -176.132
16213.2 -177.564
16225.2 -178.689
16237.2 -179.807
16249.2 -180.917
16261.3 -182.018
16273.3 -183.112
16285.3 -184.196
16297.3 -185.272
16309.3 -186.339
16321.3 -187.248
16333.3 -187.972
16345.3 -188.687
16357.4 -189.391
16369.4 -190.086
16381.4 -190.77
16393.4 -191.443
16405.4 -192.106
16417.4 -192.758
16429.4 -193.6
16441.4 -194.521
16453.5 -195.43
16465.5 -196.329
16477.5 -197.217
16489.5 -198.093
16501.5 -198.959
16513.5 -199.812
16525.5 -200.654
16537.5 -201.376
16549.5 -202.079
16561.6 -202.769
16573.6 -203.447
16585.6 -204.113
16597.6 -204.766
16609.6 -205.407
16621.6 -206.035
16633.6 -206.689
16645.6 -207.516
16657.7 -208.331
16669.7 -209.133
16681.7 -209.922
16693.7 -210.699
16705.7 -211.463
16717.7 -212.215
16729.7 -212.953
16741.7 -213.737
16753.8 -214.593
16765.8 -215.436
16777.8 -216.266
16789.8 -217.083
16801.8 -217.888
16813.8 -218.68
16825.8 -219.459
16837.8 -220.225
16849.8 -220.61
16861.9 -220.779
16873.9 -220.935
16885.9 -221.076
16897.9 -221.205
16909.9 -221.32
16921.9 -221.421
16933.9 -221.51
16945.9 -221.585
16958 -221.096
16970 -220.518
16982 -219.926
16994 -219.32
17006 -218.7
17018 -218.066
17030 -217.418
17042 -216.757
17054.1 -216.075
17066.1 -215.326
17078.1 -214.564
17090.1 -213.788
17102.1 -212.999
17114.1 -212.197
17126.1 -211.382
17138.1 -210.554
17150.2 -209.713
17162.2 -208.785
17174.2 -207.707
17186.2 -206.617
17198.2 -205.515
17210.2 -204.4
17222.2 -203.273
17234.2 -202.134
17246.2 -200.982
17258.3 -199.819
17270.3 -198.629
17282.3 -197.417
17294.3 -196.194
17306.3 -194.959
17318.3 -193.713
17330.3 -192.456
17342.3 -191.188
17354.4 -189.91
17366.4 -188.621
17378.4 -187.746
17390.4 -186.946
17402.4 -186.138
17414.4 -185.321
17426.4 -184.495
17438.4 -183.66
17450.5 -182.816
17462.5 -181.964
17474.5 -181.111
17486.5 -180.342
17498.5 -179.565
17510.5 -178.78
17522.5 -177.989
17534.5 -177.19
17546.5 -176.384
17558.6 -175.571
17570.6 -174.751
17582.6 -173.638
17594.6 -171.866
17606.6 -170.087
17618.6 -168.3
17630.6 -166.506
17642.6 -164.706
17654.7 -162.898
17666.7 -161.085
17678.7 -159.264
17690.7 -159.206
17702.7 -160.649
17714.7 -162.09
17726.7 -163.531
17738.7 -164.97
17750.8 -166.408
17762.8 -167.845
17774.8 -169.281
17786.8 -170.717
17798.8 -170.529
17810.8 -169.865
17822.8 -169.197
17834.8 -168.527
17846.8 -167.854
17858.9 -167.179
17870.9 -166.501
17882.9 -165.821
17894.9 -165.138
17906.9 -164.454
17918.9 -163.768
17930.9 -163.08
17942.9 -162.391
17955 -161.7
17967 -161.007
17979 -160.314
17991 -159.619
18003 -158.923
18015 -158.227
18027 -157.53
18039 -156.832
18051.1 -156.133
18063.1 -155.434
18075.1 -154.735
18087.1 -154.035
18099.1 -153.336
18111.1 -152.636
18123.1 -151.936
18135.1 -151.237
18147.1 -150.538
18159.2 -149.839
18171.2 -149.14
18183.2 -148.443
18195.2 -147.745
18207.2 -147.049
18219.2 -146.353
18231.2 -145.658
18243.2 -144.964
18255.3 -144.271
18267.3 -143.579
18279.3 -142.888
18291.3 -142.198
18303.3 -141.51
18315.3 -140.823
18327.3 -140.137
18339.3 -139.453
18351.4 -138.771
18363.4 -138.09
18375.4 -137.411
18387.4 -136.733
18399.4 -136.057
18411.4 -135.383
18423.4 -134.711
18435.4 -134.041
18447.4 -133.373
18459.5 -132.707
18471.5 -132.043
18483.5 -131.381
18495.5 -130.721
18507.5 -130.063
18519.5 -129.408
18531.5 -128.755
18543.5 -128.104
18555.6 -127.456
18567.6 -126.81
18579.6 -126.166
18591.6 -125.525
18603.6 -124.886
18615.6 -124.249
18627.6 -123.616
18639.6 -122.984
18651.7 -122.356
18663.7 -121.73
18675.7 -121.106
18687.7 -120.486
18699.7 -119.868
18711.7 -119.252
18723.7 -118.639
18735.7 -118.03
18747.7 -117.422
18759.8 -116.818
18771.8 -116.216
18783.8 -115.617
18795.8 -115.021
18807.8 -114.428
18819.8 -113.837
18831.8 -113.25
18843.8 -112.665
18855.9 -112.083
18867.9 -111.504
18879.9 -110.928
18891.9 -110.355
18903.9 -109.784
18915.9 -109.217
18927.9 -108.652
18939.9 -108.091
18952 -107.532
18964 -106.976
18976 -106.423
18988 -105.873
19000 -105.326
