7000 -1.46314
7012.01 -1.73698
7024.02 -2.02925
7036.04 -2.3409
7048.05 -2.67287
7060.06 -3.02603
7072.07 -3.40119
7084.08 -3.79905
7096.1 -4.22013
7108.11 -4.66478
7120.12 -5.13304
7132.13 -5.62463
7144.14 -6.13884
7156.16 -6.67444
7168.17 -7.2296
7180.18 -7.80174
7192.19 -8.38748
7204.2 -8.98252
7216.22 -9.58154
7228.23 -10.1782
7240.24 -10.765
7252.25 -11.3336
7264.26 -11.8745
7276.28 -12.3777
7288.29 -12.8326
7300.3 -13.2285
7312.31 -13.555
7324.32 -13.8025
7336.34 -13.9626
7348.35 -14.0287
7360.36 -13.9962
7372.37 -13.8629
7384.38 -13.6288
7396.4 -13.2966
7408.41 -12.8712
7420.42 -12.3594
7432.43 -11.7696
7444.44 -11.111
7456.46 -10.3939
7468.47 -9.6283
7480.48 -8.82426
7492.49 -7.9912
7504.5 -7.13779
7516.52 -6.27175
7528.53 -5.39982
7540.54 -4.5277
7552.55 -3.66005
7564.56 -2.80063
7576.58 -1.95229
7588.59 -1.00226
7600.6 -0.0381086
7612.61 0.911075
7624.62 1.84495
7636.64 2.76359
7648.65 3.66738
7660.66 4.55698
7672.67 5.43325
7684.68 6.28984
7696.7 6.95506
7708.71 7.6098
7720.72 8.25535
7732.73 8.89307
7744.74 9.52432
7756.76 10.1505
7768.77 10.7729
7780.78 11.3931
7792.79 12.0831
7804.8 12.9593
7816.82 13.838
7828.83 14.7205
7840.84 15.6081
7852.85 16.502
7864.86 17.4035
7876.88 18.3136
7888.89 19.2336
7900.9 19.9207
7912.91 20.387
7924.92 20.8649
7936.94 21.3551
7948.95 21.8587
7960.96 22.3763
7972.97 22.9086
7984.98 23.4561
7997 24.0192
8009.01 24.8637
8021.02 25.8137
8033.03 26.7805
8045.05 27.7638
8057.06 28.763
8069.07 29.7772
8081.08 30.8052
8093.09 31.8455
8105.11 32.896
8117.12 33.3672
8129.13 33.8341
8141.14 34.3014
8153.15 34.7652
8165.17 35.2215
8177.18 35.6657
8189.19 36.093
8201.2 36.498
8213.21 37.1368
8225.23 38.6545
8237.24 40.1357
8249.25 41.5745
8261.26 42.9647
8273.27 44.3006
8285.29 45.5769
8297.3 46.7886
8309.31 47.9315
8321.32 48.6038
8333.33 48.7328
8345.35 48.7827
8357.36 48.7528
8369.37 48.6435
8381.38 48.4562
8393.39 48.1932
8405.41 47.8577
8417.42 47.4538
8429.43 47.1448
8441.44 46.8466
8453.45 46.4962
8465.47 46.0994
8477.48 45.6624
8489.49 45.1911
8501.5 44.6914
8513.51 44.1693
8525.53 43.6301
8537.54 43.079
8549.55 42.5207
8561.56 41.9596
8573.57 41.3998
8585.59 40.8446
8597.6 40.2973
8609.61 39.7605
8621.62 39.2365
8633.63 38.7274
8645.65 38.2347
8657.66 37.7598
8669.67 37.3038
8681.68 36.8675
8693.69 36.4515
8705.71 36.0562
8717.72 35.6819
8729.73 35.3287
8741.74 34.9965
8753.75 34.6854
8765.77 34.3951
8777.78 34.1253
8789.79 33.8757
8801.8 33.6459
8813.81 33.4356
8825.83 33.2443
8837.84 33.0716
8849.85 32.917
8861.86 32.78
8873.87 32.6603
8885.89 32.5573
8897.9 32.4706
8909.91 32.3998
8921.92 32.3443
8933.93 32.3038
8945.95 32.2779
8957.96 32.2661
8969.97 32.2681
8981.98 32.2835
8993.99 32.312
9006.01 32.3532
9018.02 32.4068
9030.03 32.4725
9042.04 32.5501
9054.05 32.6391
9066.07 32.7394
9078.08 32.8508
9090.09 32.9729
9102.1 33.1057
9114.11 33.2488
9126.13 33.4021
9138.14 33.5654
9150.15 33.7386
9162.16 33.9216
9174.17 34.114
9186.19 34.3159
9198.2 34.5272
9210.21 34.7476
9222.22 34.9772
9234.23 35.2158
9246.25 35.4634
9258.26 35.7198
9270.27 35.9851
9282.28 36.2592
9294.29 36.542
9306.31 36.8335
9318.32 37.1337
9330.33 37.4425
9342.34 37.76
9354.35 38.0861
9366.37 38.4209
9378.38 38.7644
9390.39 39.1165
9402.4 39.4773
9414.41 39.8468
9426.43 40.2252
9438.44 40.6123
9450.45 41.0082
9462.46 41.4131
9474.47 41.827
9486.49 42.2498
9498.5 42.6818
9510.51 43.123
9522.52 43.5734
9534.53 44.0332
9546.55 44.5025
9558.56 44.9812
9570.57 45.4697
9582.58 45.9679
9594.59 46.4759
9606.61 46.994
9618.62 47.5222
9630.63 48.0606
9642.64 48.6094
9654.65 49.1688
9666.67 49.7388
9678.68 50.3197
9690.69 50.9115
9702.7 51.5145
9714.71 52.1288
9726.73 52.7546
9738.74 53.3921
9750.75 54.0415
9762.76 54.7029
9774.77 55.3765
9786.79 56.0626
9798.8 56.7614
9810.81 57.473
9822.82 58.1977
9834.83 58.9358
9846.85 59.6874
9858.86 60.4527
9870.87 61.2321
9882.88 62.0258
9894.89 62.8341
9906.91 63.6571
9918.92 64.4952
9930.93 65.3487
9942.94 66.2177
9954.95 67.1027
9966.97 68.0039
9978.98 68.9216
9990.99 69.8562
10003 70.8079
10015 71.777
10027 72.7639
10039 73.7689
10051.1 74.7924
10063.1 75.8347
10075.1 76.8962
10087.1 77.9772
10099.1 79.0781
10111.1 80.1993
10123.1 81.3411
10135.1 82.504
10147.1 83.6883
10159.2 84.8945
10171.2 86.1229
10183.2 87.374
10195.2 88.6482
10207.2 89.9459
10219.2 91.2676
10231.2 92.6136
10243.2 93.9845
10255.3 95.3807
10267.3 96.8027
10279.3 98.2508
10291.3 99.7256
10303.3 101.228
10315.3 102.757
10327.3 104.315
10339.3 105.901
10351.4 107.516
10363.4 109.161
10375.4 110.836
10387.4 112.541
10399.4 114.277
10411.4 116.045
10423.4 117.844
10435.4 119.676
10447.4 121.541
10459.5 123.439
10471.5 125.37
10483.5 127.336
10495.5 129.337
10507.5 131.373
10519.5 133.444
10531.5 135.55
10543.5 137.693
10555.6 139.873
10567.6 142.09
10579.6 144.343
10591.6 146.634
10603.6 148.963
10615.6 151.33
10627.6 153.735
10639.6 156.178
10651.7 158.66
10663.7 161.18
10675.7 163.738
10687.7 166.335
10699.7 168.97
10711.7 171.643
10723.7 174.354
10735.7 177.103
10747.7 179.889
10759.8 182.712
10771.8 185.571
10783.8 188.466
10795.8 191.395
10807.8 194.359
10819.8 197.357
10831.8 200.386
10843.8 203.447
10855.9 206.538
10867.9 209.657
10879.9 212.804
10891.9 215.976
10903.9 219.172
10915.9 222.389
10927.9 225.627
10939.9 228.882
10952 232.152
10964 235.435
10976 238.729
10988 242.03
11000 245.335
11012 248.641
11024 251.946
11036 255.245
11048 258.535
11060.1 261.812
11072.1 265.072
11084.1 268.311
11096.1 271.526
11108.1 274.711
11120.1 277.862
11132.1 280.974
11144.1 284.044
11156.2 287.066
11168.2 290.034
11180.2 292.946
11192.2 295.794
11204.2 298.575
11216.2 301.283
11228.2 303.914
11240.2 306.462
11252.3 308.922
11264.3 311.29
11276.3 313.56
11288.3 315.729
11300.3 317.791
11312.3 319.743
11324.3 321.58
11336.3 323.298
11348.3 324.893
11360.4 326.362
11372.4 326.963
11384.4 325.935
11396.4 324.766
11408.4 323.456
11420.4 322.002
11432.4 320.402
11444.4 318.656
11456.5 316.762
11468.5 314.719
11480.5 313.28
11492.5 312.274
11504.5 311.123
11516.5 309.828
11528.5 308.39
11540.5 306.811
11552.6 305.093
11564.6 303.237
11576.6 301.247
11588.6 300.194
11600.6 299.271
11612.6 298.226
11624.6 297.062
11636.6 295.783
11648.6 294.393
11660.7 292.896
11672.7 291.297
11684.7 289.606
11696.7 287.965
11708.7 286.235
11720.7 284.421
11732.7 282.529
11744.7 280.562
11756.8 278.526
11768.8 276.425
11780.8 274.265
11792.8 271.944
11804.8 269.291
11816.8 266.592
11828.8 263.851
11840.8 261.071
11852.9 258.258
11864.9 255.414
11876.9 252.546
11888.9 249.655
11900.9 247.105
11912.9 244.876
11924.9 242.638
11936.9 240.394
11948.9 238.146
11961 235.898
11973 233.653
11985 231.413
11997 229.181
12009 226.719
12021 224.188
12033 221.671
12045 219.171
12057.1 216.688
12069.1 214.225
12081.1 211.784
12093.1 209.365
12105.1 206.97
12117.1 203.82
12129.1 200.683
12141.1 197.572
12153.2 194.488
12165.2 191.431
12177.2 188.403
12189.2 185.404
12201.2 182.435
12213.2 179.421
12225.2 176.181
12237.2 172.971
12249.2 169.792
12261.3 166.643
12273.3 163.527
12285.3 160.441
12297.3 157.387
12309.3 154.364
12321.3 151.579
12333.3 149.067
12345.3 146.588
12357.4 144.141
12369.4 141.727
12381.4 139.343
12393.4 136.992
12405.4 134.672
12417.4 132.383
12429.4 130.238
12441.4 128.174
12453.5 126.141
12465.5 124.138
12477.5 122.165
12489.5 120.222
12501.5 118.307
12513.5 116.422
12525.5 114.565
12537.5 112.364
12549.5 110.165
12561.6 107.992
12573.6 105.845
12585.6 103.724
12597.6 101.628
12609.6 99.5573
12621.6 97.511
12633.6 95.5408
12645.6 93.8492
12657.7 92.1815
12669.7 90.5372
12681.7 88.9161
12693.7 87.3176
12705.7 85.7413
12717.7 84.187
12729.7 82.6541
12741.7 80.8712
12753.8 78.7203
12765.8 76.5885
12777.8 74.4753
12789.8 72.3805
12801.8 70.3036
12813.8 68.2442
12825.8 66.202
12837.8 64.1767
12849.8 62.8538
12861.9 61.9261
12873.9 61.016
12885.9 60.1234
12897.9 59.2479
12909.9 58.3892
12921.9 57.5468
12933.9 56.7206
12945.9 55.9102
12958 54.5032
12970 53.0259
12982 51.5621
12994 50.1116
13006 48.6741
13018 47.2494
13030 45.837
13042 44.4368
13054.1 43.0979
13066.1 42.1298
13078.1 41.1739
13090.1 40.2298
13102.1 39.2972
13114.1 38.376
13126.1 37.4659
13138.1 36.5666
13150.2 35.678
13162.2 34.6764
13174.2 33.4606
13186.2 32.254
13198.2 31.0565
13210.2 29.8678
13222.2 28.6878
13234.2 27.5162
13246.2 26.3528
13258.3 25.1974
13270.3 23.9337
13282.3 22.5961
13294.3 21.2656
13306.3 19.942
13318.3 18.6251
13330.3 17.3147
13342.3 16.0107
13354.4 14.7128
13366.4 13.4209
13378.4 12.9216
13390.4 12.5899
13402.4 12.2653
13414.4 11.9478
13426.4 11.6372
13438.4 11.3332
13450.5 11.0359
13462.5 10.7449
13474.5 10.4592
13486.5 10.1643
13498.5 9.87537
13510.5 9.59224
13522.5 9.31477
13534.5 9.04284
13546.5 8.77629
13558.6 8.51501
13570.6 8.25886
13582.6 7.90142
13594.6 7.30804
13606.6 6.7188
13618.6 6.13358
13630.6 5.55225
13642.6 4.9747
13654.7 4.40081
13666.7 3.83046
13678.7 3.26354
13690.7 2.65169
13702.7 2.00186
13714.7 1.35498
13726.7 0.710934
13738.7 0.0696175
13750.8 -0.569073
13762.8 -1.20524
13774.8 -1.83899
13786.8 -2.47041
13798.8 -3.1482
13810.8 -3.83814
13822.8 -4.52616
13834.8 -5.21235
13846.8 -5.89682
13858.9 -6.57964
13870.9 -7.26092
13882.9 -7.94075
13894.9 -8.62098
13906.9 -9.40761
13918.9 -10.1932
13930.9 -10.978
13942.9 -11.7618
13955 -12.545
13967 -13.3274
13979 -14.1093
13991 -14.8907
14003 -15.7193
14015 -16.6904
14027 -17.6615
14039 -18.6328
14051.1 -19.6043
14063.1 -20.5761
14075.1 -21.5483
14087.1 -22.521
14099.1 -23.4941
14111.1 -24.3842
14123.1 -25.1855
14135.1 -25.9873
14147.1 -26.7896
14159.2 -27.5924
14171.2 -28.3959
14183.2 -29.2001
14195.2 -30.0051
14207.2 -30.811
14219.2 -31.3613
14231.2 -31.8153
14243.2 -32.2697
14255.3 -32.7246
14267.3 -33.1801
14279.3 -33.6362
14291.3 -34.0931
14303.3 -34.5507
14315.3 -35.0092
14327.3 -35.5213
14339.3 -36.0367
14351.4 -36.5532
14363.4 -37.0709
14375.4 -37.5898
14387.4 -38.11
14399.4 -38.6315
14411.4 -39.1545
14423.4 -39.6884
14435.4 -40.2637
14447.4 -40.8407
14459.5 -41.4194
14471.5 -41.9999
14483.5 -42.5821
14495.5 -43.1663
14507.5 -43.7524
14519.5 -44.3404
14531.5 -44.9576
14543.5 -45.6121
14555.6 -46.2687
14567.6 -46.9277
14579.6 -47.589
14591.6 -48.2527
14603.6 -48.9188
14615.6 -49.5874
14627.6 -50.2586
14639.6 -51.0774
14651.7 -51.9709
14663.7 -52.8674
14675.7 -53.7669
14687.7 -54.6696
14699.7 -55.5754
14711.7 -56.4844
14723.7 -57.3967
14735.7 -58.3122
14747.7 -59.2182
14759.8 -60.1262
14771.8 -61.0376
14783.8 -61.9525
14795.8 -62.8708
14807.8 -63.7925
14819.8 -64.7178
14831.8 -65.6466
14843.8 -66.5415
14855.9 -67.2186
14867.9 -67.8989
14879.9 -68.5825
14891.9 -69.2694
14903.9 -69.9596
14915.9 -70.6531
14927.9 -71.35
14939.9 -72.0503
14952 -72.6843
14964 -73.2074
14976 -73.7336
14988 -74.263
15000 -74.7956
15012 -75.3314
15024 -75.8704
15036 -76.4127
15048 -76.9582
15060.1 -77.4825
15072.1 -77.9951
15084.1 -78.511
15096.1 -79.03
15108.1 -79.5523
15120.1 -80.0778
15132.1 -80.6066
15144.1 -81.1386
15156.2 -81.6738
15168.2 -82.2635
15180.2 -82.8652
15192.2 -83.4702
15204.2 -84.0785
15216.2 -84.6901
15228.2 -85.3049
15240.2 -85.923
15252.3 -86.5443
15264.3 -87.1793
15276.3 -87.9265
15288.3 -88.677
15300.3 -89.4309
15312.3 -90.188
15324.3 -90.9483
15336.3 -91.7119
15348.3 -92.4786
15360.4 -93.2484
15372.4 -94.0377
15384.4 -94.863
15396.4 -95.6913
15408.4 -96.5227
15420.4 -97.357
15432.4 -98.1942
15444.4 -99.0343
15456.5 -99.8771
15468.5 -100.723
15480.5 -101.673
15492.5 -102.704
15504.5 -103.739
15516.5 -104.776
15528.5 -105.816
15540.5 -106.858
15552.6 -107.903
15564.6 -108.95
15576.6 -109.999
15588.6 -110.786
15600.6 -111.512
15612.6 -112.239
15624.6 -112.967
15636.6 -113.697
15648.6 -114.427
15660.7 -115.159
15672.7 -115.891
15684.7 -116.621
15696.7 -117.288
15708.7 -117.956
15720.7 -118.624
15732.7 -119.292
15744.7 -119.96
15756.8 -120.627
15768.8 -121.294
15780.8 -121.96
15792.8 -122.687
15804.8 -123.575
15816.8 -124.463
15828.8 -125.349
15840.8 -126.234
15852.9 -127.118
15864.9 -128
15876.9 -128.88
15888.9 -129.758
15900.9 -130.865
15912.9 -132.185
15924.9 -133.503
15936.9 -134.82
15948.9 -136.133
15961 -137.444
15973 -138.753
15985 -140.058
15997 -141.36
16009 -142.495
16021 -143.571
16033 -144.644
16045 -145.711
16057.1 -146.774
16069.1 -147.831
16081.1 -148.884
16093.1 -149.93
16105.1 -150.971
16117.1 -152.416
16129.1 -153.861
16141.1 -155.301
16153.2 -156.734
16165.2 -158.161
16177.2 -159.582
16189.2 -160.995
16201.2 -162.401
16213.2 -163.755
16225.2 -164.95
16237.2 -166.137
16249.2 -167.315
16261.3 -168.485
16273.3 -169.645
16285.3 -170.795
16297.3 -171.936
16309.3 -173.068
16321.3 -174.094
16333.3 -174.998
16345.3 -175.891
16357.4 -176.772
16369.4 -177.642
16381.4 -178.5
16393.4 -179.347
16405.4 -180.181
16417.4 -181.002
16429.4 -181.955
16441.4 -182.959
16453.5 -183.949
16465.5 -184.927
16477.5 -185.891
16489.5 -186.842
16501.5 -187.779
16513.5 -188.702
16525.5 -189.611
16537.5 -190.363
16549.5 -191.09
16561.6 -191.802
16573.6 -192.5
16585.6 -193.182
16597.6 -193.848
16609.6 -194.499
16621.6 -195.133
16633.6 -195.78
16645.6 -196.547
16657.7 -197.297
16669.7 -198.032
16681.7 -198.75
16693.7 -199.452
16705.7 -200.137
16717.7 -200.806
16729.7 -201.458
16741.7 -202.151
16753.8 -202.907
16765.8 -203.648
16777.8 -204.371
16789.8 -205.078
16801.8 -205.768
16813.8 -206.442
16825.8 -207.098
16837.8 -207.738
16849.8 -208.128
16861.9 -208.372
16873.9 -208.599
16885.9 -208.809
16897.9 -209.002
16909.9 -209.177
16921.9 -209.336
16933.9 -209.477
16945.9 -209.602
16958 -209.352
16970 -209.036
16982 -208.702
16994 -208.351
17006 -207.983
17018 -207.599
17030 -207.197
17042 -206.779
17054.1 -206.336
17066.1 -205.813
17078.1 -205.273
17090.1 -204.718
17102.1 -204.146
17114.1 -203.559
17126.1 -202.956
17138.1 -202.338
17150.2 -201.704
17162.2 -200.942
17174.2 -199.959
17186.2 -198.962
17198.2 -197.949
17210.2 -196.921
17222.2 -195.88
17234.2 -194.824
17246.2 -193.754
17258.3 -192.67
17270.3 -191.498
17282.3 -190.26
17294.3 -189.009
17306.3 -187.745
17318.3 -186.469
17330.3 -185.179
17342.3 -183.878
17354.4 -182.565
17366.4 -181.239
17378.4 -180.296
17390.4 -179.422
17402.4 -178.538
17414.4 -177.643
17426.4 -176.739
17438.4 -175.825
17450.5 -174.902
17462.5 -173.97
17474.5 -173.033
17486.5 -172.15
17498.5 -171.259
17510.5 -170.36
17522.5 -169.453
17534.5 -168.538
17546.5 -167.617
17558.6 -166.688
17570.6 -165.753
17582.6 -164.583
17594.6 -162.89
17606.6 -161.19
17618.6 -159.484
17630.6 -157.77
17642.6 -156.051
17654.7 -154.325
17666.7 -152.594
17678.7 -150.856
17690.7 -150.555
17702.7 -151.477
17714.7 -152.398
17726.7 -153.318
17738.7 -154.237
17750.8 -155.155
17762.8 -156.072
17774.8 -156.989
17786.8 -157.906
17798.8 -157.516
17810.8 -156.742
17822.8 -155.966
17834.8 -155.188
17846.8 -154.409
17858.9 -153.628
17870.9 -152.846
17882.9 -152.064
17894.9 -151.28
17906.9 -150.496
17918.9 -149.711
17930.9 -148.926
17942.9 -148.14
17955 -147.355
17967 -146.569
17979 -145.784
17991 -144.999
18003 -144.214
18015 -143.431
18027 -142.647
18039 -141.865
18051.1 -141.084
18063.1 -140.304
18075.1 -139.525
18087.1 -138.747
18099.1 -137.971
18111.1 -137.196
18123.1 -136.423
18135.1 -135.652
18147.1 -134.882
18159.2 -134.115
18171.2 -133.349
18183.2 -132.586
18195.2 -131.825
18207.2 -131.066
18219.2 -130.309
18231.2 -129.555
18243.2 -128.804
18255.3 -128.054
18267.3 -127.308
18279.3 -126.564
18291.3 -125.823
18303.3 -125.085
18315.3 -124.35
18327.3 -123.618
18339.3 -122.888
18351.4 -122.162
18363.4 -121.439
18375.4 -120.719
18387.4 -120.002
18399.4 -119.289
18411.4 -118.578
18423.4 -117.871
18435.4 -117.168
18447.4 -116.467
18459.5 -115.771
18471.5 -115.077
18483.5 -114.387
18495.5 -113.701
18507.5 -113.018
18519.5 -112.339
18531.5 -111.663
18543.5 -110.991
18555.6 -110.323
18567.6 -109.658
18579.6 -108.997
18591.6 -108.339
18603.6 -107.685
18615.6 -107.035
18627.6 -106.389
18639.6 -105.746
18651.7 -105.108
18663.7 -104.472
18675.7 -103.841
18687.7 -103.213
18699.7 -102.59
18711.7 -101.97
18723.7 -101.353
18735.7 -100.741
18747.7 -100.132
18759.8 -99.527
18771.8 -98.9258
18783.8 -98.3283
18795.8 -97.7347
18807.8 -97.1448
18819.8 -96.5586
18831.8 -95.9762
18843.8 -95.3976
18855.9 -94.8227
18867.9 -94.2516
18879.9 -93.6842
18891.9 -93.1205
18903.9 -92.5605
18915.9 -92.0042
18927.9 -91.4516
18939.9 -90.9027
18952 -90.3575
18964 -89.8159
18976 -89.278
18988 -88.7437
19000 -88.2131
