7000 -2.27441
7012.01 -2.59491
7024.02 -2.93255
7036.04 -3.28786
7048.05 -3.66126
7060.06 -4.0531
7072.07 -4.46362
7084.08 -4.89289
7096.1 -5.3408
7108.11 -5.80705
7120.12 -6.29103
7132.13 -6.79187
7144.14 -7.30833
7156.16 -7.83875
7168.17 -8.38105
7180.18 -8.93263
7192.19 -9.49036
7204.2 -10.0505
7216.22 -10.6088
7228.23 -11.1604
7240.24 -11.6997
7252.25 -12.2207
7264.26 -12.717
7276.28 -13.1819
7288.29 -13.6081
7300.3 -13.9888
7312.31 -14.317
7324.32 -14.5862
7336.34 -14.7906
7348.35 -14.9251
7360.36 -14.9856
7372.37 -14.9695
7384.38 -14.875
7396.4 -14.7022
7408.41 -14.4522
7420.42 -14.1274
7432.43 -13.7318
7444.44 -13.2698
7456.46 -12.7472
7468.47 -12.17
7480.48 -11.5448
7492.49 -10.8782
7504.5 -10.177
7516.52 -9.44767
7528.53 -8.69629
7540.54 -7.92863
7552.55 -7.14988
7564.56 -6.36471
7576.58 -5.57718
7588.59 -4.72819
7600.6 -3.86767
7612.61 -3.01343
7624.62 -2.16744
7636.64 -1.33117
7648.65 -0.505732
7660.66 0.308124
7672.67 1.10996
7684.68 1.8932
7696.7 2.50837
7708.71 3.11114
7720.72 3.70191
7732.73 4.28123
7744.74 4.84974
7756.76 5.40819
7768.77 5.95737
7780.78 6.49817
7792.79 7.10148
7804.8 7.88181
7816.82 8.65734
7828.83 9.42906
7840.84 10.198
7852.85 10.9651
7864.86 11.7313
7876.88 12.4978
7888.89 13.2654
7900.9 13.876
7912.91 14.3378
7924.92 14.8028
7936.94 15.2718
7948.95 15.7458
7960.96 16.2256
7972.97 16.712
7984.98 17.2059
7997 17.708
8009.01 18.4087
8021.02 19.1829
8033.03 19.9676
8045.05 20.7634
8057.06 21.5704
8069.07 22.3888
8081.08 23.2184
8093.09 24.059
8105.11 24.91
8117.12 25.3102
8129.13 25.7115
8141.14 26.1188
8153.15 26.5302
8165.17 26.9436
8177.18 27.3567
8189.19 27.7667
8201.2 28.1702
8213.21 28.763
8225.23 30.0361
8237.24 31.2937
8249.25 32.5312
8261.26 33.744
8273.27 34.9274
8285.29 36.0766
8297.3 37.1871
8309.31 38.2547
8321.32 38.8595
8333.33 38.925
8345.35 38.9352
8357.36 38.8883
8369.37 38.7832
8381.38 38.6198
8393.39 38.3988
8405.41 38.1217
8417.42 37.7909
8429.43 37.6932
8441.44 37.6724
8453.45 37.6099
8465.47 37.5101
8477.48 37.3779
8489.49 37.218
8501.5 37.0351
8513.51 36.8341
8525.53 36.6193
8537.54 36.395
8549.55 36.1652
8561.56 35.9333
8573.57 35.7027
8585.59 35.4761
8597.6 35.2561
8609.61 35.0449
8621.62 34.8442
8633.63 34.6555
8645.65 34.4803
8657.66 34.3193
8669.67 34.1735
8681.68 34.0433
8693.69 33.9293
8705.71 33.8316
8717.72 33.7503
8729.73 33.6856
8741.74 33.6374
8753.75 33.6055
8765.77 33.5897
8777.78 33.5898
8789.79 33.6056
8801.8 33.6366
8813.81 33.6827
8825.83 33.7435
8837.84 33.8185
8849.85 33.9076
8861.86 34.0104
8873.87 34.1265
8885.89 34.2556
8897.9 34.3974
8909.91 34.5515
8921.92 34.7178
8933.93 34.8958
8945.95 35.0854
8957.96 35.2863
8969.97 35.4981
8981.98 35.7208
8993.99 35.9541
9006.01 36.1978
9018.02 36.4517
9030.03 36.7156
9042.04 36.9893
9054.05 37.2728
9066.07 37.5659
9078.08 37.8685
9090.09 38.1803
9102.1 38.5015
9114.11 38.8318
9126.13 39.1711
9138.14 39.5195
9150.15 39.8768
9162.16 40.2431
9174.17 40.6181
9186.19 41.002
9198.2 41.3947
9210.21 41.7962
9222.22 42.2064
9234.23 42.6254
9246.25 43.0532
9258.26 43.4898
9270.27 43.9352
9282.28 44.3894
9294.29 44.8525
9306.31 45.3245
9318.32 45.8055
9330.33 46.2955
9342.34 46.7946
9354.35 47.3027
9366.37 47.8201
9378.38 48.3468
9390.39 48.8829
9402.4 49.4283
9414.41 49.9834
9426.43 50.548
9438.44 51.1224
9450.45 51.7067
9462.46 52.3009
9474.47 52.9052
9486.49 53.5197
9498.5 54.1445
9510.51 54.7798
9522.52 55.4257
9534.53 56.0823
9546.55 56.7498
9558.56 57.4284
9570.57 58.1181
9582.58 58.8193
9594.59 59.5319
9606.61 60.2563
9618.62 60.9925
9630.63 61.7408
9642.64 62.5013
9654.65 63.2743
9666.67 64.06
9678.68 64.8584
9690.69 65.6699
9702.7 66.4947
9714.71 67.333
9726.73 68.1849
9738.74 69.0508
9750.75 69.9309
9762.76 70.8254
9774.77 71.7345
9786.79 72.6585
9798.8 73.5977
9810.81 74.5523
9822.82 75.5226
9834.83 76.5088
9846.85 77.5113
9858.86 78.5303
9870.87 79.5661
9882.88 80.619
9894.89 81.6894
9906.91 82.7774
9918.92 83.8834
9930.93 85.0078
9942.94 86.1509
9954.95 87.3129
9966.97 88.4943
9978.98 89.6954
9990.99 90.9164
10003 92.1579
10015 93.4201
10027 94.7033
10039 96.0081
10051.1 97.3346
10063.1 98.6834
10075.1 100.055
10087.1 101.449
10099.1 102.867
10111.1 104.309
10123.1 105.774
10135.1 107.265
10147.1 108.78
10159.2 110.321
10171.2 111.888
10183.2 113.481
10195.2 115.101
10207.2 116.747
10219.2 118.422
10231.2 120.125
10243.2 121.856
10255.3 123.615
10267.3 125.405
10279.3 127.224
10291.3 129.073
10303.3 130.953
10315.3 132.864
10327.3 134.807
10339.3 136.781
10351.4 138.788
10363.4 140.828
10375.4 142.901
10387.4 145.008
10399.4 147.149
10411.4 149.324
10423.4 151.534
10435.4 153.779
10447.4 156.06
10459.5 158.377
10471.5 160.73
10483.5 163.119
10495.5 165.546
10507.5 168.009
10519.5 170.51
10531.5 173.048
10543.5 175.624
10555.6 178.238
10567.6 180.89
10579.6 183.58
10591.6 186.307
10603.6 189.074
10615.6 191.878
10627.6 194.72
10639.6 197.6
10651.7 200.518
10663.7 203.473
10675.7 206.465
10687.7 209.494
10699.7 212.559
10711.7 215.66
10723.7 218.796
10735.7 221.967
10747.7 225.171
10759.8 228.409
10771.8 231.678
10783.8 234.978
10795.8 238.309
10807.8 241.668
10819.8 245.054
10831.8 248.466
10843.8 251.902
10855.9 255.362
10867.9 258.842
10879.9 262.341
10891.9 265.856
10903.9 269.387
10915.9 272.93
10927.9 276.483
10939.9 280.044
10952 283.61
10964 287.177
10976 290.743
10988 294.305
11000 297.86
11012 301.404
11024 304.934
11036 308.445
11048 311.936
11060.1 315.4
11072.1 318.835
11084.1 322.237
11096.1 325.6
11108.1 328.922
11120.1 332.197
11132.1 335.421
11144.1 338.59
11156.2 341.699
11168.2 344.744
11180.2 347.72
11192.2 350.622
11204.2 353.447
11216.2 356.189
11228.2 358.843
11240.2 361.406
11252.3 363.874
11264.3 366.241
11276.3 368.504
11288.3 370.659
11300.3 372.701
11312.3 374.628
11324.3 376.436
11336.3 378.121
11348.3 379.681
11360.4 381.112
11372.4 381.671
11384.4 380.592
11396.4 379.372
11408.4 378.011
11420.4 376.506
11432.4 374.857
11444.4 373.062
11456.5 371.12
11468.5 369.032
11480.5 367.517
11492.5 366.412
11504.5 365.164
11516.5 363.775
11528.5 362.244
11540.5 360.574
11552.6 358.767
11564.6 356.824
11576.6 354.748
11588.6 353.608
11600.6 352.599
11612.6 351.467
11624.6 350.216
11636.6 348.85
11648.6 347.372
11660.7 345.786
11672.7 344.096
11684.7 342.31
11696.7 340.544
11708.7 338.687
11720.7 336.742
11732.7 334.714
11744.7 332.607
11756.8 330.425
11768.8 328.172
11780.8 325.854
11792.8 323.353
11804.8 320.476
11816.8 317.545
11828.8 314.564
11840.8 311.537
11852.9 308.468
11864.9 305.362
11876.9 302.221
11888.9 299.05
11900.9 296.314
11912.9 293.991
11924.9 291.649
11936.9 289.293
11948.9 286.926
11961 284.55
11973 282.169
11985 279.785
11997 277.402
12009 274.834
12021 272.208
12033 269.589
12045 266.979
12057.1 264.381
12069.1 261.796
12081.1 259.226
12093.1 256.672
12105.1 254.138
12117.1 250.825
12129.1 247.52
12141.1 244.235
12153.2 240.973
12165.2 237.734
12177.2 234.52
12189.2 231.331
12201.2 228.168
12213.2 224.977
12225.2 221.621
12237.2 218.293
12249.2 214.994
12261.3 211.724
12273.3 208.483
12285.3 205.272
12297.3 202.092
12309.3 198.942
12321.3 196.078
12333.3 193.548
12345.3 191.05
12357.4 188.585
12369.4 186.151
12381.4 183.75
12393.4 181.381
12405.4 179.044
12417.4 176.74
12429.4 174.195
12441.4 171.562
12453.5 168.96
12465.5 166.388
12477.5 163.848
12489.5 161.337
12501.5 158.856
12513.5 156.406
12525.5 153.985
12537.5 151.178
12549.5 148.371
12561.6 145.592
12573.6 142.84
12585.6 140.116
12597.6 137.418
12609.6 134.747
12621.6 132.102
12633.6 129.559
12645.6 127.416
12657.7 125.3
12669.7 123.209
12681.7 121.143
12693.7 119.102
12705.7 117.085
12717.7 115.093
12729.7 113.124
12741.7 110.928
12753.8 108.395
12765.8 105.884
12777.8 103.394
12789.8 100.925
12801.8 98.4756
12813.8 96.0465
12825.8 93.6372
12837.8 91.247
12849.8 89.6285
12861.9 88.4442
12873.9 87.2804
12885.9 86.1366
12897.9 85.0125
12909.9 83.9078
12921.9 82.8222
12933.9 81.7552
12945.9 80.7066
12958 79.0991
12970 77.4287
12982 75.7745
12994 74.1362
13006 72.5134
13018 70.906
13030 69.3135
13042 67.7357
13054.1 66.2273
13066.1 65.1331
13078.1 64.0536
13090.1 62.9885
13102.1 61.9375
13114.1 60.9003
13126.1 59.8766
13138.1 58.8662
13150.2 57.8689
13162.2 56.7749
13174.2 55.4939
13186.2 54.2246
13198.2 52.9668
13210.2 51.7202
13222.2 50.4846
13234.2 49.2597
13246.2 48.0454
13258.3 46.8414
13270.3 45.6127
13282.3 44.3695
13294.3 43.1358
13306.3 41.9115
13318.3 40.6962
13330.3 39.4899
13342.3 38.2923
13354.4 37.1032
13366.4 35.9223
13378.4 35.2684
13390.4 34.7293
13402.4 34.1989
13414.4 33.6773
13426.4 33.1641
13438.4 32.6592
13450.5 32.1625
13462.5 31.6737
13474.5 31.1877
13486.5 30.6375
13498.5 30.0947
13510.5 29.559
13522.5 29.0303
13534.5 28.5084
13546.5 27.9932
13558.6 27.4845
13570.6 26.9821
13582.6 26.3613
13594.6 25.4641
13606.6 24.5721
13618.6 23.6852
13630.6 22.8032
13642.6 21.9259
13654.7 21.0533
13666.7 20.1852
13678.7 19.3214
13690.7 18.4563
13702.7 17.5905
13714.7 16.7287
13726.7 15.8707
13738.7 15.0164
13750.8 14.1657
13762.8 13.3185
13774.8 12.4746
13786.8 11.6339
13798.8 10.8209
13810.8 10.0181
13822.8 9.2183
13834.8 8.42127
13846.8 7.62694
13858.9 6.83519
13870.9 6.04592
13882.9 5.25901
13894.9 4.47464
13906.9 3.70916
13918.9 2.94574
13930.9 2.18431
13942.9 1.42474
13955 0.666944
13967 -0.0891849
13979 -0.843745
13991 -1.59683
14003 -2.38516
14015 -3.28218
14027 -4.17828
14039 -5.07354
14051.1 -5.96806
14063.1 -6.86193
14075.1 -7.75525
14087.1 -8.6481
14099.1 -9.54059
14111.1 -10.3808
14123.1 -11.1653
14135.1 -11.9495
14147.1 -12.7335
14159.2 -13.5174
14171.2 -14.3012
14183.2 -15.0851
14195.2 -15.8692
14207.2 -16.6534
14219.2 -17.3459
14231.2 -18.0037
14243.2 -18.6618
14255.3 -19.3203
14267.3 -19.9791
14279.3 -20.6385
14291.3 -21.2985
14303.3 -21.9591
14315.3 -22.6204
14327.3 -23.3232
14339.3 -24.0287
14351.4 -24.7352
14363.4 -25.4428
14375.4 -26.1517
14387.4 -26.8618
14399.4 -27.5733
14411.4 -28.2861
14423.4 -29.0183
14435.4 -29.8262
14447.4 -30.6359
14459.5 -31.4474
14471.5 -32.2609
14483.5 -33.0764
14495.5 -33.894
14507.5 -34.7138
14519.5 -35.5358
14531.5 -36.388
14543.5 -37.2789
14555.6 -38.1723
14567.6 -39.0684
14579.6 -39.9671
14591.6 -40.8686
14603.6 -41.7728
14615.6 -42.68
14627.6 -43.5901
14639.6 -44.5339
14651.7 -45.4961
14663.7 -46.4615
14675.7 -47.4301
14687.7 -48.4021
14699.7 -49.3775
14711.7 -50.3563
14723.7 -51.3387
14735.7 -52.3246
14747.7 -53.2357
14759.8 -54.1428
14771.8 -55.0535
14783.8 -55.9678
14795.8 -56.8859
14807.8 -57.8078
14819.8 -58.7335
14831.8 -59.6631
14843.8 -60.5641
14855.9 -61.2774
14867.9 -61.9943
14879.9 -62.7149
14891.9 -63.4393
14903.9 -64.1676
14915.9 -64.8998
14927.9 -65.6359
14939.9 -66.376
14952 -67.0622
14964 -67.6573
14976 -68.2563
14988 -68.8592
15000 -69.4661
15012 -70.077
15024 -70.6918
15036 -71.3108
15048 -71.9338
15060.1 -72.6024
15072.1 -73.3005
15084.1 -74.003
15096.1 -74.7097
15108.1 -75.4208
15120.1 -76.1363
15132.1 -76.8562
15144.1 -77.5805
15156.2 -78.3093
15168.2 -79.1299
15180.2 -79.9699
15192.2 -80.8146
15204.2 -81.664
15216.2 -82.518
15228.2 -83.3767
15240.2 -84.2401
15252.3 -85.1083
15264.3 -85.9841
15276.3 -86.8955
15288.3 -87.8117
15300.3 -88.7327
15312.3 -89.6583
15324.3 -90.5887
15336.3 -91.5238
15348.3 -92.4636
15360.4 -93.408
15372.4 -94.3592
15384.4 -95.3196
15396.4 -96.2845
15408.4 -97.2539
15420.4 -98.2279
15432.4 -99.2064
15444.4 -100.189
15456.5 -101.177
15468.5 -102.168
15480.5 -103.192
15492.5 -104.24
15504.5 -105.293
15516.5 -106.351
15528.5 -107.412
15540.5 -108.477
15552.6 -109.547
15564.6 -110.62
15576.6 -111.697
15588.6 -112.484
15600.6 -113.205
15612.6 -113.929
15624.6 -114.655
15636.6 -115.384
15648.6 -116.116
15660.7 -116.85
15672.7 -117.586
15684.7 -118.328
15696.7 -119.146
15708.7 -119.966
15720.7 -120.788
15732.7 -121.611
15744.7 -122.437
15756.8 -123.263
15768.8 -124.091
15780.8 -124.919
15792.8 -125.835
15804.8 -126.98
15816.8 -128.127
15828.8 -129.274
15840.8 -130.421
15852.9 -131.569
15864.9 -132.717
15876.9 -133.864
15888.9 -135.012
15900.9 -136.409
15912.9 -138.04
15924.9 -139.672
15936.9 -141.302
15948.9 -142.932
15961 -144.56
15973 -146.188
15985 -147.813
15997 -149.437
16009 -150.791
16021 -152.054
16033 -153.313
16045 -154.568
16057.1 -155.82
16069.1 -157.067
16081.1 -158.31
16093.1 -159.547
16105.1 -160.78
16117.1 -162.352
16129.1 -163.924
16141.1 -165.49
16153.2 -167.05
16165.2 -168.604
16177.2 -170.151
16189.2 -171.691
16201.2 -173.223
16213.2 -174.683
16225.2 -175.913
16237.2 -177.135
16249.2 -178.346
16261.3 -179.548
16273.3 -180.74
16285.3 -181.922
16297.3 -183.093
16309.3 -184.253
16321.3 -185.318
16333.3 -186.272
16345.3 -187.214
16357.4 -188.142
16369.4 -189.058
16381.4 -189.96
16393.4 -190.848
16405.4 -191.722
16417.4 -192.581
16429.4 -193.69
16441.4 -194.901
16453.5 -196.097
16465.5 -197.277
16477.5 -198.441
16489.5 -199.59
16501.5 -200.721
16513.5 -201.836
16525.5 -202.934
16537.5 -203.949
16549.5 -204.942
16561.6 -205.917
16573.6 -206.873
16585.6 -207.811
16597.6 -208.73
16609.6 -209.63
16621.6 -210.51
16633.6 -211.41
16645.6 -212.484
16657.7 -213.538
16669.7 -214.573
16681.7 -215.587
16693.7 -216.58
16705.7 -217.554
16717.7 -218.506
16729.7 -219.438
16741.7 -220.381
16753.8 -221.351
16765.8 -222.299
16777.8 -223.227
16789.8 -224.133
16801.8 -225.017
16813.8 -225.88
16825.8 -226.722
16837.8 -227.542
16849.8 -227.99
16861.9 -228.223
16873.9 -228.433
16885.9 -228.621
16897.9 -228.787
16909.9 -228.931
16921.9 -229.052
16933.9 -229.151
16945.9 -229.228
16958 -228.902
16970 -228.5
16982 -228.077
16994 -227.631
17006 -227.162
17018 -226.672
17030 -226.16
17042 -225.626
17054.1 -225.082
17066.1 -224.604
17078.1 -224.106
17090.1 -223.586
17102.1 -223.046
17114.1 -222.485
17126.1 -221.904
17138.1 -221.304
17150.2 -220.683
17162.2 -219.972
17174.2 -219.11
17186.2 -218.229
17198.2 -217.33
17210.2 -216.411
17222.2 -215.475
17234.2 -214.52
17246.2 -213.548
17258.3 -212.559
17270.3 -211.48
17282.3 -210.335
17294.3 -209.173
17306.3 -207.995
17318.3 -206.801
17330.3 -205.592
17342.3 -204.367
17354.4 -203.128
17366.4 -201.874
17378.4 -200.943
17390.4 -200.068
17402.4 -199.18
17414.4 -198.28
17426.4 -197.367
17438.4 -196.443
17450.5 -195.507
17462.5 -194.559
17474.5 -193.594
17486.5 -192.509
17498.5 -191.413
17510.5 -190.308
17522.5 -189.193
17534.5 -188.069
17546.5 -186.936
17558.6 -185.794
17570.6 -184.644
17582.6 -183.245
17594.6 -181.292
17606.6 -179.332
17618.6 -177.363
17630.6 -175.386
17642.6 -173.402
17654.7 -171.411
17666.7 -169.413
17678.7 -167.409
17690.7 -166.839
17702.7 -167.49
17714.7 -168.14
17726.7 -168.788
17738.7 -169.435
17750.8 -170.08
17762.8 -170.724
17774.8 -171.368
17786.8 -172.012
17798.8 -171.435
17810.8 -170.501
17822.8 -169.565
17834.8 -168.627
17846.8 -167.688
17858.9 -166.748
17870.9 -165.807
17882.9 -164.865
17894.9 -163.924
17906.9 -162.982
17918.9 -162.04
17930.9 -161.098
17942.9 -160.156
17955 -159.215
17967 -158.275
17979 -157.336
17991 -156.398
18003 -155.462
18015 -154.526
18027 -153.593
18039 -152.661
18051.1 -151.731
18063.1 -150.803
18075.1 -149.877
18087.1 -148.954
18099.1 -148.033
18111.1 -147.115
18123.1 -146.199
18135.1 -145.287
18147.1 -144.377
18159.2 -143.47
18171.2 -142.566
18183.2 -141.666
18195.2 -140.769
18207.2 -139.875
18219.2 -138.985
18231.2 -138.099
18243.2 -137.216
18255.3 -136.337
18267.3 -135.462
18279.3 -134.591
18291.3 -133.724
18303.3 -132.861
18315.3 -132.002
18327.3 -131.148
18339.3 -130.297
18351.4 -129.451
18363.4 -128.609
18375.4 -127.772
18387.4 -126.939
18399.4 -126.111
18411.4 -125.287
18423.4 -124.467
18435.4 -123.653
18447.4 -122.842
18459.5 -122.037
18471.5 -121.236
18483.5 -120.44
18495.5 -119.649
18507.5 -118.862
18519.5 -118.081
18531.5 -117.304
18543.5 -116.532
18555.6 -115.764
18567.6 -115.002
18579.6 -114.244
18591.6 -113.491
18603.6 -112.744
18615.6 -112.001
18627.6 -111.262
18639.6 -110.529
18651.7 -109.801
18663.7 -109.077
18675.7 -108.359
18687.7 -107.645
18699.7 -106.936
18711.7 -106.232
18723.7 -105.533
18735.7 -104.839
18747.7 -104.15
18759.8 -103.465
18771.8 -102.785
18783.8 -102.11
18795.8 -101.44
18807.8 -100.775
18819.8 -100.114
18831.8 -99.4584
18843.8 -98.8073
18855.9 -98.161
18867.9 -97.5193
18879.9 -96.8824
18891.9 -96.2501
18903.9 -95.6225
18915.9 -94.9995
18927.9 -94.3812
18939.9 -93.7674
18952 -93.1582
18964 -92.5536
18976 -91.9535
18988 -91.3579
19000 -90.7667
