7000 40.923
7012.01 41.2736
7024.02 41.6286
7036.04 41.9882
7048.05 42.3524
7060.06 42.7214
7072.07 43.0953
7084.08 43.4742
7096.1 43.8582
7108.11 44.2474
7120.12 44.6421
7132.13 45.0422
7144.14 45.448
7156.16 45.8596
7168.17 46.2772
7180.18 46.7009
7192.19 47.1308
7204.2 47.5673
7216.22 48.0103
7228.23 48.4603
7240.24 48.9172
7252.25 49.3814
7264.26 49.853
7276.28 50.3323
7288.29 50.8195
7300.3 51.3149
7312.31 51.8187
7324.32 52.3312
7336.34 52.8526
7348.35 53.3833
7360.36 53.9236
7372.37 54.4738
7384.38 55.0342
7396.4 55.6053
7408.41 56.1873
7420.42 56.7807
7432.43 57.3859
7444.44 58.0034
7456.46 58.6335
7468.47 59.2768
7480.48 59.9339
7492.49 60.6051
7504.5 61.2912
7516.52 61.9927
7528.53 62.7102
7540.54 63.4444
7552.55 64.1961
7564.56 64.9659
7576.58 65.7547
7588.59 65.9125
7600.6 65.9283
7612.61 65.9632
7624.62 66.0181
7636.64 66.0941
7648.65 66.1922
7660.66 66.3136
7672.67 66.4596
7684.68 66.7234
7696.7 69.2529
7708.71 71.8184
7720.72 74.4214
7732.73 77.0635
7744.74 79.7465
7756.76 82.4721
7768.77 85.2422
7780.78 88.0588
7792.79 90.7017
7804.8 92.8122
7816.82 94.9734
7828.83 97.1876
7840.84 99.4574
7852.85 101.785
7864.86 104.174
7876.88 106.626
7888.89 109.145
7900.9 111.161
7912.91 112.703
7924.92 114.316
7936.94 116.004
7948.95 117.769
7960.96 119.613
7972.97 121.539
7984.98 123.548
7997 125.642
8009.01 127.722
8021.02 129.855
8033.03 132.073
8045.05 134.374
8057.06 136.755
8069.07 139.211
8081.08 141.738
8093.09 144.326
8105.11 146.965
8117.12 148.746
8129.13 150.536
8141.14 152.331
8153.15 154.111
8165.17 155.852
8177.18 157.53
8189.19 159.118
8201.2 160.588
8213.21 162.441
8225.23 165.969
8237.24 169.297
8249.25 172.399
8261.26 175.25
8273.27 177.829
8285.29 180.119
8297.3 182.111
8309.31 183.799
8321.32 185.432
8333.33 187.062
8345.35 188.41
8357.36 189.494
8369.37 190.335
8381.38 190.958
8393.39 191.391
8405.41 191.664
8417.42 191.804
8429.43 190.76
8441.44 189.167
8453.45 187.521
8465.47 185.843
8477.48 184.157
8489.49 182.481
8501.5 180.831
8513.51 179.222
8525.53 177.665
8537.54 176.17
8549.55 174.745
8561.56 173.396
8573.57 172.126
8585.59 170.939
8597.6 169.838
8609.61 168.822
8621.62 167.892
8633.63 167.047
8645.65 166.288
8657.66 165.611
8669.67 165.015
8681.68 164.499
8693.69 164.06
8705.71 163.696
8717.72 163.405
8729.73 163.183
8741.74 163.03
8753.75 162.942
8765.77 162.917
8777.78 162.953
8789.79 163.048
8801.8 163.199
8813.81 163.405
8825.83 163.664
8837.84 163.973
8849.85 164.332
8861.86 164.739
8873.87 165.191
8885.89 165.688
8897.9 166.228
8909.91 166.81
8921.92 167.433
8933.93 168.095
8945.95 168.795
8957.96 169.533
8969.97 170.308
8981.98 171.118
8993.99 171.963
9006.01 172.842
9018.02 173.755
9030.03 174.7
9042.04 175.678
9054.05 176.687
9066.07 177.727
9078.08 178.798
9090.09 179.9
9102.1 181.031
9114.11 182.191
9126.13 183.381
9138.14 184.6
9150.15 185.847
9162.16 187.123
9174.17 188.427
9186.19 189.759
9198.2 191.119
9210.21 192.507
9222.22 193.923
9234.23 195.366
9246.25 196.836
9258.26 198.335
9270.27 199.86
9282.28 201.414
9294.29 202.994
9306.31 204.602
9318.32 206.238
9330.33 207.901
9342.34 209.592
9354.35 211.311
9366.37 213.058
9378.38 214.832
9390.39 216.635
9402.4 218.465
9414.41 220.324
9426.43 222.212
9438.44 224.128
9450.45 226.073
9462.46 228.047
9474.47 230.049
9486.49 232.082
9498.5 234.143
9510.51 236.235
9522.52 238.356
9534.53 240.508
9546.55 242.689
9558.56 244.902
9570.57 247.145
9582.58 249.419
9594.59 251.725
9606.61 254.062
9618.62 256.43
9630.63 258.831
9642.64 261.264
9654.65 263.73
9666.67 266.228
9678.68 268.76
9690.69 271.324
9702.7 273.923
9714.71 276.555
9726.73 279.221
9738.74 281.922
9750.75 284.657
9762.76 287.427
9774.77 290.233
9786.79 293.074
9798.8 295.95
9810.81 298.863
9822.82 301.811
9834.83 304.796
9846.85 307.818
9858.86 310.877
9870.87 313.973
9882.88 317.107
9894.89 320.278
9906.91 323.487
9918.92 326.734
9930.93 330.02
9942.94 333.344
9954.95 336.706
9966.97 340.108
9978.98 343.549
9990.99 347.029
10003 350.548
10015 354.106
10027 357.705
10039 361.343
10051.1 365.021
10063.1 368.738
10075.1 372.496
10087.1 376.293
10099.1 380.131
10111.1 384.008
10123.1 387.926
10135.1 391.883
10147.1 395.88
10159.2 399.917
10171.2 403.994
10183.2 408.11
10195.2 412.265
10207.2 416.459
10219.2 420.692
10231.2 424.964
10243.2 429.274
10255.3 433.622
10267.3 438.007
10279.3 442.43
10291.3 446.889
10303.3 451.384
10315.3 455.916
10327.3 460.482
10339.3 465.082
10351.4 469.717
10363.4 474.385
10375.4 479.084
10387.4 483.816
10399.4 488.578
10411.4 493.37
10423.4 498.191
10435.4 503.039
10447.4 507.915
10459.5 512.815
10471.5 517.741
10483.5 522.689
10495.5 527.659
10507.5 532.649
10519.5 537.659
10531.5 542.686
10543.5 547.729
10555.6 552.786
10567.6 557.856
10579.6 562.937
10591.6 568.027
10603.6 573.124
10615.6 578.226
10627.6 583.331
10639.6 588.437
10651.7 593.542
10663.7 598.644
10675.7 603.74
10687.7 608.828
10699.7 613.905
10711.7 618.97
10723.7 624.019
10735.7 629.049
10747.7 634.059
10759.8 639.046
10771.8 644.006
10783.8 648.937
10795.8 653.835
10807.8 658.699
10819.8 663.525
10831.8 668.31
10843.8 673.051
10855.9 677.744
10867.9 682.387
10879.9 686.977
10891.9 691.51
10903.9 695.983
10915.9 700.393
10927.9 704.737
10939.9 709.012
10952 713.213
10964 717.339
10976 721.386
10988 725.35
11000 729.229
11012 733.019
11024 736.718
11036 740.321
11048 743.827
11060.1 747.233
11072.1 750.534
11084.1 753.73
11096.1 756.816
11108.1 759.79
11120.1 762.65
11132.1 765.393
11144.1 768.016
11156.2 770.518
11168.2 772.896
11180.2 775.148
11192.2 777.272
11204.2 779.267
11216.2 781.13
11228.2 782.86
11240.2 784.455
11252.3 785.914
11264.3 787.236
11276.3 788.42
11288.3 789.465
11300.3 790.371
11312.3 791.135
11324.3 791.759
11336.3 792.242
11348.3 792.583
11360.4 792.783
11372.4 792.566
11384.4 791.651
11396.4 790.593
11408.4 789.393
11420.4 788.053
11432.4 786.572
11444.4 784.952
11456.5 783.194
11468.5 781.3
11480.5 779.577
11492.5 777.958
11504.5 776.209
11516.5 774.33
11528.5 772.324
11540.5 770.192
11552.6 767.938
11564.6 765.562
11576.6 763.067
11588.6 761.848
11600.6 760.852
11612.6 759.748
11624.6 758.539
11636.6 757.228
11648.6 755.816
11660.7 754.307
11672.7 752.704
11684.7 750.976
11696.7 748.377
11708.7 745.691
11720.7 742.92
11732.7 740.067
11744.7 737.136
11756.8 734.13
11768.8 731.051
11780.8 727.902
11792.8 724.385
11804.8 720.004
11816.8 715.56
11828.8 711.056
11840.8 706.495
11852.9 701.879
11864.9 697.213
11876.9 692.498
11888.9 687.738
11900.9 683.778
11912.9 680.572
11924.9 677.331
11936.9 674.059
11948.9 670.759
11961 667.431
11973 664.08
11985 660.707
11997 657.315
12009 653.77
12021 650.165
12033 646.547
12045 642.919
12057.1 639.282
12069.1 635.638
12081.1 631.99
12093.1 628.339
12105.1 624.688
12117.1 619.429
12129.1 614.144
12141.1 608.859
12153.2 603.578
12165.2 598.301
12177.2 593.029
12189.2 587.765
12201.2 582.51
12213.2 577.193
12225.2 571.646
12237.2 566.11
12249.2 560.588
12261.3 555.079
12273.3 549.586
12285.3 544.109
12297.3 538.65
12309.3 533.208
12321.3 528.376
12333.3 524.259
12345.3 520.166
12357.4 516.097
12369.4 512.052
12381.4 508.032
12393.4 504.039
12405.4 500.071
12417.4 496.131
12429.4 490.871
12441.4 485.041
12453.5 479.236
12465.5 473.455
12477.5 467.7
12489.5 461.971
12501.5 456.267
12513.5 450.591
12525.5 444.94
12537.5 439.678
12549.5 434.469
12561.6 429.288
12573.6 424.135
12585.6 419.01
12597.6 413.913
12609.6 408.845
12621.6 403.806
12633.6 398.945
12645.6 394.846
12657.7 390.777
12669.7 386.739
12681.7 382.732
12693.7 378.754
12705.7 374.807
12717.7 370.89
12729.7 367.004
12741.7 363.127
12753.8 359.252
12765.8 355.407
12777.8 351.592
12789.8 347.806
12801.8 344.049
12813.8 340.322
12825.8 336.624
12837.8 332.956
12849.8 330.464
12861.9 328.635
12873.9 326.837
12885.9 325.072
12897.9 323.338
12909.9 321.635
12921.9 319.963
12933.9 318.322
12945.9 316.712
12958 314.576
12970 312.392
12982 310.237
12994 308.111
13006 306.013
13018 303.943
13030 301.901
13042 299.887
13054.1 297.921
13066.1 296.135
13078.1 294.376
13090.1 292.644
13102.1 290.939
13114.1 289.26
13126.1 287.608
13138.1 285.982
13150.2 284.382
13162.2 282.662
13174.2 280.703
13186.2 278.769
13198.2 276.859
13210.2 274.972
13222.2 273.11
13234.2 271.27
13246.2 269.454
13258.3 267.661
13270.3 265.727
13282.3 263.702
13294.3 261.698
13306.3 259.716
13318.3 257.754
13330.3 255.814
13342.3 253.895
13354.4 251.996
13366.4 250.117
13378.4 248.079
13390.4 246.024
13402.4 243.988
13414.4 241.971
13426.4 239.973
13438.4 237.993
13450.5 236.032
13462.5 234.089
13474.5 232.187
13486.5 230.647
13498.5 229.124
13510.5 227.62
13522.5 226.133
13534.5 224.664
13546.5 223.212
13558.6 221.776
13570.6 220.358
13582.6 218.947
13594.6 217.533
13606.6 216.134
13618.6 214.752
13630.6 213.385
13642.6 212.034
13654.7 210.698
13666.7 209.377
13678.7 208.072
13690.7 206.793
13702.7 205.54
13714.7 204.302
13726.7 203.077
13738.7 201.867
13750.8 200.671
13762.8 199.488
13774.8 198.32
13786.8 197.164
13798.8 196.282
13810.8 195.49
13822.8 194.711
13834.8 193.946
13846.8 193.194
13858.9 192.455
13870.9 191.728
13882.9 191.015
13894.9 190.312
13906.9 189.515
13918.9 188.73
13930.9 187.958
13942.9 187.197
13955 186.447
13967 185.709
13979 184.982
13991 184.267
14003 183.497
14015 182.539
14027 181.592
14039 180.656
14051.1 179.729
14063.1 178.812
14075.1 177.905
14087.1 177.007
14099.1 176.119
14111.1 174.984
14123.1 173.585
14135.1 172.193
14147.1 170.81
14159.2 169.435
14171.2 168.068
14183.2 166.708
14195.2 165.355
14207.2 164.01
14219.2 162.351
14231.2 160.577
14243.2 158.809
14255.3 157.047
14267.3 155.291
14279.3 153.541
14291.3 151.797
14303.3 150.058
14315.3 148.325
14327.3 147.161
14339.3 146.026
14351.4 144.898
14363.4 143.776
14375.4 142.659
14387.4 141.549
14399.4 140.444
14411.4 139.344
14423.4 138.288
14435.4 137.396
14447.4 136.508
14459.5 135.626
14471.5 134.75
14483.5 133.879
14495.5 133.013
14507.5 132.152
14519.5 131.296
14531.5 130.328
14543.5 129.213
14555.6 128.103
14567.6 126.996
14579.6 125.894
14591.6 124.795
14603.6 123.7
14615.6 122.609
14627.6 121.521
14639.6 120.764
14651.7 120.172
14663.7 119.584
14675.7 119.001
14687.7 118.421
14699.7 117.844
14711.7 117.272
14723.7 116.702
14735.7 116.137
14747.7 115.344
14759.8 114.531
14771.8 113.721
14783.8 112.914
14795.8 112.109
14807.8 111.306
14819.8 110.505
14831.8 109.707
14843.8 108.856
14855.9 107.684
14867.9 106.514
14879.9 105.345
14891.9 104.177
14903.9 103.01
14915.9 101.843
14927.9 100.677
14939.9 99.5111
14952 98.3796
14964 97.3038
14976 96.2282
14988 95.1528
15000 94.0774
15012 93.002
15024 91.9263
15036 90.8502
15048 89.7737
15060.1 88.8485
15072.1 88.0156
15084.1 87.1823
15096.1 86.3483
15108.1 85.5137
15120.1 84.6782
15132.1 83.8417
15144.1 83.0041
15156.2 82.1652
15168.2 81.3104
15180.2 80.4517
15192.2 79.5912
15204.2 78.7288
15216.2 77.8645
15228.2 76.998
15240.2 76.1293
15252.3 75.2581
15264.3 74.3896
15276.3 73.5731
15288.3 72.7538
15300.3 71.9315
15312.3 71.1061
15324.3 70.2773
15336.3 69.4451
15348.3 68.6092
15360.4 67.7695
15372.4 66.9256
15384.4 66.0769
15396.4 65.2238
15408.4 64.3662
15420.4 63.5039
15432.4 62.6366
15444.4 61.7642
15456.5 60.8865
15468.5 60.0032
15480.5 59.0445
15492.5 58.026
15504.5 57.0012
15516.5 55.9697
15528.5 54.9315
15540.5 53.8863
15552.6 52.8338
15564.6 51.7738
15576.6 50.7061
15588.6 49.4012
15600.6 48.0328
15612.6 46.6554
15624.6 45.2688
15636.6 43.8729
15648.6 42.4673
15660.7 41.0517
15672.7 39.6259
15684.7 38.1915
15696.7 36.7893
15708.7 35.3762
15720.7 33.9517
15732.7 32.5157
15744.7 31.0677
15756.8 29.6075
15768.8 28.1348
15780.8 26.6493
15792.8 25.218
15804.8 23.9524
15816.8 22.6733
15828.8 21.3803
15840.8 20.0732
15852.9 18.7515
15864.9 17.415
15876.9 16.0632
15888.9 14.6957
15900.9 13.1634
15912.9 11.4749
15924.9 9.76911
15936.9 8.04575
15948.9 6.30439
15961 4.54464
15973 2.76608
15985 0.968306
15997 -0.849093
16009 -2.73227
16021 -4.65125
16033 -6.5912
16045 -8.55256
16057.1 -10.5357
16069.1 -12.5412
16081.1 -14.5694
16093.1 -16.6206
16105.1 -18.6955
16117.1 -20.9076
16129.1 -23.1462
16141.1 -25.4098
16153.2 -27.6989
16165.2 -30.0137
16177.2 -32.3549
16189.2 -34.7226
16201.2 -37.1175
16213.2 -39.5382
16225.2 -41.9816
16237.2 -44.4531
16249.2 -46.9531
16261.3 -49.482
16273.3 -52.04
16285.3 -54.6274
16297.3 -57.2445
16309.3 -59.8916
16321.3 -62.4881
16333.3 -65.0199
16345.3 -67.5819
16357.4 -70.1743
16369.4 -72.797
16381.4 -75.4502
16393.4 -78.1339
16405.4 -80.8479
16417.4 -83.5921
16429.4 -86.1429
16441.4 -88.6242
16453.5 -91.1347
16465.5 -93.6738
16477.5 -96.2411
16489.5 -98.8362
16501.5 -101.458
16513.5 -104.107
16525.5 -106.781
16537.5 -109.152
16549.5 -111.522
16561.6 -113.916
16573.6 -116.33
16585.6 -118.763
16597.6 -121.215
16609.6 -123.683
16621.6 -126.166
16633.6 -128.654
16645.6 -131.112
16657.7 -133.579
16669.7 -136.052
16681.7 -138.53
16693.7 -141.009
16705.7 -143.487
16717.7 -145.962
16729.7 -148.429
16741.7 -150.733
16753.8 -152.803
16765.8 -154.856
16777.8 -156.889
16789.8 -158.897
16801.8 -160.876
16813.8 -162.823
16825.8 -164.734
16837.8 -166.605
16849.8 -168.238
16861.9 -169.716
16873.9 -171.141
16885.9 -172.508
16897.9 -173.812
16909.9 -175.05
16921.9 -176.216
16933.9 -177.308
16945.9 -178.32
16958 -179.344
16970 -180.295
16982 -181.154
16994 -181.917
17006 -182.582
17018 -183.144
17030 -183.6
17042 -183.948
17054.1 -184.265
17066.1 -185.061
17078.1 -185.741
17090.1 -186.305
17102.1 -186.75
17114.1 -187.075
17126.1 -187.279
17138.1 -187.362
17150.2 -187.324
17162.2 -187.36
17174.2 -187.634
17186.2 -187.787
17198.2 -187.823
17210.2 -187.741
17222.2 -187.545
17234.2 -187.235
17246.2 -186.814
17258.3 -186.284
17270.3 -185.888
17282.3 -185.557
17294.3 -185.127
17306.3 -184.601
17318.3 -183.985
17330.3 -183.28
17342.3 -182.492
17354.4 -181.625
17366.4 -180.681
17378.4 -179.958
17390.4 -179.227
17402.4 -178.434
17414.4 -177.583
17426.4 -176.678
17438.4 -175.723
17450.5 -174.723
17462.5 -173.681
17474.5 -172.577
17486.5 -171.075
17498.5 -169.543
17510.5 -167.985
17522.5 -166.404
17534.5 -164.804
17546.5 -163.188
17558.6 -161.559
17570.6 -159.921
17582.6 -158.37
17594.6 -157.025
17606.6 -155.679
17618.6 -154.336
17630.6 -152.997
17642.6 -151.665
17654.7 -150.343
17666.7 -149.031
17678.7 -147.732
17690.7 -144.821
17702.7 -140.538
17714.7 -136.27
17726.7 -132.016
17738.7 -127.779
17750.8 -123.56
17762.8 -119.359
17774.8 -115.179
17786.8 -111.018
17798.8 -108.461
17810.8 -106.39
17822.8 -104.345
17834.8 -102.325
17846.8 -100.332
17858.9 -98.3658
17870.9 -96.4268
17882.9 -94.5154
17894.9 -92.6317
17906.9 -90.7759
17918.9 -88.9481
17930.9 -87.1484
17942.9 -85.3769
17955 -83.6334
17967 -81.918
17979 -80.2305
17991 -78.5709
18003 -76.939
18015 -75.3347
18027 -73.7577
18039 -72.2078
18051.1 -70.6847
18063.1 -69.1884
18075.1 -67.7183
18087.1 -66.2744
18099.1 -64.8562
18111.1 -63.4635
18123.1 -62.0959
18135.1 -60.7532
18147.1 -59.4349
18159.2 -58.1408
18171.2 -56.8704
18183.2 -55.6235
18195.2 -54.3996
18207.2 -53.1985
18219.2 -52.0198
18231.2 -50.863
18243.2 -49.7279
18255.3 -48.614
18267.3 -47.521
18279.3 -46.4487
18291.3 -45.3964
18303.3 -44.3641
18315.3 -43.3512
18327.3 -42.3574
18339.3 -41.3825
18351.4 -40.4259
18363.4 -39.4875
18375.4 -38.5668
18387.4 -37.6636
18399.4 -36.7774
18411.4 -35.908
18423.4 -35.0551
18435.4 -34.2182
18447.4 -33.3972
18459.5 -32.5918
18471.5 -31.8015
18483.5 -31.0261
18495.5 -30.2654
18507.5 -29.519
18519.5 -28.7866
18531.5 -28.068
18543.5 -27.3629
18555.6 -26.6711
18567.6 -25.9922
18579.6 -25.326
18591.6 -24.6723
18603.6 -24.0307
18615.6 -23.4012
18627.6 -22.7833
18639.6 -22.177
18651.7 -21.5819
18663.7 -20.9978
18675.7 -20.4245
18687.7 -19.8619
18699.7 -19.3096
18711.7 -18.7675
18723.7 -18.2353
18735.7 -17.7129
18747.7 -17.2001
18759.8 -16.6967
18771.8 -16.2025
18783.8 -15.7173
18795.8 -15.2409
18807.8 -14.7732
18819.8 -14.3139
18831.8 -13.863
18843.8 -13.4202
18855.9 -12.9854
18867.9 -12.5585
18879.9 -12.1392
18891.9 -11.7274
18903.9 -11.323
18915.9 -10.9259
18927.9 -10.5358
18939.9 -10.1527
18952 -9.77634
18964 -9.4067
18976 -9.04361
18988 -8.68694
19000 -8.33656
