7000 5.97269
7012.01 5.80261
7024.02 5.62171
7036.04 5.42957
7048.05 5.22572
7060.06 5.0097
7072.07 4.78108
7084.08 4.5394
7096.1 4.28423
7108.11 4.01516
7120.12 3.73178
7132.13 3.43375
7144.14 3.12073
7156.16 2.79245
7168.17 2.44871
7180.18 2.08935
7192.19 1.71433
7204.2 1.3237
7216.22 0.917631
7228.23 0.496429
7240.24 0.0605638
7252.25 -0.389315
7264.26 -0.852356
7276.28 -1.32748
7288.29 -1.81337
7300.3 -2.30841
7312.31 -2.81071
7324.32 -3.31808
7336.34 -3.82797
7348.35 -4.33749
7360.36 -4.84343
7372.37 -5.3422
7384.38 -5.82989
7396.4 -6.30226
7408.41 -6.75479
7420.42 -7.1827
7432.43 -7.58103
7444.44 -7.94468
7456.46 -8.26853
7468.47 -8.54749
7480.48 -8.77662
7492.49 -8.95122
7504.5 -9.06696
7516.52 -9.11994
7528.53 -9.10687
7540.54 -9.02503
7552.55 -8.87248
7564.56 -8.64799
7576.58 -8.35115
7588.59 -7.97498
7600.6 -7.52617
7612.61 -7.00844
7624.62 -6.4244
7636.64 -5.77726
7648.65 -5.07073
7660.66 -4.30896
7672.67 -3.49643
7684.68 -2.64156
7696.7 -1.83657
7708.71 -0.995394
7720.72 -0.122807
7732.73 0.776572
7744.74 1.69832
7756.76 2.63825
7768.77 3.59247
7780.78 4.55738
7792.79 5.52809
7804.8 6.499
7816.82 7.47178
7828.83 8.44416
7840.84 9.41415
7852.85 10.3801
7864.86 11.3406
7876.88 12.2944
7888.89 13.2408
7900.9 14.044
7912.91 14.7098
7924.92 15.3657
7936.94 16.0116
7948.95 16.6473
7960.96 17.2731
7972.97 17.889
7984.98 18.4952
7997 19.0922
8009.01 20.0655
8021.02 21.16
8033.03 22.2481
8045.05 23.3303
8057.06 24.4071
8069.07 25.4791
8081.08 26.547
8093.09 27.6111
8105.11 28.6723
8117.12 29.3146
8129.13 29.9484
8141.14 30.5798
8153.15 31.2094
8165.17 31.8378
8177.18 32.4656
8189.19 33.0934
8201.2 33.7219
8213.21 34.5278
8225.23 35.9499
8237.24 37.3768
8249.25 38.8088
8261.26 40.2467
8273.27 41.6909
8285.29 43.142
8297.3 44.6005
8309.31 46.067
8321.32 46.9243
8333.33 47.064
8345.35 47.2093
8357.36 47.3609
8369.37 47.5192
8381.38 47.6847
8393.39 47.8579
8405.41 48.0393
8417.42 48.2295
8429.43 49.0544
8441.44 50.1624
8453.45 51.2832
8465.47 52.4171
8477.48 53.5647
8489.49 54.7265
8501.5 55.9029
8513.51 57.0944
8525.53 58.3014
8537.54 59.5245
8549.55 60.764
8561.56 62.0204
8573.57 63.2943
8585.59 64.5859
8597.6 65.8958
8609.61 67.2244
8621.62 68.5721
8633.63 69.9393
8645.65 71.3265
8657.66 72.734
8669.67 74.1623
8681.68 75.6117
8693.69 77.0827
8705.71 78.5755
8717.72 80.0905
8729.73 81.628
8741.74 83.1884
8753.75 84.772
8765.77 86.379
8777.78 88.0097
8789.79 89.6644
8801.8 91.3431
8813.81 93.0462
8825.83 94.7737
8837.84 96.5258
8849.85 98.3026
8861.86 100.104
8873.87 101.93
8885.89 103.781
8897.9 105.656
8909.91 107.556
8921.92 109.48
8933.93 111.428
8945.95 113.4
8957.96 115.395
8969.97 117.412
8981.98 119.452
8993.99 121.514
9006.01 123.597
9018.02 125.7
9030.03 127.823
9042.04 129.964
9054.05 132.123
9066.07 134.298
9078.08 136.489
9090.09 138.693
9102.1 140.91
9114.11 143.137
9126.13 145.375
9138.14 147.619
9150.15 149.87
9162.16 152.124
9174.17 154.38
9186.19 156.636
9198.2 158.889
9210.21 161.137
9222.22 163.378
9234.23 165.609
9246.25 167.827
9258.26 170.029
9270.27 172.214
9282.28 174.377
9294.29 176.517
9306.31 178.63
9318.32 180.714
9330.33 182.764
9342.34 184.78
9354.35 186.756
9366.37 188.691
9378.38 190.582
9390.39 192.426
9402.4 194.219
9414.41 195.961
9426.43 197.647
9438.44 199.276
9450.45 200.845
9462.46 202.353
9474.47 203.796
9486.49 205.175
9498.5 206.486
9510.51 207.73
9522.52 208.904
9534.53 210.008
9546.55 211.041
9558.56 212.004
9570.57 212.895
9582.58 213.715
9594.59 214.464
9606.61 215.143
9618.62 215.753
9630.63 216.295
9642.64 216.77
9654.65 217.18
9666.67 217.527
9678.68 217.812
9690.69 218.038
9702.7 218.207
9714.71 218.321
9726.73 218.384
9738.74 218.397
9750.75 218.365
9762.76 218.289
9774.77 218.173
9786.79 218.02
9798.8 217.833
9810.81 217.615
9822.82 217.37
9834.83 217.101
9846.85 216.81
9858.86 216.502
9870.87 216.179
9882.88 215.844
9894.89 215.501
9906.91 215.152
9918.92 214.801
9930.93 214.451
9942.94 214.103
9954.95 213.762
9966.97 213.429
9978.98 213.107
9990.99 212.798
10003 212.506
10015 212.231
10027 211.977
10039 211.745
10051.1 211.538
10063.1 211.357
10075.1 211.204
10087.1 211.081
10099.1 210.99
10111.1 210.931
10123.1 210.907
10135.1 210.919
10147.1 210.968
10159.2 211.055
10171.2 211.182
10183.2 211.349
10195.2 211.558
10207.2 211.81
10219.2 212.105
10231.2 212.445
10243.2 212.83
10255.3 213.261
10267.3 213.739
10279.3 214.264
10291.3 214.837
10303.3 215.458
10315.3 216.129
10327.3 216.849
10339.3 217.619
10351.4 218.44
10363.4 219.311
10375.4 220.234
10387.4 221.208
10399.4 222.234
10411.4 223.313
10423.4 224.443
10435.4 225.627
10447.4 226.863
10459.5 228.152
10471.5 229.494
10483.5 230.89
10495.5 232.339
10507.5 233.841
10519.5 235.397
10531.5 237.006
10543.5 238.668
10555.6 240.384
10567.6 242.153
10579.6 243.975
10591.6 245.85
10603.6 247.777
10615.6 249.757
10627.6 251.788
10639.6 253.872
10651.7 256.006
10663.7 258.192
10675.7 260.427
10687.7 262.713
10699.7 265.047
10711.7 267.43
10723.7 269.86
10735.7 272.337
10747.7 274.859
10759.8 277.427
10771.8 280.038
10783.8 282.692
10795.8 285.387
10807.8 288.122
10819.8 290.895
10831.8 293.705
10843.8 296.551
10855.9 299.43
10867.9 302.341
10879.9 305.282
10891.9 308.25
10903.9 311.244
10915.9 314.26
10927.9 317.298
10939.9 320.353
10952 323.424
10964 326.508
10976 329.601
10988 332.7
11000 335.803
11012 338.906
11024 342.006
11036 345.098
11048 348.18
11060.1 351.248
11072.1 354.297
11084.1 357.324
11096.1 360.325
11108.1 363.295
11120.1 366.23
11132.1 369.126
11144.1 371.979
11156.2 374.783
11168.2 377.535
11180.2 380.231
11192.2 382.865
11204.2 385.433
11216.2 387.93
11228.2 390.353
11240.2 392.696
11252.3 394.956
11264.3 397.128
11276.3 399.208
11288.3 401.191
11300.3 403.074
11312.3 404.854
11324.3 406.526
11336.3 408.087
11348.3 409.533
11360.4 410.862
11372.4 411.392
11384.4 410.422
11396.4 409.322
11408.4 408.09
11420.4 406.725
11432.4 405.225
11444.4 403.587
11456.5 401.813
11468.5 399.9
11480.5 398.462
11492.5 397.362
11504.5 396.125
11516.5 394.751
11528.5 393.243
11540.5 391.6
11552.6 389.823
11564.6 387.916
11576.6 385.878
11588.6 384.758
11600.6 383.766
11612.6 382.654
11624.6 381.424
11636.6 380.08
11648.6 378.624
11660.7 377.06
11672.7 375.391
11684.7 373.622
11696.7 371.781
11708.7 369.847
11720.7 367.823
11732.7 365.712
11744.7 363.521
11756.8 361.251
11768.8 358.908
11780.8 356.495
11792.8 353.903
11804.8 350.946
11816.8 347.93
11828.8 344.861
11840.8 341.742
11852.9 338.577
11864.9 335.37
11876.9 332.124
11888.9 328.844
11900.9 326.043
11912.9 323.694
11924.9 321.323
11936.9 318.934
11948.9 316.529
11961 314.113
11973 311.687
11985 309.255
11997 306.82
12009 304.268
12021 301.68
12033 299.095
12045 296.517
12057.1 293.947
12069.1 291.388
12081.1 288.842
12093.1 286.31
12105.1 283.794
12117.1 280.377
12129.1 276.963
12141.1 273.567
12153.2 270.192
12165.2 266.839
12177.2 263.509
12189.2 260.203
12201.2 256.921
12213.2 253.625
12225.2 250.213
12237.2 246.828
12249.2 243.471
12261.3 240.143
12273.3 236.843
12285.3 233.573
12297.3 230.334
12309.3 227.124
12321.3 224.23
12333.3 221.703
12345.3 219.208
12357.4 216.745
12369.4 214.316
12381.4 211.919
12393.4 209.555
12405.4 207.224
12417.4 204.925
12429.4 202.089
12441.4 199.032
12453.5 196.005
12465.5 193.01
12477.5 190.045
12489.5 187.111
12501.5 184.208
12513.5 181.334
12525.5 178.49
12537.5 175.301
12549.5 172.114
12561.6 168.956
12573.6 165.825
12585.6 162.723
12597.6 159.648
12609.6 156.6
12621.6 153.579
12633.6 150.673
12645.6 148.231
12657.7 145.816
12669.7 143.427
12681.7 141.065
12693.7 138.728
12705.7 136.417
12717.7 134.131
12729.7 131.869
12741.7 129.427
12753.8 126.716
12765.8 124.027
12777.8 121.361
12789.8 118.717
12801.8 116.094
12813.8 113.492
12825.8 110.911
12837.8 108.351
12849.8 106.621
12861.9 105.359
12873.9 104.119
12885.9 102.9
12897.9 101.702
12909.9 100.524
12921.9 99.3672
12933.9 98.2302
12945.9 97.113
12958 95.515
12970 93.8662
12982 92.2351
12994 90.6213
13006 89.0245
13018 87.4445
13030 85.8809
13042 84.3333
13054.1 82.8572
13066.1 81.8008
13078.1 80.7605
13090.1 79.7359
13102.1 78.7268
13114.1 77.7329
13126.1 76.754
13138.1 75.7897
13150.2 74.8398
13162.2 73.814
13174.2 72.6382
13186.2 71.4756
13198.2 70.3258
13210.2 69.1887
13222.2 68.064
13234.2 66.9514
13246.2 65.8507
13258.3 64.7617
13270.3 63.6754
13282.3 62.5941
13294.3 61.5238
13306.3 60.4642
13318.3 59.4151
13330.3 58.3763
13342.3 57.3477
13354.4 56.3289
13366.4 55.3198
13378.4 54.6311
13390.4 54.0156
13402.4 53.4098
13414.4 52.8137
13426.4 52.2269
13438.4 51.6492
13450.5 51.0806
13462.5 50.5208
13474.5 49.9579
13486.5 49.2325
13498.5 48.515
13510.5 47.8053
13522.5 47.1033
13534.5 46.4087
13546.5 45.7214
13558.6 45.0412
13570.6 44.368
13582.6 43.5951
13594.6 42.5878
13606.6 41.5863
13618.6 40.5905
13630.6 39.6004
13642.6 38.6156
13654.7 37.6362
13666.7 36.6619
13678.7 35.6927
13690.7 34.7177
13702.7 33.7384
13714.7 32.7637
13726.7 31.7934
13738.7 30.8274
13750.8 29.8656
13762.8 28.9078
13774.8 27.9539
13786.8 27.0038
13798.8 26.1949
13810.8 25.43
13822.8 24.6688
13834.8 23.9112
13846.8 23.1571
13858.9 22.4063
13870.9 21.6588
13882.9 20.9144
13894.9 20.1745
13906.9 19.5306
13918.9 18.8896
13930.9 18.2515
13942.9 17.616
13955 16.9832
13967 16.353
13979 15.7251
13991 15.0995
14003 14.4635
14015 13.7916
14027 13.1216
14039 12.4534
14051.1 11.787
14063.1 11.1221
14075.1 10.4587
14087.1 9.7967
14099.1 9.13601
14111.1 8.4405
14123.1 7.70756
14135.1 6.9755
14147.1 6.24422
14159.2 5.51364
14171.2 4.78365
14183.2 4.05416
14195.2 3.32509
14207.2 2.59632
14219.2 1.76433
14231.2 0.893196
14243.2 0.0218604
14255.3 -0.849766
14267.3 -1.72177
14279.3 -2.59425
14291.3 -3.46729
14303.3 -4.34097
14315.3 -5.21539
14327.3 -6.07416
14339.3 -6.93311
14351.4 -7.79304
14363.4 -8.65402
14375.4 -9.51615
14387.4 -10.3795
14399.4 -11.2442
14411.4 -12.1103
14423.4 -12.9864
14435.4 -13.8998
14447.4 -14.8149
14459.5 -15.7318
14471.5 -16.6506
14483.5 -17.5714
14495.5 -18.4943
14507.5 -19.4194
14519.5 -20.3466
14531.5 -21.2862
14543.5 -22.2412
14555.6 -23.1986
14567.6 -24.1587
14579.6 -25.1215
14591.6 -26.0871
14603.6 -27.0555
14615.6 -28.0268
14627.6 -29.0012
14639.6 -29.9129
14651.7 -30.7952
14663.7 -31.6806
14675.7 -32.5692
14687.7 -33.461
14699.7 -34.3562
14711.7 -35.2548
14723.7 -36.157
14735.7 -37.0627
14747.7 -37.8123
14759.8 -38.5498
14771.8 -39.2909
14783.8 -40.0356
14795.8 -40.784
14807.8 -41.5362
14819.8 -42.2923
14831.8 -43.0523
14843.8 -43.8033
14855.9 -44.4818
14867.9 -45.1642
14879.9 -45.8507
14891.9 -46.5415
14903.9 -47.2365
14915.9 -47.9358
14927.9 -48.6395
14939.9 -49.3478
14952 -50.0687
14964 -50.8076
14976 -51.5513
14988 -52.2998
15000 -53.0532
15012 -53.8115
15024 -54.5749
15036 -55.3433
15048 -56.1169
15060.1 -56.9042
15072.1 -57.7018
15084.1 -58.5049
15096.1 -59.3134
15108.1 -60.1274
15120.1 -60.947
15132.1 -61.7723
15144.1 -62.6032
15156.2 -63.44
15168.2 -64.3206
15180.2 -65.2137
15192.2 -66.1128
15204.2 -67.0179
15216.2 -67.9292
15228.2 -68.8467
15240.2 -69.7703
15252.3 -70.7002
15264.3 -71.6309
15276.3 -72.5106
15288.3 -73.3966
15300.3 -74.2889
15312.3 -75.1876
15324.3 -76.0927
15336.3 -77.0042
15348.3 -77.9222
15360.4 -78.8468
15372.4 -79.7386
15384.4 -80.5575
15396.4 -81.3828
15408.4 -82.2145
15420.4 -83.0526
15432.4 -83.8971
15444.4 -84.748
15456.5 -85.6054
15468.5 -86.4693
15480.5 -87.3702
15492.5 -88.3014
15504.5 -89.2391
15516.5 -90.1832
15528.5 -91.1339
15540.5 -92.0909
15552.6 -93.0544
15564.6 -94.0242
15576.6 -95.0003
15588.6 -95.8985
15600.6 -96.7826
15612.6 -97.6727
15624.6 -98.5688
15636.6 -99.4707
15648.6 -100.379
15660.7 -101.292
15672.7 -102.211
15684.7 -103.142
15696.7 -104.207
15708.7 -105.278
15720.7 -106.355
15732.7 -107.437
15744.7 -108.524
15756.8 -109.616
15768.8 -110.713
15780.8 -111.816
15792.8 -112.995
15804.8 -114.372
15816.8 -115.754
15828.8 -117.141
15840.8 -118.532
15852.9 -119.927
15864.9 -121.326
15876.9 -122.729
15888.9 -124.135
15900.9 -125.767
15912.9 -127.61
15924.9 -129.456
15936.9 -131.305
15948.9 -133.158
15961 -135.013
15973 -136.871
15985 -138.731
15997 -140.592
16009 -142.129
16021 -143.558
16033 -144.987
16045 -146.416
16057.1 -147.844
16069.1 -149.272
16081.1 -150.698
16093.1 -152.123
16105.1 -153.546
16117.1 -155.205
16129.1 -156.867
16141.1 -158.525
16153.2 -160.18
16165.2 -161.832
16177.2 -163.479
16189.2 -165.122
16201.2 -166.76
16213.2 -168.321
16225.2 -169.631
16237.2 -170.933
16249.2 -172.229
16261.3 -173.516
16273.3 -174.796
16285.3 -176.066
16297.3 -177.327
16309.3 -178.578
16321.3 -179.821
16333.3 -181.057
16345.3 -182.282
16357.4 -183.495
16369.4 -184.695
16381.4 -185.882
16393.4 -187.055
16405.4 -188.214
16417.4 -189.359
16429.4 -190.732
16441.4 -192.197
16453.5 -193.647
16465.5 -195.08
16477.5 -196.496
16489.5 -197.894
16501.5 -199.275
16513.5 -200.637
16525.5 -201.98
16537.5 -203.199
16549.5 -204.39
16561.6 -205.56
16573.6 -206.709
16585.6 -207.836
16597.6 -208.941
16609.6 -210.023
16621.6 -211.083
16633.6 -212.143
16645.6 -213.304
16657.7 -214.44
16669.7 -215.552
16681.7 -216.638
16693.7 -217.699
16705.7 -218.735
16717.7 -219.744
16729.7 -220.727
16741.7 -221.665
16753.8 -222.549
16765.8 -223.406
16777.8 -224.236
16789.8 -225.038
16801.8 -225.811
16813.8 -226.557
16825.8 -227.274
16837.8 -227.962
16849.8 -228.352
16861.9 -228.566
16873.9 -228.749
16885.9 -228.903
16897.9 -229.028
16909.9 -229.123
16921.9 -229.188
16933.9 -229.223
16945.9 -229.229
16958 -229.08
16970 -228.884
16982 -228.659
16994 -228.404
17006 -228.12
17018 -227.807
17030 -227.465
17042 -227.094
17054.1 -226.709
17066.1 -226.402
17078.1 -226.067
17090.1 -225.704
17102.1 -225.314
17114.1 -224.897
17126.1 -224.453
17138.1 -223.983
17150.2 -223.487
17162.2 -222.9
17174.2 -222.17
17186.2 -221.416
17198.2 -220.636
17210.2 -219.832
17222.2 -219.005
17234.2 -218.154
17246.2 -217.28
17258.3 -216.383
17270.3 -215.349
17282.3 -214.213
17294.3 -213.055
17306.3 -211.877
17318.3 -210.678
17330.3 -209.459
17342.3 -208.221
17354.4 -206.964
17366.4 -205.689
17378.4 -204.649
17390.4 -203.644
17402.4 -202.623
17414.4 -201.586
17426.4 -200.533
17438.4 -199.466
17450.5 -198.385
17462.5 -197.289
17474.5 -196.173
17486.5 -194.932
17498.5 -193.679
17510.5 -192.414
17522.5 -191.138
17534.5 -189.851
17546.5 -188.553
17558.6 -187.246
17570.6 -185.929
17582.6 -184.439
17594.6 -182.571
17606.6 -180.693
17618.6 -178.807
17630.6 -176.914
17642.6 -175.013
17654.7 -173.105
17666.7 -171.19
17678.7 -169.27
17690.7 -168.535
17702.7 -168.811
17714.7 -169.086
17726.7 -169.358
17738.7 -169.63
17750.8 -169.901
17762.8 -170.172
17774.8 -170.442
17786.8 -170.713
17798.8 -169.918
17810.8 -168.81
17822.8 -167.702
17834.8 -166.594
17846.8 -165.485
17858.9 -164.378
17870.9 -163.27
17882.9 -162.164
17894.9 -161.059
17906.9 -159.955
17918.9 -158.853
17930.9 -157.753
17942.9 -156.656
17955 -155.56
17967 -154.468
17979 -153.378
17991 -152.291
18003 -151.207
18015 -150.127
18027 -149.051
18039 -147.978
18051.1 -146.91
18063.1 -145.845
18075.1 -144.785
18087.1 -143.729
18099.1 -142.678
18111.1 -141.631
18123.1 -140.59
18135.1 -139.553
18147.1 -138.522
18159.2 -137.495
18171.2 -136.474
18183.2 -135.459
18195.2 -134.449
18207.2 -133.444
18219.2 -132.445
18231.2 -131.452
18243.2 -130.465
18255.3 -129.484
18267.3 -128.508
18279.3 -127.539
18291.3 -126.576
18303.3 -125.619
18315.3 -124.668
18327.3 -123.723
18339.3 -122.785
18351.4 -121.853
18363.4 -120.927
18375.4 -120.008
18387.4 -119.095
18399.4 -118.189
18411.4 -117.289
18423.4 -116.396
18435.4 -115.509
18447.4 -114.628
18459.5 -113.754
18471.5 -112.887
18483.5 -112.026
18495.5 -111.171
18507.5 -110.323
18519.5 -109.482
18531.5 -108.647
18543.5 -107.819
18555.6 -106.997
18567.6 -106.181
18579.6 -105.372
18591.6 -104.57
18603.6 -103.774
18615.6 -102.984
18627.6 -102.201
18639.6 -101.424
18651.7 -100.654
18663.7 -99.8896
18675.7 -99.1318
18687.7 -98.3803
18699.7 -97.635
18711.7 -96.896
18723.7 -96.1632
18735.7 -95.4365
18747.7 -94.716
18759.8 -94.0016
18771.8 -93.2932
18783.8 -92.5909
18795.8 -91.8946
18807.8 -91.2043
18819.8 -90.5199
18831.8 -89.8414
18843.8 -89.1688
18855.9 -88.502
18867.9 -87.8409
18879.9 -87.1857
18891.9 -86.5361
18903.9 -85.8922
18915.9 -85.254
18927.9 -84.6213
18939.9 -83.9942
18952 -83.3726
18964 -82.7565
18976 -82.1457
18988 -81.5404
19000 -80.9405
