7000 -69.3483
7012.01 -68.7807
7024.02 -68.2066
7036.04 -67.6262
7048.05 -67.0397
7060.06 -66.4472
7072.07 -65.849
7084.08 -65.2453
7096.1 -64.6361
7108.11 -64.0217
7120.12 -63.4022
7132.13 -62.7778
7144.14 -62.1487
7156.16 -61.515
7168.17 -60.8769
7180.18 -60.2344
7192.19 -59.5879
7204.2 -58.9373
7216.22 -58.2829
7228.23 -57.6248
7240.24 -56.9631
7252.25 -56.298
7264.26 -55.6296
7276.28 -54.958
7288.29 -54.2833
7300.3 -53.6057
7312.31 -52.9252
7324.32 -52.2421
7336.34 -51.5563
7348.35 -50.868
7360.36 -50.1774
7372.37 -49.4844
7384.38 -48.7892
7396.4 -48.0919
7408.41 -47.3926
7420.42 -46.6913
7432.43 -45.9882
7444.44 -45.2832
7456.46 -44.5766
7468.47 -43.8683
7480.48 -43.1585
7492.49 -42.4472
7504.5 -41.7344
7516.52 -41.0202
7528.53 -40.2865
7540.54 -39.4707
7552.55 -38.6533
7564.56 -37.8344
7576.58 -37.014
7588.59 -36.1923
7600.6 -35.3691
7612.61 -34.5447
7624.62 -33.7189
7636.64 -32.8645
7648.65 -31.9712
7660.66 -31.0764
7672.67 -30.1803
7684.68 -29.2827
7696.7 -28.3838
7708.71 -27.4835
7720.72 -26.5819
7732.73 -25.6789
7744.74 -24.9053
7756.76 -24.1988
7768.77 -23.4916
7780.78 -22.7837
7792.79 -22.0751
7804.8 -21.3659
7816.82 -20.6559
7828.83 -19.9452
7840.84 -19.2337
7852.85 -18.5384
7864.86 -17.8444
7876.88 -17.1496
7888.89 -16.4542
7900.9 -15.758
7912.91 -15.0611
7924.92 -14.3634
7936.94 -13.6648
7948.95 -12.9692
7960.96 -12.2978
7972.97 -11.6256
7984.98 -10.9525
7997 -10.2786
8009.01 -9.60375
8021.02 -8.92801
8033.03 -8.25131
8045.05 -7.5736
8057.06 -6.93826
8069.07 -6.37644
8081.08 -5.81386
8093.09 -5.25046
8105.11 -4.68621
8117.12 -4.12106
8129.13 -3.55496
8141.14 -2.98786
8153.15 -2.41973
8165.17 -1.47504
8177.18 -0.283279
8189.19 0.911502
8201.2 2.10936
8213.21 3.31035
8225.23 4.51453
8237.24 5.72195
8249.25 6.93267
8261.26 8.14676
8273.27 8.63043
8285.29 8.97749
8297.3 9.32556
8309.31 9.67471
8321.32 10.025
8333.33 10.3765
8345.35 10.7293
8357.36 11.0834
8369.37 11.4784
8381.38 12.3344
8393.39 13.1933
8405.41 14.0554
8417.42 14.9206
8429.43 15.789
8441.44 16.6606
8453.45 17.5356
8465.47 18.4141
8477.48 19.2961
8489.49 20.1816
8501.5 21.0708
8513.51 21.9638
8525.53 22.8606
8537.54 23.7613
8549.55 24.6661
8561.56 25.5749
8573.57 26.4879
8585.59 27.4051
8597.6 28.3267
8609.61 29.2527
8621.62 30.1832
8633.63 31.1184
8645.65 32.0582
8657.66 33.0029
8669.67 33.9524
8681.68 34.907
8693.69 35.8666
8705.71 36.8314
8717.72 37.8015
8729.73 38.777
8741.74 39.7579
8753.75 40.7444
8765.77 41.7366
8777.78 42.7346
8789.79 43.7385
8801.8 44.7484
8813.81 45.7643
8825.83 46.7865
8837.84 47.815
8849.85 48.8499
8861.86 49.8914
8873.87 50.9395
8885.89 51.9944
8897.9 53.0561
8909.91 54.1248
8921.92 55.2007
8933.93 56.2837
8945.95 57.3742
8957.96 58.472
8969.97 59.5775
8981.98 60.6906
8993.99 61.8116
9006.01 62.9406
9018.02 64.0776
9030.03 65.2228
9042.04 66.3763
9054.05 67.5384
9066.07 68.7089
9078.08 69.8883
9090.09 71.0764
9102.1 72.2736
9114.11 73.4799
9126.13 74.6954
9138.14 75.9203
9150.15 77.1547
9162.16 78.3988
9174.17 79.6527
9186.19 80.9166
9198.2 82.1906
9210.21 83.4747
9222.22 84.7693
9234.23 86.0744
9246.25 87.3901
9258.26 88.7166
9270.27 90.0541
9282.28 91.4028
9294.29 92.7626
9306.31 94.1339
9318.32 95.5168
9330.33 96.9113
9342.34 98.3177
9354.35 99.7362
9366.37 101.167
9378.38 102.61
9390.39 104.065
9402.4 105.533
9414.41 107.014
9426.43 108.508
9438.44 110.015
9450.45 111.535
9462.46 113.069
9474.47 114.616
9486.49 116.177
9498.5 117.752
9510.51 119.341
9522.52 120.944
9534.53 122.562
9546.55 124.194
9558.56 125.841
9570.57 127.502
9582.58 129.179
9594.59 130.871
9606.61 132.578
9618.62 134.301
9630.63 136.039
9642.64 137.794
9654.65 139.564
9666.67 141.35
9678.68 143.153
9690.69 144.972
9702.7 146.808
9714.71 148.66
9726.73 150.529
9738.74 152.415
9750.75 154.319
9762.76 156.239
9774.77 158.177
9786.79 160.133
9798.8 162.106
9810.81 164.097
9822.82 166.107
9834.83 168.134
9846.85 170.179
9858.86 172.243
9870.87 174.325
9882.88 176.425
9894.89 178.544
9906.91 180.682
9918.92 182.839
9930.93 185.014
9942.94 187.208
9954.95 189.422
9966.97 191.654
9978.98 193.906
9990.99 196.177
10003 198.466
10015 200.776
10027 203.104
10039 205.452
10051.1 207.819
10063.1 210.205
10075.1 212.611
10087.1 215.036
10099.1 217.48
10111.1 219.943
10123.1 222.425
10135.1 224.927
10147.1 227.447
10159.2 229.986
10171.2 232.544
10183.2 235.121
10195.2 237.716
10207.2 240.33
10219.2 242.961
10231.2 245.611
10243.2 248.278
10255.3 250.963
10267.3 253.665
10279.3 256.385
10291.3 259.121
10303.3 261.874
10315.3 264.643
10327.3 267.427
10339.3 270.228
10351.4 273.043
10363.4 275.873
10375.4 278.718
10387.4 281.576
10399.4 284.448
10411.4 287.333
10423.4 290.23
10435.4 293.139
10447.4 296.059
10459.5 298.99
10471.5 301.931
10483.5 304.882
10495.5 307.842
10507.5 310.809
10519.5 313.784
10531.5 316.766
10543.5 319.753
10555.6 322.746
10567.6 325.743
10579.6 328.743
10591.6 331.746
10603.6 334.75
10615.6 337.755
10627.6 340.759
10639.6 343.762
10651.7 346.763
10663.7 349.76
10675.7 352.753
10687.7 355.74
10699.7 358.721
10711.7 361.693
10723.7 364.657
10735.7 367.61
10747.7 370.551
10759.8 373.48
10771.8 376.394
10783.8 379.294
10795.8 382.176
10807.8 385.04
10819.8 387.885
10831.8 390.709
10843.8 393.511
10855.9 396.289
10867.9 399.042
10879.9 401.769
10891.9 404.468
10903.9 407.137
10915.9 409.776
10927.9 412.382
10939.9 414.954
10952 417.492
10964 419.992
10976 422.455
10988 424.878
11000 427.26
11012 429.599
11024 431.895
11036 434.145
11048 436.349
11060.1 438.504
11072.1 440.61
11084.1 442.666
11096.1 444.669
11108.1 446.123
11120.1 445.892
11132.1 445.601
11144.1 445.248
11156.2 444.833
11168.2 444.354
11180.2 443.81
11192.2 443.2
11204.2 442.523
11216.2 442.646
11228.2 443.659
11240.2 444.606
11252.3 445.487
11264.3 446.3
11276.3 447.046
11288.3 447.724
11300.3 448.333
11312.3 448.873
11324.3 449.91
11336.3 451.109
11348.3 452.24
11360.4 453.301
11372.4 454.294
11384.4 455.217
11396.4 456.071
11408.4 456.856
11420.4 457.572
11432.4 456.803
11444.4 455.877
11456.5 454.879
11468.5 453.81
11480.5 452.67
11492.5 451.459
11504.5 450.178
11516.5 448.827
11528.5 447.676
11540.5 447.64
11552.6 447.539
11564.6 447.374
11576.6 447.146
11588.6 446.855
11600.6 446.503
11612.6 446.091
11624.6 445.619
11636.6 445.092
11648.6 444.512
11660.7 443.877
11672.7 443.185
11684.7 442.44
11696.7 441.642
11708.7 440.792
11720.7 439.892
11732.7 438.943
11744.7 437.447
11756.8 435.647
11768.8 433.8
11780.8 431.908
11792.8 429.972
11804.8 427.992
11816.8 425.972
11828.8 423.911
11840.8 421.811
11852.9 420.256
11864.9 418.734
11876.9 417.179
11888.9 415.591
11900.9 413.973
11912.9 412.326
11924.9 410.65
11936.9 408.948
11948.9 407.232
11961 405.571
11973 403.888
11985 402.183
11997 400.457
12009 398.713
12021 396.952
12033 395.174
12045 393.38
12057.1 391.826
12069.1 390.689
12081.1 389.541
12093.1 388.384
12105.1 387.219
12117.1 386.046
12129.1 384.867
12141.1 383.683
12153.2 382.494
12165.2 380.088
12177.2 376.883
12189.2 373.672
12201.2 370.457
12213.2 367.238
12225.2 364.016
12237.2 360.793
12249.2 357.568
12261.3 354.342
12273.3 353.052
12285.3 352.139
12297.3 351.232
12309.3 350.331
12321.3 349.439
12333.3 348.554
12345.3 347.679
12357.4 346.812
12369.4 345.802
12381.4 343.049
12393.4 340.302
12405.4 337.564
12417.4 334.833
12429.4 332.111
12441.4 329.398
12453.5 326.695
12465.5 324.002
12477.5 321.016
12489.5 317.381
12501.5 313.755
12513.5 310.138
12525.5 306.531
12537.5 302.934
12549.5 299.347
12561.6 295.771
12573.6 292.206
12585.6 288.823
12597.6 285.589
12609.6 282.366
12621.6 279.156
12633.6 275.958
12645.6 272.773
12657.7 269.6
12669.7 266.441
12681.7 263.294
12693.7 260.225
12705.7 257.186
12717.7 254.161
12729.7 251.149
12741.7 248.151
12753.8 245.166
12765.8 242.195
12777.8 239.238
12789.8 236.316
12801.8 234.302
12813.8 232.304
12825.8 230.321
12837.8 228.354
12849.8 226.403
12861.9 224.466
12873.9 222.546
12885.9 220.641
12897.9 218.84
12909.9 217.3
12921.9 215.776
12933.9 214.269
12945.9 212.777
12958 211.301
12970 209.841
12982 208.396
12994 206.968
13006 205.847
13018 205.036
13030 204.241
13042 203.462
13054.1 202.7
13066.1 201.954
13078.1 201.225
13090.1 200.511
13102.1 199.814
13114.1 198.656
13126.1 197.338
13138.1 196.036
13150.2 194.748
13162.2 193.474
13174.2 192.215
13186.2 190.97
13198.2 189.739
13210.2 188.522
13222.2 188.433
13234.2 188.387
13246.2 188.356
13258.3 188.342
13270.3 188.343
13282.3 188.359
13294.3 188.391
13306.3 188.438
13318.3 188.324
13330.3 187.556
13342.3 186.802
13354.4 186.061
13366.4 185.333
13378.4 184.619
13390.4 183.917
13402.4 183.228
13414.4 182.551
13426.4 181.461
13438.4 179.847
13450.5 178.244
13462.5 176.65
13474.5 175.068
13486.5 173.495
13498.5 171.933
13510.5 170.38
13522.5 168.837
13534.5 167.378
13546.5 165.963
13558.6 164.557
13570.6 163.161
13582.6 161.774
13594.6 160.396
13606.6 159.028
13618.6 157.669
13630.6 156.318
13642.6 154.788
13654.7 153.249
13666.7 151.718
13678.7 150.195
13690.7 148.68
13702.7 147.173
13714.7 145.674
13726.7 144.182
13738.7 142.787
13750.8 141.858
13762.8 140.938
13774.8 140.026
13786.8 139.122
13798.8 138.225
13810.8 137.336
13822.8 136.455
13834.8 135.581
13846.8 134.876
13858.9 134.425
13870.9 133.982
13882.9 133.547
13894.9 133.119
13906.9 132.699
13918.9 132.286
13930.9 131.88
13942.9 131.481
13955 131.299
13967 131.25
13979 131.208
13991 131.172
14003 131.144
14015 131.123
14027 131.108
14039 131.1
14051.1 131.098
14063.1 131.242
14075.1 131.413
14087.1 131.591
14099.1 131.774
14111.1 131.964
14123.1 132.16
14135.1 132.362
14147.1 132.569
14159.2 132.631
14171.2 131.408
14183.2 130.187
14195.2 128.969
14207.2 127.754
14219.2 126.542
14231.2 125.331
14243.2 124.124
14255.3 122.918
14267.3 121.606
14279.3 120.084
14291.3 118.563
14303.3 117.044
14315.3 115.526
14327.3 114.008
14339.3 112.491
14351.4 110.975
14363.4 109.459
14375.4 108.244
14387.4 107.247
14399.4 106.252
14411.4 105.257
14423.4 104.262
14435.4 103.269
14447.4 102.276
14459.5 101.283
14471.5 100.29
14483.5 99.2471
14495.5 98.1927
14507.5 97.1379
14519.5 96.0828
14531.5 95.0272
14543.5 93.9708
14555.6 92.9138
14567.6 91.8558
14579.6 90.8201
14591.6 90.1723
14603.6 89.5239
14615.6 88.8748
14627.6 88.225
14639.6 87.5741
14651.7 86.9223
14663.7 86.2692
14675.7 85.6149
14687.7 85.1625
14699.7 85.2063
14711.7 85.2496
14723.7 85.2923
14735.7 85.3344
14747.7 85.3756
14759.8 85.4158
14771.8 85.4551
14783.8 85.4932
14795.8 85.5196
14807.8 85.5351
14819.8 85.5491
14831.8 85.5616
14843.8 85.5723
14855.9 85.5812
14867.9 85.5882
14879.9 85.5932
14891.9 85.5961
14903.9 84.815
14915.9 83.7917
14927.9 82.7642
14939.9 81.7327
14952 80.6968
14964 79.6567
14976 78.6121
14988 77.563
15000 76.5093
15012 75.3336
15024 74.1529
15036 72.9672
15048 71.7763
15060.1 70.5801
15072.1 69.3787
15084.1 68.1718
15096.1 66.9594
15108.1 65.7675
15120.1 64.6555
15132.1 63.538
15144.1 62.4148
15156.2 61.2858
15168.2 60.1511
15180.2 59.0105
15192.2 57.8639
15204.2 56.7113
15216.2 55.7041
15228.2 54.8578
15240.2 54.0058
15252.3 53.1479
15264.3 52.2841
15276.3 51.4144
15288.3 50.5386
15300.3 49.6566
15312.3 48.7685
15324.3 48.1959
15336.3 47.7492
15348.3 47.2968
15360.4 46.8386
15372.4 46.3746
15384.4 45.9046
15396.4 45.4287
15408.4 44.9467
15420.4 44.4585
15432.4 44.4751
15444.4 44.5168
15456.5 44.553
15468.5 44.5837
15480.5 44.6087
15492.5 44.628
15504.5 44.6415
15516.5 44.6491
15528.5 44.5511
15540.5 44.0091
15552.6 43.4603
15564.6 42.9044
15576.6 42.3415
15588.6 41.7716
15600.6 41.1944
15612.6 40.61
15624.6 40.0183
15636.6 39.0502
15648.6 37.5628
15660.7 36.0665
15672.7 34.5612
15684.7 33.047
15696.7 31.5237
15708.7 29.9913
15720.7 28.4498
15732.7 26.899
15744.7 25.3636
15756.8 23.8315
15768.8 22.2901
15780.8 20.7393
15792.8 19.179
15804.8 17.6093
15816.8 16.0299
15828.8 14.441
15840.8 12.8424
15852.9 11.3595
15864.9 9.88172
15876.9 8.3944
15888.9 6.8975
15900.9 5.391
15912.9 3.87488
15924.9 2.34912
15936.9 0.8137
15948.9 -0.692976
15961 -1.94962
15973 -3.21549
15985 -4.49057
15997 -5.77485
16009 -7.06831
16021 -8.37093
16033 -9.68267
16045 -11.0035
16057.1 -12.1159
16069.1 -12.868
16081.1 -13.6282
16093.1 -14.3964
16105.1 -15.1724
16117.1 -15.9561
16129.1 -16.7476
16141.1 -17.5466
16153.2 -18.353
16165.2 -19.2873
16177.2 -20.3077
16189.2 -21.3354
16201.2 -22.3702
16213.2 -23.4118
16225.2 -24.4601
16237.2 -25.5149
16249.2 -26.5758
16261.3 -27.6427
16273.3 -29.4505
16285.3 -31.4064
16297.3 -33.3686
16309.3 -35.3368
16321.3 -37.3108
16333.3 -39.29
16345.3 -41.2742
16357.4 -43.263
16369.4 -45.2651
16381.4 -47.3765
16393.4 -49.4912
16405.4 -51.6088
16417.4 -53.7288
16429.4 -55.8506
16441.4 -57.9737
16453.5 -60.0975
16465.5 -62.2214
16477.5 -64.2525
16489.5 -66.0811
16501.5 -67.9073
16513.5 -69.7307
16525.5 -71.5504
16537.5 -73.3657
16549.5 -75.176
16561.6 -76.9803
16573.6 -78.7779
16585.6 -80.3356
16597.6 -81.6994
16609.6 -83.0533
16621.6 -84.3966
16633.6 -85.7284
16645.6 -87.0478
16657.7 -88.3539
16669.7 -89.6457
16681.7 -90.9223
16693.7 -91.8435
16705.7 -92.657
16717.7 -93.4519
16729.7 -94.2271
16741.7 -94.9818
16753.8 -95.715
16765.8 -96.4257
16777.8 -97.1129
16789.8 -97.7752
16801.8 -98.3888
16813.8 -98.9761
16825.8 -99.5362
16837.8 -100.068
16849.8 -100.571
16861.9 -101.044
16873.9 -101.486
16885.9 -101.896
16897.9 -102.481
16909.9 -103.604
16921.9 -104.693
16933.9 -105.749
16945.9 -106.77
16958 -107.757
16970 -108.708
16982 -109.624
16994 -110.502
17006 -111.423
17018 -112.385
17030 -113.31
17042 -114.196
17054.1 -115.045
17066.1 -115.854
17078.1 -116.625
17090.1 -117.358
17102.1 -118.051
17114.1 -118.525
17126.1 -118.894
17138.1 -119.224
17150.2 -119.515
17162.2 -119.766
17174.2 -119.979
17186.2 -120.154
17198.2 -120.291
17210.2 -120.389
17222.2 -120.167
17234.2 -119.901
17246.2 -119.597
17258.3 -119.258
17270.3 -118.882
17282.3 -118.472
17294.3 -118.027
17306.3 -117.549
17318.3 -117.001
17330.3 -116.283
17342.3 -115.534
17354.4 -114.754
17366.4 -113.944
17378.4 -113.104
17390.4 -112.236
17402.4 -111.341
17414.4 -110.419
17426.4 -109.56
17438.4 -108.788
17450.5 -107.993
17462.5 -107.175
17474.5 -106.336
17486.5 -105.475
17498.5 -104.595
17510.5 -103.695
17522.5 -102.778
17534.5 -102.145
17546.5 -101.634
17558.6 -101.108
17570.6 -100.569
17582.6 -100.016
17594.6 -99.4519
17606.6 -98.8763
17618.6 -98.2904
17630.6 -97.695
17642.6 -97.2596
17654.7 -96.8313
17666.7 -96.3961
17678.7 -95.9549
17690.7 -95.5082
17702.7 -95.0568
17714.7 -94.6015
17726.7 -94.1428
17738.7 -93.5358
17750.8 -92.1689
17762.8 -90.7994
17774.8 -89.4279
17786.8 -88.0549
17798.8 -86.681
17810.8 -85.3066
17822.8 -83.9324
17834.8 -82.5588
17846.8 -81.3493
17858.9 -80.3912
17870.9 -79.4355
17882.9 -78.4828
17894.9 -77.5333
17906.9 -76.5876
17918.9 -75.6459
17930.9 -74.7085
17942.9 -73.7758
17955 -72.848
17967 -71.9256
17979 -71.0086
17991 -70.0974
18003 -69.1922
18015 -68.2933
18027 -67.4008
18039 -66.5149
18051.1 -65.6358
18063.1 -64.7637
18075.1 -63.8988
18087.1 -63.0411
18099.1 -62.1907
18111.1 -61.3479
18123.1 -60.5128
18135.1 -59.6853
18147.1 -58.8656
18159.2 -58.0538
18171.2 -57.25
18183.2 -56.4542
18195.2 -55.6664
18207.2 -54.8868
18219.2 -54.1153
18231.2 -53.3519
18243.2 -52.5968
18255.3 -51.8498
18267.3 -51.1111
18279.3 -50.3805
18291.3 -49.6582
18303.3 -48.9441
18315.3 -48.2382
18327.3 -47.5405
18339.3 -46.8509
18351.4 -46.1694
18363.4 -45.4961
18375.4 -44.8308
18387.4 -44.1735
18399.4 -43.5242
18411.4 -42.8829
18423.4 -42.2494
18435.4 -41.6238
18447.4 -41.0059
18459.5 -40.3958
18471.5 -39.7934
18483.5 -39.1986
18495.5 -38.6114
18507.5 -38.0316
18519.5 -37.4593
18531.5 -36.8943
18543.5 -36.3367
18555.6 -35.7863
18567.6 -35.243
18579.6 -34.7069
18591.6 -34.1777
18603.6 -33.6556
18615.6 -33.1403
18627.6 -32.6318
18639.6 -32.13
18651.7 -31.635
18663.7 -31.1465
18675.7 -30.6645
18687.7 -30.189
18699.7 -29.7198
18711.7 -29.2569
18723.7 -28.8003
18735.7 -28.3498
18747.7 -27.9053
18759.8 -27.4669
18771.8 -27.0344
18783.8 -26.6077
18795.8 -26.1869
18807.8 -25.7717
18819.8 -25.3622
18831.8 -24.9582
18843.8 -24.5597
18855.9 -24.1667
18867.9 -23.779
18879.9 -23.3966
18891.9 -23.0194
18903.9 -22.6473
18915.9 -22.2803
18927.9 -21.9183
18939.9 -21.5613
18952 -21.2091
18964 -20.8618
18976 -20.5192
18988 -20.1812
19000 -19.8479
