7000 -194.638
7012.01 -193.615
7024.02 -192.419
7036.04 -191.055
7048.05 -189.53
7060.06 -187.849
7072.07 -186.019
7084.08 -184.047
7096.1 -181.941
7108.11 -179.707
7120.12 -177.354
7132.13 -174.89
7144.14 -172.324
7156.16 -169.662
7168.17 -166.914
7180.18 -164.087
7192.19 -161.19
7204.2 -158.229
7216.22 -155.213
7228.23 -152.148
7240.24 -149.042
7252.25 -145.901
7264.26 -142.731
7276.28 -139.538
7288.29 -136.328
7300.3 -133.107
7312.31 -129.878
7324.32 -126.646
7336.34 -123.416
7348.35 -120.191
7360.36 -116.975
7372.37 -113.77
7384.38 -110.581
7396.4 -107.408
7408.41 -104.255
7420.42 -101.123
7432.43 -98.0135
7444.44 -94.9285
7456.46 -91.8689
7468.47 -88.8357
7480.48 -85.8295
7492.49 -82.8509
7504.5 -79.9002
7516.52 -76.9775
7528.53 -74.1568
7540.54 -71.6933
7552.55 -69.2586
7564.56 -66.8523
7576.58 -64.4738
7588.59 -62.1226
7600.6 -59.7977
7612.61 -57.4983
7624.62 -55.2235
7636.64 -52.5917
7648.65 -49.457
7660.66 -46.3406
7672.67 -43.2411
7684.68 -40.1572
7696.7 -37.0875
7708.71 -34.0303
7720.72 -30.9843
7732.73 -27.9477
7744.74 -25.1337
7756.76 -22.4381
7768.77 -19.7478
7780.78 -17.061
7792.79 -14.3758
7804.8 -11.6903
7816.82 -9.00239
7828.83 -6.31021
7840.84 -3.61164
7852.85 -0.812039
7864.86 2.00941
7876.88 4.84395
7888.89 7.69378
7900.9 10.5611
7912.91 13.4482
7924.92 16.3572
7936.94 19.2903
7948.95 22.1827
7960.96 24.6585
7972.97 27.1634
7984.98 29.6996
7997 32.2689
8009.01 34.8733
8021.02 37.5144
8033.03 40.1939
8045.05 42.9129
8057.06 45.6474
8069.07 48.3803
8081.08 51.1546
8093.09 53.9703
8105.11 56.8266
8117.12 59.7225
8129.13 62.656
8141.14 65.6246
8153.15 68.6249
8165.17 71.9752
8177.18 75.5591
8189.19 79.1603
8201.2 82.7715
8213.21 86.3841
8225.23 89.9882
8237.24 93.573
8249.25 97.1263
8261.26 100.635
8273.27 103.859
8285.29 106.967
8297.3 109.983
8309.31 112.893
8321.32 115.68
8333.33 118.327
8345.35 120.819
8357.36 123.141
8369.37 125.28
8381.38 127.244
8393.39 129.003
8405.41 130.547
8417.42 131.873
8429.43 132.977
8441.44 133.86
8453.45 134.523
8465.47 134.973
8477.48 135.216
8489.49 135.264
8501.5 135.129
8513.51 134.823
8525.53 134.361
8537.54 133.76
8549.55 133.036
8561.56 132.205
8573.57 131.284
8585.59 130.288
8597.6 129.233
8609.61 128.134
8621.62 127.003
8633.63 125.855
8645.65 124.699
8657.66 123.547
8669.67 122.408
8681.68 121.29
8693.69 120.2
8705.71 119.145
8717.72 118.128
8729.73 117.155
8741.74 116.229
8753.75 115.353
8765.77 114.529
8777.78 113.759
8789.79 113.043
8801.8 112.383
8813.81 111.779
8825.83 111.23
8837.84 110.737
8849.85 110.299
8861.86 109.915
8873.87 109.584
8885.89 109.306
8897.9 109.08
8909.91 108.904
8921.92 108.777
8933.93 108.698
8945.95 108.666
8957.96 108.68
8969.97 108.737
8981.98 108.838
8993.99 108.981
9006.01 109.165
9018.02 109.389
9030.03 109.65
9042.04 109.95
9054.05 110.286
9066.07 110.657
9078.08 111.063
9090.09 111.502
9102.1 111.974
9114.11 112.478
9126.13 113.013
9138.14 113.578
9150.15 114.173
9162.16 114.797
9174.17 115.449
9186.19 116.128
9198.2 116.835
9210.21 117.568
9222.22 118.327
9234.23 119.112
9246.25 119.921
9258.26 120.756
9270.27 121.614
9282.28 122.497
9294.29 123.402
9306.31 124.331
9318.32 125.283
9330.33 126.258
9342.34 127.254
9354.35 128.273
9366.37 129.314
9378.38 130.376
9390.39 131.459
9402.4 132.564
9414.41 133.69
9426.43 134.837
9438.44 136.005
9450.45 137.193
9462.46 138.402
9474.47 139.631
9486.49 140.881
9498.5 142.151
9510.51 143.442
9522.52 144.753
9534.53 146.084
9546.55 147.435
9558.56 148.806
9570.57 150.197
9582.58 151.608
9594.59 153.04
9606.61 154.491
9618.62 155.963
9630.63 157.454
9642.64 158.966
9654.65 160.498
9666.67 162.05
9678.68 163.622
9690.69 165.215
9702.7 166.828
9714.71 168.461
9726.73 170.114
9738.74 171.788
9750.75 173.482
9762.76 175.197
9774.77 176.932
9786.79 178.688
9798.8 180.464
9810.81 182.261
9822.82 184.079
9834.83 185.918
9846.85 187.777
9858.86 189.657
9870.87 191.558
9882.88 193.48
9894.89 195.423
9906.91 197.386
9918.92 199.371
9930.93 201.377
9942.94 203.404
9954.95 205.452
9966.97 207.521
9978.98 209.611
9990.99 211.722
10003 213.854
10015 216.008
10027 218.182
10039 220.377
10051.1 222.594
10063.1 224.831
10075.1 227.089
10087.1 229.368
10099.1 231.667
10111.1 233.988
10123.1 236.328
10135.1 238.69
10147.1 241.071
10159.2 243.473
10171.2 245.895
10183.2 248.336
10195.2 250.798
10207.2 253.279
10219.2 255.779
10231.2 258.298
10243.2 260.836
10255.3 263.393
10267.3 265.968
10279.3 268.562
10291.3 271.173
10303.3 273.801
10315.3 276.446
10327.3 279.109
10339.3 281.787
10351.4 284.482
10363.4 287.192
10375.4 289.917
10387.4 292.656
10399.4 295.41
10411.4 298.177
10423.4 300.958
10435.4 303.751
10447.4 306.555
10459.5 309.371
10471.5 312.198
10483.5 315.034
10495.5 317.88
10507.5 320.734
10519.5 323.596
10531.5 326.465
10543.5 329.34
10555.6 332.22
10567.6 335.105
10579.6 337.994
10591.6 340.885
10603.6 343.778
10615.6 346.671
10627.6 349.565
10639.6 352.457
10651.7 355.346
10663.7 358.233
10675.7 361.114
10687.7 363.99
10699.7 366.859
10711.7 369.72
10723.7 372.572
10735.7 375.413
10747.7 378.242
10759.8 381.058
10771.8 383.86
10783.8 386.646
10795.8 389.415
10807.8 392.165
10819.8 394.896
10831.8 397.605
10843.8 400.291
10855.9 402.953
10867.9 405.59
10879.9 408.2
10891.9 410.781
10903.9 413.332
10915.9 415.851
10927.9 418.337
10939.9 420.789
10952 423.205
10964 425.583
10976 427.923
10988 430.222
11000 432.478
11012 434.692
11024 436.86
11036 438.983
11048 441.057
11060.1 443.082
11072.1 445.057
11084.1 446.98
11096.1 448.85
11108.1 450.529
11120.1 451.705
11132.1 452.822
11144.1 453.88
11156.2 454.878
11168.2 455.813
11180.2 456.686
11192.2 457.495
11204.2 458.239
11216.2 459.161
11228.2 460.287
11240.2 461.345
11252.3 462.337
11264.3 463.261
11276.3 464.116
11288.3 464.901
11300.3 465.617
11312.3 466.262
11324.3 468.145
11336.3 470.496
11348.3 472.779
11360.4 474.995
11372.4 477.142
11384.4 479.221
11396.4 481.231
11408.4 483.174
11420.4 485.048
11432.4 484.405
11444.4 483.543
11456.5 482.607
11468.5 481.599
11480.5 480.518
11492.5 479.365
11504.5 478.14
11516.5 476.844
11528.5 475.665
11540.5 475.24
11552.6 474.749
11564.6 474.191
11576.6 473.567
11588.6 472.879
11600.6 472.127
11612.6 471.313
11624.6 470.436
11636.6 469.541
11648.6 468.646
11660.7 467.692
11672.7 466.681
11684.7 465.613
11696.7 464.49
11708.7 463.314
11720.7 462.085
11732.7 460.805
11744.7 459.021
11756.8 456.955
11768.8 454.84
11780.8 452.678
11792.8 450.469
11804.8 448.216
11816.8 445.919
11828.8 443.581
11840.8 441.201
11852.9 439.13
11864.9 437.063
11876.9 434.96
11888.9 432.823
11900.9 430.652
11912.9 428.45
11924.9 426.218
11936.9 423.956
11948.9 421.647
11961 419.174
11973 416.676
11985 414.153
11997 411.608
12009 409.042
12021 406.455
12033 403.848
12045 401.224
12057.1 399.13
12069.1 397.949
12081.1 396.757
12093.1 395.554
12105.1 394.342
12117.1 393.122
12129.1 391.894
12141.1 390.661
12153.2 389.422
12165.2 386.857
12177.2 383.42
12189.2 379.977
12201.2 376.528
12213.2 373.075
12225.2 369.617
12237.2 366.157
12249.2 362.694
12261.3 359.229
12273.3 357.08
12285.3 355.188
12297.3 353.298
12309.3 351.414
12321.3 349.534
12333.3 347.66
12345.3 345.792
12357.4 343.931
12369.4 341.925
12381.4 338.181
12393.4 334.443
12405.4 330.709
12417.4 326.982
12429.4 323.261
12441.4 319.546
12453.5 315.839
12465.5 312.139
12477.5 308.83
12489.5 306.367
12501.5 303.914
12513.5 301.472
12525.5 299.043
12537.5 296.625
12549.5 294.219
12561.6 291.826
12573.6 289.445
12585.6 287.333
12597.6 285.439
12609.6 283.56
12621.6 281.694
12633.6 279.843
12645.6 278.007
12657.7 276.186
12669.7 274.38
12681.7 272.589
12693.7 268.388
12705.7 263.555
12717.7 258.731
12729.7 253.917
12741.7 249.112
12753.8 244.318
12765.8 239.533
12777.8 234.758
12789.8 230.037
12801.8 227.092
12813.8 224.159
12825.8 221.24
12837.8 218.334
12849.8 215.442
12861.9 212.564
12873.9 209.698
12885.9 206.846
12897.9 204.492
12909.9 203.486
12921.9 202.497
12933.9 201.524
12945.9 200.569
12958 199.629
12970 198.707
12982 197.8
12994 196.91
13006 195.587
13018 193.83
13030 192.087
13042 190.358
13054.1 188.644
13066.1 186.944
13078.1 185.258
13090.1 183.586
13102.1 181.928
13114.1 181.175
13126.1 180.76
13138.1 180.362
13150.2 179.979
13162.2 179.612
13174.2 179.26
13186.2 178.924
13198.2 178.603
13210.2 178.297
13222.2 177.006
13234.2 175.703
13246.2 174.413
13258.3 173.136
13270.3 171.872
13282.3 170.62
13294.3 169.381
13306.3 168.155
13318.3 166.662
13330.3 164.131
13342.3 161.61
13354.4 159.098
13366.4 156.596
13378.4 154.103
13390.4 151.619
13402.4 149.144
13414.4 146.678
13426.4 146.019
13438.4 147.629
13450.5 149.256
13462.5 150.898
13474.5 152.556
13486.5 154.229
13498.5 155.917
13510.5 157.621
13522.5 159.339
13534.5 158.991
13546.5 157.697
13558.6 156.413
13570.6 155.138
13582.6 153.872
13594.6 152.615
13606.6 151.367
13618.6 150.127
13630.6 148.896
13642.6 145.824
13654.7 142.594
13666.7 139.369
13678.7 136.149
13690.7 132.933
13702.7 129.721
13714.7 126.513
13726.7 123.309
13738.7 120.806
13750.8 121.933
13762.8 123.07
13774.8 124.219
13786.8 125.378
13798.8 126.548
13810.8 127.729
13822.8 128.921
13834.8 130.123
13846.8 130.129
13858.9 128.294
13870.9 126.465
13882.9 124.64
13894.9 122.82
13906.9 121.004
13918.9 119.192
13930.9 117.385
13942.9 115.582
13955 113.165
13967 110.385
13979 107.607
13991 104.832
14003 102.058
14015 99.2856
14027 96.5152
14039 93.7462
14051.1 90.9787
14063.1 91.4142
14075.1 92.3308
14087.1 93.2547
14099.1 94.1858
14111.1 95.1241
14123.1 96.0694
14135.1 97.0215
14147.1 97.9805
14159.2 98.9118
14171.2 99.5566
14183.2 100.207
14195.2 100.864
14207.2 101.526
14219.2 102.194
14231.2 102.867
14243.2 103.545
14255.3 104.229
14267.3 104.152
14279.3 102.58
14291.3 101.009
14303.3 99.4395
14315.3 97.8706
14327.3 96.3025
14339.3 94.735
14351.4 93.168
14363.4 91.6014
14375.4 89.6885
14387.4 87.5247
14399.4 85.36
14411.4 83.1942
14423.4 81.0273
14435.4 78.859
14447.4 76.6894
14459.5 74.5182
14471.5 72.3454
14483.5 70.2388
14495.5 68.1458
14507.5 66.051
14519.5 63.9543
14531.5 61.8554
14543.5 59.7544
14555.6 57.651
14567.6 55.5451
14579.6 53.5095
14591.6 52.6865
14603.6 51.8628
14615.6 51.0383
14627.6 50.2128
14639.6 49.3862
14651.7 48.5584
14663.7 47.7293
14675.7 46.8988
14687.7 46.2576
14699.7 46.0822
14711.7 45.906
14723.7 45.7288
14735.7 45.5507
14747.7 45.3713
14759.8 45.1907
14771.8 45.0086
14783.8 44.8249
14795.8 43.5486
14807.8 41.2776
14819.8 39.0012
14831.8 36.7193
14843.8 34.4317
14855.9 32.1382
14867.9 29.8388
14879.9 27.5332
14891.9 25.2214
14903.9 23.8532
14915.9 22.77
14927.9 21.6821
14939.9 20.5893
14952 19.4915
14964 18.3885
14976 17.2801
14988 16.1662
15000 15.0467
15012 16.3496
15024 17.6504
15036 18.9489
15048 20.245
15060.1 21.5385
15072.1 22.8291
15084.1 24.1168
15096.1 25.4013
15108.1 25.7242
15120.1 22.8985
15132.1 20.0625
15144.1 17.2162
15156.2 14.3594
15168.2 11.4917
15180.2 8.61319
15192.2 5.72352
15204.2 2.82254
15216.2 -0.562196
15228.2 -4.47994
15240.2 -8.41113
15252.3 -12.356
15264.3 -16.3146
15276.3 -20.2874
15288.3 -24.2743
15300.3 -28.2757
15312.3 -32.2917
15324.3 -34.2585
15336.3 -35.3919
15348.3 -36.5359
15360.4 -37.6909
15372.4 -38.857
15384.4 -40.0344
15396.4 -41.2233
15408.4 -42.4239
15420.4 -43.6364
15432.4 -44.4446
15444.4 -45.2395
15456.5 -46.0462
15468.5 -46.865
15480.5 -47.6961
15492.5 -48.5397
15504.5 -49.396
15516.5 -50.2653
15528.5 -51.164
15540.5 -52.148
15552.6 -53.1457
15564.6 -54.1573
15576.6 -55.1829
15588.6 -56.2228
15600.6 -57.2771
15612.6 -58.3461
15624.6 -59.4298
15636.6 -60.6568
15648.6 -62.0767
15660.7 -63.5124
15672.7 -64.9642
15684.7 -66.4321
15696.7 -67.9163
15708.7 -69.417
15720.7 -70.9343
15732.7 -72.4683
15744.7 -73.3396
15756.8 -73.8786
15768.8 -74.4331
15780.8 -75.0033
15792.8 -75.5892
15804.8 -76.1909
15816.8 -76.8085
15828.8 -77.442
15840.8 -78.0915
15852.9 -79.9357
15864.9 -81.9358
15876.9 -83.9538
15888.9 -85.9899
15900.9 -88.0439
15912.9 -90.1159
15924.9 -92.2056
15936.9 -94.3131
15948.9 -96.7386
15961 -101.213
15973 -105.707
15985 -110.223
15997 -114.759
16009 -119.315
16021 -123.891
16033 -128.486
16045 -133.101
16057.1 -137.397
16069.1 -141.139
16081.1 -144.897
16093.1 -148.671
16105.1 -152.461
16117.1 -156.266
16129.1 -160.086
16141.1 -163.921
16153.2 -167.768
16165.2 -169.812
16177.2 -170.678
16189.2 -171.551
16201.2 -172.43
16213.2 -173.313
16225.2 -174.201
16237.2 -175.092
16249.2 -175.986
16261.3 -176.88
16273.3 -176.512
16285.3 -175.897
16297.3 -175.278
16309.3 -174.653
16321.3 -174.021
16333.3 -173.381
16345.3 -172.731
16357.4 -172.069
16369.4 -171.569
16381.4 -173.033
16393.4 -174.485
16405.4 -175.922
16417.4 -177.343
16429.4 -178.747
16441.4 -180.131
16453.5 -181.495
16465.5 -182.835
16477.5 -184.376
16489.5 -186.383
16501.5 -188.362
16513.5 -190.312
16525.5 -192.231
16537.5 -194.116
16549.5 -195.967
16561.6 -197.78
16573.6 -199.554
16585.6 -202.033
16597.6 -205.065
16609.6 -208.053
16621.6 -210.997
16633.6 -213.894
16645.6 -216.743
16657.7 -219.541
16669.7 -222.287
16681.7 -224.979
16693.7 -228.783
16705.7 -232.841
16717.7 -236.843
16729.7 -240.786
16741.7 -244.67
16753.8 -248.492
16765.8 -252.253
16777.8 -255.949
16789.8 -259.524
16801.8 -260.694
16813.8 -261.795
16825.8 -262.824
16837.8 -263.782
16849.8 -264.667
16861.9 -265.48
16873.9 -266.22
16885.9 -266.886
16897.9 -266.683
16909.9 -264.213
16921.9 -261.665
16933.9 -259.039
16945.9 -256.335
16958 -253.553
16970 -250.695
16982 -247.761
16994 -244.75
17006 -242.474
17018 -240.936
17030 -239.326
17042 -237.646
17054.1 -235.898
17066.1 -234.082
17078.1 -232.2
17090.1 -230.253
17102.1 -228.243
17114.1 -227.734
17126.1 -227.736
17138.1 -227.682
17150.2 -227.573
17162.2 -227.412
17174.2 -227.201
17186.2 -226.94
17198.2 -226.633
17210.2 -226.28
17222.2 -226.631
17234.2 -226.961
17246.2 -227.252
17258.3 -227.506
17270.3 -227.725
17282.3 -227.912
17294.3 -228.067
17306.3 -228.193
17318.3 -228.293
17330.3 -228.374
17342.3 -228.431
17354.4 -228.466
17366.4 -228.481
17378.4 -228.478
17390.4 -228.457
17402.4 -228.422
17414.4 -228.373
17426.4 -227.481
17438.4 -225.534
17450.5 -223.576
17462.5 -221.607
17474.5 -219.63
17486.5 -217.646
17498.5 -215.657
17510.5 -213.662
17522.5 -211.665
17534.5 -208.025
17546.5 -203.629
17558.6 -199.23
17570.6 -194.828
17582.6 -190.426
17594.6 -186.024
17606.6 -181.624
17618.6 -177.225
17630.6 -172.828
17642.6 -169.51
17654.7 -166.292
17666.7 -163.08
17678.7 -159.876
17690.7 -156.68
17702.7 -153.492
17714.7 -150.314
17726.7 -147.145
17738.7 -144.422
17750.8 -143.971
17762.8 -143.534
17774.8 -143.113
17786.8 -142.708
17798.8 -142.318
17810.8 -141.946
17822.8 -141.589
17834.8 -141.25
17846.8 -140.38
17858.9 -138.686
17870.9 -137.009
17882.9 -135.347
17894.9 -133.702
17906.9 -132.072
17918.9 -130.46
17930.9 -128.863
17942.9 -127.284
17955 -125.721
17967 -124.174
17979 -122.645
17991 -121.132
18003 -119.636
18015 -118.157
18027 -116.695
18039 -115.249
18051.1 -113.82
18063.1 -112.408
18075.1 -111.013
18087.1 -109.634
18099.1 -108.271
18111.1 -106.925
18123.1 -105.596
18135.1 -104.282
18147.1 -102.985
18159.2 -101.704
18171.2 -100.438
18183.2 -99.1888
18195.2 -97.9549
18207.2 -96.7367
18219.2 -95.5338
18231.2 -94.3463
18243.2 -93.174
18255.3 -92.0166
18267.3 -90.8742
18279.3 -89.7465
18291.3 -88.6334
18303.3 -87.5347
18315.3 -86.4503
18327.3 -85.3801
18339.3 -84.3239
18351.4 -83.2815
18363.4 -82.2528
18375.4 -81.2377
18387.4 -80.2359
18399.4 -79.2473
18411.4 -78.2718
18423.4 -77.3092
18435.4 -76.3593
18447.4 -75.4221
18459.5 -74.4973
18471.5 -73.5847
18483.5 -72.6843
18495.5 -71.7959
18507.5 -70.9193
18519.5 -70.0544
18531.5 -69.2009
18543.5 -68.3589
18555.6 -67.528
18567.6 -66.7082
18579.6 -65.8994
18591.6 -65.1013
18603.6 -64.3138
18615.6 -63.5368
18627.6 -62.7702
18639.6 -62.0137
18651.7 -61.2673
18663.7 -60.5308
18675.7 -59.8041
18687.7 -59.0871
18699.7 -58.3795
18711.7 -57.6814
18723.7 -56.9924
18735.7 -56.3126
18747.7 -55.6418
18759.8 -54.9798
18771.8 -54.3266
18783.8 -53.682
18795.8 -53.0458
18807.8 -52.418
18819.8 -51.7985
18831.8 -51.1871
18843.8 -50.5837
18855.9 -49.9882
18867.9 -49.4005
18879.9 -48.8204
18891.9 -48.2479
18903.9 -47.6829
18915.9 -47.1252
18927.9 -46.5747
18939.9 -46.0314
18952 -45.4951
18964 -44.9657
18976 -44.4432
18988 -43.9274
19000 -43.4182
