7000 -49.0542
7012.01 -50.2567
7024.02 -51.4704
7036.04 -52.6937
7048.05 -53.9247
7060.06 -55.1615
7072.07 -56.4019
7084.08 -57.6438
7096.1 -58.8845
7108.11 -60.1215
7120.12 -61.3519
7132.13 -62.5729
7144.14 -63.7812
7156.16 -64.9735
7168.17 -66.1466
7180.18 -67.2968
7192.19 -68.4204
7204.2 -69.5138
7216.22 -70.5732
7228.23 -71.5946
7240.24 -72.5743
7252.25 -73.5082
7264.26 -74.3928
7276.28 -75.224
7288.29 -75.9984
7300.3 -76.7123
7312.31 -77.3625
7324.32 -77.9457
7336.34 -78.459
7348.35 -78.8998
7360.36 -79.2656
7372.37 -79.5545
7384.38 -79.7646
7396.4 -79.8946
7408.41 -79.9435
7420.42 -79.9107
7432.43 -79.7958
7444.44 -79.5991
7456.46 -79.3211
7468.47 -78.9626
7480.48 -78.525
7492.49 -78.0098
7504.5 -77.419
7516.52 -76.7549
7528.53 -76.1217
7540.54 -75.8739
7552.55 -75.5626
7564.56 -75.1912
7576.58 -74.763
7588.59 -74.2813
7600.6 -73.7497
7612.61 -73.1718
7624.62 -72.5514
7636.64 -71.4208
7648.65 -69.6044
7660.66 -67.7527
7672.67 -65.8692
7684.68 -63.9574
7696.7 -62.0204
7708.71 -60.0617
7720.72 -58.0841
7732.73 -56.0908
7744.74 -54.6753
7756.76 -53.5587
7768.77 -52.4371
7780.78 -51.3128
7792.79 -50.188
7804.8 -49.0646
7816.82 -47.9447
7828.83 -46.8298
7840.84 -45.7217
7852.85 -44.2117
7864.86 -42.6614
7876.88 -41.1203
7888.89 -39.5896
7900.9 -38.07
7912.91 -36.5625
7924.92 -35.0677
7936.94 -33.5863
7948.95 -32.1673
7960.96 -31.0841
7972.97 -30.0167
7984.98 -28.9654
7997 -27.9303
8009.01 -26.9118
8021.02 -25.9098
8033.03 -24.9244
8045.05 -23.9556
8057.06 -22.7815
8069.07 -21.2426
8081.08 -19.7181
8093.09 -18.208
8105.11 -16.7122
8117.12 -15.2303
8129.13 -13.7621
8141.14 -12.3075
8153.15 -10.8661
8165.17 -9.29241
8177.18 -7.63631
8189.19 -5.99183
8201.2 -4.35866
8213.21 -2.73647
8225.23 -1.12493
8237.24 0.476304
8249.25 2.06756
8261.26 3.6492
8273.27 5.06285
8285.29 6.43727
8297.3 7.80255
8309.31 9.15904
8321.32 10.5071
8333.33 11.847
8345.35 13.1792
8357.36 14.504
8369.37 15.7871
8381.38 16.6597
8393.39 17.5246
8405.41 18.3822
8417.42 19.2327
8429.43 20.0765
8441.44 20.9139
8453.45 21.7452
8465.47 22.5707
8477.48 23.3907
8489.49 24.2055
8501.5 25.0153
8513.51 25.8205
8525.53 26.6214
8537.54 27.4182
8549.55 28.2112
8561.56 29.0006
8573.57 29.7868
8585.59 30.57
8597.6 31.3504
8609.61 32.1283
8621.62 32.9039
8633.63 33.6775
8645.65 34.4494
8657.66 35.2197
8669.67 35.9887
8681.68 36.7567
8693.69 37.5238
8705.71 38.2903
8717.72 39.0564
8729.73 39.8223
8741.74 40.5882
8753.75 41.3544
8765.77 42.121
8777.78 42.8883
8789.79 43.6565
8801.8 44.4257
8813.81 45.1963
8825.83 45.9682
8837.84 46.7419
8849.85 47.5174
8861.86 48.295
8873.87 49.0748
8885.89 49.8571
8897.9 50.642
8909.91 51.4297
8921.92 52.2204
8933.93 53.0143
8945.95 53.8115
8957.96 54.6123
8969.97 55.4169
8981.98 56.2253
8993.99 57.0379
9006.01 57.8547
9018.02 58.676
9030.03 59.5019
9042.04 60.3326
9054.05 61.1683
9066.07 62.0092
9078.08 62.8554
9090.09 63.7071
9102.1 64.5645
9114.11 65.4278
9126.13 66.2971
9138.14 67.1727
9150.15 68.0546
9162.16 68.9431
9174.17 69.8384
9186.19 70.7406
9198.2 71.6499
9210.21 72.5665
9222.22 73.4905
9234.23 74.4222
9246.25 75.3617
9258.26 76.3092
9270.27 77.2649
9282.28 78.229
9294.29 79.2016
9306.31 80.1829
9318.32 81.1731
9330.33 82.1724
9342.34 83.181
9354.35 84.199
9366.37 85.2267
9378.38 86.2643
9390.39 87.3118
9402.4 88.3695
9414.41 89.4377
9426.43 90.5164
9438.44 91.6059
9450.45 92.7064
9462.46 93.8181
9474.47 94.9411
9486.49 96.0756
9498.5 97.2219
9510.51 98.3802
9522.52 99.5506
9534.53 100.733
9546.55 101.929
9558.56 103.137
9570.57 104.358
9582.58 105.592
9594.59 106.839
9606.61 108.1
9618.62 109.375
9630.63 110.663
9642.64 111.966
9654.65 113.283
9666.67 114.615
9678.68 115.962
9690.69 117.323
9702.7 118.7
9714.71 120.092
9726.73 121.5
9738.74 122.923
9750.75 124.363
9762.76 125.819
9774.77 127.291
9786.79 128.78
9798.8 130.285
9810.81 131.808
9822.82 133.348
9834.83 134.905
9846.85 136.48
9858.86 138.073
9870.87 139.684
9882.88 141.313
9894.89 142.961
9906.91 144.627
9918.92 146.312
9930.93 148.016
9942.94 149.739
9954.95 151.481
9966.97 153.243
9978.98 155.025
9990.99 156.827
10003 158.648
10015 160.49
10027 162.352
10039 164.235
10051.1 166.138
10063.1 168.062
10075.1 170.007
10087.1 171.972
10099.1 173.959
10111.1 175.967
10123.1 177.997
10135.1 180.048
10147.1 182.12
10159.2 184.214
10171.2 186.33
10183.2 188.467
10195.2 190.626
10207.2 192.806
10219.2 195.009
10231.2 197.232
10243.2 199.478
10255.3 201.745
10267.3 204.034
10279.3 206.345
10291.3 208.677
10303.3 211.03
10315.3 213.404
10327.3 215.8
10339.3 218.216
10351.4 220.653
10363.4 223.111
10375.4 225.589
10387.4 228.087
10399.4 230.605
10411.4 233.142
10423.4 235.699
10435.4 238.274
10447.4 240.868
10459.5 243.48
10471.5 246.109
10483.5 248.756
10495.5 251.419
10507.5 254.098
10519.5 256.792
10531.5 259.502
10543.5 262.226
10555.6 264.963
10567.6 267.714
10579.6 270.477
10591.6 273.251
10603.6 276.035
10615.6 278.83
10627.6 281.633
10639.6 284.444
10651.7 287.262
10663.7 290.086
10675.7 292.916
10687.7 295.748
10699.7 298.584
10711.7 301.421
10723.7 304.258
10735.7 307.095
10747.7 309.929
10759.8 312.759
10771.8 315.585
10783.8 318.404
10795.8 321.216
10807.8 324.018
10819.8 326.809
10831.8 329.588
10843.8 332.353
10855.9 335.102
10867.9 337.834
10879.9 340.547
10891.9 343.239
10903.9 345.909
10915.9 348.555
10927.9 351.175
10939.9 353.766
10952 356.328
10964 358.859
10976 361.356
10988 363.818
11000 366.243
11012 368.628
11024 370.973
11036 373.275
11048 375.532
11060.1 377.743
11072.1 379.905
11084.1 382.017
11096.1 384.076
11108.1 385.762
11120.1 386.343
11132.1 386.863
11144.1 387.32
11156.2 387.714
11168.2 388.043
11180.2 388.304
11192.2 388.497
11204.2 388.62
11216.2 389.377
11228.2 390.841
11240.2 392.235
11252.3 393.556
11264.3 394.803
11276.3 395.977
11288.3 397.074
11300.3 398.095
11312.3 399.039
11324.3 400.459
11336.3 402.028
11348.3 403.52
11360.4 404.933
11372.4 406.268
11384.4 407.523
11396.4 408.699
11408.4 409.796
11420.4 410.812
11432.4 410.377
11444.4 409.776
11456.5 409.093
11468.5 408.328
11480.5 407.481
11492.5 406.553
11504.5 405.544
11516.5 404.455
11528.5 403.475
11540.5 403.244
11552.6 402.938
11564.6 402.557
11576.6 402.102
11588.6 401.575
11600.6 400.976
11612.6 400.307
11624.6 399.569
11636.6 398.721
11648.6 397.748
11660.7 396.711
11672.7 395.61
11684.7 394.446
11696.7 393.223
11708.7 391.94
11720.7 390.6
11732.7 389.204
11744.7 387.176
11756.8 384.798
11768.8 382.368
11780.8 379.887
11792.8 377.357
11804.8 374.78
11816.8 372.158
11828.8 369.492
11840.8 366.784
11852.9 364.465
11864.9 362.158
11876.9 359.816
11888.9 357.44
11900.9 355.032
11912.9 352.593
11924.9 350.125
11936.9 347.63
11948.9 345.114
11961 342.603
11973 340.07
11985 337.517
11997 334.944
12009 332.354
12021 329.747
12033 327.125
12045 324.49
12057.1 322.072
12069.1 320.031
12081.1 317.982
12093.1 315.926
12105.1 313.864
12117.1 311.798
12129.1 309.729
12141.1 307.657
12153.2 305.584
12165.2 302.508
12177.2 298.775
12189.2 295.04
12201.2 291.305
12213.2 287.571
12225.2 283.838
12237.2 280.107
12249.2 276.379
12261.3 272.655
12273.3 270.854
12285.3 269.431
12297.3 268.019
12309.3 266.618
12321.3 265.229
12333.3 263.852
12345.3 262.488
12357.4 261.137
12369.4 259.736
12381.4 257.624
12393.4 255.524
12405.4 253.439
12417.4 251.367
12429.4 249.31
12441.4 247.268
12453.5 245.24
12465.5 243.228
12477.5 241.152
12489.5 238.916
12501.5 236.695
12513.5 234.491
12525.5 232.302
12537.5 230.13
12549.5 227.975
12561.6 225.836
12573.6 223.713
12585.6 221.375
12597.6 218.867
12609.6 216.375
12621.6 213.9
12633.6 211.441
12645.6 208.998
12657.7 206.572
12669.7 204.163
12681.7 201.77
12693.7 198.941
12705.7 196.009
12717.7 193.092
12729.7 190.19
12741.7 187.304
12753.8 184.433
12765.8 181.577
12777.8 178.736
12789.8 175.921
12801.8 173.516
12813.8 171.126
12825.8 168.753
12837.8 166.395
12849.8 164.052
12861.9 161.725
12873.9 159.413
12885.9 157.117
12897.9 154.827
12909.9 152.529
12921.9 150.247
12933.9 147.979
12945.9 145.725
12958 143.486
12970 141.261
12982 139.05
12994 136.853
13006 134.887
13018 133.152
13030 131.432
13042 129.725
13054.1 128.033
13066.1 126.355
13078.1 124.69
13090.1 123.039
13102.1 121.401
13114.1 119.429
13126.1 117.343
13138.1 115.269
13150.2 113.207
13162.2 111.157
13174.2 109.119
13186.2 107.092
13198.2 105.077
13210.2 103.072
13222.2 102.294
13234.2 101.558
13246.2 100.836
13258.3 100.126
13270.3 99.4292
13282.3 98.7449
13294.3 98.073
13306.3 97.4133
13318.3 96.7764
13330.3 96.1916
13342.3 95.6187
13354.4 95.0576
13366.4 94.508
13378.4 93.9699
13390.4 93.4432
13402.4 92.9276
13414.4 92.423
13426.4 92.0105
13438.4 91.7111
13450.5 91.4226
13462.5 91.1448
13474.5 90.8777
13486.5 90.6211
13498.5 90.3748
13510.5 90.1388
13522.5 89.9128
13534.5 89.1017
13546.5 88.026
13558.6 86.9585
13570.6 85.8991
13582.6 84.8474
13594.6 83.8036
13606.6 82.7673
13618.6 81.7385
13630.6 80.7171
13642.6 79.0446
13654.7 77.3201
13666.7 75.6013
13678.7 73.8882
13690.7 72.1805
13702.7 70.4782
13714.7 68.7811
13726.7 67.0891
13738.7 65.4183
13750.8 63.8365
13762.8 62.2597
13774.8 60.6877
13786.8 59.1204
13798.8 57.5577
13810.8 55.9995
13822.8 54.4456
13834.8 52.896
13846.8 51.4427
13858.9 50.1347
13870.9 48.8311
13882.9 47.5317
13894.9 46.2365
13906.9 44.9452
13918.9 43.6579
13930.9 42.3744
13942.9 41.0946
13955 39.9834
13967 38.9735
13979 37.9674
13991 36.9651
14003 35.9665
14015 34.9714
14027 33.9798
14039 32.9916
14051.1 32.0066
14063.1 31.144
14075.1 30.3023
14087.1 29.4638
14099.1 28.6285
14111.1 27.7963
14123.1 26.967
14135.1 26.1405
14147.1 25.3169
14159.2 24.5376
14171.2 24.1167
14183.2 23.6989
14195.2 23.2843
14207.2 22.8727
14219.2 22.4641
14231.2 22.0583
14243.2 21.6553
14255.3 21.255
14267.3 20.7458
14279.3 20.0211
14291.3 19.2982
14303.3 18.5772
14315.3 17.858
14327.3 17.1403
14339.3 16.4243
14351.4 15.7097
14363.4 14.9966
14375.4 14.0268
14387.4 12.8713
14399.4 11.7163
14411.4 10.5617
14423.4 9.40738
14435.4 8.25329
14447.4 7.09935
14459.5 5.94549
14471.5 4.79164
14483.5 3.32472
14495.5 1.78579
14507.5 0.246011
14519.5 -1.29468
14531.5 -2.83635
14543.5 -4.37907
14555.6 -5.9229
14567.6 -7.46793
14579.6 -9.02327
14591.6 -10.7311
14603.6 -12.4407
14615.6 -14.1519
14627.6 -15.8649
14639.6 -17.5798
14651.7 -19.2966
14663.7 -21.0154
14675.7 -22.7362
14687.7 -24.3706
14699.7 -25.7906
14711.7 -27.2123
14723.7 -28.6358
14735.7 -30.0612
14747.7 -31.4884
14759.8 -32.9176
14771.8 -34.3489
14783.8 -35.7822
14795.8 -36.8606
14807.8 -37.616
14819.8 -38.3727
14831.8 -39.1305
14843.8 -39.8896
14855.9 -40.6499
14867.9 -41.4117
14879.9 -42.1748
14891.9 -42.9395
14903.9 -43.0894
14915.9 -43.0518
14927.9 -43.0145
14939.9 -42.9776
14952 -42.9411
14964 -42.9051
14976 -42.8695
14988 -42.8346
15000 -42.8002
15012 -43.1767
15024 -43.5545
15036 -43.9338
15048 -44.3145
15060.1 -44.6966
15072.1 -45.0803
15084.1 -45.4655
15096.1 -45.8523
15108.1 -46.384
15120.1 -47.3879
15132.1 -48.3945
15144.1 -49.4038
15156.2 -50.4158
15168.2 -51.4306
15180.2 -52.4482
15192.2 -53.4686
15204.2 -54.4919
15216.2 -55.7099
15228.2 -57.1426
15240.2 -58.5789
15252.3 -60.0188
15264.3 -61.4623
15276.3 -62.9095
15288.3 -64.3603
15300.3 -65.8148
15312.3 -67.2729
15324.3 -68.6209
15336.3 -69.9258
15348.3 -71.2342
15360.4 -72.5461
15372.4 -73.8614
15384.4 -75.1803
15396.4 -76.5027
15408.4 -77.8285
15420.4 -79.1579
15432.4 -80.4811
15444.4 -81.8072
15456.5 -83.1368
15468.5 -84.4698
15480.5 -85.8063
15492.5 -87.1463
15504.5 -88.4897
15516.5 -89.8365
15528.5 -90.9754
15540.5 -91.1891
15552.6 -91.4043
15564.6 -91.6212
15576.6 -91.8395
15588.6 -92.0594
15600.6 -92.2807
15612.6 -92.5035
15624.6 -92.7276
15636.6 -92.9181
15648.6 -93.0615
15660.7 -93.206
15672.7 -93.3516
15684.7 -93.4981
15696.7 -93.6456
15708.7 -93.794
15720.7 -93.9433
15732.7 -94.0932
15744.7 -94.8228
15756.8 -95.8504
15768.8 -96.8798
15780.8 -97.911
15792.8 -98.9439
15804.8 -99.9784
15816.8 -101.014
15828.8 -102.052
15840.8 -103.091
15852.9 -105.048
15864.9 -107.116
15876.9 -109.187
15888.9 -111.259
15900.9 -113.334
15912.9 -115.412
15924.9 -117.491
15936.9 -119.572
15948.9 -121.657
15961 -123.764
15973 -125.872
15985 -127.981
15997 -130.091
16009 -132.202
16021 -134.314
16033 -136.426
16045 -138.539
16057.1 -140.483
16069.1 -142.138
16081.1 -143.792
16093.1 -145.445
16105.1 -147.097
16117.1 -148.748
16129.1 -150.397
16141.1 -152.043
16153.2 -153.688
16165.2 -154.931
16177.2 -155.91
16189.2 -156.885
16201.2 -157.856
16213.2 -158.822
16225.2 -159.784
16237.2 -160.741
16249.2 -161.692
16261.3 -162.638
16273.3 -162.9
16285.3 -163.024
16297.3 -163.141
16309.3 -163.25
16321.3 -163.35
16333.3 -163.442
16345.3 -163.525
16357.4 -163.598
16369.4 -163.747
16381.4 -164.854
16393.4 -165.953
16405.4 -167.043
16417.4 -168.122
16429.4 -169.192
16441.4 -170.252
16453.5 -171.301
16465.5 -172.339
16477.5 -173.533
16489.5 -175.081
16501.5 -176.617
16513.5 -178.142
16525.5 -179.654
16537.5 -181.153
16549.5 -182.639
16561.6 -184.111
16573.6 -185.57
16585.6 -186.877
16597.6 -188.062
16609.6 -189.231
16621.6 -190.383
16633.6 -191.519
16645.6 -192.637
16657.7 -193.738
16669.7 -194.821
16681.7 -195.885
16693.7 -196.658
16705.7 -197.339
16717.7 -198
16729.7 -198.639
16741.7 -199.257
16753.8 -199.854
16765.8 -200.427
16777.8 -200.978
16789.8 -201.488
16801.8 -201.268
16813.8 -201.024
16825.8 -200.753
16837.8 -200.457
16849.8 -200.133
16861.9 -199.782
16873.9 -199.403
16885.9 -198.996
16897.9 -198.552
16909.9 -198.053
16921.9 -197.526
16933.9 -196.968
16945.9 -196.379
16958 -195.76
16970 -195.11
16982 -194.428
16994 -193.713
17006 -193.375
17018 -193.413
17030 -193.419
17042 -193.393
17054.1 -193.335
17066.1 -193.243
17078.1 -193.119
17090.1 -192.961
17102.1 -192.77
17114.1 -192.751
17126.1 -192.772
17138.1 -192.76
17150.2 -192.715
17162.2 -192.635
17174.2 -192.522
17186.2 -192.376
17198.2 -192.196
17210.2 -191.982
17222.2 -191.416
17234.2 -190.81
17246.2 -190.169
17258.3 -189.496
17270.3 -188.789
17282.3 -188.051
17294.3 -187.28
17306.3 -186.478
17318.3 -185.6
17330.3 -184.523
17342.3 -183.416
17354.4 -182.279
17366.4 -181.115
17378.4 -179.923
17390.4 -178.704
17402.4 -177.46
17414.4 -176.192
17426.4 -174.922
17438.4 -173.658
17450.5 -172.374
17462.5 -171.071
17474.5 -169.75
17486.5 -168.412
17498.5 -167.06
17510.5 -165.695
17522.5 -164.318
17534.5 -163.013
17546.5 -161.738
17558.6 -160.457
17570.6 -159.172
17582.6 -157.886
17594.6 -156.6
17606.6 -155.316
17618.6 -154.037
17630.6 -152.764
17642.6 -151.805
17654.7 -150.885
17666.7 -149.977
17678.7 -149.085
17690.7 -148.21
17702.7 -147.354
17714.7 -146.519
17726.7 -145.708
17738.7 -144.872
17750.8 -143.805
17762.8 -142.766
17774.8 -141.756
17786.8 -140.777
17798.8 -139.831
17810.8 -138.918
17822.8 -138.039
17834.8 -137.197
17846.8 -136.384
17858.9 -135.599
17870.9 -134.852
17882.9 -134.143
17894.9 -133.472
17906.9 -132.84
17918.9 -132.246
17930.9 -131.691
17942.9 -131.174
17955 -130.695
17967 -130.252
17979 -129.847
17991 -129.477
18003 -129.141
18015 -128.84
18027 -128.571
18039 -128.334
18051.1 -128.127
18063.1 -127.949
18075.1 -127.799
18087.1 -127.675
18099.1 -127.576
18111.1 -127.499
18123.1 -127.445
18135.1 -127.41
18147.1 -127.395
18159.2 -127.396
18171.2 -127.412
18183.2 -127.443
18195.2 -127.486
18207.2 -127.541
18219.2 -127.604
18231.2 -127.676
18243.2 -127.755
18255.3 -127.839
18267.3 -127.927
18279.3 -128.019
18291.3 -128.112
18303.3 -128.205
18315.3 -128.299
18327.3 -128.39
18339.3 -128.48
18351.4 -128.566
18363.4 -128.648
18375.4 -128.726
18387.4 -128.797
18399.4 -128.862
18411.4 -128.921
18423.4 -128.971
18435.4 -129.014
18447.4 -129.048
18459.5 -129.074
18471.5 -129.09
18483.5 -129.096
18495.5 -129.092
18507.5 -129.078
18519.5 -129.054
18531.5 -129.019
18543.5 -128.973
18555.6 -128.917
18567.6 -128.849
18579.6 -128.771
18591.6 -128.681
18603.6 -128.58
18615.6 -128.468
18627.6 -128.345
18639.6 -128.211
18651.7 -128.067
18663.7 -127.911
18675.7 -127.745
18687.7 -127.568
18699.7 -127.38
18711.7 -127.183
18723.7 -126.975
18735.7 -126.757
18747.7 -126.53
18759.8 -126.293
18771.8 -126.046
18783.8 -125.79
18795.8 -125.526
18807.8 -125.252
18819.8 -124.97
18831.8 -124.679
18843.8 -124.38
18855.9 -124.073
18867.9 -123.759
18879.9 -123.437
18891.9 -123.107
18903.9 -122.771
18915.9 -122.427
18927.9 -122.077
18939.9 -121.721
18952 -121.358
18964 -120.99
18976 -120.615
18988 -120.235
19000 -119.849
