7000 -155.837
7012.01 -156.963
7024.02 -158.023
7036.04 -159.012
7048.05 -159.93
7060.06 -160.773
7072.07 -161.539
7084.08 -162.227
7096.1 -162.835
7108.11 -163.36
7120.12 -163.802
7132.13 -164.16
7144.14 -164.432
7156.16 -164.618
7168.17 -164.717
7180.18 -164.73
7192.19 -164.655
7204.2 -164.495
7216.22 -164.248
7228.23 -163.916
7240.24 -163.499
7252.25 -163
7264.26 -162.419
7276.28 -161.758
7288.29 -161.018
7300.3 -160.202
7312.31 -159.312
7324.32 -158.35
7336.34 -157.318
7348.35 -156.219
7360.36 -155.056
7372.37 -153.831
7384.38 -152.547
7396.4 -151.207
7408.41 -149.814
7420.42 -148.371
7432.43 -146.88
7444.44 -145.345
7456.46 -143.769
7468.47 -142.154
7480.48 -140.504
7492.49 -138.821
7504.5 -137.108
7516.52 -135.367
7528.53 -133.577
7540.54 -131.653
7552.55 -129.708
7564.56 -127.746
7576.58 -125.769
7588.59 -123.779
7600.6 -121.779
7612.61 -119.77
7624.62 -117.755
7636.64 -115.723
7648.65 -113.674
7660.66 -111.623
7672.67 -109.572
7684.68 -107.523
7696.7 -105.477
7708.71 -103.437
7720.72 -101.401
7732.73 -99.3734
7744.74 -97.6728
7756.76 -96.1483
7768.77 -94.6354
7780.78 -93.1347
7792.79 -91.6471
7804.8 -90.1733
7816.82 -88.7138
7828.83 -87.2693
7840.84 -85.8402
7852.85 -84.2079
7864.86 -82.5653
7876.88 -80.9386
7888.89 -79.3281
7900.9 -77.7339
7912.91 -76.1564
7924.92 -74.5956
7936.94 -73.0517
7948.95 -71.5184
7960.96 -69.9595
7972.97 -68.4176
7984.98 -66.8925
7997 -65.3844
8009.01 -63.893
8021.02 -62.4184
8033.03 -60.9603
8045.05 -59.5188
8057.06 -58.1656
8069.07 -56.9521
8081.08 -55.7552
8093.09 -54.5748
8105.11 -53.4106
8117.12 -52.2624
8129.13 -51.13
8141.14 -50.0133
8153.15 -48.9118
8165.17 -46.9799
8177.18 -44.5091
8189.19 -42.0487
8201.2 -39.5986
8213.21 -37.1584
8225.23 -34.7279
8237.24 -32.3068
8249.25 -29.8949
8261.26 -27.4918
8273.27 -26.7617
8285.29 -26.3577
8297.3 -25.9675
8309.31 -25.5907
8321.32 -25.2271
8333.33 -24.8765
8345.35 -24.5384
8357.36 -24.2128
8369.37 -23.8307
8381.38 -22.6612
8393.39 -21.5007
8405.41 -20.349
8417.42 -19.2057
8429.43 -18.0706
8441.44 -16.9435
8453.45 -15.824
8465.47 -14.7118
8477.48 -13.6068
8489.49 -12.5087
8501.5 -11.4171
8513.51 -10.3319
8525.53 -9.2527
8537.54 -8.17935
8549.55 -7.11155
8561.56 -6.04906
8573.57 -4.99164
8585.59 -3.93902
8597.6 -2.89096
8609.61 -1.84723
8621.62 -0.80758
8633.63 0.228232
8645.65 1.26044
8657.66 2.28928
8669.67 3.31499
8681.68 4.33779
8693.69 5.35793
8705.71 6.37562
8717.72 7.39109
8729.73 8.40457
8741.74 9.41628
8753.75 10.4264
8765.77 11.4353
8777.78 12.443
8789.79 13.4499
8801.8 14.456
8813.81 15.4617
8825.83 16.4672
8837.84 17.4726
8849.85 18.4782
8861.86 19.4842
8873.87 20.4909
8885.89 21.4983
8897.9 22.5067
8909.91 23.5164
8921.92 24.5275
8933.93 25.5402
8945.95 26.5548
8957.96 27.5714
8969.97 28.5903
8981.98 29.6117
8993.99 30.6357
9006.01 31.6627
9018.02 32.6926
9030.03 33.7259
9042.04 34.7627
9054.05 35.8031
9066.07 36.8475
9078.08 37.8959
9090.09 38.9487
9102.1 40.006
9114.11 41.068
9126.13 42.1349
9138.14 43.207
9150.15 44.2844
9162.16 45.3674
9174.17 46.4562
9186.19 47.5509
9198.2 48.6518
9210.21 49.7591
9222.22 50.873
9234.23 51.9937
9246.25 53.1215
9258.26 54.2565
9270.27 55.399
9282.28 56.5492
9294.29 57.7073
9306.31 58.8736
9318.32 60.0482
9330.33 61.2313
9342.34 62.4233
9354.35 63.6243
9366.37 64.8346
9378.38 66.0544
9390.39 67.2839
9402.4 68.5234
9414.41 69.773
9426.43 71.0331
9438.44 72.3038
9450.45 73.5855
9462.46 74.8783
9474.47 76.1825
9486.49 77.4983
9498.5 78.826
9510.51 80.1659
9522.52 81.5182
9534.53 82.883
9546.55 84.2608
9558.56 85.6518
9570.57 87.0561
9582.58 88.4741
9594.59 89.9061
9606.61 91.3522
9618.62 92.8129
9630.63 94.2882
9642.64 95.7786
9654.65 97.2842
9666.67 98.8054
9678.68 100.342
9690.69 101.895
9702.7 103.465
9714.71 105.051
9726.73 106.654
9738.74 108.274
9750.75 109.912
9762.76 111.568
9774.77 113.241
9786.79 114.933
9798.8 116.644
9810.81 118.373
9822.82 120.122
9834.83 121.89
9846.85 123.678
9858.86 125.486
9870.87 127.314
9882.88 129.163
9894.89 131.033
9906.91 132.924
9918.92 134.837
9930.93 136.771
9942.94 138.728
9954.95 140.706
9966.97 142.707
9978.98 144.731
9990.99 146.779
10003 148.849
10015 150.943
10027 153.061
10039 155.203
10051.1 157.37
10063.1 159.561
10075.1 161.777
10087.1 164.018
10099.1 166.284
10111.1 168.575
10123.1 170.892
10135.1 173.235
10147.1 175.604
10159.2 177.999
10171.2 180.42
10183.2 182.868
10195.2 185.342
10207.2 187.843
10219.2 190.37
10231.2 192.925
10243.2 195.506
10255.3 198.114
10267.3 200.748
10279.3 203.41
10291.3 206.098
10303.3 208.813
10315.3 211.555
10327.3 214.323
10339.3 217.117
10351.4 219.938
10363.4 222.785
10375.4 225.657
10387.4 228.555
10399.4 231.479
10411.4 234.427
10423.4 237.399
10435.4 240.396
10447.4 243.416
10459.5 246.459
10471.5 249.525
10483.5 252.613
10495.5 255.723
10507.5 258.853
10519.5 262.002
10531.5 265.172
10543.5 268.359
10555.6 271.564
10567.6 274.785
10579.6 278.022
10591.6 281.273
10603.6 284.538
10615.6 287.815
10627.6 291.103
10639.6 294.4
10651.7 297.706
10663.7 301.018
10675.7 304.336
10687.7 307.658
10699.7 310.982
10711.7 314.306
10723.7 317.629
10735.7 320.949
10747.7 324.264
10759.8 327.573
10771.8 330.872
10783.8 334.161
10795.8 337.437
10807.8 340.698
10819.8 343.941
10831.8 347.165
10843.8 350.366
10855.9 353.544
10867.9 356.694
10879.9 359.816
10891.9 362.906
10903.9 365.961
10915.9 368.98
10927.9 371.96
10939.9 374.897
10952 377.79
10964 380.636
10976 383.432
10988 386.175
11000 388.864
11012 391.495
11024 394.065
11036 396.573
11048 399.015
11060.1 401.39
11072.1 403.694
11084.1 405.926
11096.1 408.082
11108.1 409.443
11120.1 408.362
11132.1 407.194
11144.1 405.935
11156.2 404.583
11168.2 403.138
11180.2 401.597
11192.2 399.958
11204.2 398.221
11216.2 397.352
11228.2 397.452
11240.2 397.454
11252.3 397.356
11264.3 397.157
11276.3 396.858
11288.3 396.457
11300.3 395.953
11312.3 395.347
11324.3 395.478
11336.3 395.853
11348.3 396.127
11360.4 396.302
11372.4 396.376
11384.4 396.352
11396.4 396.229
11408.4 396.008
11420.4 395.69
11432.4 394.39
11444.4 392.94
11456.5 391.395
11468.5 389.756
11480.5 388.025
11492.5 386.203
11504.5 384.291
11516.5 382.293
11528.5 380.489
11540.5 379.831
11552.6 379.094
11564.6 378.282
11576.6 377.396
11588.6 376.438
11600.6 375.411
11612.6 374.317
11624.6 373.158
11636.6 371.989
11648.6 370.834
11660.7 369.621
11672.7 368.353
11684.7 367.034
11696.7 365.665
11708.7 364.248
11720.7 362.787
11732.7 361.284
11744.7 359.316
11756.8 357.092
11768.8 354.832
11780.8 352.538
11792.8 350.213
11804.8 347.858
11816.8 345.475
11828.8 343.068
11840.8 340.639
11852.9 338.602
11864.9 336.596
11876.9 334.574
11888.9 332.539
11900.9 330.492
11912.9 328.435
11924.9 326.371
11936.9 324.299
11948.9 322.208
11961 320.005
11973 317.8
11985 315.595
11997 313.391
12009 311.19
12021 308.994
12033 306.802
12045 304.618
12057.1 302.56
12069.1 300.715
12081.1 298.881
12093.1 297.058
12105.1 295.248
12117.1 293.451
12129.1 291.669
12141.1 289.903
12153.2 288.152
12165.2 285.319
12177.2 281.783
12189.2 278.261
12201.2 274.754
12213.2 271.264
12225.2 267.789
12237.2 264.331
12249.2 260.891
12261.3 257.468
12273.3 255.409
12285.3 253.63
12297.3 251.873
12309.3 250.138
12321.3 248.426
12333.3 246.736
12345.3 245.07
12357.4 243.426
12369.4 241.707
12381.4 238.881
12393.4 236.076
12405.4 233.292
12417.4 230.53
12429.4 227.789
12441.4 225.07
12453.5 222.372
12465.5 219.695
12477.5 216.962
12489.5 214.078
12501.5 211.216
12513.5 208.374
12525.5 205.553
12537.5 202.753
12549.5 199.974
12561.6 197.215
12573.6 194.476
12585.6 191.716
12597.6 188.943
12609.6 186.189
12621.6 183.456
12633.6 180.742
12645.6 178.047
12657.7 175.372
12669.7 172.716
12681.7 170.079
12693.7 167.418
12705.7 164.764
12717.7 162.128
12729.7 159.51
12741.7 156.911
12753.8 154.329
12765.8 151.765
12777.8 149.218
12789.8 146.708
12801.8 144.988
12813.8 143.286
12825.8 141.602
12837.8 139.936
12849.8 138.287
12861.9 136.657
12873.9 135.043
12885.9 133.447
12897.9 131.893
12909.9 130.425
12921.9 128.974
12933.9 127.539
12945.9 126.12
12958 124.718
12970 123.332
12982 121.961
12994 120.606
13006 119.574
13018 118.865
13030 118.172
13042 117.496
13054.1 116.835
13066.1 116.189
13078.1 115.559
13090.1 114.944
13102.1 114.344
13114.1 113.201
13126.1 111.87
13138.1 110.551
13150.2 109.246
13162.2 107.953
13174.2 106.672
13186.2 105.404
13198.2 104.147
13210.2 102.903
13222.2 102.354
13234.2 101.834
13246.2 101.327
13258.3 100.833
13270.3 100.351
13282.3 99.8814
13294.3 99.4237
13306.3 98.9778
13318.3 98.4098
13330.3 97.3479
13342.3 96.2963
13354.4 95.2547
13366.4 94.2232
13378.4 93.2014
13390.4 92.1894
13402.4 91.1869
13414.4 90.1938
13426.4 89.2828
13438.4 88.4727
13450.5 87.6718
13462.5 86.8801
13474.5 86.0974
13486.5 85.3236
13498.5 84.5585
13510.5 83.8021
13522.5 83.0541
13534.5 82.302
13546.5 81.5524
13558.6 80.8108
13570.6 80.0773
13582.6 79.3516
13594.6 78.6336
13606.6 77.9233
13618.6 77.2205
13630.6 76.5251
13642.6 75.6341
13654.7 74.7322
13666.7 73.8369
13678.7 72.9483
13690.7 72.066
13702.7 71.1902
13714.7 70.3206
13726.7 69.4572
13738.7 68.6466
13750.8 68.0847
13762.8 67.5292
13774.8 66.98
13786.8 66.437
13798.8 65.9
13810.8 65.3691
13822.8 64.8441
13834.8 64.3248
13846.8 63.812
13858.9 63.3059
13870.9 62.8054
13882.9 62.3103
13894.9 61.8207
13906.9 61.3363
13918.9 60.8571
13930.9 60.383
13942.9 59.914
13955 59.4426
13967 58.9716
13979 58.5054
13991 58.044
14003 57.5872
14015 57.1349
14027 56.6871
14039 56.2438
14051.1 55.8047
14063.1 55.4726
14075.1 55.16
14087.1 54.8518
14099.1 54.5478
14111.1 54.248
14123.1 53.9523
14135.1 53.6606
14147.1 53.373
14159.2 53.0589
14171.2 52.4901
14183.2 51.9245
14195.2 51.3622
14207.2 50.803
14219.2 50.2469
14231.2 49.6938
14243.2 49.1437
14255.3 48.5965
14267.3 47.9806
14279.3 47.2277
14291.3 46.4771
14303.3 45.7287
14315.3 44.9827
14327.3 44.2388
14339.3 43.497
14351.4 42.7573
14363.4 42.0196
14375.4 41.37
14387.4 40.7847
14399.4 40.2015
14411.4 39.6203
14423.4 39.0411
14435.4 38.4638
14447.4 37.8883
14459.5 37.3146
14471.5 36.7427
14483.5 36.2502
14495.5 35.7773
14507.5 35.306
14519.5 34.8365
14531.5 34.3685
14543.5 33.9021
14555.6 33.4372
14567.6 32.9738
14579.6 32.5156
14591.6 32.1243
14603.6 31.7344
14615.6 31.3458
14627.6 30.9585
14639.6 30.5725
14651.7 30.1876
14663.7 29.8038
14675.7 29.4211
14687.7 29.105
14699.7 28.9504
14711.7 28.797
14723.7 28.6449
14735.7 28.4939
14747.7 28.3441
14759.8 28.1953
14771.8 28.0474
14783.8 27.9005
14795.8 27.7004
14807.8 27.4518
14819.8 27.2038
14831.8 26.9563
14843.8 26.7094
14855.9 26.4628
14867.9 26.2166
14879.9 25.9707
14891.9 25.725
14903.9 25.3839
14915.9 25.0136
14927.9 24.6431
14939.9 24.2724
14952 23.9014
14964 23.5302
14976 23.1585
14988 22.7864
15000 22.4138
15012 21.9714
15024 21.5283
15036 21.0843
15048 20.6395
15060.1 20.1937
15072.1 19.747
15084.1 19.2991
15096.1 18.8501
15108.1 18.4208
15120.1 18.0591
15132.1 17.6961
15144.1 17.3319
15156.2 16.9662
15168.2 16.5992
15180.2 16.2306
15192.2 15.8605
15204.2 15.4887
15216.2 15.2485
15228.2 15.1537
15240.2 15.0574
15252.3 14.9596
15264.3 14.8602
15276.3 14.759
15288.3 14.6561
15300.3 14.5513
15312.3 14.4445
15324.3 14.3854
15336.3 14.3446
15348.3 14.3017
15360.4 14.2566
15372.4 14.2092
15384.4 14.1593
15396.4 14.107
15408.4 14.052
15420.4 13.9944
15432.4 14.1265
15444.4 14.2675
15456.5 14.4059
15468.5 14.5414
15480.5 14.6741
15492.5 14.8037
15504.5 14.9302
15516.5 15.0534
15528.5 15.0637
15540.5 14.589
15552.6 14.1098
15564.6 13.6259
15576.6 13.1373
15588.6 12.6438
15600.6 12.1452
15612.6 11.6415
15624.6 11.1326
15636.6 10.4348
15648.6 9.47704
15660.7 8.51291
15672.7 7.54228
15684.7 6.56499
15696.7 5.5809
15708.7 4.58986
15720.7 3.59172
15732.7 2.58633
15744.7 1.73579
15756.8 0.961051
15768.8 0.178957
15780.8 -0.61066
15792.8 -1.40797
15804.8 -2.21314
15816.8 -3.02634
15828.8 -3.84775
15840.8 -4.67754
15852.9 -5.4052
15864.9 -6.12846
15876.9 -6.86047
15888.9 -7.6014
15900.9 -8.35145
15912.9 -9.11081
15924.9 -9.87966
15936.9 -10.6582
15948.9 -11.4241
15961 -12.0472
15973 -12.6803
15985 -13.3237
15997 -13.9775
16009 -14.642
16021 -15.3173
16033 -16.0037
16045 -16.7013
16057.1 -17.3485
16069.1 -17.9021
16081.1 -18.4673
16093.1 -19.0445
16105.1 -19.6336
16117.1 -20.2351
16129.1 -20.849
16141.1 -21.4757
16153.2 -22.1152
16165.2 -23.146
16177.2 -24.4379
16189.2 -25.7443
16201.2 -27.0652
16213.2 -28.401
16225.2 -29.7517
16237.2 -31.1176
16249.2 -32.4989
16261.3 -33.8956
16273.3 -35.9051
16285.3 -38.0462
16297.3 -40.2043
16309.3 -42.3796
16321.3 -44.572
16333.3 -46.7817
16345.3 -49.0089
16357.4 -51.2534
16369.4 -53.4971
16381.4 -55.5482
16393.4 -57.6164
16405.4 -59.7019
16417.4 -61.8046
16429.4 -63.9244
16441.4 -66.0613
16453.5 -68.2152
16465.5 -70.3859
16477.5 -72.34
16489.5 -73.8013
16501.5 -75.2778
16513.5 -76.7692
16525.5 -78.2752
16537.5 -79.7954
16549.5 -81.3295
16561.6 -82.877
16573.6 -84.4375
16585.6 -85.7113
16597.6 -86.7581
16609.6 -87.8153
16621.6 -88.8822
16633.6 -89.9582
16645.6 -91.0423
16657.7 -92.1339
16669.7 -93.2319
16681.7 -94.3353
16693.7 -95.3143
16705.7 -96.2622
16717.7 -97.212
16729.7 -98.1624
16741.7 -99.1122
16753.8 -100.06
16765.8 -101.004
16777.8 -101.944
16789.8 -102.885
16801.8 -104.181
16813.8 -105.467
16825.8 -106.742
16837.8 -108.004
16849.8 -109.251
16861.9 -110.482
16873.9 -111.694
16885.9 -112.885
16897.9 -114.262
16909.9 -116.19
16921.9 -118.092
16933.9 -119.966
16945.9 -121.81
16958 -123.622
16970 -125.399
16982 -127.14
16994 -128.843
17006 -130.303
17018 -131.519
17030 -132.689
17042 -133.813
17054.1 -134.887
17066.1 -135.911
17078.1 -136.882
17090.1 -137.799
17102.1 -138.66
17114.1 -139.045
17126.1 -139.219
17138.1 -139.333
17150.2 -139.385
17162.2 -139.376
17174.2 -139.303
17186.2 -139.167
17198.2 -138.967
17210.2 -138.702
17222.2 -138.172
17234.2 -137.572
17246.2 -136.908
17258.3 -136.179
17270.3 -135.387
17282.3 -134.531
17294.3 -133.613
17306.3 -132.634
17318.3 -131.661
17330.3 -130.88
17342.3 -130.042
17354.4 -129.147
17366.4 -128.198
17378.4 -127.195
17390.4 -126.141
17402.4 -125.038
17414.4 -123.886
17426.4 -123.039
17438.4 -122.587
17450.5 -122.095
17462.5 -121.563
17474.5 -120.995
17486.5 -120.392
17498.5 -119.756
17510.5 -119.089
17522.5 -118.394
17534.5 -118.003
17546.5 -117.739
17558.6 -117.453
17570.6 -117.148
17582.6 -116.824
17594.6 -116.485
17606.6 -116.131
17618.6 -115.765
17630.6 -115.388
17642.6 -114.641
17654.7 -113.855
17666.7 -113.062
17678.7 -112.265
17690.7 -111.464
17702.7 -110.662
17714.7 -109.859
17726.7 -109.057
17738.7 -108.009
17750.8 -105.676
17762.8 -103.345
17774.8 -101.017
17786.8 -98.6939
17798.8 -96.3755
17810.8 -94.0629
17822.8 -91.7571
17834.8 -89.4587
17846.8 -87.5604
17858.9 -86.2718
17870.9 -84.9939
17882.9 -83.7272
17894.9 -82.4722
17906.9 -81.2294
17918.9 -79.9992
17930.9 -78.7819
17942.9 -77.5779
17955 -76.3874
17967 -75.2108
17979 -74.0482
17991 -72.8998
18003 -71.7659
18015 -70.6465
18027 -69.5417
18039 -68.4518
18051.1 -67.3766
18063.1 -66.3163
18075.1 -65.2708
18087.1 -64.2402
18099.1 -63.2245
18111.1 -62.2237
18123.1 -61.2376
18135.1 -60.2663
18147.1 -59.3096
18159.2 -58.3675
18171.2 -57.44
18183.2 -56.5267
18195.2 -55.6278
18207.2 -54.743
18219.2 -53.8722
18231.2 -53.0154
18243.2 -52.1722
18255.3 -51.3427
18267.3 -50.5266
18279.3 -49.7237
18291.3 -48.934
18303.3 -48.1573
18315.3 -47.3933
18327.3 -46.642
18339.3 -45.9031
18351.4 -45.1765
18363.4 -44.4621
18375.4 -43.7595
18387.4 -43.0687
18399.4 -42.3895
18411.4 -41.7216
18423.4 -41.065
18435.4 -40.4195
18447.4 -39.7848
18459.5 -39.1608
18471.5 -38.5474
18483.5 -37.9442
18495.5 -37.3513
18507.5 -36.7684
18519.5 -36.1953
18531.5 -35.632
18543.5 -35.0781
18555.6 -34.5335
18567.6 -33.9982
18579.6 -33.4719
18591.6 -32.9544
18603.6 -32.4457
18615.6 -31.9455
18627.6 -31.4537
18639.6 -30.9702
18651.7 -30.4947
18663.7 -30.0273
18675.7 -29.5676
18687.7 -29.1157
18699.7 -28.6713
18711.7 -28.2342
18723.7 -27.8045
18735.7 -27.3819
18747.7 -26.9663
18759.8 -26.5576
18771.8 -26.1556
18783.8 -25.7602
18795.8 -25.3714
18807.8 -24.9889
18819.8 -24.6128
18831.8 -24.2427
18843.8 -23.8788
18855.9 -23.5207
18867.9 -23.1685
18879.9 -22.822
18891.9 -22.4811
18903.9 -22.1457
18915.9 -21.8157
18927.9 -21.491
18939.9 -21.1716
18952 -20.8572
18964 -20.5479
18976 -20.2435
18988 -19.944
19000 -19.6492
