7000 -213.695
7012.01 -213.531
7024.02 -213.252
7036.04 -212.858
7048.05 -212.351
7060.06 -211.732
7072.07 -211.004
7084.08 -210.168
7096.1 -209.228
7108.11 -208.186
7120.12 -207.044
7132.13 -205.807
7144.14 -204.478
7156.16 -203.06
7168.17 -201.557
7180.18 -199.973
7192.19 -198.311
7204.2 -196.577
7216.22 -194.772
7228.23 -192.903
7240.24 -190.972
7252.25 -188.984
7264.26 -186.943
7276.28 -184.853
7288.29 -182.717
7300.3 -180.54
7312.31 -178.324
7324.32 -176.075
7336.34 -173.795
7348.35 -171.487
7360.36 -169.155
7372.37 -166.803
7384.38 -164.432
7396.4 -162.046
7408.41 -159.647
7420.42 -157.238
7432.43 -154.821
7444.44 -152.399
7456.46 -149.974
7468.47 -147.547
7480.48 -145.12
7492.49 -142.695
7504.5 -140.274
7516.52 -137.857
7528.53 -135.431
7540.54 -132.942
7552.55 -130.461
7564.56 -127.989
7576.58 -125.525
7588.59 -123.071
7600.6 -120.627
7612.61 -118.193
7624.62 -115.77
7636.64 -113.284
7648.65 -110.705
7660.66 -108.137
7672.67 -105.579
7684.68 -103.029
7696.7 -100.489
7708.71 -97.957
7720.72 -95.4328
7732.73 -92.9157
7744.74 -90.384
7756.76 -87.8466
7768.77 -85.3136
7780.78 -82.7838
7792.79 -80.2561
7804.8 -77.7294
7816.82 -75.2022
7828.83 -72.6731
7840.84 -70.1409
7852.85 -68.0344
7864.86 -65.9739
7876.88 -63.9068
7888.89 -61.8313
7900.9 -59.7459
7912.91 -57.6486
7924.92 -55.5376
7936.94 -53.4111
7948.95 -51.2401
7960.96 -48.8692
7972.97 -46.4768
7984.98 -44.0613
7997 -41.6211
8009.01 -39.1549
8021.02 -36.6616
8033.03 -34.1403
8045.05 -31.5904
8057.06 -29.3987
8069.07 -27.8437
8081.08 -26.2645
8093.09 -24.6629
8105.11 -23.0414
8117.12 -21.4033
8129.13 -19.753
8141.14 -18.0959
8153.15 -16.4389
8165.17 -13.6743
8177.18 -10.1964
8189.19 -6.74086
8201.2 -3.31973
8213.21 0.0538793
8225.23 3.36574
8237.24 6.60076
8249.25 9.74328
8261.26 12.7774
8273.27 14.994
8285.29 16.9391
8297.3 18.7288
8309.31 20.3509
8321.32 21.7951
8333.33 23.0539
8345.35 24.1222
8357.36 24.9982
8369.37 25.6878
8381.38 26.2457
8393.39 26.624
8405.41 26.8323
8417.42 26.8825
8429.43 26.7881
8441.44 26.5641
8453.45 26.2262
8465.47 25.7903
8477.48 25.2724
8489.49 24.688
8501.5 24.0519
8513.51 23.3778
8525.53 22.6786
8537.54 21.9654
8549.55 21.2487
8561.56 20.5372
8573.57 19.8386
8585.59 19.1594
8597.6 18.5049
8609.61 17.8796
8621.62 17.2868
8633.63 16.7293
8645.65 16.2091
8657.66 15.7274
8669.67 15.285
8681.68 14.8825
8693.69 14.5197
8705.71 14.1965
8717.72 13.9122
8729.73 13.6661
8741.74 13.4574
8753.75 13.285
8765.77 13.1479
8777.78 13.0449
8789.79 12.9749
8801.8 12.9366
8813.81 12.9289
8825.83 12.9506
8837.84 13.0005
8849.85 13.0775
8861.86 13.1805
8873.87 13.3084
8885.89 13.4602
8897.9 13.6348
8909.91 13.8314
8921.92 14.0491
8933.93 14.2871
8945.95 14.5444
8957.96 14.8204
8969.97 15.1143
8981.98 15.4254
8993.99 15.7532
9006.01 16.097
9018.02 16.4563
9030.03 16.8305
9042.04 17.2192
9054.05 17.6219
9066.07 18.0382
9078.08 18.4677
9090.09 18.91
9102.1 19.3648
9114.11 19.8318
9126.13 20.3107
9138.14 20.8013
9150.15 21.3033
9162.16 21.8165
9174.17 22.3407
9186.19 22.8758
9198.2 23.4216
9210.21 23.9779
9222.22 24.5446
9234.23 25.1217
9246.25 25.709
9258.26 26.3065
9270.27 26.9142
9282.28 27.5319
9294.29 28.1597
9306.31 28.7975
9318.32 29.4453
9330.33 30.1032
9342.34 30.7711
9354.35 31.4492
9366.37 32.1374
9378.38 32.8357
9390.39 33.5443
9402.4 34.2632
9414.41 34.9925
9426.43 35.7323
9438.44 36.4827
9450.45 37.2438
9462.46 38.0157
9474.47 38.7985
9486.49 39.5924
9498.5 40.3975
9510.51 41.214
9522.52 42.042
9534.53 42.8817
9546.55 43.7333
9558.56 44.5968
9570.57 45.4727
9582.58 46.3609
9594.59 47.2618
9606.61 48.1755
9618.62 49.1022
9630.63 50.0423
9642.64 50.9959
9654.65 51.9632
9666.67 52.9446
9678.68 53.9402
9690.69 54.9503
9702.7 55.9753
9714.71 57.0153
9726.73 58.0707
9738.74 59.1418
9750.75 60.2288
9762.76 61.3321
9774.77 62.4519
9786.79 63.5887
9798.8 64.7427
9810.81 65.9142
9822.82 67.1037
9834.83 68.3115
9846.85 69.5379
9858.86 70.7832
9870.87 72.048
9882.88 73.3325
9894.89 74.6371
9906.91 75.9623
9918.92 77.3085
9930.93 78.6759
9942.94 80.0652
9954.95 81.4766
9966.97 82.9107
9978.98 84.3678
9990.99 85.8485
10003 87.3531
10015 88.8821
10027 90.436
10039 92.0152
10051.1 93.6202
10063.1 95.2515
10075.1 96.9096
10087.1 98.595
10099.1 100.308
10111.1 102.049
10123.1 103.819
10135.1 105.619
10147.1 107.448
10159.2 109.307
10171.2 111.197
10183.2 113.118
10195.2 115.071
10207.2 117.056
10219.2 119.073
10231.2 121.124
10243.2 123.208
10255.3 125.327
10267.3 127.48
10279.3 129.668
10291.3 131.891
10303.3 134.15
10315.3 136.445
10327.3 138.777
10339.3 141.146
10351.4 143.552
10363.4 145.996
10375.4 148.477
10387.4 150.997
10399.4 153.555
10411.4 156.151
10423.4 158.786
10435.4 161.46
10447.4 164.172
10459.5 166.924
10471.5 169.713
10483.5 172.542
10495.5 175.408
10507.5 178.313
10519.5 181.256
10531.5 184.236
10543.5 187.253
10555.6 190.306
10567.6 193.395
10579.6 196.519
10591.6 199.677
10603.6 202.868
10615.6 206.091
10627.6 209.345
10639.6 212.629
10651.7 215.94
10663.7 219.278
10675.7 222.641
10687.7 226.027
10699.7 229.433
10711.7 232.859
10723.7 236.301
10735.7 239.757
10747.7 243.224
10759.8 246.7
10771.8 250.182
10783.8 253.666
10795.8 257.15
10807.8 260.629
10819.8 264.101
10831.8 267.561
10843.8 271.006
10855.9 274.431
10867.9 277.833
10879.9 281.206
10891.9 284.547
10903.9 287.851
10915.9 291.113
10927.9 294.328
10939.9 297.492
10952 300.599
10964 303.644
10976 306.622
10988 309.529
11000 312.359
11012 315.107
11024 317.768
11036 320.337
11048 322.809
11060.1 325.179
11072.1 327.444
11084.1 329.597
11096.1 331.636
11108.1 332.76
11120.1 331.15
11132.1 329.407
11144.1 327.526
11156.2 325.505
11168.2 323.34
11180.2 321.03
11192.2 318.572
11204.2 315.965
11216.2 314.338
11228.2 313.808
11240.2 313.131
11252.3 312.306
11264.3 311.334
11276.3 310.214
11288.3 308.947
11300.3 307.535
11312.3 305.979
11324.3 305.399
11336.3 305.138
11348.3 304.744
11360.4 304.218
11372.4 303.565
11384.4 302.787
11396.4 301.888
11408.4 300.872
11420.4 299.743
11432.4 298.206
11444.4 296.547
11456.5 294.786
11468.5 292.93
11480.5 290.983
11492.5 288.949
11504.5 286.833
11516.5 284.641
11528.5 282.58
11540.5 281.346
11552.6 280.051
11564.6 278.702
11576.6 277.302
11588.6 275.856
11600.6 274.369
11612.6 272.845
11624.6 271.288
11636.6 269.683
11648.6 268.027
11660.7 266.35
11672.7 264.657
11684.7 262.95
11696.7 261.235
11708.7 259.513
11720.7 257.789
11732.7 256.066
11744.7 253.739
11756.8 251.108
11768.8 248.483
11780.8 245.867
11792.8 243.263
11804.8 240.674
11816.8 238.1
11828.8 235.543
11840.8 233.007
11852.9 230.316
11864.9 227.627
11876.9 224.961
11888.9 222.321
11900.9 219.707
11912.9 217.121
11924.9 214.563
11936.9 212.034
11948.9 209.47
11961 206.496
11973 203.551
11985 200.638
11997 197.757
12009 194.907
12021 192.089
12033 189.303
12045 186.551
12057.1 183.734
12069.1 180.787
12081.1 177.872
12093.1 174.989
12105.1 172.139
12117.1 169.321
12129.1 166.536
12141.1 163.782
12153.2 161.061
12165.2 157.521
12177.2 153.455
12189.2 149.418
12201.2 145.409
12213.2 141.428
12225.2 137.474
12237.2 133.548
12249.2 129.649
12261.3 125.777
12273.3 122.611
12285.3 119.603
12297.3 116.623
12309.3 113.669
12321.3 110.742
12333.3 107.84
12345.3 104.965
12357.4 102.114
12369.4 99.3178
12381.4 96.8802
12393.4 94.4674
12405.4 92.0788
12417.4 89.7142
12429.4 87.373
12441.4 85.0549
12453.5 82.7594
12465.5 80.4862
12477.5 78.8398
12489.5 78.5357
12501.5 78.2564
12513.5 78.0015
12525.5 77.7706
12537.5 77.5633
12549.5 77.3793
12561.6 77.2181
12573.6 77.0795
12585.6 76.6518
12597.6 75.9973
12609.6 75.3631
12621.6 74.7488
12633.6 74.1543
12645.6 73.579
12657.7 73.0228
12669.7 72.4852
12681.7 71.9659
12693.7 71.2747
12705.7 70.5503
12717.7 69.8429
12729.7 69.1522
12741.7 68.4777
12753.8 67.8193
12765.8 67.1765
12777.8 66.5493
12789.8 65.9378
12801.8 65.3691
12813.8 64.815
12825.8 64.2754
12837.8 63.7498
12849.8 63.2382
12861.9 62.7402
12873.9 62.2556
12885.9 61.7841
12897.9 61.2361
12909.9 60.4538
12921.9 59.6834
12933.9 58.9245
12945.9 58.1771
12958 57.4408
12970 56.7154
12982 56.0008
12994 55.2967
13006 54.7311
13018 54.3041
13030 53.8876
13042 53.4813
13054.1 53.0851
13066.1 52.6987
13078.1 52.322
13090.1 51.9548
13102.1 51.597
13114.1 50.3573
13126.1 48.8013
13138.1 47.252
13150.2 45.7092
13162.2 44.1727
13174.2 42.6423
13186.2 41.1179
13198.2 39.5994
13210.2 38.0866
13222.2 36.6519
13234.2 35.2245
13246.2 33.8025
13258.3 32.3859
13270.3 30.9744
13282.3 29.568
13294.3 28.1665
13306.3 26.7697
13318.3 25.3997
13330.3 24.1173
13342.3 22.8395
13354.4 21.5663
13366.4 20.2974
13378.4 19.0328
13390.4 17.7724
13402.4 16.5161
13414.4 15.2637
13426.4 14.9687
13438.4 15.8772
13450.5 16.7932
13462.5 17.7166
13474.5 18.6473
13486.5 19.5852
13498.5 20.5303
13510.5 21.4823
13522.5 22.4413
13534.5 23.6169
13546.5 24.8959
13558.6 26.1822
13570.6 27.4756
13582.6 28.776
13594.6 30.0834
13606.6 31.3977
13618.6 32.7189
13630.6 34.0468
13642.6 34.6231
13654.7 35.138
13666.7 35.658
13678.7 36.183
13690.7 36.7129
13702.7 37.2477
13714.7 37.7873
13726.7 38.3315
13738.7 38.8489
13750.8 39.207
13762.8 39.5693
13774.8 39.9357
13786.8 40.3062
13798.8 40.6806
13810.8 41.059
13822.8 41.4412
13834.8 41.8271
13846.8 41.9696
13858.9 41.7366
13870.9 41.5061
13882.9 41.2781
13894.9 41.0525
13906.9 40.8293
13918.9 40.6083
13930.9 40.3896
13942.9 40.1732
13955 39.4986
13967 38.5535
13979 37.6092
13991 36.6656
14003 35.7228
14015 34.7805
14027 33.8388
14039 32.8976
14051.1 31.9569
14063.1 30.6377
14075.1 29.2621
14087.1 27.8861
14099.1 26.5097
14111.1 25.1327
14123.1 23.7551
14135.1 22.3769
14147.1 20.9981
14159.2 19.7318
14171.2 19.4325
14183.2 19.1343
14195.2 18.837
14207.2 18.5407
14219.2 18.2453
14231.2 17.9507
14243.2 17.657
14255.3 17.364
14267.3 17.2137
14279.3 17.3421
14291.3 17.4717
14303.3 17.6027
14315.3 17.7349
14327.3 17.8683
14339.3 18.0028
14351.4 18.1385
14363.4 18.2752
14375.4 18.3798
14387.4 18.4615
14399.4 18.544
14411.4 18.6272
14423.4 18.7112
14435.4 18.7959
14447.4 18.8813
14459.5 18.9672
14471.5 19.0537
14483.5 19.2016
14495.5 19.3641
14507.5 19.527
14519.5 19.6905
14531.5 19.8544
14543.5 20.0187
14555.6 20.1833
14567.6 20.3483
14579.6 20.4818
14591.6 20.0866
14603.6 19.6907
14615.6 19.2939
14627.6 18.8963
14639.6 18.4978
14651.7 18.0982
14663.7 17.6977
14675.7 17.2961
14687.7 16.7007
14699.7 15.6323
14711.7 14.5615
14723.7 13.4885
14735.7 12.4129
14747.7 11.3349
14759.8 10.2544
14771.8 9.17131
14783.8 8.08555
14795.8 6.95714
14807.8 5.7896
14819.8 4.61912
14831.8 3.44563
14843.8 2.26907
14855.9 1.08938
14867.9 -0.0935048
14879.9 -1.27964
14891.9 -2.4691
14903.9 -2.97884
14915.9 -3.28234
14927.9 -3.58793
14939.9 -3.89567
14952 -4.20564
14964 -4.5179
14976 -4.83253
14988 -5.1496
15000 -5.46919
15012 -5.28332
15024 -5.09932
15036 -4.91725
15048 -4.73719
15060.1 -4.55924
15072.1 -4.38347
15084.1 -4.20996
15096.1 -4.03881
15108.1 -3.87259
15120.1 -3.71707
15132.1 -3.56418
15144.1 -3.41403
15156.2 -3.26671
15168.2 -3.12232
15180.2 -2.98096
15192.2 -2.84273
15204.2 -2.70772
15216.2 -2.56519
15228.2 -2.41411
15240.2 -2.26654
15252.3 -2.12261
15264.3 -1.98242
15276.3 -1.8461
15288.3 -1.71376
15300.3 -1.58553
15312.3 -1.46153
15324.3 -1.63116
15336.3 -1.92418
15348.3 -2.22247
15360.4 -2.52615
15372.4 -2.83537
15384.4 -3.15027
15396.4 -3.47099
15408.4 -3.79769
15420.4 -4.13052
15432.4 -4.92859
15444.4 -5.76136
15456.5 -6.6015
15468.5 -7.44916
15480.5 -8.30452
15492.5 -9.16776
15504.5 -10.039
15516.5 -10.9186
15528.5 -11.8081
15540.5 -12.713
15552.6 -13.6268
15564.6 -14.5495
15576.6 -15.4815
15588.6 -16.423
15600.6 -17.3741
15612.6 -18.335
15624.6 -19.306
15636.6 -20.1707
15648.6 -20.8839
15660.7 -21.6075
15672.7 -22.3416
15684.7 -23.0867
15696.7 -23.8428
15708.7 -24.6103
15720.7 -25.3895
15732.7 -26.1806
15744.7 -26.992
15756.8 -27.8201
15768.8 -28.661
15780.8 -29.515
15792.8 -30.3823
15804.8 -31.2634
15816.8 -32.1585
15828.8 -33.0678
15840.8 -33.9919
15852.9 -34.9803
15864.9 -35.99
15876.9 -37.0154
15888.9 -38.0569
15900.9 -39.1149
15912.9 -40.1898
15924.9 -41.2819
15936.9 -42.3916
15948.9 -43.5343
15961 -44.7975
15973 -46.0796
15985 -47.3811
15997 -48.7024
16009 -50.0438
16021 -51.4058
16033 -52.7889
16045 -54.1934
16057.1 -55.6819
16069.1 -57.2983
16081.1 -58.9377
16093.1 -60.6006
16105.1 -62.2873
16117.1 -63.9983
16129.1 -65.7341
16141.1 -67.4951
16153.2 -69.2818
16165.2 -71.2915
16177.2 -73.4569
16189.2 -75.6497
16201.2 -77.8703
16213.2 -80.1192
16225.2 -82.3967
16237.2 -84.7032
16249.2 -87.039
16261.3 -89.4046
16273.3 -91.575
16285.3 -93.732
16297.3 -95.9193
16309.3 -98.1372
16321.3 -100.386
16333.3 -102.665
16345.3 -104.976
16357.4 -107.318
16369.4 -109.681
16381.4 -111.949
16393.4 -114.248
16405.4 -116.578
16417.4 -118.94
16429.4 -121.332
16441.4 -123.755
16453.5 -126.208
16465.5 -128.691
16477.5 -131.032
16489.5 -133.03
16501.5 -135.056
16513.5 -137.107
16525.5 -139.185
16537.5 -141.287
16549.5 -143.413
16561.6 -145.561
16573.6 -147.73
16585.6 -149.659
16597.6 -151.399
16609.6 -153.153
16621.6 -154.921
16633.6 -156.701
16645.6 -158.489
16657.7 -160.284
16669.7 -162.083
16681.7 -163.883
16693.7 -165.599
16705.7 -167.288
16717.7 -168.97
16729.7 -170.639
16741.7 -172.293
16753.8 -173.929
16765.8 -175.541
16777.8 -177.127
16789.8 -178.684
16801.8 -180.279
16813.8 -181.835
16825.8 -183.347
16837.8 -184.81
16849.8 -186.22
16861.9 -187.573
16873.9 -188.863
16885.9 -190.086
16897.9 -191.28
16909.9 -192.516
16921.9 -193.671
16933.9 -194.741
16945.9 -195.723
16958 -196.611
16970 -197.403
16982 -198.095
16994 -198.683
17006 -199.38
17018 -200.184
17030 -200.876
17042 -201.455
17054.1 -201.918
17066.1 -202.265
17078.1 -202.493
17090.1 -202.603
17102.1 -202.593
17114.1 -202.658
17126.1 -202.676
17138.1 -202.575
17150.2 -202.359
17162.2 -202.028
17174.2 -201.585
17186.2 -201.031
17198.2 -200.37
17210.2 -199.604
17222.2 -198.752
17234.2 -197.802
17246.2 -196.757
17258.3 -195.622
17270.3 -194.4
17282.3 -193.095
17294.3 -191.712
17306.3 -190.255
17318.3 -188.76
17330.3 -187.319
17342.3 -185.817
17354.4 -184.26
17366.4 -182.651
17378.4 -180.996
17390.4 -179.298
17402.4 -177.562
17414.4 -175.791
17426.4 -174.235
17438.4 -172.96
17450.5 -171.663
17462.5 -170.349
17474.5 -169.021
17486.5 -167.683
17498.5 -166.337
17510.5 -164.987
17522.5 -163.636
17534.5 -162.228
17546.5 -160.796
17558.6 -159.371
17570.6 -157.955
17582.6 -156.55
17594.6 -155.158
17606.6 -153.781
17618.6 -152.421
17630.6 -151.08
17642.6 -149.775
17654.7 -148.492
17666.7 -147.232
17678.7 -145.996
17690.7 -144.783
17702.7 -143.597
17714.7 -142.436
17726.7 -141.302
17738.7 -139.68
17750.8 -135.401
17762.8 -131.147
17774.8 -126.917
17786.8 -122.712
17798.8 -118.531
17810.8 -114.376
17822.8 -110.246
17834.8 -106.14
17846.8 -102.996
17858.9 -101.31
17870.9 -99.6527
17882.9 -98.0234
17894.9 -96.422
17906.9 -94.8484
17918.9 -93.3023
17930.9 -91.7836
17942.9 -90.2919
17955 -88.827
17967 -87.3886
17979 -85.9764
17991 -84.59
18003 -83.2292
18015 -81.8935
18027 -80.5825
18039 -79.2961
18051.1 -78.0337
18063.1 -76.795
18075.1 -75.5796
18087.1 -74.3871
18099.1 -73.2171
18111.1 -72.0693
18123.1 -70.9433
18135.1 -69.8386
18147.1 -68.7549
18159.2 -67.6918
18171.2 -66.6489
18183.2 -65.6259
18195.2 -64.6223
18207.2 -63.6378
18219.2 -62.672
18231.2 -61.7246
18243.2 -60.7951
18255.3 -59.8832
18267.3 -58.9887
18279.3 -58.111
18291.3 -57.2499
18303.3 -56.4051
18315.3 -55.5762
18327.3 -54.7628
18339.3 -53.9648
18351.4 -53.1816
18363.4 -52.4131
18375.4 -51.659
18387.4 -50.9188
18399.4 -50.1924
18411.4 -49.4795
18423.4 -48.7797
18435.4 -48.0928
18447.4 -47.4185
18459.5 -46.7566
18471.5 -46.1067
18483.5 -45.4688
18495.5 -44.8424
18507.5 -44.2273
18519.5 -43.6233
18531.5 -43.0303
18543.5 -42.4478
18555.6 -41.8758
18567.6 -41.314
18579.6 -40.7621
18591.6 -40.2201
18603.6 -39.6876
18615.6 -39.1645
18627.6 -38.6505
18639.6 -38.1456
18651.7 -37.6494
18663.7 -37.1618
18675.7 -36.6827
18687.7 -36.2118
18699.7 -35.749
18711.7 -35.2942
18723.7 -34.847
18735.7 -34.4075
18747.7 -33.9754
18759.8 -33.5507
18771.8 -33.133
18783.8 -32.7223
18795.8 -32.3185
18807.8 -31.9214
18819.8 -31.5309
18831.8 -31.1468
18843.8 -30.769
18855.9 -30.3974
18867.9 -30.0319
18879.9 -29.6723
18891.9 -29.3185
18903.9 -28.9705
18915.9 -28.628
18927.9 -28.291
18939.9 -27.9594
18952 -27.633
18964 -27.3118
18976 -26.9957
18988 -26.6845
19000 -26.3782
