7000 -90.9745
7012.01 -93.0981
7024.02 -95.1336
7036.04 -97.0677
7048.05 -98.887
7060.06 -100.578
7072.07 -102.128
7084.08 -103.525
7096.1 -104.757
7108.11 -105.812
7120.12 -106.681
7132.13 -107.356
7144.14 -107.829
7156.16 -108.096
7168.17 -108.151
7180.18 -107.993
7192.19 -107.622
7204.2 -107.039
7216.22 -106.247
7228.23 -105.251
7240.24 -104.057
7252.25 -102.674
7264.26 -101.11
7276.28 -99.3761
7288.29 -97.4824
7300.3 -95.441
7312.31 -93.2641
7324.32 -90.9643
7336.34 -88.5544
7348.35 -86.0469
7360.36 -83.4544
7372.37 -80.7889
7384.38 -78.0621
7396.4 -75.2854
7408.41 -72.4692
7420.42 -69.6234
7432.43 -66.7573
7444.44 -63.8794
7456.46 -60.9974
7468.47 -58.1183
7480.48 -55.2486
7492.49 -52.3937
7504.5 -49.5587
7516.52 -46.7477
7528.53 -43.9844
7540.54 -41.3401
7552.55 -38.7297
7564.56 -36.1553
7576.58 -33.6186
7588.59 -31.1208
7600.6 -28.6628
7612.61 -26.2452
7624.62 -23.8682
7636.64 -21.4914
7648.65 -19.0993
7660.66 -16.7467
7672.67 -14.4329
7684.68 -12.157
7696.7 -9.91803
7708.71 -7.71485
7720.72 -5.54619
7732.73 -3.41067
7744.74 -1.32856
7756.76 0.712045
7768.77 2.72405
7780.78 4.70914
7792.79 6.66907
7804.8 8.60565
7816.82 10.5207
7828.83 12.4163
7840.84 14.2941
7852.85 16.5269
7864.86 18.7911
7876.88 21.045
7888.89 23.2909
7900.9 25.5309
7912.91 27.7672
7924.92 30.0021
7936.94 32.238
7948.95 34.386
7960.96 35.9367
7972.97 37.4935
7984.98 39.0587
7997 40.6349
8009.01 42.2245
8021.02 43.83
8033.03 45.454
8045.05 47.0986
8057.06 48.9739
8069.07 51.2312
8081.08 53.5173
8093.09 55.834
8105.11 58.1827
8117.12 60.5644
8129.13 62.9794
8141.14 65.4276
8153.15 67.9079
8165.17 70.1273
8177.18 72.1832
8189.19 74.2605
8201.2 76.3536
8213.21 78.4551
8225.23 80.5562
8237.24 82.6461
8249.25 84.7126
8261.26 86.7415
8273.27 89.1127
8285.29 91.4899
8297.3 93.7817
8309.31 95.9708
8321.32 98.0404
8333.33 99.975
8345.35 101.761
8357.36 103.388
8369.37 104.833
8381.38 105.92
8393.39 106.837
8405.41 107.587
8417.42 108.179
8429.43 108.624
8441.44 108.936
8453.45 109.13
8465.47 109.224
8477.48 109.236
8489.49 109.183
8501.5 109.081
8513.51 108.947
8525.53 108.795
8537.54 108.639
8549.55 108.488
8561.56 108.353
8573.57 108.242
8585.59 108.161
8597.6 108.115
8609.61 108.109
8621.62 108.144
8633.63 108.224
8645.65 108.349
8657.66 108.52
8669.67 108.737
8681.68 109
8693.69 109.307
8705.71 109.659
8717.72 110.054
8729.73 110.492
8741.74 110.969
8753.75 111.487
8765.77 112.042
8777.78 112.634
8789.79 113.262
8801.8 113.924
8813.81 114.62
8825.83 115.347
8837.84 116.104
8849.85 116.892
8861.86 117.708
8873.87 118.553
8885.89 119.424
8897.9 120.321
8909.91 121.243
8921.92 122.19
8933.93 123.161
8945.95 124.156
8957.96 125.173
8969.97 126.212
8981.98 127.274
8993.99 128.356
9006.01 129.46
9018.02 130.584
9030.03 131.728
9042.04 132.893
9054.05 134.077
9066.07 135.28
9078.08 136.503
9090.09 137.745
9102.1 139.006
9114.11 140.285
9126.13 141.583
9138.14 142.9
9150.15 144.235
9162.16 145.589
9174.17 146.96
9186.19 148.35
9198.2 149.759
9210.21 151.185
9222.22 152.63
9234.23 154.093
9246.25 155.574
9258.26 157.074
9270.27 158.592
9282.28 160.128
9294.29 161.683
9306.31 163.256
9318.32 164.848
9330.33 166.459
9342.34 168.088
9354.35 169.736
9366.37 171.403
9378.38 173.089
9390.39 174.795
9402.4 176.519
9414.41 178.263
9426.43 180.027
9438.44 181.81
9450.45 183.613
9462.46 185.436
9474.47 187.279
9486.49 189.142
9498.5 191.026
9510.51 192.93
9522.52 194.854
9534.53 196.8
9546.55 198.766
9558.56 200.753
9570.57 202.762
9582.58 204.792
9594.59 206.843
9606.61 208.916
9618.62 211.011
9630.63 213.128
9642.64 215.267
9654.65 217.428
9666.67 219.611
9678.68 221.817
9690.69 224.046
9702.7 226.297
9714.71 228.572
9726.73 230.869
9738.74 233.19
9750.75 235.534
9762.76 237.902
9774.77 240.293
9786.79 242.708
9798.8 245.147
9810.81 247.609
9822.82 250.096
9834.83 252.607
9846.85 255.141
9858.86 257.701
9870.87 260.284
9882.88 262.892
9894.89 265.525
9906.91 268.182
9918.92 270.864
9930.93 273.57
9942.94 276.301
9954.95 279.057
9966.97 281.837
9978.98 284.642
9990.99 287.472
10003 290.326
10015 293.205
10027 296.108
10039 299.036
10051.1 301.988
10063.1 304.965
10075.1 307.966
10087.1 310.991
10099.1 314.04
10111.1 317.112
10123.1 320.208
10135.1 323.328
10147.1 326.471
10159.2 329.637
10171.2 332.825
10183.2 336.036
10195.2 339.269
10207.2 342.524
10219.2 345.801
10231.2 349.098
10243.2 352.417
10255.3 355.756
10267.3 359.114
10279.3 362.493
10291.3 365.89
10303.3 369.305
10315.3 372.739
10327.3 376.19
10339.3 379.658
10351.4 383.142
10363.4 386.642
10375.4 390.156
10387.4 393.685
10399.4 397.227
10411.4 400.781
10423.4 404.348
10435.4 407.925
10447.4 411.512
10459.5 415.109
10471.5 418.714
10483.5 422.326
10495.5 425.945
10507.5 429.569
10519.5 433.197
10531.5 436.828
10543.5 440.461
10555.6 444.095
10567.6 447.728
10579.6 451.36
10591.6 454.989
10603.6 458.613
10615.6 462.232
10627.6 465.844
10639.6 469.447
10651.7 473.041
10663.7 476.623
10675.7 480.193
10687.7 483.748
10699.7 487.288
10711.7 490.81
10723.7 494.313
10735.7 497.795
10747.7 501.255
10759.8 504.691
10771.8 508.101
10783.8 511.484
10795.8 514.837
10807.8 518.16
10819.8 521.45
10831.8 524.706
10843.8 527.925
10855.9 531.107
10867.9 534.248
10879.9 537.348
10891.9 540.405
10903.9 543.417
10915.9 546.381
10927.9 549.297
10939.9 552.162
10952 554.975
10964 557.734
10976 560.437
10988 563.082
11000 565.669
11012 568.194
11024 570.657
11036 573.056
11048 575.389
11060.1 577.655
11072.1 579.853
11084.1 581.98
11096.1 584.035
11108.1 585.491
11120.1 585.141
11132.1 584.712
11144.1 584.2
11156.2 583.606
11168.2 582.928
11180.2 582.166
11192.2 581.317
11204.2 580.382
11216.2 580.426
11228.2 581.561
11240.2 582.611
11252.3 583.577
11264.3 584.457
11276.3 585.251
11288.3 585.959
11300.3 586.58
11312.3 587.114
11324.3 588.34
11336.3 589.8
11348.3 591.174
11360.4 592.464
11372.4 593.669
11384.4 594.789
11396.4 595.824
11408.4 596.776
11420.4 597.644
11432.4 596.463
11444.4 595.078
11456.5 593.606
11468.5 592.049
11480.5 590.406
11492.5 588.679
11504.5 586.869
11516.5 584.976
11528.5 583.337
11540.5 583.09
11552.6 582.767
11564.6 582.369
11576.6 581.899
11588.6 581.356
11600.6 580.743
11612.6 580.06
11624.6 579.31
11636.6 578.494
11648.6 577.615
11660.7 576.672
11672.7 575.667
11684.7 574.602
11696.7 573.477
11708.7 572.295
11720.7 571.057
11732.7 569.765
11744.7 567.695
11756.8 565.201
11768.8 562.655
11780.8 560.059
11792.8 557.415
11804.8 554.725
11816.8 551.989
11828.8 549.21
11840.8 546.389
11852.9 544.216
11864.9 542.085
11876.9 539.92
11888.9 537.721
11900.9 535.49
11912.9 533.228
11924.9 530.938
11936.9 528.62
11948.9 526.279
11961 523.933
11973 521.564
11985 519.174
11997 516.764
12009 514.336
12021 511.891
12033 509.43
12045 506.955
12057.1 504.707
12069.1 502.855
12081.1 500.993
12093.1 499.124
12105.1 497.248
12117.1 495.366
12129.1 493.481
12141.1 491.592
12153.2 489.701
12165.2 486.09
12177.2 481.352
12189.2 476.61
12201.2 471.864
12213.2 467.115
12225.2 462.365
12237.2 457.613
12249.2 452.862
12261.3 448.111
12273.3 445.685
12285.3 443.714
12297.3 441.751
12309.3 439.797
12321.3 437.853
12333.3 435.92
12345.3 433.998
12357.4 432.088
12369.4 429.992
12381.4 425.637
12393.4 421.291
12405.4 416.955
12417.4 412.628
12429.4 408.312
12441.4 404.006
12453.5 399.712
12465.5 395.429
12477.5 390.989
12489.5 386.194
12501.5 381.41
12513.5 376.638
12525.5 371.879
12537.5 367.132
12549.5 362.398
12561.6 357.677
12573.6 352.969
12585.6 348.633
12597.6 344.597
12609.6 340.577
12621.6 336.571
12633.6 332.581
12645.6 328.607
12657.7 324.649
12669.7 320.706
12681.7 316.78
12693.7 313.152
12705.7 309.615
12717.7 306.096
12729.7 302.594
12741.7 299.109
12753.8 295.641
12765.8 292.19
12777.8 288.756
12789.8 285.368
12801.8 283.157
12813.8 280.965
12825.8 278.793
12837.8 276.64
12849.8 274.507
12861.9 272.393
12873.9 270.298
12885.9 268.223
12897.9 266.301
12909.9 264.771
12921.9 263.262
12933.9 261.772
12945.9 260.302
12958 258.852
12970 257.422
12982 256.012
12994 254.621
13006 253.441
13018 252.473
13030 251.525
13042 250.596
13054.1 249.687
13066.1 248.799
13078.1 247.929
13090.1 247.08
13102.1 246.25
13114.1 244.845
13126.1 243.244
13138.1 241.66
13150.2 240.094
13162.2 238.545
13174.2 237.014
13186.2 235.499
13198.2 234.001
13210.2 232.521
13222.2 231.757
13234.2 231.029
13246.2 230.319
13258.3 229.626
13270.3 228.95
13282.3 228.292
13294.3 227.652
13306.3 227.028
13318.3 226.198
13330.3 224.543
13342.3 222.902
13354.4 221.277
13366.4 219.665
13378.4 218.068
13390.4 216.485
13402.4 214.917
13414.4 213.362
13426.4 211.602
13438.4 209.579
13450.5 207.569
13462.5 205.572
13474.5 203.587
13486.5 201.615
13498.5 199.654
13510.5 197.706
13522.5 195.769
13534.5 194.186
13546.5 192.773
13558.6 191.371
13570.6 189.982
13582.6 188.606
13594.6 187.241
13606.6 185.888
13618.6 184.546
13630.6 183.217
13642.6 181.837
13654.7 180.464
13666.7 179.102
13678.7 177.75
13690.7 176.41
13702.7 175.08
13714.7 173.761
13726.7 172.452
13738.7 171.246
13750.8 170.529
13762.8 169.823
13774.8 169.128
13786.8 168.444
13798.8 167.771
13810.8 167.108
13822.8 166.456
13834.8 165.815
13846.8 165.297
13858.9 164.965
13870.9 164.643
13882.9 164.331
13894.9 164.03
13906.9 163.74
13918.9 163.459
13930.9 163.188
13942.9 162.927
13955 162.697
13967 162.488
13979 162.289
13991 162.099
14003 161.919
14015 161.748
14027 161.586
14039 161.434
14051.1 161.29
14063.1 160.84
14075.1 160.351
14087.1 159.871
14099.1 159.398
14111.1 158.934
14123.1 158.477
14135.1 158.028
14147.1 157.587
14159.2 157.017
14171.2 155.294
14183.2 153.577
14195.2 151.864
14207.2 150.157
14219.2 148.454
14231.2 146.757
14243.2 145.064
14255.3 143.375
14267.3 141.709
14279.3 140.082
14291.3 138.459
14303.3 136.841
14315.3 135.227
14327.3 133.617
14339.3 132.011
14351.4 130.41
14363.4 128.812
14375.4 127.671
14387.4 126.861
14399.4 126.056
14411.4 125.256
14423.4 124.461
14435.4 123.67
14447.4 122.885
14459.5 122.103
14471.5 121.327
14483.5 120.517
14495.5 119.704
14507.5 118.895
14519.5 118.09
14531.5 117.289
14543.5 116.491
14555.6 115.698
14567.6 114.908
14579.6 114.136
14591.6 113.604
14603.6 113.076
14615.6 112.552
14627.6 112.032
14639.6 111.515
14651.7 111.002
14663.7 110.492
14675.7 109.986
14687.7 109.575
14699.7 109.392
14711.7 109.212
14723.7 109.037
14735.7 108.864
14747.7 108.696
14759.8 108.53
14771.8 108.368
14783.8 108.21
14795.8 107.766
14807.8 107.062
14819.8 106.361
14831.8 105.662
14843.8 104.965
14855.9 104.269
14867.9 103.576
14879.9 102.883
14891.9 102.193
14903.9 101.018
14915.9 99.6956
14927.9 98.3734
14939.9 97.0513
14952 95.7293
14964 94.4073
14976 93.0853
14988 91.763
15000 90.4405
15012 89.4665
15024 88.4926
15036 87.5187
15048 86.5447
15060.1 85.5704
15072.1 84.596
15084.1 83.6211
15096.1 82.6457
15108.1 81.7275
15120.1 80.9984
15132.1 80.2689
15144.1 79.5388
15156.2 78.8081
15168.2 78.0767
15180.2 77.3445
15192.2 76.6113
15204.2 75.8771
15216.2 75.2888
15228.2 74.8615
15240.2 74.4333
15252.3 74.004
15264.3 73.5736
15276.3 73.1419
15288.3 72.7088
15300.3 72.2741
15312.3 71.8378
15324.3 71.4312
15336.3 71.0355
15348.3 70.6378
15360.4 70.2381
15372.4 69.836
15384.4 69.4315
15396.4 69.0244
15408.4 68.6147
15420.4 68.202
15432.4 67.7569
15444.4 67.3067
15456.5 66.8532
15468.5 66.3961
15480.5 65.9353
15492.5 65.4706
15504.5 65.0018
15516.5 64.5289
15528.5 63.928
15540.5 62.7796
15552.6 61.6255
15564.6 60.4653
15576.6 59.299
15588.6 58.1263
15600.6 56.9469
15612.6 55.7608
15624.6 54.5676
15636.6 53.2561
15648.6 51.7829
15660.7 50.3017
15672.7 48.8122
15684.7 47.3141
15696.7 45.8072
15708.7 44.2913
15720.7 42.7661
15732.7 41.2314
15744.7 39.9345
15756.8 38.7547
15768.8 37.5653
15780.8 36.3657
15792.8 35.1559
15804.8 33.9354
15816.8 32.7041
15828.8 31.4615
15840.8 30.2074
15852.9 29.1257
15864.9 28.0538
15876.9 26.9697
15888.9 25.8731
15900.9 24.7637
15912.9 23.6411
15924.9 22.5049
15936.9 21.3548
15948.9 20.1796
15961 18.9166
15973 17.6384
15985 16.3447
15997 15.0351
16009 13.7091
16021 12.3663
16033 11.0064
16045 9.62891
16057.1 8.19537
16069.1 6.6788
16081.1 5.1432
16093.1 3.58811
16105.1 2.01309
16117.1 0.417686
16129.1 -1.19857
16141.1 -2.83613
16153.2 -4.49547
16165.2 -6.53246
16177.2 -8.82507
16189.2 -11.1418
16201.2 -13.483
16213.2 -15.8492
16225.2 -18.241
16237.2 -20.6587
16249.2 -23.1029
16261.3 -25.5739
16273.3 -28.2506
16285.3 -30.9897
16297.3 -33.7574
16309.3 -36.5541
16321.3 -39.3803
16333.3 -42.2363
16345.3 -45.1225
16357.4 -48.0393
16369.4 -50.9403
16381.4 -53.3386
16393.4 -55.7676
16405.4 -58.2277
16417.4 -60.719
16429.4 -63.2418
16441.4 -65.7961
16453.5 -68.3822
16465.5 -71.0001
16477.5 -73.4373
16489.5 -75.4424
16501.5 -77.4782
16513.5 -79.5444
16525.5 -81.6409
16537.5 -83.7674
16549.5 -85.9233
16561.6 -88.1083
16573.6 -90.3217
16585.6 -92.354
16597.6 -94.2465
16609.6 -96.1644
16621.6 -98.1068
16633.6 -100.072
16645.6 -102.06
16657.7 -104.068
16669.7 -106.095
16681.7 -108.139
16693.7 -110.093
16705.7 -112.031
16717.7 -113.981
16729.7 -115.938
16741.7 -117.902
16753.8 -119.868
16765.8 -121.835
16777.8 -123.799
16789.8 -125.756
16801.8 -127.691
16813.8 -129.612
16825.8 -131.517
16837.8 -133.4
16849.8 -135.257
16861.9 -137.085
16873.9 -138.879
16885.9 -140.634
16897.9 -142.353
16909.9 -144.047
16921.9 -145.687
16933.9 -147.27
16945.9 -148.79
16958 -150.242
16970 -151.622
16982 -152.925
16994 -154.146
17006 -155.273
17018 -156.303
17030 -157.236
17042 -158.07
17054.1 -158.8
17066.1 -159.423
17078.1 -159.935
17090.1 -160.332
17102.1 -160.613
17114.1 -161.001
17126.1 -161.351
17138.1 -161.578
17150.2 -161.682
17162.2 -161.66
17174.2 -161.512
17186.2 -161.239
17198.2 -160.841
17210.2 -160.318
17222.2 -160.232
17234.2 -160.04
17246.2 -159.728
17258.3 -159.3
17270.3 -158.757
17282.3 -158.103
17294.3 -157.341
17306.3 -156.475
17318.3 -155.658
17330.3 -155.305
17342.3 -154.861
17354.4 -154.33
17366.4 -153.716
17378.4 -153.025
17390.4 -152.26
17402.4 -151.428
17414.4 -150.531
17426.4 -149.786
17438.4 -149.251
17450.5 -148.668
17462.5 -148.04
17474.5 -147.373
17486.5 -146.672
17498.5 -145.939
17510.5 -145.181
17522.5 -144.4
17534.5 -143.321
17546.5 -142.099
17558.6 -140.866
17570.6 -139.624
17582.6 -138.378
17594.6 -137.131
17606.6 -135.885
17618.6 -134.644
17630.6 -133.409
17642.6 -132.198
17654.7 -131
17666.7 -129.816
17678.7 -128.647
17690.7 -127.496
17702.7 -126.365
17714.7 -125.254
17726.7 -124.165
17738.7 -122.488
17750.8 -117.652
17762.8 -112.836
17774.8 -108.042
17786.8 -103.269
17798.8 -98.5199
17810.8 -93.7939
17822.8 -89.0917
17834.8 -84.4139
17846.8 -80.8753
17858.9 -79.0703
17870.9 -77.2942
17882.9 -75.5473
17894.9 -73.8295
17906.9 -72.141
17918.9 -70.4816
17930.9 -68.8515
17942.9 -67.2503
17955 -65.6781
17967 -64.1346
17979 -62.6197
17991 -61.133
18003 -59.6744
18015 -58.2435
18027 -56.8401
18039 -55.4638
18051.1 -54.1142
18063.1 -52.7911
18075.1 -51.4941
18087.1 -50.2228
18099.1 -48.9768
18111.1 -47.7557
18123.1 -46.5591
18135.1 -45.3866
18147.1 -44.2379
18159.2 -43.1124
18171.2 -42.0099
18183.2 -40.9298
18195.2 -39.8718
18207.2 -38.8355
18219.2 -37.8205
18231.2 -36.8263
18243.2 -35.8525
18255.3 -34.8988
18267.3 -33.9648
18279.3 -33.05
18291.3 -32.1541
18303.3 -31.2767
18315.3 -30.4174
18327.3 -29.5759
18339.3 -28.7517
18351.4 -27.9446
18363.4 -27.1541
18375.4 -26.3799
18387.4 -25.6216
18399.4 -24.879
18411.4 -24.1517
18423.4 -23.4393
18435.4 -22.7415
18447.4 -22.0581
18459.5 -21.3887
18471.5 -20.733
18483.5 -20.0908
18495.5 -19.4616
18507.5 -18.8453
18519.5 -18.2415
18531.5 -17.6501
18543.5 -17.0706
18555.6 -16.5029
18567.6 -15.9467
18579.6 -15.4018
18591.6 -14.8678
18603.6 -14.3446
18615.6 -13.8319
18627.6 -13.3296
18639.6 -12.8373
18651.7 -12.3548
18663.7 -11.882
18675.7 -11.4187
18687.7 -10.9645
18699.7 -10.5194
18711.7 -10.0831
18723.7 -9.65548
18735.7 -9.23628
18747.7 -8.82536
18759.8 -8.42252
18771.8 -8.0276
18783.8 -7.64043
18795.8 -7.26084
18807.8 -6.88867
18819.8 -6.52376
18831.8 -6.16595
18843.8 -5.8151
18855.9 -5.47106
18867.9 -5.13368
18879.9 -4.80282
18891.9 -4.47835
18903.9 -4.16012
18915.9 -3.84801
18927.9 -3.5419
18939.9 -3.24164
18952 -2.94713
18964 -2.65824
18976 -2.37486
18988 -2.09687
19000 -1.82416
