7000 -21.3085
7012.01 -21.7581
7024.02 -22.2044
7036.04 -22.6466
7048.05 -23.0833
7060.06 -23.5136
7072.07 -23.9361
7084.08 -24.3497
7096.1 -24.753
7108.11 -25.1449
7120.12 -25.5239
7132.13 -25.8887
7144.14 -26.238
7156.16 -26.5705
7168.17 -26.8848
7180.18 -27.1796
7192.19 -27.4538
7204.2 -27.706
7216.22 -27.9351
7228.23 -28.14
7240.24 -28.3197
7252.25 -28.4733
7264.26 -28.5998
7276.28 -28.6986
7288.29 -28.7689
7300.3 -28.8104
7312.31 -28.8225
7324.32 -28.8049
7336.34 -28.7576
7348.35 -28.6805
7360.36 -28.5737
7372.37 -28.4373
7384.38 -28.2718
7396.4 -28.0776
7408.41 -27.8552
7420.42 -27.6053
7432.43 -27.3288
7444.44 -27.0264
7456.46 -26.6991
7468.47 -26.3479
7480.48 -25.974
7492.49 -25.5783
7504.5 -25.1622
7516.52 -24.7267
7528.53 -24.2429
7540.54 -23.6076
7552.55 -22.9562
7564.56 -22.2899
7576.58 -21.61
7588.59 -20.9176
7600.6 -20.214
7612.61 -19.5003
7624.62 -18.7777
7636.64 -18.1474
7648.65 -17.6486
7660.66 -17.1446
7672.67 -16.6366
7684.68 -16.1254
7696.7 -15.6118
7708.71 -15.0966
7720.72 -14.5806
7732.73 -14.0645
7744.74 -13.5465
7756.76 -13.0284
7768.77 -12.5119
7780.78 -11.9977
7792.79 -11.486
7804.8 -10.9775
7816.82 -10.4724
7828.83 -9.97102
7840.84 -9.47374
7852.85 -9.01371
7864.86 -8.56223
7876.88 -8.11563
7888.89 -7.67406
7900.9 -7.23768
7912.91 -6.80658
7924.92 -6.38087
7936.94 -5.9606
7948.95 -5.52445
7960.96 -4.95222
7972.97 -4.38504
7984.98 -3.82289
7997 -3.26575
8009.01 -2.7136
8021.02 -2.16637
8033.03 -1.62403
8045.05 -1.08649
8057.06 -0.626258
8069.07 -0.295414
8081.08 0.0302837
8093.09 0.35093
8105.11 0.666629
8117.12 0.977486
8129.13 1.28361
8141.14 1.58512
8153.15 1.88214
8165.17 2.55001
8177.18 3.4594
8189.19 4.36648
8201.2 5.27138
8213.21 6.17422
8225.23 7.07514
8237.24 7.97426
8249.25 8.8717
8261.26 9.76761
8273.27 10.0656
8285.29 10.2484
8297.3 10.428
8309.31 10.6045
8321.32 10.7781
8333.33 10.9488
8345.35 11.1168
8357.36 11.2822
8369.37 11.4653
8381.38 11.8815
8393.39 12.2961
8405.41 12.7094
8417.42 13.1215
8429.43 13.5324
8441.44 13.9422
8453.45 14.3512
8465.47 14.7593
8477.48 15.1668
8489.49 15.5737
8501.5 15.9801
8513.51 16.3861
8525.53 16.7919
8537.54 17.1975
8549.55 17.6031
8561.56 18.0087
8573.57 18.4145
8585.59 18.8206
8597.6 19.227
8609.61 19.6339
8621.62 20.0413
8633.63 20.4494
8645.65 20.8582
8657.66 21.2679
8669.67 21.6786
8681.68 22.0903
8693.69 22.5031
8705.71 22.9172
8717.72 23.3325
8729.73 23.7494
8741.74 24.1677
8753.75 24.5876
8765.77 25.0092
8777.78 25.4326
8789.79 25.8578
8801.8 26.2851
8813.81 26.7144
8825.83 27.1458
8837.84 27.5795
8849.85 28.0155
8861.86 28.4539
8873.87 28.8948
8885.89 29.3384
8897.9 29.7846
8909.91 30.2335
8921.92 30.6854
8933.93 31.1402
8945.95 31.5981
8957.96 32.059
8969.97 32.5233
8981.98 32.9908
8993.99 33.4617
9006.01 33.9362
9018.02 34.4142
9030.03 34.8959
9042.04 35.3814
9054.05 35.8708
9066.07 36.3641
9078.08 36.8615
9090.09 37.3631
9102.1 37.8689
9114.11 38.379
9126.13 38.8936
9138.14 39.4127
9150.15 39.9365
9162.16 40.465
9174.17 40.9983
9186.19 41.5366
9198.2 42.0799
9210.21 42.6284
9222.22 43.182
9234.23 43.7411
9246.25 44.3056
9258.26 44.8756
9270.27 45.4513
9282.28 46.0328
9294.29 46.6201
9306.31 47.2134
9318.32 47.8128
9330.33 48.4185
9342.34 49.0304
9354.35 49.6488
9366.37 50.2737
9378.38 50.9053
9390.39 51.5437
9402.4 52.1889
9414.41 52.8412
9426.43 53.5006
9438.44 54.1673
9450.45 54.8414
9462.46 55.5229
9474.47 56.2121
9486.49 56.909
9498.5 57.6138
9510.51 58.3266
9522.52 59.0476
9534.53 59.7768
9546.55 60.5144
9558.56 61.2605
9570.57 62.0153
9582.58 62.7789
9594.59 63.5515
9606.61 64.3331
9618.62 65.1239
9630.63 65.9241
9642.64 66.7337
9654.65 67.553
9666.67 68.382
9678.68 69.221
9690.69 70.07
9702.7 70.9292
9714.71 71.7988
9726.73 72.6788
9738.74 73.5695
9750.75 74.471
9762.76 75.3834
9774.77 76.3069
9786.79 77.2416
9798.8 78.1877
9810.81 79.1453
9822.82 80.1146
9834.83 81.0957
9846.85 82.0887
9858.86 83.0939
9870.87 84.1114
9882.88 85.1412
9894.89 86.1837
9906.91 87.2388
9918.92 88.3067
9930.93 89.3877
9942.94 90.4818
9954.95 91.5891
9966.97 92.7099
9978.98 93.8442
9990.99 94.9922
10003 96.154
10015 97.3297
10027 98.5195
10039 99.7235
10051.1 100.942
10063.1 102.175
10075.1 103.422
10087.1 104.684
10099.1 105.96
10111.1 107.252
10123.1 108.558
10135.1 109.88
10147.1 111.216
10159.2 112.568
10171.2 113.935
10183.2 115.317
10195.2 116.715
10207.2 118.128
10219.2 119.556
10231.2 121
10243.2 122.459
10255.3 123.934
10267.3 125.424
10279.3 126.93
10291.3 128.451
10303.3 129.987
10315.3 131.539
10327.3 133.105
10339.3 134.687
10351.4 136.284
10363.4 137.896
10375.4 139.523
10387.4 141.164
10399.4 142.82
10411.4 144.49
10423.4 146.173
10435.4 147.871
10447.4 149.582
10459.5 151.307
10471.5 153.044
10483.5 154.794
10495.5 156.557
10507.5 158.331
10519.5 160.116
10531.5 161.913
10543.5 163.721
10555.6 165.538
10567.6 167.365
10579.6 169.202
10591.6 171.046
10603.6 172.899
10615.6 174.759
10627.6 176.625
10639.6 178.498
10651.7 180.375
10663.7 182.258
10675.7 184.143
10687.7 186.032
10699.7 187.922
10711.7 189.814
10723.7 191.705
10735.7 193.596
10747.7 195.485
10759.8 197.371
10771.8 199.253
10783.8 201.13
10795.8 203
10807.8 204.864
10819.8 206.719
10831.8 208.564
10843.8 210.399
10855.9 212.221
10867.9 214.029
10879.9 215.823
10891.9 217.601
10903.9 219.361
10915.9 221.102
10927.9 222.823
10939.9 224.523
10952 226.199
10964 227.85
10976 229.476
10988 231.074
11000 232.644
11012 234.183
11024 235.691
11036 237.165
11048 238.605
11060.1 240.009
11072.1 241.376
11084.1 242.704
11096.1 243.993
11108.1 244.874
11120.1 244.513
11132.1 244.104
11144.1 243.648
11156.2 243.141
11168.2 242.585
11180.2 241.976
11192.2 241.315
11204.2 240.6
11216.2 240.391
11228.2 240.746
11240.2 241.046
11252.3 241.293
11264.3 241.484
11276.3 241.62
11288.3 241.7
11300.3 241.723
11312.3 241.69
11324.3 242.036
11336.3 242.504
11348.3 242.916
11360.4 243.272
11372.4 243.571
11384.4 243.815
11396.4 244.002
11408.4 244.133
11420.4 244.209
11432.4 243.597
11444.4 242.891
11456.5 242.129
11468.5 241.312
11480.5 240.441
11492.5 239.516
11504.5 238.538
11516.5 237.508
11528.5 236.587
11540.5 236.317
11552.6 236
11564.6 235.636
11576.6 235.227
11588.6 234.774
11600.6 234.277
11612.6 233.738
11624.6 233.159
11636.6 232.572
11648.6 231.992
11660.7 231.375
11672.7 230.722
11684.7 230.035
11696.7 229.315
11708.7 228.564
11720.7 227.782
11732.7 226.971
11744.7 225.823
11756.8 224.49
11768.8 223.131
11780.8 221.747
11792.8 220.339
11804.8 218.91
11816.8 217.46
11828.8 215.991
11840.8 214.504
11852.9 213.197
11864.9 211.898
11876.9 210.585
11888.9 209.259
11900.9 207.922
11912.9 206.574
11924.9 205.216
11936.9 203.85
11948.9 202.473
11961 201.063
11973 199.647
11985 198.227
11997 196.804
12009 195.378
12021 193.95
12033 192.521
12045 191.092
12057.1 189.733
12069.1 188.492
12081.1 187.254
12093.1 186.019
12105.1 184.787
12117.1 183.561
12129.1 182.339
12141.1 181.123
12153.2 179.913
12165.2 177.959
12177.2 175.52
12189.2 173.086
12201.2 170.658
12213.2 168.236
12225.2 165.82
12237.2 163.412
12249.2 161.01
12261.3 158.617
12273.3 157.196
12285.3 155.972
12297.3 154.758
12309.3 153.556
12321.3 152.364
12333.3 151.184
12345.3 150.016
12357.4 148.86
12369.4 147.661
12381.4 145.851
12393.4 144.053
12405.4 142.265
12417.4 140.489
12429.4 138.724
12441.4 136.971
12453.5 135.229
12465.5 133.498
12477.5 131.829
12489.5 130.281
12501.5 128.745
12513.5 127.221
12525.5 125.709
12537.5 124.209
12549.5 122.721
12561.6 121.245
12573.6 119.781
12585.6 118.27
12597.6 116.724
12609.6 115.191
12621.6 113.668
12633.6 112.158
12645.6 110.658
12657.7 109.171
12669.7 107.694
12681.7 106.229
12693.7 104.661
12705.7 103.073
12717.7 101.496
12729.7 99.9297
12741.7 98.374
12753.8 96.8288
12765.8 95.2941
12777.8 93.7698
12789.8 92.2684
12801.8 91.287
12813.8 90.3167
12825.8 89.3573
12837.8 88.4088
12849.8 87.471
12861.9 86.5438
12873.9 85.6271
12885.9 84.7209
12897.9 83.805
12909.9 82.8444
12921.9 81.8937
12933.9 80.9529
12945.9 80.0217
12958 79.1001
12970 78.188
12982 77.2852
12994 76.3917
13006 75.7272
13018 75.2922
13030 74.867
13042 74.4513
13054.1 74.0452
13066.1 73.6483
13078.1 73.2608
13090.1 72.8824
13102.1 72.513
13114.1 71.6114
13126.1 70.5211
13138.1 69.4381
13150.2 68.3624
13162.2 67.2938
13174.2 66.2322
13186.2 65.1775
13198.2 64.1297
13210.2 63.0885
13222.2 62.6858
13234.2 62.3065
13246.2 61.9346
13258.3 61.5703
13270.3 61.2133
13282.3 60.8635
13294.3 60.5209
13306.3 60.1853
13318.3 59.7537
13330.3 58.9403
13342.3 58.1327
13354.4 57.3309
13366.4 56.5348
13378.4 55.7443
13390.4 54.9592
13402.4 54.1795
13414.4 53.4052
13426.4 52.7701
13438.4 52.3088
13450.5 51.853
13462.5 51.4027
13474.5 50.9579
13486.5 50.5183
13498.5 50.0839
13510.5 49.6547
13522.5 49.2305
13534.5 48.7852
13546.5 48.3327
13558.6 47.885
13570.6 47.442
13582.6 47.0035
13594.6 46.5694
13606.6 46.1398
13618.6 45.7145
13630.6 45.2935
13642.6 44.6798
13654.7 44.0525
13666.7 43.4289
13678.7 42.8089
13690.7 42.1923
13702.7 41.5792
13714.7 40.9694
13726.7 40.3629
13738.7 39.7892
13750.8 39.3731
13762.8 38.9603
13774.8 38.5508
13786.8 38.1446
13798.8 37.7415
13810.8 37.3415
13822.8 36.9446
13834.8 36.5506
13846.8 36.166
13858.9 35.7939
13870.9 35.4247
13882.9 35.0582
13894.9 34.6943
13906.9 34.3331
13918.9 33.9744
13930.9 33.6181
13942.9 33.2643
13955 32.8623
13967 32.4327
13979 32.0052
13991 31.5797
14003 31.1562
14015 30.7346
14027 30.3148
14039 29.8968
14051.1 29.4805
14063.1 29.0229
14075.1 28.5604
14087.1 28.0994
14099.1 27.6398
14111.1 27.1815
14123.1 26.7245
14135.1 26.2688
14147.1 25.8142
14159.2 25.3428
14171.2 24.7197
14183.2 24.0972
14195.2 23.4754
14207.2 22.8542
14219.2 22.2335
14231.2 21.6133
14243.2 20.9935
14255.3 20.3741
14267.3 19.759
14279.3 19.1519
14291.3 18.545
14303.3 17.9382
14315.3 17.3316
14327.3 16.725
14339.3 16.1185
14351.4 15.5118
14363.4 14.9051
14375.4 14.3816
14387.4 13.9182
14399.4 13.4548
14411.4 12.9914
14423.4 12.5277
14435.4 12.0639
14447.4 11.5998
14459.5 11.1354
14471.5 10.6706
14483.5 10.1983
14495.5 9.72376
14507.5 9.24871
14519.5 8.77305
14531.5 8.29671
14543.5 7.81965
14555.6 7.34181
14567.6 6.86313
14579.6 6.38164
14591.6 5.86731
14603.6 5.35191
14615.6 4.83539
14627.6 4.31769
14639.6 3.79874
14651.7 3.2785
14663.7 2.7569
14675.7 2.23389
14687.7 1.73315
14699.7 1.28902
14711.7 0.843425
14723.7 0.396315
14735.7 -0.0523733
14747.7 -0.502701
14759.8 -0.954728
14771.8 -1.40852
14783.8 -1.86412
14795.8 -2.32309
14807.8 -2.78535
14819.8 -3.24962
14831.8 -3.71596
14843.8 -4.18444
14855.9 -4.65511
14867.9 -5.12804
14879.9 -5.6033
14891.9 -6.08095
14903.9 -6.67913
14915.9 -7.31607
14927.9 -7.95584
14939.9 -8.59851
14952 -9.24413
14964 -9.89279
14976 -10.5445
14988 -11.1994
15000 -11.8576
15012 -12.4494
15024 -13.0446
15036 -13.643
15048 -14.2449
15060.1 -14.8502
15072.1 -15.459
15084.1 -16.0714
15096.1 -16.6874
15108.1 -17.2934
15120.1 -17.8581
15132.1 -18.4265
15144.1 -18.9988
15156.2 -19.575
15168.2 -20.1552
15180.2 -20.7394
15192.2 -21.3278
15204.2 -21.9203
15216.2 -22.4871
15228.2 -23.0252
15240.2 -23.5676
15252.3 -24.1143
15264.3 -24.6655
15276.3 -25.2212
15288.3 -25.7815
15300.3 -26.3465
15312.3 -26.9161
15324.3 -27.4346
15336.3 -27.9348
15348.3 -28.4398
15360.4 -28.9498
15372.4 -29.4646
15384.4 -29.9845
15396.4 -30.5095
15408.4 -31.0396
15420.4 -31.5749
15432.4 -32.0822
15444.4 -32.5928
15456.5 -33.1087
15468.5 -33.6301
15480.5 -34.1569
15492.5 -34.6893
15504.5 -35.2272
15516.5 -35.7708
15528.5 -36.3327
15540.5 -36.9552
15552.6 -37.5837
15564.6 -38.2182
15576.6 -38.8587
15588.6 -39.5053
15600.6 -40.1579
15612.6 -40.8167
15624.6 -41.4818
15636.6 -42.1918
15648.6 -42.962
15660.7 -43.7385
15672.7 -44.5216
15684.7 -45.3112
15696.7 -46.1073
15708.7 -46.9099
15720.7 -47.7191
15732.7 -48.5349
15744.7 -49.2953
15756.8 -50.0305
15768.8 -50.7721
15780.8 -51.5202
15792.8 -52.2747
15804.8 -53.0356
15816.8 -53.8029
15828.8 -54.5765
15840.8 -55.3565
15852.9 -56.2956
15864.9 -57.2591
15876.9 -58.2291
15888.9 -59.2055
15900.9 -60.1882
15912.9 -61.1772
15924.9 -62.1723
15936.9 -63.1736
15948.9 -64.1707
15961 -65.1042
15973 -66.0435
15985 -66.9883
15997 -67.9385
16009 -68.894
16021 -69.8547
16033 -70.8204
16045 -71.7909
16057.1 -72.7141
16069.1 -73.5537
16081.1 -74.3974
16093.1 -75.2449
16105.1 -76.096
16117.1 -76.9505
16129.1 -77.8082
16141.1 -78.6687
16153.2 -79.5319
16165.2 -80.549
16177.2 -81.6674
16189.2 -82.788
16201.2 -83.9104
16213.2 -85.0343
16225.2 -86.1592
16237.2 -87.2849
16249.2 -88.411
16261.3 -89.5371
16273.3 -90.6029
16285.3 -91.6562
16297.3 -92.7082
16309.3 -93.7584
16321.3 -94.8064
16333.3 -95.8517
16345.3 -96.8939
16357.4 -97.9325
16369.4 -98.9789
16381.4 -100.158
16393.4 -101.332
16405.4 -102.5
16417.4 -103.663
16429.4 -104.819
16441.4 -105.968
16453.5 -107.109
16465.5 -108.242
16477.5 -109.327
16489.5 -110.317
16501.5 -111.297
16513.5 -112.266
16525.5 -113.224
16537.5 -114.169
16549.5 -115.102
16561.6 -116.022
16573.6 -116.928
16585.6 -117.767
16597.6 -118.55
16609.6 -119.317
16621.6 -120.068
16633.6 -120.802
16645.6 -121.517
16657.7 -122.215
16669.7 -122.894
16681.7 -123.553
16693.7 -124.3
16705.7 -125.054
16717.7 -125.787
16729.7 -126.499
16741.7 -127.189
16753.8 -127.856
16765.8 -128.501
16777.8 -129.123
16789.8 -129.721
16801.8 -130.335
16813.8 -130.924
16825.8 -131.489
16837.8 -132.028
16849.8 -132.541
16861.9 -133.029
16873.9 -133.491
16885.9 -133.927
16897.9 -134.339
16909.9 -134.732
16921.9 -135.098
16933.9 -135.437
16945.9 -135.749
16958 -136.035
16970 -136.292
16982 -136.523
16994 -136.727
17006 -136.889
17018 -137.008
17030 -137.101
17042 -137.167
17054.1 -137.206
17066.1 -137.219
17078.1 -137.205
17090.1 -137.166
17102.1 -137.101
17114.1 -136.899
17126.1 -136.63
17138.1 -136.336
17150.2 -136.018
17162.2 -135.676
17174.2 -135.31
17186.2 -134.921
17198.2 -134.508
17210.2 -134.074
17222.2 -133.401
17234.2 -132.701
17246.2 -131.98
17258.3 -131.239
17270.3 -130.477
17282.3 -129.695
17294.3 -128.895
17306.3 -128.076
17318.3 -127.243
17330.3 -126.408
17342.3 -125.555
17354.4 -124.687
17366.4 -123.803
17378.4 -122.904
17390.4 -121.991
17402.4 -121.063
17414.4 -120.123
17426.4 -119.268
17438.4 -118.522
17450.5 -117.765
17462.5 -116.998
17474.5 -116.221
17486.5 -115.434
17498.5 -114.639
17510.5 -113.835
17522.5 -113.023
17534.5 -112.201
17546.5 -111.37
17558.6 -110.533
17570.6 -109.69
17582.6 -108.842
17594.6 -107.989
17606.6 -107.132
17618.6 -106.271
17630.6 -105.407
17642.6 -104.348
17654.7 -103.27
17666.7 -102.19
17678.7 -101.107
17690.7 -100.023
17702.7 -98.9381
17714.7 -97.8521
17726.7 -96.7657
17738.7 -95.7808
17750.8 -95.3241
17762.8 -94.8689
17774.8 -94.4153
17786.8 -93.9638
17798.8 -93.5146
17810.8 -93.0679
17822.8 -92.624
17834.8 -92.1832
17846.8 -91.5911
17858.9 -90.7654
17870.9 -89.9429
17882.9 -89.1238
17894.9 -88.3085
17906.9 -87.4969
17918.9 -86.6894
17930.9 -85.8861
17942.9 -85.0871
17955 -84.2927
17967 -83.5029
17979 -82.7179
17991 -81.9379
18003 -81.1629
18015 -80.393
18027 -79.6284
18039 -78.8691
18051.1 -78.1153
18063.1 -77.3671
18075.1 -76.6244
18087.1 -75.8875
18099.1 -75.1562
18111.1 -74.4308
18123.1 -73.7113
18135.1 -72.9976
18147.1 -72.2899
18159.2 -71.5882
18171.2 -70.8926
18183.2 -70.2029
18195.2 -69.5194
18207.2 -68.8419
18219.2 -68.1706
18231.2 -67.5054
18243.2 -66.8463
18255.3 -66.1933
18267.3 -65.5465
18279.3 -64.9058
18291.3 -64.2713
18303.3 -63.6428
18315.3 -63.0205
18327.3 -62.4043
18339.3 -61.7941
18351.4 -61.19
18363.4 -60.592
18375.4 -60
18387.4 -59.4139
18399.4 -58.8339
18411.4 -58.2598
18423.4 -57.6915
18435.4 -57.1292
18447.4 -56.5727
18459.5 -56.022
18471.5 -55.4771
18483.5 -54.9379
18495.5 -54.4044
18507.5 -53.8765
18519.5 -53.3543
18531.5 -52.8376
18543.5 -52.3265
18555.6 -51.8209
18567.6 -51.3207
18579.6 -50.8259
18591.6 -50.3364
18603.6 -49.8523
18615.6 -49.3734
18627.6 -48.8998
18639.6 -48.4313
18651.7 -47.9679
18663.7 -47.5096
18675.7 -47.0564
18687.7 -46.6081
18699.7 -46.1647
18711.7 -45.7262
18723.7 -45.2926
18735.7 -44.8637
18747.7 -44.4396
18759.8 -44.0202
18771.8 -43.6054
18783.8 -43.1952
18795.8 -42.7895
18807.8 -42.3884
18819.8 -41.9916
18831.8 -41.5993
18843.8 -41.2114
18855.9 -40.8277
18867.9 -40.4483
18879.9 -40.0731
18891.9 -39.7021
18903.9 -39.3352
18915.9 -38.9724
18927.9 -38.6135
18939.9 -38.2587
18952 -37.9078
18964 -37.5608
18976 -37.2176
18988 -36.8783
19000 -36.5427
