7000 -102.729
7012.01 -103.394
7024.02 -103.975
7036.04 -104.47
7048.05 -104.876
7060.06 -105.191
7072.07 -105.415
7084.08 -105.546
7096.1 -105.584
7108.11 -105.528
7120.12 -105.379
7132.13 -105.138
7144.14 -104.805
7156.16 -104.382
7168.17 -103.871
7180.18 -103.274
7192.19 -102.593
7204.2 -101.83
7216.22 -100.99
7228.23 -100.075
7240.24 -99.0885
7252.25 -98.034
7264.26 -96.9154
7276.28 -95.7365
7288.29 -94.5012
7300.3 -93.2135
7312.31 -91.8775
7324.32 -90.497
7336.34 -89.0761
7348.35 -87.6187
7360.36 -86.1286
7372.37 -84.6096
7384.38 -83.0654
7396.4 -81.4996
7408.41 -79.9154
7420.42 -78.3163
7432.43 -76.7053
7444.44 -75.0854
7456.46 -73.4595
7468.47 -71.8301
7480.48 -70.1999
7492.49 -68.5711
7504.5 -66.9459
7516.52 -65.3263
7528.53 -63.771
7540.54 -62.4773
7552.55 -61.1954
7564.56 -59.9268
7576.58 -58.6727
7588.59 -57.4343
7600.6 -56.2128
7612.61 -55.009
7624.62 -53.8237
7636.64 -52.6176
7648.65 -51.3758
7660.66 -50.1542
7672.67 -48.9532
7684.68 -47.7733
7696.7 -46.6148
7708.71 -45.4778
7720.72 -44.3627
7732.73 -43.2694
7744.74 -42.0376
7756.76 -40.7437
7768.77 -39.471
7780.78 -38.2195
7792.79 -36.9892
7804.8 -35.7798
7816.82 -34.5912
7828.83 -33.4232
7840.84 -32.2757
7852.85 -31.3728
7864.86 -30.5171
7876.88 -29.682
7888.89 -28.867
7900.9 -28.072
7912.91 -27.2967
7924.92 -26.5406
7936.94 -25.8037
7948.95 -24.9572
7960.96 -23.28
7972.97 -21.6179
7984.98 -19.9707
7997 -18.338
8009.01 -16.7195
8021.02 -15.1149
8033.03 -13.5239
8045.05 -11.9461
8057.06 -10.8828
8069.07 -10.6942
8081.08 -10.522
8093.09 -10.3659
8105.11 -10.2256
8117.12 -10.1008
8129.13 -9.99112
8141.14 -9.89638
8153.15 -9.81627
8165.17 -8.11316
8177.18 -5.35166
8189.19 -2.59602
8201.2 0.154011
8213.21 2.89869
8225.23 5.63827
8237.24 8.373
8249.25 11.1031
8261.26 13.8288
8273.27 14.0934
8285.29 13.8849
8297.3 13.6642
8309.31 13.4315
8321.32 13.187
8333.33 12.931
8345.35 12.6636
8357.36 12.3849
8369.37 12.1493
8381.38 12.5326
8393.39 12.9072
8405.41 13.2732
8417.42 13.6309
8429.43 13.9805
8441.44 14.322
8453.45 14.6556
8465.47 14.9814
8477.48 15.2997
8489.49 15.6106
8501.5 15.9141
8513.51 16.2105
8525.53 16.4998
8537.54 16.7822
8549.55 17.0578
8561.56 17.3267
8573.57 17.589
8585.59 17.8449
8597.6 18.0945
8609.61 18.3378
8621.62 18.5749
8633.63 18.8061
8645.65 19.0313
8657.66 19.2506
8669.67 19.4642
8681.68 19.6721
8693.69 19.8745
8705.71 20.0713
8717.72 20.2627
8729.73 20.4488
8741.74 20.6296
8753.75 20.8053
8765.77 20.9758
8777.78 21.1412
8789.79 21.3017
8801.8 21.4572
8813.81 21.6079
8825.83 21.7537
8837.84 21.8949
8849.85 22.0313
8861.86 22.1631
8873.87 22.2904
8885.89 22.4131
8897.9 22.5313
8909.91 22.6451
8921.92 22.7546
8933.93 22.8597
8945.95 22.9605
8957.96 23.057
8969.97 23.1493
8981.98 23.2375
8993.99 23.3215
9006.01 23.4015
9018.02 23.4774
9030.03 23.5492
9042.04 23.6171
9054.05 23.681
9066.07 23.7409
9078.08 23.797
9090.09 23.8492
9102.1 23.8975
9114.11 23.942
9126.13 23.9828
9138.14 24.0197
9150.15 24.0529
9162.16 24.0824
9174.17 24.1082
9186.19 24.1303
9198.2 24.1487
9210.21 24.1635
9222.22 24.1747
9234.23 24.1822
9246.25 24.1862
9258.26 24.1866
9270.27 24.1834
9282.28 24.1767
9294.29 24.1665
9306.31 24.1527
9318.32 24.1355
9330.33 24.1147
9342.34 24.0905
9354.35 24.0628
9366.37 24.0316
9378.38 23.997
9390.39 23.959
9402.4 23.9175
9414.41 23.8727
9426.43 23.8244
9438.44 23.7727
9450.45 23.7176
9462.46 23.6591
9474.47 23.5972
9486.49 23.532
9498.5 23.4634
9510.51 23.3914
9522.52 23.316
9534.53 23.2373
9546.55 23.1553
9558.56 23.0699
9570.57 22.9812
9582.58 22.8891
9594.59 22.7937
9606.61 22.6949
9618.62 22.5929
9630.63 22.4875
9642.64 22.3787
9654.65 22.2667
9666.67 22.1513
9678.68 22.0326
9690.69 21.9106
9702.7 21.7853
9714.71 21.6566
9726.73 21.5247
9738.74 21.3894
9750.75 21.2508
9762.76 21.109
9774.77 20.9638
9786.79 20.8153
9798.8 20.6634
9810.81 20.5083
9822.82 20.3499
9834.83 20.1881
9846.85 20.0231
9858.86 19.8547
9870.87 19.6831
9882.88 19.5081
9894.89 19.3298
9906.91 19.1482
9918.92 18.9633
9930.93 18.7751
9942.94 18.5836
9954.95 18.3888
9966.97 18.1907
9978.98 17.9893
9990.99 17.7845
10003 17.5765
10015 17.3652
10027 17.1505
10039 16.9326
10051.1 16.7113
10063.1 16.4868
10075.1 16.2589
10087.1 16.0278
10099.1 15.7933
10111.1 15.5556
10123.1 15.3145
10135.1 15.0702
10147.1 14.8226
10159.2 14.5717
10171.2 14.3175
10183.2 14.06
10195.2 13.7992
10207.2 13.5351
10219.2 13.2678
10231.2 12.9971
10243.2 12.7232
10255.3 12.4461
10267.3 12.1656
10279.3 11.8819
10291.3 11.595
10303.3 11.3048
10315.3 11.0113
10327.3 10.7146
10339.3 10.4146
10351.4 10.1114
10363.4 9.80499
10375.4 9.49532
10387.4 9.18244
10399.4 8.86634
10411.4 8.54703
10423.4 8.22451
10435.4 7.89879
10447.4 7.56989
10459.5 7.2378
10471.5 6.90253
10483.5 6.5641
10495.5 6.2225
10507.5 5.87775
10519.5 5.52986
10531.5 5.17883
10543.5 4.82468
10555.6 4.46741
10567.6 4.10704
10579.6 3.74356
10591.6 3.377
10603.6 3.00737
10615.6 2.63467
10627.6 2.25892
10639.6 1.88012
10651.7 1.4983
10663.7 1.11346
10675.7 0.725609
10687.7 0.334771
10699.7 -0.0590448
10711.7 -0.455826
10723.7 -0.855558
10735.7 -1.25823
10747.7 -1.66382
10759.8 -2.07231
10771.8 -2.4837
10783.8 -2.89797
10795.8 -3.31509
10807.8 -3.73506
10819.8 -4.15785
10831.8 -4.58345
10843.8 -5.01185
10855.9 -5.44302
10867.9 -5.87694
10879.9 -6.31361
10891.9 -6.75299
10903.9 -7.19507
10915.9 -7.63983
10927.9 -8.08725
10939.9 -8.53731
10952 -8.98999
10964 -9.44527
10976 -9.90312
10988 -10.3635
11000 -10.8265
11012 -11.2919
11024 -11.7599
11036 -12.2303
11048 -12.7031
11060.1 -13.1784
11072.1 -13.656
11084.1 -14.1361
11096.1 -14.6184
11108.1 -14.8253
11120.1 -14.1224
11132.1 -13.4192
11144.1 -12.7157
11156.2 -12.0118
11168.2 -11.3075
11180.2 -10.6028
11192.2 -9.89773
11204.2 -9.19215
11216.2 -8.95076
11228.2 -9.22218
11240.2 -9.49515
11252.3 -9.76963
11264.3 -10.0456
11276.3 -10.323
11288.3 -10.6018
11300.3 -10.8821
11312.3 -11.1636
11324.3 -11.4784
11336.3 -11.8077
11348.3 -12.1383
11360.4 -12.4702
11372.4 -12.8034
11384.4 -13.1379
11396.4 -13.4736
11408.4 -13.8106
11420.4 -14.1487
11432.4 -13.8584
11444.4 -13.5301
11456.5 -13.2015
11468.5 -12.8726
11480.5 -12.5432
11492.5 -12.2134
11504.5 -11.8831
11516.5 -11.5523
11528.5 -11.0547
11540.5 -9.82566
11552.6 -8.5941
11564.6 -7.36003
11576.6 -6.1234
11588.6 -4.88417
11600.6 -3.64233
11612.6 -2.39782
11624.6 -1.15061
11636.6 0.467794
11648.6 2.60055
11660.7 4.73794
11672.7 6.87998
11684.7 9.02672
11696.7 11.1782
11708.7 13.3345
11720.7 15.4955
11732.7 17.6614
11744.7 19.8712
11756.8 22.1059
11768.8 24.3457
11780.8 26.5906
11792.8 28.8407
11804.8 31.096
11816.8 33.3565
11828.8 35.6223
11840.8 37.8934
11852.9 39.6185
11864.9 41.2833
11876.9 42.9523
11888.9 44.6255
11900.9 46.3029
11912.9 47.9846
11924.9 49.6707
11936.9 51.3611
11948.9 52.9179
11961 53.5451
11973 54.1746
11985 54.8065
11997 55.4408
12009 56.0776
12021 56.7168
12033 57.3586
12045 58.0029
12057.1 58.064
12069.1 57.1328
12081.1 56.2011
12093.1 55.2689
12105.1 54.3364
12117.1 53.4034
12129.1 52.4701
12141.1 51.5366
12153.2 50.6027
12165.2 48.1977
12177.2 44.8275
12189.2 41.4524
12201.2 38.0723
12213.2 34.6873
12225.2 31.2975
12237.2 27.9029
12249.2 24.5034
12261.3 21.0992
12273.3 16.658
12285.3 12.0113
12297.3 7.3574
12309.3 2.69651
12321.3 -1.97138
12333.3 -6.64625
12345.3 -11.3281
12357.4 -16.0168
12369.4 -20.7334
12381.4 -25.6964
12393.4 -30.6667
12405.4 -35.6443
12417.4 -40.6291
12429.4 -45.6212
12441.4 -50.6205
12453.5 -55.627
12465.5 -60.6407
12477.5 -65.1182
12489.5 -68.4162
12501.5 -71.718
12513.5 -75.0235
12525.5 -78.3327
12537.5 -81.6456
12549.5 -84.9621
12561.6 -88.2823
12573.6 -91.606
12585.6 -93.7213
12597.6 -94.8712
12609.6 -96.0205
12621.6 -97.1692
12633.6 -98.3171
12645.6 -99.4644
12657.7 -100.611
12669.7 -101.757
12681.7 -102.902
12693.7 -102.089
12705.7 -100.752
12717.7 -99.409
12729.7 -98.0607
12741.7 -96.7069
12753.8 -95.3476
12765.8 -93.9828
12777.8 -92.6123
12789.8 -91.1701
12801.8 -87.0432
12813.8 -82.9055
12825.8 -78.757
12837.8 -74.5977
12849.8 -70.4276
12861.9 -66.2467
12873.9 -62.0549
12885.9 -57.8523
12897.9 -53.5371
12909.9 -48.9299
12921.9 -44.3112
12933.9 -39.6809
12945.9 -35.0389
12958 -30.3854
12970 -25.7202
12982 -21.0434
12994 -16.3549
13006 -12.1745
13018 -8.5035
13030 -4.82278
13042 -1.13233
13054.1 2.56787
13066.1 6.27781
13078.1 9.99751
13090.1 13.727
13102.1 17.4662
13114.1 18.5022
13126.1 18.5577
13138.1 18.6163
13150.2 18.6778
13162.2 18.7423
13174.2 18.8098
13186.2 18.8803
13198.2 18.9538
13210.2 19.0302
13222.2 16.6186
13234.2 14.1437
13246.2 11.6673
13258.3 9.18909
13270.3 6.70925
13282.3 4.22774
13294.3 1.74454
13306.3 -0.740341
13318.3 -3.7185
13330.3 -8.55412
13342.3 -13.3957
13354.4 -18.2432
13366.4 -23.0966
13378.4 -27.956
13390.4 -32.8214
13402.4 -37.6928
13414.4 -42.5701
13426.4 -47.0982
13438.4 -51.1855
13450.5 -55.2773
13462.5 -59.3738
13474.5 -63.4748
13486.5 -67.5805
13498.5 -71.6907
13510.5 -75.8056
13522.5 -79.9252
13534.5 -82.5512
13546.5 -84.4915
13558.6 -86.4325
13570.6 -88.3743
13582.6 -90.317
13594.6 -92.2605
13606.6 -94.2048
13618.6 -96.1501
13630.6 -98.0962
13642.6 -97.3374
13654.7 -96.337
13666.7 -95.3323
13678.7 -94.3234
13690.7 -93.3103
13702.7 -92.2929
13714.7 -91.2714
13726.7 -90.2457
13738.7 -88.7404
13750.8 -84.7576
13762.8 -80.7654
13774.8 -76.764
13786.8 -72.7534
13798.8 -68.7336
13810.8 -64.7045
13822.8 -60.6663
13834.8 -56.6189
13846.8 -52.04
13858.9 -46.651
13870.9 -41.2506
13882.9 -35.8388
13894.9 -30.4156
13906.9 -24.9811
13918.9 -19.5352
13930.9 -14.078
13942.9 -8.60957
13955 -4.12188
13967 -0.210407
13979 3.70959
13991 7.63809
14003 11.5751
14015 15.5205
14027 19.4745
14039 23.4368
14051.1 27.4076
14063.1 27.8279
14075.1 27.7232
14087.1 27.62
14099.1 27.518
14111.1 27.4174
14123.1 27.3181
14135.1 27.2202
14147.1 27.1235
14159.2 26.509
14171.2 21.4586
14183.2 16.4011
14195.2 11.3364
14207.2 6.26452
14219.2 1.18536
14231.2 -3.90107
14243.2 -8.99478
14255.3 -14.0958
14267.3 -19.1004
14279.3 -23.9095
14291.3 -28.7255
14303.3 -33.5483
14315.3 -38.378
14327.3 -43.2146
14339.3 -48.0581
14351.4 -52.9085
14363.4 -57.7659
14375.4 -60.7745
14387.4 -62.4457
14399.4 -64.1187
14411.4 -65.7934
14423.4 -67.4697
14435.4 -69.1478
14447.4 -70.8277
14459.5 -72.5093
14471.5 -74.1927
14483.5 -73.0857
14495.5 -71.3394
14507.5 -69.5892
14519.5 -67.8352
14531.5 -66.0774
14543.5 -64.3158
14555.6 -62.5505
14567.6 -60.7813
14579.6 -58.906
14591.6 -55.3178
14603.6 -51.7229
14615.6 -48.1214
14627.6 -44.5131
14639.6 -40.8983
14651.7 -37.2768
14663.7 -33.6487
14675.7 -30.014
14687.7 -26.3611
14699.7 -22.6733
14711.7 -18.9789
14723.7 -15.2778
14735.7 -11.5702
14747.7 -7.8561
14759.8 -4.1354
14771.8 -0.408167
14783.8 3.32558
14795.8 5.36439
14807.8 5.86086
14819.8 6.35853
14831.8 6.85739
14843.8 7.35742
14855.9 7.8586
14867.9 8.36093
14879.9 8.86438
14891.9 9.36895
14903.9 6.33804
14915.9 2.22265
14927.9 -1.89912
14939.9 -6.02727
14952 -10.1618
14964 -14.3028
14976 -18.4501
14988 -22.6039
15000 -26.7642
15012 -31.3038
15024 -35.8506
15036 -40.4044
15048 -44.9653
15060.1 -49.5333
15072.1 -54.1085
15084.1 -58.6907
15096.1 -63.2801
15108.1 -67.6283
15120.1 -71.1684
15132.1 -74.714
15144.1 -78.2651
15156.2 -81.8217
15168.2 -85.3839
15180.2 -88.9515
15192.2 -92.5247
15204.2 -96.1035
15216.2 -97.3415
15228.2 -95.9951
15240.2 -94.6466
15252.3 -93.2958
15264.3 -91.9429
15276.3 -90.5878
15288.3 -89.2305
15300.3 -87.8711
15312.3 -86.5095
15324.3 -81.1838
15336.3 -74.2274
15348.3 -67.2601
15360.4 -60.282
15372.4 -53.2931
15384.4 -46.2932
15396.4 -39.2826
15408.4 -32.2611
15420.4 -25.2288
15432.4 -17.6652
15444.4 -10.0588
15456.5 -2.44079
15468.5 5.18891
15480.5 12.8303
15492.5 20.4832
15504.5 28.1478
15516.5 35.8241
15528.5 42.0988
15540.5 42.1745
15552.6 42.25
15564.6 42.3253
15576.6 42.4004
15588.6 42.4753
15600.6 42.55
15612.6 42.6245
15624.6 42.6987
15636.6 40.4241
15648.6 34.8906
15660.7 29.3482
15672.7 23.7969
15684.7 18.2368
15696.7 12.6678
15708.7 7.08998
15720.7 1.50326
15732.7 -4.09234
15744.7 -9.37606
15756.8 -14.5038
15768.8 -19.6398
15780.8 -24.7839
15792.8 -29.9361
15804.8 -35.0965
15816.8 -40.2651
15828.8 -45.4419
15840.8 -50.6269
15852.9 -53.0549
15864.9 -55.163
15876.9 -57.2745
15888.9 -59.3896
15900.9 -61.5082
15912.9 -63.6303
15924.9 -65.756
15936.9 -67.8852
15948.9 -69.2964
15961 -65.8325
15973 -62.3637
15985 -58.89
15997 -55.4114
16009 -51.928
16021 -48.4397
16033 -44.9465
16045 -41.4485
16057.1 -36.6426
16069.1 -29.6197
16081.1 -22.5866
16093.1 -15.5435
16105.1 -8.49021
16117.1 -1.42686
16129.1 5.64659
16141.1 12.7301
16153.2 19.8238
16165.2 24.1453
16177.2 26.6536
16189.2 29.1652
16201.2 31.68
16213.2 34.1981
16225.2 36.7194
16237.2 39.2439
16249.2 41.7717
16261.3 44.3027
16273.3 40.1277
16285.3 34.6538
16297.3 29.1712
16309.3 23.6802
16321.3 18.1805
16333.3 12.6722
16345.3 7.15534
16357.4 1.6299
16369.4 -3.96149
16381.4 -10.2154
16393.4 -16.4789
16405.4 -22.7521
16417.4 -29.0349
16429.4 -35.3273
16441.4 -41.6294
16453.5 -47.9411
16465.5 -54.2625
16477.5 -59.3545
16489.5 -61.7515
16501.5 -64.1524
16513.5 -66.5571
16525.5 -68.9658
16537.5 -71.3784
16549.5 -73.7949
16561.6 -76.2153
16573.6 -78.6396
16585.6 -77.4614
16597.6 -73.4066
16609.6 -69.3464
16621.6 -65.2806
16633.6 -61.2094
16645.6 -57.1327
16657.7 -53.0506
16669.7 -48.9629
16681.7 -44.8698
16693.7 -38.4391
16705.7 -31.3804
16717.7 -24.312
16729.7 -17.2339
16741.7 -10.1461
16753.8 -3.04859
16765.8 4.05866
16777.8 11.1756
16789.8 18.1768
16801.8 20.1066
16813.8 22.0388
16825.8 23.9731
16837.8 25.9098
16849.8 27.8487
16861.9 29.79
16873.9 31.7334
16885.9 33.6792
16897.9 33.3153
16909.9 26.5736
16921.9 19.8219
16933.9 13.0601
16945.9 6.28818
16958 -0.493782
16970 -7.28581
16982 -14.0879
16994 -20.9001
17006 -27.3137
17018 -33.3279
17030 -39.351
17042 -45.3831
17054.1 -51.424
17066.1 -57.4739
17078.1 -63.5327
17090.1 -69.6004
17102.1 -75.677
17114.1 -77.3885
17126.1 -77.5148
17138.1 -77.6415
17150.2 -77.7688
17162.2 -77.8967
17174.2 -78.0251
17186.2 -78.154
17198.2 -78.2835
17210.2 -78.4135
17222.2 -74.001
17234.2 -69.4704
17246.2 -64.9338
17258.3 -60.3912
17270.3 -55.8427
17282.3 -51.2883
17294.3 -46.7278
17306.3 -42.1615
17318.3 -37.694
17330.3 -33.6166
17342.3 -29.5339
17354.4 -25.446
17366.4 -21.3527
17378.4 -17.2542
17390.4 -13.1505
17402.4 -9.04145
17414.4 -4.92716
17426.4 -3.0727
17438.4 -4.06116
17450.5 -5.05139
17462.5 -6.04339
17474.5 -7.03717
17486.5 -8.03271
17498.5 -9.03001
17510.5 -10.0291
17522.5 -11.0299
17534.5 -14.7333
17546.5 -19.682
17558.6 -24.6378
17570.6 -29.6008
17582.6 -34.571
17594.6 -39.5483
17606.6 -44.5328
17618.6 -49.5244
17630.6 -54.5232
17642.6 -57.9054
17654.7 -61.15
17666.7 -64.3993
17678.7 -67.6533
17690.7 -70.9121
17702.7 -74.1756
17714.7 -77.4439
17726.7 -80.7169
17738.7 -82.1348
17750.8 -73.8846
17762.8 -65.6236
17774.8 -57.3517
17786.8 -49.0689
17798.8 -40.7753
17810.8 -32.4708
17822.8 -24.1554
17834.8 -15.8291
17846.8 -10.7646
17858.9 -10.7058
17870.9 -10.6472
17882.9 -10.5889
17894.9 -10.5309
17906.9 -10.4731
17918.9 -10.4156
17930.9 -10.3584
17942.9 -10.3014
17955 -10.2448
17967 -10.1883
17979 -10.1322
17991 -10.0763
18003 -10.0207
18015 -9.96529
18027 -9.91018
18039 -9.85533
18051.1 -9.80074
18063.1 -9.74641
18075.1 -9.69234
18087.1 -9.63852
18099.1 -9.58496
18111.1 -9.53165
18123.1 -9.47859
18135.1 -9.42579
18147.1 -9.37323
18159.2 -9.32093
18171.2 -9.26887
18183.2 -9.21706
18195.2 -9.1655
18207.2 -9.11418
18219.2 -9.06311
18231.2 -9.01229
18243.2 -8.9617
18255.3 -8.91136
18267.3 -8.86126
18279.3 -8.81139
18291.3 -8.76177
18303.3 -8.71238
18315.3 -8.66323
18327.3 -8.61432
18339.3 -8.56564
18351.4 -8.5172
18363.4 -8.46898
18375.4 -8.421
18387.4 -8.37325
18399.4 -8.32574
18411.4 -8.27844
18423.4 -8.23138
18435.4 -8.18455
18447.4 -8.13794
18459.5 -8.09155
18471.5 -8.04539
18483.5 -7.99945
18495.5 -7.95374
18507.5 -7.90824
18519.5 -7.86297
18531.5 -7.81791
18543.5 -7.77307
18555.6 -7.72845
18567.6 -7.68405
18579.6 -7.63986
18591.6 -7.59589
18603.6 -7.55213
18615.6 -7.50858
18627.6 -7.46524
18639.6 -7.42212
18651.7 -7.3792
18663.7 -7.33649
18675.7 -7.29399
18687.7 -7.2517
18699.7 -7.20961
18711.7 -7.16773
18723.7 -7.12605
18735.7 -7.08458
18747.7 -7.0433
18759.8 -7.00223
18771.8 -6.96136
18783.8 -6.92069
18795.8 -6.88022
18807.8 -6.83994
18819.8 -6.79986
18831.8 -6.75998
18843.8 -6.72029
18855.9 -6.6808
18867.9 -6.64149
18879.9 -6.60239
18891.9 -6.56347
18903.9 -6.52474
18915.9 -6.4862
18927.9 -6.44785
18939.9 -6.40969
18952 -6.37172
18964 -6.33393
18976 -6.29633
18988 -6.25891
19000 -6.22167
