7000 -135.143
7012.01 -136.807
7024.02 -138.411
7036.04 -139.951
7048.05 -141.421
7060.06 -142.816
7072.07 -144.13
7084.08 -145.36
7096.1 -146.499
7108.11 -147.545
7120.12 -148.493
7132.13 -149.34
7144.14 -150.082
7156.16 -150.717
7168.17 -151.242
7180.18 -151.656
7192.19 -151.957
7204.2 -152.145
7216.22 -152.219
7228.23 -152.18
7240.24 -152.029
7252.25 -151.767
7264.26 -151.396
7276.28 -150.918
7288.29 -150.337
7300.3 -149.654
7312.31 -148.875
7324.32 -148.002
7336.34 -147.04
7348.35 -145.994
7360.36 -144.868
7372.37 -143.667
7384.38 -142.396
7396.4 -141.059
7408.41 -139.663
7420.42 -138.213
7432.43 -136.712
7444.44 -135.167
7456.46 -133.582
7468.47 -131.961
7480.48 -130.311
7492.49 -128.635
7504.5 -126.937
7516.52 -125.222
7528.53 -123.494
7540.54 -121.761
7552.55 -120.022
7564.56 -118.281
7576.58 -116.539
7588.59 -114.801
7600.6 -113.068
7612.61 -111.344
7624.62 -109.631
7636.64 -108.049
7648.65 -106.647
7660.66 -105.261
7672.67 -103.895
7684.68 -102.548
7696.7 -101.223
7708.71 -99.9196
7720.72 -98.6399
7732.73 -97.3844
7744.74 -96.0334
7756.76 -94.6448
7768.77 -93.2814
7780.78 -91.9437
7792.79 -90.6319
7804.8 -89.3462
7816.82 -88.0867
7828.83 -86.8536
7840.84 -85.6467
7852.85 -84.3091
7864.86 -82.9786
7876.88 -81.6735
7888.89 -80.3936
7900.9 -79.1387
7912.91 -77.9086
7924.92 -76.7029
7936.94 -75.5213
7948.95 -74.3366
7960.96 -72.9974
7972.97 -71.6806
7984.98 -70.3858
7997 -69.1127
8009.01 -67.8608
8021.02 -66.6298
8033.03 -65.4192
8045.05 -64.2285
8057.06 -63.0296
8069.07 -61.802
8081.08 -60.5929
8093.09 -59.4019
8105.11 -58.2285
8117.12 -57.0723
8129.13 -55.9329
8141.14 -54.81
8153.15 -53.703
8165.17 -52.0889
8177.18 -50.1477
8189.19 -48.2188
8201.2 -46.3017
8213.21 -44.3961
8225.23 -42.5016
8237.24 -40.6179
8249.25 -38.7446
8261.26 -36.8813
8273.27 -35.5569
8285.29 -34.3429
8297.3 -33.1397
8309.31 -31.9471
8321.32 -30.7647
8333.33 -29.5922
8345.35 -28.4293
8357.36 -27.2757
8369.37 -26.1821
8381.38 -25.6917
8393.39 -25.2116
8405.41 -24.7416
8417.42 -24.2813
8429.43 -23.8306
8441.44 -23.3891
8453.45 -22.9566
8465.47 -22.5329
8477.48 -22.1178
8489.49 -21.7109
8501.5 -21.3122
8513.51 -20.9214
8525.53 -20.5382
8537.54 -20.1624
8549.55 -19.794
8561.56 -19.4325
8573.57 -19.078
8585.59 -18.7301
8597.6 -18.3888
8609.61 -18.0537
8621.62 -17.7248
8633.63 -17.4019
8645.65 -17.0847
8657.66 -16.7732
8669.67 -16.4672
8681.68 -16.1666
8693.69 -15.871
8705.71 -15.5806
8717.72 -15.2949
8729.73 -15.0141
8741.74 -14.7378
8753.75 -14.466
8765.77 -14.1985
8777.78 -13.9352
8789.79 -13.6759
8801.8 -13.4206
8813.81 -13.1691
8825.83 -12.9213
8837.84 -12.6771
8849.85 -12.4363
8861.86 -12.1989
8873.87 -11.9647
8885.89 -11.7336
8897.9 -11.5055
8909.91 -11.2803
8921.92 -11.0579
8933.93 -10.8382
8945.95 -10.621
8957.96 -10.4064
8969.97 -10.1941
8981.98 -9.98417
8993.99 -9.77638
9006.01 -9.57069
9018.02 -9.36699
9030.03 -9.16519
9042.04 -8.96521
9054.05 -8.76694
9066.07 -8.5703
9078.08 -8.37519
9090.09 -8.18153
9102.1 -7.98923
9114.11 -7.79819
9126.13 -7.60833
9138.14 -7.41957
9150.15 -7.23181
9162.16 -7.04497
9174.17 -6.85896
9186.19 -6.6737
9198.2 -6.4891
9210.21 -6.30508
9222.22 -6.12154
9234.23 -5.93841
9246.25 -5.7556
9258.26 -5.57302
9270.27 -5.39058
9282.28 -5.20821
9294.29 -5.02581
9306.31 -4.84329
9318.32 -4.66058
9330.33 -4.47758
9342.34 -4.29421
9354.35 -4.11037
9366.37 -3.92598
9378.38 -3.74095
9390.39 -3.55518
9402.4 -3.36859
9414.41 -3.18109
9426.43 -2.99258
9438.44 -2.80296
9450.45 -2.61215
9462.46 -2.42004
9474.47 -2.22655
9486.49 -2.03156
9498.5 -1.83498
9510.51 -1.63672
9522.52 -1.43666
9534.53 -1.2347
9546.55 -1.03075
9558.56 -0.824678
9570.57 -0.61639
9582.58 -0.405773
9594.59 -0.192712
9606.61 0.0229063
9618.62 0.241199
9630.63 0.462286
9642.64 0.686287
9654.65 0.913327
9666.67 1.14353
9678.68 1.37703
9690.69 1.61395
9702.7 1.85443
9714.71 2.09861
9726.73 2.34661
9738.74 2.5986
9750.75 2.85471
9762.76 3.11508
9774.77 3.37989
9786.79 3.64927
9798.8 3.92339
9810.81 4.20241
9822.82 4.4865
9834.83 4.77582
9846.85 5.07056
9858.86 5.3709
9870.87 5.677
9882.88 5.98908
9894.89 6.3073
9906.91 6.63188
9918.92 6.96302
9930.93 7.30091
9942.94 7.64578
9954.95 7.99784
9966.97 8.35732
9978.98 8.72444
9990.99 9.09943
10003 9.48255
10015 9.87402
10027 10.2741
10039 10.6831
10051.1 11.1012
10063.1 11.5287
10075.1 11.966
10087.1 12.4132
10099.1 12.8707
10111.1 13.3387
10123.1 13.8177
10135.1 14.3078
10147.1 14.8095
10159.2 15.323
10171.2 15.8488
10183.2 16.3871
10195.2 16.9383
10207.2 17.5028
10219.2 18.0809
10231.2 18.6731
10243.2 19.2798
10255.3 19.9012
10267.3 20.5379
10279.3 21.1903
10291.3 21.8587
10303.3 22.5437
10315.3 23.2457
10327.3 23.9651
10339.3 24.7025
10351.4 25.4582
10363.4 26.2327
10375.4 27.0267
10387.4 27.8404
10399.4 28.6746
10411.4 29.5296
10423.4 30.406
10435.4 31.3043
10447.4 32.225
10459.5 33.1688
10471.5 34.136
10483.5 35.1274
10495.5 36.1433
10507.5 37.1845
10519.5 38.2513
10531.5 39.3443
10543.5 40.4642
10555.6 41.6113
10567.6 42.7863
10579.6 43.9896
10591.6 45.2218
10603.6 46.4833
10615.6 47.7747
10627.6 49.0962
10639.6 50.4485
10651.7 51.8318
10663.7 53.2465
10675.7 54.6929
10687.7 56.1714
10699.7 57.6821
10711.7 59.2252
10723.7 60.8009
10735.7 62.4091
10747.7 64.05
10759.8 65.7234
10771.8 67.429
10783.8 69.1668
10795.8 70.9362
10807.8 72.7368
10819.8 74.568
10831.8 76.429
10843.8 78.3191
10855.9 80.2372
10867.9 82.1821
10879.9 84.1526
10891.9 86.1471
10903.9 88.1639
10915.9 90.2012
10927.9 92.257
10939.9 94.3289
10952 96.4144
10964 98.5109
10976 100.615
10988 102.725
11000 104.835
11012 106.944
11024 109.046
11036 111.139
11048 113.217
11060.1 115.276
11072.1 117.311
11084.1 119.317
11096.1 121.29
11108.1 122.673
11120.1 122.204
11132.1 121.681
11144.1 121.096
11156.2 120.446
11168.2 119.723
11180.2 118.923
11192.2 118.039
11204.2 117.067
11216.2 116.629
11228.2 116.786
11240.2 116.842
11252.3 116.792
11264.3 116.631
11276.3 116.356
11288.3 115.962
11300.3 115.447
11312.3 114.807
11324.3 114.854
11336.3 115.108
11348.3 115.234
11360.4 115.232
11372.4 115.101
11384.4 114.843
11396.4 114.457
11408.4 113.946
11420.4 113.31
11432.4 112.841
11444.4 112.271
11456.5 111.586
11468.5 110.79
11480.5 109.886
11492.5 108.879
11504.5 107.774
11516.5 106.575
11528.5 105.429
11540.5 104.821
11552.6 104.136
11564.6 103.38
11576.6 102.559
11588.6 101.677
11600.6 100.741
11612.6 99.7552
11624.6 98.7255
11636.6 97.6645
11648.6 96.5804
11660.7 95.4673
11672.7 94.3301
11684.7 93.1732
11696.7 92.001
11708.7 90.8177
11720.7 89.6271
11732.7 88.4331
11744.7 86.862
11756.8 85.1002
11768.8 83.3435
11780.8 81.5948
11792.8 79.8567
11804.8 78.1315
11816.8 76.4217
11828.8 74.7291
11840.8 73.0555
11852.9 71.1201
11864.9 69.1732
11876.9 67.2493
11888.9 65.3495
11900.9 63.475
11912.9 61.6265
11924.9 59.8049
11936.9 58.0108
11948.9 56.1729
11961 53.8772
11973 51.6093
11985 49.3693
11997 47.1576
12009 44.9741
12021 42.819
12033 40.6922
12045 38.5935
12057.1 36.4171
12069.1 34.0888
12081.1 31.7876
12093.1 29.5132
12105.1 27.2654
12117.1 25.0438
12129.1 22.8481
12141.1 20.678
12153.2 18.533
12165.2 15.906
12177.2 12.9709
12189.2 10.0581
12201.2 7.16703
12213.2 4.29728
12225.2 1.44838
12237.2 -1.38011
12249.2 -4.18868
12261.3 -6.97779
12273.3 -9.58185
12285.3 -12.1351
12297.3 -14.6698
12309.3 -17.1866
12321.3 -19.6859
12333.3 -22.1681
12345.3 -24.6336
12357.4 -27.083
12369.4 -29.4481
12381.4 -31.0157
12393.4 -32.5669
12405.4 -34.1019
12417.4 -35.6213
12429.4 -37.1253
12441.4 -38.6146
12453.5 -40.0893
12465.5 -41.55
12477.5 -42.4443
12489.5 -42.1186
12501.5 -41.7766
12513.5 -41.4185
12525.5 -41.0448
12537.5 -40.6558
12549.5 -40.2518
12561.6 -39.8331
12573.6 -39.4001
12585.6 -39.2667
12597.6 -39.3701
12609.6 -39.4612
12621.6 -39.5402
12633.6 -39.6075
12645.6 -39.6633
12657.7 -39.7079
12669.7 -39.7415
12681.7 -39.7644
12693.7 -40.333
12705.7 -41.0402
12717.7 -41.7388
12729.7 -42.4289
12741.7 -43.1109
12753.8 -43.7849
12765.8 -44.4512
12777.8 -45.1099
12789.8 -45.758
12801.8 -46.2659
12813.8 -46.7666
12825.8 -47.2603
12837.8 -47.7471
12849.8 -48.2274
12861.9 -48.7011
12873.9 -49.1686
12885.9 -49.63
12897.9 -50.2737
12909.9 -51.4315
12921.9 -52.5849
12933.9 -53.7342
12945.9 -54.8794
12958 -56.0208
12970 -57.1584
12982 -58.2924
12994 -59.4229
13006 -60.4308
13018 -61.316
13030 -62.1976
13042 -63.0758
13054.1 -63.9508
13066.1 -64.8225
13078.1 -65.6911
13090.1 -66.5567
13102.1 -67.4195
13114.1 -68.8993
13126.1 -70.6026
13138.1 -72.3049
13150.2 -74.0062
13162.2 -75.7067
13174.2 -77.4065
13186.2 -79.1056
13198.2 -80.8041
13210.2 -82.5021
13222.2 -83.9778
13234.2 -85.4473
13246.2 -86.9161
13258.3 -88.3843
13270.3 -89.852
13282.3 -91.3192
13294.3 -92.7861
13306.3 -94.2527
13318.3 -95.6384
13330.3 -96.7194
13342.3 -97.7997
13354.4 -98.8792
13366.4 -99.958
13378.4 -101.036
13390.4 -102.114
13402.4 -103.191
13414.4 -104.268
13426.4 -104.428
13438.4 -103.436
13450.5 -102.44
13462.5 -101.44
13474.5 -100.436
13486.5 -99.4282
13498.5 -98.4166
13510.5 -97.4013
13522.5 -96.3822
13534.5 -95.7195
13546.5 -95.2192
13558.6 -94.7161
13570.6 -94.2105
13582.6 -93.7022
13594.6 -93.1914
13606.6 -92.6782
13618.6 -92.1624
13630.6 -91.6442
13642.6 -91.5872
13654.7 -91.5694
13666.7 -91.5501
13678.7 -91.5294
13690.7 -91.5074
13702.7 -91.4839
13714.7 -91.4591
13726.7 -91.4331
13738.7 -91.486
13750.8 -91.9551
13762.8 -92.4238
13774.8 -92.8922
13786.8 -93.3604
13798.8 -93.8282
13810.8 -94.2958
13822.8 -94.7631
13834.8 -95.2302
13846.8 -95.9102
13858.9 -96.9167
13870.9 -97.9241
13882.9 -98.9322
13894.9 -99.9412
13906.9 -100.951
13918.9 -101.962
13930.9 -102.973
13942.9 -103.985
13955 -105.296
13967 -106.783
13979 -108.272
13991 -109.763
14003 -111.255
14015 -112.749
14027 -114.245
14039 -115.743
14051.1 -117.243
14063.1 -118.919
14075.1 -120.623
14087.1 -122.33
14099.1 -124.039
14111.1 -125.749
14123.1 -127.462
14135.1 -129.178
14147.1 -130.895
14159.2 -132.387
14171.2 -131.934
14183.2 -131.479
14195.2 -131.023
14207.2 -130.566
14219.2 -130.107
14231.2 -129.647
14243.2 -129.185
14255.3 -128.721
14267.3 -128.121
14279.3 -127.253
14291.3 -126.382
14303.3 -125.51
14315.3 -124.636
14327.3 -123.759
14339.3 -122.88
14351.4 -121.999
14363.4 -121.116
14375.4 -120.618
14387.4 -120.397
14399.4 -120.176
14411.4 -119.953
14423.4 -119.73
14435.4 -119.505
14447.4 -119.28
14459.5 -119.053
14471.5 -118.825
14483.5 -118.739
14495.5 -118.686
14507.5 -118.631
14519.5 -118.575
14531.5 -118.519
14543.5 -118.462
14555.6 -118.404
14567.6 -118.346
14579.6 -118.336
14591.6 -119.152
14603.6 -119.969
14615.6 -120.786
14627.6 -121.604
14639.6 -122.422
14651.7 -123.241
14663.7 -124.061
14675.7 -124.881
14687.7 -125.959
14699.7 -127.67
14711.7 -129.383
14723.7 -131.099
14735.7 -132.815
14747.7 -134.534
14759.8 -136.255
14771.8 -137.977
14783.8 -139.702
14795.8 -141.175
14807.8 -142.421
14819.8 -143.667
14831.8 -144.915
14843.8 -146.164
14855.9 -147.413
14867.9 -148.664
14879.9 -149.915
14891.9 -151.167
14903.9 -150.908
14915.9 -150.185
14927.9 -149.46
14939.9 -148.733
14952 -148.003
14964 -147.271
14976 -146.536
14988 -145.799
15000 -145.06
15012 -144.255
15024 -143.448
15036 -142.639
15048 -141.826
15060.1 -141.011
15072.1 -140.193
15084.1 -139.373
15096.1 -138.549
15108.1 -137.83
15120.1 -137.458
15132.1 -137.083
15144.1 -136.707
15156.2 -136.328
15168.2 -135.947
15180.2 -135.564
15192.2 -135.179
15204.2 -134.791
15216.2 -134.715
15228.2 -134.982
15240.2 -135.248
15252.3 -135.513
15264.3 -135.776
15276.3 -136.037
15288.3 -136.298
15300.3 -136.557
15312.3 -136.814
15324.3 -137.62
15336.3 -138.651
15348.3 -139.682
15360.4 -140.712
15372.4 -141.742
15384.4 -142.772
15396.4 -143.801
15408.4 -144.829
15420.4 -145.857
15432.4 -147.847
15444.4 -149.896
15456.5 -151.946
15468.5 -153.996
15480.5 -156.048
15492.5 -158.1
15504.5 -160.153
15516.5 -162.207
15528.5 -163.992
15540.5 -164.593
15552.6 -165.193
15564.6 -165.791
15576.6 -166.387
15588.6 -166.982
15600.6 -167.574
15612.6 -168.165
15624.6 -168.755
15636.6 -168.786
15648.6 -168.044
15660.7 -167.298
15672.7 -166.548
15684.7 -165.794
15696.7 -165.036
15708.7 -164.274
15720.7 -163.508
15732.7 -162.738
15744.7 -162.376
15756.8 -162.223
15768.8 -162.067
15780.8 -161.907
15792.8 -161.744
15804.8 -161.577
15816.8 -161.407
15828.8 -161.233
15840.8 -161.056
15852.9 -161.97
15864.9 -163.01
15876.9 -164.048
15888.9 -165.085
15900.9 -166.12
15912.9 -167.153
15924.9 -168.184
15936.9 -169.213
15948.9 -170.317
15961 -171.943
15973 -173.569
15985 -175.193
15997 -176.815
16009 -178.437
16021 -180.057
16033 -181.675
16045 -183.293
16057.1 -185.118
16069.1 -187.296
16081.1 -189.474
16093.1 -191.652
16105.1 -193.828
16117.1 -196.004
16129.1 -198.179
16141.1 -200.353
16153.2 -202.527
16165.2 -204.594
16177.2 -206.591
16189.2 -208.587
16201.2 -210.581
16213.2 -212.574
16225.2 -214.567
16237.2 -216.557
16249.2 -218.547
16261.3 -220.535
16273.3 -220.582
16285.3 -220.251
16297.3 -219.916
16309.3 -219.576
16321.3 -219.23
16333.3 -218.88
16345.3 -218.525
16357.4 -218.165
16369.4 -217.841
16381.4 -217.983
16393.4 -218.12
16405.4 -218.254
16417.4 -218.383
16429.4 -218.507
16441.4 -218.627
16453.5 -218.743
16465.5 -218.854
16477.5 -219.143
16489.5 -219.826
16501.5 -220.504
16513.5 -221.18
16525.5 -221.851
16537.5 -222.518
16549.5 -223.182
16561.6 -223.842
16573.6 -224.498
16585.6 -225.398
16597.6 -226.492
16609.6 -227.583
16621.6 -228.67
16633.6 -229.754
16645.6 -230.835
16657.7 -231.912
16669.7 -232.987
16681.7 -234.057
16693.7 -235.757
16705.7 -237.621
16717.7 -239.483
16729.7 -241.343
16741.7 -243.2
16753.8 -245.056
16765.8 -246.909
16777.8 -248.76
16789.8 -250.596
16801.8 -251.901
16813.8 -253.202
16825.8 -254.501
16837.8 -255.797
16849.8 -257.09
16861.9 -258.379
16873.9 -259.666
16885.9 -260.949
16897.9 -261.569
16909.9 -260.362
16921.9 -259.148
16933.9 -257.927
16945.9 -256.7
16958 -255.467
16970 -254.227
16982 -252.98
16994 -251.726
17006 -250.4
17018 -248.999
17030 -247.593
17042 -246.179
17054.1 -244.758
17066.1 -243.331
17078.1 -241.897
17090.1 -240.456
17102.1 -239.009
17114.1 -237.851
17126.1 -236.795
17138.1 -235.733
17150.2 -234.665
17162.2 -233.591
17174.2 -232.51
17186.2 -231.423
17198.2 -230.331
17210.2 -229.232
17222.2 -228.459
17234.2 -227.69
17246.2 -226.915
17258.3 -226.134
17270.3 -225.348
17282.3 -224.556
17294.3 -223.758
17306.3 -222.955
17318.3 -222.282
17330.3 -222.116
17342.3 -221.945
17354.4 -221.769
17366.4 -221.589
17378.4 -221.405
17390.4 -221.216
17402.4 -221.022
17414.4 -220.824
17426.4 -220.752
17438.4 -220.839
17450.5 -220.923
17462.5 -221.003
17474.5 -221.079
17486.5 -221.15
17498.5 -221.218
17510.5 -221.282
17522.5 -221.342
17534.5 -220.324
17546.5 -218.808
17558.6 -217.285
17570.6 -215.757
17582.6 -214.223
17594.6 -212.683
17606.6 -211.137
17618.6 -209.585
17630.6 -208.027
17642.6 -205.425
17654.7 -202.724
17666.7 -200.016
17678.7 -197.3
17690.7 -194.578
17702.7 -191.848
17714.7 -189.111
17726.7 -186.367
17738.7 -184.552
17750.8 -187.604
17762.8 -190.657
17774.8 -193.71
17786.8 -196.764
17798.8 -199.819
17810.8 -202.875
17822.8 -205.933
17834.8 -208.991
17846.8 -210.754
17858.9 -210.532
17870.9 -210.307
17882.9 -210.078
17894.9 -209.847
17906.9 -209.612
17918.9 -209.373
17930.9 -209.132
17942.9 -208.887
17955 -208.64
17967 -208.389
17979 -208.135
17991 -207.878
18003 -207.618
18015 -207.356
18027 -207.09
18039 -206.821
18051.1 -206.55
18063.1 -206.276
18075.1 -205.998
18087.1 -205.719
18099.1 -205.436
18111.1 -205.151
18123.1 -204.863
18135.1 -204.572
18147.1 -204.279
18159.2 -203.983
18171.2 -203.685
18183.2 -203.384
18195.2 -203.08
18207.2 -202.775
18219.2 -202.467
18231.2 -202.156
18243.2 -201.843
18255.3 -201.528
18267.3 -201.21
18279.3 -200.891
18291.3 -200.569
18303.3 -200.245
18315.3 -199.918
18327.3 -199.59
18339.3 -199.26
18351.4 -198.927
18363.4 -198.593
18375.4 -198.256
18387.4 -197.918
18399.4 -197.577
18411.4 -197.235
18423.4 -196.891
18435.4 -196.545
18447.4 -196.197
18459.5 -195.848
18471.5 -195.496
18483.5 -195.143
18495.5 -194.789
18507.5 -194.432
18519.5 -194.074
18531.5 -193.715
18543.5 -193.354
18555.6 -192.991
18567.6 -192.627
18579.6 -192.262
18591.6 -191.895
18603.6 -191.526
18615.6 -191.157
18627.6 -190.785
18639.6 -190.413
18651.7 -190.039
18663.7 -189.664
18675.7 -189.288
18687.7 -188.911
18699.7 -188.532
18711.7 -188.153
18723.7 -187.772
18735.7 -187.39
18747.7 -187.007
18759.8 -186.623
18771.8 -186.238
18783.8 -185.852
18795.8 -185.465
18807.8 -185.077
18819.8 -184.688
18831.8 -184.298
18843.8 -183.908
18855.9 -183.517
18867.9 -183.124
18879.9 -182.732
18891.9 -182.338
18903.9 -181.943
18915.9 -181.548
18927.9 -181.153
18939.9 -180.756
18952 -180.359
18964 -179.961
18976 -179.563
18988 -179.164
19000 -178.765
