7000 -19.8928
7012.01 -20.2509
7024.02 -20.6065
7036.04 -20.9596
7048.05 -21.3102
7060.06 -21.6583
7072.07 -22.0037
7084.08 -22.3466
7096.1 -22.6869
7108.11 -23.0245
7120.12 -23.3594
7132.13 -23.6916
7144.14 -24.0211
7156.16 -24.3479
7168.17 -24.672
7180.18 -24.9933
7192.19 -25.3118
7204.2 -25.6276
7216.22 -25.9406
7228.23 -26.2509
7240.24 -26.5584
7252.25 -26.8632
7264.26 -27.1652
7276.28 -27.4645
7288.29 -27.7612
7300.3 -28.0552
7312.31 -28.3465
7324.32 -28.6353
7336.34 -28.9215
7348.35 -29.2054
7360.36 -29.4868
7372.37 -29.7661
7384.38 -30.0432
7396.4 -30.3186
7408.41 -30.5923
7420.42 -30.8648
7432.43 -31.1368
7444.44 -31.4092
7456.46 -31.6842
7468.47 -31.9672
7480.48 -32.2716
7492.49 -32.5423
7504.5 -32.796
7516.52 -33.037
7528.53 -33.2668
7540.54 -33.4856
7552.55 -33.6924
7564.56 -33.8851
7576.58 -34.055
7588.59 -34.201
7600.6 -34.3727
7612.61 -34.5498
7624.62 -34.7283
7636.64 -34.9065
7648.65 -35.0832
7660.66 -35.2573
7672.67 -35.4275
7684.68 -35.588
7696.7 -35.7489
7708.71 -35.915
7720.72 -36.0824
7732.73 -36.2498
7744.74 -36.4169
7756.76 -36.5832
7768.77 -36.7484
7780.78 -36.9125
7792.79 -37.0748
7804.8 -37.2362
7816.82 -37.3965
7828.83 -37.5556
7840.84 -37.7132
7852.85 -37.8693
7864.86 -38.0237
7876.88 -38.1762
7888.89 -38.3264
7900.9 -38.4729
7912.91 -38.6203
7924.92 -38.7673
7936.94 -38.9134
7948.95 -39.0582
7960.96 -39.2014
7972.97 -39.3427
7984.98 -39.4812
7997 -39.6142
8009.01 -39.7402
8021.02 -39.8769
8033.03 -40.0177
8045.05 -40.1614
8057.06 -40.3076
8069.07 -40.4562
8081.08 -40.6075
8093.09 -40.7621
8105.11 -40.9218
8117.12 -41.0847
8129.13 -41.2477
8141.14 -41.4137
8153.15 -41.5841
8165.17 -41.7608
8177.18 -41.9466
8189.19 -42.1463
8201.2 -42.3717
8213.21 -42.6827
8225.23 -42.9285
8237.24 -43.1163
8249.25 -43.27
8261.26 -43.3957
8273.27 -43.4943
8285.29 -43.5635
8297.3 -43.5958
8309.31 -43.5686
8321.32 -43.4036
8333.33 -43.3701
8345.35 -43.4018
8357.36 -43.4743
8369.37 -43.5811
8381.38 -43.7222
8393.39 -43.903
8405.41 -44.1384
8417.42 -44.4796
8429.43 -44.9818
8441.44 -45.2479
8453.45 -45.4189
8465.47 -45.522
8477.48 -45.5648
8489.49 -45.5459
8501.5 -45.4555
8513.51 -45.2662
8525.53 -44.8599
8537.54 -44.362
8549.55 -44.1465
8561.56 -44.0308
8573.57 -43.9838
8585.59 -43.9936
8597.6 -44.0568
8609.61 -44.1772
8621.62 -44.3717
8633.63 -44.7465
8645.65 -45.0458
8657.66 -45.2611
8669.67 -45.4417
8681.68 -45.6015
8693.69 -45.747
8705.71 -45.882
8717.72 -46.0088
8729.73 -46.1291
8741.74 -46.2438
8753.75 -46.354
8765.77 -46.4601
8777.78 -46.5628
8789.79 -46.6623
8801.8 -46.7591
8813.81 -46.8533
8825.83 -46.9453
8837.84 -47.0351
8849.85 -47.1229
8861.86 -47.2089
8873.87 -47.2931
8885.89 -47.3757
8897.9 -47.4568
8909.91 -47.5364
8921.92 -47.6146
8933.93 -47.6914
8945.95 -47.767
8957.96 -47.8413
8969.97 -47.9144
8981.98 -47.9864
8993.99 -48.0572
9006.01 -48.1269
9018.02 -48.1955
9030.03 -48.2631
9042.04 -48.3297
9054.05 -48.3953
9066.07 -48.4599
9078.08 -48.5235
9090.09 -48.5862
9102.1 -48.648
9114.11 -48.7088
9126.13 -48.7687
9138.14 -48.8278
9150.15 -48.8859
9162.16 -48.9432
9174.17 -48.9995
9186.19 -49.055
9198.2 -49.1097
9210.21 -49.1634
9222.22 -49.2164
9234.23 -49.2684
9246.25 -49.3197
9258.26 -49.37
9270.27 -49.4195
9282.28 -49.4682
9294.29 -49.516
9306.31 -49.563
9318.32 -49.6091
9330.33 -49.6543
9342.34 -49.6987
9354.35 -49.7422
9366.37 -49.7848
9378.38 -49.8266
9390.39 -49.8675
9402.4 -49.9075
9414.41 -49.9466
9426.43 -49.9848
9438.44 -50.0221
9450.45 -50.0585
9462.46 -50.0939
9474.47 -50.1284
9486.49 -50.162
9498.5 -50.1946
9510.51 -50.2262
9522.52 -50.2568
9534.53 -50.2865
9546.55 -50.3152
9558.56 -50.3428
9570.57 -50.3694
9582.58 -50.3949
9594.59 -50.4194
9606.61 -50.4428
9618.62 -50.4651
9630.63 -50.4864
9642.64 -50.5064
9654.65 -50.5254
9666.67 -50.5431
9678.68 -50.5597
9690.69 -50.5751
9702.7 -50.5893
9714.71 -50.6022
9726.73 -50.6139
9738.74 -50.6243
9750.75 -50.6334
9762.76 -50.6411
9774.77 -50.6475
9786.79 -50.6526
9798.8 -50.6562
9810.81 -50.6584
9822.82 -50.6592
9834.83 -50.6585
9846.85 -50.6563
9858.86 -50.6526
9870.87 -50.6474
9882.88 -50.6405
9894.89 -50.6321
9906.91 -50.622
9918.92 -50.6103
9930.93 -50.5968
9942.94 -50.5817
9954.95 -50.5648
9966.97 -50.5461
9978.98 -50.5256
9990.99 -50.5032
10003 -50.479
10015 -50.4528
10027 -50.4247
10039 -50.3947
10051.1 -50.3626
10063.1 -50.3284
10075.1 -50.2922
10087.1 -50.2539
10099.1 -50.2134
10111.1 -50.1707
10123.1 -50.1257
10135.1 -50.0785
10147.1 -50.029
10159.2 -49.9772
10171.2 -49.923
10183.2 -49.8663
10195.2 -49.8072
10207.2 -49.7456
10219.2 -49.6815
10231.2 -49.6148
10243.2 -49.5455
10255.3 -49.4735
10267.3 -49.3988
10279.3 -49.3214
10291.3 -49.2412
10303.3 -49.1581
10315.3 -49.0723
10327.3 -48.9835
10339.3 -48.8918
10351.4 -48.797
10363.4 -48.6993
10375.4 -48.5985
10387.4 -48.4946
10399.4 -48.3875
10411.4 -48.2773
10423.4 -48.1638
10435.4 -48.0471
10447.4 -47.927
10459.5 -47.8036
10471.5 -47.6768
10483.5 -47.5466
10495.5 -47.4128
10507.5 -47.2756
10519.5 -47.1349
10531.5 -46.9905
10543.5 -46.8425
10555.6 -46.6909
10567.6 -46.5355
10579.6 -46.3765
10591.6 -46.2136
10603.6 -46.0469
10615.6 -45.8764
10627.6 -45.702
10639.6 -45.5237
10651.7 -45.3414
10663.7 -45.1551
10675.7 -44.9648
10687.7 -44.7705
10699.7 -44.572
10711.7 -44.3695
10723.7 -44.1628
10735.7 -43.9519
10747.7 -43.7367
10759.8 -43.5173
10771.8 -43.2936
10783.8 -43.0656
10795.8 -42.8332
10807.8 -42.5964
10819.8 -42.3551
10831.8 -42.1094
10843.8 -41.8591
10855.9 -41.6042
10867.9 -41.3446
10879.9 -41.0803
10891.9 -40.8113
10903.9 -40.5374
10915.9 -40.2585
10927.9 -39.9745
10939.9 -39.6854
10952 -39.3909
10964 -39.0908
10976 -38.785
10988 -38.4732
11000 -38.155
11012 -37.83
11024 -37.4976
11036 -37.1569
11048 -36.807
11060.1 -36.446
11072.1 -36.0714
11084.1 -35.6783
11096.1 -35.2552
11108.1 -34.7436
11120.1 -34.2917
11132.1 -33.8897
11144.1 -33.5143
11156.2 -33.159
11168.2 -32.8214
11180.2 -32.5013
11192.2 -32.201
11204.2 -31.929
11216.2 -31.7139
11228.2 -31.4555
11240.2 -31.1802
11252.3 -30.898
11264.3 -30.613
11276.3 -30.3281
11288.3 -30.0458
11300.3 -29.7703
11312.3 -29.512
11324.3 -29.2808
11336.3 -29.0048
11348.3 -28.7106
11360.4 -28.4039
11372.4 -28.0864
11384.4 -27.7587
11396.4 -27.4198
11408.4 -27.0662
11420.4 -26.6805
11432.4 -26.2835
11444.4 -25.9282
11456.5 -25.5889
11468.5 -25.2618
11480.5 -24.9462
11492.5 -24.6427
11504.5 -24.354
11516.5 -24.0873
11528.5 -23.8819
11540.5 -23.6435
11552.6 -23.3717
11564.6 -23.0841
11576.6 -22.7859
11588.6 -22.4794
11600.6 -22.1657
11612.6 -21.8451
11624.6 -21.5163
11636.6 -21.1724
11648.6 -20.837
11660.7 -20.5052
11672.7 -20.1746
11684.7 -19.8445
11696.7 -19.5143
11708.7 -19.1837
11720.7 -18.8519
11732.7 -18.517
11744.7 -18.1762
11756.8 -17.8455
11768.8 -17.5194
11780.8 -17.1967
11792.8 -16.8767
11804.8 -16.5592
11816.8 -16.2439
11828.8 -15.9303
11840.8 -15.6169
11852.9 -15.3048
11864.9 -14.9998
11876.9 -14.6995
11888.9 -14.4032
11900.9 -14.1109
11912.9 -13.8225
11924.9 -13.5381
11936.9 -13.2575
11948.9 -12.9802
11961 -12.7083
11973 -12.4427
11985 -12.1832
11997 -11.9305
12009 -11.6855
12021 -11.45
12033 -11.2271
12045 -11.0251
12057.1 -10.8773
12069.1 -10.6839
12081.1 -10.4644
12093.1 -10.2299
12105.1 -9.98363
12117.1 -9.72653
12129.1 -9.458
12141.1 -9.17531
12153.2 -8.86925
12165.2 -8.52132
12177.2 -8.21761
12189.2 -7.93
12201.2 -7.65099
12213.2 -7.37727
12225.2 -7.1065
12237.2 -6.83632
12249.2 -6.56318
12261.3 -6.27634
12273.3 -5.9777
12285.3 -5.71715
12297.3 -5.473
12309.3 -5.24114
12321.3 -5.01976
12333.3 -4.80784
12345.3 -4.60472
12357.4 -4.40974
12369.4 -4.22038
12381.4 -4.04238
12393.4 -3.87785
12405.4 -3.72618
12417.4 -3.58856
12429.4 -3.46736
12441.4 -3.36683
12453.5 -3.29533
12465.5 -3.27411
12477.5 -3.40227
12489.5 -3.40067
12501.5 -3.30987
12513.5 -3.16319
12525.5 -2.96831
12537.5 -2.72459
12549.5 -2.42446
12561.6 -2.04851
12573.6 -1.53806
12585.6 -0.748657
12597.6 -0.27469
12609.6 0.061444
12621.6 0.308646
12633.6 0.48261
12645.6 0.587183
12657.7 0.617272
12669.7 0.553494
12681.7 0.320161
12693.7 -0.0968886
12705.7 -0.240539
12717.7 -0.292493
12729.7 -0.285195
12741.7 -0.229961
12753.8 -0.129457
12765.8 0.0207574
12777.8 0.237784
12789.8 0.624917
12801.8 0.98948
12813.8 1.21093
12825.8 1.37304
12837.8 1.49359
12849.8 1.57967
12861.9 1.63381
12873.9 1.65506
12885.9 1.63655
12897.9 1.53879
12909.9 1.46692
12921.9 1.40917
12933.9 1.34886
12945.9 1.27895
12958 1.1935
12970 1.08498
12982 0.940414
12994 0.726425
13006 0.34529
13018 0.150623
13030 0.04613
13042 0.000606386
13054.1 0.00469562
13066.1 0.0568526
13078.1 0.161735
13090.1 0.334233
13102.1 0.627662
13114.1 1.08095
13126.1 1.31875
13138.1 1.48207
13150.2 1.59881
13162.2 1.67973
13174.2 1.72945
13186.2 1.74891
13198.2 1.73466
13210.2 1.66333
13222.2 1.56932
13234.2 1.50735
13246.2 1.44641
13258.3 1.37905
13270.3 1.29974
13282.3 1.20189
13294.3 1.0747
13306.3 0.893566
13318.3 0.529281
13330.3 0.303217
13342.3 0.20639
13354.4 0.186767
13366.4 0.232719
13378.4 0.343975
13390.4 0.528996
13402.4 0.810137
13414.4 1.25188
13426.4 2.08494
13438.4 2.54127
13450.5 2.80525
13462.5 2.95037
13474.5 2.99843
13486.5 2.95419
13498.5 2.80983
13510.5 2.53803
13522.5 2.04273
13534.5 1.20864
13546.5 0.805429
13558.6 0.561021
13570.6 0.418876
13582.6 0.359561
13594.6 0.377693
13606.6 0.478519
13618.6 0.684493
13630.6 1.0996
13642.6 1.62378
13654.7 1.89334
13666.7 2.08157
13678.7 2.21906
13690.7 2.31892
13702.7 2.38789
13714.7 2.42937
13726.7 2.44398
13738.7 2.4228
13750.8 2.39057
13762.8 2.34833
13774.8 2.29032
13786.8 2.21339
13798.8 2.11375
13810.8 1.98551
13822.8 1.81773
13834.8 1.58276
13846.8 1.1731
13858.9 0.91847
13870.9 0.748272
13882.9 0.626652
13894.9 0.54181
13906.9 0.488824
13918.9 0.466546
13930.9 0.477828
13942.9 0.536294
13955 0.667049
13967 0.739409
13979 0.796927
13991 0.850495
14003 0.905036
14015 0.964133
14027 1.03169
14039 1.11412
14051.1 1.23254
14063.1 1.37696
14075.1 1.4593
14087.1 1.51908
14099.1 1.56327
14111.1 1.59457
14123.1 1.61381
14135.1 1.62021
14147.1 1.61009
14159.2 1.5588
14171.2 1.5213
14183.2 1.50826
14195.2 1.50599
14207.2 1.51126
14219.2 1.5229
14231.2 1.54075
14243.2 1.5655
14255.3 1.59969
14267.3 1.65502
14279.3 1.69828
14291.3 1.73557
14303.3 1.77147
14315.3 1.80807
14327.3 1.84718
14339.3 1.89113
14351.4 1.94394
14363.4 2.01653
14375.4 2.13254
14387.4 2.18944
14399.4 2.21895
14411.4 2.22911
14423.4 2.22222
14435.4 2.19827
14447.4 2.15516
14459.5 2.08697
14471.5 1.97153
14483.5 1.80937
14495.5 1.72184
14507.5 1.65893
14519.5 1.61162
14531.5 1.57649
14543.5 1.55224
14555.6 1.53921
14567.6 1.54026
14579.6 1.57547
14591.6 1.6033
14603.6 1.60741
14615.6 1.60138
14627.6 1.58807
14639.6 1.5684
14651.7 1.54228
14663.7 1.50865
14675.7 1.46418
14687.7 1.39246
14699.7 1.33774
14711.7 1.29403
14723.7 1.25486
14735.7 1.21772
14747.7 1.18075
14759.8 1.14187
14771.8 1.09766
14783.8 1.03928
14795.8 0.94279
14807.8 0.899926
14819.8 0.885067
14831.8 0.890959
14843.8 0.916052
14855.9 0.961217
14867.9 1.02976
14879.9 1.12975
14891.9 1.28874
14903.9 1.51857
14915.9 1.64635
14927.9 1.74012
14939.9 1.81327
14952 1.87147
14964 1.91782
14976 1.95427
14988 1.98231
15000 2.00434
15012 2.01776
15024 2.01966
15036 2.01142
15048 1.9926
15060.1 1.96186
15072.1 1.91666
15084.1 1.85189
15096.1 1.75491
15108.1 1.55967
15120.1 1.43551
15132.1 1.37201
15144.1 1.34352
15156.2 1.34381
15168.2 1.37202
15180.2 1.43115
15192.2 1.52999
15204.2 1.69473
15216.2 2.01106
15228.2 2.179
15240.2 2.27655
15252.3 2.33168
15264.3 2.35373
15276.3 2.34623
15288.3 2.30932
15300.3 2.23907
15312.3 2.11902
15324.3 1.93294
15336.3 1.80615
15348.3 1.69175
15360.4 1.57882
15372.4 1.46142
15384.4 1.33417
15396.4 1.18996
15408.4 1.01531
15420.4 0.757191
15432.4 0.474407
15444.4 0.320678
15456.5 0.219276
15468.5 0.157309
15480.5 0.130607
15492.5 0.139382
15504.5 0.188435
15516.5 0.29263
15528.5 0.537579
15540.5 0.7158
15552.6 0.826425
15564.6 0.90808
15576.6 0.97215
15588.6 1.02434
15600.6 1.06834
15612.6 1.10724
15624.6 1.14527
15636.6 1.19417
15648.6 1.22022
15660.7 1.23173
15672.7 1.23249
15684.7 1.22374
15696.7 1.20579
15708.7 1.17824
15720.7 1.13947
15732.7 1.08383
15744.7 1.00315
15756.8 0.9454
15768.8 0.893976
15780.8 0.845144
15792.8 0.797435
15804.8 0.750115
15816.8 0.702821
15828.8 0.655516
15840.8 0.609146
15852.9 0.562636
15864.9 0.511149
15876.9 0.456681
15888.9 0.399474
15900.9 0.339565
15912.9 0.276935
15924.9 0.211583
15936.9 0.143662
15948.9 0.0749089
15961 0.000566216
15973 -0.0802823
15985 -0.167083
15997 -0.260167
16009 -0.360212
16021 -0.468285
16033 -0.586156
16045 -0.717572
16057.1 -0.875907
16069.1 -1.02518
16081.1 -1.17423
16093.1 -1.32933
16105.1 -1.49479
16117.1 -1.6756
16129.1 -1.87925
16141.1 -2.11981
16153.2 -2.43682
16165.2 -2.90716
16177.2 -3.17399
16189.2 -3.35216
16201.2 -3.46977
16213.2 -3.53593
16225.2 -3.55255
16237.2 -3.5158
16249.2 -3.41231
16261.3 -3.1883
16273.3 -2.85698
16285.3 -2.6893
16297.3 -2.56977
16309.3 -2.47729
16321.3 -2.40275
16333.3 -2.34114
16345.3 -2.28934
16357.4 -2.24526
16369.4 -2.20739
16381.4 -2.17465
16393.4 -2.1462
16405.4 -2.1214
16417.4 -2.09971
16429.4 -2.08073
16441.4 -2.06411
16453.5 -2.04957
16465.5 -2.03686
16477.5 -2.02579
16489.5 -2.01618
16501.5 -2.00788
16513.5 -2.00077
16525.5 -1.99473
16537.5 -1.98966
16549.5 -1.98548
16561.6 -1.98211
16573.6 -1.97948
16585.6 -1.97753
16597.6 -1.97621
16609.6 -1.97546
16621.6 -1.97525
16633.6 -1.97553
16645.6 -1.97626
16657.7 -1.97742
16669.7 -1.97897
16681.7 -1.98088
16693.7 -1.98314
16705.7 -1.98571
16717.7 -1.98858
16729.7 -1.99173
16741.7 -1.99513
16753.8 -1.99877
16765.8 -2.00264
16777.8 -2.00673
16789.8 -2.01101
16801.8 -2.01547
16813.8 -2.02011
16825.8 -2.02492
16837.8 -2.02987
16849.8 -2.03497
16861.9 -2.04021
16873.9 -2.04557
16885.9 -2.05106
16897.9 -2.05665
16909.9 -2.06235
16921.9 -2.06815
16933.9 -2.07404
16945.9 -2.08002
16958 -2.08608
16970 -2.09221
16982 -2.09842
16994 -2.10469
17006 -2.11103
17018 -2.11743
17030 -2.12388
17042 -2.13038
17054.1 -2.13694
17066.1 -2.14353
17078.1 -2.15017
17090.1 -2.15685
17102.1 -2.16356
17114.1 -2.1703
17126.1 -2.17708
17138.1 -2.18389
17150.2 -2.19072
17162.2 -2.19757
17174.2 -2.20445
17186.2 -2.21134
17198.2 -2.21826
17210.2 -2.22519
17222.2 -2.23213
17234.2 -2.23909
17246.2 -2.24606
17258.3 -2.25304
17270.3 -2.26002
17282.3 -2.26702
17294.3 -2.27402
17306.3 -2.28102
17318.3 -2.28803
17330.3 -2.29503
17342.3 -2.30204
17354.4 -2.30905
17366.4 -2.31606
17378.4 -2.32307
17390.4 -2.33007
17402.4 -2.33707
17414.4 -2.34406
17426.4 -2.35105
17438.4 -2.35804
17450.5 -2.36501
17462.5 -2.37198
17474.5 -2.37894
17486.5 -2.38589
17498.5 -2.39283
17510.5 -2.39976
17522.5 -2.40668
17534.5 -2.41359
17546.5 -2.42048
17558.6 -2.42736
17570.6 -2.43423
17582.6 -2.44109
17594.6 -2.44793
17606.6 -2.45476
17618.6 -2.46158
17630.6 -2.46838
17642.6 -2.47516
17654.7 -2.48193
17666.7 -2.48868
17678.7 -2.49541
17690.7 -2.50213
17702.7 -2.50883
17714.7 -2.51551
17726.7 -2.52218
17738.7 -2.52882
17750.8 -2.53545
17762.8 -2.54206
17774.8 -2.54866
17786.8 -2.55523
17798.8 -2.56178
17810.8 -2.56832
17822.8 -2.57483
17834.8 -2.58133
17846.8 -2.5878
17858.9 -2.59426
17870.9 -2.60069
17882.9 -2.6071
17894.9 -2.6135
17906.9 -2.61987
17918.9 -2.62622
17930.9 -2.63255
17942.9 -2.63886
17955 -2.64515
17967 -2.65142
17979 -2.65767
17991 -2.66389
18003 -2.6701
18015 -2.67628
18027 -2.68244
18039 -2.68857
18051.1 -2.69469
18063.1 -2.70078
18075.1 -2.70686
18087.1 -2.71291
18099.1 -2.71893
18111.1 -2.72494
18123.1 -2.73092
18135.1 -2.73689
18147.1 -2.74282
18159.2 -2.74874
18171.2 -2.75464
18183.2 -2.76051
18195.2 -2.76636
18207.2 -2.77218
18219.2 -2.77799
18231.2 -2.78377
18243.2 -2.78953
18255.3 -2.79527
18267.3 -2.80098
18279.3 -2.80667
18291.3 -2.81234
18303.3 -2.81799
18315.3 -2.82362
18327.3 -2.82922
18339.3 -2.8348
18351.4 -2.84036
18363.4 -2.84589
18375.4 -2.8514
18387.4 -2.85689
18399.4 -2.86236
18411.4 -2.86781
18423.4 -2.87323
18435.4 -2.87863
18447.4 -2.88401
18459.5 -2.88936
18471.5 -2.8947
18483.5 -2.90001
18495.5 -2.9053
18507.5 -2.91057
18519.5 -2.91581
18531.5 -2.92103
18543.5 -2.92623
18555.6 -2.93141
18567.6 -2.93657
18579.6 -2.9417
18591.6 -2.94682
18603.6 -2.95191
18615.6 -2.95698
18627.6 -2.96202
18639.6 -2.96705
18651.7 -2.97205
18663.7 -2.97703
18675.7 -2.98199
18687.7 -2.98693
18699.7 -2.99185
18711.7 -2.99675
18723.7 -3.00162
18735.7 -3.00647
18747.7 -3.0113
18759.8 -3.01611
18771.8 -3.0209
18783.8 -3.02567
18795.8 -3.03042
18807.8 -3.03514
18819.8 -3.03985
18831.8 -3.04453
18843.8 -3.04919
18855.9 -3.05383
18867.9 -3.05846
18879.9 -3.06306
18891.9 -3.06763
18903.9 -3.07219
18915.9 -3.07673
18927.9 -3.08125
18939.9 -3.08575
18952 -3.09022
18964 -3.09468
18976 -3.09911
18988 -3.10353
19000 -3.10793
