7000 -8.26438
7012.01 -8.28525
7024.02 -8.30616
7036.04 -8.3271
7048.05 -8.34808
7060.06 -8.3691
7072.07 -8.39015
7084.08 -8.41124
7096.1 -8.43237
7108.11 -8.45353
7120.12 -8.47473
7132.13 -8.49598
7144.14 -8.51726
7156.16 -8.53859
7168.17 -8.55996
7180.18 -8.58137
7192.19 -8.60283
7204.2 -8.62433
7216.22 -8.64588
7228.23 -8.66749
7240.24 -8.68915
7252.25 -8.71086
7264.26 -8.73264
7276.28 -8.75447
7288.29 -8.77638
7300.3 -8.79836
7312.31 -8.82043
7324.32 -8.84259
7336.34 -8.86485
7348.35 -8.88723
7360.36 -8.90974
7372.37 -8.93242
7384.38 -8.95529
7396.4 -8.9784
7408.41 -9.00181
7420.42 -9.02562
7432.43 -9.04998
7444.44 -9.07515
7456.46 -9.10168
7468.47 -9.13113
7480.48 -9.16719
7492.49 -9.1941
7504.5 -9.21651
7516.52 -9.23551
7528.53 -9.25127
7540.54 -9.26349
7552.55 -9.27134
7564.56 -9.27285
7576.58 -9.26107
7588.59 -9.23536
7600.6 -9.23521
7612.61 -9.24472
7624.62 -9.26115
7636.64 -9.28363
7648.65 -9.31215
7660.66 -9.34752
7672.67 -9.39215
7684.68 -9.46008
7696.7 -9.52437
7708.71 -9.57168
7720.72 -9.61239
7732.73 -9.64895
7744.74 -9.68245
7756.76 -9.71357
7768.77 -9.74275
7780.78 -9.77047
7792.79 -9.79808
7804.8 -9.82233
7816.82 -9.84357
7828.83 -9.86216
7840.84 -9.87802
7852.85 -9.89086
7864.86 -9.90007
7876.88 -9.90436
7888.89 -9.90023
7900.9 -9.87764
7912.91 -9.87376
7924.92 -9.87819
7936.94 -9.88763
7948.95 -9.90097
7960.96 -9.9178
7972.97 -9.93821
7984.98 -9.96294
7997 -9.99511
8009.01 -10.0365
8021.02 -10.0651
8033.03 -10.0893
8045.05 -10.1103
8057.06 -10.1286
8069.07 -10.144
8081.08 -10.1556
8093.09 -10.1616
8105.11 -10.152
8117.12 -10.1421
8129.13 -10.1529
8141.14 -10.1729
8153.15 -10.2008
8165.17 -10.2364
8177.18 -10.2807
8189.19 -10.3364
8201.2 -10.4103
8213.21 -10.5388
8225.23 -10.6299
8237.24 -10.6879
8249.25 -10.7275
8261.26 -10.7525
8273.27 -10.7638
8285.29 -10.7607
8297.3 -10.7399
8309.31 -10.6916
8321.32 -10.5816
8333.33 -10.5268
8345.35 -10.4979
8357.36 -10.4838
8369.37 -10.481
8381.38 -10.4882
8393.39 -10.5056
8405.41 -10.5356
8417.42 -10.5873
8429.43 -10.6707
8441.44 -10.7117
8453.45 -10.7363
8465.47 -10.7494
8477.48 -10.7522
8489.49 -10.7442
8501.5 -10.7233
8513.51 -10.6836
8525.53 -10.6005
8537.54 -10.5001
8549.55 -10.4608
8561.56 -10.4444
8573.57 -10.4447
8585.59 -10.4594
8597.6 -10.4882
8609.61 -10.5326
8621.62 -10.5979
8633.63 -10.7156
8645.65 -10.8106
8657.66 -10.8803
8669.67 -10.9394
8681.68 -10.9922
8693.69 -11.0405
8705.71 -11.0854
8717.72 -11.1279
8729.73 -11.1683
8741.74 -11.2069
8753.75 -11.2442
8765.77 -11.2802
8777.78 -11.3151
8789.79 -11.3491
8801.8 -11.3822
8813.81 -11.4146
8825.83 -11.4463
8837.84 -11.4773
8849.85 -11.5078
8861.86 -11.5377
8873.87 -11.5672
8885.89 -11.5961
8897.9 -11.6246
8909.91 -11.6527
8921.92 -11.6804
8933.93 -11.7078
8945.95 -11.7347
8957.96 -11.7613
8969.97 -11.7875
8981.98 -11.8134
8993.99 -11.839
9006.01 -11.8643
9018.02 -11.8893
9030.03 -11.9139
9042.04 -11.9383
9054.05 -11.9623
9066.07 -11.9861
9078.08 -12.0096
9090.09 -12.0328
9102.1 -12.0557
9114.11 -12.0783
9126.13 -12.1007
9138.14 -12.1228
9150.15 -12.1446
9162.16 -12.1661
9174.17 -12.1873
9186.19 -12.2082
9198.2 -12.2289
9210.21 -12.2493
9222.22 -12.2693
9234.23 -12.2891
9246.25 -12.3087
9258.26 -12.3279
9270.27 -12.3468
9282.28 -12.3654
9294.29 -12.3837
9306.31 -12.4018
9318.32 -12.4195
9330.33 -12.4369
9342.34 -12.454
9354.35 -12.4708
9366.37 -12.4872
9378.38 -12.5034
9390.39 -12.5192
9402.4 -12.5347
9414.41 -12.5498
9426.43 -12.5646
9438.44 -12.5791
9450.45 -12.5932
9462.46 -12.6069
9474.47 -12.6203
9486.49 -12.6334
9498.5 -12.646
9510.51 -12.6583
9522.52 -12.6702
9534.53 -12.6818
9546.55 -12.6929
9558.56 -12.7036
9570.57 -12.714
9582.58 -12.7239
9594.59 -12.7335
9606.61 -12.7426
9618.62 -12.7512
9630.63 -12.7595
9642.64 -12.7673
9654.65 -12.7747
9666.67 -12.7816
9678.68 -12.7881
9690.69 -12.7941
9702.7 -12.7996
9714.71 -12.8047
9726.73 -12.8093
9738.74 -12.8134
9750.75 -12.817
9762.76 -12.8201
9774.77 -12.8227
9786.79 -12.8248
9798.8 -12.8264
9810.81 -12.8274
9822.82 -12.8279
9834.83 -12.8279
9846.85 -12.8273
9858.86 -12.8261
9870.87 -12.8244
9882.88 -12.8221
9894.89 -12.8193
9906.91 -12.8158
9918.92 -12.8118
9930.93 -12.8071
9942.94 -12.8019
9954.95 -12.796
9966.97 -12.7895
9978.98 -12.7824
9990.99 -12.7746
10003 -12.7662
10015 -12.7571
10027 -12.7474
10039 -12.737
10051.1 -12.7259
10063.1 -12.7142
10075.1 -12.7017
10087.1 -12.6886
10099.1 -12.6748
10111.1 -12.6602
10123.1 -12.6449
10135.1 -12.6289
10147.1 -12.6122
10159.2 -12.5947
10171.2 -12.5765
10183.2 -12.5575
10195.2 -12.5377
10207.2 -12.5172
10219.2 -12.4959
10231.2 -12.4738
10243.2 -12.451
10255.3 -12.4273
10267.3 -12.4028
10279.3 -12.3775
10291.3 -12.3514
10303.3 -12.3245
10315.3 -12.2968
10327.3 -12.2682
10339.3 -12.2388
10351.4 -12.2085
10363.4 -12.1774
10375.4 -12.1454
10387.4 -12.1126
10399.4 -12.0789
10411.4 -12.0443
10423.4 -12.0088
10435.4 -11.9725
10447.4 -11.9353
10459.5 -11.8972
10471.5 -11.8582
10483.5 -11.8183
10495.5 -11.7775
10507.5 -11.7359
10519.5 -11.6933
10531.5 -11.6498
10543.5 -11.6054
10555.6 -11.5601
10567.6 -11.5138
10579.6 -11.4667
10591.6 -11.4187
10603.6 -11.3697
10615.6 -11.3198
10627.6 -11.269
10639.6 -11.2173
10651.7 -11.1647
10663.7 -11.1111
10675.7 -11.0567
10687.7 -11.0013
10699.7 -10.9451
10711.7 -10.8879
10723.7 -10.8298
10735.7 -10.7709
10747.7 -10.711
10759.8 -10.6503
10771.8 -10.5887
10783.8 -10.5262
10795.8 -10.4628
10807.8 -10.3985
10819.8 -10.3335
10831.8 -10.2675
10843.8 -10.2008
10855.9 -10.1332
10867.9 -10.0648
10879.9 -9.99553
10891.9 -9.92552
10903.9 -9.85474
10915.9 -9.78319
10927.9 -9.71089
10939.9 -9.63786
10952 -9.56412
10964 -9.48969
10976 -9.4146
10988 -9.33886
11000 -9.26251
11012 -9.18557
11024 -9.10809
11036 -9.0301
11048 -8.95165
11060.1 -8.87279
11072.1 -8.7936
11084.1 -8.71417
11096.1 -8.63466
11108.1 -8.55557
11120.1 -8.47591
11132.1 -8.3959
11144.1 -8.31587
11156.2 -8.23609
11168.2 -8.15693
11180.2 -8.0789
11192.2 -8.00299
11204.2 -7.93167
11216.2 -7.87272
11228.2 -7.79944
11240.2 -7.71889
11252.3 -7.63367
11264.3 -7.54471
11276.3 -7.45247
11288.3 -7.35719
11300.3 -7.25895
11312.3 -7.15758
11324.3 -7.05285
11336.3 -6.94634
11348.3 -6.8373
11360.4 -6.72533
11372.4 -6.60998
11384.4 -6.49051
11396.4 -6.36566
11408.4 -6.23271
11420.4 -6.08031
11432.4 -5.92125
11444.4 -5.78881
11456.5 -5.66646
11468.5 -5.55145
11480.5 -5.44289
11492.5 -5.3408
11504.5 -5.24618
11516.5 -5.16211
11528.5 -5.10645
11540.5 -5.0358
11552.6 -4.94987
11564.6 -4.85663
11576.6 -4.75827
11588.6 -4.65576
11600.6 -4.54943
11612.6 -4.43916
11624.6 -4.3239
11636.6 -4.199
11648.6 -4.07976
11660.7 -3.96272
11672.7 -3.84627
11684.7 -3.72978
11696.7 -3.61283
11708.7 -3.49504
11720.7 -3.37578
11732.7 -3.25356
11744.7 -3.12626
11756.8 -3.00521
11768.8 -2.88628
11780.8 -2.76844
11792.8 -2.65108
11804.8 -2.5337
11816.8 -2.4156
11828.8 -2.29548
11840.8 -2.16858
11852.9 -2.03834
11864.9 -1.92317
11876.9 -1.81477
11888.9 -1.71189
11900.9 -1.61427
11912.9 -1.52224
11924.9 -1.43682
11936.9 -1.36072
11948.9 -1.30931
11961 -1.24817
11973 -1.17317
11985 -1.09231
11997 -1.00778
12009 -0.920643
12021 -0.831524
12033 -0.7409
12045 -0.649328
12057.1 -0.558456
12069.1 -0.463567
12081.1 -0.365467
12093.1 -0.264452
12105.1 -0.160293
12117.1 -0.052383
12129.1 0.060453
12141.1 0.180678
12153.2 0.315554
12165.2 0.479363
12177.2 0.605153
12189.2 0.714285
12201.2 0.811864
12213.2 0.899394
12225.2 0.976954
12237.2 1.04338
12249.2 1.09525
12261.3 1.11938
12273.3 1.1189
12285.3 1.15978
12297.3 1.21391
12309.3 1.27616
12321.3 1.34435
12333.3 1.41729
12345.3 1.49422
12357.4 1.57448
12369.4 1.65606
12381.4 1.743
12393.4 1.83664
12405.4 1.93628
12417.4 2.04237
12429.4 2.15596
12441.4 2.27898
12453.5 2.41509
12465.5 2.57337
12477.5 2.79522
12489.5 2.96568
12501.5 3.10219
12513.5 3.21946
12525.5 3.32197
12537.5 3.41142
12549.5 3.48789
12561.6 3.54954
12573.6 3.58913
12585.6 3.58785
12597.6 3.62516
12609.6 3.67775
12621.6 3.73943
12633.6 3.80846
12645.6 3.88474
12657.7 3.96957
12669.7 4.0667
12681.7 4.18987
12693.7 4.34175
12705.7 4.44058
12717.7 4.51896
12729.7 4.58272
12741.7 4.63389
12753.8 4.6729
12765.8 4.69888
12777.8 4.7086
12789.8 4.68294
12801.8 4.65722
12813.8 4.65344
12825.8 4.65591
12837.8 4.66099
12849.8 4.66684
12861.9 4.67213
12873.9 4.67556
12885.9 4.67493
12897.9 4.66106
12909.9 4.65723
12921.9 4.66091
12933.9 4.66869
12945.9 4.67964
12958 4.69354
12970 4.71078
12982 4.73258
12994 4.76295
13006 4.81434
13018 4.84027
13030 4.85303
13042 4.85634
13054.1 4.85103
13066.1 4.83675
13078.1 4.81205
13090.1 4.7734
13102.1 4.70913
13114.1 4.61067
13126.1 4.55816
13138.1 4.52121
13150.2 4.49363
13162.2 4.4729
13174.2 4.45772
13186.2 4.44748
13198.2 4.44219
13210.2 4.44415
13222.2 4.44924
13234.2 4.45112
13246.2 4.45295
13258.3 4.45523
13270.3 4.4581
13282.3 4.46162
13294.3 4.4657
13306.3 4.47009
13318.3 4.47321
13330.3 4.47924
13342.3 4.48817
13354.4 4.49945
13366.4 4.51314
13378.4 4.52951
13390.4 4.54913
13402.4 4.57317
13414.4 4.60467
13426.4 4.65427
13438.4 4.687
13450.5 4.71138
13462.5 4.73091
13474.5 4.74673
13486.5 4.75931
13498.5 4.76863
13510.5 4.77413
13522.5 4.77336
13534.5 4.76335
13546.5 4.76489
13558.6 4.77083
13570.6 4.7798
13582.6 4.79151
13594.6 4.80613
13606.6 4.82435
13618.6 4.84787
13630.6 4.88379
13642.6 4.9255
13654.7 4.94874
13666.7 4.9651
13678.7 4.97659
13690.7 4.98399
13702.7 4.9876
13714.7 4.98729
13726.7 4.98228
13738.7 4.96747
13750.8 4.955
13762.8 4.94544
13774.8 4.93628
13786.8 4.9267
13798.8 4.9162
13810.8 4.90426
13822.8 4.89017
13834.8 4.87235
13846.8 4.84493
13858.9 4.82553
13870.9 4.81029
13882.9 4.79718
13894.9 4.78548
13906.9 4.77476
13918.9 4.76478
13930.9 4.75531
13942.9 4.7462
13955 4.73725
13967 4.72846
13979 4.7196
13991 4.71045
14003 4.70072
14015 4.68997
14027 4.67745
14039 4.66155
14051.1 4.63637
14063.1 4.60502
14075.1 4.59337
14087.1 4.59018
14099.1 4.5937
14111.1 4.60357
14123.1 4.62015
14135.1 4.64468
14147.1 4.68039
14159.2 4.74589
14171.2 4.80098
14183.2 4.83813
14195.2 4.86779
14207.2 4.89273
14219.2 4.91427
14231.2 4.93315
14243.2 4.94979
14255.3 4.96436
14267.3 4.97622
14279.3 4.98821
14291.3 5.00005
14303.3 5.01161
14315.3 5.02295
14327.3 5.03419
14339.3 5.04554
14351.4 5.05734
14363.4 5.07042
14375.4 5.08656
14387.4 5.09862
14399.4 5.10897
14411.4 5.11837
14423.4 5.12724
14435.4 5.13596
14447.4 5.14508
14459.5 5.15556
14471.5 5.17063
14483.5 5.19023
14495.5 5.19704
14507.5 5.19811
14519.5 5.19457
14531.5 5.18668
14543.5 5.17421
14555.6 5.15644
14567.6 5.13143
14579.6 5.08834
14591.6 5.04858
14603.6 5.02037
14615.6 4.99629
14627.6 4.97441
14639.6 4.95373
14651.7 4.93346
14663.7 4.91278
14675.7 4.8902
14687.7 4.85962
14699.7 4.837
14711.7 4.82017
14723.7 4.80688
14735.7 4.79641
14747.7 4.78842
14759.8 4.7828
14771.8 4.77961
14783.8 4.77931
14795.8 4.78331
14807.8 4.78624
14819.8 4.78971
14831.8 4.79432
14843.8 4.80042
14855.9 4.8084
14867.9 4.8188
14879.9 4.83263
14891.9 4.85302
14903.9 4.88134
14915.9 4.89867
14927.9 4.91257
14939.9 4.92457
14952 4.9354
14964 4.94552
14976 4.9553
14988 4.96522
15000 4.97677
15012 4.98788
15024 4.99647
15036 5.004
15048 5.01083
15060.1 5.01721
15072.1 5.02335
15084.1 5.02951
15096.1 5.03612
15108.1 5.04514
15120.1 5.05193
15132.1 5.05688
15144.1 5.06083
15156.2 5.06414
15168.2 5.06707
15180.2 5.06992
15192.2 5.07321
15204.2 5.07824
15216.2 5.08915
15228.2 5.09136
15240.2 5.08851
15252.3 5.0818
15264.3 5.07138
15276.3 5.05696
15288.3 5.03772
15300.3 5.0118
15312.3 4.97312
15324.3 4.91589
15336.3 4.88479
15348.3 4.86351
15360.4 4.84876
15372.4 4.83942
15384.4 4.83521
15396.4 4.83651
15408.4 4.84487
15420.4 4.8677
15432.4 4.89631
15444.4 4.90832
15456.5 4.9148
15468.5 4.91763
15480.5 4.9175
15492.5 4.91451
15504.5 4.90828
15516.5 4.89731
15528.5 4.87238
15540.5 4.85636
15552.6 4.84956
15564.6 4.84807
15576.6 4.85104
15588.6 4.85847
15600.6 4.87091
15612.6 4.8898
15624.6 4.91912
15636.6 4.97374
15648.6 5.00652
15660.7 5.02836
15672.7 5.04433
15684.7 5.05626
15696.7 5.06517
15708.7 5.07174
15720.7 5.07659
15732.7 5.0807
15744.7 5.08525
15756.8 5.0847
15768.8 5.08114
15780.8 5.07512
15792.8 5.06688
15804.8 5.05657
15816.8 5.04427
15828.8 5.03003
15840.8 5.0138
15852.9 4.99567
15864.9 4.97597
15876.9 4.95457
15888.9 4.93143
15900.9 4.90658
15912.9 4.88002
15924.9 4.85187
15936.9 4.82245
15948.9 4.79407
15961 4.76107
15973 4.72254
15985 4.67946
15997 4.63176
16009 4.57903
16021 4.5205
16033 4.45478
16045 4.37859
16057.1 4.2794
16069.1 4.19284
16081.1 4.1111
16093.1 4.02912
16105.1 3.94428
16117.1 3.85401
16129.1 3.7549
16141.1 3.64083
16153.2 3.49499
16165.2 3.28485
16177.2 3.16083
16189.2 3.07442
16201.2 3.0137
16213.2 2.97476
16225.2 2.95672
16237.2 2.9611
16249.2 2.99337
16261.3 3.07568
16273.3 3.20256
16285.3 3.26213
16297.3 3.30204
16309.3 3.33098
16321.3 3.35269
16333.3 3.36923
16345.3 3.38188
16357.4 3.39148
16369.4 3.39865
16381.4 3.40383
16393.4 3.40735
16405.4 3.40948
16417.4 3.41041
16429.4 3.41033
16441.4 3.40936
16453.5 3.40762
16465.5 3.4052
16477.5 3.40218
16489.5 3.39863
16501.5 3.39461
16513.5 3.39016
16525.5 3.38533
16537.5 3.38015
16549.5 3.37467
16561.6 3.3689
16573.6 3.36288
16585.6 3.35663
16597.6 3.35016
16609.6 3.34351
16621.6 3.33667
16633.6 3.32967
16645.6 3.32253
16657.7 3.31524
16669.7 3.30783
16681.7 3.30031
16693.7 3.29268
16705.7 3.28495
16717.7 3.27713
16729.7 3.26923
16741.7 3.26125
16753.8 3.2532
16765.8 3.24508
16777.8 3.2369
16789.8 3.22867
16801.8 3.22038
16813.8 3.21205
16825.8 3.20368
16837.8 3.19526
16849.8 3.18681
16861.9 3.17832
16873.9 3.1698
16885.9 3.16126
16897.9 3.15268
16909.9 3.14409
16921.9 3.13547
16933.9 3.12683
16945.9 3.11818
16958 3.10951
16970 3.10083
16982 3.09213
16994 3.08342
17006 3.07471
17018 3.06598
17030 3.05725
17042 3.04851
17054.1 3.03977
17066.1 3.03102
17078.1 3.02228
17090.1 3.01353
17102.1 3.00478
17114.1 2.99603
17126.1 2.98728
17138.1 2.97853
17150.2 2.96979
17162.2 2.96105
17174.2 2.95231
17186.2 2.94358
17198.2 2.93486
17210.2 2.92614
17222.2 2.91742
17234.2 2.90871
17246.2 2.90001
17258.3 2.89132
17270.3 2.88264
17282.3 2.87397
17294.3 2.8653
17306.3 2.85664
17318.3 2.848
17330.3 2.83936
17342.3 2.83074
17354.4 2.82213
17366.4 2.81352
17378.4 2.80493
17390.4 2.79635
17402.4 2.78779
17414.4 2.77923
17426.4 2.77069
17438.4 2.76216
17450.5 2.75365
17462.5 2.74515
17474.5 2.73666
17486.5 2.72819
17498.5 2.71973
17510.5 2.71128
17522.5 2.70285
17534.5 2.69443
17546.5 2.68603
17558.6 2.67764
17570.6 2.66927
17582.6 2.66091
17594.6 2.65257
17606.6 2.64424
17618.6 2.63593
17630.6 2.62764
17642.6 2.61936
17654.7 2.6111
17666.7 2.60285
17678.7 2.59462
17690.7 2.5864
17702.7 2.5782
17714.7 2.57002
17726.7 2.56186
17738.7 2.55371
17750.8 2.54557
17762.8 2.53746
17774.8 2.52936
17786.8 2.52128
17798.8 2.51321
17810.8 2.50516
17822.8 2.49713
17834.8 2.48912
17846.8 2.48112
17858.9 2.47314
17870.9 2.46518
17882.9 2.45723
17894.9 2.4493
17906.9 2.44139
17918.9 2.4335
17930.9 2.42562
17942.9 2.41776
17955 2.40992
17967 2.4021
17979 2.39429
17991 2.3865
18003 2.37873
18015 2.37098
18027 2.36324
18039 2.35553
18051.1 2.34783
18063.1 2.34014
18075.1 2.33248
18087.1 2.32483
18099.1 2.3172
18111.1 2.30959
18123.1 2.30199
18135.1 2.29442
18147.1 2.28686
18159.2 2.27932
18171.2 2.2718
18183.2 2.26429
18195.2 2.2568
18207.2 2.24933
18219.2 2.24188
18231.2 2.23445
18243.2 2.22703
18255.3 2.21963
18267.3 2.21225
18279.3 2.20488
18291.3 2.19754
18303.3 2.19021
18315.3 2.1829
18327.3 2.17561
18339.3 2.16833
18351.4 2.16108
18363.4 2.15384
18375.4 2.14661
18387.4 2.13941
18399.4 2.13222
18411.4 2.12505
18423.4 2.1179
18435.4 2.11077
18447.4 2.10365
18459.5 2.09655
18471.5 2.08947
18483.5 2.08241
18495.5 2.07536
18507.5 2.06834
18519.5 2.06132
18531.5 2.05433
18543.5 2.04736
18555.6 2.0404
18567.6 2.03346
18579.6 2.02653
18591.6 2.01963
18603.6 2.01274
18615.6 2.00587
18627.6 1.99901
18639.6 1.99217
18651.7 1.98535
18663.7 1.97855
18675.7 1.97177
18687.7 1.965
18699.7 1.95825
18711.7 1.95151
18723.7 1.9448
18735.7 1.9381
18747.7 1.93142
18759.8 1.92475
18771.8 1.9181
18783.8 1.91147
18795.8 1.90486
18807.8 1.89826
18819.8 1.89168
18831.8 1.88511
18843.8 1.87857
18855.9 1.87204
18867.9 1.86553
18879.9 1.85903
18891.9 1.85255
18903.9 1.84609
18915.9 1.83964
18927.9 1.83321
18939.9 1.8268
18952 1.8204
18964 1.81403
18976 1.80766
18988 1.80132
19000 1.79499
