7000 0.431442
7012.01 0.0624106
7024.02 -0.308191
7036.04 -0.680177
7048.05 -1.05336
7060.06 -1.42756
7072.07 -1.80259
7084.08 -2.17826
7096.1 -2.55439
7108.11 -2.93079
7120.12 -3.3073
7132.13 -3.68372
7144.14 -4.05989
7156.16 -4.43563
7168.17 -4.81078
7180.18 -5.18517
7192.19 -5.55865
7204.2 -5.93108
7216.22 -6.3023
7228.23 -6.67218
7240.24 -7.0406
7252.25 -7.40743
7264.26 -7.77258
7276.28 -8.13595
7288.29 -8.49747
7300.3 -8.85707
7312.31 -9.21473
7324.32 -9.57042
7336.34 -9.92418
7348.35 -10.2761
7360.36 -10.6262
7372.37 -10.9747
7384.38 -11.3218
7396.4 -11.6681
7408.41 -12.014
7420.42 -12.3604
7432.43 -12.7088
7444.44 -13.0616
7456.46 -13.4236
7468.47 -13.8084
7480.48 -14.2481
7492.49 -14.6088
7504.5 -14.931
7516.52 -15.2253
7528.53 -15.495
7540.54 -15.7406
7552.55 -15.9602
7564.56 -16.1485
7576.58 -16.2849
7588.59 -16.3673
7600.6 -16.5119
7612.61 -16.6711
7624.62 -16.8357
7636.64 -17.0016
7648.65 -17.1663
7660.66 -17.3276
7672.67 -17.483
7684.68 -17.6238
7696.7 -17.7644
7708.71 -17.9121
7720.72 -18.0603
7732.73 -18.207
7744.74 -18.3512
7756.76 -18.4915
7768.77 -18.6264
7780.78 -18.7528
7792.79 -18.8564
7804.8 -18.9741
7816.82 -19.1017
7828.83 -19.2338
7840.84 -19.3686
7852.85 -19.5055
7864.86 -19.6442
7876.88 -19.7845
7888.89 -19.9269
7900.9 -20.073
7912.91 -20.2177
7924.92 -20.3627
7936.94 -20.509
7948.95 -20.6574
7960.96 -20.8092
7972.97 -20.9662
7984.98 -21.1321
7997 -21.3186
8009.01 -21.5324
8021.02 -21.6984
8033.03 -21.8455
8045.05 -21.9792
8057.06 -22.1015
8069.07 -22.2131
8081.08 -22.313
8093.09 -22.3982
8105.11 -22.4512
8117.12 -22.4997
8129.13 -22.5806
8141.14 -22.6742
8153.15 -22.7776
8165.17 -22.8908
8177.18 -23.0152
8189.19 -23.1549
8201.2 -23.3205
8213.21 -23.5675
8225.23 -23.7556
8237.24 -23.8917
8249.25 -23.9983
8261.26 -24.081
8273.27 -24.1414
8285.29 -24.1783
8297.3 -24.1864
8309.31 -24.1493
8321.32 -24.0095
8333.33 -23.9657
8345.35 -23.9689
8357.36 -24.0015
8369.37 -24.059
8381.38 -24.1416
8393.39 -24.2538
8405.41 -24.4075
8417.42 -24.6431
8429.43 -25.0038
8441.44 -25.1782
8453.45 -25.2768
8465.47 -25.3213
8477.48 -25.3176
8489.49 -25.2649
8501.5 -25.1554
8513.51 -24.9683
8525.53 -24.6119
8537.54 -24.1836
8549.55 -23.9724
8561.56 -23.8372
8573.57 -23.7537
8585.59 -23.7127
8597.6 -23.7113
8609.61 -23.7522
8621.62 -23.8474
8633.63 -24.0743
8645.65 -24.2463
8657.66 -24.3573
8669.67 -24.4432
8681.68 -24.5141
8693.69 -24.5747
8705.71 -24.6277
8717.72 -24.6748
8729.73 -24.7172
8741.74 -24.7557
8753.75 -24.791
8765.77 -24.8234
8777.78 -24.8534
8789.79 -24.8812
8801.8 -24.9071
8813.81 -24.9313
8825.83 -24.9539
8837.84 -24.9751
8849.85 -24.995
8861.86 -25.0137
8873.87 -25.0314
8885.89 -25.048
8897.9 -25.0637
8909.91 -25.0785
8921.92 -25.0924
8933.93 -25.1056
8945.95 -25.1181
8957.96 -25.13
8969.97 -25.1412
8981.98 -25.1518
8993.99 -25.1618
9006.01 -25.1713
9018.02 -25.1804
9030.03 -25.1889
9042.04 -25.1971
9054.05 -25.2048
9066.07 -25.2121
9078.08 -25.2191
9090.09 -25.2257
9102.1 -25.232
9114.11 -25.238
9126.13 -25.2437
9138.14 -25.2491
9150.15 -25.2543
9162.16 -25.2592
9174.17 -25.264
9186.19 -25.2685
9198.2 -25.2728
9210.21 -25.277
9222.22 -25.2809
9234.23 -25.2848
9246.25 -25.2884
9258.26 -25.292
9270.27 -25.2954
9282.28 -25.2987
9294.29 -25.3019
9306.31 -25.305
9318.32 -25.308
9330.33 -25.3109
9342.34 -25.3138
9354.35 -25.3166
9366.37 -25.3193
9378.38 -25.322
9390.39 -25.3247
9402.4 -25.3272
9414.41 -25.3298
9426.43 -25.3323
9438.44 -25.3348
9450.45 -25.3373
9462.46 -25.3398
9474.47 -25.3422
9486.49 -25.3446
9498.5 -25.3471
9510.51 -25.3495
9522.52 -25.3519
9534.53 -25.3543
9546.55 -25.3567
9558.56 -25.3591
9570.57 -25.3614
9582.58 -25.3638
9594.59 -25.3662
9606.61 -25.3686
9618.62 -25.371
9630.63 -25.3733
9642.64 -25.3757
9654.65 -25.3781
9666.67 -25.3804
9678.68 -25.3827
9690.69 -25.385
9702.7 -25.3873
9714.71 -25.3895
9726.73 -25.3917
9738.74 -25.3939
9750.75 -25.396
9762.76 -25.3981
9774.77 -25.4001
9786.79 -25.402
9798.8 -25.4039
9810.81 -25.4057
9822.82 -25.4074
9834.83 -25.409
9846.85 -25.4104
9858.86 -25.4118
9870.87 -25.413
9882.88 -25.4141
9894.89 -25.415
9906.91 -25.4157
9918.92 -25.4163
9930.93 -25.4166
9942.94 -25.4167
9954.95 -25.4166
9966.97 -25.4162
9978.98 -25.4155
9990.99 -25.4146
10003 -25.4133
10015 -25.4118
10027 -25.4098
10039 -25.4075
10051.1 -25.4047
10063.1 -25.4016
10075.1 -25.398
10087.1 -25.3939
10099.1 -25.3892
10111.1 -25.3841
10123.1 -25.3784
10135.1 -25.372
10147.1 -25.3651
10159.2 -25.3574
10171.2 -25.3491
10183.2 -25.34
10195.2 -25.3301
10207.2 -25.3194
10219.2 -25.3078
10231.2 -25.2953
10243.2 -25.2819
10255.3 -25.2675
10267.3 -25.252
10279.3 -25.2354
10291.3 -25.2176
10303.3 -25.1987
10315.3 -25.1784
10327.3 -25.1569
10339.3 -25.134
10351.4 -25.1096
10363.4 -25.0837
10375.4 -25.0563
10387.4 -25.0272
10399.4 -24.9964
10411.4 -24.9639
10423.4 -24.9295
10435.4 -24.8931
10447.4 -24.8548
10459.5 -24.8143
10471.5 -24.7717
10483.5 -24.7269
10495.5 -24.6797
10507.5 -24.6301
10519.5 -24.5779
10531.5 -24.5232
10543.5 -24.4657
10555.6 -24.4054
10567.6 -24.3422
10579.6 -24.2761
10591.6 -24.2068
10603.6 -24.1343
10615.6 -24.0584
10627.6 -23.9792
10639.6 -23.8963
10651.7 -23.8099
10663.7 -23.7196
10675.7 -23.6255
10687.7 -23.5273
10699.7 -23.4251
10711.7 -23.3185
10723.7 -23.2076
10735.7 -23.0923
10747.7 -22.9723
10759.8 -22.8475
10771.8 -22.7179
10783.8 -22.5833
10795.8 -22.4435
10807.8 -22.2985
10819.8 -22.1481
10831.8 -21.9921
10843.8 -21.8305
10855.9 -21.663
10867.9 -21.4897
10879.9 -21.3102
10891.9 -21.1244
10903.9 -20.9322
10915.9 -20.7334
10927.9 -20.5278
10939.9 -20.3152
10952 -20.0953
10964 -19.868
10976 -19.6329
10988 -19.3896
11000 -19.1377
11012 -18.8767
11024 -18.6059
11036 -18.3243
11048 -18.0306
11060.1 -17.723
11072.1 -17.3984
11084.1 -17.0511
11096.1 -16.6683
11108.1 -16.1835
11120.1 -15.7647
11132.1 -15.4009
11144.1 -15.0656
11156.2 -14.751
11168.2 -14.4543
11180.2 -14.1748
11192.2 -13.9141
11204.2 -13.6792
11216.2 -13.4939
11228.2 -13.2745
11240.2 -13.0434
11252.3 -12.809
11264.3 -12.575
11276.3 -12.3439
11288.3 -12.1184
11300.3 -11.9026
11312.3 -11.7064
11324.3 -11.5395
11336.3 -11.335
11348.3 -11.1185
11360.4 -10.8956
11372.4 -10.6693
11384.4 -10.441
11396.4 -10.212
11408.4 -9.98318
11420.4 -9.75476
11432.4 -9.52843
11444.4 -9.30718
11456.5 -9.09093
11468.5 -8.88062
11480.5 -8.67758
11492.5 -8.48374
11504.5 -8.30227
11516.5 -8.14
11528.5 -8.03141
11540.5 -7.89536
11552.6 -7.73194
11564.6 -7.55677
11576.6 -7.37463
11588.6 -7.18799
11600.6 -6.99844
11612.6 -6.80724
11624.6 -6.61581
11636.6 -6.42759
11648.6 -6.23321
11660.7 -6.03493
11672.7 -5.83363
11684.7 -5.62929
11696.7 -5.42137
11708.7 -5.20861
11720.7 -4.98822
11732.7 -4.75162
11744.7 -4.48666
11756.8 -4.26298
11768.8 -4.05628
11780.8 -3.86102
11792.8 -3.675
11804.8 -3.49711
11816.8 -3.32686
11828.8 -3.16436
11840.8 -3.01184
11852.9 -2.86702
11864.9 -2.71918
11876.9 -2.57279
11888.9 -2.42836
11900.9 -2.2859
11912.9 -2.14514
11924.9 -2.0055
11936.9 -1.86576
11948.9 -1.71981
11961 -1.58068
11973 -1.44971
11985 -1.32356
11997 -1.20105
12009 -1.0814
12021 -0.963841
12033 -0.847419
12045 -0.730368
12057.1 -0.606648
12069.1 -0.492565
12081.1 -0.384298
12093.1 -0.279304
12105.1 -0.176122
12117.1 -0.0732916
12129.1 0.0311691
12141.1 0.140761
12153.2 0.265003
12165.2 0.422263
12177.2 0.528008
12189.2 0.609553
12201.2 0.673642
12213.2 0.722509
12225.2 0.756683
12237.2 0.775347
12249.2 0.775467
12261.3 0.744732
12273.3 0.686134
12285.3 0.661732
12297.3 0.64499
12309.3 0.630949
12321.3 0.617309
12333.3 0.602572
12345.3 0.585396
12357.4 0.563932
12369.4 0.530575
12381.4 0.499761
12393.4 0.475181
12405.4 0.452084
12417.4 0.428929
12429.4 0.404636
12441.4 0.37809
12453.5 0.347692
12465.5 0.310036
12477.5 0.25053
12489.5 0.208884
12501.5 0.178806
12513.5 0.154907
12525.5 0.13524
12537.5 0.118622
12549.5 0.104008
12561.6 0.0899721
12573.6 0.073043
12585.6 0.0450027
12597.6 0.0400602
12609.6 0.0484247
12621.6 0.06789
12633.6 0.0984737
12645.6 0.141411
12657.7 0.1995
12669.7 0.278967
12681.7 0.401054
12693.7 0.570169
12705.7 0.66285
12717.7 0.728796
12729.7 0.777228
12741.7 0.811674
12753.8 0.833425
12765.8 0.842109
12777.8 0.834685
12789.8 0.790765
12801.8 0.749195
12813.8 0.734341
12825.8 0.729626
12837.8 0.731694
12849.8 0.739346
12861.9 0.752357
12873.9 0.771342
12885.9 0.79858
12897.9 0.84616
12909.9 0.882163
12921.9 0.910078
12933.9 0.934783
12945.9 0.958067
12958 0.981137
12970 1.00521
12982 1.03206
12994 1.06585
13006 1.11834
13018 1.14771
13030 1.16557
13042 1.17582
13054.1 1.1798
13066.1 1.17804
13078.1 1.1705
13090.1 1.15639
13102.1 1.13238
13114.1 1.09602
13126.1 1.07221
13138.1 1.05179
13150.2 1.0331
13162.2 1.01569
13174.2 0.999646
13186.2 0.985607
13198.2 0.975392
13210.2 0.977912
13222.2 0.980211
13234.2 0.961469
13246.2 0.932597
13258.3 0.895267
13270.3 0.849785
13282.3 0.795684
13294.3 0.731576
13306.3 0.653915
13318.3 0.54435
13330.3 0.447272
13342.3 0.360681
13354.4 0.276238
13366.4 0.190759
13378.4 0.101839
13390.4 0.00678209
13402.4 -0.098605
13414.4 -0.224173
13426.4 -0.402911
13438.4 -0.527992
13450.5 -0.625893
13462.5 -0.707671
13474.5 -0.777347
13486.5 -0.836948
13498.5 -0.887566
13510.5 -0.929636
13522.5 -0.962496
13534.5 -0.985067
13546.5 -1.00679
13558.6 -1.0244
13570.6 -1.0371
13582.6 -1.04434
13594.6 -1.04547
13606.6 -1.03946
13618.6 -1.02421
13630.6 -0.991747
13642.6 -0.949066
13654.7 -0.922426
13666.7 -0.898828
13678.7 -0.875639
13690.7 -0.851388
13702.7 -0.824858
13714.7 -0.794618
13726.7 -0.758143
13738.7 -0.703624
13750.8 -0.657312
13762.8 -0.620106
13774.8 -0.5862
13786.8 -0.553606
13798.8 -0.52101
13810.8 -0.48716
13822.8 -0.450376
13834.8 -0.407167
13846.8 -0.345012
13858.9 -0.30107
13870.9 -0.267023
13882.9 -0.238471
13894.9 -0.213679
13906.9 -0.19156
13918.9 -0.171192
13930.9 -0.151455
13942.9 -0.129954
13955 -0.102842
13967 -0.087912
13979 -0.0789208
13991 -0.0741836
14003 -0.0728565
14015 -0.0742599
14027 -0.0775711
14039 -0.0812758
14051.1 -0.0798366
14063.1 -0.0763906
14075.1 -0.0957666
14087.1 -0.127676
14099.1 -0.171054
14111.1 -0.226409
14123.1 -0.295452
14135.1 -0.381767
14147.1 -0.49376
14159.2 -0.677997
14171.2 -0.834597
14183.2 -0.94497
14195.2 -1.03528
14207.2 -1.11256
14219.2 -1.18023
14231.2 -1.24036
14243.2 -1.29446
14255.3 -1.34402
14267.3 -1.39253
14279.3 -1.43208
14291.3 -1.46434
14303.3 -1.49044
14315.3 -1.51068
14327.3 -1.52501
14339.3 -1.53302
14351.4 -1.5336
14363.4 -1.52345
14375.4 -1.49519
14387.4 -1.48062
14399.4 -1.46965
14411.4 -1.45947
14423.4 -1.44882
14435.4 -1.43688
14447.4 -1.42283
14459.5 -1.40557
14471.5 -1.38207
14483.5 -1.35211
14495.5 -1.33007
14507.5 -1.30958
14519.5 -1.28919
14531.5 -1.26798
14543.5 -1.24511
14555.6 -1.21949
14567.6 -1.18909
14579.6 -1.14415
14591.6 -1.10322
14603.6 -1.07329
14615.6 -1.04765
14627.6 -1.0244
14639.6 -1.00239
14651.7 -0.980561
14663.7 -0.95756
14675.7 -0.930664
14687.7 -0.887969
14699.7 -0.861014
14711.7 -0.845579
14723.7 -0.837258
14735.7 -0.834645
14747.7 -0.837092
14759.8 -0.844296
14771.8 -0.856186
14783.8 -0.872977
14795.8 -0.895407
14807.8 -0.92124
14819.8 -0.951523
14831.8 -0.987004
14843.8 -1.02856
14855.9 -1.07748
14867.9 -1.1359
14879.9 -1.20811
14891.9 -1.30775
14903.9 -1.4408
14915.9 -1.52331
14927.9 -1.5885
14939.9 -1.64301
14952 -1.68967
14964 -1.73013
14976 -1.76544
14988 -1.79651
15000 -1.82505
15012 -1.84918
15024 -1.86686
15036 -1.87944
15048 -1.88705
15060.1 -1.88951
15072.1 -1.88634
15084.1 -1.87645
15096.1 -1.85715
15108.1 -1.81475
15120.1 -1.78384
15132.1 -1.76198
15144.1 -1.74351
15156.2 -1.72656
15168.2 -1.71008
15180.2 -1.69327
15192.2 -1.67523
15204.2 -1.65433
15216.2 -1.62612
15228.2 -1.60497
15240.2 -1.58684
15252.3 -1.57012
15264.3 -1.55407
15276.3 -1.53818
15288.3 -1.52197
15300.3 -1.50482
15312.3 -1.48543
15324.3 -1.46252
15336.3 -1.44336
15348.3 -1.42477
15360.4 -1.40571
15372.4 -1.38527
15384.4 -1.36233
15396.4 -1.33509
15408.4 -1.29987
15420.4 -1.24163
15432.4 -1.17726
15444.4 -1.15074
15456.5 -1.14024
15468.5 -1.14219
15480.5 -1.15552
15492.5 -1.18048
15504.5 -1.21875
15516.5 -1.2752
15528.5 -1.37753
15540.5 -1.45895
15552.6 -1.51925
15564.6 -1.571
15576.6 -1.61801
15588.6 -1.6623
15600.6 -1.70535
15612.6 -1.74871
15624.6 -1.79511
15636.6 -1.8534
15648.6 -1.89663
15660.7 -1.93115
15672.7 -1.95979
15684.7 -1.98347
15696.7 -2.00242
15708.7 -2.0164
15720.7 -2.02446
15732.7 -2.02328
15744.7 -2.00805
15756.8 -2.00645
15768.8 -2.00874
15780.8 -2.01257
15792.8 -2.0168
15804.8 -2.02056
15816.8 -2.0229
15828.8 -2.02222
15840.8 -2.01322
15852.9 -1.99934
15864.9 -2
15876.9 -2.00594
15888.9 -2.01527
15900.9 -2.02698
15912.9 -2.0402
15924.9 -2.05391
15936.9 -2.06622
15948.9 -2.06772
15961 -2.07885
15973 -2.10191
15985 -2.13191
15997 -2.16721
16009 -2.20668
16021 -2.24889
16033 -2.29133
16045 -2.32715
16057.1 -2.32613
16069.1 -2.38312
16081.1 -2.48187
16093.1 -2.61475
16105.1 -2.78268
16117.1 -2.99088
16129.1 -3.25016
16141.1 -3.58318
16153.2 -4.05624
16165.2 -4.79926
16177.2 -5.20719
16189.2 -5.47486
16201.2 -5.65033
16213.2 -5.74986
16225.2 -5.77817
16237.2 -5.73144
16249.2 -5.59264
16261.3 -5.29049
16273.3 -4.84306
16285.3 -4.61295
16297.3 -4.44598
16309.3 -4.31416
16321.3 -4.20546
16333.3 -4.1133
16345.3 -4.03363
16357.4 -3.96373
16369.4 -3.90168
16381.4 -3.84607
16393.4 -3.79583
16405.4 -3.75016
16417.4 -3.70839
16429.4 -3.66999
16441.4 -3.63455
16453.5 -3.60169
16465.5 -3.57114
16477.5 -3.54263
16489.5 -3.51595
16501.5 -3.49092
16513.5 -3.46738
16525.5 -3.44519
16537.5 -3.42424
16549.5 -3.40441
16561.6 -3.38562
16573.6 -3.36778
16585.6 -3.35081
16597.6 -3.33465
16609.6 -3.31925
16621.6 -3.30454
16633.6 -3.29048
16645.6 -3.27702
16657.7 -3.26413
16669.7 -3.25177
16681.7 -3.2399
16693.7 -3.2285
16705.7 -3.21753
16717.7 -3.20697
16729.7 -3.1968
16741.7 -3.187
16753.8 -3.17754
16765.8 -3.16841
16777.8 -3.15959
16789.8 -3.15106
16801.8 -3.14281
16813.8 -3.13482
16825.8 -3.12708
16837.8 -3.11959
16849.8 -3.11232
16861.9 -3.10526
16873.9 -3.09841
16885.9 -3.09176
16897.9 -3.0853
16909.9 -3.07902
16921.9 -3.0729
16933.9 -3.06696
16945.9 -3.06117
16958 -3.05553
16970 -3.05004
16982 -3.04468
16994 -3.03946
17006 -3.03436
17018 -3.02939
17030 -3.02453
17042 -3.01979
17054.1 -3.01516
17066.1 -3.01063
17078.1 -3.0062
17090.1 -3.00187
17102.1 -2.99764
17114.1 -2.99349
17126.1 -2.98943
17138.1 -2.98546
17150.2 -2.98156
17162.2 -2.97775
17174.2 -2.97401
17186.2 -2.97034
17198.2 -2.96674
17210.2 -2.96321
17222.2 -2.95975
17234.2 -2.95635
17246.2 -2.95301
17258.3 -2.94973
17270.3 -2.94651
17282.3 -2.94334
17294.3 -2.94023
17306.3 -2.93717
17318.3 -2.93416
17330.3 -2.9312
17342.3 -2.92829
17354.4 -2.92542
17366.4 -2.9226
17378.4 -2.91982
17390.4 -2.91708
17402.4 -2.91439
17414.4 -2.91173
17426.4 -2.90912
17438.4 -2.90654
17450.5 -2.90399
17462.5 -2.90148
17474.5 -2.89901
17486.5 -2.89657
17498.5 -2.89416
17510.5 -2.89178
17522.5 -2.88943
17534.5 -2.88712
17546.5 -2.88483
17558.6 -2.88257
17570.6 -2.88033
17582.6 -2.87813
17594.6 -2.87594
17606.6 -2.87379
17618.6 -2.87166
17630.6 -2.86955
17642.6 -2.86746
17654.7 -2.8654
17666.7 -2.86336
17678.7 -2.86134
17690.7 -2.85935
17702.7 -2.85737
17714.7 -2.85541
17726.7 -2.85347
17738.7 -2.85155
17750.8 -2.84965
17762.8 -2.84777
17774.8 -2.8459
17786.8 -2.84405
17798.8 -2.84222
17810.8 -2.8404
17822.8 -2.8386
17834.8 -2.83681
17846.8 -2.83504
17858.9 -2.83328
17870.9 -2.83154
17882.9 -2.82981
17894.9 -2.8281
17906.9 -2.8264
17918.9 -2.82471
17930.9 -2.82303
17942.9 -2.82137
17955 -2.81972
17967 -2.81808
17979 -2.81645
17991 -2.81483
18003 -2.81322
18015 -2.81163
18027 -2.81004
18039 -2.80846
18051.1 -2.8069
18063.1 -2.80534
18075.1 -2.80379
18087.1 -2.80226
18099.1 -2.80073
18111.1 -2.79921
18123.1 -2.7977
18135.1 -2.79619
18147.1 -2.7947
18159.2 -2.79321
18171.2 -2.79173
18183.2 -2.79026
18195.2 -2.7888
18207.2 -2.78734
18219.2 -2.78589
18231.2 -2.78445
18243.2 -2.78302
18255.3 -2.78159
18267.3 -2.78017
18279.3 -2.77875
18291.3 -2.77734
18303.3 -2.77594
18315.3 -2.77454
18327.3 -2.77315
18339.3 -2.77176
18351.4 -2.77038
18363.4 -2.76901
18375.4 -2.76764
18387.4 -2.76628
18399.4 -2.76492
18411.4 -2.76356
18423.4 -2.76221
18435.4 -2.76087
18447.4 -2.75953
18459.5 -2.7582
18471.5 -2.75686
18483.5 -2.75554
18495.5 -2.75422
18507.5 -2.7529
18519.5 -2.75159
18531.5 -2.75028
18543.5 -2.74897
18555.6 -2.74767
18567.6 -2.74637
18579.6 -2.74508
18591.6 -2.74379
18603.6 -2.7425
18615.6 -2.74122
18627.6 -2.73994
18639.6 -2.73866
18651.7 -2.73739
18663.7 -2.73612
18675.7 -2.73485
18687.7 -2.73359
18699.7 -2.73233
18711.7 -2.73107
18723.7 -2.72982
18735.7 -2.72857
18747.7 -2.72732
18759.8 -2.72607
18771.8 -2.72483
18783.8 -2.72358
18795.8 -2.72235
18807.8 -2.72111
18819.8 -2.71988
18831.8 -2.71865
18843.8 -2.71742
18855.9 -2.71619
18867.9 -2.71497
18879.9 -2.71374
18891.9 -2.71252
18903.9 -2.71131
18915.9 -2.71009
18927.9 -2.70888
18939.9 -2.70767
18952 -2.70646
18964 -2.70525
18976 -2.70404
18988 -2.70284
19000 -2.70164
