7000 -5.53831
7012.01 -5.63976
7024.02 -5.7414
7036.04 -5.84323
7048.05 -5.94525
7060.06 -6.04743
7072.07 -6.14978
7084.08 -6.25227
7096.1 -6.3549
7108.11 -6.45765
7120.12 -6.5605
7132.13 -6.66345
7144.14 -6.76648
7156.16 -6.86957
7168.17 -6.97269
7180.18 -7.07583
7192.19 -7.17896
7204.2 -7.28206
7216.22 -7.38509
7228.23 -7.48803
7240.24 -7.59083
7252.25 -7.69346
7264.26 -7.79586
7276.28 -7.89797
7288.29 -7.99973
7300.3 -8.10106
7312.31 -8.20187
7324.32 -8.30204
7336.34 -8.40143
7348.35 -8.49988
7360.36 -8.59717
7372.37 -8.69301
7384.38 -8.78705
7396.4 -8.8788
7408.41 -8.96757
7420.42 -9.05237
7432.43 -9.13164
7444.44 -9.20275
7456.46 -9.26045
7468.47 -9.28983
7480.48 -9.25598
7492.49 -9.30611
7504.5 -9.39617
7516.52 -9.51486
7528.53 -9.65936
7540.54 -9.83031
7552.55 -10.0316
7564.56 -10.2735
7576.58 -10.5923
7588.59 -10.9916
7600.6 -11.2668
7612.61 -11.5017
7624.62 -11.7119
7636.64 -11.9042
7648.65 -12.0821
7660.66 -12.2477
7672.67 -12.402
7684.68 -12.5429
7696.7 -12.6768
7708.71 -12.8069
7720.72 -12.9312
7732.73 -13.0494
7744.74 -13.1609
7756.76 -13.2652
7768.77 -13.3611
7780.78 -13.4457
7792.79 -13.5054
7804.8 -13.5762
7816.82 -13.6537
7828.83 -13.7326
7840.84 -13.8109
7852.85 -13.8874
7864.86 -13.9609
7876.88 -14.0299
7888.89 -14.0908
7900.9 -14.1341
7912.91 -14.1938
7924.92 -14.2602
7936.94 -14.33
7948.95 -14.4018
7960.96 -14.4752
7972.97 -14.5496
7984.98 -14.6251
7997 -14.7024
8009.01 -14.7818
8021.02 -14.8563
8033.03 -14.9281
8045.05 -14.9974
8057.06 -15.0639
8069.07 -15.127
8081.08 -15.1854
8093.09 -15.2363
8105.11 -15.267
8117.12 -15.2969
8129.13 -15.3521
8141.14 -15.4182
8153.15 -15.493
8165.17 -15.5764
8177.18 -15.6693
8189.19 -15.7744
8201.2 -15.8995
8213.21 -16.0856
8225.23 -16.2285
8237.24 -16.3332
8249.25 -16.4159
8261.26 -16.4808
8273.27 -16.5288
8285.29 -16.5586
8297.3 -16.5659
8309.31 -16.5376
8321.32 -16.4289
8333.33 -16.3934
8345.35 -16.3928
8357.36 -16.4129
8369.37 -16.4494
8381.38 -16.5014
8393.39 -16.5707
8405.41 -16.6632
8417.42 -16.8004
8429.43 -17.0053
8441.44 -17.1082
8453.45 -17.1687
8465.47 -17.198
8477.48 -17.1982
8489.49 -17.1677
8501.5 -17.1003
8513.51 -16.9799
8525.53 -16.7388
8537.54 -16.4486
8549.55 -16.3224
8561.56 -16.2563
8573.57 -16.2326
8585.59 -16.2448
8597.6 -16.2918
8609.61 -16.3768
8621.62 -16.5124
8633.63 -16.7744
8645.65 -16.9809
8657.66 -17.1262
8669.67 -17.2454
8681.68 -17.3485
8693.69 -17.4401
8705.71 -17.5231
8717.72 -17.5992
8729.73 -17.6693
8741.74 -17.7345
8753.75 -17.7953
8765.77 -17.8521
8777.78 -17.9054
8789.79 -17.9553
8801.8 -18.0022
8813.81 -18.0461
8825.83 -18.0873
8837.84 -18.1258
8849.85 -18.1618
8861.86 -18.1954
8873.87 -18.2266
8885.89 -18.2554
8897.9 -18.282
8909.91 -18.3064
8921.92 -18.3286
8933.93 -18.3485
8945.95 -18.3664
8957.96 -18.3822
8969.97 -18.3958
8981.98 -18.4074
8993.99 -18.4169
9006.01 -18.4243
9018.02 -18.4297
9030.03 -18.433
9042.04 -18.4344
9054.05 -18.4336
9066.07 -18.4309
9078.08 -18.4261
9090.09 -18.4194
9102.1 -18.4106
9114.11 -18.3998
9126.13 -18.387
9138.14 -18.3721
9150.15 -18.3553
9162.16 -18.3365
9174.17 -18.3156
9186.19 -18.2928
9198.2 -18.2679
9210.21 -18.241
9222.22 -18.2121
9234.23 -18.1812
9246.25 -18.1484
9258.26 -18.1135
9270.27 -18.0766
9282.28 -18.0377
9294.29 -17.9968
9306.31 -17.9539
9318.32 -17.909
9330.33 -17.8621
9342.34 -17.8133
9354.35 -17.7625
9366.37 -17.7096
9378.38 -17.6549
9390.39 -17.5981
9402.4 -17.5394
9414.41 -17.4787
9426.43 -17.4161
9438.44 -17.3515
9450.45 -17.2851
9462.46 -17.2166
9474.47 -17.1463
9486.49 -17.074
9498.5 -16.9999
9510.51 -16.9239
9522.52 -16.846
9534.53 -16.7662
9546.55 -16.6846
9558.56 -16.6011
9570.57 -16.5158
9582.58 -16.4287
9594.59 -16.3398
9606.61 -16.2491
9618.62 -16.1567
9630.63 -16.0625
9642.64 -15.9665
9654.65 -15.8689
9666.67 -15.7695
9678.68 -15.6685
9690.69 -15.5658
9702.7 -15.4615
9714.71 -15.3555
9726.73 -15.248
9738.74 -15.1388
9750.75 -15.0282
9762.76 -14.916
9774.77 -14.8022
9786.79 -14.687
9798.8 -14.5703
9810.81 -14.4522
9822.82 -14.3327
9834.83 -14.2118
9846.85 -14.0896
9858.86 -13.966
9870.87 -13.8411
9882.88 -13.7149
9894.89 -13.5875
9906.91 -13.4589
9918.92 -13.3291
9930.93 -13.1981
9942.94 -13.066
9954.95 -12.9328
9966.97 -12.7985
9978.98 -12.6632
9990.99 -12.5269
10003 -12.3896
10015 -12.2513
10027 -12.1122
10039 -11.9722
10051.1 -11.8313
10063.1 -11.6896
10075.1 -11.5472
10087.1 -11.404
10099.1 -11.2601
10111.1 -11.1155
10123.1 -10.9703
10135.1 -10.8245
10147.1 -10.6781
10159.2 -10.5311
10171.2 -10.3837
10183.2 -10.2358
10195.2 -10.0874
10207.2 -9.93867
10219.2 -9.78955
10231.2 -9.6401
10243.2 -9.49035
10255.3 -9.34034
10267.3 -9.1901
10279.3 -9.03967
10291.3 -8.88907
10303.3 -8.73835
10315.3 -8.58754
10327.3 -8.43667
10339.3 -8.28577
10351.4 -8.13487
10363.4 -7.98402
10375.4 -7.83324
10387.4 -7.68257
10399.4 -7.53203
10411.4 -7.38166
10423.4 -7.2315
10435.4 -7.08156
10447.4 -6.93189
10459.5 -6.78252
10471.5 -6.63346
10483.5 -6.48476
10495.5 -6.33645
10507.5 -6.18854
10519.5 -6.04108
10531.5 -5.89409
10543.5 -5.74759
10555.6 -5.60162
10567.6 -5.4562
10579.6 -5.31136
10591.6 -5.16712
10603.6 -5.02351
10615.6 -4.88055
10627.6 -4.73827
10639.6 -4.5967
10651.7 -4.45585
10663.7 -4.31575
10675.7 -4.17642
10687.7 -4.03788
10699.7 -3.90016
10711.7 -3.76328
10723.7 -3.62725
10735.7 -3.49209
10747.7 -3.35783
10759.8 -3.22449
10771.8 -3.09207
10783.8 -2.96061
10795.8 -2.83011
10807.8 -2.70059
10819.8 -2.57208
10831.8 -2.44457
10843.8 -2.3181
10855.9 -2.19267
10867.9 -2.0683
10879.9 -1.94499
10891.9 -1.82277
10903.9 -1.70164
10915.9 -1.58162
10927.9 -1.46272
10939.9 -1.34495
10952 -1.22831
10964 -1.11282
10976 -0.998489
10988 -0.885322
11000 -0.773327
11012 -0.662513
11024 -0.552885
11036 -0.444452
11048 -0.337218
11060.1 -0.23119
11072.1 -0.126371
11084.1 -0.0227679
11096.1 0.0796165
11108.1 0.180778
11120.1 0.280714
11132.1 0.379421
11144.1 0.476897
11156.2 0.57314
11168.2 0.668149
11180.2 0.761921
11192.2 0.854458
11204.2 0.945757
11216.2 1.03582
11228.2 1.12465
11240.2 1.21224
11252.3 1.29859
11264.3 1.38371
11276.3 1.4676
11288.3 1.55027
11300.3 1.6317
11312.3 1.71191
11324.3 1.7909
11336.3 1.86867
11348.3 1.94523
11360.4 2.02058
11372.4 2.09472
11384.4 2.16766
11396.4 2.23941
11408.4 2.30996
11420.4 2.37932
11432.4 2.44751
11444.4 2.51452
11456.5 2.58036
11468.5 2.64503
11480.5 2.70855
11492.5 2.77092
11504.5 2.83214
11516.5 2.89223
11528.5 2.95118
11540.5 3.00902
11552.6 3.06574
11564.6 3.12135
11576.6 3.17585
11588.6 3.22927
11600.6 3.2816
11612.6 3.33286
11624.6 3.38304
11636.6 3.43217
11648.6 3.48025
11660.7 3.52728
11672.7 3.57327
11684.7 3.61824
11696.7 3.6622
11708.7 3.70514
11720.7 3.74709
11732.7 3.78804
11744.7 3.82801
11756.8 3.86701
11768.8 3.90505
11780.8 3.94213
11792.8 3.97827
11804.8 4.01348
11816.8 4.04775
11828.8 4.08111
11840.8 4.11356
11852.9 4.14512
11864.9 4.17578
11876.9 4.20557
11888.9 4.23449
11900.9 4.26254
11912.9 4.28975
11924.9 4.31611
11936.9 4.34164
11948.9 4.36635
11961 4.39025
11973 4.41334
11985 4.43564
11997 4.45715
12009 4.47789
12021 4.49786
12033 4.51708
12045 4.53554
12057.1 4.55327
12069.1 4.57027
12081.1 4.58655
12093.1 4.60212
12105.1 4.61698
12117.1 4.63116
12129.1 4.64465
12141.1 4.65746
12153.2 4.66961
12165.2 4.6811
12177.2 4.69195
12189.2 4.70215
12201.2 4.71173
12213.2 4.72068
12225.2 4.72902
12237.2 4.73676
12249.2 4.74389
12261.3 4.75044
12273.3 4.75641
12285.3 4.76181
12297.3 4.76665
12309.3 4.77093
12321.3 4.77467
12333.3 4.77786
12345.3 4.78053
12357.4 4.78267
12369.4 4.7843
12381.4 4.78542
12393.4 4.78605
12405.4 4.78618
12417.4 4.78582
12429.4 4.78499
12441.4 4.78369
12453.5 4.78193
12465.5 4.77972
12477.5 4.77705
12489.5 4.77395
12501.5 4.77042
12513.5 4.76645
12525.5 4.76207
12537.5 4.75728
12549.5 4.75208
12561.6 4.74649
12573.6 4.7405
12585.6 4.73412
12597.6 4.72737
12609.6 4.72025
12621.6 4.71276
12633.6 4.7049
12645.6 4.6967
12657.7 4.68815
12669.7 4.67926
12681.7 4.67003
12693.7 4.66048
12705.7 4.6506
12717.7 4.6404
12729.7 4.62989
12741.7 4.61908
12753.8 4.60796
12765.8 4.59656
12777.8 4.58486
12789.8 4.57288
12801.8 4.56062
12813.8 4.54808
12825.8 4.53528
12837.8 4.52222
12849.8 4.5089
12861.9 4.49532
12873.9 4.4815
12885.9 4.46744
12897.9 4.45314
12909.9 4.4386
12921.9 4.42384
12933.9 4.40885
12945.9 4.39364
12958 4.37822
12970 4.36259
12982 4.34676
12994 4.33072
13006 4.31448
13018 4.29806
13030 4.28144
13042 4.26464
13054.1 4.24766
13066.1 4.2305
13078.1 4.21317
13090.1 4.19568
13102.1 4.17801
13114.1 4.16019
13126.1 4.14221
13138.1 4.12408
13150.2 4.10579
13162.2 4.08736
13174.2 4.06879
13186.2 4.05008
13198.2 4.03124
13210.2 4.01226
13222.2 3.99315
13234.2 3.97392
13246.2 3.95456
13258.3 3.93509
13270.3 3.91549
13282.3 3.89579
13294.3 3.87598
13306.3 3.85606
13318.3 3.83603
13330.3 3.81591
13342.3 3.79568
13354.4 3.77537
13366.4 3.75495
13378.4 3.73445
13390.4 3.71387
13402.4 3.69319
13414.4 3.67244
13426.4 3.65161
13438.4 3.6307
13450.5 3.60972
13462.5 3.58866
13474.5 3.56754
13486.5 3.54635
13498.5 3.52509
13510.5 3.50378
13522.5 3.4824
13534.5 3.46097
13546.5 3.43948
13558.6 3.41793
13570.6 3.39634
13582.6 3.3747
13594.6 3.35301
13606.6 3.33128
13618.6 3.3095
13630.6 3.28768
13642.6 3.26583
13654.7 3.24393
13666.7 3.22201
13678.7 3.20005
13690.7 3.17805
13702.7 3.15603
13714.7 3.13398
13726.7 3.11191
13738.7 3.08981
13750.8 3.06768
13762.8 3.04554
13774.8 3.02338
13786.8 3.0012
13798.8 2.979
13810.8 2.95679
13822.8 2.93456
13834.8 2.91233
13846.8 2.89008
13858.9 2.86783
13870.9 2.84556
13882.9 2.82329
13894.9 2.80102
13906.9 2.77874
13918.9 2.75647
13930.9 2.73419
13942.9 2.71191
13955 2.68963
13967 2.66736
13979 2.64509
13991 2.62282
14003 2.60057
14015 2.57832
14027 2.55607
14039 2.53384
14051.1 2.51162
14063.1 2.48942
14075.1 2.46722
14087.1 2.44504
14099.1 2.42288
14111.1 2.40073
14123.1 2.37859
14135.1 2.35648
14147.1 2.33438
14159.2 2.31231
14171.2 2.29025
14183.2 2.26822
14195.2 2.24621
14207.2 2.22422
14219.2 2.20226
14231.2 2.18032
14243.2 2.15841
14255.3 2.13653
14267.3 2.11467
14279.3 2.09284
14291.3 2.07104
14303.3 2.04927
14315.3 2.02752
14327.3 2.00581
14339.3 1.98413
14351.4 1.96249
14363.4 1.94087
14375.4 1.91929
14387.4 1.89775
14399.4 1.87624
14411.4 1.85476
14423.4 1.83332
14435.4 1.81192
14447.4 1.79055
14459.5 1.76922
14471.5 1.74793
14483.5 1.72668
14495.5 1.70547
14507.5 1.68429
14519.5 1.66316
14531.5 1.64207
14543.5 1.62102
14555.6 1.60001
14567.6 1.57904
14579.6 1.55811
14591.6 1.53723
14603.6 1.51639
14615.6 1.4956
14627.6 1.47485
14639.6 1.45414
14651.7 1.43348
14663.7 1.41286
14675.7 1.39229
14687.7 1.37176
14699.7 1.35128
14711.7 1.33085
14723.7 1.31047
14735.7 1.29013
14747.7 1.26984
14759.8 1.2496
14771.8 1.2294
14783.8 1.20925
14795.8 1.18916
14807.8 1.16911
14819.8 1.14911
14831.8 1.12916
14843.8 1.10926
14855.9 1.08941
14867.9 1.06961
14879.9 1.04986
14891.9 1.03016
14903.9 1.01051
14915.9 0.990913
14927.9 0.971367
14939.9 0.951872
14952 0.932429
14964 0.913037
14976 0.893698
14988 0.87441
15000 0.855175
15012 0.835992
15024 0.816862
15036 0.797784
15048 0.77876
15060.1 0.759788
15072.1 0.740869
15084.1 0.722004
15096.1 0.703192
15108.1 0.684433
15120.1 0.665728
15132.1 0.647077
15144.1 0.628479
15156.2 0.609935
15168.2 0.591445
15180.2 0.573009
15192.2 0.554627
15204.2 0.536299
15216.2 0.518026
15228.2 0.499807
15240.2 0.481642
15252.3 0.463531
15264.3 0.445475
15276.3 0.427474
15288.3 0.409527
15300.3 0.391634
15312.3 0.373796
15324.3 0.356013
15336.3 0.338285
15348.3 0.320611
15360.4 0.302992
15372.4 0.285427
15384.4 0.267918
15396.4 0.250463
15408.4 0.233063
15420.4 0.215718
15432.4 0.198427
15444.4 0.181191
15456.5 0.164011
15468.5 0.146884
15480.5 0.129813
15492.5 0.112797
15504.5 0.0958347
15516.5 0.0789275
15528.5 0.0620751
15540.5 0.0452773
15552.6 0.0285342
15564.6 0.0118457
15576.6 -0.00478823
15588.6 -0.0213676
15600.6 -0.0378925
15612.6 -0.0543628
15624.6 -0.0707788
15636.6 -0.0871403
15648.6 -0.103447
15660.7 -0.1197
15672.7 -0.135899
15684.7 -0.152043
15696.7 -0.168134
15708.7 -0.18417
15720.7 -0.200152
15732.7 -0.21608
15744.7 -0.231955
15756.8 -0.247775
15768.8 -0.263542
15780.8 -0.279255
15792.8 -0.294914
15804.8 -0.31052
15816.8 -0.326072
15828.8 -0.341571
15840.8 -0.357017
15852.9 -0.372409
15864.9 -0.387748
15876.9 -0.403034
15888.9 -0.418267
15900.9 -0.433447
15912.9 -0.448574
15924.9 -0.463648
15936.9 -0.47867
15948.9 -0.493639
15961 -0.508556
15973 -0.52342
15985 -0.538232
15997 -0.552991
16009 -0.567699
16021 -0.582354
16033 -0.596958
16045 -0.611509
16057.1 -0.626009
16069.1 -0.640458
16081.1 -0.654854
16093.1 -0.6692
16105.1 -0.683494
16117.1 -0.697737
16129.1 -0.711928
16141.1 -0.726069
16153.2 -0.740159
16165.2 -0.754198
16177.2 -0.768186
16189.2 -0.782124
16201.2 -0.796011
16213.2 -0.809848
16225.2 -0.823635
16237.2 -0.837372
16249.2 -0.851058
16261.3 -0.864695
16273.3 -0.878282
16285.3 -0.891819
16297.3 -0.905307
16309.3 -0.918745
16321.3 -0.932134
16333.3 -0.945474
16345.3 -0.958765
16357.4 -0.972007
16369.4 -0.9852
16381.4 -0.998344
16393.4 -1.01144
16405.4 -1.02449
16417.4 -1.03749
16429.4 -1.05044
16441.4 -1.06334
16453.5 -1.07619
16465.5 -1.089
16477.5 -1.10176
16489.5 -1.11447
16501.5 -1.12714
16513.5 -1.13975
16525.5 -1.15232
16537.5 -1.16484
16549.5 -1.17732
16561.6 -1.18975
16573.6 -1.20213
16585.6 -1.21447
16597.6 -1.22675
16609.6 -1.239
16621.6 -1.25119
16633.6 -1.26334
16645.6 -1.27545
16657.7 -1.28751
16669.7 -1.29952
16681.7 -1.31149
16693.7 -1.32341
16705.7 -1.33528
16717.7 -1.34712
16729.7 -1.3589
16741.7 -1.37064
16753.8 -1.38234
16765.8 -1.39399
16777.8 -1.4056
16789.8 -1.41716
16801.8 -1.42868
16813.8 -1.44016
16825.8 -1.45159
16837.8 -1.46298
16849.8 -1.47432
16861.9 -1.48562
16873.9 -1.49687
16885.9 -1.50809
16897.9 -1.51926
16909.9 -1.53038
16921.9 -1.54147
16933.9 -1.55251
16945.9 -1.56351
16958 -1.57446
16970 -1.58538
16982 -1.59625
16994 -1.60708
17006 -1.61786
17018 -1.62861
17030 -1.63931
17042 -1.64997
17054.1 -1.66059
17066.1 -1.67117
17078.1 -1.68171
17090.1 -1.69221
17102.1 -1.70266
17114.1 -1.71308
17126.1 -1.72345
17138.1 -1.73378
17150.2 -1.74408
17162.2 -1.75433
17174.2 -1.76454
17186.2 -1.77472
17198.2 -1.78485
17210.2 -1.79494
17222.2 -1.80499
17234.2 -1.81501
17246.2 -1.82498
17258.3 -1.83492
17270.3 -1.84481
17282.3 -1.85467
17294.3 -1.86449
17306.3 -1.87427
17318.3 -1.88401
17330.3 -1.89371
17342.3 -1.90337
17354.4 -1.913
17366.4 -1.92259
17378.4 -1.93213
17390.4 -1.94165
17402.4 -1.95112
17414.4 -1.96056
17426.4 -1.96995
17438.4 -1.97931
17450.5 -1.98864
17462.5 -1.99793
17474.5 -2.00718
17486.5 -2.01639
17498.5 -2.02556
17510.5 -2.0347
17522.5 -2.04381
17534.5 -2.05287
17546.5 -2.0619
17558.6 -2.0709
17570.6 -2.07986
17582.6 -2.08878
17594.6 -2.09767
17606.6 -2.10652
17618.6 -2.11533
17630.6 -2.12411
17642.6 -2.13286
17654.7 -2.14157
17666.7 -2.15024
17678.7 -2.15888
17690.7 -2.16749
17702.7 -2.17606
17714.7 -2.1846
17726.7 -2.1931
17738.7 -2.20157
17750.8 -2.21
17762.8 -2.2184
17774.8 -2.22676
17786.8 -2.23509
17798.8 -2.24339
17810.8 -2.25166
17822.8 -2.25989
17834.8 -2.26808
17846.8 -2.27625
17858.9 -2.28438
17870.9 -2.29248
17882.9 -2.30054
17894.9 -2.30857
17906.9 -2.31657
17918.9 -2.32454
17930.9 -2.33248
17942.9 -2.34038
17955 -2.34825
17967 -2.35609
17979 -2.36389
17991 -2.37167
18003 -2.37941
18015 -2.38712
18027 -2.3948
18039 -2.40245
18051.1 -2.41007
18063.1 -2.41765
18075.1 -2.42521
18087.1 -2.43273
18099.1 -2.44022
18111.1 -2.44769
18123.1 -2.45512
18135.1 -2.46252
18147.1 -2.46989
18159.2 -2.47723
18171.2 -2.48454
18183.2 -2.49182
18195.2 -2.49907
18207.2 -2.50629
18219.2 -2.51348
18231.2 -2.52064
18243.2 -2.52778
18255.3 -2.53488
18267.3 -2.54195
18279.3 -2.54899
18291.3 -2.55601
18303.3 -2.56299
18315.3 -2.56995
18327.3 -2.57688
18339.3 -2.58378
18351.4 -2.59065
18363.4 -2.59749
18375.4 -2.6043
18387.4 -2.61109
18399.4 -2.61785
18411.4 -2.62458
18423.4 -2.63128
18435.4 -2.63795
18447.4 -2.6446
18459.5 -2.65122
18471.5 -2.65781
18483.5 -2.66437
18495.5 -2.6709
18507.5 -2.67741
18519.5 -2.68389
18531.5 -2.69035
18543.5 -2.69678
18555.6 -2.70318
18567.6 -2.70955
18579.6 -2.7159
18591.6 -2.72222
18603.6 -2.72851
18615.6 -2.73478
18627.6 -2.74102
18639.6 -2.74723
18651.7 -2.75342
18663.7 -2.75959
18675.7 -2.76572
18687.7 -2.77184
18699.7 -2.77792
18711.7 -2.78398
18723.7 -2.79002
18735.7 -2.79603
18747.7 -2.80201
18759.8 -2.80797
18771.8 -2.8139
18783.8 -2.81981
18795.8 -2.82569
18807.8 -2.83155
18819.8 -2.83739
18831.8 -2.84319
18843.8 -2.84898
18855.9 -2.85474
18867.9 -2.86048
18879.9 -2.86619
18891.9 -2.87187
18903.9 -2.87754
18915.9 -2.88318
18927.9 -2.88879
18939.9 -2.89438
18952 -2.89995
18964 -2.90549
18976 -2.91101
18988 -2.91651
19000 -2.92198
