7000 -8.46425
7012.01 -8.53855
7024.02 -8.61259
7036.04 -8.68636
7048.05 -8.75985
7060.06 -8.83307
7072.07 -8.906
7084.08 -8.97864
7096.1 -9.05099
7108.11 -9.12304
7120.12 -9.19478
7132.13 -9.26621
7144.14 -9.33733
7156.16 -9.40813
7168.17 -9.47861
7180.18 -9.54878
7192.19 -9.61862
7204.2 -9.68813
7216.22 -9.75733
7228.23 -9.82619
7240.24 -9.89473
7252.25 -9.96295
7264.26 -10.0309
7276.28 -10.0984
7288.29 -10.1657
7300.3 -10.2327
7312.31 -10.2993
7324.32 -10.3657
7336.34 -10.4318
7348.35 -10.4976
7360.36 -10.5632
7372.37 -10.6285
7384.38 -10.6936
7396.4 -10.7586
7408.41 -10.8234
7420.42 -10.8882
7432.43 -10.953
7444.44 -11.0179
7456.46 -11.0832
7468.47 -11.1494
7480.48 -11.2176
7492.49 -11.2834
7504.5 -11.3481
7516.52 -11.4124
7528.53 -11.4766
7540.54 -11.5412
7552.55 -11.6067
7564.56 -11.6745
7576.58 -11.7486
7588.59 -11.8295
7600.6 -11.8939
7612.61 -11.9513
7624.62 -12.0031
7636.64 -12.0498
7648.65 -12.0913
7660.66 -12.127
7672.67 -12.1551
7684.68 -12.1659
7696.7 -12.1778
7708.71 -12.1998
7720.72 -12.2245
7732.73 -12.2501
7744.74 -12.2754
7756.76 -12.2993
7768.77 -12.3207
7780.78 -12.3366
7792.79 -12.3346
7804.8 -12.3475
7816.82 -12.3713
7828.83 -12.4015
7840.84 -12.4367
7852.85 -12.4764
7864.86 -12.5209
7876.88 -12.5707
7888.89 -12.6284
7900.9 -12.7015
7912.91 -12.7619
7924.92 -12.8173
7936.94 -12.8705
7948.95 -12.9225
7960.96 -12.9738
7972.97 -13.0251
7984.98 -13.077
7997 -13.1313
8009.01 -13.1891
8021.02 -13.2395
8033.03 -13.2868
8045.05 -13.3318
8057.06 -13.3745
8069.07 -13.415
8081.08 -13.4529
8093.09 -13.4871
8105.11 -13.5118
8117.12 -13.536
8129.13 -13.5717
8141.14 -13.6125
8153.15 -13.6577
8165.17 -13.7071
8177.18 -13.7618
8189.19 -13.8234
8201.2 -13.8969
8213.21 -14.0077
8225.23 -14.0912
8237.24 -14.1504
8249.25 -14.1954
8261.26 -14.2287
8273.27 -14.2506
8285.29 -14.2601
8297.3 -14.2538
8309.31 -14.2219
8321.32 -14.1303
8333.33 -14.0954
8345.35 -14.0881
8357.36 -14.0978
8369.37 -14.1212
8381.38 -14.1579
8393.39 -14.2092
8405.41 -14.2797
8417.42 -14.3858
8429.43 -14.545
8441.44 -14.6299
8453.45 -14.6857
8465.47 -14.7213
8477.48 -14.7391
8489.49 -14.7388
8501.5 -14.7178
8513.51 -14.6678
8525.53 -14.554
8537.54 -14.4136
8549.55 -14.3574
8561.56 -14.3315
8573.57 -14.3267
8585.59 -14.3395
8597.6 -14.3693
8609.61 -14.4173
8621.62 -14.4895
8633.63 -14.6211
8645.65 -14.7272
8657.66 -14.8052
8669.67 -14.8713
8681.68 -14.9304
8693.69 -14.9845
8705.71 -15.035
8717.72 -15.0825
8729.73 -15.1278
8741.74 -15.171
8753.75 -15.2127
8765.77 -15.2528
8777.78 -15.2918
8789.79 -15.3295
8801.8 -15.3663
8813.81 -15.4021
8825.83 -15.4371
8837.84 -15.4712
8849.85 -15.5046
8861.86 -15.5373
8873.87 -15.5694
8885.89 -15.6008
8897.9 -15.6316
8909.91 -15.6619
8921.92 -15.6916
8933.93 -15.7208
8945.95 -15.7494
8957.96 -15.7776
8969.97 -15.8052
8981.98 -15.8324
8993.99 -15.8591
9006.01 -15.8854
9018.02 -15.9112
9030.03 -15.9366
9042.04 -15.9615
9054.05 -15.986
9066.07 -16.0101
9078.08 -16.0338
9090.09 -16.057
9102.1 -16.0799
9114.11 -16.1023
9126.13 -16.1243
9138.14 -16.1459
9150.15 -16.1671
9162.16 -16.1878
9174.17 -16.2082
9186.19 -16.2282
9198.2 -16.2477
9210.21 -16.2669
9222.22 -16.2856
9234.23 -16.3039
9246.25 -16.3218
9258.26 -16.3393
9270.27 -16.3564
9282.28 -16.3731
9294.29 -16.3893
9306.31 -16.4051
9318.32 -16.4205
9330.33 -16.4355
9342.34 -16.45
9354.35 -16.4641
9366.37 -16.4778
9378.38 -16.491
9390.39 -16.5038
9402.4 -16.5161
9414.41 -16.528
9426.43 -16.5394
9438.44 -16.5503
9450.45 -16.5608
9462.46 -16.5708
9474.47 -16.5803
9486.49 -16.5894
9498.5 -16.5979
9510.51 -16.606
9522.52 -16.6136
9534.53 -16.6206
9546.55 -16.6272
9558.56 -16.6332
9570.57 -16.6387
9582.58 -16.6437
9594.59 -16.6481
9606.61 -16.652
9618.62 -16.6554
9630.63 -16.6582
9642.64 -16.6604
9654.65 -16.6621
9666.67 -16.6632
9678.68 -16.6637
9690.69 -16.6637
9702.7 -16.663
9714.71 -16.6617
9726.73 -16.6598
9738.74 -16.6573
9750.75 -16.6542
9762.76 -16.6505
9774.77 -16.6461
9786.79 -16.641
9798.8 -16.6353
9810.81 -16.6289
9822.82 -16.6219
9834.83 -16.6142
9846.85 -16.6057
9858.86 -16.5966
9870.87 -16.5868
9882.88 -16.5763
9894.89 -16.565
9906.91 -16.553
9918.92 -16.5403
9930.93 -16.5268
9942.94 -16.5125
9954.95 -16.4975
9966.97 -16.4818
9978.98 -16.4652
9990.99 -16.4478
10003 -16.4297
10015 -16.4107
10027 -16.3909
10039 -16.3703
10051.1 -16.3489
10063.1 -16.3266
10075.1 -16.3034
10087.1 -16.2794
10099.1 -16.2545
10111.1 -16.2288
10123.1 -16.2021
10135.1 -16.1746
10147.1 -16.1461
10159.2 -16.1168
10171.2 -16.0865
10183.2 -16.0553
10195.2 -16.0232
10207.2 -15.9901
10219.2 -15.956
10231.2 -15.921
10243.2 -15.8851
10255.3 -15.8481
10267.3 -15.8102
10279.3 -15.7713
10291.3 -15.7313
10303.3 -15.6904
10315.3 -15.6485
10327.3 -15.6055
10339.3 -15.5615
10351.4 -15.5165
10363.4 -15.4705
10375.4 -15.4234
10387.4 -15.3753
10399.4 -15.3261
10411.4 -15.2758
10423.4 -15.2245
10435.4 -15.1721
10447.4 -15.1186
10459.5 -15.0641
10471.5 -15.0085
10483.5 -14.9518
10495.5 -14.894
10507.5 -14.8351
10519.5 -14.7751
10531.5 -14.714
10543.5 -14.6518
10555.6 -14.5885
10567.6 -14.5241
10579.6 -14.4586
10591.6 -14.392
10603.6 -14.3242
10615.6 -14.2554
10627.6 -14.1855
10639.6 -14.1144
10651.7 -14.0423
10663.7 -13.969
10675.7 -13.8946
10687.7 -13.8191
10699.7 -13.7425
10711.7 -13.6648
10723.7 -13.586
10735.7 -13.5061
10747.7 -13.4251
10759.8 -13.343
10771.8 -13.2598
10783.8 -13.1755
10795.8 -13.0902
10807.8 -13.0037
10819.8 -12.9161
10831.8 -12.8275
10843.8 -12.7378
10855.9 -12.647
10867.9 -12.5551
10879.9 -12.4622
10891.9 -12.3681
10903.9 -12.273
10915.9 -12.1768
10927.9 -12.0794
10939.9 -11.981
10952 -11.8814
10964 -11.7807
10976 -11.6787
10988 -11.5756
11000 -11.4711
11012 -11.3652
11024 -11.2579
11036 -11.1489
11048 -11.038
11060.1 -10.9248
11072.1 -10.8087
11084.1 -10.6886
11096.1 -10.5615
11108.1 -10.4127
11120.1 -10.2801
11132.1 -10.1616
11144.1 -10.0513
11156.2 -9.94798
11168.2 -9.85144
11180.2 -9.76247
11192.2 -9.68319
11204.2 -9.61976
11216.2 -9.59215
11228.2 -9.53098
11240.2 -9.45444
11252.3 -9.36923
11264.3 -9.27776
11276.3 -9.18124
11288.3 -9.08032
11300.3 -8.97527
11312.3 -8.86576
11324.3 -8.75137
11336.3 -8.63664
11348.3 -8.5199
11360.4 -8.40064
11372.4 -8.2784
11384.4 -8.15252
11396.4 -8.02182
11408.4 -7.8837
11420.4 -7.72721
11432.4 -7.56489
11444.4 -7.42933
11456.5 -7.30459
11468.5 -7.18821
11480.5 -7.07962
11492.5 -6.97938
11504.5 -6.88935
11516.5 -6.81464
11528.5 -6.78385
11540.5 -6.7278
11552.6 -6.64603
11564.6 -6.55117
11576.6 -6.44662
11588.6 -6.33362
11600.6 -6.21231
11612.6 -6.0816
11624.6 -5.93751
11636.6 -5.76408
11648.6 -5.61294
11660.7 -5.47236
11672.7 -5.337
11684.7 -5.20499
11696.7 -5.07538
11708.7 -4.94758
11720.7 -4.82118
11732.7 -4.69576
11744.7 -4.57088
11756.8 -4.4478
11768.8 -4.3259
11780.8 -4.20494
11792.8 -4.08474
11804.8 -3.96508
11816.8 -3.84564
11828.8 -3.72579
11840.8 -3.60308
11852.9 -3.47935
11864.9 -3.36418
11876.9 -3.25335
11888.9 -3.14628
11900.9 -3.04299
11912.9 -2.94385
11924.9 -2.84978
11936.9 -2.76302
11948.9 -2.69618
11961 -2.6211
11973 -2.53441
11985 -2.44266
11997 -2.34763
12009 -2.25018
12021 -2.15083
12033 -2.04998
12045 -1.94821
12057.1 -1.84755
12069.1 -1.74171
12081.1 -1.63165
12093.1 -1.51764
12105.1 -1.39928
12117.1 -1.27565
12129.1 -1.145
12141.1 -1.0038
12153.2 -0.841715
12165.2 -0.638514
12177.2 -0.488665
12189.2 -0.361907
12201.2 -0.250914
12213.2 -0.153408
12225.2 -0.0690659
12237.2 0.000793434
12249.2 0.051973
12261.3 0.067844
12273.3 0.0525315
12285.3 0.0899999
12297.3 0.144724
12309.3 0.210462
12321.3 0.284804
12333.3 0.36682
12345.3 0.456582
12357.4 0.555596
12369.4 0.67438
12381.4 0.790746
12393.4 0.898766
12405.4 1.00528
12417.4 1.11245
12429.4 1.22189
12441.4 1.33542
12453.5 1.45594
12465.5 1.59001
12477.5 1.7668
12489.5 1.90576
12501.5 2.01917
12513.5 2.11736
12525.5 2.20346
12537.5 2.2786
12549.5 2.34271
12561.6 2.39421
12573.6 2.42717
12585.6 2.42639
12597.6 2.45575
12609.6 2.4964
12621.6 2.54326
12633.6 2.59481
12645.6 2.65082
12657.7 2.71207
12669.7 2.7811
12681.7 2.86754
12693.7 2.97316
12705.7 3.03978
12717.7 3.09034
12729.7 3.12871
12741.7 3.15598
12753.8 3.17187
12765.8 3.17477
12777.8 3.16019
12789.8 3.10322
12801.8 3.04958
12813.8 3.02784
12825.8 3.01783
12837.8 3.01515
12849.8 3.01794
12861.9 3.02544
12873.9 3.03771
12885.9 3.0563
12897.9 3.09108
12909.9 3.1146
12921.9 3.12938
12933.9 3.13907
12945.9 3.14453
12958 3.14589
12970 3.14283
12982 3.13436
12994 3.11766
13006 3.08435
13018 3.06436
13030 3.04925
13042 3.03597
13054.1 3.02317
13066.1 3.00982
13078.1 2.99478
13090.1 2.97619
13102.1 2.9487
13114.1 2.90846
13126.1 2.89116
13138.1 2.88343
13150.2 2.88278
13162.2 2.88855
13174.2 2.90094
13186.2 2.92109
13198.2 2.95212
13210.2 3.009
13222.2 3.07032
13234.2 3.1016
13246.2 3.12129
13258.3 3.13255
13270.3 3.13636
13282.3 3.13261
13294.3 3.11996
13306.3 3.09431
13318.3 3.03228
13330.3 2.99267
13342.3 2.97382
13354.4 2.9661
13366.4 2.96711
13378.4 2.97631
13390.4 2.99434
13402.4 3.02349
13414.4 3.07075
13426.4 3.16138
13438.4 3.21109
13450.5 3.24014
13462.5 3.25667
13474.5 3.26319
13486.5 3.26046
13498.5 3.24804
13510.5 3.22381
13522.5 3.18007
13534.5 3.10747
13546.5 3.0682
13558.6 3.04016
13570.6 3.01862
13582.6 3.00177
13594.6 2.98877
13606.6 2.97935
13618.6 2.97388
13630.6 2.97516
13642.6 2.98014
13654.7 2.97822
13666.7 2.97431
13678.7 2.96917
13690.7 2.96309
13702.7 2.95617
13714.7 2.94836
13726.7 2.93944
13738.7 2.9281
13750.8 2.91731
13762.8 2.90717
13774.8 2.89693
13786.8 2.88628
13798.8 2.87488
13810.8 2.86232
13822.8 2.84782
13834.8 2.82956
13846.8 2.80045
13858.9 2.78212
13870.9 2.76994
13882.9 2.76154
13894.9 2.75613
13906.9 2.75337
13918.9 2.75315
13930.9 2.75559
13942.9 2.76133
13955 2.77155
13967 2.78021
13979 2.7894
13991 2.79972
14003 2.81153
14015 2.8252
14027 2.84122
14039 2.8605
14051.1 2.88608
14063.1 2.91662
14075.1 2.93966
14087.1 2.96101
14099.1 2.98187
14111.1 3.00295
14123.1 3.02489
14135.1 3.04846
14147.1 3.07508
14159.2 3.11173
14171.2 3.14392
14183.2 3.16907
14195.2 3.19113
14207.2 3.21128
14219.2 3.23022
14231.2 3.24852
14243.2 3.2669
14255.3 3.28672
14267.3 3.31349
14279.3 3.33175
14291.3 3.34418
14303.3 3.3526
14315.3 3.3575
14327.3 3.3589
14339.3 3.35645
14351.4 3.34916
14363.4 3.33385
14375.4 3.30346
14387.4 3.28921
14399.4 3.2815
14411.4 3.27788
14423.4 3.27764
14435.4 3.2807
14447.4 3.28756
14459.5 3.2997
14471.5 3.32292
14483.5 3.35696
14495.5 3.36971
14507.5 3.37421
14519.5 3.37259
14531.5 3.36547
14543.5 3.35271
14555.6 3.33342
14567.6 3.30514
14579.6 3.25377
14591.6 3.20723
14603.6 3.17626
14615.6 3.15115
14627.6 3.1294
14639.6 3.10963
14651.7 3.09074
14663.7 3.07138
14675.7 3.04889
14687.7 3.01143
14699.7 2.99094
14711.7 2.98346
14723.7 2.98492
14735.7 2.99449
14747.7 3.01237
14759.8 3.03975
14771.8 3.07942
14783.8 3.13957
14795.8 3.24286
14807.8 3.30305
14819.8 3.34479
14831.8 3.37569
14843.8 3.39841
14855.9 3.41398
14867.9 3.42244
14879.9 3.42254
14891.9 3.40845
14903.9 3.3779
14915.9 3.37048
14927.9 3.37114
14939.9 3.3773
14952 3.38827
14964 3.40418
14976 3.42603
14988 3.45656
15000 3.51002
15012 3.5628
15024 3.59122
15036 3.60943
15048 3.62007
15060.1 3.62399
15072.1 3.62112
15084.1 3.61036
15096.1 3.58832
15108.1 3.536
15120.1 3.50249
15132.1 3.48475
15144.1 3.47529
15156.2 3.47213
15168.2 3.47474
15180.2 3.48346
15192.2 3.49978
15204.2 3.52852
15216.2 3.5857
15228.2 3.6148
15240.2 3.63036
15252.3 3.63752
15264.3 3.63782
15276.3 3.63159
15288.3 3.61829
15300.3 3.59598
15312.3 3.55766
15324.3 3.4966
15336.3 3.46586
15348.3 3.44618
15360.4 3.43378
15372.4 3.42739
15384.4 3.42677
15396.4 3.43249
15408.4 3.44654
15420.4 3.47825
15432.4 3.51684
15444.4 3.5345
15456.5 3.54516
15468.5 3.55133
15480.5 3.55408
15492.5 3.55398
15504.5 3.55128
15516.5 3.54589
15528.5 3.53619
15540.5 3.52666
15552.6 3.51741
15564.6 3.50772
15576.6 3.49742
15588.6 3.48645
15600.6 3.47484
15612.6 3.46266
15624.6 3.45016
15636.6 3.43834
15648.6 3.42387
15660.7 3.40746
15672.7 3.38939
15684.7 3.36969
15696.7 3.34826
15708.7 3.32494
15720.7 3.29933
15732.7 3.27031
15744.7 3.2363
15756.8 3.20592
15768.8 3.17603
15780.8 3.14579
15792.8 3.11475
15804.8 3.08248
15816.8 3.04844
15828.8 3.01165
15840.8 2.96873
15852.9 2.92196
15864.9 2.88391
15876.9 2.84868
15888.9 2.81516
15900.9 2.78287
15912.9 2.75156
15924.9 2.7211
15936.9 2.69155
15948.9 2.66383
15961 2.63561
15973 2.6066
15985 2.57733
15997 2.54804
16009 2.51896
16021 2.49053
16033 2.46364
16045 2.44079
16057.1 2.43309
16069.1 2.4059
16081.1 2.3653
16093.1 2.3143
16105.1 2.25287
16117.1 2.17959
16129.1 2.09135
16141.1 1.9815
16153.2 1.83049
16165.2 1.59997
16177.2 1.46872
16189.2 1.37922
16201.2 1.31731
16213.2 1.27822
16225.2 1.26063
16237.2 1.2658
16249.2 1.29897
16261.3 1.38198
16273.3 1.50933
16285.3 1.57015
16297.3 1.6116
16309.3 1.64225
16321.3 1.66581
16333.3 1.68428
16345.3 1.69891
16357.4 1.71055
16369.4 1.71978
16381.4 1.72704
16393.4 1.73266
16405.4 1.73689
16417.4 1.73993
16429.4 1.74195
16441.4 1.74308
16453.5 1.74344
16465.5 1.7431
16477.5 1.74215
16489.5 1.74067
16501.5 1.73869
16513.5 1.73628
16525.5 1.73347
16537.5 1.73031
16549.5 1.72682
16561.6 1.72304
16573.6 1.71899
16585.6 1.71469
16597.6 1.71017
16609.6 1.70543
16621.6 1.70051
16633.6 1.69541
16645.6 1.69015
16657.7 1.68474
16669.7 1.67919
16681.7 1.67351
16693.7 1.66772
16705.7 1.66181
16717.7 1.65579
16729.7 1.64969
16741.7 1.64349
16753.8 1.63721
16765.8 1.63085
16777.8 1.62442
16789.8 1.61793
16801.8 1.61137
16813.8 1.60475
16825.8 1.59808
16837.8 1.59136
16849.8 1.58459
16861.9 1.57778
16873.9 1.57092
16885.9 1.56403
16897.9 1.5571
16909.9 1.55014
16921.9 1.54315
16933.9 1.53613
16945.9 1.52908
16958 1.52201
16970 1.51491
16982 1.5078
16994 1.50066
17006 1.49351
17018 1.48634
17030 1.47915
17042 1.47196
17054.1 1.46475
17066.1 1.45752
17078.1 1.45029
17090.1 1.44305
17102.1 1.4358
17114.1 1.42854
17126.1 1.42128
17138.1 1.41401
17150.2 1.40674
17162.2 1.39946
17174.2 1.39218
17186.2 1.3849
17198.2 1.37761
17210.2 1.37033
17222.2 1.36304
17234.2 1.35576
17246.2 1.34847
17258.3 1.34119
17270.3 1.33391
17282.3 1.32663
17294.3 1.31936
17306.3 1.31208
17318.3 1.30481
17330.3 1.29755
17342.3 1.29029
17354.4 1.28303
17366.4 1.27578
17378.4 1.26854
17390.4 1.2613
17402.4 1.25406
17414.4 1.24684
17426.4 1.23962
17438.4 1.2324
17450.5 1.2252
17462.5 1.218
17474.5 1.21081
17486.5 1.20363
17498.5 1.19646
17510.5 1.18929
17522.5 1.18214
17534.5 1.17499
17546.5 1.16785
17558.6 1.16072
17570.6 1.1536
17582.6 1.14649
17594.6 1.13939
17606.6 1.1323
17618.6 1.12523
17630.6 1.11816
17642.6 1.1111
17654.7 1.10405
17666.7 1.09701
17678.7 1.08999
17690.7 1.08297
17702.7 1.07597
17714.7 1.06897
17726.7 1.06199
17738.7 1.05502
17750.8 1.04806
17762.8 1.04111
17774.8 1.03418
17786.8 1.02725
17798.8 1.02034
17810.8 1.01344
17822.8 1.00655
17834.8 0.999674
17846.8 0.992809
17858.9 0.985957
17870.9 0.979117
17882.9 0.972289
17894.9 0.965474
17906.9 0.958671
17918.9 0.95188
17930.9 0.945102
17942.9 0.938337
17955 0.931584
17967 0.924844
17979 0.918116
17991 0.911401
18003 0.904699
18015 0.89801
18027 0.891333
18039 0.884669
18051.1 0.878019
18063.1 0.871381
18075.1 0.864756
18087.1 0.858144
18099.1 0.851545
18111.1 0.844959
18123.1 0.838386
18135.1 0.831826
18147.1 0.825279
18159.2 0.818745
18171.2 0.812224
18183.2 0.805716
18195.2 0.799222
18207.2 0.79274
18219.2 0.786272
18231.2 0.779817
18243.2 0.773375
18255.3 0.766946
18267.3 0.76053
18279.3 0.754128
18291.3 0.747738
18303.3 0.741362
18315.3 0.734999
18327.3 0.728649
18339.3 0.722312
18351.4 0.715989
18363.4 0.709678
18375.4 0.703381
18387.4 0.697097
18399.4 0.690826
18411.4 0.684568
18423.4 0.678324
18435.4 0.672093
18447.4 0.665874
18459.5 0.659669
18471.5 0.653477
18483.5 0.647298
18495.5 0.641133
18507.5 0.63498
18519.5 0.62884
18531.5 0.622714
18543.5 0.6166
18555.6 0.6105
18567.6 0.604413
18579.6 0.598339
18591.6 0.592277
18603.6 0.586229
18615.6 0.580194
18627.6 0.574172
18639.6 0.568163
18651.7 0.562166
18663.7 0.556183
18675.7 0.550213
18687.7 0.544255
18699.7 0.538311
18711.7 0.532379
18723.7 0.52646
18735.7 0.520554
18747.7 0.514661
18759.8 0.508781
18771.8 0.502914
18783.8 0.497059
18795.8 0.491217
18807.8 0.485388
18819.8 0.479571
18831.8 0.473768
18843.8 0.467977
18855.9 0.462198
18867.9 0.456433
18879.9 0.45068
18891.9 0.444939
18903.9 0.439211
18915.9 0.433496
18927.9 0.427794
18939.9 0.422103
18952 0.416426
18964 0.410761
18976 0.405108
18988 0.399468
19000 0.39384
