7000 0.0485025
7012.01 -0.305538
7024.02 -0.660694
7036.04 -1.01679
7048.05 -1.37363
7060.06 -1.73104
7072.07 -2.08885
7084.08 -2.44686
7096.1 -2.80491
7108.11 -3.16281
7120.12 -3.52039
7132.13 -3.87747
7144.14 -4.23389
7156.16 -4.58948
7168.17 -4.94407
7180.18 -5.29752
7192.19 -5.64966
7204.2 -6.00035
7216.22 -6.34944
7228.23 -6.69681
7240.24 -7.04231
7252.25 -7.38584
7264.26 -7.72727
7276.28 -8.06651
7288.29 -8.40347
7300.3 -8.73807
7312.31 -9.07024
7324.32 -9.39995
7336.34 -9.72718
7348.35 -10.0519
7360.36 -10.3742
7372.37 -10.6942
7384.38 -11.0119
7396.4 -11.3276
7408.41 -11.6418
7420.42 -11.9549
7432.43 -12.2678
7444.44 -12.5822
7456.46 -12.9012
7468.47 -13.2342
7480.48 -13.6025
7492.49 -13.9155
7504.5 -14.2005
7516.52 -14.4645
7528.53 -14.7094
7540.54 -14.9351
7552.55 -15.1396
7564.56 -15.3178
7576.58 -15.4502
7588.59 -15.535
7600.6 -15.6818
7612.61 -15.8462
7624.62 -16.0199
7636.64 -16.1997
7648.65 -16.3846
7660.66 -16.5746
7672.67 -16.7719
7684.68 -16.9929
7696.7 -17.205
7708.71 -17.3919
7720.72 -17.5654
7732.73 -17.7279
7744.74 -17.8798
7756.76 -18.0207
7768.77 -18.1491
7780.78 -18.2603
7792.79 -18.3322
7804.8 -18.4239
7816.82 -18.5287
7828.83 -18.6378
7840.84 -18.7484
7852.85 -18.8588
7864.86 -18.9676
7876.88 -19.0731
7888.89 -19.1717
7900.9 -19.2533
7912.91 -19.3544
7924.92 -19.4649
7936.94 -19.5817
7948.95 -19.704
7960.96 -19.8322
7972.97 -19.9671
7984.98 -20.1114
7997 -20.2736
8009.01 -20.4588
8021.02 -20.6111
8033.03 -20.7522
8045.05 -20.8867
8057.06 -21.0166
8069.07 -21.1431
8081.08 -21.2672
8093.09 -21.3898
8105.11 -21.5127
8117.12 -21.6347
8129.13 -21.7539
8141.14 -21.8724
8153.15 -21.9912
8165.17 -22.1118
8177.18 -22.2358
8189.19 -22.3663
8201.2 -22.51
8213.21 -22.7012
8225.23 -22.8546
8237.24 -22.9746
8249.25 -23.0752
8261.26 -23.16
8273.27 -23.2304
8285.29 -23.2859
8297.3 -23.324
8309.31 -23.3361
8321.32 -23.2923
8333.33 -23.2973
8345.35 -23.3256
8357.36 -23.3681
8369.37 -23.4227
8381.38 -23.4899
8393.39 -23.5728
8405.41 -23.6791
8417.42 -23.8347
8429.43 -24.0671
8441.44 -24.1771
8453.45 -24.2353
8465.47 -24.255
8477.48 -24.2398
8489.49 -24.1881
8501.5 -24.094
8513.51 -23.9411
8525.53 -23.66
8537.54 -23.3241
8549.55 -23.1521
8561.56 -23.0371
8573.57 -22.9604
8585.59 -22.9148
8597.6 -22.8978
8609.61 -22.9108
8621.62 -22.9617
8633.63 -23.1028
8645.65 -23.2075
8657.66 -23.2714
8669.67 -23.319
8681.68 -23.3568
8693.69 -23.3881
8705.71 -23.4146
8717.72 -23.4375
8729.73 -23.4576
8741.74 -23.4752
8753.75 -23.4909
8765.77 -23.505
8777.78 -23.5175
8789.79 -23.5288
8801.8 -23.539
8813.81 -23.5482
8825.83 -23.5565
8837.84 -23.564
8849.85 -23.5708
8861.86 -23.5768
8873.87 -23.5823
8885.89 -23.5872
8897.9 -23.5915
8909.91 -23.5954
8921.92 -23.5988
8933.93 -23.6017
8945.95 -23.6043
8957.96 -23.6065
8969.97 -23.6084
8981.98 -23.61
8993.99 -23.6112
9006.01 -23.6122
9018.02 -23.6129
9030.03 -23.6134
9042.04 -23.6137
9054.05 -23.6137
9066.07 -23.6136
9078.08 -23.6132
9090.09 -23.6127
9102.1 -23.612
9114.11 -23.6112
9126.13 -23.6103
9138.14 -23.6092
9150.15 -23.608
9162.16 -23.6067
9174.17 -23.6053
9186.19 -23.6038
9198.2 -23.6023
9210.21 -23.6006
9222.22 -23.5989
9234.23 -23.5971
9246.25 -23.5953
9258.26 -23.5934
9270.27 -23.5915
9282.28 -23.5896
9294.29 -23.5876
9306.31 -23.5856
9318.32 -23.5835
9330.33 -23.5814
9342.34 -23.5793
9354.35 -23.5772
9366.37 -23.5751
9378.38 -23.573
9390.39 -23.5708
9402.4 -23.5687
9414.41 -23.5665
9426.43 -23.5643
9438.44 -23.5621
9450.45 -23.5599
9462.46 -23.5578
9474.47 -23.5555
9486.49 -23.5533
9498.5 -23.5511
9510.51 -23.5489
9522.52 -23.5466
9534.53 -23.5444
9546.55 -23.5421
9558.56 -23.5398
9570.57 -23.5375
9582.58 -23.5351
9594.59 -23.5327
9606.61 -23.5303
9618.62 -23.5278
9630.63 -23.5253
9642.64 -23.5228
9654.65 -23.5201
9666.67 -23.5174
9678.68 -23.5147
9690.69 -23.5119
9702.7 -23.5089
9714.71 -23.5059
9726.73 -23.5028
9738.74 -23.4996
9750.75 -23.4962
9762.76 -23.4928
9774.77 -23.4891
9786.79 -23.4854
9798.8 -23.4815
9810.81 -23.4774
9822.82 -23.4731
9834.83 -23.4686
9846.85 -23.4639
9858.86 -23.459
9870.87 -23.4538
9882.88 -23.4484
9894.89 -23.4427
9906.91 -23.4367
9918.92 -23.4305
9930.93 -23.4239
9942.94 -23.4169
9954.95 -23.4097
9966.97 -23.402
9978.98 -23.394
9990.99 -23.3855
10003 -23.3766
10015 -23.3672
10027 -23.3574
10039 -23.347
10051.1 -23.3362
10063.1 -23.3248
10075.1 -23.3128
10087.1 -23.3002
10099.1 -23.2869
10111.1 -23.273
10123.1 -23.2585
10135.1 -23.2432
10147.1 -23.2272
10159.2 -23.2104
10171.2 -23.1927
10183.2 -23.1743
10195.2 -23.155
10207.2 -23.1347
10219.2 -23.1136
10231.2 -23.0914
10243.2 -23.0682
10255.3 -23.044
10267.3 -23.0187
10279.3 -22.9923
10291.3 -22.9647
10303.3 -22.9358
10315.3 -22.9058
10327.3 -22.8744
10339.3 -22.8417
10351.4 -22.8076
10363.4 -22.7721
10375.4 -22.7351
10387.4 -22.6966
10399.4 -22.6565
10411.4 -22.6147
10423.4 -22.5714
10435.4 -22.5263
10447.4 -22.4794
10459.5 -22.4307
10471.5 -22.3802
10483.5 -22.3277
10495.5 -22.2733
10507.5 -22.2168
10519.5 -22.1582
10531.5 -22.0975
10543.5 -22.0346
10555.6 -21.9695
10567.6 -21.9021
10579.6 -21.8323
10591.6 -21.7601
10603.6 -21.6854
10615.6 -21.6082
10627.6 -21.5285
10639.6 -21.4461
10651.7 -21.3611
10663.7 -21.2733
10675.7 -21.1827
10687.7 -21.0893
10699.7 -20.993
10711.7 -20.8938
10723.7 -20.7916
10735.7 -20.6864
10747.7 -20.578
10759.8 -20.4666
10771.8 -20.352
10783.8 -20.2342
10795.8 -20.1132
10807.8 -19.9889
10819.8 -19.8613
10831.8 -19.7303
10843.8 -19.596
10855.9 -19.4583
10867.9 -19.3171
10879.9 -19.1726
10891.9 -19.0246
10903.9 -18.8731
10915.9 -18.7181
10927.9 -18.5597
10939.9 -18.3978
10952 -18.2324
10964 -18.0636
10976 -17.8913
10988 -17.7155
11000 -17.5364
11012 -17.3538
11024 -17.1679
11036 -16.9786
11048 -16.7861
11060.1 -16.5903
11072.1 -16.3914
11084.1 -16.1892
11096.1 -15.984
11108.1 -15.7758
11120.1 -15.5647
11132.1 -15.3507
11144.1 -15.1339
11156.2 -14.9144
11168.2 -14.6923
11180.2 -14.4676
11192.2 -14.2406
11204.2 -14.0112
11216.2 -13.7797
11228.2 -13.546
11240.2 -13.3104
11252.3 -13.0729
11264.3 -12.8337
11276.3 -12.5929
11288.3 -12.3506
11300.3 -12.107
11312.3 -11.8621
11324.3 -11.6163
11336.3 -11.3694
11348.3 -11.1218
11360.4 -10.8736
11372.4 -10.6249
11384.4 -10.3758
11396.4 -10.1265
11408.4 -9.87722
11420.4 -9.62798
11432.4 -9.37898
11444.4 -9.13036
11456.5 -8.88226
11468.5 -8.63483
11480.5 -8.38821
11492.5 -8.14254
11504.5 -7.89795
11516.5 -7.65457
11528.5 -7.41254
11540.5 -7.17199
11552.6 -6.93303
11564.6 -6.6958
11576.6 -6.46041
11588.6 -6.22696
11600.6 -5.99558
11612.6 -5.76637
11624.6 -5.53942
11636.6 -5.31484
11648.6 -5.09271
11660.7 -4.87313
11672.7 -4.65618
11684.7 -4.44193
11696.7 -4.23046
11708.7 -4.02183
11720.7 -3.81611
11732.7 -3.61336
11744.7 -3.41364
11756.8 -3.21698
11768.8 -3.02344
11780.8 -2.83306
11792.8 -2.64587
11804.8 -2.46189
11816.8 -2.28117
11828.8 -2.10371
11840.8 -1.92954
11852.9 -1.75867
11864.9 -1.5911
11876.9 -1.42686
11888.9 -1.26593
11900.9 -1.10831
11912.9 -0.95401
11924.9 -0.803009
11936.9 -0.655298
11948.9 -0.510863
11961 -0.369686
11973 -0.231748
11985 -0.0970262
11997 0.0345055
12009 0.162874
12021 0.288109
12033 0.410242
12045 0.529306
12057.1 0.645337
12069.1 0.758371
12081.1 0.868446
12093.1 0.975603
12105.1 1.07988
12117.1 1.18132
12129.1 1.27997
12141.1 1.37587
12153.2 1.46907
12165.2 1.5596
12177.2 1.64752
12189.2 1.73288
12201.2 1.81571
12213.2 1.89607
12225.2 1.974
12237.2 2.04955
12249.2 2.12277
12261.3 2.19371
12273.3 2.2624
12285.3 2.32891
12297.3 2.39328
12309.3 2.45555
12321.3 2.51577
12333.3 2.57398
12345.3 2.63024
12357.4 2.68459
12369.4 2.73707
12381.4 2.78773
12393.4 2.83661
12405.4 2.88376
12417.4 2.92922
12429.4 2.97302
12441.4 3.01523
12453.5 3.05586
12465.5 3.09497
12477.5 3.1326
12489.5 3.16878
12501.5 3.20356
12513.5 3.23696
12525.5 3.26904
12537.5 3.29982
12549.5 3.32934
12561.6 3.35764
12573.6 3.38475
12585.6 3.41071
12597.6 3.43554
12609.6 3.45929
12621.6 3.48197
12633.6 3.50364
12645.6 3.5243
12657.7 3.544
12669.7 3.56277
12681.7 3.58062
12693.7 3.5976
12705.7 3.61372
12717.7 3.62901
12729.7 3.64351
12741.7 3.65723
12753.8 3.6702
12765.8 3.68244
12777.8 3.69398
12789.8 3.70483
12801.8 3.71503
12813.8 3.7246
12825.8 3.73355
12837.8 3.7419
12849.8 3.74968
12861.9 3.75691
12873.9 3.76359
12885.9 3.76977
12897.9 3.77544
12909.9 3.78063
12921.9 3.78536
12933.9 3.78964
12945.9 3.79348
12958 3.79692
12970 3.79995
12982 3.80259
12994 3.80487
13006 3.80678
13018 3.80836
13030 3.8096
13042 3.81053
13054.1 3.81115
13066.1 3.81148
13078.1 3.81153
13090.1 3.81131
13102.1 3.81083
13114.1 3.8101
13126.1 3.80914
13138.1 3.80795
13150.2 3.80655
13162.2 3.80493
13174.2 3.80312
13186.2 3.80113
13198.2 3.79895
13210.2 3.7966
13222.2 3.79409
13234.2 3.79142
13246.2 3.78861
13258.3 3.78565
13270.3 3.78257
13282.3 3.77936
13294.3 3.77603
13306.3 3.77259
13318.3 3.76904
13330.3 3.7654
13342.3 3.76166
13354.4 3.75784
13366.4 3.75393
13378.4 3.74995
13390.4 3.7459
13402.4 3.74178
13414.4 3.7376
13426.4 3.73337
13438.4 3.72908
13450.5 3.72475
13462.5 3.72038
13474.5 3.71597
13486.5 3.71153
13498.5 3.70705
13510.5 3.70255
13522.5 3.69803
13534.5 3.69349
13546.5 3.68893
13558.6 3.68437
13570.6 3.67979
13582.6 3.67521
13594.6 3.67062
13606.6 3.66604
13618.6 3.66146
13630.6 3.65689
13642.6 3.65232
13654.7 3.64776
13666.7 3.64322
13678.7 3.63869
13690.7 3.63419
13702.7 3.6297
13714.7 3.62523
13726.7 3.62079
13738.7 3.61637
13750.8 3.61198
13762.8 3.60762
13774.8 3.6033
13786.8 3.599
13798.8 3.59474
13810.8 3.59052
13822.8 3.58633
13834.8 3.58218
13846.8 3.57807
13858.9 3.574
13870.9 3.56998
13882.9 3.566
13894.9 3.56206
13906.9 3.55817
13918.9 3.55433
13930.9 3.55053
13942.9 3.54678
13955 3.54308
13967 3.53944
13979 3.53584
13991 3.53229
14003 3.5288
14015 3.52536
14027 3.52197
14039 3.51863
14051.1 3.51535
14063.1 3.51213
14075.1 3.50896
14087.1 3.50584
14099.1 3.50279
14111.1 3.49978
14123.1 3.49684
14135.1 3.49395
14147.1 3.49112
14159.2 3.48834
14171.2 3.48563
14183.2 3.48297
14195.2 3.48036
14207.2 3.47782
14219.2 3.47533
14231.2 3.4729
14243.2 3.47053
14255.3 3.46822
14267.3 3.46596
14279.3 3.46376
14291.3 3.46162
14303.3 3.45954
14315.3 3.45751
14327.3 3.45554
14339.3 3.45362
14351.4 3.45177
14363.4 3.44997
14375.4 3.44822
14387.4 3.44653
14399.4 3.44489
14411.4 3.44331
14423.4 3.44179
14435.4 3.44031
14447.4 3.4389
14459.5 3.43753
14471.5 3.43622
14483.5 3.43496
14495.5 3.43375
14507.5 3.43259
14519.5 3.43148
14531.5 3.43043
14543.5 3.42942
14555.6 3.42846
14567.6 3.42755
14579.6 3.42669
14591.6 3.42587
14603.6 3.4251
14615.6 3.42438
14627.6 3.4237
14639.6 3.42306
14651.7 3.42247
14663.7 3.42193
14675.7 3.42142
14687.7 3.42095
14699.7 3.42053
14711.7 3.42014
14723.7 3.4198
14735.7 3.41949
14747.7 3.41922
14759.8 3.41898
14771.8 3.41878
14783.8 3.41861
14795.8 3.41847
14807.8 3.41837
14819.8 3.4183
14831.8 3.41826
14843.8 3.41825
14855.9 3.41826
14867.9 3.4183
14879.9 3.41837
14891.9 3.41846
14903.9 3.41858
14915.9 3.41871
14927.9 3.41887
14939.9 3.41905
14952 3.41925
14964 3.41946
14976 3.41969
14988 3.41993
15000 3.42019
15012 3.42046
15024 3.42074
15036 3.42103
15048 3.42133
15060.1 3.42163
15072.1 3.42194
15084.1 3.42225
15096.1 3.42256
15108.1 3.42288
15120.1 3.42319
15132.1 3.4235
15144.1 3.4238
15156.2 3.4241
15168.2 3.4244
15180.2 3.42468
15192.2 3.42495
15204.2 3.42521
15216.2 3.42545
15228.2 3.42568
15240.2 3.42589
15252.3 3.42608
15264.3 3.42625
15276.3 3.42639
15288.3 3.42651
15300.3 3.4266
15312.3 3.42666
15324.3 3.42669
15336.3 3.42669
15348.3 3.42665
15360.4 3.42657
15372.4 3.42646
15384.4 3.4263
15396.4 3.4261
15408.4 3.42585
15420.4 3.42555
15432.4 3.4252
15444.4 3.4248
15456.5 3.42434
15468.5 3.42382
15480.5 3.42324
15492.5 3.42261
15504.5 3.4219
15516.5 3.42113
15528.5 3.42028
15540.5 3.41937
15552.6 3.41838
15564.6 3.41731
15576.6 3.41616
15588.6 3.41492
15600.6 3.4136
15612.6 3.4122
15624.6 3.41069
15636.6 3.4091
15648.6 3.40741
15660.7 3.40561
15672.7 3.40371
15684.7 3.40171
15696.7 3.3996
15708.7 3.39737
15720.7 3.39503
15732.7 3.39257
15744.7 3.38999
15756.8 3.38728
15768.8 3.38445
15780.8 3.38148
15792.8 3.37838
15804.8 3.37514
15816.8 3.37176
15828.8 3.36823
15840.8 3.36455
15852.9 3.36073
15864.9 3.35674
15876.9 3.3526
15888.9 3.3483
15900.9 3.34382
15912.9 3.33918
15924.9 3.33437
15936.9 3.32938
15948.9 3.3242
15961 3.31884
15973 3.3133
15985 3.30756
15997 3.30162
16009 3.29548
16021 3.28914
16033 3.28259
16045 3.27583
16057.1 3.26885
16069.1 3.26165
16081.1 3.25423
16093.1 3.24658
16105.1 3.2387
16117.1 3.23057
16129.1 3.22221
16141.1 3.2136
16153.2 3.20475
16165.2 3.19564
16177.2 3.18627
16189.2 3.17664
16201.2 3.16674
16213.2 3.15657
16225.2 3.14613
16237.2 3.13541
16249.2 3.1244
16261.3 3.11311
16273.3 3.10152
16285.3 3.08964
16297.3 3.07745
16309.3 3.06496
16321.3 3.05216
16333.3 3.03905
16345.3 3.02562
16357.4 3.01187
16369.4 2.99779
16381.4 2.98337
16393.4 2.96863
16405.4 2.95354
16417.4 2.93811
16429.4 2.92233
16441.4 2.9062
16453.5 2.88971
16465.5 2.87287
16477.5 2.85566
16489.5 2.83808
16501.5 2.82012
16513.5 2.80179
16525.5 2.78308
16537.5 2.76399
16549.5 2.74451
16561.6 2.72464
16573.6 2.70437
16585.6 2.6837
16597.6 2.66263
16609.6 2.64116
16621.6 2.61927
16633.6 2.59698
16645.6 2.57426
16657.7 2.55113
16669.7 2.52758
16681.7 2.5036
16693.7 2.47919
16705.7 2.45436
16717.7 2.42909
16729.7 2.40338
16741.7 2.37724
16753.8 2.35065
16765.8 2.32363
16777.8 2.29616
16789.8 2.26824
16801.8 2.23987
16813.8 2.21106
16825.8 2.18179
16837.8 2.15207
16849.8 2.1219
16861.9 2.09127
16873.9 2.06018
16885.9 2.02864
16897.9 1.99664
16909.9 1.96419
16921.9 1.93127
16933.9 1.8979
16945.9 1.86407
16958 1.82978
16970 1.79504
16982 1.75984
16994 1.72418
17006 1.68807
17018 1.6515
17030 1.61449
17042 1.57702
17054.1 1.53911
17066.1 1.50075
17078.1 1.46194
17090.1 1.4227
17102.1 1.38301
17114.1 1.34289
17126.1 1.30234
17138.1 1.26136
17150.2 1.21995
17162.2 1.17812
17174.2 1.13587
17186.2 1.09321
17198.2 1.05014
17210.2 1.00667
17222.2 0.962791
17234.2 0.918522
17246.2 0.873863
17258.3 0.828821
17270.3 0.783401
17282.3 0.73761
17294.3 0.691452
17306.3 0.644936
17318.3 0.598066
17330.3 0.550851
17342.3 0.503297
17354.4 0.455412
17366.4 0.407202
17378.4 0.358676
17390.4 0.309842
17402.4 0.260707
17414.4 0.211279
17426.4 0.161567
17438.4 0.111581
17450.5 0.0613268
17462.5 0.0108154
17474.5 -0.0399447
17486.5 -0.0909444
17498.5 -0.142174
17510.5 -0.193624
17522.5 -0.245286
17534.5 -0.297148
17546.5 -0.349202
17558.6 -0.401436
17570.6 -0.453842
17582.6 -0.506408
17594.6 -0.559125
17606.6 -0.611982
17618.6 -0.664968
17630.6 -0.718072
17642.6 -0.771285
17654.7 -0.824595
17666.7 -0.877991
17678.7 -0.931463
17690.7 -0.984999
17702.7 -1.03859
17714.7 -1.09222
17726.7 -1.14589
17738.7 -1.19957
17750.8 -1.25327
17762.8 -1.30696
17774.8 -1.36064
17786.8 -1.4143
17798.8 -1.46792
17810.8 -1.5215
17822.8 -1.57502
17834.8 -1.62848
17846.8 -1.68186
17858.9 -1.73515
17870.9 -1.78834
17882.9 -1.84142
17894.9 -1.89438
17906.9 -1.94721
17918.9 -1.9999
17930.9 -2.05244
17942.9 -2.10482
17955 -2.15703
17967 -2.20906
17979 -2.2609
17991 -2.31254
18003 -2.36397
18015 -2.41518
18027 -2.46617
18039 -2.51691
18051.1 -2.56742
18063.1 -2.61767
18075.1 -2.66765
18087.1 -2.71737
18099.1 -2.76681
18111.1 -2.81596
18123.1 -2.86482
18135.1 -2.91338
18147.1 -2.96163
18159.2 -3.00956
18171.2 -3.05717
18183.2 -3.10445
18195.2 -3.1514
18207.2 -3.198
18219.2 -3.24425
18231.2 -3.29015
18243.2 -3.33569
18255.3 -3.38086
18267.3 -3.42567
18279.3 -3.47009
18291.3 -3.51414
18303.3 -3.55779
18315.3 -3.60106
18327.3 -3.64394
18339.3 -3.68641
18351.4 -3.72848
18363.4 -3.77015
18375.4 -3.81141
18387.4 -3.85225
18399.4 -3.89268
18411.4 -3.93269
18423.4 -3.97227
18435.4 -4.01144
18447.4 -4.05017
18459.5 -4.08848
18471.5 -4.12636
18483.5 -4.16381
18495.5 -4.20082
18507.5 -4.23739
18519.5 -4.27354
18531.5 -4.30924
18543.5 -4.34451
18555.6 -4.37933
18567.6 -4.41372
18579.6 -4.44767
18591.6 -4.48118
18603.6 -4.51425
18615.6 -4.54687
18627.6 -4.57906
18639.6 -4.61081
18651.7 -4.64213
18663.7 -4.673
18675.7 -4.70344
18687.7 -4.73344
18699.7 -4.76301
18711.7 -4.79214
18723.7 -4.82084
18735.7 -4.84911
18747.7 -4.87695
18759.8 -4.90436
18771.8 -4.93135
18783.8 -4.95791
18795.8 -4.98405
18807.8 -5.00977
18819.8 -5.03507
18831.8 -5.05996
18843.8 -5.08443
18855.9 -5.1085
18867.9 -5.13215
18879.9 -5.1554
18891.9 -5.17824
18903.9 -5.20069
18915.9 -5.22274
18927.9 -5.24439
18939.9 -5.26565
18952 -5.28652
18964 -5.30701
18976 -5.32711
18988 -5.34683
19000 -5.36618
