7000 -30.3031
7012.01 -30.439
7024.02 -30.5725
7036.04 -30.7036
7048.05 -30.8323
7060.06 -30.9587
7072.07 -31.0828
7084.08 -31.2046
7096.1 -31.3241
7108.11 -31.4415
7120.12 -31.5567
7132.13 -31.6698
7144.14 -31.7808
7156.16 -31.8897
7168.17 -31.9966
7180.18 -32.1015
7192.19 -32.2045
7204.2 -32.3056
7216.22 -32.4048
7228.23 -32.5022
7240.24 -32.5978
7252.25 -32.6917
7264.26 -32.7839
7276.28 -32.8745
7288.29 -32.9635
7300.3 -33.0509
7312.31 -33.1369
7324.32 -33.2216
7336.34 -33.3049
7348.35 -33.387
7360.36 -33.468
7372.37 -33.548
7384.38 -33.6272
7396.4 -33.7057
7408.41 -33.7839
7420.42 -33.8621
7432.43 -33.9408
7444.44 -34.021
7456.46 -34.1044
7468.47 -34.1957
7480.48 -34.3062
7492.49 -34.3895
7504.5 -34.4595
7516.52 -34.5202
7528.53 -34.5728
7540.54 -34.6175
7552.55 -34.6541
7564.56 -34.6812
7576.58 -34.6935
7588.59 -34.6905
7600.6 -34.7016
7612.61 -34.7144
7624.62 -34.7264
7636.64 -34.7361
7648.65 -34.7421
7660.66 -34.7426
7672.67 -34.7343
7684.68 -34.7001
7696.7 -34.6716
7708.71 -34.6642
7720.72 -34.6657
7732.73 -34.673
7744.74 -34.6849
7756.76 -34.7007
7768.77 -34.72
7780.78 -34.7431
7792.79 -34.7722
7804.8 -34.8006
7816.82 -34.8287
7828.83 -34.8577
7840.84 -34.8877
7852.85 -34.9189
7864.86 -34.9516
7876.88 -34.9859
7888.89 -35.0225
7900.9 -35.0626
7912.91 -35.1019
7924.92 -35.1417
7936.94 -35.1827
7948.95 -35.2254
7960.96 -35.2703
7972.97 -35.3183
7984.98 -35.3708
7997 -35.4325
8009.01 -35.506
8021.02 -35.562
8033.03 -35.6118
8045.05 -35.6577
8057.06 -35.7004
8069.07 -35.7403
8081.08 -35.777
8093.09 -35.809
8105.11 -35.8281
8117.12 -35.848
8129.13 -35.8866
8141.14 -35.935
8153.15 -35.9925
8165.17 -36.0599
8177.18 -36.1397
8189.19 -36.2369
8201.2 -36.3639
8213.21 -36.5854
8225.23 -36.738
8237.24 -36.8294
8249.25 -36.8856
8261.26 -36.913
8273.27 -36.9128
8285.29 -36.8826
8297.3 -36.8148
8309.31 -36.6863
8321.32 -36.4171
8333.33 -36.2818
8345.35 -36.2123
8357.36 -36.1835
8369.37 -36.1886
8381.38 -36.2267
8393.39 -36.3024
8405.41 -36.4287
8417.42 -36.6511
8429.43 -37.0186
8441.44 -37.1771
8453.45 -37.2523
8465.47 -37.2685
8477.48 -37.2323
8489.49 -37.1428
8501.5 -36.9912
8513.51 -36.7538
8525.53 -36.3272
8537.54 -35.8212
8549.55 -35.5621
8561.56 -35.3905
8573.57 -35.2791
8585.59 -35.2174
8597.6 -35.2024
8609.61 -35.2371
8621.62 -35.3358
8633.63 -35.5882
8645.65 -35.7776
8657.66 -35.8967
8669.67 -35.9874
8681.68 -36.0614
8693.69 -36.1241
8705.71 -36.1786
8717.72 -36.2271
8729.73 -36.2706
8741.74 -36.3103
8753.75 -36.3468
8765.77 -36.3806
8777.78 -36.4121
8789.79 -36.4417
8801.8 -36.4695
8813.81 -36.4959
8825.83 -36.5209
8837.84 -36.5448
8849.85 -36.5675
8861.86 -36.5893
8873.87 -36.6103
8885.89 -36.6304
8897.9 -36.6498
8909.91 -36.6685
8921.92 -36.6866
8933.93 -36.7041
8945.95 -36.721
8957.96 -36.7374
8969.97 -36.7533
8981.98 -36.7688
8993.99 -36.7838
9006.01 -36.7984
9018.02 -36.8125
9030.03 -36.8263
9042.04 -36.8397
9054.05 -36.8528
9066.07 -36.8655
9078.08 -36.8779
9090.09 -36.8899
9102.1 -36.9016
9114.11 -36.913
9126.13 -36.9241
9138.14 -36.9349
9150.15 -36.9453
9162.16 -36.9555
9174.17 -36.9654
9186.19 -36.9749
9198.2 -36.9842
9210.21 -36.9932
9222.22 -37.0018
9234.23 -37.0102
9246.25 -37.0183
9258.26 -37.0261
9270.27 -37.0336
9282.28 -37.0407
9294.29 -37.0476
9306.31 -37.0541
9318.32 -37.0603
9330.33 -37.0662
9342.34 -37.0718
9354.35 -37.077
9366.37 -37.0819
9378.38 -37.0865
9390.39 -37.0907
9402.4 -37.0945
9414.41 -37.098
9426.43 -37.1011
9438.44 -37.1038
9450.45 -37.1061
9462.46 -37.108
9474.47 -37.1095
9486.49 -37.1105
9498.5 -37.1111
9510.51 -37.1113
9522.52 -37.1111
9534.53 -37.1103
9546.55 -37.1091
9558.56 -37.1074
9570.57 -37.1051
9582.58 -37.1024
9594.59 -37.0991
9606.61 -37.0953
9618.62 -37.0909
9630.63 -37.0859
9642.64 -37.0803
9654.65 -37.0742
9666.67 -37.0674
9678.68 -37.0599
9690.69 -37.0518
9702.7 -37.043
9714.71 -37.0335
9726.73 -37.0233
9738.74 -37.0123
9750.75 -37.0006
9762.76 -36.9882
9774.77 -36.9749
9786.79 -36.9608
9798.8 -36.9459
9810.81 -36.9301
9822.82 -36.9134
9834.83 -36.8958
9846.85 -36.8773
9858.86 -36.8578
9870.87 -36.8373
9882.88 -36.8159
9894.89 -36.7934
9906.91 -36.7698
9918.92 -36.7452
9930.93 -36.7194
9942.94 -36.6925
9954.95 -36.6645
9966.97 -36.6352
9978.98 -36.6047
9990.99 -36.573
10003 -36.5399
10015 -36.5056
10027 -36.4699
10039 -36.4328
10051.1 -36.3944
10063.1 -36.3544
10075.1 -36.313
10087.1 -36.2701
10099.1 -36.2256
10111.1 -36.1796
10123.1 -36.132
10135.1 -36.0826
10147.1 -36.0316
10159.2 -35.9789
10171.2 -35.9245
10183.2 -35.8682
10195.2 -35.8101
10207.2 -35.7501
10219.2 -35.6882
10231.2 -35.6244
10243.2 -35.5585
10255.3 -35.4907
10267.3 -35.4208
10279.3 -35.3487
10291.3 -35.2746
10303.3 -35.1982
10315.3 -35.1196
10327.3 -35.0388
10339.3 -34.9556
10351.4 -34.8701
10363.4 -34.7822
10375.4 -34.6919
10387.4 -34.5991
10399.4 -34.5038
10411.4 -34.406
10423.4 -34.3055
10435.4 -34.2024
10447.4 -34.0967
10459.5 -33.9882
10471.5 -33.877
10483.5 -33.763
10495.5 -33.6461
10507.5 -33.5264
10519.5 -33.4038
10531.5 -33.2782
10543.5 -33.1496
10555.6 -33.018
10567.6 -32.8834
10579.6 -32.7456
10591.6 -32.6047
10603.6 -32.4607
10615.6 -32.3134
10627.6 -32.1629
10639.6 -32.0092
10651.7 -31.8521
10663.7 -31.6917
10675.7 -31.5279
10687.7 -31.3608
10699.7 -31.1902
10711.7 -31.0161
10723.7 -30.8386
10735.7 -30.6576
10747.7 -30.473
10759.8 -30.2848
10771.8 -30.0931
10783.8 -29.8977
10795.8 -29.6987
10807.8 -29.496
10819.8 -29.2896
10831.8 -29.0795
10843.8 -28.8656
10855.9 -28.6479
10867.9 -28.4264
10879.9 -28.201
10891.9 -27.9717
10903.9 -27.7385
10915.9 -27.5012
10927.9 -27.2599
10939.9 -27.0144
10952 -26.7646
10964 -26.5105
10976 -26.252
10988 -25.9887
11000 -25.7206
11012 -25.4473
11024 -25.1684
11036 -24.8835
11048 -24.5917
11060.1 -24.2921
11072.1 -23.9828
11084.1 -23.6605
11096.1 -23.3176
11108.1 -22.9147
11120.1 -22.5516
11132.1 -22.2216
11144.1 -21.9091
11156.2 -21.6096
11168.2 -21.3217
11180.2 -21.045
11192.2 -20.7809
11204.2 -20.5348
11216.2 -20.3244
11228.2 -20.0877
11240.2 -19.8412
11252.3 -19.5912
11264.3 -19.3403
11276.3 -19.0906
11288.3 -18.8441
11300.3 -18.6038
11312.3 -18.3785
11324.3 -18.1761
11336.3 -17.9376
11348.3 -17.6851
11360.4 -17.4229
11372.4 -17.1528
11384.4 -16.8753
11396.4 -16.5897
11408.4 -16.2935
11420.4 -15.9747
11432.4 -15.6479
11444.4 -15.3507
11456.5 -15.0651
11468.5 -14.7881
11480.5 -14.5191
11492.5 -14.2585
11504.5 -14.0078
11516.5 -13.7713
11528.5 -13.5718
11540.5 -13.3546
11552.6 -13.1196
11564.6 -12.8772
11576.6 -12.6306
11588.6 -12.3814
11600.6 -12.1308
11612.6 -11.8797
11624.6 -11.6295
11636.6 -11.3837
11648.6 -11.1325
11660.7 -10.8783
11672.7 -10.6225
11684.7 -10.3654
11696.7 -10.1073
11708.7 -9.84817
11720.7 -9.58777
11732.7 -9.325
11744.7 -9.05822
11756.8 -8.79704
11768.8 -8.53805
11780.8 -8.28035
11792.8 -8.02336
11804.8 -7.76646
11816.8 -7.50868
11828.8 -7.248
11840.8 -6.97667
11852.9 -6.70039
11864.9 -6.44933
11876.9 -6.20988
11888.9 -5.97992
11900.9 -5.75895
11912.9 -5.5473
11924.9 -5.34626
11936.9 -5.15932
11948.9 -5.0065
11961 -4.84306
11973 -4.6637
11985 -4.47892
11997 -4.29169
12009 -4.10363
12021 -3.91597
12033 -3.73012
12045 -3.54887
12057.1 -3.38312
12069.1 -3.20034
12081.1 -3.00659
12093.1 -2.80506
12105.1 -2.59617
12117.1 -2.37917
12129.1 -2.15209
12141.1 -1.91059
12153.2 -1.64179
12165.2 -1.32045
12177.2 -1.06344
12189.2 -0.832858
12201.2 -0.619075
12213.2 -0.418459
12225.2 -0.229367
12237.2 -0.0513376
12249.2 0.11468
12261.3 0.262635
12273.3 0.394692
12285.3 0.544863
12297.3 0.699518
12309.3 0.85682
12321.3 1.01667
12333.3 1.18001
12345.3 1.3491
12357.4 1.52954
12369.4 1.75317
12381.4 1.95352
12393.4 2.11218
12405.4 2.24826
12417.4 2.36606
12429.4 2.46692
12441.4 2.55058
12453.5 2.615
12465.5 2.65407
12477.5 2.63892
12489.5 2.64912
12501.5 2.67188
12513.5 2.69587
12525.5 2.71627
12537.5 2.72914
12549.5 2.72968
12561.6 2.70969
12573.6 2.64752
12585.6 2.49132
12597.6 2.4524
12609.6 2.46763
12621.6 2.51988
12633.6 2.60415
12645.6 2.72003
12657.7 2.87105
12669.7 3.06743
12681.7 3.3466
12693.7 3.71631
12705.7 3.95696
12717.7 4.15765
12729.7 4.33589
12741.7 4.49973
12753.8 4.65453
12765.8 4.80522
12777.8 4.95893
12789.8 5.14596
12801.8 5.31379
12813.8 5.42956
12825.8 5.51677
12837.8 5.58024
12849.8 5.62134
12861.9 5.63952
12873.9 5.63189
12885.9 5.59013
12897.9 5.4721
12909.9 5.38802
12921.9 5.32556
12933.9 5.2675
12945.9 5.2072
12958 5.13974
12970 5.05967
12982 4.95837
12994 4.81472
13006 4.56793
13018 4.4355
13030 4.35736
13042 4.31339
13054.1 4.29657
13066.1 4.30402
13078.1 4.33526
13090.1 4.39252
13102.1 4.48619
13114.1 4.62415
13126.1 4.73219
13138.1 4.83933
13150.2 4.95263
13162.2 5.07656
13174.2 5.21575
13186.2 5.37684
13198.2 5.57277
13210.2 5.85743
13222.2 6.15804
13234.2 6.35654
13246.2 6.51937
13258.3 6.66038
13270.3 6.7871
13282.3 6.90561
13294.3 7.02314
13306.3 7.1535
13318.3 7.36451
13330.3 7.4891
13342.3 7.53188
13354.4 7.51956
13366.4 7.45743
13378.4 7.34443
13390.4 7.17414
13402.4 6.93138
13414.4 6.57433
13426.4 5.95648
13438.4 5.55801
13450.5 5.26035
13462.5 5.01348
13474.5 4.79811
13486.5 4.60265
13498.5 4.41733
13510.5 4.22986
13522.5 4.01058
13534.5 3.72572
13546.5 3.58807
13558.6 3.52219
13570.6 3.51343
13582.6 3.55867
13594.6 3.66065
13606.6 3.82873
13618.6 4.08634
13630.6 4.53019
13642.6 5.07093
13654.7 5.37922
13666.7 5.61378
13678.7 5.80359
13690.7 5.96186
13702.7 6.09635
13714.7 6.21269
13726.7 6.31675
13738.7 6.42751
13750.8 6.5054
13762.8 6.54864
13774.8 6.56485
13786.8 6.55484
13798.8 6.51689
13810.8 6.44644
13822.8 6.33365
13834.8 6.15221
13846.8 5.79805
13858.9 5.59216
13870.9 5.46622
13882.9 5.38563
13894.9 5.3392
13906.9 5.32246
13918.9 5.33467
13930.9 5.37925
13942.9 5.47106
13955 5.6372
13967 5.73768
13979 5.81931
13991 5.89384
14003 5.9666
14015 6.0415
14027 6.12279
14039 6.21751
14051.1 6.34903
14063.1 6.50608
14075.1 6.59038
14087.1 6.64564
14099.1 6.67927
14111.1 6.69376
14123.1 6.68929
14135.1 6.66374
14147.1 6.61043
14159.2 6.48884
14171.2 6.38723
14183.2 6.32218
14195.2 6.2707
14207.2 6.22653
14219.2 6.1864
14231.2 6.14791
14243.2 6.10857
14255.3 6.06392
14267.3 5.99692
14279.3 5.95488
14291.3 5.92948
14303.3 5.91497
14315.3 5.90967
14327.3 5.91323
14339.3 5.92624
14351.4 5.95073
14363.4 5.99337
14375.4 6.06916
14387.4 6.11239
14399.4 6.14354
14411.4 6.16809
14423.4 6.18812
14435.4 6.20466
14447.4 6.21823
14459.5 6.22905
14471.5 6.2368
14483.5 6.24155
14495.5 6.2461
14507.5 6.24912
14519.5 6.25014
14531.5 6.24855
14543.5 6.24346
14555.6 6.23321
14567.6 6.21406
14579.6 6.16526
14591.6 6.12819
14603.6 6.11906
14615.6 6.12409
14627.6 6.14035
14639.6 6.16703
14651.7 6.20437
14663.7 6.25383
14675.7 6.31955
14687.7 6.42119
14699.7 6.50687
14711.7 6.58419
14723.7 6.66143
14735.7 6.74249
14747.7 6.83095
14759.8 6.93152
14771.8 7.05244
14783.8 7.21522
14795.8 7.47784
14807.8 7.62113
14819.8 7.7078
14831.8 7.75704
14843.8 7.77524
14855.9 7.76447
14867.9 7.72394
14879.9 7.64893
14891.9 7.52092
14903.9 7.33175
14915.9 7.1988
14927.9 7.07478
14939.9 6.94911
14952 6.81565
14964 6.66861
14976 6.50021
14988 6.29561
15000 5.98761
15012 5.6831
15024 5.48944
15036 5.34002
15048 5.22079
15060.1 5.12527
15072.1 5.04976
15084.1 4.99202
15096.1 4.95067
15108.1 4.925
15120.1 4.91432
15132.1 4.91868
15144.1 4.93864
15156.2 4.97525
15168.2 5.03041
15180.2 5.10748
15192.2 5.21305
15204.2 5.36465
15216.2 5.61787
15228.2 5.7809
15240.2 5.90435
15252.3 6.00684
15264.3 6.09516
15276.3 6.17267
15288.3 6.24099
15300.3 6.30028
15312.3 6.34712
15324.3 6.3781
15336.3 6.42838
15348.3 6.48641
15360.4 6.5507
15372.4 6.62164
15384.4 6.70074
15396.4 6.79107
15408.4 6.89938
15420.4 7.05334
15432.4 7.22227
15444.4 7.32597
15456.5 7.4051
15468.5 7.46716
15480.5 7.51556
15492.5 7.55222
15504.5 7.57843
15516.5 7.59546
15528.5 7.60778
15540.5 7.60467
15552.6 7.58551
15564.6 7.55124
15576.6 7.50083
15588.6 7.432
15600.6 7.34068
15612.6 7.21897
15624.6 7.04658
15636.6 6.74913
15648.6 6.56159
15660.7 6.42949
15672.7 6.32776
15684.7 6.24736
15696.7 6.18363
15708.7 6.13371
15720.7 6.09558
15732.7 6.06728
15744.7 6.0469
15756.8 6.04113
15768.8 6.04747
15780.8 6.06566
15792.8 6.09616
15804.8 6.14015
15816.8 6.20001
15828.8 6.28092
15840.8 6.40245
15852.9 6.55107
15864.9 6.65254
15876.9 6.74187
15888.9 6.82594
15900.9 6.90838
15912.9 6.99205
15924.9 7.08015
15936.9 7.1782
15948.9 7.31243
15961 7.42657
15973 7.51438
15985 7.58966
15997 7.65661
16009 7.71769
16021 7.77498
16033 7.83099
16045 7.89087
16057.1 7.97441
16069.1 8.0229
16081.1 8.0476
16093.1 8.05458
16105.1 8.04501
16117.1 8.01819
16129.1 7.97155
16141.1 7.89904
16153.2 7.78243
16165.2 7.58576
16177.2 7.47634
16189.2 7.40001
16201.2 7.34307
16213.2 7.30038
16225.2 7.26963
16237.2 7.25008
16249.2 7.24279
16261.3 7.25474
16273.3 7.28362
16285.3 7.29083
16297.3 7.2924
16309.3 7.2911
16321.3 7.28804
16333.3 7.28379
16345.3 7.27866
16357.4 7.27285
16369.4 7.26648
16381.4 7.25961
16393.4 7.25232
16405.4 7.24461
16417.4 7.23652
16429.4 7.22806
16441.4 7.21923
16453.5 7.21002
16465.5 7.20045
16477.5 7.1905
16489.5 7.18016
16501.5 7.16943
16513.5 7.15831
16525.5 7.14677
16537.5 7.13482
16549.5 7.12243
16561.6 7.1096
16573.6 7.09633
16585.6 7.08259
16597.6 7.06838
16609.6 7.05368
16621.6 7.03849
16633.6 7.02279
16645.6 7.00657
16657.7 6.98982
16669.7 6.97254
16681.7 6.95469
16693.7 6.93629
16705.7 6.91731
16717.7 6.89774
16729.7 6.87757
16741.7 6.8568
16753.8 6.8354
16765.8 6.81337
16777.8 6.7907
16789.8 6.76738
16801.8 6.74338
16813.8 6.71872
16825.8 6.69336
16837.8 6.6673
16849.8 6.64053
16861.9 6.61304
16873.9 6.58482
16885.9 6.55586
16897.9 6.52614
16909.9 6.49566
16921.9 6.4644
16933.9 6.43235
16945.9 6.39951
16958 6.36586
16970 6.33139
16982 6.29609
16994 6.25996
17006 6.22297
17018 6.18513
17030 6.14642
17042 6.10683
17054.1 6.06635
17066.1 6.02498
17078.1 5.9827
17090.1 5.9395
17102.1 5.89538
17114.1 5.85032
17126.1 5.80433
17138.1 5.75738
17150.2 5.70947
17162.2 5.6606
17174.2 5.61075
17186.2 5.55991
17198.2 5.50809
17210.2 5.45528
17222.2 5.40145
17234.2 5.34662
17246.2 5.29077
17258.3 5.2339
17270.3 5.176
17282.3 5.11707
17294.3 5.0571
17306.3 4.99608
17318.3 4.93402
17330.3 4.87091
17342.3 4.80674
17354.4 4.74151
17366.4 4.67522
17378.4 4.60786
17390.4 4.53944
17402.4 4.46995
17414.4 4.39939
17426.4 4.32776
17438.4 4.25506
17450.5 4.18129
17462.5 4.10645
17474.5 4.03054
17486.5 3.95355
17498.5 3.87551
17510.5 3.7964
17522.5 3.71622
17534.5 3.63499
17546.5 3.55271
17558.6 3.46937
17570.6 3.38499
17582.6 3.29957
17594.6 3.21312
17606.6 3.12564
17618.6 3.03714
17630.6 2.94763
17642.6 2.85711
17654.7 2.7656
17666.7 2.6731
17678.7 2.57962
17690.7 2.48518
17702.7 2.38978
17714.7 2.29344
17726.7 2.19616
17738.7 2.09796
17750.8 1.99886
17762.8 1.89887
17774.8 1.79799
17786.8 1.69626
17798.8 1.59367
17810.8 1.49025
17822.8 1.38602
17834.8 1.28098
17846.8 1.17516
17858.9 1.06858
17870.9 0.961255
17882.9 0.8532
17894.9 0.744437
17906.9 0.634987
17918.9 0.524869
17930.9 0.414104
17942.9 0.302714
17955 0.19072
17967 0.0781432
17979 -0.0349926
17991 -0.148665
18003 -0.262851
18015 -0.377528
18027 -0.49267
18039 -0.608255
18051.1 -0.724257
18063.1 -0.840651
18075.1 -0.957414
18087.1 -1.07452
18099.1 -1.19194
18111.1 -1.30965
18123.1 -1.42763
18135.1 -1.54585
18147.1 -1.66428
18159.2 -1.7829
18171.2 -1.90168
18183.2 -2.02059
18195.2 -2.13961
18207.2 -2.25871
18219.2 -2.37786
18231.2 -2.49704
18243.2 -2.61622
18255.3 -2.73537
18267.3 -2.85447
18279.3 -2.97349
18291.3 -3.0924
18303.3 -3.21119
18315.3 -3.32981
18327.3 -3.44825
18339.3 -3.56647
18351.4 -3.68447
18363.4 -3.80219
18375.4 -3.91964
18387.4 -4.03677
18399.4 -4.15356
18411.4 -4.26999
18423.4 -4.38604
18435.4 -4.50167
18447.4 -4.61688
18459.5 -4.73162
18471.5 -4.84589
18483.5 -4.95966
18495.5 -5.0729
18507.5 -5.1856
18519.5 -5.29773
18531.5 -5.40927
18543.5 -5.5202
18555.6 -5.63051
18567.6 -5.74017
18579.6 -5.84916
18591.6 -5.95747
18603.6 -6.06507
18615.6 -6.17196
18627.6 -6.2781
18639.6 -6.38349
18651.7 -6.48811
18663.7 -6.59194
18675.7 -6.69497
18687.7 -6.79719
18699.7 -6.89857
18711.7 -6.99911
18723.7 -7.0988
18735.7 -7.19761
18747.7 -7.29554
18759.8 -7.39258
18771.8 -7.48871
18783.8 -7.58393
18795.8 -7.67823
18807.8 -7.77159
18819.8 -7.86401
18831.8 -7.95547
18843.8 -8.04598
18855.9 -8.13552
18867.9 -8.22409
18879.9 -8.31168
18891.9 -8.39828
18903.9 -8.48389
18915.9 -8.56851
18927.9 -8.65212
18939.9 -8.73474
18952 -8.81634
18964 -8.89693
18976 -8.97651
18988 -9.05508
19000 -9.13262
