7000 -4.69966
7012.01 -5.05475
7024.02 -5.40846
7036.04 -5.76069
7048.05 -6.11134
7060.06 -6.46028
7072.07 -6.80743
7084.08 -7.15269
7096.1 -7.49595
7108.11 -7.83714
7120.12 -8.17615
7132.13 -8.51292
7144.14 -8.84735
7156.16 -9.17937
7168.17 -9.50891
7180.18 -9.8359
7192.19 -10.1603
7204.2 -10.482
7216.22 -10.801
7228.23 -11.1172
7240.24 -11.4306
7252.25 -11.7412
7264.26 -12.0489
7276.28 -12.3537
7288.29 -12.6556
7300.3 -12.9547
7312.31 -13.2508
7324.32 -13.5441
7336.34 -13.8346
7348.35 -14.1223
7360.36 -14.4074
7372.37 -14.69
7384.38 -14.9702
7396.4 -15.2484
7408.41 -15.525
7420.42 -15.8003
7432.43 -16.0754
7444.44 -16.3516
7456.46 -16.6318
7468.47 -16.9239
7480.48 -17.2466
7492.49 -17.522
7504.5 -17.7737
7516.52 -18.0079
7528.53 -18.2265
7540.54 -18.4299
7552.55 -18.6169
7564.56 -18.7845
7576.58 -18.9213
7588.59 -19.0259
7600.6 -19.1631
7612.61 -19.3062
7624.62 -19.4496
7636.64 -19.5907
7648.65 -19.7272
7660.66 -19.8566
7672.67 -19.9745
7684.68 -20.0592
7696.7 -20.1509
7708.71 -20.2693
7720.72 -20.399
7732.73 -20.5366
7744.74 -20.6807
7756.76 -20.8314
7768.77 -20.9897
7780.78 -21.1594
7792.79 -21.3607
7804.8 -21.5391
7816.82 -21.7008
7828.83 -21.8534
7840.84 -21.9989
7852.85 -22.1385
7864.86 -22.2724
7876.88 -22.4003
7888.89 -22.5202
7900.9 -22.6261
7912.91 -22.7418
7924.92 -22.8611
7936.94 -22.9819
7948.95 -23.1041
7960.96 -23.2277
7972.97 -23.3534
7984.98 -23.4831
7997 -23.6228
8009.01 -23.776
8021.02 -23.9021
8033.03 -24.0163
8045.05 -24.1214
8057.06 -24.2178
8069.07 -24.305
8081.08 -24.3809
8093.09 -24.4406
8105.11 -24.4585
8117.12 -24.4741
8129.13 -24.5402
8141.14 -24.6282
8153.15 -24.7341
8165.17 -24.8576
8177.18 -25.0011
8189.19 -25.1707
8201.2 -25.3824
8213.21 -25.7213
8225.23 -25.9724
8237.24 -26.1463
8249.25 -26.2773
8261.26 -26.3741
8273.27 -26.4394
8285.29 -26.4714
8297.3 -26.4627
8309.31 -26.3901
8321.32 -26.1723
8333.33 -26.0896
8345.35 -26.073
8357.36 -26.097
8369.37 -26.1548
8381.38 -26.2458
8393.39 -26.375
8405.41 -26.5565
8417.42 -26.8389
8429.43 -27.2743
8441.44 -27.4859
8453.45 -27.6074
8465.47 -27.6648
8477.48 -27.6652
8489.49 -27.6075
8501.5 -27.4822
8513.51 -27.2638
8525.53 -26.8409
8537.54 -26.3319
8549.55 -26.0888
8561.56 -25.9399
8573.57 -25.8557
8585.59 -25.8251
8597.6 -25.845
8609.61 -25.919
8621.62 -26.063
8633.63 -26.3773
8645.65 -26.6204
8657.66 -26.7842
8669.67 -26.9152
8681.68 -27.0268
8693.69 -27.1249
8705.71 -27.2133
8717.72 -27.294
8729.73 -27.3686
8741.74 -27.4382
8753.75 -27.5036
8765.77 -27.5654
8777.78 -27.624
8789.79 -27.6799
8801.8 -27.7334
8813.81 -27.7847
8825.83 -27.834
8837.84 -27.8815
8849.85 -27.9274
8861.86 -27.9718
8873.87 -28.0147
8885.89 -28.0564
8897.9 -28.0969
8909.91 -28.1362
8921.92 -28.1745
8933.93 -28.2118
8945.95 -28.2482
8957.96 -28.2837
8969.97 -28.3184
8981.98 -28.3523
8993.99 -28.3854
9006.01 -28.4178
9018.02 -28.4496
9030.03 -28.4807
9042.04 -28.5111
9054.05 -28.541
9066.07 -28.5704
9078.08 -28.5991
9090.09 -28.6274
9102.1 -28.6552
9114.11 -28.6825
9126.13 -28.7093
9138.14 -28.7357
9150.15 -28.7617
9162.16 -28.7872
9174.17 -28.8124
9186.19 -28.8371
9198.2 -28.8615
9210.21 -28.8855
9222.22 -28.9092
9234.23 -28.9325
9246.25 -28.9555
9258.26 -28.9782
9270.27 -29.0005
9282.28 -29.0226
9294.29 -29.0443
9306.31 -29.0657
9318.32 -29.0869
9330.33 -29.1077
9342.34 -29.1283
9354.35 -29.1485
9366.37 -29.1685
9378.38 -29.1883
9390.39 -29.2077
9402.4 -29.2269
9414.41 -29.2458
9426.43 -29.2644
9438.44 -29.2828
9450.45 -29.3009
9462.46 -29.3187
9474.47 -29.3362
9486.49 -29.3535
9498.5 -29.3705
9510.51 -29.3872
9522.52 -29.4036
9534.53 -29.4197
9546.55 -29.4355
9558.56 -29.451
9570.57 -29.4662
9582.58 -29.481
9594.59 -29.4956
9606.61 -29.5098
9618.62 -29.5237
9630.63 -29.5372
9642.64 -29.5503
9654.65 -29.5631
9666.67 -29.5755
9678.68 -29.5876
9690.69 -29.5992
9702.7 -29.6104
9714.71 -29.6211
9726.73 -29.6314
9738.74 -29.6413
9750.75 -29.6507
9762.76 -29.6596
9774.77 -29.668
9786.79 -29.6758
9798.8 -29.6831
9810.81 -29.6899
9822.82 -29.696
9834.83 -29.7016
9846.85 -29.7065
9858.86 -29.7108
9870.87 -29.7144
9882.88 -29.7174
9894.89 -29.7196
9906.91 -29.721
9918.92 -29.7217
9930.93 -29.7216
9942.94 -29.7206
9954.95 -29.7188
9966.97 -29.7162
9978.98 -29.7126
9990.99 -29.708
10003 -29.7025
10015 -29.6959
10027 -29.6883
10039 -29.6796
10051.1 -29.6697
10063.1 -29.6587
10075.1 -29.6465
10087.1 -29.6331
10099.1 -29.6184
10111.1 -29.6023
10123.1 -29.5849
10135.1 -29.566
10147.1 -29.5457
10159.2 -29.5238
10171.2 -29.5005
10183.2 -29.4754
10195.2 -29.4488
10207.2 -29.4204
10219.2 -29.3903
10231.2 -29.3583
10243.2 -29.3245
10255.3 -29.2887
10267.3 -29.2509
10279.3 -29.2111
10291.3 -29.1692
10303.3 -29.1251
10315.3 -29.0788
10327.3 -29.0301
10339.3 -28.9792
10351.4 -28.9258
10363.4 -28.8699
10375.4 -28.8114
10387.4 -28.7503
10399.4 -28.6865
10411.4 -28.62
10423.4 -28.5506
10435.4 -28.4783
10447.4 -28.403
10459.5 -28.3246
10471.5 -28.2432
10483.5 -28.1585
10495.5 -28.0705
10507.5 -27.9792
10519.5 -27.8845
10531.5 -27.7862
10543.5 -27.6844
10555.6 -27.5789
10567.6 -27.4696
10579.6 -27.3565
10591.6 -27.2396
10603.6 -27.1187
10615.6 -26.9937
10627.6 -26.8646
10639.6 -26.7313
10651.7 -26.5937
10663.7 -26.4518
10675.7 -26.3054
10687.7 -26.1546
10699.7 -25.9991
10711.7 -25.8391
10723.7 -25.6743
10735.7 -25.5047
10747.7 -25.3302
10759.8 -25.1508
10771.8 -24.9664
10783.8 -24.777
10795.8 -24.5823
10807.8 -24.3825
10819.8 -24.1774
10831.8 -23.9669
10843.8 -23.7509
10855.9 -23.5295
10867.9 -23.3024
10879.9 -23.0697
10891.9 -22.8311
10903.9 -22.5867
10915.9 -22.3363
10927.9 -22.0797
10939.9 -21.8169
10952 -21.5476
10964 -21.2717
10976 -20.9888
10988 -20.6987
11000 -20.401
11012 -20.0952
11024 -19.7807
11036 -19.4565
11048 -19.1213
11060.1 -18.7734
11072.1 -18.4097
11084.1 -18.0246
11096.1 -17.6051
11108.1 -17.085
11120.1 -16.6323
11132.1 -16.2358
11144.1 -15.8692
11156.2 -15.5249
11168.2 -15.1999
11180.2 -14.8939
11192.2 -14.6088
11204.2 -14.3527
11216.2 -14.153
11228.2 -13.9135
11240.2 -13.6596
11252.3 -13.4008
11264.3 -13.1412
11276.3 -12.8833
11288.3 -12.6296
11300.3 -12.3837
11312.3 -12.1542
11324.3 -11.9495
11336.3 -11.7117
11348.3 -11.4625
11360.4 -11.207
11372.4 -10.9472
11384.4 -10.684
11396.4 -10.4179
11408.4 -10.1479
11420.4 -9.86788
11432.4 -9.58649
11444.4 -9.32539
11456.5 -9.0751
11468.5 -8.83493
11480.5 -8.60564
11492.5 -8.3891
11504.5 -8.18901
11516.5 -8.01393
11528.5 -7.90876
11540.5 -7.76686
11552.6 -7.58811
11564.6 -7.39271
11576.6 -7.18663
11588.6 -6.9728
11600.6 -6.75281
11612.6 -6.52746
11624.6 -6.29656
11636.6 -6.05695
11648.6 -5.82087
11660.7 -5.58585
11672.7 -5.35072
11684.7 -5.11501
11696.7 -4.87821
11708.7 -4.63955
11720.7 -4.39746
11732.7 -4.14727
11744.7 -3.88234
11756.8 -3.64069
11768.8 -3.40906
11780.8 -3.18443
11792.8 -2.96554
11804.8 -2.75174
11816.8 -2.54259
11828.8 -2.33776
11840.8 -2.13685
11852.9 -1.93989
11864.9 -1.74759
11876.9 -1.55951
11888.9 -1.37557
11900.9 -1.1958
11912.9 -1.02031
11924.9 -0.849453
11936.9 -0.684196
11948.9 -0.53052
11961 -0.374503
11973 -0.214253
11985 -0.0526482
11997 0.10985
12009 0.273386
12021 0.438555
12033 0.606616
12045 0.780687
12057.1 0.973081
12069.1 1.14831
12081.1 1.31391
12093.1 1.47458
12105.1 1.6325
12117.1 1.78953
12129.1 1.9479
12141.1 2.11132
12153.2 2.28964
12165.2 2.50171
12177.2 2.66126
12189.2 2.79628
12201.2 2.9138
12213.2 3.0162
12225.2 3.10422
12237.2 3.17727
12249.2 3.23268
12261.3 3.25911
12273.3 3.25954
12285.3 3.29228
12297.3 3.33277
12309.3 3.37676
12321.3 3.42258
12333.3 3.46963
12345.3 3.51794
12357.4 3.56857
12369.4 3.62916
12381.4 3.6832
12393.4 3.72608
12405.4 3.76246
12417.4 3.79344
12429.4 3.81939
12441.4 3.8404
12453.5 3.85627
12465.5 3.86625
12477.5 3.8668
12489.5 3.86751
12501.5 3.8667
12513.5 3.86281
12525.5 3.85496
12537.5 3.84221
12549.5 3.82317
12561.6 3.79525
12573.6 3.75128
12585.6 3.67391
12597.6 3.63435
12609.6 3.61148
12621.6 3.59967
12633.6 3.59746
12645.6 3.60507
12657.7 3.6244
12669.7 3.66049
12681.7 3.73182
12693.7 3.84183
12705.7 3.87964
12717.7 3.88895
12729.7 3.87708
12741.7 3.8459
12753.8 3.79461
12765.8 3.7195
12777.8 3.61062
12789.8 3.4124
12801.8 3.22708
12813.8 3.11866
12825.8 3.04245
12837.8 2.98906
12849.8 2.95501
12861.9 2.9396
12873.9 2.94473
12885.9 2.97779
12897.9 3.07937
12909.9 3.1405
12921.9 3.17225
12933.9 3.19016
12945.9 3.19891
12958 3.20055
12970 3.19595
12982 3.185
12994 3.16571
13006 3.13088
13018 3.10821
13030 3.09033
13042 3.07484
13054.1 3.06084
13066.1 3.04783
13078.1 3.03532
13090.1 3.02257
13102.1 3.00717
13114.1 2.98749
13126.1 2.98124
13138.1 2.98234
13150.2 2.99015
13162.2 3.00516
13174.2 3.02871
13186.2 3.06345
13198.2 3.1153
13210.2 3.21051
13222.2 3.31268
13234.2 3.36292
13246.2 3.39359
13258.3 3.41082
13270.3 3.4173
13282.3 3.41441
13294.3 3.40269
13306.3 3.38183
13318.3 3.34741
13330.3 3.31128
13342.3 3.27302
13354.4 3.23045
13366.4 3.1826
13378.4 3.12852
13390.4 3.06691
13402.4 2.99549
13414.4 2.90867
13426.4 2.78753
13438.4 2.69308
13450.5 2.60997
13462.5 2.53152
13474.5 2.45489
13486.5 2.37809
13498.5 2.29906
13510.5 2.21471
13522.5 2.11683
13534.5 1.99593
13546.5 1.91174
13558.6 1.84272
13570.6 1.78422
13582.6 1.73453
13594.6 1.69311
13606.6 1.66027
13618.6 1.63775
13630.6 1.63398
13642.6 1.64068
13654.7 1.628
13666.7 1.61005
13678.7 1.58925
13690.7 1.56655
13702.7 1.54237
13714.7 1.51672
13726.7 1.48908
13738.7 1.45558
13750.8 1.4256
13762.8 1.39961
13774.8 1.3757
13786.8 1.35327
13798.8 1.3319
13810.8 1.31114
13822.8 1.29018
13834.8 1.26699
13846.8 1.23325
13858.9 1.21535
13870.9 1.20809
13882.9 1.20915
13894.9 1.21838
13906.9 1.23653
13918.9 1.26538
13930.9 1.30881
13942.9 1.37826
13955 1.49348
13967 1.55592
13979 1.59876
13991 1.63015
14003 1.65341
14015 1.67041
14027 1.68239
14039 1.69044
14051.1 1.69654
14063.1 1.70014
14075.1 1.69463
14087.1 1.68294
14099.1 1.66539
14111.1 1.64172
14123.1 1.61118
14135.1 1.57214
14147.1 1.52065
14159.2 1.43428
14171.2 1.36167
14183.2 1.31211
14195.2 1.27321
14207.2 1.242
14219.2 1.21749
14231.2 1.19973
14243.2 1.18999
14255.3 1.1925
14267.3 1.22743
14279.3 1.23565
14291.3 1.22692
14303.3 1.20801
14315.3 1.18066
14327.3 1.14512
14339.3 1.1005
14351.4 1.04422
14363.4 0.968156
14375.4 0.854172
14387.4 0.781362
14399.4 0.725059
14411.4 0.678703
14423.4 0.639913
14435.4 0.607677
14447.4 0.581792
14459.5 0.563025
14471.5 0.555492
14483.5 0.558886
14495.5 0.548996
14507.5 0.535635
14519.5 0.520518
14531.5 0.504289
14543.5 0.487204
14555.6 0.469264
14567.6 0.450122
14579.6 0.427241
14591.6 0.405849
14603.6 0.387975
14615.6 0.371854
14627.6 0.357042
14639.6 0.343284
14651.7 0.330345
14663.7 0.317868
14675.7 0.304997
14687.7 0.287457
14699.7 0.277269
14711.7 0.273121
14723.7 0.273708
14735.7 0.27898
14747.7 0.289385
14759.8 0.305922
14771.8 0.330655
14783.8 0.369217
14795.8 0.436862
14807.8 0.476447
14819.8 0.504644
14831.8 0.526879
14843.8 0.54542
14855.9 0.561742
14867.9 0.577205
14879.9 0.593716
14891.9 0.616471
14903.9 0.647709
14915.9 0.656486
14927.9 0.654833
14939.9 0.644835
14952 0.626963
14964 0.600845
14976 0.56512
14988 0.516268
15000 0.436326
15012 0.354786
15024 0.30121
15036 0.257609
15048 0.220351
15060.1 0.187872
15072.1 0.159449
15084.1 0.134938
15096.1 0.115072
15108.1 0.105571
15120.1 0.0907647
15132.1 0.0714173
15144.1 0.0497112
15156.2 0.0260712
15168.2 0.00042873
15180.2 -0.0276636
15192.2 -0.0592699
15204.2 -0.0973826
15216.2 -0.151637
15228.2 -0.188497
15240.2 -0.216714
15252.3 -0.239441
15264.3 -0.257731
15276.3 -0.271993
15288.3 -0.282249
15300.3 -0.288075
15312.3 -0.287695
15324.3 -0.279348
15336.3 -0.276447
15348.3 -0.273926
15360.4 -0.270573
15372.4 -0.2657
15384.4 -0.258678
15396.4 -0.248697
15408.4 -0.234297
15420.4 -0.210111
15432.4 -0.181716
15444.4 -0.163961
15456.5 -0.148979
15468.5 -0.135054
15480.5 -0.121134
15492.5 -0.106249
15504.5 -0.0891354
15516.5 -0.0673656
15528.5 -0.0291931
15540.5 -0.00198657
15552.6 0.0143735
15564.6 0.0252506
15576.6 0.0323818
15588.6 0.0367837
15600.6 0.0392955
15612.6 0.0409233
15624.6 0.0436929
15636.6 0.0545169
15648.6 0.0517806
15660.7 0.0404063
15672.7 0.02252
15684.7 -0.00136143
15696.7 -0.0313287
15708.7 -0.0680286
15720.7 -0.113105
15732.7 -0.171804
15744.7 -0.25161
15756.8 -0.309518
15768.8 -0.360551
15780.8 -0.408173
15792.8 -0.45382
15804.8 -0.498305
15816.8 -0.542195
15828.8 -0.586021
15840.8 -0.630862
15852.9 -0.676225
15864.9 -0.718821
15876.9 -0.760229
15888.9 -0.800691
15900.9 -0.840211
15912.9 -0.878608
15924.9 -0.915423
15936.9 -0.949497
15948.9 -0.974326
15961 -1.00429
15973 -1.04096
15985 -1.08077
15997 -1.12239
16009 -1.16467
16021 -1.20605
16033 -1.24357
16045 -1.26935
16057.1 -1.24933
16069.1 -1.28885
16081.1 -1.36905
16093.1 -1.48045
16105.1 -1.62261
16117.1 -1.79915
16129.1 -2.01839
16141.1 -2.29829
16153.2 -2.69184
16165.2 -3.30307
16177.2 -3.64722
16189.2 -3.8804
16201.2 -4.0412
16213.2 -4.1428
16225.2 -4.18921
16237.2 -4.17784
16249.2 -4.09597
16261.3 -3.88978
16273.3 -3.57306
16285.3 -3.42033
16297.3 -3.31497
16309.3 -3.23581
16321.3 -3.17381
16333.3 -3.12401
16345.3 -3.08336
16357.4 -3.04984
16369.4 -3.02201
16381.4 -2.99882
16393.4 -2.97949
16405.4 -2.9634
16417.4 -2.95007
16429.4 -2.93912
16441.4 -2.93022
16453.5 -2.92312
16465.5 -2.9176
16477.5 -2.91348
16489.5 -2.9106
16501.5 -2.90883
16513.5 -2.90806
16525.5 -2.90819
16537.5 -2.90912
16549.5 -2.91079
16561.6 -2.91313
16573.6 -2.91607
16585.6 -2.91957
16597.6 -2.92358
16609.6 -2.92806
16621.6 -2.93297
16633.6 -2.93827
16645.6 -2.94393
16657.7 -2.94993
16669.7 -2.95624
16681.7 -2.96285
16693.7 -2.96971
16705.7 -2.97683
16717.7 -2.98417
16729.7 -2.99173
16741.7 -2.99949
16753.8 -3.00744
16765.8 -3.01555
16777.8 -3.02383
16789.8 -3.03226
16801.8 -3.04082
16813.8 -3.04952
16825.8 -3.05834
16837.8 -3.06727
16849.8 -3.07631
16861.9 -3.08545
16873.9 -3.09468
16885.9 -3.104
16897.9 -3.1134
16909.9 -3.12287
16921.9 -3.13241
16933.9 -3.14202
16945.9 -3.15168
16958 -3.1614
16970 -3.17118
16982 -3.181
16994 -3.19087
17006 -3.20078
17018 -3.21073
17030 -3.22071
17042 -3.23072
17054.1 -3.24077
17066.1 -3.25084
17078.1 -3.26093
17090.1 -3.27105
17102.1 -3.28119
17114.1 -3.29135
17126.1 -3.30152
17138.1 -3.3117
17150.2 -3.3219
17162.2 -3.33211
17174.2 -3.34233
17186.2 -3.35256
17198.2 -3.36279
17210.2 -3.37302
17222.2 -3.38326
17234.2 -3.3935
17246.2 -3.40375
17258.3 -3.41399
17270.3 -3.42423
17282.3 -3.43446
17294.3 -3.4447
17306.3 -3.45493
17318.3 -3.46515
17330.3 -3.47537
17342.3 -3.48558
17354.4 -3.49578
17366.4 -3.50597
17378.4 -3.51615
17390.4 -3.52632
17402.4 -3.53648
17414.4 -3.54663
17426.4 -3.55677
17438.4 -3.56689
17450.5 -3.577
17462.5 -3.5871
17474.5 -3.59718
17486.5 -3.60725
17498.5 -3.6173
17510.5 -3.62733
17522.5 -3.63735
17534.5 -3.64735
17546.5 -3.65733
17558.6 -3.66729
17570.6 -3.67724
17582.6 -3.68716
17594.6 -3.69707
17606.6 -3.70696
17618.6 -3.71683
17630.6 -3.72668
17642.6 -3.73651
17654.7 -3.74631
17666.7 -3.7561
17678.7 -3.76586
17690.7 -3.77561
17702.7 -3.78533
17714.7 -3.79503
17726.7 -3.8047
17738.7 -3.81436
17750.8 -3.82399
17762.8 -3.8336
17774.8 -3.84318
17786.8 -3.85274
17798.8 -3.86228
17810.8 -3.8718
17822.8 -3.88129
17834.8 -3.89075
17846.8 -3.9002
17858.9 -3.90961
17870.9 -3.91901
17882.9 -3.92838
17894.9 -3.93772
17906.9 -3.94704
17918.9 -3.95633
17930.9 -3.9656
17942.9 -3.97484
17955 -3.98406
17967 -3.99325
17979 -4.00242
17991 -4.01156
18003 -4.02068
18015 -4.02977
18027 -4.03883
18039 -4.04787
18051.1 -4.05688
18063.1 -4.06586
18075.1 -4.07482
18087.1 -4.08375
18099.1 -4.09266
18111.1 -4.10154
18123.1 -4.11039
18135.1 -4.11921
18147.1 -4.12801
18159.2 -4.13679
18171.2 -4.14553
18183.2 -4.15425
18195.2 -4.16294
18207.2 -4.17161
18219.2 -4.18025
18231.2 -4.18886
18243.2 -4.19744
18255.3 -4.206
18267.3 -4.21453
18279.3 -4.22303
18291.3 -4.23151
18303.3 -4.23996
18315.3 -4.24838
18327.3 -4.25678
18339.3 -4.26514
18351.4 -4.27349
18363.4 -4.2818
18375.4 -4.29009
18387.4 -4.29834
18399.4 -4.30658
18411.4 -4.31478
18423.4 -4.32296
18435.4 -4.33111
18447.4 -4.33923
18459.5 -4.34733
18471.5 -4.3554
18483.5 -4.36344
18495.5 -4.37145
18507.5 -4.37944
18519.5 -4.3874
18531.5 -4.39533
18543.5 -4.40324
18555.6 -4.41112
18567.6 -4.41897
18579.6 -4.42679
18591.6 -4.43459
18603.6 -4.44236
18615.6 -4.45011
18627.6 -4.45782
18639.6 -4.46551
18651.7 -4.47317
18663.7 -4.48081
18675.7 -4.48842
18687.7 -4.496
18699.7 -4.50355
18711.7 -4.51108
18723.7 -4.51858
18735.7 -4.52605
18747.7 -4.5335
18759.8 -4.54092
18771.8 -4.54831
18783.8 -4.55568
18795.8 -4.56302
18807.8 -4.57033
18819.8 -4.57762
18831.8 -4.58488
18843.8 -4.59211
18855.9 -4.59932
18867.9 -4.6065
18879.9 -4.61365
18891.9 -4.62078
18903.9 -4.62788
18915.9 -4.63495
18927.9 -4.642
18939.9 -4.64902
18952 -4.65602
18964 -4.66299
18976 -4.66993
18988 -4.67684
19000 -4.68374
