7000 -16.997
7012.01 -17.0659
7024.02 -17.1347
7036.04 -17.2033
7048.05 -17.2718
7060.06 -17.3401
7072.07 -17.4084
7084.08 -17.4764
7096.1 -17.5443
7108.11 -17.612
7120.12 -17.6795
7132.13 -17.7469
7144.14 -17.814
7156.16 -17.8809
7168.17 -17.9475
7180.18 -18.0139
7192.19 -18.0801
7204.2 -18.1459
7216.22 -18.2114
7228.23 -18.2765
7240.24 -18.3412
7252.25 -18.4055
7264.26 -18.4693
7276.28 -18.5326
7288.29 -18.5952
7300.3 -18.6572
7312.31 -18.7184
7324.32 -18.7787
7336.34 -18.838
7348.35 -18.896
7360.36 -18.9526
7372.37 -19.0075
7384.38 -19.0602
7396.4 -19.1104
7408.41 -19.1572
7420.42 -19.1996
7432.43 -19.2359
7444.44 -19.2635
7456.46 -19.2766
7468.47 -19.2594
7480.48 -19.1748
7492.49 -19.1796
7504.5 -19.2269
7516.52 -19.3047
7528.53 -19.41
7540.54 -19.5439
7552.55 -19.7106
7564.56 -19.9216
7576.58 -20.2179
7588.59 -20.6035
7600.6 -20.8476
7612.61 -21.0444
7624.62 -21.2112
7636.64 -21.3552
7648.65 -21.4796
7660.66 -21.5854
7672.67 -21.6707
7684.68 -21.7179
7696.7 -21.7632
7708.71 -21.825
7720.72 -21.8898
7732.73 -21.9544
7744.74 -22.0174
7756.76 -22.0779
7768.77 -22.1349
7780.78 -22.1867
7792.79 -22.2267
7804.8 -22.2716
7816.82 -22.3192
7828.83 -22.3667
7840.84 -22.4132
7852.85 -22.4576
7864.86 -22.4989
7876.88 -22.5355
7888.89 -22.5631
7900.9 -22.5701
7912.91 -22.5995
7924.92 -22.6393
7936.94 -22.6857
7948.95 -22.7377
7960.96 -22.7951
7972.97 -22.8587
7984.98 -22.9308
7997 -23.0194
8009.01 -23.1291
8021.02 -23.2046
8033.03 -23.2664
8045.05 -23.3184
8057.06 -23.3614
8069.07 -23.395
8081.08 -23.4173
8093.09 -23.4233
8105.11 -23.3884
8117.12 -23.3504
8129.13 -23.3599
8141.14 -23.3891
8153.15 -23.4335
8165.17 -23.4923
8177.18 -23.5667
8189.19 -23.661
8201.2 -23.7865
8213.21 -24.0052
8225.23 -24.1598
8237.24 -24.2578
8249.25 -24.324
8261.26 -24.3647
8273.27 -24.3811
8285.29 -24.3716
8297.3 -24.3299
8309.31 -24.2371
8321.32 -24.0275
8333.33 -23.9261
8345.35 -23.8769
8357.36 -23.8592
8369.37 -23.8668
8381.38 -23.8986
8393.39 -23.9572
8405.41 -24.0516
8417.42 -24.2138
8429.43 -24.478
8441.44 -24.593
8453.45 -24.6475
8465.47 -24.6581
8477.48 -24.6289
8489.49 -24.5581
8501.5 -24.4378
8513.51 -24.2475
8525.53 -23.8989
8537.54 -23.4854
8549.55 -23.2847
8561.56 -23.1613
8573.57 -23.0921
8585.59 -23.0684
8597.6 -23.0883
8609.61 -23.1552
8621.62 -23.2839
8633.63 -23.5641
8645.65 -23.78
8657.66 -23.9247
8669.67 -24.0399
8681.68 -24.1372
8693.69 -24.2223
8705.71 -24.2983
8717.72 -24.3672
8729.73 -24.4304
8741.74 -24.4888
8753.75 -24.5431
8765.77 -24.5939
8777.78 -24.6416
8789.79 -24.6865
8801.8 -24.7288
8813.81 -24.7687
8825.83 -24.8065
8837.84 -24.8423
8849.85 -24.8762
8861.86 -24.9083
8873.87 -24.9386
8885.89 -24.9672
8897.9 -24.9943
8909.91 -25.0198
8921.92 -25.0438
8933.93 -25.0663
8945.95 -25.0873
8957.96 -25.1069
8969.97 -25.1251
8981.98 -25.1419
8993.99 -25.1574
9006.01 -25.1715
9018.02 -25.1842
9030.03 -25.1955
9042.04 -25.2056
9054.05 -25.2142
9066.07 -25.2216
9078.08 -25.2275
9090.09 -25.2322
9102.1 -25.2355
9114.11 -25.2374
9126.13 -25.238
9138.14 -25.2373
9150.15 -25.2352
9162.16 -25.2317
9174.17 -25.2268
9186.19 -25.2206
9198.2 -25.2129
9210.21 -25.2039
9222.22 -25.1935
9234.23 -25.1817
9246.25 -25.1684
9258.26 -25.1537
9270.27 -25.1376
9282.28 -25.12
9294.29 -25.101
9306.31 -25.0805
9318.32 -25.0585
9330.33 -25.035
9342.34 -25.01
9354.35 -24.9836
9366.37 -24.9556
9378.38 -24.9261
9390.39 -24.895
9402.4 -24.8624
9414.41 -24.8283
9426.43 -24.7926
9438.44 -24.7553
9450.45 -24.7164
9462.46 -24.6759
9474.47 -24.6339
9486.49 -24.5902
9498.5 -24.5449
9510.51 -24.4979
9522.52 -24.4494
9534.53 -24.3991
9546.55 -24.3473
9558.56 -24.2937
9570.57 -24.2385
9582.58 -24.1816
9594.59 -24.1231
9606.61 -24.0628
9618.62 -24.0009
9630.63 -23.9372
9642.64 -23.8719
9654.65 -23.8048
9666.67 -23.736
9678.68 -23.6655
9690.69 -23.5932
9702.7 -23.5193
9714.71 -23.4436
9726.73 -23.3661
9738.74 -23.2869
9750.75 -23.206
9762.76 -23.1234
9774.77 -23.0389
9786.79 -22.9528
9798.8 -22.8649
9810.81 -22.7753
9822.82 -22.6839
9834.83 -22.5908
9846.85 -22.496
9858.86 -22.3994
9870.87 -22.3011
9882.88 -22.201
9894.89 -22.0993
9906.91 -21.9958
9918.92 -21.8906
9930.93 -21.7837
9942.94 -21.6751
9954.95 -21.5649
9966.97 -21.4529
9978.98 -21.3393
9990.99 -21.224
10003 -21.1071
10015 -20.9885
10027 -20.8683
10039 -20.7464
10051.1 -20.623
10063.1 -20.498
10075.1 -20.3714
10087.1 -20.2432
10099.1 -20.1135
10111.1 -19.9822
10123.1 -19.8495
10135.1 -19.7152
10147.1 -19.5795
10159.2 -19.4423
10171.2 -19.3037
10183.2 -19.1637
10195.2 -19.0222
10207.2 -18.8794
10219.2 -18.7352
10231.2 -18.5897
10243.2 -18.4429
10255.3 -18.2948
10267.3 -18.1454
10279.3 -17.9948
10291.3 -17.843
10303.3 -17.69
10315.3 -17.5359
10327.3 -17.3806
10339.3 -17.2242
10351.4 -17.0668
10363.4 -16.9083
10375.4 -16.7487
10387.4 -16.5882
10399.4 -16.4268
10411.4 -16.2644
10423.4 -16.1011
10435.4 -15.937
10447.4 -15.772
10459.5 -15.6062
10471.5 -15.4397
10483.5 -15.2724
10495.5 -15.1044
10507.5 -14.9358
10519.5 -14.7665
10531.5 -14.5967
10543.5 -14.4262
10555.6 -14.2553
10567.6 -14.0838
10579.6 -13.9119
10591.6 -13.7395
10603.6 -13.5668
10615.6 -13.3937
10627.6 -13.2203
10639.6 -13.0466
10651.7 -12.8726
10663.7 -12.6985
10675.7 -12.5241
10687.7 -12.3497
10699.7 -12.1751
10711.7 -12.0004
10723.7 -11.8257
10735.7 -11.651
10747.7 -11.4763
10759.8 -11.3017
10771.8 -11.1272
10783.8 -10.9528
10795.8 -10.7786
10807.8 -10.6046
10819.8 -10.4308
10831.8 -10.2573
10843.8 -10.0841
10855.9 -9.91122
10867.9 -9.73872
10879.9 -9.56663
10891.9 -9.39496
10903.9 -9.22375
10915.9 -9.05304
10927.9 -8.88285
10939.9 -8.71322
10952 -8.54417
10964 -8.37573
10976 -8.20793
10988 -8.0408
11000 -7.87437
11012 -7.70866
11024 -7.5437
11036 -7.37952
11048 -7.21615
11060.1 -7.0536
11072.1 -6.8919
11084.1 -6.73108
11096.1 -6.57116
11108.1 -6.41216
11120.1 -6.2541
11132.1 -6.09701
11144.1 -5.94091
11156.2 -5.78582
11168.2 -5.63176
11180.2 -5.47874
11192.2 -5.32679
11204.2 -5.17592
11216.2 -5.02615
11228.2 -4.87751
11240.2 -4.72999
11252.3 -4.58363
11264.3 -4.43844
11276.3 -4.29442
11288.3 -4.1516
11300.3 -4.00998
11312.3 -3.86959
11324.3 -3.73042
11336.3 -3.59251
11348.3 -3.45584
11360.4 -3.32044
11372.4 -3.18632
11384.4 -3.05348
11396.4 -2.92193
11408.4 -2.79168
11420.4 -2.66274
11432.4 -2.53512
11444.4 -2.40882
11456.5 -2.28384
11468.5 -2.1602
11480.5 -2.0379
11492.5 -1.91694
11504.5 -1.79733
11516.5 -1.67906
11528.5 -1.56215
11540.5 -1.44659
11552.6 -1.33239
11564.6 -1.21955
11576.6 -1.10806
11588.6 -0.997941
11600.6 -0.889178
11612.6 -0.781775
11624.6 -0.675731
11636.6 -0.571045
11648.6 -0.467715
11660.7 -0.36574
11672.7 -0.265117
11684.7 -0.165845
11696.7 -0.0679189
11708.7 0.0286634
11720.7 0.123906
11732.7 0.217812
11744.7 0.310387
11756.8 0.401635
11768.8 0.491561
11780.8 0.58017
11792.8 0.667468
11804.8 0.75346
11816.8 0.838153
11828.8 0.921552
11840.8 1.00366
11852.9 1.0845
11864.9 1.16406
11876.9 1.24235
11888.9 1.31939
11900.9 1.39517
11912.9 1.46971
11924.9 1.54302
11936.9 1.6151
11948.9 1.68596
11961 1.75561
11973 1.82406
11985 1.89132
11997 1.95739
12009 2.02229
12021 2.08602
12033 2.1486
12045 2.21003
12057.1 2.27033
12069.1 2.32949
12081.1 2.38754
12093.1 2.44448
12105.1 2.50032
12117.1 2.55508
12129.1 2.60875
12141.1 2.66136
12153.2 2.71291
12165.2 2.76341
12177.2 2.81288
12189.2 2.86131
12201.2 2.90873
12213.2 2.95515
12225.2 3.00056
12237.2 3.04499
12249.2 3.08844
12261.3 3.13093
12273.3 3.17247
12285.3 3.21305
12297.3 3.25271
12309.3 3.29144
12321.3 3.32925
12333.3 3.36617
12345.3 3.40218
12357.4 3.43732
12369.4 3.47158
12381.4 3.50499
12393.4 3.53753
12405.4 3.56924
12417.4 3.60012
12429.4 3.63017
12441.4 3.65941
12453.5 3.68785
12465.5 3.7155
12477.5 3.74237
12489.5 3.76846
12501.5 3.7938
12513.5 3.81838
12525.5 3.84221
12537.5 3.86532
12549.5 3.8877
12561.6 3.90937
12573.6 3.93033
12585.6 3.9506
12597.6 3.97018
12609.6 3.98909
12621.6 4.00732
12633.6 4.0249
12645.6 4.04184
12657.7 4.05813
12669.7 4.07379
12681.7 4.08882
12693.7 4.10325
12705.7 4.11707
12717.7 4.13029
12729.7 4.14293
12741.7 4.15498
12753.8 4.16647
12765.8 4.17739
12777.8 4.18776
12789.8 4.19758
12801.8 4.20687
12813.8 4.21562
12825.8 4.22385
12837.8 4.23157
12849.8 4.23878
12861.9 4.2455
12873.9 4.25172
12885.9 4.25745
12897.9 4.26272
12909.9 4.26751
12921.9 4.27184
12933.9 4.27571
12945.9 4.27914
12958 4.28213
12970 4.28469
12982 4.28682
12994 4.28852
13006 4.28982
13018 4.29071
13030 4.2912
13042 4.2913
13054.1 4.29101
13066.1 4.29034
13078.1 4.28929
13090.1 4.28788
13102.1 4.28611
13114.1 4.28398
13126.1 4.2815
13138.1 4.27868
13150.2 4.27552
13162.2 4.27202
13174.2 4.2682
13186.2 4.26406
13198.2 4.2596
13210.2 4.25484
13222.2 4.24977
13234.2 4.2444
13246.2 4.23873
13258.3 4.23278
13270.3 4.22654
13282.3 4.22003
13294.3 4.21324
13306.3 4.20618
13318.3 4.19886
13330.3 4.19127
13342.3 4.18344
13354.4 4.17535
13366.4 4.16702
13378.4 4.15845
13390.4 4.14964
13402.4 4.14061
13414.4 4.13134
13426.4 4.12185
13438.4 4.11214
13450.5 4.10222
13462.5 4.09209
13474.5 4.08175
13486.5 4.0712
13498.5 4.06046
13510.5 4.04953
13522.5 4.0384
13534.5 4.02709
13546.5 4.01559
13558.6 4.00392
13570.6 3.99206
13582.6 3.98004
13594.6 3.96785
13606.6 3.95549
13618.6 3.94297
13630.6 3.93029
13642.6 3.91745
13654.7 3.90446
13666.7 3.89133
13678.7 3.87805
13690.7 3.86462
13702.7 3.85106
13714.7 3.83736
13726.7 3.82352
13738.7 3.80956
13750.8 3.79547
13762.8 3.78125
13774.8 3.76691
13786.8 3.75246
13798.8 3.73788
13810.8 3.72319
13822.8 3.7084
13834.8 3.69349
13846.8 3.67847
13858.9 3.66336
13870.9 3.64814
13882.9 3.63282
13894.9 3.61741
13906.9 3.60191
13918.9 3.58631
13930.9 3.57062
13942.9 3.55485
13955 3.53899
13967 3.52305
13979 3.50703
13991 3.49093
14003 3.47476
14015 3.45851
14027 3.44219
14039 3.42581
14051.1 3.40935
14063.1 3.39283
14075.1 3.37624
14087.1 3.35959
14099.1 3.34288
14111.1 3.32611
14123.1 3.30929
14135.1 3.29241
14147.1 3.27548
14159.2 3.25849
14171.2 3.24146
14183.2 3.22438
14195.2 3.20725
14207.2 3.19008
14219.2 3.17286
14231.2 3.1556
14243.2 3.1383
14255.3 3.12097
14267.3 3.10359
14279.3 3.08618
14291.3 3.06874
14303.3 3.05126
14315.3 3.03375
14327.3 3.01621
14339.3 2.99864
14351.4 2.98104
14363.4 2.96342
14375.4 2.94577
14387.4 2.9281
14399.4 2.91041
14411.4 2.89269
14423.4 2.87496
14435.4 2.8572
14447.4 2.83943
14459.5 2.82164
14471.5 2.80384
14483.5 2.78602
14495.5 2.76818
14507.5 2.75034
14519.5 2.73248
14531.5 2.71461
14543.5 2.69674
14555.6 2.67885
14567.6 2.66096
14579.6 2.64306
14591.6 2.62515
14603.6 2.60724
14615.6 2.58933
14627.6 2.57141
14639.6 2.5535
14651.7 2.53558
14663.7 2.51766
14675.7 2.49974
14687.7 2.48182
14699.7 2.4639
14711.7 2.44599
14723.7 2.42808
14735.7 2.41018
14747.7 2.39228
14759.8 2.37438
14771.8 2.3565
14783.8 2.33862
14795.8 2.32074
14807.8 2.30288
14819.8 2.28503
14831.8 2.26718
14843.8 2.24935
14855.9 2.23153
14867.9 2.21372
14879.9 2.19592
14891.9 2.17813
14903.9 2.16036
14915.9 2.14261
14927.9 2.12486
14939.9 2.10714
14952 2.08942
14964 2.07173
14976 2.05405
14988 2.03639
15000 2.01875
15012 2.00112
15024 1.98352
15036 1.96593
15048 1.94837
15060.1 1.93082
15072.1 1.91329
15084.1 1.89579
15096.1 1.87831
15108.1 1.86085
15120.1 1.84341
15132.1 1.82599
15144.1 1.8086
15156.2 1.79123
15168.2 1.77388
15180.2 1.75656
15192.2 1.73927
15204.2 1.722
15216.2 1.70475
15228.2 1.68753
15240.2 1.67034
15252.3 1.65317
15264.3 1.63603
15276.3 1.61891
15288.3 1.60183
15300.3 1.58477
15312.3 1.56774
15324.3 1.55073
15336.3 1.53376
15348.3 1.51681
15360.4 1.4999
15372.4 1.48301
15384.4 1.46615
15396.4 1.44932
15408.4 1.43252
15420.4 1.41575
15432.4 1.39902
15444.4 1.38231
15456.5 1.36563
15468.5 1.34899
15480.5 1.33237
15492.5 1.31579
15504.5 1.29924
15516.5 1.28272
15528.5 1.26623
15540.5 1.24978
15552.6 1.23336
15564.6 1.21697
15576.6 1.20061
15588.6 1.18429
15600.6 1.168
15612.6 1.15174
15624.6 1.13552
15636.6 1.11933
15648.6 1.10317
15660.7 1.08705
15672.7 1.07096
15684.7 1.05491
15696.7 1.03889
15708.7 1.0229
15720.7 1.00695
15732.7 0.991038
15744.7 0.975157
15756.8 0.95931
15768.8 0.943499
15780.8 0.927723
15792.8 0.911982
15804.8 0.896277
15816.8 0.880607
15828.8 0.864972
15840.8 0.849373
15852.9 0.83381
15864.9 0.818282
15876.9 0.80279
15888.9 0.787335
15900.9 0.771915
15912.9 0.756531
15924.9 0.741183
15936.9 0.725872
15948.9 0.710596
15961 0.695357
15973 0.680155
15985 0.664988
15997 0.649859
16009 0.634765
16021 0.619709
16033 0.604689
16045 0.589705
16057.1 0.574758
16069.1 0.559848
16081.1 0.544975
16093.1 0.530138
16105.1 0.515338
16117.1 0.500576
16129.1 0.485849
16141.1 0.47116
16153.2 0.456508
16165.2 0.441893
16177.2 0.427314
16189.2 0.412773
16201.2 0.398268
16213.2 0.383801
16225.2 0.36937
16237.2 0.354976
16249.2 0.34062
16261.3 0.3263
16273.3 0.312018
16285.3 0.297772
16297.3 0.283564
16309.3 0.269392
16321.3 0.255257
16333.3 0.24116
16345.3 0.227099
16357.4 0.213076
16369.4 0.199089
16381.4 0.185139
16393.4 0.171227
16405.4 0.157351
16417.4 0.143512
16429.4 0.12971
16441.4 0.115945
16453.5 0.102216
16465.5 0.0885248
16477.5 0.0748701
16489.5 0.0612522
16501.5 0.047671
16513.5 0.0341266
16525.5 0.0206189
16537.5 0.00714785
16549.5 -0.00628656
16561.6 -0.0196844
16573.6 -0.0330456
16585.6 -0.0463702
16597.6 -0.0596584
16609.6 -0.0729101
16621.6 -0.0861253
16633.6 -0.0993042
16645.6 -0.112447
16657.7 -0.125553
16669.7 -0.138623
16681.7 -0.151656
16693.7 -0.164654
16705.7 -0.177615
16717.7 -0.19054
16729.7 -0.203429
16741.7 -0.216282
16753.8 -0.229099
16765.8 -0.241881
16777.8 -0.254626
16789.8 -0.267335
16801.8 -0.280009
16813.8 -0.292647
16825.8 -0.305249
16837.8 -0.317816
16849.8 -0.330347
16861.9 -0.342842
16873.9 -0.355302
16885.9 -0.367727
16897.9 -0.380116
16909.9 -0.39247
16921.9 -0.404789
16933.9 -0.417072
16945.9 -0.429321
16958 -0.441534
16970 -0.453712
16982 -0.465856
16994 -0.477964
17006 -0.490037
17018 -0.502076
17030 -0.51408
17042 -0.52605
17054.1 -0.537984
17066.1 -0.549885
17078.1 -0.561751
17090.1 -0.573582
17102.1 -0.585379
17114.1 -0.597142
17126.1 -0.60887
17138.1 -0.620565
17150.2 -0.632225
17162.2 -0.643851
17174.2 -0.655443
17186.2 -0.667002
17198.2 -0.678526
17210.2 -0.690017
17222.2 -0.701475
17234.2 -0.712898
17246.2 -0.724288
17258.3 -0.735645
17270.3 -0.746968
17282.3 -0.758257
17294.3 -0.769514
17306.3 -0.780737
17318.3 -0.791927
17330.3 -0.803084
17342.3 -0.814209
17354.4 -0.8253
17366.4 -0.836358
17378.4 -0.847383
17390.4 -0.858376
17402.4 -0.869336
17414.4 -0.880264
17426.4 -0.891159
17438.4 -0.902022
17450.5 -0.912852
17462.5 -0.92365
17474.5 -0.934416
17486.5 -0.94515
17498.5 -0.955851
17510.5 -0.966521
17522.5 -0.977159
17534.5 -0.987765
17546.5 -0.998339
17558.6 -1.00888
17570.6 -1.01939
17582.6 -1.02987
17594.6 -1.04032
17606.6 -1.05074
17618.6 -1.06112
17630.6 -1.07147
17642.6 -1.0818
17654.7 -1.09209
17666.7 -1.10235
17678.7 -1.11258
17690.7 -1.12278
17702.7 -1.13295
17714.7 -1.14308
17726.7 -1.15319
17738.7 -1.16326
17750.8 -1.17331
17762.8 -1.18333
17774.8 -1.19331
17786.8 -1.20326
17798.8 -1.21319
17810.8 -1.22308
17822.8 -1.23295
17834.8 -1.24278
17846.8 -1.25258
17858.9 -1.26236
17870.9 -1.2721
17882.9 -1.28182
17894.9 -1.2915
17906.9 -1.30116
17918.9 -1.31079
17930.9 -1.32038
17942.9 -1.32995
17955 -1.33949
17967 -1.349
17979 -1.35848
17991 -1.36793
18003 -1.37735
18015 -1.38674
18027 -1.39611
18039 -1.40545
18051.1 -1.41475
18063.1 -1.42403
18075.1 -1.43328
18087.1 -1.4425
18099.1 -1.4517
18111.1 -1.46086
18123.1 -1.47
18135.1 -1.47911
18147.1 -1.48819
18159.2 -1.49724
18171.2 -1.50627
18183.2 -1.51527
18195.2 -1.52424
18207.2 -1.53318
18219.2 -1.54209
18231.2 -1.55098
18243.2 -1.55984
18255.3 -1.56867
18267.3 -1.57748
18279.3 -1.58625
18291.3 -1.595
18303.3 -1.60373
18315.3 -1.61242
18327.3 -1.62109
18339.3 -1.62974
18351.4 -1.63835
18363.4 -1.64694
18375.4 -1.6555
18387.4 -1.66404
18399.4 -1.67255
18411.4 -1.68103
18423.4 -1.68949
18435.4 -1.69792
18447.4 -1.70632
18459.5 -1.7147
18471.5 -1.72306
18483.5 -1.73138
18495.5 -1.73968
18507.5 -1.74796
18519.5 -1.75621
18531.5 -1.76443
18543.5 -1.77263
18555.6 -1.7808
18567.6 -1.78895
18579.6 -1.79707
18591.6 -1.80516
18603.6 -1.81323
18615.6 -1.82128
18627.6 -1.8293
18639.6 -1.83729
18651.7 -1.84526
18663.7 -1.85321
18675.7 -1.86113
18687.7 -1.86903
18699.7 -1.8769
18711.7 -1.88474
18723.7 -1.89257
18735.7 -1.90036
18747.7 -1.90814
18759.8 -1.91589
18771.8 -1.92361
18783.8 -1.93131
18795.8 -1.93899
18807.8 -1.94664
18819.8 -1.95427
18831.8 -1.96187
18843.8 -1.96945
18855.9 -1.97701
18867.9 -1.98454
18879.9 -1.99205
18891.9 -1.99954
18903.9 -2.007
18915.9 -2.01444
18927.9 -2.02185
18939.9 -2.02924
18952 -2.03661
18964 -2.04396
18976 -2.05128
18988 -2.05858
19000 -2.06586
