7000 -4.9548
7012.01 -5.20294
7024.02 -5.45028
7036.04 -5.69669
7048.05 -5.94203
7060.06 -6.18618
7072.07 -6.42901
7084.08 -6.67042
7096.1 -6.91026
7108.11 -7.14845
7120.12 -7.38486
7132.13 -7.61939
7144.14 -7.85195
7156.16 -8.08243
7168.17 -8.31075
7180.18 -8.53683
7192.19 -8.76058
7204.2 -8.98193
7216.22 -9.2008
7228.23 -9.41715
7240.24 -9.63091
7252.25 -9.84204
7264.26 -10.0505
7276.28 -10.2562
7288.29 -10.4592
7300.3 -10.6594
7312.31 -10.8569
7324.32 -11.0515
7336.34 -11.2435
7348.35 -11.4327
7360.36 -11.6192
7372.37 -11.8031
7384.38 -11.9846
7396.4 -12.1637
7408.41 -12.3408
7420.42 -12.5161
7432.43 -12.6903
7444.44 -12.8643
7456.46 -13.0399
7468.47 -13.2228
7480.48 -13.4258
7492.49 -13.5945
7504.5 -13.7452
7516.52 -13.882
7528.53 -14.0058
7540.54 -14.1164
7552.55 -14.2119
7564.56 -14.288
7576.58 -14.3293
7588.59 -14.3344
7600.6 -14.3906
7612.61 -14.4624
7624.62 -14.5434
7636.64 -14.631
7648.65 -14.7242
7660.66 -14.8228
7672.67 -14.9285
7684.68 -15.0516
7696.7 -15.1714
7708.71 -15.2775
7720.72 -15.3778
7732.73 -15.474
7744.74 -15.567
7756.76 -15.6571
7768.77 -15.7445
7780.78 -15.8291
7792.79 -15.9094
7804.8 -15.99
7816.82 -16.0707
7828.83 -16.1509
7840.84 -16.2307
7852.85 -16.3103
7864.86 -16.3899
7876.88 -16.4703
7888.89 -16.5529
7900.9 -16.6421
7912.91 -16.7225
7924.92 -16.7986
7936.94 -16.872
7948.95 -16.9433
7960.96 -17.0132
7972.97 -17.0821
7984.98 -17.1508
7997 -17.2216
8009.01 -17.2957
8021.02 -17.3596
8033.03 -17.4185
8045.05 -17.4734
8057.06 -17.5243
8069.07 -17.571
8081.08 -17.6127
8093.09 -17.647
8105.11 -17.6621
8117.12 -17.6767
8129.13 -17.7161
8141.14 -17.7671
8153.15 -17.828
8165.17 -17.8995
8177.18 -17.9836
8189.19 -18.0849
8201.2 -18.2151
8213.21 -18.4356
8225.23 -18.5916
8237.24 -18.6907
8249.25 -18.7574
8261.26 -18.7983
8273.27 -18.815
8285.29 -18.806
8297.3 -18.7659
8309.31 -18.677
8321.32 -18.4782
8333.33 -18.3799
8345.35 -18.33
8357.36 -18.3094
8369.37 -18.3125
8381.38 -18.3387
8393.39 -18.3913
8405.41 -18.4797
8417.42 -18.6377
8429.43 -18.9014
8441.44 -19.008
8453.45 -19.0502
8465.47 -19.0459
8477.48 -18.9994
8489.49 -18.9092
8501.5 -18.7673
8513.51 -18.5533
8525.53 -18.1783
8537.54 -17.7363
8549.55 -17.5064
8561.56 -17.3523
8573.57 -17.2505
8585.59 -17.1919
8597.6 -17.1741
8609.61 -17.1995
8621.62 -17.2806
8633.63 -17.4954
8645.65 -17.6557
8657.66 -17.7552
8669.67 -17.8301
8681.68 -17.8907
8693.69 -17.9416
8705.71 -17.9857
8717.72 -18.0247
8729.73 -18.0596
8741.74 -18.0913
8753.75 -18.1204
8765.77 -18.1473
8777.78 -18.1725
8789.79 -18.1961
8801.8 -18.2185
8813.81 -18.2397
8825.83 -18.26
8837.84 -18.2794
8849.85 -18.2981
8861.86 -18.3162
8873.87 -18.3337
8885.89 -18.3507
8897.9 -18.3673
8909.91 -18.3835
8921.92 -18.3994
8933.93 -18.415
8945.95 -18.4303
8957.96 -18.4454
8969.97 -18.4603
8981.98 -18.4751
8993.99 -18.4897
9006.01 -18.5042
9018.02 -18.5186
9030.03 -18.5329
9042.04 -18.5471
9054.05 -18.5613
9066.07 -18.5755
9078.08 -18.5896
9090.09 -18.6038
9102.1 -18.6179
9114.11 -18.6321
9126.13 -18.6463
9138.14 -18.6605
9150.15 -18.6747
9162.16 -18.689
9174.17 -18.7034
9186.19 -18.7178
9198.2 -18.7323
9210.21 -18.7469
9222.22 -18.7615
9234.23 -18.7762
9246.25 -18.7911
9258.26 -18.806
9270.27 -18.821
9282.28 -18.8361
9294.29 -18.8513
9306.31 -18.8667
9318.32 -18.8821
9330.33 -18.8977
9342.34 -18.9134
9354.35 -18.9291
9366.37 -18.945
9378.38 -18.9611
9390.39 -18.9772
9402.4 -18.9935
9414.41 -19.0099
9426.43 -19.0264
9438.44 -19.043
9450.45 -19.0598
9462.46 -19.0766
9474.47 -19.0936
9486.49 -19.1107
9498.5 -19.128
9510.51 -19.1453
9522.52 -19.1628
9534.53 -19.1803
9546.55 -19.198
9558.56 -19.2158
9570.57 -19.2337
9582.58 -19.2516
9594.59 -19.2697
9606.61 -19.2879
9618.62 -19.3061
9630.63 -19.3245
9642.64 -19.3429
9654.65 -19.3614
9666.67 -19.38
9678.68 -19.3986
9690.69 -19.4173
9702.7 -19.436
9714.71 -19.4548
9726.73 -19.4736
9738.74 -19.4925
9750.75 -19.5114
9762.76 -19.5303
9774.77 -19.5491
9786.79 -19.568
9798.8 -19.5869
9810.81 -19.6058
9822.82 -19.6246
9834.83 -19.6434
9846.85 -19.6621
9858.86 -19.6808
9870.87 -19.6994
9882.88 -19.7179
9894.89 -19.7363
9906.91 -19.7546
9918.92 -19.7728
9930.93 -19.7908
9942.94 -19.8087
9954.95 -19.8264
9966.97 -19.8439
9978.98 -19.8612
9990.99 -19.8783
10003 -19.8951
10015 -19.9117
10027 -19.928
10039 -19.9441
10051.1 -19.9598
10063.1 -19.9751
10075.1 -19.9901
10087.1 -20.0048
10099.1 -20.019
10111.1 -20.0328
10123.1 -20.0461
10135.1 -20.059
10147.1 -20.0713
10159.2 -20.0832
10171.2 -20.0944
10183.2 -20.1051
10195.2 -20.1151
10207.2 -20.1246
10219.2 -20.1333
10231.2 -20.1413
10243.2 -20.1486
10255.3 -20.155
10267.3 -20.1607
10279.3 -20.1655
10291.3 -20.1694
10303.3 -20.1724
10315.3 -20.1745
10327.3 -20.1755
10339.3 -20.1754
10351.4 -20.1743
10363.4 -20.1721
10375.4 -20.1686
10387.4 -20.1639
10399.4 -20.158
10411.4 -20.1507
10423.4 -20.1421
10435.4 -20.132
10447.4 -20.1204
10459.5 -20.1074
10471.5 -20.0927
10483.5 -20.0764
10495.5 -20.0584
10507.5 -20.0387
10519.5 -20.0172
10531.5 -19.9938
10543.5 -19.9684
10555.6 -19.9411
10567.6 -19.9117
10579.6 -19.8803
10591.6 -19.8466
10603.6 -19.8107
10615.6 -19.7725
10627.6 -19.7319
10639.6 -19.6889
10651.7 -19.6434
10663.7 -19.5953
10675.7 -19.5445
10687.7 -19.4911
10699.7 -19.4348
10711.7 -19.3757
10723.7 -19.3137
10735.7 -19.2487
10747.7 -19.1807
10759.8 -19.1095
10771.8 -19.0351
10783.8 -18.9574
10795.8 -18.8764
10807.8 -18.7921
10819.8 -18.7042
10831.8 -18.6128
10843.8 -18.5179
10855.9 -18.4192
10867.9 -18.3169
10879.9 -18.2108
10891.9 -18.1008
10903.9 -17.987
10915.9 -17.8693
10927.9 -17.7475
10939.9 -17.6217
10952 -17.4919
10964 -17.3579
10976 -17.2198
10988 -17.0775
11000 -16.931
11012 -16.7803
11024 -16.6253
11036 -16.466
11048 -16.3025
11060.1 -16.1347
11072.1 -15.9626
11084.1 -15.7862
11096.1 -15.6055
11108.1 -15.4206
11120.1 -15.2314
11132.1 -15.038
11144.1 -14.8405
11156.2 -14.6388
11168.2 -14.4331
11180.2 -14.2233
11192.2 -14.0096
11204.2 -13.7919
11216.2 -13.5705
11228.2 -13.3452
11240.2 -13.1164
11252.3 -12.8839
11264.3 -12.6481
11276.3 -12.4088
11288.3 -12.1663
11300.3 -11.9207
11312.3 -11.6721
11324.3 -11.4207
11336.3 -11.1665
11348.3 -10.9097
11360.4 -10.6505
11372.4 -10.3891
11384.4 -10.1255
11396.4 -9.85992
11408.4 -9.5926
11420.4 -9.32365
11432.4 -9.05326
11444.4 -8.78161
11456.5 -8.50887
11468.5 -8.23523
11480.5 -7.96086
11492.5 -7.68596
11504.5 -7.41072
11516.5 -7.1353
11528.5 -6.85991
11540.5 -6.58473
11552.6 -6.30994
11564.6 -6.03573
11576.6 -5.76227
11588.6 -5.48976
11600.6 -5.21835
11612.6 -4.94823
11624.6 -4.67958
11636.6 -4.41254
11648.6 -4.1473
11660.7 -3.884
11672.7 -3.6228
11684.7 -3.36386
11696.7 -3.1073
11708.7 -2.85328
11720.7 -2.60193
11732.7 -2.35337
11744.7 -2.10772
11756.8 -1.8651
11768.8 -1.62562
11780.8 -1.38938
11792.8 -1.15648
11804.8 -0.927008
11816.8 -0.701045
11828.8 -0.478671
11840.8 -0.259956
11852.9 -0.0449652
11864.9 0.166244
11876.9 0.373618
11888.9 0.577112
11900.9 0.776686
11912.9 0.972305
11924.9 1.16394
11936.9 1.35157
11948.9 1.53518
11961 1.71475
11973 1.89028
11985 2.06177
11997 2.22921
12009 2.39262
12021 2.55201
12033 2.70739
12045 2.85878
12057.1 3.00621
12069.1 3.1497
12081.1 3.28929
12093.1 3.425
12105.1 3.55687
12117.1 3.68494
12129.1 3.80926
12141.1 3.92986
12153.2 4.04679
12165.2 4.16011
12177.2 4.26985
12189.2 4.37608
12201.2 4.47885
12213.2 4.5782
12225.2 4.6742
12237.2 4.7669
12249.2 4.85636
12261.3 4.94264
12273.3 5.02579
12285.3 5.10588
12297.3 5.18297
12309.3 5.25711
12321.3 5.32836
12333.3 5.3968
12345.3 5.46247
12357.4 5.52543
12369.4 5.58576
12381.4 5.6435
12393.4 5.69872
12405.4 5.75147
12417.4 5.80181
12429.4 5.84981
12441.4 5.89552
12453.5 5.93899
12465.5 5.98029
12477.5 6.01947
12489.5 6.05657
12501.5 6.09167
12513.5 6.12481
12525.5 6.15604
12537.5 6.18541
12549.5 6.21299
12561.6 6.2388
12573.6 6.26292
12585.6 6.28537
12597.6 6.30622
12609.6 6.32551
12621.6 6.34327
12633.6 6.35957
12645.6 6.37443
12657.7 6.38791
12669.7 6.40005
12681.7 6.41088
12693.7 6.42044
12705.7 6.42879
12717.7 6.43594
12729.7 6.44195
12741.7 6.44685
12753.8 6.45067
12765.8 6.45344
12777.8 6.45521
12789.8 6.456
12801.8 6.45585
12813.8 6.45479
12825.8 6.45285
12837.8 6.45006
12849.8 6.44644
12861.9 6.44203
12873.9 6.43685
12885.9 6.43094
12897.9 6.42431
12909.9 6.41699
12921.9 6.40901
12933.9 6.40038
12945.9 6.39115
12958 6.38131
12970 6.37091
12982 6.35995
12994 6.34847
13006 6.33648
13018 6.32399
13030 6.31104
13042 6.29764
13054.1 6.28379
13066.1 6.26954
13078.1 6.25488
13090.1 6.23984
13102.1 6.22443
13114.1 6.20867
13126.1 6.19258
13138.1 6.17616
13150.2 6.15943
13162.2 6.1424
13174.2 6.1251
13186.2 6.10753
13198.2 6.0897
13210.2 6.07162
13222.2 6.05332
13234.2 6.03479
13246.2 6.01605
13258.3 5.99711
13270.3 5.97799
13282.3 5.95868
13294.3 5.9392
13306.3 5.91957
13318.3 5.89978
13330.3 5.87985
13342.3 5.85979
13354.4 5.8396
13366.4 5.81929
13378.4 5.79887
13390.4 5.77835
13402.4 5.75773
13414.4 5.73703
13426.4 5.71624
13438.4 5.69538
13450.5 5.67445
13462.5 5.65345
13474.5 5.6324
13486.5 5.61129
13498.5 5.59014
13510.5 5.56895
13522.5 5.54773
13534.5 5.52647
13546.5 5.50518
13558.6 5.48388
13570.6 5.46256
13582.6 5.44122
13594.6 5.41988
13606.6 5.39853
13618.6 5.37718
13630.6 5.35583
13642.6 5.33449
13654.7 5.31316
13666.7 5.29185
13678.7 5.27055
13690.7 5.24927
13702.7 5.22801
13714.7 5.20678
13726.7 5.18557
13738.7 5.1644
13750.8 5.14326
13762.8 5.12215
13774.8 5.10108
13786.8 5.08006
13798.8 5.05907
13810.8 5.03813
13822.8 5.01724
13834.8 4.99639
13846.8 4.9756
13858.9 4.95486
13870.9 4.93417
13882.9 4.91354
13894.9 4.89296
13906.9 4.87244
13918.9 4.85199
13930.9 4.83159
13942.9 4.81126
13955 4.79099
13967 4.77078
13979 4.75064
13991 4.73057
14003 4.71057
14015 4.69063
14027 4.67077
14039 4.65097
14051.1 4.63125
14063.1 4.6116
14075.1 4.59203
14087.1 4.57253
14099.1 4.5531
14111.1 4.53375
14123.1 4.51447
14135.1 4.49527
14147.1 4.47615
14159.2 4.45711
14171.2 4.43814
14183.2 4.41925
14195.2 4.40044
14207.2 4.38172
14219.2 4.36306
14231.2 4.34449
14243.2 4.326
14255.3 4.30759
14267.3 4.28926
14279.3 4.27102
14291.3 4.25285
14303.3 4.23476
14315.3 4.21676
14327.3 4.19883
14339.3 4.18099
14351.4 4.16323
14363.4 4.14555
14375.4 4.12796
14387.4 4.11044
14399.4 4.09301
14411.4 4.07566
14423.4 4.05839
14435.4 4.0412
14447.4 4.02409
14459.5 4.00707
14471.5 3.99013
14483.5 3.97326
14495.5 3.95648
14507.5 3.93979
14519.5 3.92317
14531.5 3.90663
14543.5 3.89018
14555.6 3.8738
14567.6 3.85751
14579.6 3.84129
14591.6 3.82516
14603.6 3.80911
14615.6 3.79313
14627.6 3.77724
14639.6 3.76142
14651.7 3.74569
14663.7 3.73003
14675.7 3.71445
14687.7 3.69895
14699.7 3.68353
14711.7 3.66819
14723.7 3.65292
14735.7 3.63773
14747.7 3.62262
14759.8 3.60759
14771.8 3.59263
14783.8 3.57775
14795.8 3.56295
14807.8 3.54822
14819.8 3.53356
14831.8 3.51898
14843.8 3.50448
14855.9 3.49005
14867.9 3.47569
14879.9 3.46141
14891.9 3.44721
14903.9 3.43307
14915.9 3.41901
14927.9 3.40502
14939.9 3.39111
14952 3.37726
14964 3.36349
14976 3.34979
14988 3.33616
15000 3.3226
15012 3.30911
15024 3.29569
15036 3.28234
15048 3.26906
15060.1 3.25585
15072.1 3.2427
15084.1 3.22963
15096.1 3.21662
15108.1 3.20368
15120.1 3.19081
15132.1 3.17801
15144.1 3.16527
15156.2 3.1526
15168.2 3.13999
15180.2 3.12745
15192.2 3.11498
15204.2 3.10256
15216.2 3.09022
15228.2 3.07794
15240.2 3.06572
15252.3 3.05357
15264.3 3.04147
15276.3 3.02945
15288.3 3.01748
15300.3 3.00558
15312.3 2.99373
15324.3 2.98195
15336.3 2.97023
15348.3 2.95858
15360.4 2.94698
15372.4 2.93544
15384.4 2.92396
15396.4 2.91254
15408.4 2.90118
15420.4 2.88988
15432.4 2.87864
15444.4 2.86745
15456.5 2.85633
15468.5 2.84526
15480.5 2.83425
15492.5 2.82329
15504.5 2.81239
15516.5 2.80155
15528.5 2.79076
15540.5 2.78003
15552.6 2.76936
15564.6 2.75874
15576.6 2.74817
15588.6 2.73766
15600.6 2.7272
15612.6 2.71679
15624.6 2.70644
15636.6 2.69614
15648.6 2.6859
15660.7 2.6757
15672.7 2.66556
15684.7 2.65547
15696.7 2.64543
15708.7 2.63545
15720.7 2.62551
15732.7 2.61563
15744.7 2.60579
15756.8 2.596
15768.8 2.58627
15780.8 2.57658
15792.8 2.56695
15804.8 2.55736
15816.8 2.54782
15828.8 2.53833
15840.8 2.52888
15852.9 2.51949
15864.9 2.51014
15876.9 2.50083
15888.9 2.49158
15900.9 2.48237
15912.9 2.47321
15924.9 2.46409
15936.9 2.45502
15948.9 2.446
15961 2.43702
15973 2.42808
15985 2.41919
15997 2.41035
16009 2.40155
16021 2.39279
16033 2.38407
16045 2.3754
16057.1 2.36677
16069.1 2.35819
16081.1 2.34965
16093.1 2.34115
16105.1 2.33269
16117.1 2.32427
16129.1 2.3159
16141.1 2.30756
16153.2 2.29927
16165.2 2.29102
16177.2 2.28281
16189.2 2.27463
16201.2 2.2665
16213.2 2.25841
16225.2 2.25036
16237.2 2.24235
16249.2 2.23438
16261.3 2.22644
16273.3 2.21855
16285.3 2.21069
16297.3 2.20287
16309.3 2.19509
16321.3 2.18735
16333.3 2.17964
16345.3 2.17197
16357.4 2.16434
16369.4 2.15675
16381.4 2.14919
16393.4 2.14167
16405.4 2.13418
16417.4 2.12674
16429.4 2.11932
16441.4 2.11194
16453.5 2.1046
16465.5 2.0973
16477.5 2.09002
16489.5 2.08279
16501.5 2.07558
16513.5 2.06841
16525.5 2.06128
16537.5 2.05418
16549.5 2.04711
16561.6 2.04008
16573.6 2.03308
16585.6 2.02611
16597.6 2.01918
16609.6 2.01228
16621.6 2.00541
16633.6 1.99857
16645.6 1.99177
16657.7 1.985
16669.7 1.97826
16681.7 1.97155
16693.7 1.96487
16705.7 1.95823
16717.7 1.95161
16729.7 1.94503
16741.7 1.93848
16753.8 1.93195
16765.8 1.92546
16777.8 1.919
16789.8 1.91257
16801.8 1.90617
16813.8 1.89979
16825.8 1.89345
16837.8 1.88714
16849.8 1.88085
16861.9 1.8746
16873.9 1.86837
16885.9 1.86217
16897.9 1.856
16909.9 1.84986
16921.9 1.84375
16933.9 1.83766
16945.9 1.8316
16958 1.82557
16970 1.81957
16982 1.8136
16994 1.80765
17006 1.80173
17018 1.79583
17030 1.78997
17042 1.78413
17054.1 1.77831
17066.1 1.77252
17078.1 1.76676
17090.1 1.76103
17102.1 1.75532
17114.1 1.74963
17126.1 1.74397
17138.1 1.73834
17150.2 1.73273
17162.2 1.72715
17174.2 1.72159
17186.2 1.71606
17198.2 1.71055
17210.2 1.70506
17222.2 1.6996
17234.2 1.69417
17246.2 1.68876
17258.3 1.68337
17270.3 1.678
17282.3 1.67266
17294.3 1.66735
17306.3 1.66206
17318.3 1.65679
17330.3 1.65154
17342.3 1.64632
17354.4 1.64112
17366.4 1.63594
17378.4 1.63078
17390.4 1.62565
17402.4 1.62054
17414.4 1.61545
17426.4 1.61039
17438.4 1.60535
17450.5 1.60032
17462.5 1.59532
17474.5 1.59035
17486.5 1.58539
17498.5 1.58046
17510.5 1.57554
17522.5 1.57065
17534.5 1.56578
17546.5 1.56093
17558.6 1.5561
17570.6 1.55129
17582.6 1.5465
17594.6 1.54174
17606.6 1.53699
17618.6 1.53226
17630.6 1.52755
17642.6 1.52287
17654.7 1.5182
17666.7 1.51356
17678.7 1.50893
17690.7 1.50432
17702.7 1.49973
17714.7 1.49517
17726.7 1.49062
17738.7 1.48609
17750.8 1.48158
17762.8 1.47708
17774.8 1.47261
17786.8 1.46816
17798.8 1.46372
17810.8 1.45931
17822.8 1.45491
17834.8 1.45053
17846.8 1.44617
17858.9 1.44183
17870.9 1.4375
17882.9 1.43319
17894.9 1.4289
17906.9 1.42463
17918.9 1.42038
17930.9 1.41614
17942.9 1.41193
17955 1.40773
17967 1.40354
17979 1.39938
17991 1.39523
18003 1.3911
18015 1.38698
18027 1.38288
18039 1.3788
18051.1 1.37474
18063.1 1.37069
18075.1 1.36666
18087.1 1.36264
18099.1 1.35865
18111.1 1.35466
18123.1 1.3507
18135.1 1.34675
18147.1 1.34281
18159.2 1.3389
18171.2 1.33499
18183.2 1.33111
18195.2 1.32724
18207.2 1.32338
18219.2 1.31954
18231.2 1.31572
18243.2 1.31191
18255.3 1.30812
18267.3 1.30434
18279.3 1.30058
18291.3 1.29683
18303.3 1.2931
18315.3 1.28938
18327.3 1.28568
18339.3 1.28199
18351.4 1.27832
18363.4 1.27466
18375.4 1.27102
18387.4 1.26739
18399.4 1.26377
18411.4 1.26017
18423.4 1.25658
18435.4 1.25301
18447.4 1.24945
18459.5 1.24591
18471.5 1.24238
18483.5 1.23886
18495.5 1.23536
18507.5 1.23187
18519.5 1.22839
18531.5 1.22493
18543.5 1.22148
18555.6 1.21805
18567.6 1.21463
18579.6 1.21122
18591.6 1.20782
18603.6 1.20444
18615.6 1.20108
18627.6 1.19772
18639.6 1.19438
18651.7 1.19105
18663.7 1.18773
18675.7 1.18443
18687.7 1.18114
18699.7 1.17786
18711.7 1.17459
18723.7 1.17134
18735.7 1.1681
18747.7 1.16487
18759.8 1.16166
18771.8 1.15845
18783.8 1.15526
18795.8 1.15208
18807.8 1.14892
18819.8 1.14576
18831.8 1.14262
18843.8 1.13949
18855.9 1.13637
18867.9 1.13326
18879.9 1.13017
18891.9 1.12708
18903.9 1.12401
18915.9 1.12095
18927.9 1.1179
18939.9 1.11487
18952 1.11184
18964 1.10883
18976 1.10582
18988 1.10283
19000 1.09985
