7000 -1.29453
7012.01 -1.29571
7024.02 -1.29687
7036.04 -1.298
7048.05 -1.29911
7060.06 -1.3002
7072.07 -1.30126
7084.08 -1.3023
7096.1 -1.30331
7108.11 -1.30429
7120.12 -1.30524
7132.13 -1.30617
7144.14 -1.30706
7156.16 -1.30792
7168.17 -1.30874
7180.18 -1.30953
7192.19 -1.31028
7204.2 -1.31099
7216.22 -1.31166
7228.23 -1.31228
7240.24 -1.31285
7252.25 -1.31338
7264.26 -1.31385
7276.28 -1.31427
7288.29 -1.31462
7300.3 -1.3149
7312.31 -1.31511
7324.32 -1.31523
7336.34 -1.31527
7348.35 -1.3152
7360.36 -1.31502
7372.37 -1.3147
7384.38 -1.31424
7396.4 -1.31359
7408.41 -1.31273
7420.42 -1.31161
7432.43 -1.31014
7444.44 -1.3082
7456.46 -1.30558
7468.47 -1.30162
7480.48 -1.29491
7492.49 -1.29133
7504.5 -1.28904
7516.52 -1.2875
7528.53 -1.28648
7540.54 -1.28578
7552.55 -1.28521
7564.56 -1.28441
7576.58 -1.28216
7588.59 -1.2784
7600.6 -1.28025
7612.61 -1.28502
7624.62 -1.29244
7636.64 -1.30267
7648.65 -1.31623
7660.66 -1.33422
7672.67 -1.35919
7684.68 -1.40517
7696.7 -1.44533
7708.71 -1.46625
7720.72 -1.47808
7732.73 -1.48287
7744.74 -1.48117
7756.76 -1.47268
7768.77 -1.45601
7780.78 -1.4272
7792.79 -1.36591
7804.8 -1.3268
7816.82 -1.30372
7828.83 -1.28913
7840.84 -1.28082
7852.85 -1.278
7864.86 -1.28061
7876.88 -1.28947
7888.89 -1.30762
7900.9 -1.34431
7912.91 -1.36454
7924.92 -1.378
7936.94 -1.38777
7948.95 -1.39494
7960.96 -1.39997
7972.97 -1.40297
7984.98 -1.40371
7997 -1.40085
8009.01 -1.39364
8021.02 -1.3921
8033.03 -1.39253
8045.05 -1.39431
8057.06 -1.39729
8069.07 -1.40154
8081.08 -1.40736
8093.09 -1.41553
8105.11 -1.42983
8117.12 -1.44457
8129.13 -1.45216
8141.14 -1.45689
8153.15 -1.45956
8165.17 -1.46049
8177.18 -1.45981
8189.19 -1.4575
8201.2 -1.45328
8213.21 -1.44554
8225.23 -1.43837
8237.24 -1.43152
8249.25 -1.42423
8261.26 -1.41618
8273.27 -1.40707
8285.29 -1.39652
8297.3 -1.38385
8309.31 -1.36738
8321.32 -1.34154
8333.33 -1.32508
8345.35 -1.31328
8357.36 -1.30437
8369.37 -1.2978
8381.38 -1.29345
8393.39 -1.29152
8405.41 -1.29268
8417.42 -1.29946
8429.43 -1.31453
8441.44 -1.31829
8453.45 -1.31769
8465.47 -1.31413
8477.48 -1.30801
8489.49 -1.29939
8501.5 -1.28797
8513.51 -1.27287
8525.53 -1.25027
8537.54 -1.22417
8549.55 -1.20652
8561.56 -1.19137
8573.57 -1.17755
8585.59 -1.16446
8597.6 -1.15164
8609.61 -1.13857
8621.62 -1.12431
8633.63 -1.1043
8645.65 -1.0891
8657.66 -1.07902
8669.67 -1.07204
8681.68 -1.06767
8693.69 -1.06582
8705.71 -1.06663
8717.72 -1.07064
8729.73 -1.07941
8741.74 -1.09902
8753.75 -1.11035
8765.77 -1.11764
8777.78 -1.12295
8789.79 -1.127
8801.8 -1.13015
8813.81 -1.13262
8825.83 -1.13457
8837.84 -1.13608
8849.85 -1.13723
8861.86 -1.13809
8873.87 -1.13868
8885.89 -1.13906
8897.9 -1.13923
8909.91 -1.13923
8921.92 -1.13907
8933.93 -1.13877
8945.95 -1.13834
8957.96 -1.1378
8969.97 -1.13715
8981.98 -1.1364
8993.99 -1.13555
9006.01 -1.13462
9018.02 -1.13361
9030.03 -1.13252
9042.04 -1.13137
9054.05 -1.13014
9066.07 -1.12885
9078.08 -1.12749
9090.09 -1.12608
9102.1 -1.12461
9114.11 -1.12309
9126.13 -1.12152
9138.14 -1.11989
9150.15 -1.11821
9162.16 -1.11649
9174.17 -1.11472
9186.19 -1.11291
9198.2 -1.11105
9210.21 -1.10915
9222.22 -1.10721
9234.23 -1.10523
9246.25 -1.1032
9258.26 -1.10114
9270.27 -1.09904
9282.28 -1.0969
9294.29 -1.09473
9306.31 -1.09251
9318.32 -1.09026
9330.33 -1.08798
9342.34 -1.08566
9354.35 -1.0833
9366.37 -1.08091
9378.38 -1.07848
9390.39 -1.07603
9402.4 -1.07353
9414.41 -1.07101
9426.43 -1.06845
9438.44 -1.06586
9450.45 -1.06324
9462.46 -1.06058
9474.47 -1.0579
9486.49 -1.05518
9498.5 -1.05243
9510.51 -1.04965
9522.52 -1.04684
9534.53 -1.044
9546.55 -1.04113
9558.56 -1.03823
9570.57 -1.0353
9582.58 -1.03235
9594.59 -1.02936
9606.61 -1.02634
9618.62 -1.0233
9630.63 -1.02023
9642.64 -1.01713
9654.65 -1.014
9666.67 -1.01084
9678.68 -1.00766
9690.69 -1.00445
9702.7 -1.00122
9714.71 -0.997955
9726.73 -0.994668
9738.74 -0.991356
9750.75 -0.988019
9762.76 -0.984658
9774.77 -0.981272
9786.79 -0.977862
9798.8 -0.974429
9810.81 -0.970974
9822.82 -0.967495
9834.83 -0.963995
9846.85 -0.960473
9858.86 -0.95693
9870.87 -0.953367
9882.88 -0.949784
9894.89 -0.946181
9906.91 -0.942559
9918.92 -0.93892
9930.93 -0.935262
9942.94 -0.931588
9954.95 -0.927898
9966.97 -0.924192
9978.98 -0.920472
9990.99 -0.916737
10003 -0.91299
10015 -0.90923
10027 -0.905459
10039 -0.901677
10051.1 -0.897886
10063.1 -0.894086
10075.1 -0.890279
10087.1 -0.886466
10099.1 -0.882647
10111.1 -0.878824
10123.1 -0.874999
10135.1 -0.871172
10147.1 -0.867345
10159.2 -0.863519
10171.2 -0.859696
10183.2 -0.855878
10195.2 -0.852065
10207.2 -0.84826
10219.2 -0.844465
10231.2 -0.840681
10243.2 -0.83691
10255.3 -0.833154
10267.3 -0.829416
10279.3 -0.825698
10291.3 -0.822002
10303.3 -0.81833
10315.3 -0.814686
10327.3 -0.811071
10339.3 -0.80749
10351.4 -0.803944
10363.4 -0.800438
10375.4 -0.796975
10387.4 -0.793557
10399.4 -0.79019
10411.4 -0.786877
10423.4 -0.783622
10435.4 -0.78043
10447.4 -0.777306
10459.5 -0.774255
10471.5 -0.771283
10483.5 -0.768395
10495.5 -0.765597
10507.5 -0.762896
10519.5 -0.7603
10531.5 -0.757816
10543.5 -0.755453
10555.6 -0.753218
10567.6 -0.751123
10579.6 -0.749178
10591.6 -0.747393
10603.6 -0.745782
10615.6 -0.744358
10627.6 -0.743136
10639.6 -0.742133
10651.7 -0.741366
10663.7 -0.740856
10675.7 -0.740626
10687.7 -0.740701
10699.7 -0.741109
10711.7 -0.741884
10723.7 -0.743062
10735.7 -0.744687
10747.7 -0.746809
10759.8 -0.749489
10771.8 -0.752796
10783.8 -0.756818
10795.8 -0.761663
10807.8 -0.767465
10819.8 -0.774404
10831.8 -0.782718
10843.8 -0.792746
10855.9 -0.805004
10867.9 -0.820356
10879.9 -0.840545
10891.9 -0.87119
10903.9 -0.914702
10915.9 -0.93615
10927.9 -0.949165
10939.9 -0.956279
10952 -0.958355
10964 -0.955537
10976 -0.947316
10988 -0.931926
11000 -0.899481
11012 -0.866732
11024 -0.850515
11036 -0.841041
11048 -0.836675
11060.1 -0.837109
11072.1 -0.842841
11084.1 -0.855411
11096.1 -0.879042
11108.1 -0.93632
11120.1 -0.969273
11132.1 -0.981505
11144.1 -0.981895
11156.2 -0.972744
11168.2 -0.954622
11180.2 -0.926996
11192.2 -0.88783
11204.2 -0.830793
11216.2 -0.735016
11228.2 -0.673526
11240.2 -0.627293
11252.3 -0.589414
11264.3 -0.557471
11276.3 -0.530369
11288.3 -0.507695
11300.3 -0.489675
11312.3 -0.478206
11324.3 -0.475191
11336.3 -0.464451
11348.3 -0.45181
11360.4 -0.438469
11372.4 -0.424932
11384.4 -0.41151
11396.4 -0.398465
11408.4 -0.386119
11420.4 -0.375325
11432.4 -0.365446
11444.4 -0.354596
11456.5 -0.344063
11468.5 -0.334374
11480.5 -0.326116
11492.5 -0.320146
11504.5 -0.31799
11516.5 -0.323205
11528.5 -0.355036
11540.5 -0.366914
11552.6 -0.358388
11564.6 -0.337681
11576.6 -0.306656
11588.6 -0.265512
11600.6 -0.21326
11612.6 -0.147161
11624.6 -0.0594152
11636.6 0.0794439
11648.6 0.175526
11660.7 0.250373
11672.7 0.313833
11684.7 0.36933
11696.7 0.418515
11708.7 0.462213
11720.7 0.50063
11732.7 0.53283
11744.7 0.557152
11756.8 0.584862
11768.8 0.612156
11780.8 0.638111
11792.8 0.662211
11804.8 0.683909
11816.8 0.702378
11828.8 0.715912
11840.8 0.71804
11852.9 0.713453
11864.9 0.727266
11876.9 0.74807
11888.9 0.774025
11900.9 0.804587
11912.9 0.83986
11924.9 0.88064
11936.9 0.929233
11948.9 0.999267
11961 1.06001
11973 1.1077
11985 1.14938
11997 1.1869
12009 1.22101
12021 1.25203
12033 1.27987
12045 1.30371
12057.1 1.31955
12069.1 1.33976
12081.1 1.36194
12093.1 1.38467
12105.1 1.40743
12117.1 1.42987
12129.1 1.45164
12141.1 1.47221
12153.2 1.49018
12165.2 1.50289
12177.2 1.52269
12189.2 1.54564
12201.2 1.57079
12213.2 1.5979
12225.2 1.627
12237.2 1.65839
12249.2 1.69293
12261.3 1.73388
12273.3 1.78043
12285.3 1.81616
12297.3 1.84797
12309.3 1.87701
12321.3 1.90361
12333.3 1.92772
12345.3 1.94889
12357.4 1.96575
12369.4 1.96998
12381.4 1.97927
12393.4 1.99859
12405.4 2.02301
12417.4 2.05155
12429.4 2.08409
12441.4 2.12109
12453.5 2.16379
12465.5 2.21566
12477.5 2.29304
12489.5 2.3501
12501.5 2.39368
12513.5 2.4295
12525.5 2.45922
12537.5 2.48335
12549.5 2.50165
12561.6 2.51296
12573.6 2.51325
12585.6 2.49237
12597.6 2.49239
12609.6 2.50074
12621.6 2.51391
12633.6 2.53066
12645.6 2.55049
12657.7 2.57332
12669.7 2.59959
12681.7 2.6313
12693.7 2.66886
12705.7 2.69981
12717.7 2.72923
12729.7 2.75818
12741.7 2.78728
12753.8 2.81708
12765.8 2.84833
12777.8 2.88251
12789.8 2.92697
12801.8 2.96847
12813.8 2.99873
12825.8 3.02361
12837.8 3.04434
12849.8 3.06141
12861.9 3.07493
12873.9 3.08471
12885.9 3.09001
12897.9 3.08692
12909.9 3.08551
12921.9 3.08452
12933.9 3.0822
12945.9 3.07765
12958 3.07
12970 3.05802
12982 3.03955
12994 3.00898
13006 2.94984
13018 2.92148
13030 2.90761
13042 2.9029
13054.1 2.90557
13066.1 2.91511
13078.1 2.93184
13090.1 2.95734
13102.1 2.99773
13114.1 3.05749
13126.1 3.09269
13138.1 3.11975
13150.2 3.14189
13162.2 3.16029
13174.2 3.17544
13186.2 3.18733
13198.2 3.19531
13210.2 3.19543
13222.2 3.19358
13234.2 3.19915
13246.2 3.20714
13258.3 3.21667
13270.3 3.22742
13282.3 3.2393
13294.3 3.25244
13306.3 3.26739
13318.3 3.2875
13330.3 3.30423
13342.3 3.31777
13354.4 3.3295
13366.4 3.33973
13378.4 3.3485
13390.4 3.35566
13402.4 3.36081
13414.4 3.36277
13426.4 3.35741
13438.4 3.35833
13450.5 3.36216
13462.5 3.3675
13474.5 3.37382
13486.5 3.38079
13498.5 3.38814
13510.5 3.39554
13522.5 3.40213
13534.5 3.40696
13546.5 3.41635
13558.6 3.42816
13570.6 3.44204
13582.6 3.45805
13594.6 3.47651
13606.6 3.49814
13618.6 3.5246
13630.6 3.56272
13642.6 3.60606
13654.7 3.63107
13666.7 3.64882
13678.7 3.66105
13690.7 3.6682
13702.7 3.67003
13714.7 3.66548
13726.7 3.6516
13738.7 3.61134
13750.8 3.5849
13762.8 3.57434
13774.8 3.57169
13786.8 3.57492
13798.8 3.58334
13810.8 3.597
13822.8 3.61677
13834.8 3.64564
13846.8 3.69611
13858.9 3.72913
13870.9 3.75294
13882.9 3.7717
13894.9 3.78673
13906.9 3.79861
13918.9 3.80747
13930.9 3.81304
13942.9 3.81395
13955 3.80767
13967 3.80737
13979 3.80866
13991 3.81047
14003 3.81233
14015 3.81393
14027 3.81499
14039 3.81512
14051.1 3.81322
14063.1 3.8097
14075.1 3.80863
14087.1 3.80802
14099.1 3.80735
14111.1 3.80625
14123.1 3.8043
14135.1 3.80086
14147.1 3.79454
14159.2 3.77801
14171.2 3.76706
14183.2 3.7647
14195.2 3.76691
14207.2 3.77275
14219.2 3.78195
14231.2 3.79462
14243.2 3.81136
14255.3 3.83396
14267.3 3.87068
14279.3 3.89768
14291.3 3.91904
14303.3 3.93767
14315.3 3.95453
14327.3 3.97005
14339.3 3.98443
14351.4 3.99768
14363.4 4.00933
14375.4 4.01817
14387.4 4.03026
14399.4 4.0439
14411.4 4.05876
14423.4 4.07489
14435.4 4.09253
14447.4 4.11217
14459.5 4.13489
14471.5 4.16435
14483.5 4.20053
14495.5 4.22397
14507.5 4.24279
14519.5 4.25851
14531.5 4.2718
14543.5 4.283
14555.6 4.29232
14567.6 4.29985
14579.6 4.30553
14591.6 4.30966
14603.6 4.31235
14615.6 4.31345
14627.6 4.31283
14639.6 4.31034
14651.7 4.30567
14663.7 4.2983
14675.7 4.287
14687.7 4.26606
14699.7 4.25065
14711.7 4.2387
14723.7 4.22799
14735.7 4.21769
14747.7 4.20725
14759.8 4.1961
14771.8 4.18348
14783.8 4.16752
14795.8 4.14338
14807.8 4.12906
14819.8 4.11936
14831.8 4.11265
14843.8 4.10835
14855.9 4.10623
14867.9 4.10627
14879.9 4.10873
14891.9 4.11469
14903.9 4.12463
14915.9 4.13151
14927.9 4.13819
14939.9 4.14534
14952 4.15341
14964 4.16287
14976 4.17443
14988 4.18958
15000 4.21533
15012 4.24022
15024 4.25271
15036 4.25966
15048 4.26226
15060.1 4.26077
15072.1 4.25487
15084.1 4.24343
15096.1 4.22335
15108.1 4.17767
15120.1 4.15015
15132.1 4.13815
15144.1 4.13507
15156.2 4.13928
15168.2 4.15052
15180.2 4.1694
15192.2 4.1978
15204.2 4.24125
15216.2 4.3177
15228.2 4.36519
15240.2 4.4002
15252.3 4.42897
15264.3 4.45408
15276.3 4.47727
15288.3 4.50024
15300.3 4.52552
15312.3 4.56009
15324.3 4.61045
15336.3 4.62735
15348.3 4.62861
15360.4 4.61754
15372.4 4.59481
15384.4 4.5598
15396.4 4.51039
15408.4 4.44122
15420.4 4.32926
15432.4 4.20052
15444.4 4.12263
15456.5 4.06149
15468.5 4.01082
15480.5 3.9678
15492.5 3.93082
15504.5 3.89876
15516.5 3.87061
15528.5 3.84326
15540.5 3.82345
15552.6 3.81136
15564.6 3.80608
15576.6 3.80786
15588.6 3.81763
15600.6 3.83714
15612.6 3.86996
15624.6 3.92534
15636.6 4.03759
15648.6 4.09783
15660.7 4.13107
15672.7 4.14871
15684.7 4.15461
15696.7 4.15047
15708.7 4.13687
15720.7 4.11328
15732.7 4.0764
15744.7 4.02115
15756.8 3.97819
15768.8 3.93684
15780.8 3.89451
15792.8 3.84986
15804.8 3.80174
15816.8 3.74864
15828.8 3.68777
15840.8 3.6091
15852.9 3.51964
15864.9 3.45747
15876.9 3.405
15888.9 3.3592
15900.9 3.31894
15912.9 3.28399
15924.9 3.25487
15936.9 3.23372
15948.9 3.23429
15961 3.22486
15973 3.20136
15985 3.17072
15997 3.13442
16009 3.09273
16021 3.04509
16033 2.98983
16045 2.9222
16057.1 2.82201
16069.1 2.74987
16081.1 2.69392
16093.1 2.64736
16105.1 2.60805
16117.1 2.57512
16129.1 2.54845
16141.1 2.52863
16153.2 2.51817
16165.2 2.52229
16177.2 2.51691
16189.2 2.5101
16201.2 2.50425
16213.2 2.50074
16225.2 2.50096
16237.2 2.50688
16249.2 2.52223
16261.3 2.55975
16273.3 2.61665
16285.3 2.63081
16297.3 2.62862
16309.3 2.61465
16321.3 2.59044
16333.3 2.55617
16345.3 2.5107
16357.4 2.45032
16369.4 2.35197
16381.4 2.26442
16393.4 2.20118
16405.4 2.14823
16417.4 2.10232
16429.4 2.06226
16441.4 2.02789
16453.5 2.00008
16465.5 1.98206
16477.5 1.99015
16489.5 1.97778
16501.5 1.95174
16513.5 1.91773
16525.5 1.87731
16537.5 1.83089
16549.5 1.77817
16561.6 1.7179
16573.6 1.64606
16585.6 1.5527
16597.6 1.47825
16609.6 1.4103
16621.6 1.34515
16633.6 1.28118
16645.6 1.21729
16657.7 1.15243
16669.7 1.0851
16681.7 1.01133
16693.7 0.930064
16705.7 0.862036
16717.7 0.798423
16729.7 0.73723
16741.7 0.677297
16753.8 0.61757
16765.8 0.556694
16777.8 0.492118
16789.8 0.411344
16801.8 0.336849
16813.8 0.282725
16825.8 0.239134
16837.8 0.20415
16849.8 0.177302
16861.9 0.159001
16873.9 0.150793
16885.9 0.157128
16897.9 0.201067
16909.9 0.221105
16921.9 0.22347
16933.9 0.216823
16945.9 0.203561
16958 0.184422
16970 0.159136
16982 0.126145
16994 0.0802339
17006 0.00524231
17018 -0.0393369
17030 -0.0696832
17042 -0.0911735
17054.1 -0.105701
17066.1 -0.114159
17078.1 -0.117011
17090.1 -0.114557
17102.1 -0.107394
17114.1 -0.0957042
17126.1 -0.0737063
17138.1 -0.0424485
17150.2 -0.000976447
17162.2 0.0525999
17174.2 0.121494
17186.2 0.211536
17198.2 0.335541
17210.2 0.550904
17222.2 0.776803
17234.2 0.882852
17246.2 0.939061
17258.3 0.95721
17270.3 0.940605
17282.3 0.887929
17294.3 0.79248
17306.3 0.634771
17318.3 0.306132
17330.3 0.0781258
17342.3 -0.0577133
17354.4 -0.147004
17366.4 -0.202305
17378.4 -0.228342
17390.4 -0.225741
17402.4 -0.19085
17414.4 -0.109612
17426.4 0.0709993
17438.4 0.172804
17450.5 0.238858
17462.5 0.286898
17474.5 0.323234
17486.5 0.351116
17498.5 0.372599
17510.5 0.38936
17522.5 0.403936
17534.5 0.418916
17546.5 0.419658
17558.6 0.411268
17570.6 0.394446
17582.6 0.368811
17594.6 0.333113
17606.6 0.284736
17618.6 0.21772
17630.6 0.10795
17642.6 -0.0221065
17654.7 -0.0899722
17666.7 -0.134865
17678.7 -0.16337
17690.7 -0.177766
17702.7 -0.178314
17714.7 -0.163341
17726.7 -0.127156
17738.7 -0.0354098
17750.8 0.0304022
17762.8 0.0661445
17774.8 0.0880326
17786.8 0.100394
17798.8 0.104999
17810.8 0.102419
17822.8 0.092185
17834.8 0.0716782
17846.8 0.0291064
17858.9 0.00189709
17870.9 -0.0177897
17882.9 -0.033944
17894.9 -0.0479148
17906.9 -0.060367
17918.9 -0.0716856
17930.9 -0.0821158
17942.9 -0.0918241
17955 -0.100929
17967 -0.109518
17979 -0.117658
17991 -0.125401
18003 -0.132788
18015 -0.139852
18027 -0.146621
18039 -0.153117
18051.1 -0.159362
18063.1 -0.16537
18075.1 -0.171156
18087.1 -0.176733
18099.1 -0.182111
18111.1 -0.1873
18123.1 -0.19231
18135.1 -0.197147
18147.1 -0.201818
18159.2 -0.206331
18171.2 -0.21069
18183.2 -0.214901
18195.2 -0.21897
18207.2 -0.2229
18219.2 -0.226695
18231.2 -0.230361
18243.2 -0.2339
18255.3 -0.237316
18267.3 -0.240612
18279.3 -0.243791
18291.3 -0.246857
18303.3 -0.249812
18315.3 -0.252659
18327.3 -0.2554
18339.3 -0.258037
18351.4 -0.260574
18363.4 -0.263012
18375.4 -0.265353
18387.4 -0.2676
18399.4 -0.269755
18411.4 -0.271819
18423.4 -0.273794
18435.4 -0.275682
18447.4 -0.277486
18459.5 -0.279206
18471.5 -0.280844
18483.5 -0.282402
18495.5 -0.283881
18507.5 -0.285283
18519.5 -0.28661
18531.5 -0.287863
18543.5 -0.289043
18555.6 -0.290151
18567.6 -0.29119
18579.6 -0.29216
18591.6 -0.293063
18603.6 -0.293899
18615.6 -0.294671
18627.6 -0.295379
18639.6 -0.296024
18651.7 -0.296608
18663.7 -0.297132
18675.7 -0.297597
18687.7 -0.298004
18699.7 -0.298354
18711.7 -0.298648
18723.7 -0.298888
18735.7 -0.299073
18747.7 -0.299206
18759.8 -0.299287
18771.8 -0.299317
18783.8 -0.299297
18795.8 -0.299228
18807.8 -0.299111
18819.8 -0.298947
18831.8 -0.298736
18843.8 -0.29848
18855.9 -0.29818
18867.9 -0.297836
18879.9 -0.297448
18891.9 -0.297019
18903.9 -0.296548
18915.9 -0.296037
18927.9 -0.295486
18939.9 -0.294896
18952 -0.294268
18964 -0.293602
18976 -0.292899
18988 -0.29216
19000 -0.291386
