7000 2.22628
7012.01 2.25038
7024.02 2.27408
7036.04 2.29727
7048.05 2.31982
7060.06 2.3416
7072.07 2.36243
7084.08 2.38216
7096.1 2.40057
7108.11 2.41745
7120.12 2.43256
7132.13 2.44563
7144.14 2.45636
7156.16 2.46443
7168.17 2.46948
7180.18 2.47114
7192.19 2.46897
7204.2 2.46254
7216.22 2.45137
7228.23 2.43494
7240.24 2.41273
7252.25 2.38418
7264.26 2.34872
7276.28 2.30577
7288.29 2.25476
7300.3 2.19513
7312.31 2.12636
7324.32 2.04795
7336.34 1.95952
7348.35 1.86073
7360.36 1.75137
7372.37 1.63138
7384.38 1.50083
7396.4 1.35999
7408.41 1.20931
7420.42 1.04946
7432.43 0.881321
7444.44 0.706031
7456.46 0.525019
7468.47 0.340332
7480.48 0.155103
7492.49 -0.0362594
7504.5 -0.230079
7516.52 -0.424291
7528.53 -0.617331
7540.54 -0.807974
7552.55 -0.995449
7564.56 -1.17989
7576.58 -1.365
7588.59 -1.55033
7600.6 -1.70829
7612.61 -1.84918
7624.62 -1.97446
7636.64 -2.08443
7648.65 -2.1788
7660.66 -2.25658
7672.67 -2.31502
7684.68 -2.33711
7696.7 -2.35671
7708.71 -2.39099
7720.72 -2.42786
7732.73 -2.46524
7744.74 -2.5029
7756.76 -2.54159
7768.77 -2.58316
7780.78 -2.63223
7792.79 -2.7103
7804.8 -2.76114
7816.82 -2.7915
7828.83 -2.8096
7840.84 -2.81802
7852.85 -2.81786
7864.86 -2.80933
7876.88 -2.79158
7888.89 -2.76077
7900.9 -2.70477
7912.91 -2.6709
7924.92 -2.64651
7936.94 -2.62787
7948.95 -2.61407
7960.96 -2.60522
7972.97 -2.60227
7984.98 -2.60765
7997 -2.62959
8009.01 -2.67289
8021.02 -2.68335
8033.03 -2.6818
8045.05 -2.6723
8057.06 -2.65645
8069.07 -2.6349
8081.08 -2.60777
8093.09 -2.57441
8105.11 -2.5307
8117.12 -2.48303
8129.13 -2.43979
8141.14 -2.39597
8153.15 -2.35026
8165.17 -2.30169
8177.18 -2.24911
8189.19 -2.19067
8201.2 -2.12235
8213.21 -2.02421
8225.23 -1.94556
8237.24 -1.88362
8249.25 -1.83005
8261.26 -1.78221
8273.27 -1.73864
8285.29 -1.6983
8297.3 -1.66005
8309.31 -1.62168
8321.32 -1.5765
8333.33 -1.54719
8345.35 -1.52834
8357.36 -1.51825
8369.37 -1.51697
8381.38 -1.52552
8393.39 -1.54613
8405.41 -1.58377
8417.42 -1.65416
8429.43 -1.77412
8441.44 -1.82469
8453.45 -1.84855
8465.47 -1.85427
8477.48 -1.84465
8489.49 -1.82008
8501.5 -1.77895
8513.51 -1.71595
8525.53 -1.60713
8537.54 -1.47814
8549.55 -1.40512
8561.56 -1.35085
8573.57 -1.30878
8585.59 -1.27623
8597.6 -1.25199
8609.61 -1.2359
8621.62 -1.22917
8633.63 -1.24143
8645.65 -1.24885
8657.66 -1.25056
8669.67 -1.25114
8681.68 -1.25195
8693.69 -1.25375
8705.71 -1.25718
8717.72 -1.26311
8729.73 -1.27334
8741.74 -1.29428
8753.75 -1.30636
8765.77 -1.31404
8777.78 -1.31947
8789.79 -1.32346
8801.8 -1.32642
8813.81 -1.3286
8825.83 -1.33018
8837.84 -1.33129
8849.85 -1.33201
8861.86 -1.33241
8873.87 -1.33256
8885.89 -1.3325
8897.9 -1.33227
8909.91 -1.33188
8921.92 -1.33138
8933.93 -1.33079
8945.95 -1.33011
8957.96 -1.32936
8969.97 -1.32857
8981.98 -1.32774
8993.99 -1.32687
9006.01 -1.32598
9018.02 -1.32508
9030.03 -1.32418
9042.04 -1.32326
9054.05 -1.32236
9066.07 -1.32145
9078.08 -1.32056
9090.09 -1.31969
9102.1 -1.31883
9114.11 -1.31799
9126.13 -1.31717
9138.14 -1.31637
9150.15 -1.3156
9162.16 -1.31486
9174.17 -1.31414
9186.19 -1.31345
9198.2 -1.31279
9210.21 -1.31216
9222.22 -1.31156
9234.23 -1.31099
9246.25 -1.31046
9258.26 -1.30995
9270.27 -1.30947
9282.28 -1.30903
9294.29 -1.30862
9306.31 -1.30824
9318.32 -1.30789
9330.33 -1.30757
9342.34 -1.30727
9354.35 -1.30701
9366.37 -1.30678
9378.38 -1.30658
9390.39 -1.3064
9402.4 -1.30625
9414.41 -1.30613
9426.43 -1.30603
9438.44 -1.30596
9450.45 -1.30592
9462.46 -1.30589
9474.47 -1.30589
9486.49 -1.30591
9498.5 -1.30596
9510.51 -1.30602
9522.52 -1.3061
9534.53 -1.3062
9546.55 -1.30631
9558.56 -1.30645
9570.57 -1.30659
9582.58 -1.30675
9594.59 -1.30693
9606.61 -1.30711
9618.62 -1.30731
9630.63 -1.30751
9642.64 -1.30773
9654.65 -1.30795
9666.67 -1.30817
9678.68 -1.3084
9690.69 -1.30863
9702.7 -1.30887
9714.71 -1.3091
9726.73 -1.30934
9738.74 -1.30957
9750.75 -1.30979
9762.76 -1.31002
9774.77 -1.31023
9786.79 -1.31044
9798.8 -1.31064
9810.81 -1.31082
9822.82 -1.311
9834.83 -1.31116
9846.85 -1.3113
9858.86 -1.31143
9870.87 -1.31154
9882.88 -1.31163
9894.89 -1.31169
9906.91 -1.31174
9918.92 -1.31175
9930.93 -1.31174
9942.94 -1.3117
9954.95 -1.31163
9966.97 -1.31153
9978.98 -1.3114
9990.99 -1.31122
10003 -1.31101
10015 -1.31076
10027 -1.31047
10039 -1.31014
10051.1 -1.30976
10063.1 -1.30933
10075.1 -1.30886
10087.1 -1.30833
10099.1 -1.30775
10111.1 -1.30712
10123.1 -1.30643
10135.1 -1.30568
10147.1 -1.30487
10159.2 -1.30399
10171.2 -1.30306
10183.2 -1.30205
10195.2 -1.30098
10207.2 -1.29984
10219.2 -1.29862
10231.2 -1.29733
10243.2 -1.29596
10255.3 -1.29452
10267.3 -1.29299
10279.3 -1.29139
10291.3 -1.2897
10303.3 -1.28792
10315.3 -1.28605
10327.3 -1.2841
10339.3 -1.28205
10351.4 -1.27992
10363.4 -1.27768
10375.4 -1.27536
10387.4 -1.27293
10399.4 -1.27041
10411.4 -1.26778
10423.4 -1.26506
10435.4 -1.26223
10447.4 -1.2593
10459.5 -1.25627
10471.5 -1.25313
10483.5 -1.24988
10495.5 -1.24654
10507.5 -1.24308
10519.5 -1.23953
10531.5 -1.23587
10543.5 -1.2321
10555.6 -1.22824
10567.6 -1.22427
10579.6 -1.22021
10591.6 -1.21606
10603.6 -1.21181
10615.6 -1.20748
10627.6 -1.20306
10639.6 -1.19857
10651.7 -1.19401
10663.7 -1.18939
10675.7 -1.18471
10687.7 -1.18
10699.7 -1.17526
10711.7 -1.17051
10723.7 -1.16577
10735.7 -1.16105
10747.7 -1.1564
10759.8 -1.15183
10771.8 -1.1474
10783.8 -1.14314
10795.8 -1.13912
10807.8 -1.13541
10819.8 -1.13214
10831.8 -1.12942
10843.8 -1.12747
10855.9 -1.12658
10867.9 -1.12728
10879.9 -1.13059
10891.9 -1.13982
10903.9 -1.15639
10915.9 -1.15984
10927.9 -1.1582
10939.9 -1.15299
10952 -1.14481
10964 -1.13385
10976 -1.12007
10988 -1.10294
11000 -1.07937
11012 -1.05468
11024 -1.03424
11036 -1.0149
11048 -0.996084
11060.1 -0.977619
11072.1 -0.959512
11084.1 -0.94198
11096.1 -0.925714
11108.1 -0.914603
11120.1 -0.898531
11132.1 -0.878078
11144.1 -0.854734
11156.2 -0.828822
11168.2 -0.800334
11180.2 -0.769002
11192.2 -0.734148
11204.2 -0.69382
11216.2 -0.641706
11228.2 -0.599768
11240.2 -0.562266
11252.3 -0.527116
11264.3 -0.493593
11276.3 -0.461374
11288.3 -0.430348
11300.3 -0.400613
11312.3 -0.372799
11324.3 -0.347543
11336.3 -0.319736
11348.3 -0.291289
11360.4 -0.262659
11372.4 -0.234115
11384.4 -0.205924
11396.4 -0.178457
11408.4 -0.152424
11420.4 -0.130561
11432.4 -0.109927
11444.4 -0.0827618
11456.5 -0.0530698
11468.5 -0.0216496
11480.5 0.0110744
11492.5 0.0447733
11504.5 0.0790775
11516.5 0.113328
11528.5 0.144373
11540.5 0.17962
11552.6 0.219091
11564.6 0.261418
11576.6 0.306243
11588.6 0.353451
11600.6 0.403064
11612.6 0.455254
11624.6 0.510524
11636.6 0.570714
11648.6 0.63031
11660.7 0.690761
11672.7 0.752884
11684.7 0.817215
11696.7 0.88436
11708.7 0.955212
11720.7 1.03144
11732.7 1.11785
11744.7 1.2212
11756.8 1.30326
11768.8 1.37741
11780.8 1.44669
11792.8 1.51227
11804.8 1.57471
11816.8 1.63414
11828.8 1.69027
11840.8 1.74094
11852.9 1.78803
11864.9 1.84083
11876.9 1.89529
11888.9 1.95084
11900.9 2.00738
11912.9 2.06508
11924.9 2.12446
11936.9 2.18686
11948.9 2.26016
11961 2.32643
11973 2.38337
11985 2.43488
11997 2.48176
12009 2.52401
12021 2.56112
12033 2.59171
12045 2.612
12057.1 2.60612
12069.1 2.62155
12081.1 2.64897
12093.1 2.68302
12105.1 2.72196
12117.1 2.76507
12129.1 2.81219
12141.1 2.86368
12153.2 2.92138
12165.2 2.98915
12177.2 3.04858
12189.2 3.10565
12201.2 3.16192
12213.2 3.21815
12225.2 3.2749
12237.2 3.33282
12249.2 3.39307
12261.3 3.45935
12273.3 3.53089
12285.3 3.58971
12297.3 3.64345
12309.3 3.69341
12321.3 3.73999
12333.3 3.78317
12345.3 3.82248
12357.4 3.85649
12369.4 3.87649
12381.4 3.90092
12393.4 3.93492
12405.4 3.97326
12417.4 4.01477
12429.4 4.05912
12441.4 4.10639
12453.5 4.15717
12465.5 4.21321
12477.5 4.28277
12489.5 4.3429
12501.5 4.39719
12513.5 4.44875
12525.5 4.49877
12537.5 4.54803
12549.5 4.59735
12561.6 4.64794
12573.6 4.70278
12585.6 4.76892
12597.6 4.81787
12609.6 4.85817
12621.6 4.89213
12633.6 4.92041
12645.6 4.943
12657.7 4.95932
12669.7 4.9677
12681.7 4.96206
12693.7 4.9412
12705.7 4.94113
12717.7 4.9474
12729.7 4.95737
12741.7 4.97001
12753.8 4.98495
12765.8 5.00226
12777.8 5.02276
12789.8 5.05193
12801.8 5.07924
12813.8 5.09807
12825.8 5.11287
12837.8 5.1245
12849.8 5.13323
12861.9 5.13905
12873.9 5.14167
12885.9 5.14031
12897.9 5.13112
12909.9 5.12378
12921.9 5.11702
12933.9 5.10907
12945.9 5.09902
12958 5.08592
12970 5.06846
12982 5.04429
12994 5.00724
13006 4.93926
13018 4.9057
13030 4.88873
13042 4.88254
13054.1 4.88535
13066.1 4.89678
13078.1 4.9175
13090.1 4.94993
13102.1 5.00276
13114.1 5.08237
13126.1 5.12733
13138.1 5.16076
13150.2 5.18728
13162.2 5.20872
13174.2 5.22596
13186.2 5.23935
13198.2 5.24871
13210.2 5.2517
13222.2 5.25213
13234.2 5.25594
13246.2 5.25999
13258.3 5.2637
13270.3 5.26676
13282.3 5.26891
13294.3 5.26983
13306.3 5.26882
13318.3 5.26245
13330.3 5.25915
13342.3 5.25863
13354.4 5.25947
13366.4 5.26128
13378.4 5.26392
13390.4 5.26742
13402.4 5.27194
13414.4 5.27811
13426.4 5.28815
13438.4 5.29462
13450.5 5.29936
13462.5 5.30312
13474.5 5.30622
13486.5 5.30885
13498.5 5.31121
13510.5 5.31359
13522.5 5.31682
13534.5 5.32184
13546.5 5.32239
13558.6 5.32065
13570.6 5.317
13582.6 5.3115
13594.6 5.30402
13606.6 5.29423
13618.6 5.2813
13630.6 5.262
13642.6 5.23928
13654.7 5.22406
13666.7 5.21103
13678.7 5.19916
13690.7 5.18795
13702.7 5.17704
13714.7 5.16605
13726.7 5.15435
13738.7 5.13905
13750.8 5.12674
13762.8 5.11773
13774.8 5.11072
13786.8 5.10539
13798.8 5.1017
13810.8 5.09982
13822.8 5.10016
13834.8 5.10402
13846.8 5.11651
13858.9 5.1217
13870.9 5.12294
13882.9 5.12193
13894.9 5.11917
13906.9 5.11481
13918.9 5.10877
13930.9 5.1006
13942.9 5.0887
13955 5.0702
13967 5.06021
13979 5.05385
13991 5.05013
14003 5.04887
14015 5.05027
14027 5.05497
14039 5.06454
14051.1 5.08504
14063.1 5.11329
14075.1 5.1229
14087.1 5.1255
14099.1 5.12307
14111.1 5.11626
14123.1 5.10516
14135.1 5.08933
14147.1 5.06722
14159.2 5.0294
14171.2 4.99662
14183.2 4.97283
14195.2 4.95279
14207.2 4.9352
14219.2 4.91961
14231.2 4.90596
14243.2 4.89463
14255.3 4.88712
14267.3 4.89077
14279.3 4.88363
14291.3 4.86916
14303.3 4.84963
14315.3 4.8254
14327.3 4.79608
14339.3 4.76058
14351.4 4.71644
14363.4 4.65639
14375.4 4.5644
14387.4 4.51025
14399.4 4.47226
14411.4 4.44477
14423.4 4.4259
14435.4 4.41512
14447.4 4.41288
14459.5 4.42111
14471.5 4.4477
14483.5 4.49241
14495.5 4.51167
14507.5 4.52352
14519.5 4.53137
14531.5 4.53673
14543.5 4.54053
14555.6 4.54356
14567.6 4.54679
14579.6 4.55422
14591.6 4.55847
14603.6 4.55668
14615.6 4.55142
14627.6 4.54324
14639.6 4.53222
14651.7 4.51821
14663.7 4.50062
14675.7 4.4778
14687.7 4.4417
14699.7 4.4143
14711.7 4.39277
14723.7 4.3741
14735.7 4.35736
14747.7 4.34212
14759.8 4.32815
14771.8 4.31539
14783.8 4.30402
14795.8 4.29474
14807.8 4.28463
14819.8 4.27451
14831.8 4.26467
14843.8 4.25528
14855.9 4.24652
14867.9 4.23867
14879.9 4.23231
14891.9 4.22942
14903.9 4.23079
14915.9 4.22363
14927.9 4.21275
14939.9 4.19886
14952 4.18195
14964 4.1616
14976 4.13674
14988 4.10484
15000 4.05305
15012 4.0026
15024 3.97479
15036 3.95694
15048 3.94674
15060.1 3.94349
15072.1 3.94736
15084.1 3.95943
15096.1 3.98286
15108.1 4.03463
15120.1 4.07167
15132.1 4.09701
15144.1 4.11773
15156.2 4.13627
15168.2 4.15412
15180.2 4.17266
15192.2 4.19376
15204.2 4.22165
15216.2 4.26919
15228.2 4.29236
15240.2 4.30268
15252.3 4.30419
15264.3 4.29806
15276.3 4.28441
15288.3 4.26249
15300.3 4.22999
15312.3 4.17898
15324.3 4.10183
15336.3 4.05808
15348.3 4.02601
15360.4 4.00124
15372.4 3.98216
15384.4 3.96824
15396.4 3.95961
15408.4 3.95753
15420.4 3.9683
15432.4 3.98447
15444.4 3.98685
15456.5 3.98504
15468.5 3.98079
15480.5 3.97491
15492.5 3.96792
15504.5 3.96025
15516.5 3.9525
15528.5 3.94713
15540.5 3.93849
15552.6 3.92656
15564.6 3.91235
15576.6 3.89603
15588.6 3.87752
15600.6 3.85644
15612.6 3.83194
15624.6 3.80157
15636.6 3.75588
15648.6 3.72555
15660.7 3.70384
15672.7 3.68791
15684.7 3.67718
15696.7 3.67194
15708.7 3.6733
15720.7 3.68396
15732.7 3.71249
15744.7 3.77107
15756.8 3.78892
15768.8 3.79046
15780.8 3.781
15792.8 3.76236
15804.8 3.73504
15816.8 3.69854
15828.8 3.65079
15840.8 3.5827
15852.9 3.50096
15864.9 3.44125
15876.9 3.38693
15888.9 3.33477
15900.9 3.28308
15912.9 3.23046
15924.9 3.17526
15936.9 3.11437
15948.9 3.03207
15961 2.96295
15973 2.91114
15985 2.86867
15997 2.83356
16009 2.80513
16021 2.78346
16033 2.76942
16045 2.76585
16057.1 2.78504
16069.1 2.79044
16081.1 2.78948
16093.1 2.78668
16105.1 2.78394
16117.1 2.7827
16129.1 2.78464
16141.1 2.79249
16153.2 2.81349
16165.2 2.86154
16177.2 2.87271
16189.2 2.86767
16201.2 2.85158
16213.2 2.82616
16225.2 2.79195
16237.2 2.74856
16249.2 2.69426
16261.3 2.62193
16273.3 2.5332
16285.3 2.46359
16297.3 2.39759
16309.3 2.33202
16321.3 2.26501
16333.3 2.19486
16345.3 2.11926
16357.4 2.03365
16369.4 1.91414
16381.4 1.80984
16393.4 1.73422
16405.4 1.67298
16417.4 1.62281
16429.4 1.58265
16441.4 1.55268
16453.5 1.53448
16465.5 1.53308
16477.5 1.57293
16489.5 1.58527
16501.5 1.58049
16513.5 1.56748
16525.5 1.54917
16537.5 1.52705
16549.5 1.5021
16561.6 1.47515
16573.6 1.44748
16585.6 1.42168
16597.6 1.38804
16609.6 1.34949
16621.6 1.30679
16633.6 1.26001
16645.6 1.20893
16657.7 1.1529
16669.7 1.09051
16681.7 1.01698
16693.7 0.931205
16705.7 0.860343
16717.7 0.793139
16729.7 0.727204
16741.7 0.661246
16753.8 0.594188
16765.8 0.524743
16777.8 0.45065
16789.8 0.361466
16801.8 0.275414
16813.8 0.203773
16825.8 0.138093
16837.8 0.0762619
16849.8 0.0170998
16861.9 -0.0403445
16873.9 -0.0971895
16885.9 -0.155567
16897.9 -0.22518
16909.9 -0.280597
16921.9 -0.324321
16933.9 -0.359722
16945.9 -0.387391
16958 -0.406927
16970 -0.416952
16982 -0.414253
16994 -0.389551
17006 -0.314824
17018 -0.292988
17030 -0.296344
17042 -0.316115
17054.1 -0.349927
17066.1 -0.397805
17078.1 -0.46187
17090.1 -0.54799
17102.1 -0.67661
17114.1 -0.862542
17126.1 -0.961949
17138.1 -1.0285
17150.2 -1.07237
17162.2 -1.09681
17174.2 -1.10217
17186.2 -1.08619
17198.2 -1.04162
17210.2 -0.932455
17222.2 -0.810657
17234.2 -0.759636
17246.2 -0.734803
17258.3 -0.728574
17270.3 -0.738593
17282.3 -0.765194
17294.3 -0.811647
17306.3 -0.888022
17318.3 -1.0516
17330.3 -1.15827
17342.3 -1.21215
17354.4 -1.23692
17366.4 -1.23858
17378.4 -1.21869
17390.4 -1.17609
17402.4 -1.10617
17414.4 -0.994736
17426.4 -0.790868
17438.4 -0.662888
17450.5 -0.569459
17462.5 -0.493235
17474.5 -0.427627
17486.5 -0.368764
17498.5 -0.313499
17510.5 -0.257986
17522.5 -0.193144
17534.5 -0.108691
17546.5 -0.0696863
17558.6 -0.0532203
17570.6 -0.0550528
17582.6 -0.0746379
17594.6 -0.113521
17606.6 -0.175924
17618.6 -0.272155
17630.6 -0.44502
17642.6 -0.654076
17654.7 -0.751587
17666.7 -0.807312
17678.7 -0.832579
17690.7 -0.830854
17702.7 -0.801672
17714.7 -0.740396
17726.7 -0.63312
17738.7 -0.398245
17750.8 -0.228557
17762.8 -0.133791
17774.8 -0.0756029
17786.8 -0.0439129
17798.8 -0.0348721
17810.8 -0.0477586
17822.8 -0.0849423
17834.8 -0.155871
17846.8 -0.301159
17858.9 -0.39329
17870.9 -0.459221
17882.9 -0.512717
17894.9 -0.558496
17906.9 -0.598915
17918.9 -0.635359
17930.9 -0.668718
17942.9 -0.699608
17955 -0.728469
17967 -0.755629
17979 -0.781339
17991 -0.805798
18003 -0.829162
18015 -0.851558
18027 -0.873093
18039 -0.893852
18051.1 -0.91391
18063.1 -0.933328
18075.1 -0.952161
18087.1 -0.970454
18099.1 -0.988248
18111.1 -1.00558
18123.1 -1.02247
18135.1 -1.03896
18147.1 -1.05507
18159.2 -1.07082
18171.2 -1.08622
18183.2 -1.1013
18195.2 -1.11608
18207.2 -1.13056
18219.2 -1.14476
18231.2 -1.15869
18243.2 -1.17236
18255.3 -1.18578
18267.3 -1.19897
18279.3 -1.21193
18291.3 -1.22466
18303.3 -1.23718
18315.3 -1.24949
18327.3 -1.2616
18339.3 -1.27351
18351.4 -1.28523
18363.4 -1.29676
18375.4 -1.30812
18387.4 -1.3193
18399.4 -1.3303
18411.4 -1.34114
18423.4 -1.35182
18435.4 -1.36233
18447.4 -1.37269
18459.5 -1.38289
18471.5 -1.39295
18483.5 -1.40286
18495.5 -1.41262
18507.5 -1.42224
18519.5 -1.43172
18531.5 -1.44106
18543.5 -1.45027
18555.6 -1.45935
18567.6 -1.4683
18579.6 -1.47712
18591.6 -1.48581
18603.6 -1.49439
18615.6 -1.50283
18627.6 -1.51116
18639.6 -1.51937
18651.7 -1.52747
18663.7 -1.53545
18675.7 -1.54332
18687.7 -1.55107
18699.7 -1.55872
18711.7 -1.56626
18723.7 -1.57369
18735.7 -1.58101
18747.7 -1.58823
18759.8 -1.59535
18771.8 -1.60236
18783.8 -1.60928
18795.8 -1.6161
18807.8 -1.62282
18819.8 -1.62944
18831.8 -1.63597
18843.8 -1.6424
18855.9 -1.64874
18867.9 -1.65499
18879.9 -1.66115
18891.9 -1.66722
18903.9 -1.6732
18915.9 -1.67909
18927.9 -1.6849
18939.9 -1.69062
18952 -1.69625
18964 -1.7018
18976 -1.70727
18988 -1.71266
19000 -1.71797
