7000 -0.357546
7012.01 -0.450519
7024.02 -0.542635
7036.04 -0.633743
7048.05 -0.723696
7060.06 -0.812358
7072.07 -0.899596
7084.08 -0.985289
7096.1 -1.06932
7108.11 -1.15159
7120.12 -1.232
7132.13 -1.31046
7144.14 -1.3869
7156.16 -1.46125
7168.17 -1.53345
7180.18 -1.60345
7192.19 -1.67121
7204.2 -1.7367
7216.22 -1.79989
7228.23 -1.86078
7240.24 -1.91934
7252.25 -1.97557
7264.26 -2.02949
7276.28 -2.08109
7288.29 -2.1304
7300.3 -2.17742
7312.31 -2.22217
7324.32 -2.26469
7336.34 -2.30498
7348.35 -2.34308
7360.36 -2.37899
7372.37 -2.41273
7384.38 -2.44429
7396.4 -2.47366
7408.41 -2.50079
7420.42 -2.5256
7432.43 -2.54788
7444.44 -2.56731
7456.46 -2.58311
7468.47 -2.59299
7480.48 -2.59146
7492.49 -2.60204
7504.5 -2.61779
7516.52 -2.63701
7528.53 -2.65935
7540.54 -2.68503
7552.55 -2.7148
7564.56 -2.75046
7576.58 -2.7982
7588.59 -2.85876
7600.6 -2.8982
7612.61 -2.93066
7624.62 -2.95901
7636.64 -2.98471
7648.65 -3.00885
7660.66 -3.03267
7672.67 -3.05819
7684.68 -3.09517
7696.7 -3.12555
7708.71 -3.14036
7720.72 -3.1465
7732.73 -3.14535
7744.74 -3.13721
7756.76 -3.12166
7768.77 -3.09734
7780.78 -3.06043
7792.79 -2.99165
7804.8 -2.94275
7816.82 -2.90786
7828.83 -2.8798
7840.84 -2.85641
7852.85 -2.83682
7864.86 -2.82084
7876.88 -2.80889
7888.89 -2.803
7900.9 -2.80952
7912.91 -2.80415
7924.92 -2.79356
7936.94 -2.77986
7948.95 -2.76374
7960.96 -2.74548
7972.97 -2.72512
7984.98 -2.70242
7997 -2.67632
8009.01 -2.64618
8021.02 -2.61948
8033.03 -2.59335
8045.05 -2.56722
8057.06 -2.54083
8069.07 -2.51406
8081.08 -2.48683
8093.09 -2.45917
8105.11 -2.43166
8117.12 -2.40308
8129.13 -2.37179
8141.14 -2.33837
8153.15 -2.30265
8165.17 -2.26423
8177.18 -2.22242
8189.19 -2.17593
8201.2 -2.12178
8213.21 -2.04486
8225.23 -1.98277
8237.24 -1.93348
8249.25 -1.89073
8261.26 -1.85263
8273.27 -1.81828
8285.29 -1.78722
8297.3 -1.75926
8309.31 -1.73465
8321.32 -1.71474
8333.33 -1.69434
8345.35 -1.67472
8357.36 -1.6564
8369.37 -1.63963
8381.38 -1.62471
8393.39 -1.61203
8405.41 -1.60239
8417.42 -1.59825
8429.43 -1.60223
8441.44 -1.59586
8453.45 -1.58576
8465.47 -1.57323
8477.48 -1.55865
8489.49 -1.54202
8501.5 -1.5229
8513.51 -1.50012
8525.53 -1.46829
8537.54 -1.43325
8549.55 -1.41221
8561.56 -1.39694
8573.57 -1.38615
8585.59 -1.37951
8597.6 -1.37723
8609.61 -1.38006
8621.62 -1.39014
8633.63 -1.41946
8645.65 -1.43966
8657.66 -1.44987
8669.67 -1.45567
8681.68 -1.45862
8693.69 -1.45949
8705.71 -1.45866
8717.72 -1.45633
8729.73 -1.45242
8741.74 -1.44608
8753.75 -1.44058
8765.77 -1.43529
8777.78 -1.42994
8789.79 -1.42446
8801.8 -1.41884
8813.81 -1.41309
8825.83 -1.40719
8837.84 -1.40118
8849.85 -1.39505
8861.86 -1.38882
8873.87 -1.38249
8885.89 -1.37608
8897.9 -1.3696
8909.91 -1.36305
8921.92 -1.35645
8933.93 -1.34979
8945.95 -1.34309
8957.96 -1.33635
8969.97 -1.32957
8981.98 -1.32277
8993.99 -1.31594
9006.01 -1.30909
9018.02 -1.30222
9030.03 -1.29534
9042.04 -1.28846
9054.05 -1.28156
9066.07 -1.27467
9078.08 -1.26777
9090.09 -1.26087
9102.1 -1.25398
9114.11 -1.24709
9126.13 -1.24021
9138.14 -1.23334
9150.15 -1.22649
9162.16 -1.21964
9174.17 -1.21281
9186.19 -1.206
9198.2 -1.1992
9210.21 -1.19243
9222.22 -1.18567
9234.23 -1.17893
9246.25 -1.17222
9258.26 -1.16553
9270.27 -1.15886
9282.28 -1.15222
9294.29 -1.1456
9306.31 -1.13901
9318.32 -1.13245
9330.33 -1.12592
9342.34 -1.11941
9354.35 -1.11293
9366.37 -1.10649
9378.38 -1.10007
9390.39 -1.09369
9402.4 -1.08734
9414.41 -1.08102
9426.43 -1.07474
9438.44 -1.06849
9450.45 -1.06227
9462.46 -1.05609
9474.47 -1.04994
9486.49 -1.04383
9498.5 -1.03776
9510.51 -1.03172
9522.52 -1.02572
9534.53 -1.01976
9546.55 -1.01383
9558.56 -1.00795
9570.57 -1.0021
9582.58 -0.9963
9594.59 -0.990535
9606.61 -0.984811
9618.62 -0.979128
9630.63 -0.973487
9642.64 -0.967889
9654.65 -0.962334
9666.67 -0.956821
9678.68 -0.951353
9690.69 -0.94593
9702.7 -0.940551
9714.71 -0.935218
9726.73 -0.929931
9738.74 -0.924691
9750.75 -0.919498
9762.76 -0.914354
9774.77 -0.909258
9786.79 -0.904211
9798.8 -0.899214
9810.81 -0.894267
9822.82 -0.889372
9834.83 -0.884529
9846.85 -0.879739
9858.86 -0.875002
9870.87 -0.870319
9882.88 -0.865692
9894.89 -0.86112
9906.91 -0.856606
9918.92 -0.852148
9930.93 -0.84775
9942.94 -0.843411
9954.95 -0.839132
9966.97 -0.834915
9978.98 -0.830761
9990.99 -0.82667
10003 -0.822644
10015 -0.818684
10027 -0.814791
10039 -0.810966
10051.1 -0.807211
10063.1 -0.803527
10075.1 -0.799916
10087.1 -0.796378
10099.1 -0.792915
10111.1 -0.78953
10123.1 -0.786223
10135.1 -0.782996
10147.1 -0.779851
10159.2 -0.77679
10171.2 -0.773814
10183.2 -0.770926
10195.2 -0.768128
10207.2 -0.765421
10219.2 -0.762809
10231.2 -0.760293
10243.2 -0.757876
10255.3 -0.755561
10267.3 -0.753349
10279.3 -0.751245
10291.3 -0.749251
10303.3 -0.747369
10315.3 -0.745604
10327.3 -0.743959
10339.3 -0.742437
10351.4 -0.741043
10363.4 -0.739779
10375.4 -0.738651
10387.4 -0.737662
10399.4 -0.736819
10411.4 -0.736124
10423.4 -0.735585
10435.4 -0.735206
10447.4 -0.734994
10459.5 -0.734954
10471.5 -0.735094
10483.5 -0.735422
10495.5 -0.735943
10507.5 -0.736668
10519.5 -0.737605
10531.5 -0.738764
10543.5 -0.740155
10555.6 -0.741789
10567.6 -0.743678
10579.6 -0.745837
10591.6 -0.748279
10603.6 -0.75102
10615.6 -0.754078
10627.6 -0.757472
10639.6 -0.761223
10651.7 -0.765354
10663.7 -0.769892
10675.7 -0.774867
10687.7 -0.780312
10699.7 -0.786264
10711.7 -0.792768
10723.7 -0.799873
10735.7 -0.807636
10747.7 -0.816128
10759.8 -0.825428
10771.8 -0.835634
10783.8 -0.846867
10795.8 -0.859276
10807.8 -0.873051
10819.8 -0.888443
10831.8 -0.905792
10843.8 -0.925584
10855.9 -0.94856
10867.9 -0.975972
10879.9 -1.01035
10891.9 -1.05991
10903.9 -1.12815
10915.9 -1.16396
10927.9 -1.18727
10939.9 -1.20176
10952 -1.20868
10964 -1.20824
10976 -1.19975
10988 -1.18078
11000 -1.13803
11012 -1.09375
11024 -1.07024
11036 -1.05417
11048 -1.04296
11060.1 -1.03561
11072.1 -1.03186
11084.1 -1.03199
11096.1 -1.03747
11108.1 -1.05685
11120.1 -1.0678
11132.1 -1.07171
11144.1 -1.07201
11156.2 -1.06967
11168.2 -1.0651
11180.2 -1.0584
11192.2 -1.04944
11204.2 -1.03751
11216.2 -1.02018
11228.2 -1.00604
11240.2 -0.992825
11252.3 -0.979647
11264.3 -0.966107
11276.3 -0.95188
11288.3 -0.936562
11300.3 -0.919433
11312.3 -0.89832
11324.3 -0.871182
11336.3 -0.85399
11348.3 -0.841048
11360.4 -0.831366
11372.4 -0.824812
11384.4 -0.821732
11396.4 -0.823059
11408.4 -0.831073
11420.4 -0.855574
11432.4 -0.885409
11444.4 -0.891611
11456.5 -0.888587
11468.5 -0.878805
11480.5 -0.863173
11492.5 -0.841913
11504.5 -0.814678
11516.5 -0.780079
11528.5 -0.729989
11540.5 -0.683856
11552.6 -0.641583
11564.6 -0.59925
11576.6 -0.555376
11588.6 -0.508797
11600.6 -0.458147
11612.6 -0.401223
11624.6 -0.332772
11636.6 -0.23391
11648.6 -0.164067
11660.7 -0.109537
11672.7 -0.0641053
11684.7 -0.0257246
11696.7 0.00638119
11708.7 0.0321909
11720.7 0.0506428
11732.7 0.0573599
11744.7 0.0459188
11756.8 0.0553772
11768.8 0.072582
11780.8 0.0948596
11792.8 0.121508
11804.8 0.152655
11816.8 0.18922
11828.8 0.233658
11840.8 0.295947
11852.9 0.36878
11864.9 0.413148
11876.9 0.446906
11888.9 0.47311
11900.9 0.492917
11912.9 0.506687
11924.9 0.514159
11936.9 0.514013
11948.9 0.497844
11961 0.484606
11973 0.476484
11985 0.468896
11997 0.460345
12009 0.449786
12021 0.436099
12033 0.417597
12045 0.390475
12057.1 0.339771
12069.1 0.309306
12081.1 0.290244
12093.1 0.27739
12105.1 0.268889
12117.1 0.263735
12129.1 0.261242
12141.1 0.260793
12153.2 0.261382
12165.2 0.261343
12177.2 0.267745
12189.2 0.278297
12201.2 0.29251
12213.2 0.310356
12225.2 0.332082
12237.2 0.358286
12249.2 0.39034
12261.3 0.433158
12273.3 0.485686
12285.3 0.523934
12297.3 0.558255
12309.3 0.590616
12321.3 0.62193
12333.3 0.652765
12345.3 0.683567
12357.4 0.71481
12369.4 0.747821
12381.4 0.780557
12393.4 0.81262
12405.4 0.844917
12417.4 0.877901
12429.4 0.912023
12441.4 0.947871
12453.5 0.986394
12465.5 1.02972
12477.5 1.08704
12489.5 1.13332
12501.5 1.17254
12513.5 1.20814
12525.5 1.24138
12537.5 1.27302
12549.5 1.30374
12561.6 1.33434
12573.6 1.36658
12585.6 1.40434
12597.6 1.43246
12609.6 1.45565
12621.6 1.47527
12633.6 1.49184
12645.6 1.50561
12657.7 1.51663
12669.7 1.52477
12681.7 1.52923
12693.7 1.52989
12705.7 1.53186
12717.7 1.5331
12729.7 1.53325
12741.7 1.53215
12753.8 1.52974
12765.8 1.52604
12777.8 1.52124
12789.8 1.51693
12801.8 1.50976
12813.8 1.49755
12825.8 1.48138
12837.8 1.46115
12849.8 1.43642
12861.9 1.40636
12873.9 1.36942
12885.9 1.32201
12897.9 1.24705
12909.9 1.18865
12921.9 1.14182
12933.9 1.09972
12945.9 1.05981
12958 1.02041
12970 0.979836
12982 0.935686
12994 0.882318
13006 0.803716
13018 0.757097
13030 0.726744
13042 0.707515
13054.1 0.697829
13066.1 0.69738
13078.1 0.706875
13090.1 0.728672
13102.1 0.771275
13114.1 0.840907
13126.1 0.877679
13138.1 0.904142
13150.2 0.924818
13162.2 0.941517
13174.2 0.955118
13186.2 0.96599
13198.2 0.973974
13210.2 0.976733
13222.2 0.97822
13234.2 0.984628
13246.2 0.992884
13258.3 1.00258
13270.3 1.01369
13282.3 1.02639
13294.3 1.04112
13306.3 1.059
13318.3 1.08566
13330.3 1.10737
13342.3 1.12468
13354.4 1.14009
13366.4 1.15444
13378.4 1.16829
13390.4 1.18214
13402.4 1.1967
13414.4 1.21349
13426.4 1.23754
13438.4 1.25262
13450.5 1.26273
13462.5 1.26952
13474.5 1.27355
13486.5 1.27504
13498.5 1.27402
13510.5 1.27027
13522.5 1.26287
13534.5 1.25071
13546.5 1.24123
13558.6 1.23173
13570.6 1.22158
13582.6 1.21045
13594.6 1.1981
13606.6 1.18428
13618.6 1.1686
13630.6 1.14999
13642.6 1.12912
13654.7 1.10887
13666.7 1.08748
13678.7 1.06433
13690.7 1.03879
13702.7 1.01004
13714.7 0.976677
13726.7 0.935668
13738.7 0.871008
13750.8 0.819608
13762.8 0.783145
13774.8 0.754032
13786.8 0.730109
13798.8 0.710369
13810.8 0.6943
13822.8 0.681723
13834.8 0.672945
13846.8 0.670031
13858.9 0.665955
13870.9 0.662128
13882.9 0.659283
13894.9 0.657704
13906.9 0.657605
13918.9 0.659241
13930.9 0.663045
13942.9 0.670186
13955 0.682646
13967 0.690822
13979 0.698036
13991 0.705186
14003 0.71274
14015 0.7211
14027 0.730763
14039 0.742618
14051.1 0.759683
14063.1 0.780503
14075.1 0.792386
14087.1 0.801018
14099.1 0.807409
14111.1 0.811959
14123.1 0.814814
14135.1 0.815925
14147.1 0.814916
14159.2 0.809207
14171.2 0.804547
14183.2 0.802031
14195.2 0.800193
14207.2 0.798645
14219.2 0.797199
14231.2 0.79573
14243.2 0.794136
14255.3 0.79229
14267.3 0.789865
14279.3 0.787575
14291.3 0.785221
14303.3 0.782626
14315.3 0.779655
14327.3 0.776141
14339.3 0.771835
14351.4 0.76628
14363.4 0.75823
14375.4 0.74499
14387.4 0.738114
14399.4 0.733968
14411.4 0.731576
14423.4 0.730581
14435.4 0.73083
14447.4 0.732299
14459.5 0.735124
14471.5 0.740003
14483.5 0.746888
14495.5 0.751699
14507.5 0.756096
14519.5 0.760377
14531.5 0.764659
14543.5 0.768999
14555.6 0.773416
14567.6 0.777877
14579.6 0.782002
14591.6 0.786685
14603.6 0.79232
14615.6 0.79871
14627.6 0.80592
14639.6 0.814127
14651.7 0.823669
14663.7 0.835223
14675.7 0.850527
14687.7 0.878126
14699.7 0.894419
14711.7 0.90222
14723.7 0.904403
14735.7 0.901488
14747.7 0.89318
14759.8 0.878418
14771.8 0.854746
14783.8 0.815066
14795.8 0.739741
14807.8 0.703825
14819.8 0.686004
14831.8 0.67982
14843.8 0.683205
14855.9 0.695593
14867.9 0.717495
14879.9 0.751035
14891.9 0.804336
14903.9 0.88085
14915.9 0.928265
14927.9 0.967118
14939.9 1.00148
14952 1.03314
14964 1.0632
14976 1.09258
14988 1.12241
15000 1.15665
15012 1.18947
15024 1.21493
15036 1.23681
15048 1.25586
15060.1 1.27237
15072.1 1.28636
15084.1 1.29757
15096.1 1.30512
15108.1 1.30399
15120.1 1.30712
15132.1 1.31366
15144.1 1.32155
15156.2 1.33017
15168.2 1.33916
15180.2 1.34825
15192.2 1.35715
15204.2 1.36519
15216.2 1.37039
15228.2 1.37964
15240.2 1.39121
15252.3 1.40453
15264.3 1.41955
15276.3 1.43642
15288.3 1.45556
15300.3 1.47793
15312.3 1.50667
15324.3 1.54475
15336.3 1.56906
15348.3 1.58799
15360.4 1.60319
15372.4 1.61513
15384.4 1.62381
15396.4 1.62871
15408.4 1.62837
15420.4 1.61605
15432.4 1.5996
15444.4 1.59931
15456.5 1.60521
15468.5 1.61569
15480.5 1.63027
15492.5 1.64903
15504.5 1.6726
15516.5 1.7029
15528.5 1.75054
15540.5 1.79004
15552.6 1.8214
15564.6 1.84951
15576.6 1.87595
15588.6 1.90166
15600.6 1.92749
15612.6 1.95452
15624.6 1.98503
15636.6 2.02685
15648.6 2.05568
15660.7 2.07722
15672.7 2.09404
15684.7 2.10704
15696.7 2.11658
15708.7 2.1227
15720.7 2.12508
15732.7 2.12226
15744.7 2.11206
15756.8 2.10749
15768.8 2.10407
15780.8 2.10077
15792.8 2.09713
15804.8 2.09284
15816.8 2.08755
15828.8 2.08067
15840.8 2.07005
15852.9 2.0573
15864.9 2.05088
15876.9 2.04709
15888.9 2.04546
15900.9 2.04606
15912.9 2.04934
15924.9 2.05631
15936.9 2.06948
15948.9 2.10311
15961 2.12507
15973 2.13137
15985 2.12921
15997 2.12026
16009 2.10491
16021 2.08275
16033 2.05227
16045 2.00892
16057.1 1.93306
16069.1 1.8842
16081.1 1.85092
16093.1 1.82677
16105.1 1.80995
16117.1 1.80008
16129.1 1.79773
16141.1 1.80488
16153.2 1.82784
16165.2 1.87921
16177.2 1.90108
16189.2 1.91258
16201.2 1.91899
16213.2 1.92291
16225.2 1.92648
16237.2 1.93236
16249.2 1.94541
16261.3 1.98217
16273.3 2.0386
16285.3 2.03257
16297.3 1.99803
16309.3 1.93988
16321.3 1.85853
16333.3 1.75161
16345.3 1.613
16357.4 1.4274
16369.4 1.10731
16381.4 0.835375
16393.4 0.661945
16405.4 0.534114
16417.4 0.439525
16429.4 0.373763
16441.4 0.336443
16453.5 0.331334
16465.5 0.371662
16477.5 0.523204
16489.5 0.600096
16501.5 0.630293
16513.5 0.637636
16525.5 0.629904
16537.5 0.611023
16549.5 0.583491
16561.6 0.54943
16573.6 0.512178
16585.6 0.478538
16597.6 0.421799
16609.6 0.349651
16621.6 0.263659
16633.6 0.163444
16645.6 0.0473893
16657.7 -0.0878442
16669.7 -0.249433
16681.7 -0.461296
16693.7 -0.728712
16705.7 -0.915014
16717.7 -1.07621
16729.7 -1.22359
16741.7 -1.36262
16753.8 -1.4972
16765.8 -1.63124
16777.8 -1.77091
16789.8 -1.94363
16801.8 -2.10133
16813.8 -2.21394
16825.8 -2.30291
16837.8 -2.37263
16849.8 -2.42439
16861.9 -2.45767
16873.9 -2.46974
16885.9 -2.45249
16897.9 -2.36354
16909.9 -2.31565
16921.9 -2.29719
16933.9 -2.29192
16945.9 -2.29494
16958 -2.3041
16970 -2.31855
16982 -2.33856
16994 -2.36678
17006 -2.41255
17018 -2.43985
17030 -2.45812
17042 -2.47033
17054.1 -2.47732
17066.1 -2.47928
17078.1 -2.47593
17090.1 -2.46648
17102.1 -2.44832
17114.1 -2.41939
17126.1 -2.39618
17138.1 -2.3718
17150.2 -2.34424
17162.2 -2.31193
17174.2 -2.27296
17186.2 -2.22432
17198.2 -2.15982
17210.2 -2.05249
17222.2 -1.9399
17234.2 -1.88278
17246.2 -1.84829
17258.3 -1.83073
17270.3 -1.82836
17282.3 -1.84148
17294.3 -1.87277
17306.3 -1.93035
17318.3 -2.06048
17330.3 -2.1469
17342.3 -2.19297
17354.4 -2.21786
17366.4 -2.22646
17378.4 -2.22013
17390.4 -2.19798
17402.4 -2.15627
17414.4 -2.08313
17426.4 -1.93524
17438.4 -1.8578
17450.5 -1.8161
17462.5 -1.79637
17474.5 -1.79459
17486.5 -1.80996
17498.5 -1.84405
17510.5 -1.90214
17522.5 -2.00254
17534.5 -2.16721
17546.5 -2.25057
17558.6 -2.30445
17570.6 -2.33992
17582.6 -2.36124
17594.6 -2.37032
17606.6 -2.3678
17618.6 -2.35298
17630.6 -2.32067
17642.6 -2.27597
17654.7 -2.23736
17666.7 -2.19531
17678.7 -2.14728
17690.7 -2.0911
17702.7 -2.02393
17714.7 -1.94101
17726.7 -1.83173
17738.7 -1.63917
17750.8 -1.49571
17762.8 -1.40776
17774.8 -1.34874
17786.8 -1.31168
17798.8 -1.29406
17810.8 -1.29579
17822.8 -1.3194
17834.8 -1.37387
17846.8 -1.49704
17858.9 -1.57065
17870.9 -1.61979
17882.9 -1.65728
17894.9 -1.68752
17906.9 -1.71275
17918.9 -1.73426
17930.9 -1.75289
17942.9 -1.76922
17955 -1.78368
17967 -1.79657
17979 -1.80813
17991 -1.81855
18003 -1.82799
18015 -1.83655
18027 -1.84434
18039 -1.85144
18051.1 -1.85793
18063.1 -1.86386
18075.1 -1.86928
18087.1 -1.87424
18099.1 -1.87877
18111.1 -1.88291
18123.1 -1.88669
18135.1 -1.89013
18147.1 -1.89326
18159.2 -1.8961
18171.2 -1.89866
18183.2 -1.90097
18195.2 -1.90303
18207.2 -1.90487
18219.2 -1.90649
18231.2 -1.9079
18243.2 -1.90913
18255.3 -1.91017
18267.3 -1.91104
18279.3 -1.91174
18291.3 -1.91228
18303.3 -1.91267
18315.3 -1.91292
18327.3 -1.91303
18339.3 -1.91302
18351.4 -1.91287
18363.4 -1.9126
18375.4 -1.91222
18387.4 -1.91173
18399.4 -1.91113
18411.4 -1.91043
18423.4 -1.90963
18435.4 -1.90874
18447.4 -1.90775
18459.5 -1.90668
18471.5 -1.90552
18483.5 -1.90428
18495.5 -1.90297
18507.5 -1.90158
18519.5 -1.90011
18531.5 -1.89858
18543.5 -1.89698
18555.6 -1.89531
18567.6 -1.89358
18579.6 -1.89179
18591.6 -1.88994
18603.6 -1.88804
18615.6 -1.88608
18627.6 -1.88407
18639.6 -1.882
18651.7 -1.87989
18663.7 -1.87773
18675.7 -1.87553
18687.7 -1.87328
18699.7 -1.87099
18711.7 -1.86866
18723.7 -1.86629
18735.7 -1.86388
18747.7 -1.86144
18759.8 -1.85895
18771.8 -1.85644
18783.8 -1.85389
18795.8 -1.85131
18807.8 -1.8487
18819.8 -1.84606
18831.8 -1.84339
18843.8 -1.8407
18855.9 -1.83798
18867.9 -1.83523
18879.9 -1.83246
18891.9 -1.82966
18903.9 -1.82685
18915.9 -1.82401
18927.9 -1.82115
18939.9 -1.81827
18952 -1.81537
18964 -1.81245
18976 -1.80952
18988 -1.80657
19000 -1.8036
