7000 1.66916
7012.01 1.30903
7024.02 0.946807
7036.04 0.582688
7048.05 0.216859
7060.06 -0.150484
7072.07 -0.519148
7084.08 -0.888936
7096.1 -1.25965
7108.11 -1.6311
7120.12 -2.00309
7132.13 -2.37541
7144.14 -2.74789
7156.16 -3.12032
7168.17 -3.49251
7180.18 -3.86429
7192.19 -4.23546
7204.2 -4.60584
7216.22 -4.97527
7228.23 -5.34357
7240.24 -5.71057
7252.25 -6.07612
7264.26 -6.44007
7276.28 -6.80227
7288.29 -7.1626
7300.3 -7.52093
7312.31 -7.87715
7324.32 -8.23117
7336.34 -8.58291
7348.35 -8.93232
7360.36 -9.27936
7372.37 -9.62406
7384.38 -9.96645
7396.4 -10.3067
7408.41 -10.6449
7420.42 -10.9815
7432.43 -11.3171
7444.44 -11.6528
7456.46 -11.9908
7468.47 -12.3374
7480.48 -12.7074
7492.49 -13.0388
7504.5 -13.3503
7516.52 -13.6469
7528.53 -13.9304
7540.54 -14.2012
7552.55 -14.4588
7564.56 -14.7018
7576.58 -14.9239
7588.59 -15.1245
7600.6 -15.338
7612.61 -15.55
7624.62 -15.7576
7636.64 -15.9591
7648.65 -16.153
7660.66 -16.3376
7672.67 -16.5099
7684.68 -16.655
7696.7 -16.8
7708.71 -16.958
7720.72 -17.1182
7732.73 -17.2775
7744.74 -17.4344
7756.76 -17.5875
7768.77 -17.735
7780.78 -17.8739
7792.79 -17.9899
7804.8 -18.1197
7816.82 -18.2587
7828.83 -18.4017
7840.84 -18.5471
7852.85 -18.694
7864.86 -18.8422
7876.88 -18.9915
7888.89 -19.1422
7900.9 -19.2952
7912.91 -19.4474
7924.92 -19.6001
7936.94 -19.7539
7948.95 -19.9097
7960.96 -20.0686
7972.97 -20.2325
7984.98 -20.405
7997 -20.5976
8009.01 -20.8171
8021.02 -20.989
8033.03 -21.1419
8045.05 -21.2813
8057.06 -21.4093
8069.07 -21.5263
8081.08 -21.6316
8093.09 -21.7218
8105.11 -21.7796
8117.12 -21.8327
8129.13 -21.9183
8141.14 -22.0166
8153.15 -22.1247
8165.17 -22.2424
8177.18 -22.3713
8189.19 -22.5155
8201.2 -22.6855
8213.21 -22.9369
8225.23 -23.1293
8237.24 -23.2696
8249.25 -23.3802
8261.26 -23.4669
8273.27 -23.5312
8285.29 -23.5719
8297.3 -23.5838
8309.31 -23.5506
8321.32 -23.4148
8333.33 -23.3745
8345.35 -23.3812
8357.36 -23.4172
8369.37 -23.4779
8381.38 -23.5636
8393.39 -23.6788
8405.41 -23.8354
8417.42 -24.0737
8429.43 -24.4367
8441.44 -24.6139
8453.45 -24.7156
8465.47 -24.7634
8477.48 -24.7632
8489.49 -24.7142
8501.5 -24.609
8513.51 -24.4269
8525.53 -24.0777
8537.54 -23.6572
8549.55 -23.4504
8561.56 -23.3183
8573.57 -23.2368
8585.59 -23.1969
8597.6 -23.1956
8609.61 -23.2354
8621.62 -23.328
8633.63 -23.5484
8645.65 -23.7157
8657.66 -23.8238
8669.67 -23.9077
8681.68 -23.977
8693.69 -24.0363
8705.71 -24.0883
8717.72 -24.1346
8729.73 -24.1764
8741.74 -24.2144
8753.75 -24.2492
8765.77 -24.2813
8777.78 -24.311
8789.79 -24.3386
8801.8 -24.3644
8813.81 -24.3885
8825.83 -24.4111
8837.84 -24.4323
8849.85 -24.4523
8861.86 -24.4711
8873.87 -24.4888
8885.89 -24.5056
8897.9 -24.5214
8909.91 -24.5364
8921.92 -24.5507
8933.93 -24.5641
8945.95 -24.5769
8957.96 -24.589
8969.97 -24.6006
8981.98 -24.6115
8993.99 -24.6219
9006.01 -24.6318
9018.02 -24.6413
9030.03 -24.6503
9042.04 -24.6589
9054.05 -24.6671
9066.07 -24.6749
9078.08 -24.6824
9090.09 -24.6895
9102.1 -24.6964
9114.11 -24.7029
9126.13 -24.7092
9138.14 -24.7153
9150.15 -24.7211
9162.16 -24.7267
9174.17 -24.7321
9186.19 -24.7373
9198.2 -24.7423
9210.21 -24.7472
9222.22 -24.7519
9234.23 -24.7565
9246.25 -24.761
9258.26 -24.7653
9270.27 -24.7696
9282.28 -24.7737
9294.29 -24.7778
9306.31 -24.7818
9318.32 -24.7857
9330.33 -24.7896
9342.34 -24.7934
9354.35 -24.7972
9366.37 -24.8009
9378.38 -24.8046
9390.39 -24.8083
9402.4 -24.812
9414.41 -24.8156
9426.43 -24.8193
9438.44 -24.8229
9450.45 -24.8266
9462.46 -24.8302
9474.47 -24.8339
9486.49 -24.8375
9498.5 -24.8412
9510.51 -24.8449
9522.52 -24.8487
9534.53 -24.8524
9546.55 -24.8562
9558.56 -24.8599
9570.57 -24.8638
9582.58 -24.8676
9594.59 -24.8715
9606.61 -24.8754
9618.62 -24.8793
9630.63 -24.8832
9642.64 -24.8872
9654.65 -24.8912
9666.67 -24.8951
9678.68 -24.8992
9690.69 -24.9032
9702.7 -24.9072
9714.71 -24.9112
9726.73 -24.9153
9738.74 -24.9193
9750.75 -24.9233
9762.76 -24.9273
9774.77 -24.9313
9786.79 -24.9353
9798.8 -24.9392
9810.81 -24.943
9822.82 -24.9468
9834.83 -24.9506
9846.85 -24.9543
9858.86 -24.9579
9870.87 -24.9614
9882.88 -24.9648
9894.89 -24.968
9906.91 -24.9712
9918.92 -24.9742
9930.93 -24.977
9942.94 -24.9797
9954.95 -24.9822
9966.97 -24.9845
9978.98 -24.9865
9990.99 -24.9884
10003 -24.9899
10015 -24.9912
10027 -24.9922
10039 -24.9928
10051.1 -24.9931
10063.1 -24.9931
10075.1 -24.9926
10087.1 -24.9917
10099.1 -24.9904
10111.1 -24.9886
10123.1 -24.9863
10135.1 -24.9834
10147.1 -24.98
10159.2 -24.976
10171.2 -24.9713
10183.2 -24.966
10195.2 -24.9599
10207.2 -24.9532
10219.2 -24.9456
10231.2 -24.9371
10243.2 -24.9278
10255.3 -24.9176
10267.3 -24.9064
10279.3 -24.8942
10291.3 -24.8809
10303.3 -24.8665
10315.3 -24.851
10327.3 -24.8341
10339.3 -24.816
10351.4 -24.7966
10363.4 -24.7757
10375.4 -24.7534
10387.4 -24.7295
10399.4 -24.704
10411.4 -24.6768
10423.4 -24.6478
10435.4 -24.617
10447.4 -24.5843
10459.5 -24.5496
10471.5 -24.5128
10483.5 -24.4739
10495.5 -24.4327
10507.5 -24.3892
10519.5 -24.3432
10531.5 -24.2948
10543.5 -24.2437
10555.6 -24.1898
10567.6 -24.1332
10579.6 -24.0736
10591.6 -24.011
10603.6 -23.9452
10615.6 -23.8762
10627.6 -23.8038
10639.6 -23.7279
10651.7 -23.6484
10663.7 -23.5651
10675.7 -23.478
10687.7 -23.3869
10699.7 -23.2917
10711.7 -23.1923
10723.7 -23.0885
10735.7 -22.9801
10747.7 -22.8671
10759.8 -22.7494
10771.8 -22.6266
10783.8 -22.4989
10795.8 -22.3658
10807.8 -22.2274
10819.8 -22.0835
10831.8 -21.9339
10843.8 -21.7784
10855.9 -21.6169
10867.9 -21.4492
10879.9 -21.2752
10891.9 -21.0946
10903.9 -20.9072
10915.9 -20.7129
10927.9 -20.5114
10939.9 -20.3025
10952 -20.0858
10964 -19.8611
10976 -19.628
10988 -19.3861
11000 -19.1348
11012 -18.8736
11024 -18.6017
11036 -18.3178
11048 -18.0207
11060.1 -17.7082
11072.1 -17.3767
11084.1 -17.0201
11096.1 -16.624
11108.1 -16.1146
11120.1 -15.6783
11132.1 -15.3027
11144.1 -14.9583
11156.2 -14.6366
11168.2 -14.3342
11180.2 -14.0502
11192.2 -13.7863
11204.2 -13.5497
11216.2 -13.3655
11228.2 -13.1454
11240.2 -12.9127
11252.3 -12.6764
11264.3 -12.4404
11276.3 -12.2073
11288.3 -11.9799
11300.3 -11.7624
11312.3 -11.565
11324.3 -11.3979
11336.3 -11.1919
11348.3 -10.9734
11360.4 -10.7485
11372.4 -10.52
11384.4 -10.2897
11396.4 -10.0591
11408.4 -9.82933
11420.4 -9.60189
11432.4 -9.37725
11444.4 -9.15522
11456.5 -8.93744
11468.5 -8.72528
11480.5 -8.52033
11492.5 -8.32474
11504.5 -8.14199
11516.5 -7.9794
11528.5 -7.87371
11540.5 -7.73874
11552.6 -7.57468
11564.6 -7.39818
11576.6 -7.21443
11588.6 -7.02618
11600.6 -6.83526
11612.6 -6.64323
11624.6 -6.45214
11636.6 -6.26735
11648.6 -6.07375
11660.7 -5.87503
11672.7 -5.67278
11684.7 -5.4673
11696.7 -5.25826
11708.7 -5.04462
11720.7 -4.82387
11732.7 -4.58806
11744.7 -4.32584
11756.8 -4.10262
11768.8 -3.89568
11780.8 -3.69988
11792.8 -3.51322
11804.8 -3.33475
11816.8 -3.16412
11828.8 -3.00165
11840.8 -2.85015
11852.9 -2.70699
11864.9 -2.55951
11876.9 -2.41313
11888.9 -2.26857
11900.9 -2.12594
11912.9 -1.98505
11924.9 -1.84541
11936.9 -1.70591
11948.9 -1.56089
11961 -1.42244
11973 -1.2918
11985 -1.16587
11997 -1.04355
12009 -0.924076
12021 -0.806724
12033 -0.690551
12045 -0.573815
12057.1 -0.450542
12069.1 -0.336861
12081.1 -0.228985
12093.1 -0.124388
12105.1 -0.0216098
12117.1 0.0808163
12129.1 0.184886
12141.1 0.294128
12153.2 0.418128
12165.2 0.575388
12177.2 0.680813
12189.2 0.761913
12201.2 0.825493
12213.2 0.873822
12225.2 0.90746
12237.2 0.925626
12249.2 0.925344
12261.3 0.894466
12273.3 0.835967
12285.3 0.811186
12297.3 0.793919
12309.3 0.77928
12321.3 0.765018
12333.3 0.749675
12345.3 0.731957
12357.4 0.710095
12369.4 0.676841
12381.4 0.645946
12393.4 0.620925
12405.4 0.597253
12417.4 0.57346
12429.4 0.548515
12441.4 0.521345
12453.5 0.490406
12465.5 0.452389
12477.5 0.393082
12489.5 0.351207
12501.5 0.320644
12513.5 0.29615
12525.5 0.275841
12537.5 0.258579
12549.5 0.24336
12561.6 0.228815
12573.6 0.211593
12585.6 0.183733
12597.6 0.178471
12609.6 0.186331
12621.6 0.205209
12633.6 0.235175
12645.6 0.277504
12657.7 0.335033
12669.7 0.414048
12681.7 0.535941
12693.7 0.705162
12705.7 0.797481
12717.7 0.862927
12729.7 0.910795
12741.7 0.944656
12753.8 0.965835
12765.8 0.973996
12777.8 0.966153
12789.8 0.922145
12801.8 0.880444
12813.8 0.865188
12825.8 0.859985
12837.8 0.861529
12849.8 0.868656
12861.9 0.881169
12873.9 0.899718
12885.9 0.926643
12897.9 0.974285
12909.9 1.01011
12921.9 1.03767
12933.9 1.06196
12945.9 1.0848
12958 1.10743
12970 1.1311
12982 1.1576
12994 1.19117
13006 1.24375
13018 1.27293
13030 1.29049
13042 1.3004
13054.1 1.30403
13066.1 1.30193
13078.1 1.29409
13090.1 1.27977
13102.1 1.25569
13114.1 1.2195
13126.1 1.19555
13138.1 1.17492
13150.2 1.15597
13162.2 1.1383
13174.2 1.122
13186.2 1.10774
13198.2 1.09736
13210.2 1.0999
13222.2 1.10226
13234.2 1.08339
13246.2 1.05434
13258.3 1.01681
13270.3 0.971137
13282.3 0.916861
13294.3 0.852621
13306.3 0.774908
13318.3 0.665534
13330.3 0.568509
13342.3 0.481851
13354.4 0.397294
13366.4 0.311682
13378.4 0.222627
13390.4 0.127449
13402.4 0.0219743
13414.4 -0.103611
13426.4 -0.282187
13438.4 -0.407261
13450.5 -0.505225
13462.5 -0.587091
13474.5 -0.656864
13486.5 -0.716556
13498.5 -0.767246
13510.5 -0.809348
13522.5 -0.842155
13534.5 -0.864536
13546.5 -0.886233
13558.6 -0.903873
13570.6 -0.916621
13582.6 -0.923919
13594.6 -0.925104
13606.6 -0.919129
13618.6 -0.903871
13630.6 -0.871313
13642.6 -0.828486
13654.7 -0.801823
13666.7 -0.778235
13678.7 -0.755068
13690.7 -0.730841
13702.7 -0.704326
13714.7 -0.674081
13726.7 -0.637561
13738.7 -0.582871
13750.8 -0.536448
13762.8 -0.499199
13774.8 -0.465273
13786.8 -0.432667
13798.8 -0.400057
13810.8 -0.366182
13822.8 -0.329352
13834.8 -0.286051
13846.8 -0.223683
13858.9 -0.179625
13870.9 -0.145511
13882.9 -0.116912
13894.9 -0.0920785
13906.9 -0.0699179
13918.9 -0.0494976
13930.9 -0.029688
13942.9 -0.00806889
13955 0.0192456
13967 0.0342843
13979 0.0433536
13991 0.0481565
14003 0.0495464
14015 0.0482101
14027 0.0449786
14039 0.041378
14051.1 0.0429806
14063.1 0.0466359
14075.1 0.0273789
14087.1 -0.00443678
14099.1 -0.0477334
14111.1 -0.103011
14123.1 -0.171975
14135.1 -0.258201
14147.1 -0.370086
14159.2 -0.55415
14171.2 -0.710602
14183.2 -0.820866
14195.2 -0.911084
14207.2 -0.988272
14219.2 -1.05585
14231.2 -1.11588
14243.2 -1.16986
14255.3 -1.21929
14267.3 -1.26758
14279.3 -1.30696
14291.3 -1.33909
14303.3 -1.36508
14315.3 -1.38521
14327.3 -1.39943
14339.3 -1.40732
14351.4 -1.40777
14363.4 -1.39746
14375.4 -1.36899
14387.4 -1.35426
14399.4 -1.34316
14411.4 -1.33285
14423.4 -1.32208
14435.4 -1.31
14447.4 -1.29581
14459.5 -1.27838
14471.5 -1.25469
14483.5 -1.22449
14495.5 -1.20228
14507.5 -1.18164
14519.5 -1.16109
14531.5 -1.13974
14543.5 -1.11672
14555.6 -1.09093
14567.6 -1.06036
14579.6 -1.0152
14591.6 -0.974047
14603.6 -0.943941
14615.6 -0.918135
14627.6 -0.89473
14639.6 -0.87256
14651.7 -0.850573
14663.7 -0.827404
14675.7 -0.800324
14687.7 -0.757395
14699.7 -0.730241
14711.7 -0.71463
14723.7 -0.706142
14735.7 -0.703366
14747.7 -0.70565
14759.8 -0.712686
14771.8 -0.724399
14783.8 -0.740994
14795.8 -0.763181
14807.8 -0.788817
14819.8 -0.818922
14831.8 -0.854232
14843.8 -0.895622
14855.9 -0.944373
14867.9 -1.00263
14879.9 -1.07465
14891.9 -1.1741
14903.9 -1.30692
14915.9 -1.38925
14927.9 -1.45427
14939.9 -1.5086
14952 -1.55509
14964 -1.59537
14976 -1.6305
14988 -1.66138
15000 -1.68969
15012 -1.71358
15024 -1.73108
15036 -1.74347
15048 -1.7509
15060.1 -1.75319
15072.1 -1.74984
15084.1 -1.73977
15096.1 -1.72029
15108.1 -1.67767
15120.1 -1.64656
15132.1 -1.62452
15144.1 -1.60587
15156.2 -1.58875
15168.2 -1.5721
15180.2 -1.55511
15192.2 -1.53688
15204.2 -1.51578
15216.2 -1.48734
15228.2 -1.46599
15240.2 -1.44767
15252.3 -1.43077
15264.3 -1.41455
15276.3 -1.39849
15288.3 -1.3821
15300.3 -1.36477
15312.3 -1.34518
15324.3 -1.32205
15336.3 -1.3027
15348.3 -1.28394
15360.4 -1.26472
15372.4 -1.24411
15384.4 -1.22101
15396.4 -1.1936
15408.4 -1.1582
15420.4 -1.09976
15432.4 -1.03518
15444.4 -1.00849
15456.5 -0.997843
15468.5 -0.999646
15480.5 -1.01284
15492.5 -1.03766
15504.5 -1.07578
15516.5 -1.13208
15528.5 -1.23423
15540.5 -1.31549
15552.6 -1.37566
15564.6 -1.4273
15576.6 -1.4742
15588.6 -1.51838
15600.6 -1.56134
15612.6 -1.60459
15624.6 -1.6509
15636.6 -1.70905
15648.6 -1.75219
15660.7 -1.78662
15672.7 -1.8152
15684.7 -1.83882
15696.7 -1.85772
15708.7 -1.87165
15720.7 -1.87967
15732.7 -1.87843
15744.7 -1.86312
15756.8 -1.86148
15768.8 -1.86376
15780.8 -1.86759
15792.8 -1.87183
15804.8 -1.87561
15816.8 -1.87797
15828.8 -1.87732
15840.8 -1.86833
15852.9 -1.85445
15864.9 -1.85518
15876.9 -1.86121
15888.9 -1.87066
15900.9 -1.88252
15912.9 -1.89591
15924.9 -1.90982
15936.9 -1.92235
15948.9 -1.92415
15961 -1.93556
15973 -1.95888
15985 -1.98914
15997 -2.0247
16009 -2.06442
16021 -2.10686
16033 -2.14949
16045 -2.18537
16057.1 -2.18394
16069.1 -2.24114
16081.1 -2.34051
16093.1 -2.47435
16105.1 -2.64357
16117.1 -2.85345
16129.1 -3.11489
16141.1 -3.45079
16153.2 -3.92809
16165.2 -4.678
16177.2 -5.08947
16189.2 -5.35924
16201.2 -5.53585
16213.2 -5.63572
16225.2 -5.6636
16237.2 -5.61561
16249.2 -5.47452
16261.3 -5.1682
16273.3 -4.71494
16285.3 -4.48155
16297.3 -4.31209
16309.3 -4.1782
16321.3 -4.06772
16333.3 -3.97401
16345.3 -3.89294
16357.4 -3.82176
16369.4 -3.75855
16381.4 -3.70186
16393.4 -3.65064
16405.4 -3.60403
16417.4 -3.56139
16429.4 -3.52217
16441.4 -3.48595
16453.5 -3.45236
16465.5 -3.4211
16477.5 -3.39192
16489.5 -3.3646
16501.5 -3.33896
16513.5 -3.31484
16525.5 -3.29209
16537.5 -3.2706
16549.5 -3.25025
16561.6 -3.23096
16573.6 -3.21264
16585.6 -3.1952
16597.6 -3.17859
16609.6 -3.16275
16621.6 -3.14762
16633.6 -3.13315
16645.6 -3.1193
16657.7 -3.10602
16669.7 -3.09328
16681.7 -3.08105
16693.7 -3.0693
16705.7 -3.05799
16717.7 -3.0471
16729.7 -3.0366
16741.7 -3.02648
16753.8 -3.01672
16765.8 -3.00729
16777.8 -2.99817
16789.8 -2.98936
16801.8 -2.98083
16813.8 -2.97257
16825.8 -2.96457
16837.8 -2.95681
16849.8 -2.94929
16861.9 -2.94198
16873.9 -2.93489
16885.9 -2.92801
16897.9 -2.92132
16909.9 -2.91481
16921.9 -2.90848
16933.9 -2.90231
16945.9 -2.89631
16958 -2.89047
16970 -2.88477
16982 -2.87922
16994 -2.8738
17006 -2.86852
17018 -2.86336
17030 -2.85833
17042 -2.85341
17054.1 -2.8486
17066.1 -2.8439
17078.1 -2.83931
17090.1 -2.83482
17102.1 -2.83042
17114.1 -2.82612
17126.1 -2.82191
17138.1 -2.81778
17150.2 -2.81374
17162.2 -2.80978
17174.2 -2.8059
17186.2 -2.80209
17198.2 -2.79836
17210.2 -2.7947
17222.2 -2.7911
17234.2 -2.78757
17246.2 -2.78411
17258.3 -2.78071
17270.3 -2.77737
17282.3 -2.77408
17294.3 -2.77086
17306.3 -2.76768
17318.3 -2.76457
17330.3 -2.7615
17342.3 -2.75848
17354.4 -2.75551
17366.4 -2.75258
17378.4 -2.74971
17390.4 -2.74687
17402.4 -2.74408
17414.4 -2.74133
17426.4 -2.73862
17438.4 -2.73595
17450.5 -2.73332
17462.5 -2.73072
17474.5 -2.72816
17486.5 -2.72564
17498.5 -2.72315
17510.5 -2.72069
17522.5 -2.71827
17534.5 -2.71587
17546.5 -2.71351
17558.6 -2.71118
17570.6 -2.70887
17582.6 -2.7066
17594.6 -2.70435
17606.6 -2.70212
17618.6 -2.69993
17630.6 -2.69776
17642.6 -2.69561
17654.7 -2.69348
17666.7 -2.69139
17678.7 -2.68931
17690.7 -2.68725
17702.7 -2.68522
17714.7 -2.68321
17726.7 -2.68122
17738.7 -2.67924
17750.8 -2.67729
17762.8 -2.67536
17774.8 -2.67344
17786.8 -2.67155
17798.8 -2.66967
17810.8 -2.66781
17822.8 -2.66596
17834.8 -2.66413
17846.8 -2.66232
17858.9 -2.66052
17870.9 -2.65874
17882.9 -2.65697
17894.9 -2.65522
17906.9 -2.65348
17918.9 -2.65176
17930.9 -2.65005
17942.9 -2.64835
17955 -2.64667
17967 -2.645
17979 -2.64334
17991 -2.64169
18003 -2.64005
18015 -2.63843
18027 -2.63682
18039 -2.63522
18051.1 -2.63362
18063.1 -2.63204
18075.1 -2.63047
18087.1 -2.62891
18099.1 -2.62736
18111.1 -2.62582
18123.1 -2.62429
18135.1 -2.62277
18147.1 -2.62126
18159.2 -2.61975
18171.2 -2.61826
18183.2 -2.61677
18195.2 -2.61529
18207.2 -2.61382
18219.2 -2.61236
18231.2 -2.6109
18243.2 -2.60945
18255.3 -2.60801
18267.3 -2.60658
18279.3 -2.60515
18291.3 -2.60374
18303.3 -2.60232
18315.3 -2.60092
18327.3 -2.59952
18339.3 -2.59813
18351.4 -2.59674
18363.4 -2.59536
18375.4 -2.59398
18387.4 -2.59262
18399.4 -2.59125
18411.4 -2.5899
18423.4 -2.58854
18435.4 -2.5872
18447.4 -2.58586
18459.5 -2.58452
18471.5 -2.58319
18483.5 -2.58186
18495.5 -2.58054
18507.5 -2.57923
18519.5 -2.57792
18531.5 -2.57661
18543.5 -2.57531
18555.6 -2.57401
18567.6 -2.57272
18579.6 -2.57143
18591.6 -2.57014
18603.6 -2.56886
18615.6 -2.56758
18627.6 -2.56631
18639.6 -2.56504
18651.7 -2.56377
18663.7 -2.56251
18675.7 -2.56125
18687.7 -2.56
18699.7 -2.55875
18711.7 -2.5575
18723.7 -2.55625
18735.7 -2.55501
18747.7 -2.55377
18759.8 -2.55254
18771.8 -2.55131
18783.8 -2.55008
18795.8 -2.54885
18807.8 -2.54763
18819.8 -2.54641
18831.8 -2.54519
18843.8 -2.54398
18855.9 -2.54277
18867.9 -2.54156
18879.9 -2.54035
18891.9 -2.53915
18903.9 -2.53794
18915.9 -2.53675
18927.9 -2.53555
18939.9 -2.53435
18952 -2.53316
18964 -2.53197
18976 -2.53079
18988 -2.5296
19000 -2.52842
