7000 -5.13546
7012.01 -5.38122
7024.02 -5.62609
7036.04 -5.86995
7048.05 -6.11266
7060.06 -6.35411
7072.07 -6.59418
7084.08 -6.83275
7096.1 -7.06971
7108.11 -7.30494
7120.12 -7.53836
7132.13 -7.76986
7144.14 -7.99934
7156.16 -8.22672
7168.17 -8.45191
7180.18 -8.67482
7192.19 -8.89539
7204.2 -9.11354
7216.22 -9.32921
7228.23 -9.54234
7240.24 -9.75288
7252.25 -9.96077
7264.26 -10.166
7276.28 -10.3685
7288.29 -10.5683
7300.3 -10.7653
7312.31 -10.9595
7324.32 -11.151
7336.34 -11.3397
7348.35 -11.5257
7360.36 -11.7091
7372.37 -11.8898
7384.38 -12.068
7396.4 -12.2439
7408.41 -12.4177
7420.42 -12.5897
7432.43 -12.7604
7444.44 -12.9306
7456.46 -13.1023
7468.47 -13.2804
7480.48 -13.4768
7492.49 -13.6414
7504.5 -13.7891
7516.52 -13.9239
7528.53 -14.0464
7540.54 -14.1564
7552.55 -14.2523
7564.56 -14.3299
7576.58 -14.3748
7588.59 -14.3856
7600.6 -14.4444
7612.61 -14.5179
7624.62 -14.5999
7636.64 -14.6881
7648.65 -14.7815
7660.66 -14.8801
7672.67 -14.9855
7684.68 -15.1076
7696.7 -15.2264
7708.71 -15.3318
7720.72 -15.4316
7732.73 -15.5274
7744.74 -15.6199
7756.76 -15.7096
7768.77 -15.7966
7780.78 -15.8809
7792.79 -15.9609
7804.8 -16.0413
7816.82 -16.1216
7828.83 -16.2015
7840.84 -16.2809
7852.85 -16.3601
7864.86 -16.4394
7876.88 -16.5193
7888.89 -16.6015
7900.9 -16.6902
7912.91 -16.7702
7924.92 -16.8458
7936.94 -16.9188
7948.95 -16.9897
7960.96 -17.0592
7972.97 -17.1276
7984.98 -17.196
7997 -17.2663
8009.01 -17.3399
8021.02 -17.4034
8033.03 -17.4619
8045.05 -17.5163
8057.06 -17.5668
8069.07 -17.6131
8081.08 -17.6544
8093.09 -17.6883
8105.11 -17.7029
8117.12 -17.717
8129.13 -17.7559
8141.14 -17.8064
8153.15 -17.867
8165.17 -17.938
8177.18 -18.0216
8189.19 -18.1225
8201.2 -18.2522
8213.21 -18.4722
8225.23 -18.6276
8237.24 -18.7261
8249.25 -18.7924
8261.26 -18.8328
8273.27 -18.8489
8285.29 -18.8394
8297.3 -18.7987
8309.31 -18.7092
8321.32 -18.5095
8333.33 -18.4105
8345.35 -18.36
8357.36 -18.3388
8369.37 -18.3414
8381.38 -18.3671
8393.39 -18.4191
8405.41 -18.5071
8417.42 -18.6647
8429.43 -18.9282
8441.44 -19.0341
8453.45 -19.0754
8465.47 -19.07
8477.48 -19.0221
8489.49 -18.9301
8501.5 -18.7861
8513.51 -18.5692
8525.53 -18.1897
8537.54 -17.7423
8549.55 -17.5098
8561.56 -17.3541
8573.57 -17.2514
8585.59 -17.1926
8597.6 -17.1751
8609.61 -17.2017
8621.62 -17.2848
8633.63 -17.5041
8645.65 -17.6679
8657.66 -17.7696
8669.67 -17.8464
8681.68 -17.9085
8693.69 -17.9608
8705.71 -18.0061
8717.72 -18.0461
8729.73 -18.082
8741.74 -18.1147
8753.75 -18.1446
8765.77 -18.1724
8777.78 -18.1983
8789.79 -18.2227
8801.8 -18.2458
8813.81 -18.2677
8825.83 -18.2886
8837.84 -18.3087
8849.85 -18.328
8861.86 -18.3466
8873.87 -18.3647
8885.89 -18.3823
8897.9 -18.3994
8909.91 -18.4161
8921.92 -18.4325
8933.93 -18.4486
8945.95 -18.4644
8957.96 -18.48
8969.97 -18.4954
8981.98 -18.5106
8993.99 -18.5257
9006.01 -18.5406
9018.02 -18.5555
9030.03 -18.5702
9042.04 -18.5849
9054.05 -18.5995
9066.07 -18.6141
9078.08 -18.6286
9090.09 -18.6432
9102.1 -18.6577
9114.11 -18.6722
9126.13 -18.6868
9138.14 -18.7014
9150.15 -18.716
9162.16 -18.7306
9174.17 -18.7454
9186.19 -18.7601
9198.2 -18.775
9210.21 -18.7899
9222.22 -18.8048
9234.23 -18.8199
9246.25 -18.8351
9258.26 -18.8503
9270.27 -18.8656
9282.28 -18.8811
9294.29 -18.8966
9306.31 -18.9122
9318.32 -18.928
9330.33 -18.9438
9342.34 -18.9598
9354.35 -18.9759
9366.37 -18.992
9378.38 -19.0083
9390.39 -19.0248
9402.4 -19.0413
9414.41 -19.058
9426.43 -19.0747
9438.44 -19.0916
9450.45 -19.1086
9462.46 -19.1257
9474.47 -19.143
9486.49 -19.1603
9498.5 -19.1778
9510.51 -19.1954
9522.52 -19.2131
9534.53 -19.2309
9546.55 -19.2488
9558.56 -19.2668
9570.57 -19.2849
9582.58 -19.3031
9594.59 -19.3213
9606.61 -19.3397
9618.62 -19.3582
9630.63 -19.3767
9642.64 -19.3953
9654.65 -19.414
9666.67 -19.4328
9678.68 -19.4516
9690.69 -19.4705
9702.7 -19.4894
9714.71 -19.5083
9726.73 -19.5273
9738.74 -19.5464
9750.75 -19.5654
9762.76 -19.5844
9774.77 -19.6035
9786.79 -19.6225
9798.8 -19.6416
9810.81 -19.6606
9822.82 -19.6795
9834.83 -19.6985
9846.85 -19.7173
9858.86 -19.7361
9870.87 -19.7548
9882.88 -19.7735
9894.89 -19.792
9906.91 -19.8104
9918.92 -19.8287
9930.93 -19.8468
9942.94 -19.8648
9954.95 -19.8826
9966.97 -19.9002
9978.98 -19.9176
9990.99 -19.9347
10003 -19.9517
10015 -19.9683
10027 -19.9847
10039 -20.0008
10051.1 -20.0165
10063.1 -20.032
10075.1 -20.047
10087.1 -20.0617
10099.1 -20.0759
10111.1 -20.0898
10123.1 -20.1031
10135.1 -20.116
10147.1 -20.1284
10159.2 -20.1402
10171.2 -20.1515
10183.2 -20.1622
10195.2 -20.1722
10207.2 -20.1816
10219.2 -20.1903
10231.2 -20.1983
10243.2 -20.2055
10255.3 -20.212
10267.3 -20.2176
10279.3 -20.2224
10291.3 -20.2263
10303.3 -20.2292
10315.3 -20.2312
10327.3 -20.2321
10339.3 -20.232
10351.4 -20.2308
10363.4 -20.2284
10375.4 -20.2249
10387.4 -20.2201
10399.4 -20.2141
10411.4 -20.2067
10423.4 -20.1979
10435.4 -20.1877
10447.4 -20.176
10459.5 -20.1628
10471.5 -20.148
10483.5 -20.1315
10495.5 -20.1134
10507.5 -20.0935
10519.5 -20.0718
10531.5 -20.0482
10543.5 -20.0227
10555.6 -19.9951
10567.6 -19.9656
10579.6 -19.9339
10591.6 -19.9
10603.6 -19.8638
10615.6 -19.8254
10627.6 -19.7846
10639.6 -19.7413
10651.7 -19.6955
10663.7 -19.6471
10675.7 -19.5961
10687.7 -19.5424
10699.7 -19.4859
10711.7 -19.4265
10723.7 -19.3642
10735.7 -19.2988
10747.7 -19.2305
10759.8 -19.159
10771.8 -19.0842
10783.8 -19.0063
10795.8 -18.9249
10807.8 -18.8402
10819.8 -18.752
10831.8 -18.6603
10843.8 -18.5649
10855.9 -18.466
10867.9 -18.3632
10879.9 -18.2568
10891.9 -18.1464
10903.9 -18.0322
10915.9 -17.9141
10927.9 -17.792
10939.9 -17.6658
10952 -17.5356
10964 -17.4012
10976 -17.2627
10988 -17.12
11000 -16.9731
11012 -16.822
11024 -16.6666
11036 -16.5069
11048 -16.343
11060.1 -16.1747
11072.1 -16.0022
11084.1 -15.8254
11096.1 -15.6444
11108.1 -15.4591
11120.1 -15.2695
11132.1 -15.0758
11144.1 -14.8778
11156.2 -14.6758
11168.2 -14.4697
11180.2 -14.2595
11192.2 -14.0454
11204.2 -13.8275
11216.2 -13.6056
11228.2 -13.3801
11240.2 -13.1509
11252.3 -12.9181
11264.3 -12.6819
11276.3 -12.4424
11288.3 -12.1996
11300.3 -11.9537
11312.3 -11.7048
11324.3 -11.453
11336.3 -11.1986
11348.3 -10.9415
11360.4 -10.6821
11372.4 -10.4204
11384.4 -10.1566
11396.4 -9.89078
11408.4 -9.62323
11420.4 -9.35406
11432.4 -9.08347
11444.4 -8.81161
11456.5 -8.53868
11468.5 -8.26485
11480.5 -7.99031
11492.5 -7.71524
11504.5 -7.43983
11516.5 -7.16426
11528.5 -6.88872
11540.5 -6.6134
11552.6 -6.33847
11564.6 -6.06412
11576.6 -5.79054
11588.6 -5.5179
11600.6 -5.24637
11612.6 -4.97614
11624.6 -4.70737
11636.6 -4.44023
11648.6 -4.17488
11660.7 -3.91148
11672.7 -3.65018
11684.7 -3.39114
11696.7 -3.13449
11708.7 -2.88037
11720.7 -2.62892
11732.7 -2.38027
11744.7 -2.13453
11756.8 -1.89182
11768.8 -1.65224
11780.8 -1.41591
11792.8 -1.18291
11804.8 -0.953344
11816.8 -0.727285
11828.8 -0.504813
11840.8 -0.286
11852.9 -0.0709084
11864.9 0.140402
11876.9 0.34788
11888.9 0.55148
11900.9 0.751161
11912.9 0.94689
11924.9 1.13864
11936.9 1.32638
11948.9 1.51011
11961 1.6898
11973 1.86545
11985 2.03706
11997 2.20463
12009 2.36817
12021 2.52768
12033 2.68319
12045 2.83472
12057.1 2.98228
12069.1 3.12591
12081.1 3.26563
12093.1 3.40148
12105.1 3.53349
12117.1 3.66171
12129.1 3.78617
12141.1 3.90692
12153.2 4.024
12165.2 4.13746
12177.2 4.24736
12189.2 4.35374
12201.2 4.45665
12213.2 4.55615
12225.2 4.6523
12237.2 4.74516
12249.2 4.83477
12261.3 4.9212
12273.3 5.0045
12285.3 5.08475
12297.3 5.16198
12309.3 5.23628
12321.3 5.30768
12333.3 5.37627
12345.3 5.44209
12357.4 5.5052
12369.4 5.56568
12381.4 5.62356
12393.4 5.67893
12405.4 5.73183
12417.4 5.78232
12429.4 5.83046
12441.4 5.87631
12453.5 5.91992
12465.5 5.96136
12477.5 6.00067
12489.5 6.03792
12501.5 6.07315
12513.5 6.10642
12525.5 6.13779
12537.5 6.16729
12549.5 6.195
12561.6 6.22094
12573.6 6.24518
12585.6 6.26776
12597.6 6.28873
12609.6 6.30813
12621.6 6.32602
12633.6 6.34243
12645.6 6.35741
12657.7 6.371
12669.7 6.38325
12681.7 6.39419
12693.7 6.40387
12705.7 6.41231
12717.7 6.41957
12729.7 6.42568
12741.7 6.43068
12753.8 6.4346
12765.8 6.43747
12777.8 6.43933
12789.8 6.44022
12801.8 6.44016
12813.8 6.43918
12825.8 6.43733
12837.8 6.43462
12849.8 6.43109
12861.9 6.42676
12873.9 6.42166
12885.9 6.41582
12897.9 6.40927
12909.9 6.40202
12921.9 6.39411
12933.9 6.38556
12945.9 6.37639
12958 6.36663
12970 6.35629
12982 6.3454
12994 6.33398
13006 6.32205
13018 6.30963
13030 6.29673
13042 6.28338
13054.1 6.2696
13066.1 6.25539
13078.1 6.24079
13090.1 6.2258
13102.1 6.21044
13114.1 6.19473
13126.1 6.17868
13138.1 6.16231
13150.2 6.14562
13162.2 6.12864
13174.2 6.11138
13186.2 6.09385
13198.2 6.07606
13210.2 6.05802
13222.2 6.03975
13234.2 6.02126
13246.2 6.00256
13258.3 5.98365
13270.3 5.96456
13282.3 5.94528
13294.3 5.92584
13306.3 5.90623
13318.3 5.88647
13330.3 5.86657
13342.3 5.84653
13354.4 5.82637
13366.4 5.80608
13378.4 5.78569
13390.4 5.76519
13402.4 5.7446
13414.4 5.72391
13426.4 5.70314
13438.4 5.6823
13450.5 5.66139
13462.5 5.64041
13474.5 5.61938
13486.5 5.59829
13498.5 5.57715
13510.5 5.55598
13522.5 5.53476
13534.5 5.51352
13546.5 5.49225
13558.6 5.47096
13570.6 5.44965
13582.6 5.42832
13594.6 5.40699
13606.6 5.38565
13618.6 5.36431
13630.6 5.34297
13642.6 5.32164
13654.7 5.30032
13666.7 5.27901
13678.7 5.25772
13690.7 5.23644
13702.7 5.21519
13714.7 5.19396
13726.7 5.17276
13738.7 5.15159
13750.8 5.13046
13762.8 5.10935
13774.8 5.08829
13786.8 5.06727
13798.8 5.04629
13810.8 5.02535
13822.8 5.00446
13834.8 4.98361
13846.8 4.96282
13858.9 4.94208
13870.9 4.92139
13882.9 4.90076
13894.9 4.88018
13906.9 4.85966
13918.9 4.8392
13930.9 4.81881
13942.9 4.79847
13955 4.7782
13967 4.75799
13979 4.73785
13991 4.71778
14003 4.69777
14015 4.67783
14027 4.65796
14039 4.63817
14051.1 4.61844
14063.1 4.59879
14075.1 4.57921
14087.1 4.5597
14099.1 4.54027
14111.1 4.52092
14123.1 4.50164
14135.1 4.48243
14147.1 4.46331
14159.2 4.44426
14171.2 4.42528
14183.2 4.40639
14195.2 4.38758
14207.2 4.36884
14219.2 4.35018
14231.2 4.33161
14243.2 4.31311
14255.3 4.2947
14267.3 4.27636
14279.3 4.2581
14291.3 4.23993
14303.3 4.22184
14315.3 4.20383
14327.3 4.1859
14339.3 4.16805
14351.4 4.15028
14363.4 4.13259
14375.4 4.11499
14387.4 4.09747
14399.4 4.08003
14411.4 4.06267
14423.4 4.04539
14435.4 4.02819
14447.4 4.01108
14459.5 3.99405
14471.5 3.9771
14483.5 3.96023
14495.5 3.94344
14507.5 3.92673
14519.5 3.91011
14531.5 3.89356
14543.5 3.8771
14555.6 3.86072
14567.6 3.84442
14579.6 3.82819
14591.6 3.81205
14603.6 3.79599
14615.6 3.78001
14627.6 3.76411
14639.6 3.74828
14651.7 3.73254
14663.7 3.71687
14675.7 3.70129
14687.7 3.68578
14699.7 3.67035
14711.7 3.655
14723.7 3.63973
14735.7 3.62453
14747.7 3.60941
14759.8 3.59437
14771.8 3.5794
14783.8 3.56451
14795.8 3.5497
14807.8 3.53496
14819.8 3.5203
14831.8 3.50571
14843.8 3.4912
14855.9 3.47676
14867.9 3.4624
14879.9 3.44811
14891.9 3.4339
14903.9 3.41975
14915.9 3.40568
14927.9 3.39169
14939.9 3.37776
14952 3.36391
14964 3.35013
14976 3.33642
14988 3.32278
15000 3.30922
15012 3.29572
15024 3.28229
15036 3.26893
15048 3.25565
15060.1 3.24243
15072.1 3.22928
15084.1 3.21619
15096.1 3.20318
15108.1 3.19023
15120.1 3.17735
15132.1 3.16454
15144.1 3.1518
15156.2 3.13912
15168.2 3.1265
15180.2 3.11396
15192.2 3.10147
15204.2 3.08906
15216.2 3.0767
15228.2 3.06441
15240.2 3.05219
15252.3 3.04003
15264.3 3.02793
15276.3 3.01589
15288.3 3.00392
15300.3 2.99201
15312.3 2.98016
15324.3 2.96838
15336.3 2.95665
15348.3 2.94498
15360.4 2.93338
15372.4 2.92183
15384.4 2.91035
15396.4 2.89892
15408.4 2.88756
15420.4 2.87625
15432.4 2.865
15444.4 2.85381
15456.5 2.84268
15468.5 2.8316
15480.5 2.82059
15492.5 2.80962
15504.5 2.79872
15516.5 2.78787
15528.5 2.77708
15540.5 2.76634
15552.6 2.75566
15564.6 2.74503
15576.6 2.73446
15588.6 2.72394
15600.6 2.71348
15612.6 2.70307
15624.6 2.69271
15636.6 2.68241
15648.6 2.67215
15660.7 2.66196
15672.7 2.65181
15684.7 2.64171
15696.7 2.63167
15708.7 2.62168
15720.7 2.61174
15732.7 2.60185
15744.7 2.59201
15756.8 2.58222
15768.8 2.57247
15780.8 2.56278
15792.8 2.55314
15804.8 2.54355
15816.8 2.534
15828.8 2.52451
15840.8 2.51506
15852.9 2.50566
15864.9 2.4963
15876.9 2.487
15888.9 2.47774
15900.9 2.46853
15912.9 2.45936
15924.9 2.45024
15936.9 2.44116
15948.9 2.43214
15961 2.42315
15973 2.41421
15985 2.40532
15997 2.39647
16009 2.38766
16021 2.3789
16033 2.37018
16045 2.36151
16057.1 2.35288
16069.1 2.34429
16081.1 2.33574
16093.1 2.32724
16105.1 2.31877
16117.1 2.31035
16129.1 2.30198
16141.1 2.29364
16153.2 2.28534
16165.2 2.27709
16177.2 2.26887
16189.2 2.2607
16201.2 2.25256
16213.2 2.24447
16225.2 2.23641
16237.2 2.2284
16249.2 2.22042
16261.3 2.21249
16273.3 2.20459
16285.3 2.19673
16297.3 2.18891
16309.3 2.18112
16321.3 2.17338
16333.3 2.16567
16345.3 2.158
16357.4 2.15036
16369.4 2.14277
16381.4 2.13521
16393.4 2.12768
16405.4 2.1202
16417.4 2.11274
16429.4 2.10533
16441.4 2.09795
16453.5 2.09061
16465.5 2.0833
16477.5 2.07602
16489.5 2.06878
16501.5 2.06158
16513.5 2.05441
16525.5 2.04727
16537.5 2.04017
16549.5 2.0331
16561.6 2.02606
16573.6 2.01906
16585.6 2.01209
16597.6 2.00516
16609.6 1.99826
16621.6 1.99139
16633.6 1.98455
16645.6 1.97774
16657.7 1.97097
16669.7 1.96423
16681.7 1.95752
16693.7 1.95084
16705.7 1.94419
16717.7 1.93758
16729.7 1.93099
16741.7 1.92444
16753.8 1.91791
16765.8 1.91142
16777.8 1.90496
16789.8 1.89852
16801.8 1.89212
16813.8 1.88575
16825.8 1.8794
16837.8 1.87309
16849.8 1.8668
16861.9 1.86055
16873.9 1.85432
16885.9 1.84812
16897.9 1.84195
16909.9 1.83581
16921.9 1.82969
16933.9 1.82361
16945.9 1.81755
16958 1.81152
16970 1.80551
16982 1.79954
16994 1.79359
17006 1.78767
17018 1.78177
17030 1.77591
17042 1.77007
17054.1 1.76425
17066.1 1.75846
17078.1 1.7527
17090.1 1.74696
17102.1 1.74125
17114.1 1.73557
17126.1 1.72991
17138.1 1.72428
17150.2 1.71867
17162.2 1.71309
17174.2 1.70753
17186.2 1.70199
17198.2 1.69649
17210.2 1.691
17222.2 1.68554
17234.2 1.68011
17246.2 1.67469
17258.3 1.66931
17270.3 1.66394
17282.3 1.6586
17294.3 1.65329
17306.3 1.648
17318.3 1.64273
17330.3 1.63748
17342.3 1.63226
17354.4 1.62706
17366.4 1.62188
17378.4 1.61673
17390.4 1.6116
17402.4 1.60649
17414.4 1.6014
17426.4 1.59633
17438.4 1.59129
17450.5 1.58627
17462.5 1.58127
17474.5 1.5763
17486.5 1.57134
17498.5 1.56641
17510.5 1.56149
17522.5 1.5566
17534.5 1.55173
17546.5 1.54688
17558.6 1.54205
17570.6 1.53725
17582.6 1.53246
17594.6 1.52769
17606.6 1.52295
17618.6 1.51822
17630.6 1.51352
17642.6 1.50883
17654.7 1.50416
17666.7 1.49952
17678.7 1.49489
17690.7 1.49029
17702.7 1.4857
17714.7 1.48113
17726.7 1.47659
17738.7 1.47206
17750.8 1.46755
17762.8 1.46306
17774.8 1.45859
17786.8 1.45414
17798.8 1.4497
17810.8 1.44529
17822.8 1.44089
17834.8 1.43651
17846.8 1.43215
17858.9 1.42781
17870.9 1.42349
17882.9 1.41918
17894.9 1.4149
17906.9 1.41063
17918.9 1.40637
17930.9 1.40214
17942.9 1.39792
17955 1.39372
17967 1.38954
17979 1.38538
17991 1.38123
18003 1.3771
18015 1.37299
18027 1.36889
18039 1.36481
18051.1 1.36075
18063.1 1.35671
18075.1 1.35268
18087.1 1.34866
18099.1 1.34467
18111.1 1.34069
18123.1 1.33672
18135.1 1.33278
18147.1 1.32884
18159.2 1.32493
18171.2 1.32103
18183.2 1.31715
18195.2 1.31328
18207.2 1.30942
18219.2 1.30559
18231.2 1.30177
18243.2 1.29796
18255.3 1.29417
18267.3 1.29039
18279.3 1.28663
18291.3 1.28289
18303.3 1.27916
18315.3 1.27544
18327.3 1.27174
18339.3 1.26806
18351.4 1.26439
18363.4 1.26073
18375.4 1.25709
18387.4 1.25346
18399.4 1.24985
18411.4 1.24625
18423.4 1.24267
18435.4 1.2391
18447.4 1.23554
18459.5 1.232
18471.5 1.22847
18483.5 1.22496
18495.5 1.22146
18507.5 1.21797
18519.5 1.2145
18531.5 1.21104
18543.5 1.20759
18555.6 1.20416
18567.6 1.20074
18579.6 1.19734
18591.6 1.19395
18603.6 1.19057
18615.6 1.1872
18627.6 1.18385
18639.6 1.18051
18651.7 1.17718
18663.7 1.17387
18675.7 1.17057
18687.7 1.16728
18699.7 1.16401
18711.7 1.16074
18723.7 1.15749
18735.7 1.15426
18747.7 1.15103
18759.8 1.14782
18771.8 1.14462
18783.8 1.14143
18795.8 1.13825
18807.8 1.13509
18819.8 1.13194
18831.8 1.1288
18843.8 1.12567
18855.9 1.12255
18867.9 1.11945
18879.9 1.11636
18891.9 1.11328
18903.9 1.11021
18915.9 1.10715
18927.9 1.10411
18939.9 1.10107
18952 1.09805
18964 1.09504
18976 1.09204
18988 1.08905
19000 1.08607
