7000 -5.36411
7012.01 -5.72852
7024.02 -6.09139
7036.04 -6.45261
7048.05 -6.8121
7060.06 -7.16977
7072.07 -7.52554
7084.08 -7.87933
7096.1 -8.23105
7108.11 -8.58065
7120.12 -8.92804
7132.13 -9.27315
7144.14 -9.61593
7156.16 -9.95631
7168.17 -10.2942
7180.18 -10.6296
7192.19 -10.9625
7204.2 -11.2928
7216.22 -11.6204
7228.23 -11.9454
7240.24 -12.2676
7252.25 -12.5871
7264.26 -12.9039
7276.28 -13.218
7288.29 -13.5293
7300.3 -13.8379
7312.31 -14.1438
7324.32 -14.4471
7336.34 -14.7477
7348.35 -15.0458
7360.36 -15.3416
7372.37 -15.635
7384.38 -15.9265
7396.4 -16.2161
7408.41 -16.5044
7420.42 -16.7919
7432.43 -17.0796
7444.44 -17.3689
7456.46 -17.6629
7468.47 -17.97
7480.48 -18.3099
7492.49 -18.6002
7504.5 -18.8659
7516.52 -19.1136
7528.53 -19.3453
7540.54 -19.5613
7552.55 -19.7607
7564.56 -19.9402
7576.58 -20.088
7588.59 -20.2029
7600.6 -20.3516
7612.61 -20.5066
7624.62 -20.6622
7636.64 -20.8156
7648.65 -20.9645
7660.66 -21.1064
7672.67 -21.2367
7684.68 -21.3336
7696.7 -21.4375
7708.71 -21.5687
7720.72 -21.7113
7732.73 -21.8619
7744.74 -22.0191
7756.76 -22.183
7768.77 -22.3544
7780.78 -22.5373
7792.79 -22.7514
7804.8 -22.943
7816.82 -23.118
7828.83 -23.2839
7840.84 -23.4429
7852.85 -23.5959
7864.86 -23.7432
7876.88 -23.8843
7888.89 -24.0173
7900.9 -24.1354
7912.91 -24.2642
7924.92 -24.3969
7936.94 -24.5314
7948.95 -24.6672
7960.96 -24.8046
7972.97 -24.9442
7984.98 -25.0877
7997 -25.2411
8009.01 -25.4076
8021.02 -25.5476
8033.03 -25.6759
8045.05 -25.795
8057.06 -25.9056
8069.07 -26.0069
8081.08 -26.0971
8093.09 -26.1709
8105.11 -26.2027
8117.12 -26.2322
8129.13 -26.3124
8141.14 -26.4145
8153.15 -26.5345
8165.17 -26.672
8177.18 -26.8293
8189.19 -27.0126
8201.2 -27.2376
8213.21 -27.5891
8225.23 -27.8532
8237.24 -28.0406
8249.25 -28.1852
8261.26 -28.2959
8273.27 -28.375
8285.29 -28.4207
8297.3 -28.4258
8309.31 -28.3668
8321.32 -28.1618
8333.33 -28.0928
8345.35 -28.0901
8357.36 -28.1283
8369.37 -28.2003
8381.38 -28.3057
8393.39 -28.4493
8405.41 -28.6453
8417.42 -28.942
8429.43 -29.3916
8441.44 -29.6179
8453.45 -29.7544
8465.47 -29.827
8477.48 -29.8428
8489.49 -29.8006
8501.5 -29.6911
8513.51 -29.4886
8525.53 -29.0817
8537.54 -28.5888
8549.55 -28.3623
8561.56 -28.2304
8573.57 -28.1636
8585.59 -28.1508
8597.6 -28.1891
8609.61 -28.2823
8621.62 -28.4468
8633.63 -28.7854
8645.65 -29.0507
8657.66 -29.2343
8669.67 -29.3842
8681.68 -29.5138
8693.69 -29.6295
8705.71 -29.7348
8717.72 -29.8321
8729.73 -29.923
8741.74 -30.0085
8753.75 -30.0896
8765.77 -30.1667
8777.78 -30.2405
8789.79 -30.3112
8801.8 -30.3793
8813.81 -30.445
8825.83 -30.5085
8837.84 -30.57
8849.85 -30.6297
8861.86 -30.6877
8873.87 -30.7441
8885.89 -30.7991
8897.9 -30.8526
8909.91 -30.9049
8921.92 -30.9559
8933.93 -31.0058
8945.95 -31.0547
8957.96 -31.1024
8969.97 -31.1492
8981.98 -31.1951
8993.99 -31.24
9006.01 -31.2841
9018.02 -31.3274
9030.03 -31.3699
9042.04 -31.4116
9054.05 -31.4526
9066.07 -31.4929
9078.08 -31.5326
9090.09 -31.5715
9102.1 -31.6099
9114.11 -31.6476
9126.13 -31.6847
9138.14 -31.7213
9150.15 -31.7573
9162.16 -31.7928
9174.17 -31.8277
9186.19 -31.8622
9198.2 -31.8961
9210.21 -31.9296
9222.22 -31.9626
9234.23 -31.9951
9246.25 -32.0271
9258.26 -32.0588
9270.27 -32.0899
9282.28 -32.1207
9294.29 -32.151
9306.31 -32.1809
9318.32 -32.2105
9330.33 -32.2396
9342.34 -32.2683
9354.35 -32.2966
9366.37 -32.3245
9378.38 -32.352
9390.39 -32.3792
9402.4 -32.406
9414.41 -32.4324
9426.43 -32.4584
9438.44 -32.484
9450.45 -32.5093
9462.46 -32.5341
9474.47 -32.5586
9486.49 -32.5827
9498.5 -32.6064
9510.51 -32.6298
9522.52 -32.6527
9534.53 -32.6752
9546.55 -32.6974
9558.56 -32.7191
9570.57 -32.7404
9582.58 -32.7613
9594.59 -32.7818
9606.61 -32.8018
9618.62 -32.8214
9630.63 -32.8406
9642.64 -32.8593
9654.65 -32.8775
9666.67 -32.8953
9678.68 -32.9125
9690.69 -32.9293
9702.7 -32.9456
9714.71 -32.9613
9726.73 -32.9765
9738.74 -32.9911
9750.75 -33.0052
9762.76 -33.0186
9774.77 -33.0315
9786.79 -33.0438
9798.8 -33.0554
9810.81 -33.0664
9822.82 -33.0767
9834.83 -33.0863
9846.85 -33.0952
9858.86 -33.1033
9870.87 -33.1107
9882.88 -33.1173
9894.89 -33.1231
9906.91 -33.1281
9918.92 -33.1322
9930.93 -33.1355
9942.94 -33.1378
9954.95 -33.1392
9966.97 -33.1396
9978.98 -33.139
9990.99 -33.1374
10003 -33.1347
10015 -33.1309
10027 -33.126
10039 -33.1199
10051.1 -33.1126
10063.1 -33.1041
10075.1 -33.0943
10087.1 -33.0832
10099.1 -33.0707
10111.1 -33.0568
10123.1 -33.0415
10135.1 -33.0247
10147.1 -33.0063
10159.2 -32.9864
10171.2 -32.9648
10183.2 -32.9416
10195.2 -32.9167
10207.2 -32.8899
10219.2 -32.8614
10231.2 -32.8309
10243.2 -32.7986
10255.3 -32.7642
10267.3 -32.7278
10279.3 -32.6893
10291.3 -32.6486
10303.3 -32.6057
10315.3 -32.5605
10327.3 -32.513
10339.3 -32.4631
10351.4 -32.4107
10363.4 -32.3557
10375.4 -32.2982
10387.4 -32.238
10399.4 -32.175
10411.4 -32.1093
10423.4 -32.0407
10435.4 -31.9691
10447.4 -31.8945
10459.5 -31.8169
10471.5 -31.736
10483.5 -31.652
10495.5 -31.5646
10507.5 -31.4739
10519.5 -31.3797
10531.5 -31.2819
10543.5 -31.1806
10555.6 -31.0756
10567.6 -30.9668
10579.6 -30.8542
10591.6 -30.7376
10603.6 -30.6171
10615.6 -30.4925
10627.6 -30.3638
10639.6 -30.2309
10651.7 -30.0937
10663.7 -29.9521
10675.7 -29.806
10687.7 -29.6555
10699.7 -29.5003
10711.7 -29.3405
10723.7 -29.1759
10735.7 -29.0066
10747.7 -28.8323
10759.8 -28.6531
10771.8 -28.4688
10783.8 -28.2794
10795.8 -28.0848
10807.8 -27.885
10819.8 -27.6798
10831.8 -27.4692
10843.8 -27.2531
10855.9 -27.0314
10867.9 -26.804
10879.9 -26.5708
10891.9 -26.3318
10903.9 -26.0867
10915.9 -25.8356
10927.9 -25.5781
10939.9 -25.3142
10952 -25.0437
10964 -24.7664
10976 -24.4819
10988 -24.1899
11000 -23.89
11012 -23.5818
11024 -23.2644
11036 -22.9369
11048 -22.598
11060.1 -22.2456
11072.1 -21.8767
11084.1 -21.4853
11096.1 -21.0578
11108.1 -20.5246
11120.1 -20.062
11132.1 -19.6583
11144.1 -19.2857
11156.2 -18.9363
11168.2 -18.607
11180.2 -18.2972
11192.2 -18.0087
11204.2 -17.7498
11216.2 -17.5479
11228.2 -17.3061
11240.2 -17.0498
11252.3 -16.7888
11264.3 -16.527
11276.3 -16.2671
11288.3 -16.0115
11300.3 -15.764
11312.3 -15.5334
11324.3 -15.3283
11336.3 -15.089
11348.3 -14.838
11360.4 -14.5803
11372.4 -14.3182
11384.4 -14.0527
11396.4 -13.7841
11408.4 -13.5117
11420.4 -13.2296
11432.4 -12.9462
11444.4 -12.6821
11456.5 -12.4285
11468.5 -12.1847
11480.5 -11.9515
11492.5 -11.731
11504.5 -11.5267
11516.5 -11.3476
11528.5 -11.2392
11540.5 -11.0931
11552.6 -10.9094
11564.6 -10.7085
11576.6 -10.4965
11588.6 -10.2765
11600.6 -10.0499
11612.6 -9.8178
11624.6 -9.57993
11636.6 -9.33332
11648.6 -9.08982
11660.7 -8.84706
11672.7 -8.60396
11684.7 -8.36009
11696.7 -8.11497
11708.7 -7.86788
11720.7 -7.61734
11732.7 -7.35883
11744.7 -7.08595
11756.8 -6.83553
11768.8 -6.59476
11780.8 -6.36071
11792.8 -6.1322
11804.8 -5.90863
11816.8 -5.68959
11828.8 -5.47481
11840.8 -5.26405
11852.9 -5.05726
11864.9 -4.85472
11876.9 -4.65624
11888.9 -4.46179
11900.9 -4.27144
11912.9 -4.08535
11924.9 -3.90391
11936.9 -3.72819
11948.9 -3.56455
11961 -3.39826
11973 -3.22733
11985 -3.05486
11997 -2.88138
12009 -2.70679
12021 -2.53051
12033 -2.35135
12045 -2.16621
12057.1 -1.96297
12069.1 -1.77669
12081.1 -1.59992
12093.1 -1.42804
12105.1 -1.2589
12117.1 -1.09067
12129.1 -0.921173
12141.1 -0.746726
12153.2 -0.557628
12165.2 -0.335259
12177.2 -0.164821
12189.2 -0.0186688
12201.2 0.110102
12213.2 0.223866
12225.2 0.323315
12237.2 0.40785
12249.2 0.47479
12261.3 0.512773
12273.3 0.524794
12285.3 0.569177
12297.3 0.621363
12309.3 0.677076
12321.3 0.734679
12333.3 0.793544
12345.3 0.853731
12357.4 0.916318
12369.4 0.989073
12381.4 1.05523
12393.4 1.11011
12405.4 1.15848
12417.4 1.20143
12429.4 1.23938
12441.4 1.27242
12453.5 1.30038
12465.5 1.32259
12477.5 1.33576
12489.5 1.3488
12501.5 1.36013
12513.5 1.36831
12525.5 1.37248
12537.5 1.37176
12549.5 1.36477
12561.6 1.34896
12573.6 1.31728
12585.6 1.25261
12597.6 1.22527
12609.6 1.21441
12621.6 1.2145
12633.6 1.22412
12645.6 1.24354
12657.7 1.27466
12669.7 1.32259
12681.7 1.40591
12693.7 1.5281
12705.7 1.57774
12717.7 1.59876
12729.7 1.59855
12741.7 1.57902
12753.8 1.53941
12765.8 1.47607
12777.8 1.37916
12789.8 1.1936
12801.8 1.02077
12813.8 0.924119
12825.8 0.859369
12837.8 0.817234
12849.8 0.79428
12861.9 0.789847
12873.9 0.805886
12885.9 0.849848
12897.9 0.962533
12909.9 1.03444
12921.9 1.0767
12933.9 1.10496
12945.9 1.12392
12958 1.13566
12970 1.14109
12982 1.14012
12994 1.13083
13006 1.10624
13018 1.09333
13030 1.08495
13042 1.07874
13054.1 1.07384
13066.1 1.06974
13078.1 1.06598
13090.1 1.06178
13102.1 1.05465
13114.1 1.04291
13126.1 1.04484
13138.1 1.05415
13150.2 1.07016
13162.2 1.09335
13174.2 1.12505
13186.2 1.1679
13198.2 1.22784
13210.2 1.3312
13222.2 1.44144
13234.2 1.49957
13246.2 1.53799
13258.3 1.56286
13270.3 1.57686
13282.3 1.58136
13294.3 1.57687
13306.3 1.56303
13318.3 1.53511
13330.3 1.50571
13342.3 1.47439
13354.4 1.43883
13366.4 1.39803
13378.4 1.35101
13390.4 1.29646
13402.4 1.2321
13414.4 1.15232
13426.4 1.03817
13438.4 0.950729
13450.5 0.874593
13462.5 0.803088
13474.5 0.733375
13486.5 0.663446
13498.5 0.591231
13510.5 0.513611
13522.5 0.422334
13534.5 0.307822
13546.5 0.230258
13558.6 0.167931
13570.6 0.116152
13582.6 0.0732061
13594.6 0.0385243
13606.6 0.0124174
13618.6 -0.00338759
13630.6 -0.000502236
13642.6 0.0128243
13654.7 0.0068397
13666.7 -0.00440362
13678.7 -0.0185013
13690.7 -0.0344958
13702.7 -0.0519956
13714.7 -0.0709892
13726.7 -0.0920206
13738.7 -0.119045
13750.8 -0.142491
13762.8 -0.161883
13774.8 -0.179172
13786.8 -0.194979
13798.8 -0.209728
13810.8 -0.223895
13822.8 -0.238292
13834.8 -0.255009
13846.8 -0.282491
13858.9 -0.293936
13870.9 -0.294638
13882.9 -0.286952
13894.9 -0.271072
13906.9 -0.246254
13918.9 -0.210717
13930.9 -0.160609
13942.9 -0.0845134
13955 0.0372694
13967 0.106404
13979 0.155979
13991 0.194136
14003 0.224191
14015 0.247982
14027 0.266744
14039 0.281543
14051.1 0.294289
14063.1 0.304468
14075.1 0.30576
14087.1 0.300968
14099.1 0.290373
14111.1 0.27372
14123.1 0.250241
14135.1 0.218301
14147.1 0.173948
14159.2 0.094755
14171.2 0.029353
14183.2 -0.0129996
14195.2 -0.044677
14207.2 -0.0686448
14219.2 -0.0859095
14231.2 -0.0964181
14243.2 -0.0989178
14255.3 -0.0891953
14267.3 -0.0471592
14279.3 -0.0317153
14291.3 -0.0331264
14303.3 -0.0446761
14315.3 -0.0646182
14327.3 -0.0927246
14339.3 -0.129877
14351.4 -0.178668
14363.4 -0.247234
14375.4 -0.35372
14387.4 -0.41898
14399.4 -0.467703
14411.4 -0.506456
14423.4 -0.537625
14435.4 -0.562229
14447.4 -0.580475
14459.5 -0.591612
14471.5 -0.591562
14483.5 -0.580634
14495.5 -0.582841
14507.5 -0.588455
14519.5 -0.595779
14531.5 -0.604177
14543.5 -0.613402
14555.6 -0.623459
14567.6 -0.634708
14579.6 -0.649735
14591.6 -0.663219
14603.6 -0.673094
14615.6 -0.681161
14627.6 -0.687874
14639.6 -0.693492
14651.7 -0.698253
14663.7 -0.702519
14675.7 -0.70715
14687.7 -0.716438
14699.7 -0.718322
14711.7 -0.714121
14723.7 -0.705145
14735.7 -0.691449
14747.7 -0.672585
14759.8 -0.647557
14771.8 -0.614302
14783.8 -0.567195
14795.8 -0.490993
14807.8 -0.44279
14819.8 -0.405929
14831.8 -0.374988
14843.8 -0.347699
14855.9 -0.322588
14867.9 -0.298293
14879.9 -0.272904
14891.9 -0.241211
14903.9 -0.200969
14915.9 -0.183205
14927.9 -0.175856
14939.9 -0.176829
14952 -0.18565
14964 -0.202692
14976 -0.229313
14988 -0.269031
15000 -0.339816
15012 -0.412166
15024 -0.456511
15036 -0.490844
15048 -0.518794
15060.1 -0.541926
15072.1 -0.560957
15084.1 -0.576028
15096.1 -0.586391
15108.1 -0.586269
15120.1 -0.591478
15132.1 -0.60124
15144.1 -0.613349
15156.2 -0.627371
15168.2 -0.64337
15180.2 -0.661786
15192.2 -0.683678
15204.2 -0.712026
15216.2 -0.756431
15228.2 -0.783465
15240.2 -0.801851
15252.3 -0.814724
15264.3 -0.823134
15276.3 -0.827482
15288.3 -0.827784
15300.3 -0.823604
15312.3 -0.813141
15324.3 -0.794607
15336.3 -0.781589
15348.3 -0.768955
15360.4 -0.755473
15372.4 -0.740448
15384.4 -0.723242
15396.4 -0.703033
15408.4 -0.678349
15420.4 -0.643771
15432.4 -0.604925
15444.4 -0.576797
15456.5 -0.551444
15468.5 -0.527134
15480.5 -0.502803
15492.5 -0.47747
15504.5 -0.449858
15516.5 -0.417514
15528.5 -0.368577
15540.5 -0.330675
15552.6 -0.303687
15564.6 -0.282193
15576.6 -0.264436
15588.6 -0.249386
15600.6 -0.236188
15612.6 -0.223817
15624.6 -0.210206
15636.6 -0.188312
15648.6 -0.180147
15660.7 -0.18069
15672.7 -0.187768
15684.7 -0.20084
15696.7 -0.21998
15708.7 -0.245817
15720.7 -0.279971
15732.7 -0.327628
15744.7 -0.396189
15756.8 -0.443077
15768.8 -0.483156
15780.8 -0.519849
15792.8 -0.554569
15804.8 -0.588111
15816.8 -0.621021
15828.8 -0.653802
15840.8 -0.687434
15852.9 -0.721482
15864.9 -0.752977
15876.9 -0.783337
15888.9 -0.812764
15900.9 -0.841238
15912.9 -0.868553
15924.9 -0.894214
15936.9 -0.916998
15948.9 -0.930085
15961 -0.948534
15973 -0.974013
15985 -1.00276
15997 -1.03342
16009 -1.06482
16021 -1.09539
16033 -1.12218
16045 -1.1374
16057.1 -1.10735
16069.1 -1.13612
16081.1 -1.20506
16093.1 -1.30476
16105.1 -1.43473
16117.1 -1.59848
16129.1 -1.80411
16141.1 -2.06913
16153.2 -2.44522
16165.2 -3.03385
16177.2 -3.36225
16189.2 -3.58269
16201.2 -3.73283
16213.2 -3.82555
16225.2 -3.86484
16237.2 -3.84825
16249.2 -3.7636
16261.3 -3.55908
16273.3 -3.24798
16285.3 -3.09471
16297.3 -2.98696
16309.3 -2.90437
16321.3 -2.83822
16333.3 -2.78378
16345.3 -2.73809
16357.4 -2.69921
16369.4 -2.66577
16381.4 -2.63677
16393.4 -2.61144
16405.4 -2.58921
16417.4 -2.56961
16429.4 -2.55226
16441.4 -2.53688
16453.5 -2.52321
16465.5 -2.51104
16477.5 -2.50021
16489.5 -2.49055
16501.5 -2.48196
16513.5 -2.47431
16525.5 -2.46751
16537.5 -2.46148
16549.5 -2.45616
16561.6 -2.45147
16573.6 -2.44736
16585.6 -2.44378
16597.6 -2.44069
16609.6 -2.43804
16621.6 -2.4358
16633.6 -2.43394
16645.6 -2.43243
16657.7 -2.43125
16669.7 -2.43036
16681.7 -2.42976
16693.7 -2.42941
16705.7 -2.4293
16717.7 -2.42942
16729.7 -2.42974
16741.7 -2.43026
16753.8 -2.43096
16765.8 -2.43184
16777.8 -2.43287
16789.8 -2.43405
16801.8 -2.43537
16813.8 -2.43682
16825.8 -2.43839
16837.8 -2.44008
16849.8 -2.44188
16861.9 -2.44378
16873.9 -2.44578
16885.9 -2.44787
16897.9 -2.45004
16909.9 -2.45229
16921.9 -2.45461
16933.9 -2.45701
16945.9 -2.45947
16958 -2.462
16970 -2.46458
16982 -2.46723
16994 -2.46992
17006 -2.47266
17018 -2.47545
17030 -2.47828
17042 -2.48116
17054.1 -2.48407
17066.1 -2.48702
17078.1 -2.49
17090.1 -2.49302
17102.1 -2.49606
17114.1 -2.49914
17126.1 -2.50224
17138.1 -2.50536
17150.2 -2.50851
17162.2 -2.51168
17174.2 -2.51487
17186.2 -2.51808
17198.2 -2.52131
17210.2 -2.52455
17222.2 -2.52781
17234.2 -2.53109
17246.2 -2.53438
17258.3 -2.53768
17270.3 -2.54099
17282.3 -2.54431
17294.3 -2.54764
17306.3 -2.55098
17318.3 -2.55432
17330.3 -2.55768
17342.3 -2.56104
17354.4 -2.5644
17366.4 -2.56778
17378.4 -2.57115
17390.4 -2.57453
17402.4 -2.57791
17414.4 -2.5813
17426.4 -2.58468
17438.4 -2.58807
17450.5 -2.59146
17462.5 -2.59485
17474.5 -2.59824
17486.5 -2.60163
17498.5 -2.60502
17510.5 -2.60841
17522.5 -2.6118
17534.5 -2.61518
17546.5 -2.61857
17558.6 -2.62195
17570.6 -2.62532
17582.6 -2.6287
17594.6 -2.63207
17606.6 -2.63544
17618.6 -2.6388
17630.6 -2.64216
17642.6 -2.64552
17654.7 -2.64887
17666.7 -2.65222
17678.7 -2.65556
17690.7 -2.6589
17702.7 -2.66223
17714.7 -2.66555
17726.7 -2.66887
17738.7 -2.67219
17750.8 -2.6755
17762.8 -2.6788
17774.8 -2.68209
17786.8 -2.68538
17798.8 -2.68866
17810.8 -2.69194
17822.8 -2.69521
17834.8 -2.69847
17846.8 -2.70173
17858.9 -2.70497
17870.9 -2.70821
17882.9 -2.71145
17894.9 -2.71467
17906.9 -2.71789
17918.9 -2.7211
17930.9 -2.7243
17942.9 -2.7275
17955 -2.73069
17967 -2.73387
17979 -2.73704
17991 -2.7402
18003 -2.74335
18015 -2.7465
18027 -2.74964
18039 -2.75277
18051.1 -2.75589
18063.1 -2.75901
18075.1 -2.76211
18087.1 -2.76521
18099.1 -2.7683
18111.1 -2.77138
18123.1 -2.77445
18135.1 -2.77751
18147.1 -2.78057
18159.2 -2.78362
18171.2 -2.78665
18183.2 -2.78968
18195.2 -2.7927
18207.2 -2.79572
18219.2 -2.79872
18231.2 -2.80171
18243.2 -2.8047
18255.3 -2.80768
18267.3 -2.81065
18279.3 -2.81361
18291.3 -2.81656
18303.3 -2.8195
18315.3 -2.82243
18327.3 -2.82536
18339.3 -2.82828
18351.4 -2.83118
18363.4 -2.83408
18375.4 -2.83697
18387.4 -2.83986
18399.4 -2.84273
18411.4 -2.84559
18423.4 -2.84845
18435.4 -2.8513
18447.4 -2.85414
18459.5 -2.85697
18471.5 -2.85979
18483.5 -2.8626
18495.5 -2.86541
18507.5 -2.8682
18519.5 -2.87099
18531.5 -2.87377
18543.5 -2.87654
18555.6 -2.8793
18567.6 -2.88205
18579.6 -2.8848
18591.6 -2.88754
18603.6 -2.89026
18615.6 -2.89298
18627.6 -2.8957
18639.6 -2.8984
18651.7 -2.90109
18663.7 -2.90378
18675.7 -2.90646
18687.7 -2.90913
18699.7 -2.91179
18711.7 -2.91444
18723.7 -2.91709
18735.7 -2.91972
18747.7 -2.92235
18759.8 -2.92497
18771.8 -2.92759
18783.8 -2.93019
18795.8 -2.93279
18807.8 -2.93538
18819.8 -2.93796
18831.8 -2.94053
18843.8 -2.94309
18855.9 -2.94565
18867.9 -2.9482
18879.9 -2.95074
18891.9 -2.95327
18903.9 -2.9558
18915.9 -2.95831
18927.9 -2.96082
18939.9 -2.96332
18952 -2.96582
18964 -2.9683
18976 -2.97078
18988 -2.97325
19000 -2.97572
