7000 -0.903027
7012.01 -0.891974
7024.02 -0.880718
7036.04 -0.86928
7048.05 -0.857686
7060.06 -0.845967
7072.07 -0.834163
7084.08 -0.822319
7096.1 -0.810489
7108.11 -0.798737
7120.12 -0.787138
7132.13 -0.77578
7144.14 -0.764765
7156.16 -0.754212
7168.17 -0.74426
7180.18 -0.735067
7192.19 -0.726816
7204.2 -0.719716
7216.22 -0.714007
7228.23 -0.709958
7240.24 -0.707878
7252.25 -0.70811
7264.26 -0.71104
7276.28 -0.717092
7288.29 -0.726735
7300.3 -0.740479
7312.31 -0.758871
7324.32 -0.78249
7336.34 -0.81194
7348.35 -0.847834
7360.36 -0.890781
7372.37 -0.941363
7384.38 -1.00011
7396.4 -1.06748
7408.41 -1.14383
7420.42 -1.22936
7432.43 -1.32419
7444.44 -1.42831
7456.46 -1.54182
7468.47 -1.66585
7480.48 -1.80394
7492.49 -1.93501
7504.5 -2.06337
7516.52 -2.18882
7528.53 -2.30987
7540.54 -2.42453
7552.55 -2.53024
7564.56 -2.62327
7576.58 -2.69419
7588.59 -2.74126
7600.6 -2.80998
7612.61 -2.88111
7624.62 -2.95105
7636.64 -3.0185
7648.65 -3.08316
7660.66 -3.14546
7672.67 -3.20678
7684.68 -3.27373
7696.7 -3.33518
7708.71 -3.38604
7720.72 -3.43173
7732.73 -3.47433
7744.74 -3.51558
7756.76 -3.5575
7768.77 -3.60302
7780.78 -3.65826
7792.79 -3.75077
7804.8 -3.80871
7816.82 -3.84058
7828.83 -3.85657
7840.84 -3.85965
7852.85 -3.85071
7864.86 -3.82929
7876.88 -3.79306
7888.89 -3.73416
7900.9 -3.6292
7912.91 -3.5664
7924.92 -3.52131
7936.94 -3.48615
7948.95 -3.45824
7960.96 -3.43642
7972.97 -3.42035
7984.98 -3.41051
7997 -3.40963
8009.01 -3.41933
8021.02 -3.42016
8033.03 -3.41974
8045.05 -3.4198
8057.06 -3.42139
8069.07 -3.42557
8081.08 -3.43393
8093.09 -3.44964
8105.11 -3.48705
8117.12 -3.52468
8129.13 -3.53375
8141.14 -3.53026
8153.15 -3.51692
8165.17 -3.49445
8177.18 -3.46244
8189.19 -3.4192
8201.2 -3.35994
8213.21 -3.25897
8225.23 -3.18078
8237.24 -3.12188
8249.25 -3.07152
8261.26 -3.02631
8273.27 -2.9844
8285.29 -2.94445
8297.3 -2.90503
8309.31 -2.86348
8321.32 -2.81205
8333.33 -2.77609
8345.35 -2.74914
8357.36 -2.72885
8369.37 -2.71461
8381.38 -2.70657
8393.39 -2.70555
8405.41 -2.71374
8417.42 -2.73838
8429.43 -2.78729
8441.44 -2.80478
8453.45 -2.81083
8465.47 -2.80947
8477.48 -2.80209
8489.49 -2.78908
8501.5 -2.77001
8513.51 -2.74324
8525.53 -2.70113
8537.54 -2.65179
8549.55 -2.61936
8561.56 -2.59181
8573.57 -2.5668
8585.59 -2.54308
8597.6 -2.5196
8609.61 -2.49511
8621.62 -2.46721
8633.63 -2.42378
8645.65 -2.39312
8657.66 -2.37616
8669.67 -2.36754
8681.68 -2.36598
8693.69 -2.3713
8705.71 -2.38399
8717.72 -2.40562
8729.73 -2.44063
8741.74 -2.50643
8753.75 -2.54852
8765.77 -2.57902
8777.78 -2.60379
8789.79 -2.6249
8801.8 -2.64342
8813.81 -2.65997
8825.83 -2.67497
8837.84 -2.68874
8849.85 -2.70147
8861.86 -2.71333
8873.87 -2.72446
8885.89 -2.73496
8897.9 -2.7449
8909.91 -2.75435
8921.92 -2.76337
8933.93 -2.77202
8945.95 -2.78032
8957.96 -2.78831
8969.97 -2.79603
8981.98 -2.80349
8993.99 -2.81073
9006.01 -2.81775
9018.02 -2.82459
9030.03 -2.83124
9042.04 -2.83773
9054.05 -2.84407
9066.07 -2.85027
9078.08 -2.85634
9090.09 -2.86229
9102.1 -2.86812
9114.11 -2.87385
9126.13 -2.87947
9138.14 -2.885
9150.15 -2.89044
9162.16 -2.89579
9174.17 -2.90107
9186.19 -2.90627
9198.2 -2.91139
9210.21 -2.91644
9222.22 -2.92143
9234.23 -2.92636
9246.25 -2.93122
9258.26 -2.93602
9270.27 -2.94077
9282.28 -2.94546
9294.29 -2.9501
9306.31 -2.95468
9318.32 -2.95922
9330.33 -2.9637
9342.34 -2.96814
9354.35 -2.97253
9366.37 -2.97688
9378.38 -2.98118
9390.39 -2.98543
9402.4 -2.98964
9414.41 -2.99381
9426.43 -2.99794
9438.44 -3.00203
9450.45 -3.00607
9462.46 -3.01007
9474.47 -3.01404
9486.49 -3.01796
9498.5 -3.02184
9510.51 -3.02569
9522.52 -3.02949
9534.53 -3.03325
9546.55 -3.03698
9558.56 -3.04066
9570.57 -3.04431
9582.58 -3.04791
9594.59 -3.05148
9606.61 -3.05501
9618.62 -3.0585
9630.63 -3.06195
9642.64 -3.06536
9654.65 -3.06873
9666.67 -3.07206
9678.68 -3.07535
9690.69 -3.0786
9702.7 -3.08181
9714.71 -3.08497
9726.73 -3.0881
9738.74 -3.09119
9750.75 -3.09424
9762.76 -3.09724
9774.77 -3.1002
9786.79 -3.10313
9798.8 -3.10601
9810.81 -3.10884
9822.82 -3.11164
9834.83 -3.11439
9846.85 -3.1171
9858.86 -3.11977
9870.87 -3.12239
9882.88 -3.12498
9894.89 -3.12751
9906.91 -3.13001
9918.92 -3.13246
9930.93 -3.13486
9942.94 -3.13722
9954.95 -3.13954
9966.97 -3.14181
9978.98 -3.14404
9990.99 -3.14622
10003 -3.14836
10015 -3.15046
10027 -3.1525
10039 -3.15451
10051.1 -3.15647
10063.1 -3.15838
10075.1 -3.16025
10087.1 -3.16208
10099.1 -3.16386
10111.1 -3.1656
10123.1 -3.16729
10135.1 -3.16894
10147.1 -3.17055
10159.2 -3.17211
10171.2 -3.17363
10183.2 -3.17511
10195.2 -3.17655
10207.2 -3.17795
10219.2 -3.17931
10231.2 -3.18062
10243.2 -3.1819
10255.3 -3.18314
10267.3 -3.18435
10279.3 -3.18552
10291.3 -3.18665
10303.3 -3.18775
10315.3 -3.18882
10327.3 -3.18986
10339.3 -3.19087
10351.4 -3.19185
10363.4 -3.19281
10375.4 -3.19374
10387.4 -3.19465
10399.4 -3.19555
10411.4 -3.19643
10423.4 -3.19729
10435.4 -3.19815
10447.4 -3.199
10459.5 -3.19984
10471.5 -3.20069
10483.5 -3.20154
10495.5 -3.2024
10507.5 -3.20328
10519.5 -3.20417
10531.5 -3.20509
10543.5 -3.20605
10555.6 -3.20704
10567.6 -3.20808
10579.6 -3.20917
10591.6 -3.21032
10603.6 -3.21155
10615.6 -3.21287
10627.6 -3.21427
10639.6 -3.21579
10651.7 -3.21744
10663.7 -3.21922
10675.7 -3.22116
10687.7 -3.22329
10699.7 -3.22561
10711.7 -3.22817
10723.7 -3.23099
10735.7 -3.23411
10747.7 -3.23756
10759.8 -3.2414
10771.8 -3.24569
10783.8 -3.2505
10795.8 -3.25591
10807.8 -3.26204
10819.8 -3.26904
10831.8 -3.27709
10843.8 -3.28648
10855.9 -3.29762
10867.9 -3.31123
10879.9 -3.3287
10891.9 -3.35458
10903.9 -3.39084
10915.9 -3.40925
10927.9 -3.42083
10939.9 -3.42766
10952 -3.43043
10964 -3.4293
10976 -3.42389
10988 -3.41289
11000 -3.38877
11012 -3.36429
11024 -3.35228
11036 -3.34527
11048 -3.34202
11060.1 -3.34228
11072.1 -3.34639
11084.1 -3.35543
11096.1 -3.3724
11108.1 -3.41321
11120.1 -3.43709
11132.1 -3.4466
11144.1 -3.44805
11156.2 -3.44314
11168.2 -3.43235
11180.2 -3.41545
11192.2 -3.39127
11204.2 -3.35594
11216.2 -3.29655
11228.2 -3.25865
11240.2 -3.23051
11252.3 -3.20798
11264.3 -3.18972
11276.3 -3.17535
11288.3 -3.16505
11300.3 -3.15983
11312.3 -3.16351
11324.3 -3.17979
11336.3 -3.1799
11348.3 -3.17441
11360.4 -3.16556
11372.4 -3.1543
11384.4 -3.14119
11396.4 -3.12666
11408.4 -3.11114
11420.4 -3.09584
11432.4 -3.0797
11444.4 -3.05983
11456.5 -3.03783
11468.5 -3.01405
11480.5 -2.98872
11492.5 -2.96204
11504.5 -2.9343
11516.5 -2.90611
11528.5 -2.88078
11540.5 -2.85018
11552.6 -2.81413
11564.6 -2.77396
11576.6 -2.72979
11588.6 -2.68141
11600.6 -2.62819
11612.6 -2.56886
11624.6 -2.50001
11636.6 -2.40905
11648.6 -2.33587
11660.7 -2.27129
11672.7 -2.21113
11684.7 -2.15396
11696.7 -2.09919
11708.7 -2.04667
11720.7 -1.9968
11732.7 -1.95163
11744.7 -1.91421
11756.8 -1.86522
11768.8 -1.811
11780.8 -1.75271
11792.8 -1.69049
11804.8 -1.62399
11816.8 -1.55229
11828.8 -1.47329
11840.8 -1.3789
11852.9 -1.27481
11864.9 -1.19196
11876.9 -1.11596
11888.9 -1.04416
11900.9 -0.975357
11912.9 -0.908883
11924.9 -0.844314
11936.9 -0.781399
11948.9 -0.720257
11961 -0.659932
11973 -0.600195
11985 -0.541119
11997 -0.482672
12009 -0.424827
12021 -0.367587
12033 -0.311032
12045 -0.2555
12057.1 -0.202689
12069.1 -0.147059
12081.1 -0.0895022
12093.1 -0.0304108
12105.1 0.0303237
12117.1 0.0930727
12129.1 0.158562
12141.1 0.228282
12153.2 0.306557
12165.2 0.40185
12177.2 0.474813
12189.2 0.538105
12201.2 0.594846
12213.2 0.646084
12225.2 0.692118
12237.2 0.732699
12249.2 0.766753
12261.3 0.789876
12273.3 0.803083
12285.3 0.828358
12297.3 0.856153
12309.3 0.884537
12321.3 0.912442
12333.3 0.938934
12345.3 0.962815
12357.4 0.981802
12369.4 0.984133
12381.4 0.993821
12393.4 1.01743
12405.4 1.04789
12417.4 1.08349
12429.4 1.12361
12441.4 1.16814
12453.5 1.21748
12465.5 1.27324
12477.5 1.34331
12489.5 1.4054
12501.5 1.46291
12513.5 1.51878
12525.5 1.57408
12537.5 1.62947
12549.5 1.68557
12561.6 1.74328
12573.6 1.80469
12585.6 1.87474
12597.6 1.93362
12609.6 1.98727
12621.6 2.03734
12633.6 2.0843
12645.6 2.12816
12657.7 2.16852
12669.7 2.20419
12681.7 2.23071
12693.7 2.24726
12705.7 2.28078
12717.7 2.32067
12729.7 2.36514
12741.7 2.41371
12753.8 2.46651
12765.8 2.5243
12777.8 2.58911
12789.8 2.67217
12801.8 2.75309
12813.8 2.81921
12825.8 2.87972
12837.8 2.93683
12849.8 2.99173
12861.9 3.04542
12873.9 3.09909
12885.9 3.15512
12897.9 3.2246
12909.9 3.27829
12921.9 3.31906
12933.9 3.35078
12945.9 3.37418
12958 3.38895
12970 3.3938
12982 3.38571
12994 3.35609
13006 3.27916
13018 3.24871
13030 3.23916
13042 3.24211
13054.1 3.25483
13066.1 3.27648
13078.1 3.30757
13090.1 3.3506
13102.1 3.41533
13114.1 3.50878
13126.1 3.56021
13138.1 3.59572
13150.2 3.6201
13162.2 3.63473
13174.2 3.63953
13186.2 3.63302
13198.2 3.61105
13210.2 3.55381
13222.2 3.48929
13234.2 3.46253
13246.2 3.44893
13258.3 3.44388
13270.3 3.44537
13282.3 3.45242
13294.3 3.46472
13306.3 3.48281
13318.3 3.51198
13330.3 3.53801
13342.3 3.56116
13354.4 3.58365
13366.4 3.60605
13378.4 3.62856
13390.4 3.65125
13402.4 3.67402
13414.4 3.69658
13426.4 3.71775
13438.4 3.74144
13450.5 3.76668
13462.5 3.79308
13474.5 3.82046
13486.5 3.84871
13498.5 3.87769
13510.5 3.90713
13522.5 3.9362
13534.5 3.96389
13546.5 3.99753
13558.6 4.03479
13570.6 4.07543
13582.6 4.11974
13594.6 4.16835
13606.6 4.22254
13618.6 4.28508
13630.6 4.36695
13642.6 4.45813
13654.7 4.52155
13666.7 4.57504
13678.7 4.62179
13690.7 4.6631
13702.7 4.69957
13714.7 4.73126
13726.7 4.75752
13738.7 4.77313
13750.8 4.79087
13762.8 4.8114
13774.8 4.83223
13786.8 4.85264
13798.8 4.87227
13810.8 4.89085
13822.8 4.90814
13834.8 4.92372
13846.8 4.93632
13858.9 4.94937
13870.9 4.96198
13882.9 4.97363
13894.9 4.98398
13906.9 4.99272
13918.9 4.99942
13930.9 5.0034
13942.9 5.00286
13955 4.99482
13967 4.99324
13979 4.99317
13991 4.99316
14003 4.99236
14015 4.98998
14027 4.98493
14039 4.97527
14051.1 4.95433
14063.1 4.92527
14075.1 4.9159
14087.1 4.91364
14099.1 4.91616
14111.1 4.9224
14123.1 4.93178
14135.1 4.94395
14147.1 4.95877
14159.2 4.97674
14171.2 4.99615
14183.2 5.01659
14195.2 5.03831
14207.2 5.06129
14219.2 5.0854
14231.2 5.1104
14243.2 5.13577
14255.3 5.16019
14267.3 5.17733
14279.3 5.20595
14291.3 5.24318
14303.3 5.2872
14315.3 5.33793
14327.3 5.39598
14339.3 5.46282
14351.4 5.54147
14363.4 5.64061
14375.4 5.77915
14387.4 5.87605
14399.4 5.95699
14411.4 6.02906
14423.4 6.09519
14435.4 6.15715
14447.4 6.21632
14459.5 6.27431
14471.5 6.33501
14483.5 6.39865
14495.5 6.44668
14507.5 6.4869
14519.5 6.52072
14531.5 6.54853
14543.5 6.57026
14555.6 6.58528
14567.6 6.59183
14579.6 6.57976
14591.6 6.56913
14603.6 6.56763
14615.6 6.56824
14627.6 6.56906
14639.6 6.56902
14651.7 6.56717
14663.7 6.56238
14675.7 6.55248
14687.7 6.52844
14699.7 6.51364
14711.7 6.5047
14723.7 6.49805
14735.7 6.49225
14747.7 6.48627
14759.8 6.479
14771.8 6.46884
14783.8 6.45203
14795.8 6.41874
14807.8 6.4051
14819.8 6.40049
14831.8 6.40145
14843.8 6.40654
14855.9 6.4149
14867.9 6.4258
14879.9 6.43836
14891.9 6.45033
14903.9 6.46074
14915.9 6.48266
14927.9 6.51106
14939.9 6.54511
14952 6.58469
14964 6.63007
14976 6.68197
14988 6.74211
15000 6.81854
15012 6.89865
15024 6.96992
15036 7.04067
15048 7.11312
15060.1 7.18892
15072.1 7.26986
15084.1 7.35868
15096.1 7.4612
15108.1 7.60576
15120.1 7.72151
15132.1 7.81347
15144.1 7.89318
15156.2 7.96426
15168.2 8.02848
15180.2 8.08682
15192.2 8.13977
15204.2 8.18709
15216.2 8.22677
15228.2 8.26762
15240.2 8.30771
15252.3 8.34652
15264.3 8.38407
15276.3 8.42062
15288.3 8.45673
15300.3 8.49361
15312.3 8.53522
15324.3 8.58528
15336.3 8.6136
15348.3 8.63074
15360.4 8.63837
15372.4 8.63646
15384.4 8.62394
15396.4 8.59841
15408.4 8.55422
15420.4 8.46775
15432.4 8.36552
15444.4 8.31658
15456.5 8.28616
15468.5 8.268
15480.5 8.25947
15492.5 8.25936
15504.5 8.26748
15516.5 8.28502
15528.5 8.32141
15540.5 8.35275
15552.6 8.3788
15564.6 8.40389
15576.6 8.42933
15588.6 8.45586
15600.6 8.48409
15612.6 8.51482
15624.6 8.54967
15636.6 8.59406
15648.6 8.63157
15660.7 8.66624
15672.7 8.70012
15684.7 8.73416
15696.7 8.76922
15708.7 8.80631
15720.7 8.8472
15732.7 8.89676
15744.7 8.96182
15756.8 9.00365
15768.8 9.03568
15780.8 9.06086
15792.8 9.08012
15804.8 9.09359
15816.8 9.10066
15828.8 9.09932
15840.8 9.0808
15852.9 9.0519
15864.9 9.04799
15876.9 9.05331
15888.9 9.06552
15900.9 9.08417
15912.9 9.10986
15924.9 9.14451
15936.9 9.19313
15948.9 9.28451
15961 9.35387
15973 9.39329
15985 9.41758
15997 9.43051
16009 9.43351
16021 9.42689
16033 9.40981
16045 9.37892
16057.1 9.319
16069.1 9.27634
16081.1 9.24194
16093.1 9.21054
16105.1 9.18036
16117.1 9.15051
16129.1 9.12045
16141.1 9.08984
16153.2 9.05843
16165.2 9.02608
16177.2 8.99238
16189.2 8.95727
16201.2 8.92063
16213.2 8.88235
16225.2 8.84231
16237.2 8.80041
16249.2 8.75656
16261.3 8.71087
16273.3 8.66304
16285.3 8.61135
16297.3 8.55605
16309.3 8.49677
16321.3 8.43288
16333.3 8.36335
16345.3 8.28638
16357.4 8.19805
16369.4 8.0771
16381.4 7.96715
16393.4 7.88004
16405.4 7.80278
16417.4 7.73201
16429.4 7.66615
16441.4 7.60423
16453.5 7.54559
16465.5 7.48947
16477.5 7.43348
16489.5 7.38418
16501.5 7.34086
16513.5 7.30317
16525.5 7.27165
16537.5 7.24752
16549.5 7.233
16561.6 7.23269
16573.6 7.25952
16585.6 7.34491
16597.6 7.36024
16609.6 7.34406
16621.6 7.30703
16633.6 7.25264
16645.6 7.18178
16657.7 7.09355
16669.7 6.98417
16681.7 6.83907
16693.7 6.65533
16705.7 6.51967
16717.7 6.39693
16729.7 6.28014
16741.7 6.16599
16753.8 6.05218
16765.8 5.93633
16777.8 5.81466
16789.8 5.67014
16801.8 5.5328
16813.8 5.42141
16825.8 5.32262
16837.8 5.23372
16849.8 5.15389
16861.9 5.08344
16873.9 5.02396
16885.9 4.98026
16897.9 4.97726
16909.9 4.94885
16921.9 4.902
16933.9 4.84639
16945.9 4.78522
16958 4.72022
16970 4.65278
16982 4.58462
16994 4.51957
17006 4.46873
17018 4.39092
17030 4.29666
17042 4.18864
17054.1 4.06656
17066.1 3.9284
17078.1 3.76982
17090.1 3.58134
17102.1 3.33211
17114.1 2.99978
17126.1 2.79691
17138.1 2.64372
17150.2 2.52481
17162.2 2.43494
17174.2 2.373
17186.2 2.34131
17198.2 2.34833
17210.2 2.43682
17222.2 2.54526
17234.2 2.57499
17246.2 2.57945
17258.3 2.56849
17270.3 2.54615
17282.3 2.51413
17294.3 2.47237
17306.3 2.41784
17318.3 2.32912
17330.3 2.26245
17342.3 2.21683
17354.4 2.18373
17366.4 2.16153
17378.4 2.15059
17390.4 2.15279
17402.4 2.17251
17414.4 2.22182
17426.4 2.34316
17438.4 2.39639
17450.5 2.41557
17462.5 2.41456
17474.5 2.3979
17486.5 2.3672
17498.5 2.32226
17510.5 2.26041
17522.5 2.17108
17534.5 2.04141
17546.5 1.95878
17558.6 1.89235
17570.6 1.83568
17582.6 1.7864
17594.6 1.74355
17606.6 1.70701
17618.6 1.67767
17630.6 1.66046
17642.6 1.6506
17654.7 1.63077
17666.7 1.60951
17678.7 1.58861
17690.7 1.56924
17702.7 1.55261
17714.7 1.54051
17726.7 1.5367
17738.7 1.56113
17750.8 1.56744
17762.8 1.55334
17774.8 1.52803
17786.8 1.4938
17798.8 1.45126
17810.8 1.40001
17822.8 1.33837
17834.8 1.26117
17846.8 1.14735
17858.9 1.06214
17870.9 0.991603
17882.9 0.928575
17894.9 0.870558
17906.9 0.816282
17918.9 0.764986
17930.9 0.716169
17942.9 0.669481
17955 0.624665
17967 0.581524
17979 0.539906
17991 0.499688
18003 0.460772
18015 0.423073
18027 0.386522
18039 0.35106
18051.1 0.316633
18063.1 0.283199
18075.1 0.250715
18087.1 0.219148
18099.1 0.188464
18111.1 0.158634
18123.1 0.129633
18135.1 0.101435
18147.1 0.0740183
18159.2 0.0473613
18171.2 0.0214443
18183.2 -0.00375118
18195.2 -0.0282428
18207.2 -0.0520474
18219.2 -0.0751807
18231.2 -0.097658
18243.2 -0.119494
18255.3 -0.140703
18267.3 -0.161298
18279.3 -0.181292
18291.3 -0.200699
18303.3 -0.21953
18315.3 -0.237797
18327.3 -0.255513
18339.3 -0.272688
18351.4 -0.289334
18363.4 -0.305461
18375.4 -0.321081
18387.4 -0.336203
18399.4 -0.350839
18411.4 -0.364996
18423.4 -0.378687
18435.4 -0.39192
18447.4 -0.404704
18459.5 -0.417049
18471.5 -0.428965
18483.5 -0.440459
18495.5 -0.451541
18507.5 -0.462219
18519.5 -0.472502
18531.5 -0.482399
18543.5 -0.491916
18555.6 -0.501063
18567.6 -0.509848
18579.6 -0.518277
18591.6 -0.526359
18603.6 -0.534102
18615.6 -0.541512
18627.6 -0.548597
18639.6 -0.555364
18651.7 -0.56182
18663.7 -0.567972
18675.7 -0.573827
18687.7 -0.579391
18699.7 -0.584671
18711.7 -0.589674
18723.7 -0.594405
18735.7 -0.59887
18747.7 -0.603077
18759.8 -0.607031
18771.8 -0.610738
18783.8 -0.614203
18795.8 -0.617432
18807.8 -0.620431
18819.8 -0.623205
18831.8 -0.62576
18843.8 -0.6281
18855.9 -0.630232
18867.9 -0.632159
18879.9 -0.633887
18891.9 -0.635422
18903.9 -0.636766
18915.9 -0.637926
18927.9 -0.638906
18939.9 -0.63971
18952 -0.640343
18964 -0.640809
18976 -0.641112
18988 -0.641257
19000 -0.641247
