7000 -2.26968
7012.01 -2.27262
7024.02 -2.27553
7036.04 -2.27842
7048.05 -2.28128
7060.06 -2.28412
7072.07 -2.28693
7084.08 -2.28972
7096.1 -2.29248
7108.11 -2.29522
7120.12 -2.29793
7132.13 -2.30061
7144.14 -2.30327
7156.16 -2.30591
7168.17 -2.30852
7180.18 -2.31111
7192.19 -2.31368
7204.2 -2.31622
7216.22 -2.31875
7228.23 -2.32125
7240.24 -2.32374
7252.25 -2.32621
7264.26 -2.32867
7276.28 -2.33111
7288.29 -2.33355
7300.3 -2.33598
7312.31 -2.33841
7324.32 -2.34085
7336.34 -2.34331
7348.35 -2.34578
7360.36 -2.3483
7372.37 -2.35087
7384.38 -2.35351
7396.4 -2.35626
7408.41 -2.35915
7420.42 -2.36224
7432.43 -2.36564
7444.44 -2.3695
7456.46 -2.37414
7468.47 -2.38048
7480.48 -2.39068
7492.49 -2.39563
7504.5 -2.39806
7516.52 -2.39866
7528.53 -2.39758
7540.54 -2.39477
7552.55 -2.38995
7564.56 -2.38241
7576.58 -2.36961
7588.59 -2.3513
7600.6 -2.34189
7612.61 -2.33554
7624.62 -2.3312
7636.64 -2.32847
7648.65 -2.32724
7660.66 -2.3276
7672.67 -2.33002
7684.68 -2.33741
7696.7 -2.34405
7708.71 -2.34706
7720.72 -2.34862
7732.73 -2.34921
7744.74 -2.34901
7756.76 -2.34812
7768.77 -2.34653
7780.78 -2.34417
7792.79 -2.34048
7804.8 -2.33689
7816.82 -2.33319
7828.83 -2.3291
7840.84 -2.32444
7852.85 -2.31901
7864.86 -2.31246
7876.88 -2.30419
7888.89 -2.29249
7900.9 -2.27251
7912.91 -2.26237
7924.92 -2.2571
7936.94 -2.25518
7948.95 -2.25626
7960.96 -2.26038
7972.97 -2.26801
7984.98 -2.28036
7997 -2.30162
8009.01 -2.3342
8021.02 -2.35039
8033.03 -2.3608
8045.05 -2.3675
8057.06 -2.37129
8069.07 -2.3725
8081.08 -2.37118
8093.09 -2.36699
8105.11 -2.35765
8117.12 -2.34679
8129.13 -2.33921
8141.14 -2.33223
8153.15 -2.32531
8165.17 -2.31819
8177.18 -2.31071
8189.19 -2.30268
8201.2 -2.29387
8213.21 -2.28331
8225.23 -2.27316
8237.24 -2.26321
8249.25 -2.25301
8261.26 -2.24234
8273.27 -2.23097
8285.29 -2.21862
8297.3 -2.20478
8309.31 -2.18822
8321.32 -2.16488
8333.33 -2.1484
8345.35 -2.13535
8357.36 -2.12443
8369.37 -2.11527
8381.38 -2.1078
8393.39 -2.10222
8405.41 -2.09915
8417.42 -2.10084
8429.43 -2.10973
8441.44 -2.10806
8453.45 -2.1021
8465.47 -2.09306
8477.48 -2.08127
8489.49 -2.06668
8501.5 -2.04894
8513.51 -2.02706
8525.53 -1.99703
8537.54 -1.96284
8549.55 -1.93663
8561.56 -1.91208
8573.57 -1.88777
8585.59 -1.86269
8597.6 -1.83576
8609.61 -1.80535
8621.62 -1.76795
8633.63 -1.70497
8645.65 -1.66013
8657.66 -1.63486
8669.67 -1.62087
8681.68 -1.61613
8693.69 -1.62017
8705.71 -1.63353
8717.72 -1.65806
8729.73 -1.69927
8741.74 -1.7788
8753.75 -1.8287
8765.77 -1.86408
8777.78 -1.89223
8789.79 -1.9157
8801.8 -1.93581
8813.81 -1.95335
8825.83 -1.96884
8837.84 -1.98265
8849.85 -1.99503
8861.86 -2.00619
8873.87 -2.01629
8885.89 -2.02546
8897.9 -2.03379
8909.91 -2.04137
8921.92 -2.04827
8933.93 -2.05455
8945.95 -2.06026
8957.96 -2.06543
8969.97 -2.07012
8981.98 -2.07434
8993.99 -2.07814
9006.01 -2.08152
9018.02 -2.08452
9030.03 -2.08716
9042.04 -2.08944
9054.05 -2.0914
9066.07 -2.09303
9078.08 -2.09436
9090.09 -2.0954
9102.1 -2.09615
9114.11 -2.09663
9126.13 -2.09684
9138.14 -2.09679
9150.15 -2.0965
9162.16 -2.09596
9174.17 -2.09518
9186.19 -2.09417
9198.2 -2.09293
9210.21 -2.09147
9222.22 -2.08979
9234.23 -2.0879
9246.25 -2.0858
9258.26 -2.0835
9270.27 -2.08099
9282.28 -2.07828
9294.29 -2.07538
9306.31 -2.07228
9318.32 -2.06899
9330.33 -2.06551
9342.34 -2.06184
9354.35 -2.05799
9366.37 -2.05396
9378.38 -2.04975
9390.39 -2.04536
9402.4 -2.04079
9414.41 -2.03604
9426.43 -2.03112
9438.44 -2.02603
9450.45 -2.02076
9462.46 -2.01533
9474.47 -2.00973
9486.49 -2.00396
9498.5 -1.99802
9510.51 -1.99192
9522.52 -1.98565
9534.53 -1.97922
9546.55 -1.97263
9558.56 -1.96587
9570.57 -1.95896
9582.58 -1.95188
9594.59 -1.94465
9606.61 -1.93726
9618.62 -1.92971
9630.63 -1.922
9642.64 -1.91414
9654.65 -1.90613
9666.67 -1.89796
9678.68 -1.88963
9690.69 -1.88116
9702.7 -1.87253
9714.71 -1.86375
9726.73 -1.85482
9738.74 -1.84574
9750.75 -1.83652
9762.76 -1.82714
9774.77 -1.81762
9786.79 -1.80795
9798.8 -1.79814
9810.81 -1.78818
9822.82 -1.77807
9834.83 -1.76783
9846.85 -1.75744
9858.86 -1.74691
9870.87 -1.73624
9882.88 -1.72543
9894.89 -1.71448
9906.91 -1.70339
9918.92 -1.69217
9930.93 -1.68081
9942.94 -1.66932
9954.95 -1.65769
9966.97 -1.64593
9978.98 -1.63404
9990.99 -1.62201
10003 -1.60986
10015 -1.59758
10027 -1.58518
10039 -1.57265
10051.1 -1.55999
10063.1 -1.54721
10075.1 -1.53431
10087.1 -1.5213
10099.1 -1.50816
10111.1 -1.49491
10123.1 -1.48154
10135.1 -1.46806
10147.1 -1.45447
10159.2 -1.44076
10171.2 -1.42696
10183.2 -1.41304
10195.2 -1.39902
10207.2 -1.3849
10219.2 -1.37069
10231.2 -1.35637
10243.2 -1.34196
10255.3 -1.32746
10267.3 -1.31287
10279.3 -1.29819
10291.3 -1.28343
10303.3 -1.26859
10315.3 -1.25367
10327.3 -1.23868
10339.3 -1.22362
10351.4 -1.20849
10363.4 -1.1933
10375.4 -1.17804
10387.4 -1.16273
10399.4 -1.14738
10411.4 -1.13197
10423.4 -1.11652
10435.4 -1.10104
10447.4 -1.08552
10459.5 -1.06998
10471.5 -1.05442
10483.5 -1.03885
10495.5 -1.02326
10507.5 -1.00768
10519.5 -0.992113
10531.5 -0.976559
10543.5 -0.96103
10555.6 -0.945536
10567.6 -0.930087
10579.6 -0.914695
10591.6 -0.899371
10603.6 -0.884128
10615.6 -0.868982
10627.6 -0.853947
10639.6 -0.83904
10651.7 -0.824282
10663.7 -0.809692
10675.7 -0.795296
10687.7 -0.781118
10699.7 -0.767191
10711.7 -0.753547
10723.7 -0.740228
10735.7 -0.727278
10747.7 -0.714752
10759.8 -0.702714
10771.8 -0.691242
10783.8 -0.680431
10795.8 -0.670398
10807.8 -0.661295
10819.8 -0.65332
10831.8 -0.646746
10843.8 -0.641958
10855.9 -0.639552
10867.9 -0.640534
10879.9 -0.646947
10891.9 -0.665432
10903.9 -0.698817
10915.9 -0.705624
10927.9 -0.701983
10939.9 -0.69084
10952 -0.673152
10964 -0.649001
10976 -0.617661
10988 -0.576846
11000 -0.514246
11012 -0.450322
11024 -0.405592
11036 -0.367704
11048 -0.334225
11060.1 -0.304153
11072.1 -0.277084
11084.1 -0.253047
11096.1 -0.232767
11108.1 -0.221039
11120.1 -0.205209
11132.1 -0.186046
11144.1 -0.165513
11156.2 -0.144197
11168.2 -0.122383
11180.2 -0.100238
11192.2 -0.0778725
11204.2 -0.0553469
11216.2 -0.0326209
11228.2 -0.0102604
11240.2 0.0117467
11252.3 0.0333095
11264.3 0.0542637
11276.3 0.0743567
11288.3 0.093172
11300.3 0.109899
11312.3 0.122103
11324.3 0.127449
11336.3 0.143198
11348.3 0.162911
11360.4 0.185181
11372.4 0.209372
11384.4 0.235069
11396.4 0.26189
11408.4 0.289272
11420.4 0.315234
11432.4 0.341962
11444.4 0.375195
11456.5 0.412185
11468.5 0.452597
11480.5 0.496495
11492.5 0.544239
11504.5 0.59663
11516.5 0.655619
11528.5 0.731578
11540.5 0.799869
11552.6 0.860519
11564.6 0.918289
11576.6 0.97473
11588.6 1.03079
11600.6 1.08732
11612.6 1.14548
11624.6 1.20776
11636.6 1.283
11648.6 1.34337
11660.7 1.3952
11672.7 1.44122
11684.7 1.48213
11696.7 1.51788
11708.7 1.54778
11720.7 1.56997
11732.7 1.57838
11744.7 1.56434
11756.8 1.57815
11768.8 1.6024
11780.8 1.63322
11792.8 1.66914
11804.8 1.70955
11816.8 1.75431
11828.8 1.80385
11840.8 1.86072
11852.9 1.92289
11864.9 1.97986
11876.9 2.03649
11888.9 2.09371
11900.9 2.152
11912.9 2.21175
11924.9 2.27338
11936.9 2.33754
11948.9 2.40686
11961 2.4762
11973 2.54522
11985 2.61552
11997 2.68793
12009 2.7633
12021 2.84277
12033 2.92831
12045 3.02456
12057.1 3.15009
12069.1 3.25036
12081.1 3.33633
12093.1 3.41445
12105.1 3.48699
12117.1 3.55515
12129.1 3.61967
12141.1 3.68108
12153.2 3.73979
12165.2 3.79622
12177.2 3.85004
12189.2 3.90163
12201.2 3.95121
12213.2 3.999
12225.2 4.04523
12237.2 4.09026
12249.2 4.13481
12261.3 4.18136
12273.3 4.22925
12285.3 4.26582
12297.3 4.29619
12309.3 4.32097
12321.3 4.34006
12333.3 4.35281
12345.3 4.35781
12357.4 4.35171
12369.4 4.31586
12381.4 4.28884
12393.4 4.2812
12405.4 4.28157
12417.4 4.28711
12429.4 4.29659
12441.4 4.30947
12453.5 4.32579
12465.5 4.3466
12477.5 4.37833
12489.5 4.40186
12501.5 4.41976
12513.5 4.43414
12525.5 4.44536
12537.5 4.45327
12549.5 4.45723
12561.6 4.45583
12573.6 4.44499
12585.6 4.41493
12597.6 4.40512
12609.6 4.40347
12621.6 4.40639
12633.6 4.41236
12645.6 4.42041
12657.7 4.42968
12669.7 4.43892
12681.7 4.4447
12693.7 4.44629
12705.7 4.46296
12717.7 4.4871
12729.7 4.5175
12741.7 4.55401
12753.8 4.59704
12765.8 4.64773
12777.8 4.70888
12789.8 4.79517
12801.8 4.88022
12813.8 4.94768
12825.8 5.00965
12837.8 5.0692
12849.8 5.12817
12861.9 5.18825
12873.9 5.2517
12885.9 5.32317
12897.9 5.42438
12909.9 5.49862
12921.9 5.55176
12933.9 5.59182
12945.9 5.6209
12958 5.6394
12970 5.64652
12982 5.63966
12994 5.61085
13006 5.53571
13018 5.50332
13030 5.48939
13042 5.48586
13054.1 5.48995
13066.1 5.50056
13078.1 5.5175
13090.1 5.54173
13102.1 5.57774
13114.1 5.62882
13126.1 5.66154
13138.1 5.68835
13150.2 5.71173
13162.2 5.73268
13174.2 5.75173
13186.2 5.76924
13198.2 5.78556
13210.2 5.8016
13222.2 5.81619
13234.2 5.8274
13246.2 5.83617
13258.3 5.84258
13270.3 5.84646
13282.3 5.84749
13294.3 5.84502
13306.3 5.83752
13318.3 5.81723
13330.3 5.80298
13342.3 5.79399
13354.4 5.78682
13366.4 5.7803
13378.4 5.77364
13390.4 5.76612
13402.4 5.75675
13414.4 5.7434
13426.4 5.71923
13438.4 5.706
13450.5 5.69817
13462.5 5.69334
13474.5 5.69051
13486.5 5.68897
13498.5 5.68803
13510.5 5.68663
13522.5 5.68192
13534.5 5.67058
13546.5 5.67428
13558.6 5.68546
13570.6 5.70277
13582.6 5.726
13594.6 5.75562
13606.6 5.79286
13618.6 5.84067
13630.6 5.91104
13642.6 5.99296
13654.7 6.04577
13666.7 6.08908
13678.7 6.12645
13690.7 6.15948
13702.7 6.18904
13714.7 6.21566
13726.7 6.2396
13738.7 6.26052
13750.8 6.28004
13762.8 6.29838
13774.8 6.31533
13786.8 6.33085
13798.8 6.34491
13810.8 6.35743
13822.8 6.36823
13834.8 6.37682
13846.8 6.38117
13858.9 6.38755
13870.9 6.39463
13882.9 6.40174
13894.9 6.40863
13906.9 6.41522
13918.9 6.42146
13930.9 6.42739
13942.9 6.43325
13955 6.4395
13967 6.44351
13979 6.44607
13991 6.44732
14003 6.44724
14015 6.44577
14027 6.44274
14039 6.43788
14051.1 6.43031
14063.1 6.42029
14075.1 6.41096
14087.1 6.4006
14099.1 6.38867
14111.1 6.37461
14123.1 6.35769
14135.1 6.33673
14147.1 6.30917
14159.2 6.26144
14171.2 6.22245
14183.2 6.19755
14195.2 6.17909
14207.2 6.16499
14219.2 6.1542
14231.2 6.14601
14243.2 6.13977
14255.3 6.13451
14267.3 6.12659
14279.3 6.1262
14291.3 6.1317
14303.3 6.14205
14315.3 6.1572
14327.3 6.17756
14339.3 6.20405
14351.4 6.23867
14363.4 6.2871
14375.4 6.36179
14387.4 6.40932
14399.4 6.44661
14411.4 6.47832
14423.4 6.50639
14435.4 6.53196
14447.4 6.55598
14459.5 6.5795
14471.5 6.60516
14483.5 6.63311
14495.5 6.65096
14507.5 6.664
14519.5 6.6732
14531.5 6.67895
14543.5 6.68136
14555.6 6.68029
14567.6 6.67523
14579.6 6.66297
14591.6 6.64984
14603.6 6.63825
14615.6 6.62587
14627.6 6.612
14639.6 6.59609
14651.7 6.57755
14663.7 6.55547
14675.7 6.52787
14687.7 6.48598
14699.7 6.45294
14711.7 6.42555
14723.7 6.40039
14735.7 6.37618
14747.7 6.3521
14759.8 6.32735
14771.8 6.30089
14783.8 6.2704
14795.8 6.23004
14807.8 6.20099
14819.8 6.17693
14831.8 6.15571
14843.8 6.13635
14855.9 6.11815
14867.9 6.10038
14879.9 6.08189
14891.9 6.05943
14903.9 6.03159
14915.9 6.01801
14927.9 6.01101
14939.9 6.0092
14952 6.01213
14964 6.01979
14976 6.03253
14988 6.0514
15000 6.0816
15012 6.11494
15024 6.14329
15036 6.1721
15048 6.20291
15060.1 6.23691
15072.1 6.27548
15084.1 6.32079
15096.1 6.37754
15108.1 6.4686
15120.1 6.5368
15132.1 6.58621
15144.1 6.62625
15156.2 6.65994
15168.2 6.68893
15180.2 6.71434
15192.2 6.73725
15204.2 6.7594
15216.2 6.78536
15228.2 6.80033
15240.2 6.80831
15252.3 6.81073
15264.3 6.80796
15276.3 6.80001
15288.3 6.78647
15300.3 6.76632
15312.3 6.73609
15324.3 6.69244
15336.3 6.66026
15348.3 6.63014
15360.4 6.59988
15372.4 6.56828
15384.4 6.5343
15396.4 6.49662
15408.4 6.45282
15420.4 6.39377
15432.4 6.32935
15444.4 6.28559
15456.5 6.24923
15468.5 6.21782
15480.5 6.19028
15492.5 6.16609
15504.5 6.14513
15516.5 6.12782
15528.5 6.11805
15540.5 6.10557
15552.6 6.09007
15564.6 6.07311
15576.6 6.05482
15588.6 6.03485
15600.6 6.01232
15612.6 5.98534
15624.6 5.94858
15636.6 5.88165
15648.6 5.85111
15660.7 5.84251
15672.7 5.84993
15684.7 5.87243
15696.7 5.91113
15708.7 5.96928
15720.7 6.0543
15732.7 6.18915
15744.7 6.40642
15756.8 6.51865
15768.8 6.59102
15780.8 6.63818
15792.8 6.6657
15804.8 6.67602
15816.8 6.66966
15828.8 6.64489
15840.8 6.59125
15852.9 6.51722
15864.9 6.4662
15876.9 6.41827
15888.9 6.3697
15900.9 6.31854
15912.9 6.26317
15924.9 6.20163
15936.9 6.13029
15948.9 6.03091
15961 5.94312
15973 5.87143
15985 5.80626
15997 5.74479
16009 5.6854
16021 5.62684
16033 5.56765
16045 5.50509
16057.1 5.42896
16069.1 5.36894
16081.1 5.31914
16093.1 5.27623
16105.1 5.23929
16117.1 5.20821
16129.1 5.1835
16141.1 5.16667
16153.2 5.16261
16165.2 5.18097
16177.2 5.17678
16189.2 5.16471
16201.2 5.14862
16213.2 5.13018
16225.2 5.1105
16237.2 5.09068
16249.2 5.07237
16261.3 5.06082
16273.3 5.0548
16285.3 5.02883
16297.3 4.99341
16309.3 4.94994
16321.3 4.89836
16333.3 4.83759
16345.3 4.76502
16357.4 4.67426
16369.4 4.52854
16381.4 4.40488
16393.4 4.32463
16405.4 4.26576
16417.4 4.2234
16429.4 4.19618
16441.4 4.1847
16453.5 4.19193
16465.5 4.22672
16477.5 4.33136
16489.5 4.38743
16501.5 4.41298
16513.5 4.42339
16525.5 4.42376
16537.5 4.41671
16549.5 4.40389
16561.6 4.38665
16573.6 4.36675
16585.6 4.34739
16597.6 4.31741
16609.6 4.28037
16621.6 4.23727
16633.6 4.18832
16645.6 4.13336
16657.7 4.07181
16669.7 4.00219
16681.7 3.91941
16693.7 3.82238
16705.7 3.74066
16717.7 3.6622
16729.7 3.58458
16741.7 3.5067
16753.8 3.42785
16765.8 3.34748
16777.8 3.26508
16789.8 3.17981
16801.8 3.09196
16813.8 3.00144
16825.8 2.90734
16837.8 2.80876
16849.8 2.70458
16861.9 2.59307
16873.9 2.47127
16885.9 2.33241
16897.9 2.14426
16909.9 1.99046
16921.9 1.86183
16933.9 1.74577
16945.9 1.63804
16958 1.53633
16970 1.43899
16982 1.34446
16994 1.25025
17006 1.15045
17018 1.06412
17030 0.985505
17042 0.912456
17054.1 0.843947
17066.1 0.779222
17078.1 0.717502
17090.1 0.6576
17102.1 0.5962
17114.1 0.530955
17126.1 0.484143
17138.1 0.447599
17150.2 0.420014
17162.2 0.401326
17174.2 0.392218
17186.2 0.394365
17198.2 0.411734
17210.2 0.462319
17222.2 0.521006
17234.2 0.547294
17246.2 0.563433
17258.3 0.573661
17270.3 0.579854
17282.3 0.582962
17294.3 0.583355
17306.3 0.580649
17318.3 0.570393
17330.3 0.564951
17342.3 0.56422
17354.4 0.566428
17366.4 0.571276
17378.4 0.578844
17390.4 0.58946
17402.4 0.603819
17414.4 0.623656
17426.4 0.654742
17438.4 0.67885
17450.5 0.700756
17462.5 0.722675
17474.5 0.745744
17486.5 0.770994
17498.5 0.799758
17510.5 0.834386
17522.5 0.881665
17534.5 0.949531
17546.5 0.986357
17558.6 1.0104
17570.6 1.02529
17582.6 1.03193
17594.6 1.02993
17606.6 1.01739
17618.6 0.989211
17630.6 0.923175
17642.6 0.841023
17654.7 0.821176
17666.7 0.827522
17678.7 0.855008
17690.7 0.903149
17702.7 0.974304
17714.7 1.07471
17726.7 1.22035
17738.7 1.50109
17750.8 1.70614
17762.8 1.82501
17774.8 1.89974
17786.8 1.9413
17798.8 1.95362
17810.8 1.93689
17822.8 1.88733
17834.8 1.79136
17846.8 1.59184
17858.9 1.46733
17870.9 1.37994
17882.9 1.31029
17894.9 1.2517
17906.9 1.20083
17918.9 1.15569
17930.9 1.115
17942.9 1.07788
17955 1.0437
17967 1.01197
17979 0.982327
17991 0.954489
18003 0.928224
18015 0.903345
18027 0.879699
18039 0.857159
18051.1 0.835616
18063.1 0.81498
18075.1 0.795171
18087.1 0.776123
18099.1 0.757777
18111.1 0.74008
18123.1 0.722989
18135.1 0.706463
18147.1 0.690466
18159.2 0.674967
18171.2 0.659937
18183.2 0.64535
18195.2 0.631184
18207.2 0.617417
18219.2 0.604031
18231.2 0.591007
18243.2 0.57833
18255.3 0.565985
18267.3 0.553958
18279.3 0.542237
18291.3 0.53081
18303.3 0.519667
18315.3 0.508797
18327.3 0.498191
18339.3 0.48784
18351.4 0.477736
18363.4 0.467871
18375.4 0.458238
18387.4 0.44883
18399.4 0.439641
18411.4 0.430664
18423.4 0.421894
18435.4 0.413325
18447.4 0.404952
18459.5 0.39677
18471.5 0.388774
18483.5 0.380959
18495.5 0.373322
18507.5 0.365858
18519.5 0.358563
18531.5 0.351433
18543.5 0.344465
18555.6 0.337655
18567.6 0.330999
18579.6 0.324495
18591.6 0.318138
18603.6 0.311927
18615.6 0.305858
18627.6 0.299928
18639.6 0.294134
18651.7 0.288474
18663.7 0.282945
18675.7 0.277545
18687.7 0.272271
18699.7 0.26712
18711.7 0.262091
18723.7 0.257181
18735.7 0.252388
18747.7 0.247709
18759.8 0.243143
18771.8 0.238688
18783.8 0.234341
18795.8 0.230101
18807.8 0.225966
18819.8 0.221933
18831.8 0.218002
18843.8 0.214169
18855.9 0.210434
18867.9 0.206795
18879.9 0.203251
18891.9 0.199798
18903.9 0.196437
18915.9 0.193165
18927.9 0.18998
18939.9 0.186882
18952 0.183869
18964 0.180939
18976 0.178091
18988 0.175324
19000 0.172636
