7000 -5.789
7012.01 -6.12878
7024.02 -6.4683
7036.04 -6.80739
7048.05 -7.14589
7060.06 -7.48365
7072.07 -7.82049
7084.08 -8.15627
7096.1 -8.49082
7108.11 -8.82401
7120.12 -9.15568
7132.13 -9.48569
7144.14 -9.81391
7156.16 -10.1402
7168.17 -10.4644
7180.18 -10.7865
7192.19 -11.1062
7204.2 -11.4235
7216.22 -11.7384
7228.23 -12.0505
7240.24 -12.36
7252.25 -12.6667
7264.26 -12.9705
7276.28 -13.2713
7288.29 -13.5692
7300.3 -13.864
7312.31 -14.1556
7324.32 -14.4442
7336.34 -14.7296
7348.35 -15.0118
7360.36 -15.291
7372.37 -15.5671
7384.38 -15.8402
7396.4 -16.1106
7408.41 -16.3783
7420.42 -16.6439
7432.43 -16.9078
7444.44 -17.1711
7456.46 -17.4357
7468.47 -17.7073
7480.48 -17.9992
7492.49 -18.2556
7504.5 -18.4932
7516.52 -18.7163
7528.53 -18.9262
7540.54 -19.1228
7552.55 -19.3048
7564.56 -19.4688
7576.58 -19.6023
7588.59 -19.7044
7600.6 -19.8454
7612.61 -19.9967
7624.62 -20.1533
7636.64 -20.3131
7648.65 -20.4753
7660.66 -20.6403
7672.67 -20.8098
7684.68 -20.9954
7696.7 -21.1739
7708.71 -21.3337
7720.72 -21.4833
7732.73 -21.6245
7744.74 -21.7578
7756.76 -21.8829
7768.77 -21.9989
7780.78 -22.1031
7792.79 -22.1823
7804.8 -22.2717
7816.82 -22.3673
7828.83 -22.4637
7840.84 -22.559
7852.85 -22.6519
7864.86 -22.7411
7876.88 -22.8246
7888.89 -22.8973
7900.9 -22.9457
7912.91 -23.0203
7924.92 -23.1071
7936.94 -23.2018
7948.95 -23.3029
7960.96 -23.4105
7972.97 -23.5251
7984.98 -23.6489
7997 -23.7891
8009.01 -23.9501
8021.02 -24.084
8033.03 -24.2095
8045.05 -24.3306
8057.06 -24.4491
8069.07 -24.5663
8081.08 -24.6836
8093.09 -24.8026
8105.11 -24.9292
8117.12 -25.056
8129.13 -25.1728
8141.14 -25.2863
8153.15 -25.3984
8165.17 -25.5106
8177.18 -25.6246
8189.19 -25.7432
8201.2 -25.8719
8213.21 -26.039
8225.23 -26.1745
8237.24 -26.2823
8249.25 -26.3737
8261.26 -26.4519
8273.27 -26.5181
8285.29 -26.5719
8297.3 -26.6117
8309.31 -26.6313
8321.32 -26.6083
8333.33 -26.6203
8345.35 -26.6484
8357.36 -26.6858
8369.37 -26.7309
8381.38 -26.7842
8393.39 -26.8478
8405.41 -26.9274
8417.42 -27.042
8429.43 -27.212
8441.44 -27.289
8453.45 -27.3254
8465.47 -27.3305
8477.48 -27.3065
8489.49 -27.2514
8501.5 -27.159
8513.51 -27.0141
8525.53 -26.7518
8537.54 -26.4404
8549.55 -26.2832
8561.56 -26.1805
8573.57 -26.1153
8585.59 -26.0809
8597.6 -26.0752
8609.61 -26.0998
8621.62 -26.1632
8633.63 -26.3195
8645.65 -26.4381
8657.66 -26.5144
8669.67 -26.5737
8681.68 -26.6229
8693.69 -26.6654
8705.71 -26.703
8717.72 -26.7369
8729.73 -26.7679
8741.74 -26.7965
8753.75 -26.8232
8765.77 -26.8482
8777.78 -26.8717
8789.79 -26.8941
8801.8 -26.9154
8813.81 -26.9358
8825.83 -26.9553
8837.84 -26.974
8849.85 -26.9921
8861.86 -27.0096
8873.87 -27.0265
8885.89 -27.0429
8897.9 -27.0588
8909.91 -27.0743
8921.92 -27.0894
8933.93 -27.1041
8945.95 -27.1185
8957.96 -27.1326
8969.97 -27.1464
8981.98 -27.1599
8993.99 -27.1731
9006.01 -27.1861
9018.02 -27.1989
9030.03 -27.2114
9042.04 -27.2238
9054.05 -27.236
9066.07 -27.2479
9078.08 -27.2598
9090.09 -27.2714
9102.1 -27.2829
9114.11 -27.2943
9126.13 -27.3056
9138.14 -27.3167
9150.15 -27.3277
9162.16 -27.3385
9174.17 -27.3493
9186.19 -27.3599
9198.2 -27.3705
9210.21 -27.3809
9222.22 -27.3912
9234.23 -27.4015
9246.25 -27.4116
9258.26 -27.4217
9270.27 -27.4317
9282.28 -27.4415
9294.29 -27.4513
9306.31 -27.461
9318.32 -27.4706
9330.33 -27.4802
9342.34 -27.4896
9354.35 -27.4989
9366.37 -27.5081
9378.38 -27.5173
9390.39 -27.5263
9402.4 -27.5353
9414.41 -27.5441
9426.43 -27.5528
9438.44 -27.5614
9450.45 -27.5699
9462.46 -27.5783
9474.47 -27.5865
9486.49 -27.5946
9498.5 -27.6026
9510.51 -27.6104
9522.52 -27.6181
9534.53 -27.6256
9546.55 -27.633
9558.56 -27.6401
9570.57 -27.6471
9582.58 -27.654
9594.59 -27.6606
9606.61 -27.667
9618.62 -27.6732
9630.63 -27.6791
9642.64 -27.6849
9654.65 -27.6904
9666.67 -27.6956
9678.68 -27.7006
9690.69 -27.7052
9702.7 -27.7096
9714.71 -27.7137
9726.73 -27.7175
9738.74 -27.7209
9750.75 -27.724
9762.76 -27.7267
9774.77 -27.7291
9786.79 -27.731
9798.8 -27.7326
9810.81 -27.7337
9822.82 -27.7344
9834.83 -27.7346
9846.85 -27.7344
9858.86 -27.7336
9870.87 -27.7324
9882.88 -27.7306
9894.89 -27.7283
9906.91 -27.7254
9918.92 -27.7219
9930.93 -27.7177
9942.94 -27.713
9954.95 -27.7076
9966.97 -27.7015
9978.98 -27.6947
9990.99 -27.6872
10003 -27.6789
10015 -27.6699
10027 -27.66
10039 -27.6494
10051.1 -27.6378
10063.1 -27.6254
10075.1 -27.6121
10087.1 -27.5978
10099.1 -27.5825
10111.1 -27.5663
10123.1 -27.549
10135.1 -27.5307
10147.1 -27.5113
10159.2 -27.4907
10171.2 -27.469
10183.2 -27.4461
10195.2 -27.422
10207.2 -27.3966
10219.2 -27.3699
10231.2 -27.3419
10243.2 -27.3125
10255.3 -27.2818
10267.3 -27.2496
10279.3 -27.2159
10291.3 -27.1807
10303.3 -27.144
10315.3 -27.1056
10327.3 -27.0657
10339.3 -27.0241
10351.4 -26.9807
10363.4 -26.9357
10375.4 -26.8888
10387.4 -26.8401
10399.4 -26.7895
10411.4 -26.737
10423.4 -26.6826
10435.4 -26.6261
10447.4 -26.5676
10459.5 -26.5071
10471.5 -26.4444
10483.5 -26.3795
10495.5 -26.3125
10507.5 -26.2431
10519.5 -26.1715
10531.5 -26.0976
10543.5 -26.0212
10555.6 -25.9425
10567.6 -25.8612
10579.6 -25.7775
10591.6 -25.6912
10603.6 -25.6023
10615.6 -25.5108
10627.6 -25.4167
10639.6 -25.3198
10651.7 -25.2202
10663.7 -25.1177
10675.7 -25.0125
10687.7 -24.9044
10699.7 -24.7934
10711.7 -24.6795
10723.7 -24.5627
10735.7 -24.4428
10747.7 -24.3199
10759.8 -24.194
10771.8 -24.065
10783.8 -23.9329
10795.8 -23.7976
10807.8 -23.6593
10819.8 -23.5177
10831.8 -23.373
10843.8 -23.225
10855.9 -23.0739
10867.9 -22.9195
10879.9 -22.7618
10891.9 -22.6009
10903.9 -22.4368
10915.9 -22.2694
10927.9 -22.0987
10939.9 -21.9248
10952 -21.7477
10964 -21.5673
10976 -21.3836
10988 -21.1968
11000 -21.0067
11012 -20.8135
11024 -20.617
11036 -20.4175
11048 -20.2149
11060.1 -20.0092
11072.1 -19.8004
11084.1 -19.5886
11096.1 -19.3739
11108.1 -19.1563
11120.1 -18.9358
11132.1 -18.7125
11144.1 -18.4865
11156.2 -18.2577
11168.2 -18.0263
11180.2 -17.7924
11192.2 -17.5559
11204.2 -17.317
11216.2 -17.0757
11228.2 -16.8322
11240.2 -16.5864
11252.3 -16.3385
11264.3 -16.0886
11276.3 -15.8368
11288.3 -15.583
11300.3 -15.3276
11312.3 -15.0704
11324.3 -14.8117
11336.3 -14.5515
11348.3 -14.2899
11360.4 -14.0271
11372.4 -13.7631
11384.4 -13.498
11396.4 -13.232
11408.4 -12.9651
11420.4 -12.6976
11432.4 -12.4293
11444.4 -12.1606
11456.5 -11.8915
11468.5 -11.6221
11480.5 -11.3526
11492.5 -11.0829
11504.5 -10.8134
11516.5 -10.544
11528.5 -10.2748
11540.5 -10.0061
11552.6 -9.73786
11564.6 -9.47023
11576.6 -9.20331
11588.6 -8.93722
11600.6 -8.67206
11612.6 -8.40794
11624.6 -8.14494
11636.6 -7.88319
11648.6 -7.62277
11660.7 -7.36378
11672.7 -7.10632
11684.7 -6.85048
11696.7 -6.59634
11708.7 -6.344
11720.7 -6.09354
11732.7 -5.84504
11744.7 -5.59858
11756.8 -5.35424
11768.8 -5.11209
11780.8 -4.87221
11792.8 -4.63465
11804.8 -4.39949
11816.8 -4.16678
11828.8 -3.93659
11840.8 -3.70897
11852.9 -3.48397
11864.9 -3.26165
11876.9 -3.04204
11888.9 -2.8252
11900.9 -2.61115
11912.9 -2.39995
11924.9 -2.19163
11936.9 -1.98621
11948.9 -1.78372
11961 -1.5842
11973 -1.38765
11985 -1.19411
11997 -1.00359
12009 -0.816104
12021 -0.631663
12033 -0.450279
12045 -0.271957
12057.1 -0.0967016
12069.1 0.0754845
12081.1 0.244602
12093.1 0.410653
12105.1 0.573642
12117.1 0.733576
12129.1 0.890463
12141.1 1.04431
12153.2 1.19514
12165.2 1.34296
12177.2 1.48778
12189.2 1.62963
12201.2 1.76852
12213.2 1.90447
12225.2 2.03751
12237.2 2.16765
12249.2 2.29493
12261.3 2.41936
12273.3 2.54098
12285.3 2.65981
12297.3 2.77588
12309.3 2.88922
12321.3 2.99986
12333.3 3.10782
12345.3 3.21315
12357.4 3.31588
12369.4 3.41603
12381.4 3.51365
12393.4 3.60875
12405.4 3.70139
12417.4 3.79159
12429.4 3.87939
12441.4 3.96483
12453.5 4.04793
12465.5 4.12874
12477.5 4.20729
12489.5 4.28361
12501.5 4.35775
12513.5 4.42974
12525.5 4.49961
12537.5 4.56741
12549.5 4.63316
12561.6 4.6969
12573.6 4.75867
12585.6 4.81851
12597.6 4.87644
12609.6 4.93251
12621.6 4.98675
12633.6 5.0392
12645.6 5.08988
12657.7 5.13883
12669.7 5.18609
12681.7 5.23169
12693.7 5.27566
12705.7 5.31804
12717.7 5.35886
12729.7 5.39815
12741.7 5.43594
12753.8 5.47226
12765.8 5.50715
12777.8 5.54063
12789.8 5.57274
12801.8 5.60351
12813.8 5.63296
12825.8 5.66112
12837.8 5.68803
12849.8 5.7137
12861.9 5.73818
12873.9 5.76148
12885.9 5.78363
12897.9 5.80466
12909.9 5.82459
12921.9 5.84346
12933.9 5.86127
12945.9 5.87807
12958 5.89387
12970 5.9087
12982 5.92258
12994 5.93554
13006 5.94759
13018 5.95876
13030 5.96907
13042 5.97854
13054.1 5.98719
13066.1 5.99504
13078.1 6.00212
13090.1 6.00844
13102.1 6.01403
13114.1 6.01889
13126.1 6.02305
13138.1 6.02653
13150.2 6.02935
13162.2 6.03151
13174.2 6.03305
13186.2 6.03397
13198.2 6.0343
13210.2 6.03405
13222.2 6.03323
13234.2 6.03185
13246.2 6.02995
13258.3 6.02752
13270.3 6.02459
13282.3 6.02116
13294.3 6.01726
13306.3 6.01289
13318.3 6.00807
13330.3 6.00281
13342.3 5.99712
13354.4 5.99102
13366.4 5.98451
13378.4 5.97762
13390.4 5.97035
13402.4 5.96271
13414.4 5.95471
13426.4 5.94636
13438.4 5.93768
13450.5 5.92868
13462.5 5.91935
13474.5 5.90973
13486.5 5.8998
13498.5 5.88959
13510.5 5.8791
13522.5 5.86834
13534.5 5.85732
13546.5 5.84605
13558.6 5.83454
13570.6 5.82278
13582.6 5.8108
13594.6 5.7986
13606.6 5.78619
13618.6 5.77357
13630.6 5.76076
13642.6 5.74775
13654.7 5.73455
13666.7 5.72118
13678.7 5.70764
13690.7 5.69393
13702.7 5.68006
13714.7 5.66604
13726.7 5.65187
13738.7 5.63755
13750.8 5.62311
13762.8 5.60853
13774.8 5.59382
13786.8 5.579
13798.8 5.56405
13810.8 5.549
13822.8 5.53385
13834.8 5.51859
13846.8 5.50323
13858.9 5.48778
13870.9 5.47225
13882.9 5.45663
13894.9 5.44093
13906.9 5.42515
13918.9 5.4093
13930.9 5.39339
13942.9 5.3774
13955 5.36136
13967 5.34526
13979 5.32911
13991 5.31291
14003 5.29665
14015 5.28036
14027 5.26402
14039 5.24764
14051.1 5.23123
14063.1 5.21478
14075.1 5.19831
14087.1 5.18181
14099.1 5.16528
14111.1 5.14873
14123.1 5.13216
14135.1 5.11557
14147.1 5.09897
14159.2 5.08235
14171.2 5.06573
14183.2 5.04909
14195.2 5.03245
14207.2 5.0158
14219.2 4.99916
14231.2 4.98251
14243.2 4.96586
14255.3 4.94921
14267.3 4.93257
14279.3 4.91594
14291.3 4.89931
14303.3 4.88269
14315.3 4.86609
14327.3 4.84949
14339.3 4.83292
14351.4 4.81635
14363.4 4.79981
14375.4 4.78328
14387.4 4.76677
14399.4 4.75028
14411.4 4.73381
14423.4 4.71737
14435.4 4.70095
14447.4 4.68456
14459.5 4.66819
14471.5 4.65185
14483.5 4.63554
14495.5 4.61926
14507.5 4.60301
14519.5 4.58679
14531.5 4.5706
14543.5 4.55445
14555.6 4.53833
14567.6 4.52224
14579.6 4.50619
14591.6 4.49018
14603.6 4.4742
14615.6 4.45826
14627.6 4.44236
14639.6 4.4265
14651.7 4.41068
14663.7 4.39489
14675.7 4.37915
14687.7 4.36345
14699.7 4.34779
14711.7 4.33218
14723.7 4.3166
14735.7 4.30107
14747.7 4.28559
14759.8 4.27015
14771.8 4.25475
14783.8 4.2394
14795.8 4.22409
14807.8 4.20883
14819.8 4.19362
14831.8 4.17845
14843.8 4.16333
14855.9 4.14826
14867.9 4.13323
14879.9 4.11825
14891.9 4.10332
14903.9 4.08844
14915.9 4.07361
14927.9 4.05882
14939.9 4.04409
14952 4.0294
14964 4.01477
14976 4.00018
14988 3.98564
15000 3.97115
15012 3.95672
15024 3.94233
15036 3.92799
15048 3.91371
15060.1 3.89947
15072.1 3.88529
15084.1 3.87115
15096.1 3.85707
15108.1 3.84304
15120.1 3.82906
15132.1 3.81512
15144.1 3.80125
15156.2 3.78742
15168.2 3.77364
15180.2 3.75991
15192.2 3.74624
15204.2 3.73262
15216.2 3.71905
15228.2 3.70552
15240.2 3.69206
15252.3 3.67864
15264.3 3.66527
15276.3 3.65196
15288.3 3.63869
15300.3 3.62548
15312.3 3.61232
15324.3 3.5992
15336.3 3.58615
15348.3 3.57314
15360.4 3.56018
15372.4 3.54727
15384.4 3.53442
15396.4 3.52161
15408.4 3.50886
15420.4 3.49615
15432.4 3.4835
15444.4 3.47089
15456.5 3.45834
15468.5 3.44584
15480.5 3.43339
15492.5 3.42098
15504.5 3.40863
15516.5 3.39633
15528.5 3.38408
15540.5 3.37187
15552.6 3.35972
15564.6 3.34762
15576.6 3.33556
15588.6 3.32355
15600.6 3.3116
15612.6 3.29969
15624.6 3.28783
15636.6 3.27602
15648.6 3.26426
15660.7 3.25255
15672.7 3.24088
15684.7 3.22926
15696.7 3.21769
15708.7 3.20617
15720.7 3.1947
15732.7 3.18327
15744.7 3.1719
15756.8 3.16056
15768.8 3.14928
15780.8 3.13804
15792.8 3.12685
15804.8 3.11571
15816.8 3.10461
15828.8 3.09356
15840.8 3.08256
15852.9 3.0716
15864.9 3.06068
15876.9 3.04982
15888.9 3.039
15900.9 3.02822
15912.9 3.01749
15924.9 3.0068
15936.9 2.99616
15948.9 2.98557
15961 2.97501
15973 2.96451
15985 2.95404
15997 2.94363
16009 2.93325
16021 2.92292
16033 2.91263
16045 2.90239
16057.1 2.89219
16069.1 2.88203
16081.1 2.87191
16093.1 2.86184
16105.1 2.85181
16117.1 2.84182
16129.1 2.83188
16141.1 2.82198
16153.2 2.81211
16165.2 2.80229
16177.2 2.79252
16189.2 2.78278
16201.2 2.77308
16213.2 2.76343
16225.2 2.75382
16237.2 2.74424
16249.2 2.73471
16261.3 2.72522
16273.3 2.71577
16285.3 2.70635
16297.3 2.69698
16309.3 2.68765
16321.3 2.67836
16333.3 2.6691
16345.3 2.65989
16357.4 2.65071
16369.4 2.64158
16381.4 2.63248
16393.4 2.62342
16405.4 2.6144
16417.4 2.60541
16429.4 2.59647
16441.4 2.58756
16453.5 2.57869
16465.5 2.56986
16477.5 2.56106
16489.5 2.5523
16501.5 2.54358
16513.5 2.5349
16525.5 2.52625
16537.5 2.51764
16549.5 2.50906
16561.6 2.50053
16573.6 2.49202
16585.6 2.48356
16597.6 2.47512
16609.6 2.46673
16621.6 2.45837
16633.6 2.45004
16645.6 2.44175
16657.7 2.4335
16669.7 2.42528
16681.7 2.41709
16693.7 2.40894
16705.7 2.40082
16717.7 2.39274
16729.7 2.38469
16741.7 2.37667
16753.8 2.36869
16765.8 2.36074
16777.8 2.35282
16789.8 2.34494
16801.8 2.33709
16813.8 2.32927
16825.8 2.32149
16837.8 2.31373
16849.8 2.30601
16861.9 2.29833
16873.9 2.29067
16885.9 2.28305
16897.9 2.27546
16909.9 2.2679
16921.9 2.26037
16933.9 2.25287
16945.9 2.2454
16958 2.23797
16970 2.23056
16982 2.22319
16994 2.21585
17006 2.20853
17018 2.20125
17030 2.194
17042 2.18678
17054.1 2.17958
17066.1 2.17242
17078.1 2.16529
17090.1 2.15818
17102.1 2.15111
17114.1 2.14406
17126.1 2.13705
17138.1 2.13006
17150.2 2.1231
17162.2 2.11617
17174.2 2.10927
17186.2 2.10239
17198.2 2.09555
17210.2 2.08873
17222.2 2.08194
17234.2 2.07518
17246.2 2.06845
17258.3 2.06174
17270.3 2.05506
17282.3 2.04841
17294.3 2.04178
17306.3 2.03519
17318.3 2.02861
17330.3 2.02207
17342.3 2.01555
17354.4 2.00906
17366.4 2.0026
17378.4 1.99616
17390.4 1.98975
17402.4 1.98336
17414.4 1.977
17426.4 1.97067
17438.4 1.96436
17450.5 1.95807
17462.5 1.95181
17474.5 1.94558
17486.5 1.93937
17498.5 1.93319
17510.5 1.92703
17522.5 1.9209
17534.5 1.91479
17546.5 1.90871
17558.6 1.90265
17570.6 1.89661
17582.6 1.8906
17594.6 1.88461
17606.6 1.87865
17618.6 1.87271
17630.6 1.8668
17642.6 1.8609
17654.7 1.85503
17666.7 1.84919
17678.7 1.84337
17690.7 1.83757
17702.7 1.83179
17714.7 1.82604
17726.7 1.82031
17738.7 1.8146
17750.8 1.80892
17762.8 1.80326
17774.8 1.79762
17786.8 1.792
17798.8 1.78641
17810.8 1.78083
17822.8 1.77528
17834.8 1.76975
17846.8 1.76425
17858.9 1.75876
17870.9 1.7533
17882.9 1.74785
17894.9 1.74243
17906.9 1.73703
17918.9 1.73165
17930.9 1.7263
17942.9 1.72096
17955 1.71564
17967 1.71035
17979 1.70507
17991 1.69982
18003 1.69459
18015 1.68937
18027 1.68418
18039 1.67901
18051.1 1.67385
18063.1 1.66872
18075.1 1.66361
18087.1 1.65852
18099.1 1.65344
18111.1 1.64839
18123.1 1.64335
18135.1 1.63834
18147.1 1.63334
18159.2 1.62837
18171.2 1.62341
18183.2 1.61847
18195.2 1.61356
18207.2 1.60866
18219.2 1.60377
18231.2 1.59891
18243.2 1.59407
18255.3 1.58924
18267.3 1.58444
18279.3 1.57965
18291.3 1.57488
18303.3 1.57013
18315.3 1.56539
18327.3 1.56068
18339.3 1.55598
18351.4 1.5513
18363.4 1.54664
18375.4 1.54199
18387.4 1.53736
18399.4 1.53276
18411.4 1.52816
18423.4 1.52359
18435.4 1.51903
18447.4 1.51449
18459.5 1.50997
18471.5 1.50546
18483.5 1.50097
18495.5 1.4965
18507.5 1.49205
18519.5 1.48761
18531.5 1.48319
18543.5 1.47878
18555.6 1.47439
18567.6 1.47002
18579.6 1.46566
18591.6 1.46132
18603.6 1.457
18615.6 1.45269
18627.6 1.4484
18639.6 1.44413
18651.7 1.43987
18663.7 1.43562
18675.7 1.4314
18687.7 1.42718
18699.7 1.42299
18711.7 1.41881
18723.7 1.41464
18735.7 1.41049
18747.7 1.40636
18759.8 1.40224
18771.8 1.39813
18783.8 1.39404
18795.8 1.38997
18807.8 1.38591
18819.8 1.38187
18831.8 1.37784
18843.8 1.37382
18855.9 1.36982
18867.9 1.36584
18879.9 1.36187
18891.9 1.35791
18903.9 1.35397
18915.9 1.35004
18927.9 1.34613
18939.9 1.34223
18952 1.33835
18964 1.33448
18976 1.33062
18988 1.32678
19000 1.32295
