7000 4.26769
7012.01 4.25015
7024.02 4.22797
7036.04 4.20083
7048.05 4.16843
7060.06 4.13044
7072.07 4.08655
7084.08 4.03643
7096.1 3.97977
7108.11 3.91624
7120.12 3.84553
7132.13 3.76736
7144.14 3.68145
7156.16 3.58753
7168.17 3.48539
7180.18 3.37481
7192.19 3.25565
7204.2 3.12778
7216.22 2.99114
7228.23 2.84571
7240.24 2.69155
7252.25 2.52876
7264.26 2.35753
7276.28 2.17811
7288.29 1.99083
7300.3 1.79609
7312.31 1.59439
7324.32 1.38628
7336.34 1.1724
7348.35 0.953464
7360.36 0.730245
7372.37 0.503594
7384.38 0.274421
7396.4 0.0437054
7408.41 -0.187504
7420.42 -0.418063
7432.43 -0.646689
7444.44 -0.871825
7456.46 -1.09127
7468.47 -1.30033
7480.48 -1.48918
7492.49 -1.69534
7504.5 -1.90673
7516.52 -2.11985
7528.53 -2.33352
7540.54 -2.54755
7552.55 -2.76281
7564.56 -2.98215
7576.58 -3.2167
7588.59 -3.46733
7600.6 -3.66949
7612.61 -3.84922
7624.62 -4.0112
7636.64 -4.15719
7648.65 -4.28774
7660.66 -4.40245
7672.67 -4.49917
7684.68 -4.56322
7696.7 -4.62408
7708.71 -4.69665
7720.72 -4.77035
7732.73 -4.84334
7744.74 -4.91538
7756.76 -4.98715
7768.77 -5.06049
7780.78 -5.14011
7792.79 -5.24883
7804.8 -5.32618
7816.82 -5.37913
7828.83 -5.41619
7840.84 -5.43975
7852.85 -5.45055
7864.86 -5.44812
7876.88 -5.43033
7888.89 -5.38994
7900.9 -5.30526
7912.91 -5.25886
7924.92 -5.22818
7936.94 -5.20635
7948.95 -5.19137
7960.96 -5.18295
7972.97 -5.18208
7984.98 -5.1918
7997 -5.22297
8009.01 -5.28186
8021.02 -5.29582
8033.03 -5.29257
8045.05 -5.27739
8057.06 -5.25219
8069.07 -5.21752
8081.08 -5.17293
8093.09 -5.11627
8105.11 -5.03599
8117.12 -4.94982
8129.13 -4.88143
8141.14 -4.81733
8153.15 -4.75482
8165.17 -4.69253
8177.18 -4.62949
8189.19 -4.56475
8201.2 -4.49694
8213.21 -4.42079
8225.23 -4.34799
8237.24 -4.27742
8249.25 -4.2065
8261.26 -4.13382
8273.27 -4.05799
8285.29 -3.97704
8297.3 -3.88755
8309.31 -3.78086
8321.32 -3.62855
8333.33 -3.52621
8345.35 -3.44968
8357.36 -3.38983
8369.37 -3.34371
8381.38 -3.31042
8393.39 -3.29043
8405.41 -3.28616
8417.42 -3.30672
8429.43 -3.36203
8441.44 -3.38064
8453.45 -3.38821
8465.47 -3.39008
8477.48 -3.38825
8489.49 -3.38358
8501.5 -3.37612
8513.51 -3.36494
8525.53 -3.34431
8537.54 -3.32104
8549.55 -3.31471
8561.56 -3.31633
8573.57 -3.32477
8585.59 -3.34007
8597.6 -3.363
8609.61 -3.39536
8621.62 -3.44157
8633.63 -3.52554
8645.65 -3.59122
8657.66 -3.63706
8669.67 -3.67418
8681.68 -3.70585
8693.69 -3.7337
8705.71 -3.75873
8717.72 -3.78166
8729.73 -3.80317
8741.74 -3.82447
8753.75 -3.8431
8765.77 -3.85987
8777.78 -3.87524
8789.79 -3.88945
8801.8 -3.90266
8813.81 -3.91501
8825.83 -3.92659
8837.84 -3.9375
8849.85 -3.94779
8861.86 -3.95755
8873.87 -3.96681
8885.89 -3.97563
8897.9 -3.98405
8909.91 -3.9921
8921.92 -3.99982
8933.93 -4.00723
8945.95 -4.01436
8957.96 -4.02124
8969.97 -4.02788
8981.98 -4.03431
8993.99 -4.04054
9006.01 -4.04658
9018.02 -4.05246
9030.03 -4.05818
9042.04 -4.06376
9054.05 -4.06921
9066.07 -4.07454
9078.08 -4.07975
9090.09 -4.08486
9102.1 -4.08987
9114.11 -4.09479
9126.13 -4.09963
9138.14 -4.10439
9150.15 -4.10908
9162.16 -4.1137
9174.17 -4.11826
9186.19 -4.12277
9198.2 -4.12722
9210.21 -4.13162
9222.22 -4.13597
9234.23 -4.14028
9246.25 -4.14455
9258.26 -4.14878
9270.27 -4.15297
9282.28 -4.15713
9294.29 -4.16125
9306.31 -4.16535
9318.32 -4.16941
9330.33 -4.17344
9342.34 -4.17745
9354.35 -4.18143
9366.37 -4.18539
9378.38 -4.18932
9390.39 -4.19322
9402.4 -4.1971
9414.41 -4.20096
9426.43 -4.20479
9438.44 -4.2086
9450.45 -4.21238
9462.46 -4.21614
9474.47 -4.21987
9486.49 -4.22357
9498.5 -4.22725
9510.51 -4.23091
9522.52 -4.23453
9534.53 -4.23813
9546.55 -4.2417
9558.56 -4.24523
9570.57 -4.24874
9582.58 -4.25221
9594.59 -4.25564
9606.61 -4.25904
9618.62 -4.26241
9630.63 -4.26573
9642.64 -4.26901
9654.65 -4.27225
9666.67 -4.27545
9678.68 -4.2786
9690.69 -4.2817
9702.7 -4.28475
9714.71 -4.28774
9726.73 -4.29069
9738.74 -4.29357
9750.75 -4.29639
9762.76 -4.29915
9774.77 -4.30184
9786.79 -4.30447
9798.8 -4.30702
9810.81 -4.3095
9822.82 -4.3119
9834.83 -4.31421
9846.85 -4.31645
9858.86 -4.31859
9870.87 -4.32065
9882.88 -4.3226
9894.89 -4.32446
9906.91 -4.32622
9918.92 -4.32786
9930.93 -4.3294
9942.94 -4.33081
9954.95 -4.33211
9966.97 -4.33328
9978.98 -4.33432
9990.99 -4.33523
10003 -4.33599
10015 -4.33661
10027 -4.33708
10039 -4.33739
10051.1 -4.33754
10063.1 -4.33752
10075.1 -4.33732
10087.1 -4.33694
10099.1 -4.33638
10111.1 -4.33562
10123.1 -4.33466
10135.1 -4.33349
10147.1 -4.3321
10159.2 -4.33049
10171.2 -4.32865
10183.2 -4.32656
10195.2 -4.32423
10207.2 -4.32165
10219.2 -4.3188
10231.2 -4.31567
10243.2 -4.31226
10255.3 -4.30856
10267.3 -4.30455
10279.3 -4.30023
10291.3 -4.29559
10303.3 -4.29061
10315.3 -4.28529
10327.3 -4.2796
10339.3 -4.27355
10351.4 -4.26712
10363.4 -4.26029
10375.4 -4.25306
10387.4 -4.2454
10399.4 -4.23731
10411.4 -4.22877
10423.4 -4.21976
10435.4 -4.21028
10447.4 -4.2003
10459.5 -4.18981
10471.5 -4.17879
10483.5 -4.16723
10495.5 -4.1551
10507.5 -4.14239
10519.5 -4.12908
10531.5 -4.11515
10543.5 -4.10057
10555.6 -4.08532
10567.6 -4.06939
10579.6 -4.05275
10591.6 -4.03537
10603.6 -4.01723
10615.6 -3.9983
10627.6 -3.97855
10639.6 -3.95795
10651.7 -3.93648
10663.7 -3.91409
10675.7 -3.89075
10687.7 -3.86642
10699.7 -3.84106
10711.7 -3.81462
10723.7 -3.78706
10735.7 -3.75833
10747.7 -3.72836
10759.8 -3.69708
10771.8 -3.66443
10783.8 -3.63032
10795.8 -3.59463
10807.8 -3.55726
10819.8 -3.51804
10831.8 -3.4768
10843.8 -3.43325
10855.9 -3.38703
10867.9 -3.33754
10879.9 -3.28359
10891.9 -3.22154
10903.9 -3.14978
10915.9 -3.09041
10927.9 -3.03461
10939.9 -2.98062
10952 -2.92764
10964 -2.87524
10976 -2.82312
10988 -2.77117
11000 -2.71976
11012 -2.66773
11024 -2.61393
11036 -2.55874
11048 -2.50203
11060.1 -2.44354
11072.1 -2.38283
11084.1 -2.31916
11096.1 -2.25081
11108.1 -2.16936
11120.1 -2.09586
11132.1 -2.02878
11144.1 -1.96467
11156.2 -1.90237
11168.2 -1.84123
11180.2 -1.78074
11192.2 -1.72027
11204.2 -1.65855
11216.2 -1.59166
11228.2 -1.53314
11240.2 -1.47959
11252.3 -1.42992
11264.3 -1.38404
11276.3 -1.34227
11288.3 -1.30546
11300.3 -1.27545
11312.3 -1.25807
11324.3 -1.25893
11336.3 -1.23625
11348.3 -1.20562
11360.4 -1.17044
11372.4 -1.13225
11384.4 -1.09207
11396.4 -1.05074
11408.4 -1.00936
11420.4 -0.971155
11432.4 -0.933128
11444.4 -0.887041
11456.5 -0.837371
11468.5 -0.785105
11480.5 -0.730811
11492.5 -0.674942
11504.5 -0.61798
11516.5 -0.560682
11528.5 -0.506214
11540.5 -0.447554
11552.6 -0.384822
11564.6 -0.319506
11576.6 -0.252157
11588.6 -0.183161
11600.6 -0.112906
11612.6 -0.0419499
11624.6 0.0284278
11636.6 0.0936112
11648.6 0.168429
11660.7 0.249661
11672.7 0.336035
11684.7 0.427455
11696.7 0.524388
11708.7 0.627981
11720.7 0.740796
11732.7 0.870806
11744.7 1.02933
11756.8 1.15085
11768.8 1.25797
11780.8 1.3557
11792.8 1.44579
11804.8 1.52888
11816.8 1.60483
11828.8 1.67245
11840.8 1.72626
11852.9 1.77023
11864.9 1.82582
11876.9 1.88283
11888.9 1.93906
11900.9 1.9931
11912.9 2.04353
11924.9 2.08828
11936.9 2.12309
11948.9 2.12537
11961 2.14517
11973 2.18854
11985 2.24403
11997 2.30879
12009 2.3819
12021 2.46351
12033 2.55509
12045 2.66136
12057.1 2.80309
12069.1 2.91751
12081.1 3.0168
12093.1 3.10798
12105.1 3.19329
12117.1 3.27363
12129.1 3.3492
12141.1 3.41943
12153.2 3.4816
12165.2 3.53
12177.2 3.59273
12189.2 3.66103
12201.2 3.73294
12213.2 3.80796
12225.2 3.88626
12237.2 3.96854
12249.2 4.05666
12261.3 4.15747
12273.3 4.26938
12285.3 4.35847
12297.3 4.43919
12309.3 4.51411
12321.3 4.58421
12333.3 4.64985
12345.3 4.71082
12357.4 4.76601
12369.4 4.80759
12381.4 4.85258
12393.4 4.90584
12405.4 4.9627
12417.4 5.02228
12429.4 5.08448
12441.4 5.1497
12453.5 5.21901
12465.5 5.29525
12477.5 5.39148
12489.5 5.47161
12501.5 5.54125
12513.5 5.60524
12525.5 5.66526
12537.5 5.72232
12549.5 5.7772
12561.6 5.83086
12573.6 5.88524
12585.6 5.94472
12597.6 5.99209
12609.6 6.03258
12621.6 6.06762
12633.6 6.0976
12645.6 6.12251
12657.7 6.1419
12669.7 6.15462
12681.7 6.15645
12693.7 6.1465
12705.7 6.1495
12717.7 6.15542
12729.7 6.16228
12741.7 6.16919
12753.8 6.17555
12765.8 6.18084
12777.8 6.18438
12789.8 6.18352
12801.8 6.18257
12813.8 6.1842
12825.8 6.18626
12837.8 6.18818
12849.8 6.18959
12861.9 6.19014
12873.9 6.18944
12885.9 6.18676
12897.9 6.17917
12909.9 6.17379
12921.9 6.16965
12933.9 6.16543
12945.9 6.16046
12958 6.15411
12970 6.14551
12982 6.13311
12994 6.11297
13006 6.07349
13018 6.05653
13030 6.05064
13042 6.05208
13054.1 6.05965
13066.1 6.07298
13078.1 6.09231
13090.1 6.11869
13102.1 6.15593
13114.1 6.20691
13126.1 6.24541
13138.1 6.28168
13150.2 6.31811
13162.2 6.35611
13174.2 6.39703
13186.2 6.44269
13198.2 6.49659
13210.2 6.5733
13222.2 6.65294
13234.2 6.70325
13246.2 6.742
13258.3 6.77257
13270.3 6.79635
13282.3 6.81394
13294.3 6.8253
13306.3 6.82933
13318.3 6.81861
13330.3 6.8123
13342.3 6.80986
13354.4 6.80811
13366.4 6.80611
13378.4 6.80337
13390.4 6.79959
13402.4 6.79445
13414.4 6.78744
13426.4 6.77712
13438.4 6.76783
13450.5 6.7584
13462.5 6.74828
13474.5 6.73723
13486.5 6.72504
13498.5 6.7115
13510.5 6.69638
13522.5 6.67917
13534.5 6.65928
13546.5 6.63921
13558.6 6.61775
13570.6 6.59436
13582.6 6.56851
13594.6 6.5395
13606.6 6.50618
13618.6 6.4663
13630.6 6.41129
13642.6 6.34871
13654.7 6.30694
13666.7 6.27209
13678.7 6.24148
13690.7 6.21379
13702.7 6.18808
13714.7 6.16344
13726.7 6.13845
13738.7 6.10667
13750.8 6.08259
13762.8 6.06689
13774.8 6.05664
13786.8 6.05118
13798.8 6.05038
13810.8 6.05456
13822.8 6.06462
13834.8 6.08308
13846.8 6.12009
13858.9 6.1446
13870.9 6.16338
13882.9 6.17997
13894.9 6.19576
13906.9 6.21166
13918.9 6.2285
13930.9 6.24745
13942.9 6.27134
13955 6.30482
13967 6.32538
13979 6.34068
13991 6.35265
14003 6.36205
14015 6.36927
14027 6.3745
14039 6.37768
14051.1 6.37803
14063.1 6.3762
14075.1 6.37651
14087.1 6.37726
14099.1 6.37833
14111.1 6.37983
14123.1 6.38213
14135.1 6.38595
14147.1 6.39306
14159.2 6.41365
14171.2 6.42537
14183.2 6.42383
14195.2 6.4145
14207.2 6.39843
14219.2 6.37567
14231.2 6.34553
14243.2 6.30632
14255.3 6.25345
14267.3 6.16682
14279.3 6.1037
14291.3 6.05399
14303.3 6.01044
14315.3 5.97038
14327.3 5.93225
14339.3 5.89474
14351.4 5.85625
14363.4 5.81338
14375.4 5.7592
14387.4 5.72217
14399.4 5.69311
14411.4 5.66949
14423.4 5.65027
14435.4 5.63492
14447.4 5.62312
14459.5 5.6147
14471.5 5.60955
14483.5 5.6077
14495.5 5.60953
14507.5 5.61516
14519.5 5.62496
14531.5 5.63953
14543.5 5.65989
14555.6 5.68787
14567.6 5.72759
14579.6 5.80148
14591.6 5.86518
14603.6 5.90144
14615.6 5.92529
14627.6 5.94012
14639.6 5.94716
14651.7 5.94653
14663.7 5.93722
14675.7 5.91565
14687.7 5.86303
14699.7 5.83134
14711.7 5.81409
14723.7 5.80447
14735.7 5.80054
14747.7 5.80166
14759.8 5.80795
14771.8 5.8204
14783.8 5.84245
14795.8 5.88387
14807.8 5.90717
14819.8 5.9231
14831.8 5.93512
14843.8 5.94458
14855.9 5.9523
14867.9 5.95899
14879.9 5.96555
14891.9 5.97431
14903.9 5.98628
14915.9 5.9878
14927.9 5.9842
14939.9 5.97644
14952 5.96476
14964 5.94907
14976 5.92893
14988 5.90318
15000 5.86606
15012 5.82678
15024 5.7945
15036 5.76332
15048 5.73178
15060.1 5.69888
15072.1 5.66363
15084.1 5.62458
15096.1 5.57867
15108.1 5.51097
15120.1 5.45892
15132.1 5.41995
15144.1 5.38807
15156.2 5.36151
15168.2 5.33957
15180.2 5.32205
15192.2 5.30933
15204.2 5.30305
15216.2 5.30893
15228.2 5.30667
15240.2 5.30163
15252.3 5.29582
15264.3 5.29012
15276.3 5.28517
15288.3 5.28169
15300.3 5.28087
15312.3 5.28608
15324.3 5.30052
15336.3 5.30027
15348.3 5.2941
15360.4 5.28378
15372.4 5.2699
15384.4 5.25255
15396.4 5.23136
15408.4 5.20512
15420.4 5.16822
15432.4 5.12724
15444.4 5.09916
15456.5 5.07558
15468.5 5.05507
15480.5 5.0371
15492.5 5.02146
15504.5 5.00818
15516.5 4.99753
15528.5 4.99078
15540.5 4.98549
15552.6 4.98204
15564.6 4.9815
15576.6 4.98487
15588.6 4.99349
15600.6 5.00955
15612.6 5.03715
15624.6 5.08686
15636.6 5.19781
15648.6 5.24506
15660.7 5.25689
15672.7 5.24575
15684.7 5.21519
15696.7 5.16575
15708.7 5.09568
15720.7 4.99951
15732.7 4.85871
15744.7 4.64673
15756.8 4.51905
15768.8 4.42207
15780.8 4.34402
15792.8 4.28071
15804.8 4.23068
15816.8 4.19439
15828.8 4.17505
15840.8 4.18789
15852.9 4.22119
15864.9 4.21363
15876.9 4.19325
15888.9 4.16497
15900.9 4.1309
15912.9 4.09218
15924.9 4.04945
15936.9 4.0031
15948.9 3.95336
15961 3.90024
15973 3.84365
15985 3.78338
15997 3.71903
16009 3.64983
16021 3.57448
16033 3.49036
16045 3.39063
16057.1 3.24676
16069.1 3.14471
16081.1 3.06797
16093.1 3.00729
16105.1 2.96024
16117.1 2.92653
16129.1 2.90751
16141.1 2.90702
16153.2 2.93703
16165.2 3.02125
16177.2 3.05055
16189.2 3.06085
16201.2 3.06185
16213.2 3.05802
16225.2 3.05265
16237.2 3.04935
16249.2 3.05401
16261.3 3.08545
16273.3 3.13964
16285.3 3.1257
16297.3 3.08193
16309.3 3.01452
16321.3 2.9249
16333.3 2.812
16345.3 2.67176
16357.4 2.49333
16369.4 2.21374
16381.4 1.96441
16393.4 1.78134
16405.4 1.62605
16417.4 1.48898
16429.4 1.3659
16441.4 1.25482
16453.5 1.15517
16465.5 1.06847
16477.5 1.00565
16489.5 0.934059
16501.5 0.85841
16513.5 0.782837
16525.5 0.708854
16537.5 0.637532
16549.5 0.57008
16561.6 0.508497
16573.6 0.458
16585.6 0.431021
16597.6 0.377239
16609.6 0.311882
16621.6 0.23926
16633.6 0.16091
16645.6 0.0774672
16657.7 -0.0109682
16669.7 -0.104902
16681.7 -0.206787
16693.7 -0.317128
16705.7 -0.420985
16717.7 -0.524538
16729.7 -0.629149
16741.7 -0.735632
16753.8 -0.844755
16765.8 -0.957533
16777.8 -1.07582
16789.8 -1.20818
16801.8 -1.33986
16813.8 -1.46181
16825.8 -1.5811
16837.8 -1.69973
16849.8 -1.819
16861.9 -1.94025
16873.9 -2.06527
16885.9 -2.1977
16897.9 -2.35379
16909.9 -2.49207
16921.9 -2.61732
16933.9 -2.736
16945.9 -2.85046
16958 -2.96212
16970 -3.07219
16982 -3.18209
16994 -3.29451
17006 -3.41642
17018 -3.52468
17030 -3.62622
17042 -3.72375
17054.1 -3.81868
17066.1 -3.91226
17078.1 -4.00603
17090.1 -4.10266
17102.1 -4.20985
17114.1 -4.33324
17126.1 -4.4214
17138.1 -4.49379
17150.2 -4.55419
17162.2 -4.60388
17174.2 -4.64311
17186.2 -4.67115
17198.2 -4.6856
17210.2 -4.67435
17222.2 -4.65472
17234.2 -4.6545
17246.2 -4.65851
17258.3 -4.66386
17270.3 -4.66918
17282.3 -4.67364
17294.3 -4.6766
17306.3 -4.67725
17318.3 -4.67275
17330.3 -4.66952
17342.3 -4.66725
17354.4 -4.66485
17366.4 -4.66205
17378.4 -4.6589
17390.4 -4.65575
17402.4 -4.65347
17414.4 -4.65466
17426.4 -4.66879
17438.4 -4.66389
17450.5 -4.64748
17462.5 -4.62245
17474.5 -4.58952
17486.5 -4.54866
17498.5 -4.49926
17510.5 -4.43983
17522.5 -4.36569
17534.5 -4.2713
17546.5 -4.19097
17558.6 -4.11189
17570.6 -4.03081
17582.6 -3.94599
17594.6 -3.85596
17606.6 -3.75912
17618.6 -3.6531
17630.6 -3.53125
17642.6 -3.39755
17654.7 -3.26969
17666.7 -3.13661
17678.7 -2.99412
17690.7 -2.83787
17702.7 -2.66176
17714.7 -2.45537
17726.7 -2.19531
17738.7 -1.75564
17750.8 -1.42968
17762.8 -1.23185
17774.8 -1.10366
17786.8 -1.0302
17798.8 -1.00674
17810.8 -1.03441
17822.8 -1.12134
17834.8 -1.29376
17846.8 -1.65991
17858.9 -1.88329
17870.9 -2.03562
17882.9 -2.15365
17894.9 -2.25011
17906.9 -2.33146
17918.9 -2.40151
17930.9 -2.46278
17942.9 -2.51698
17955 -2.56539
17967 -2.60893
17979 -2.64836
17991 -2.68423
18003 -2.71701
18015 -2.74708
18027 -2.77476
18039 -2.8003
18051.1 -2.82392
18063.1 -2.84581
18075.1 -2.86613
18087.1 -2.88503
18099.1 -2.90262
18111.1 -2.91901
18123.1 -2.9343
18135.1 -2.94856
18147.1 -2.96188
18159.2 -2.97432
18171.2 -2.98594
18183.2 -2.99679
18195.2 -3.00693
18207.2 -3.01639
18219.2 -3.02522
18231.2 -3.03345
18243.2 -3.04112
18255.3 -3.04826
18267.3 -3.0549
18279.3 -3.06105
18291.3 -3.06676
18303.3 -3.07204
18315.3 -3.07691
18327.3 -3.08139
18339.3 -3.0855
18351.4 -3.08925
18363.4 -3.09267
18375.4 -3.09576
18387.4 -3.09855
18399.4 -3.10104
18411.4 -3.10325
18423.4 -3.10518
18435.4 -3.10686
18447.4 -3.10829
18459.5 -3.10947
18471.5 -3.11043
18483.5 -3.11116
18495.5 -3.11168
18507.5 -3.112
18519.5 -3.11212
18531.5 -3.11204
18543.5 -3.11179
18555.6 -3.11136
18567.6 -3.11076
18579.6 -3.10999
18591.6 -3.10907
18603.6 -3.108
18615.6 -3.10677
18627.6 -3.10541
18639.6 -3.10391
18651.7 -3.10227
18663.7 -3.10051
18675.7 -3.09863
18687.7 -3.09662
18699.7 -3.0945
18711.7 -3.09227
18723.7 -3.08993
18735.7 -3.08749
18747.7 -3.08494
18759.8 -3.0823
18771.8 -3.07957
18783.8 -3.07674
18795.8 -3.07383
18807.8 -3.07083
18819.8 -3.06775
18831.8 -3.06459
18843.8 -3.06135
18855.9 -3.05804
18867.9 -3.05466
18879.9 -3.0512
18891.9 -3.04769
18903.9 -3.0441
18915.9 -3.04046
18927.9 -3.03675
18939.9 -3.03298
18952 -3.02916
18964 -3.02528
18976 -3.02135
18988 -3.01737
19000 -3.01335
