7000 -13.9116
7012.01 -14.2474
7024.02 -14.5807
7036.04 -14.9117
7048.05 -15.2402
7060.06 -15.5663
7072.07 -15.8898
7084.08 -16.2109
7096.1 -16.5294
7108.11 -16.8454
7120.12 -17.1588
7132.13 -17.4696
7144.14 -17.7778
7156.16 -18.0835
7168.17 -18.3865
7180.18 -18.6869
7192.19 -18.9848
7204.2 -19.28
7216.22 -19.5727
7228.23 -19.8627
7240.24 -20.1502
7252.25 -20.4352
7264.26 -20.7176
7276.28 -20.9975
7288.29 -21.275
7300.3 -21.5501
7312.31 -21.8228
7324.32 -22.0932
7336.34 -22.3615
7348.35 -22.6276
7360.36 -22.8919
7372.37 -23.1543
7384.38 -23.4152
7396.4 -23.6749
7408.41 -23.9338
7420.42 -24.1925
7432.43 -24.4519
7444.44 -24.7136
7456.46 -24.9807
7468.47 -25.2618
7480.48 -25.5774
7492.49 -25.8422
7504.5 -26.0819
7516.52 -26.3032
7528.53 -26.5081
7540.54 -26.6965
7552.55 -26.8668
7564.56 -27.0147
7576.58 -27.1237
7588.59 -27.1922
7600.6 -27.3122
7612.61 -27.4458
7624.62 -27.5857
7636.64 -27.7287
7648.65 -27.8725
7660.66 -28.0152
7672.67 -28.1541
7684.68 -28.2774
7696.7 -28.4062
7708.71 -28.551
7720.72 -28.7036
7732.73 -28.8622
7744.74 -29.0265
7756.76 -29.197
7768.77 -29.3749
7780.78 -29.5648
7792.79 -29.7879
7804.8 -29.9867
7816.82 -30.1678
7828.83 -30.3392
7840.84 -30.5034
7852.85 -30.6615
7864.86 -30.8137
7876.88 -30.9598
7888.89 -31.0983
7900.9 -31.2241
7912.91 -31.3569
7924.92 -31.4913
7936.94 -31.6256
7948.95 -31.7591
7960.96 -31.8914
7972.97 -32.0221
7984.98 -32.1508
7997 -32.2764
8009.01 -32.3982
8021.02 -32.5228
8033.03 -32.6475
8045.05 -32.7715
8057.06 -32.8945
8069.07 -33.0156
8081.08 -33.1338
8093.09 -33.2467
8105.11 -33.342
8117.12 -33.439
8129.13 -33.5633
8141.14 -33.7016
8153.15 -33.8526
8165.17 -34.0173
8177.18 -34.1986
8189.19 -34.4026
8201.2 -34.6446
8213.21 -35.0049
8225.23 -35.281
8237.24 -35.4829
8249.25 -35.6427
8261.26 -35.7688
8273.27 -35.863
8285.29 -35.9233
8297.3 -35.9417
8309.31 -35.8937
8321.32 -35.6933
8333.33 -35.6359
8345.35 -35.6485
8357.36 -35.7042
8369.37 -35.7958
8381.38 -35.9226
8393.39 -36.0898
8405.41 -36.3121
8417.42 -36.6403
8429.43 -37.129
8441.44 -37.3834
8453.45 -37.5435
8465.47 -37.6365
8477.48 -37.6696
8489.49 -37.6414
8501.5 -37.5418
8513.51 -37.3434
8525.53 -36.9267
8537.54 -36.4186
8549.55 -36.1962
8561.56 -36.0755
8573.57 -36.0252
8585.59 -36.0333
8597.6 -36.0966
8609.61 -36.2193
8621.62 -36.4191
8633.63 -36.8075
8645.65 -37.1165
8657.66 -37.3375
8669.67 -37.5221
8681.68 -37.6848
8693.69 -37.8326
8705.71 -37.9693
8717.72 -38.0974
8729.73 -38.2187
8741.74 -38.3343
8753.75 -38.4451
8765.77 -38.5517
8777.78 -38.6548
8789.79 -38.7547
8801.8 -38.8517
8813.81 -38.9462
8825.83 -39.0384
8837.84 -39.1284
8849.85 -39.2165
8861.86 -39.3028
8873.87 -39.3874
8885.89 -39.4703
8897.9 -39.5518
8909.91 -39.6319
8921.92 -39.7107
8933.93 -39.7882
8945.95 -39.8645
8957.96 -39.9396
8969.97 -40.0137
8981.98 -40.0866
8993.99 -40.1586
9006.01 -40.2295
9018.02 -40.2996
9030.03 -40.3686
9042.04 -40.4368
9054.05 -40.5042
9066.07 -40.5706
9078.08 -40.6363
9090.09 -40.7011
9102.1 -40.7652
9114.11 -40.8285
9126.13 -40.891
9138.14 -40.9528
9150.15 -41.0139
9162.16 -41.0742
9174.17 -41.1338
9186.19 -41.1928
9198.2 -41.251
9210.21 -41.3086
9222.22 -41.3655
9234.23 -41.4217
9246.25 -41.4773
9258.26 -41.5322
9270.27 -41.5865
9282.28 -41.6401
9294.29 -41.6931
9306.31 -41.7454
9318.32 -41.7971
9330.33 -41.8481
9342.34 -41.8985
9354.35 -41.9482
9366.37 -41.9973
9378.38 -42.0458
9390.39 -42.0936
9402.4 -42.1407
9414.41 -42.1872
9426.43 -42.233
9438.44 -42.2782
9450.45 -42.3227
9462.46 -42.3665
9474.47 -42.4097
9486.49 -42.4521
9498.5 -42.4938
9510.51 -42.5349
9522.52 -42.5752
9534.53 -42.6148
9546.55 -42.6537
9558.56 -42.6918
9570.57 -42.7292
9582.58 -42.7658
9594.59 -42.8016
9606.61 -42.8367
9618.62 -42.8709
9630.63 -42.9043
9642.64 -42.9369
9654.65 -42.9686
9666.67 -42.9995
9678.68 -43.0295
9690.69 -43.0586
9702.7 -43.0868
9714.71 -43.114
9726.73 -43.1403
9738.74 -43.1657
9750.75 -43.19
9762.76 -43.2133
9774.77 -43.2356
9786.79 -43.2569
9798.8 -43.277
9810.81 -43.2961
9822.82 -43.3141
9834.83 -43.3309
9846.85 -43.3465
9858.86 -43.3609
9870.87 -43.3741
9882.88 -43.3861
9894.89 -43.3967
9906.91 -43.4061
9918.92 -43.4141
9930.93 -43.4208
9942.94 -43.426
9954.95 -43.4298
9966.97 -43.4322
9978.98 -43.433
9990.99 -43.4323
10003 -43.4301
10015 -43.4262
10027 -43.4207
10039 -43.4135
10051.1 -43.4047
10063.1 -43.394
10075.1 -43.3816
10087.1 -43.3673
10099.1 -43.3512
10111.1 -43.3332
10123.1 -43.3132
10135.1 -43.2912
10147.1 -43.2671
10159.2 -43.241
10171.2 -43.2127
10183.2 -43.1823
10195.2 -43.1497
10207.2 -43.1147
10219.2 -43.0775
10231.2 -43.0379
10243.2 -42.9958
10255.3 -42.9513
10267.3 -42.9043
10279.3 -42.8547
10291.3 -42.8025
10303.3 -42.7477
10315.3 -42.6901
10327.3 -42.6297
10339.3 -42.5665
10351.4 -42.5004
10363.4 -42.4314
10375.4 -42.3593
10387.4 -42.2842
10399.4 -42.206
10411.4 -42.1247
10423.4 -42.0401
10435.4 -41.9522
10447.4 -41.861
10459.5 -41.7664
10471.5 -41.6684
10483.5 -41.5668
10495.5 -41.4616
10507.5 -41.3529
10519.5 -41.2404
10531.5 -41.1242
10543.5 -41.0042
10555.6 -40.8803
10567.6 -40.7525
10579.6 -40.6207
10591.6 -40.4848
10603.6 -40.3449
10615.6 -40.2008
10627.6 -40.0524
10639.6 -39.8998
10651.7 -39.7429
10663.7 -39.5815
10675.7 -39.4157
10687.7 -39.2454
10699.7 -39.0704
10711.7 -38.8909
10723.7 -38.7066
10735.7 -38.5176
10747.7 -38.3237
10759.8 -38.125
10771.8 -37.9213
10783.8 -37.7126
10795.8 -37.4988
10807.8 -37.2799
10819.8 -37.0557
10831.8 -36.8263
10843.8 -36.5914
10855.9 -36.3511
10867.9 -36.1052
10879.9 -35.8536
10891.9 -35.5963
10903.9 -35.3331
10915.9 -35.0638
10927.9 -34.7883
10939.9 -34.5065
10952 -34.2181
10964 -33.9228
10976 -33.6204
10988 -33.3104
11000 -32.9925
11012 -32.666
11024 -32.3302
11036 -31.9841
11048 -31.6263
11060.1 -31.2545
11072.1 -30.8656
11084.1 -30.4534
11096.1 -30.0038
11108.1 -29.4444
11120.1 -28.958
11132.1 -28.5327
11144.1 -28.1393
11156.2 -27.7698
11168.2 -27.4209
11180.2 -27.0919
11192.2 -26.7851
11204.2 -26.5093
11216.2 -26.2947
11228.2 -26.0346
11240.2 -25.7572
11252.3 -25.4728
11264.3 -25.1855
11276.3 -24.8982
11288.3 -24.6132
11300.3 -24.334
11312.3 -24.0691
11324.3 -23.8264
11336.3 -23.5489
11348.3 -23.258
11360.4 -22.9581
11372.4 -22.6508
11384.4 -22.3368
11396.4 -22.0152
11408.4 -21.6833
11420.4 -21.3268
11432.4 -20.9634
11444.4 -20.6378
11456.5 -20.3289
11468.5 -20.0341
11480.5 -19.7533
11492.5 -19.4885
11504.5 -19.2438
11516.5 -19.0296
11528.5 -18.9016
11540.5 -18.7268
11552.6 -18.505
11564.6 -18.2611
11576.6 -18.0026
11588.6 -17.7328
11600.6 -17.4536
11612.6 -17.1657
11624.6 -16.8681
11636.6 -16.5542
11648.6 -16.2478
11660.7 -15.944
11672.7 -15.6406
11684.7 -15.3368
11696.7 -15.032
11708.7 -14.7256
11720.7 -14.4162
11732.7 -14.0999
11744.7 -13.7707
11756.8 -13.4627
11768.8 -13.1642
11780.8 -12.8729
11792.8 -12.588
11804.8 -12.3092
11816.8 -12.037
11828.8 -11.7721
11840.8 -11.5185
11852.9 -11.2736
11864.9 -11.0232
11876.9 -10.7742
11888.9 -10.5283
11900.9 -10.2863
11912.9 -10.0494
11924.9 -9.81897
11936.9 -9.59772
11948.9 -9.39945
11961 -9.19445
11973 -8.97948
11985 -8.76193
11997 -8.54422
12009 -8.32803
12021 -8.11516
12033 -7.90835
12045 -7.7142
12057.1 -7.55985
12069.1 -7.3631
12081.1 -7.13921
12093.1 -6.89621
12105.1 -6.63522
12117.1 -6.35448
12129.1 -6.04919
12141.1 -5.70844
12153.2 -5.29932
12165.2 -4.75685
12177.2 -4.3863
12189.2 -4.09036
12201.2 -3.84586
12213.2 -3.64609
12225.2 -3.49099
12237.2 -3.3866
12249.2 -3.35028
12261.3 -3.44986
12273.3 -3.66819
12285.3 -3.66208
12297.3 -3.57549
12309.3 -3.43238
12321.3 -3.24018
12333.3 -2.99877
12345.3 -2.7006
12357.4 -2.32298
12369.4 -1.7301
12381.4 -1.20677
12393.4 -0.831411
12405.4 -0.521096
12417.4 -0.255642
12429.4 -0.0266181
12441.4 0.169169
12453.5 0.330614
12465.5 0.448423
12477.5 0.470091
12489.5 0.548855
12501.5 0.663206
12513.5 0.795198
12525.5 0.940458
12537.5 1.0986
12549.5 1.27214
12561.6 1.46805
12573.6 1.70771
12585.6 2.04392
12597.6 2.25931
12609.6 2.41878
12621.6 2.54013
12633.6 2.629
12645.6 2.68664
12657.7 2.71091
12669.7 2.69426
12681.7 2.60774
12693.7 2.44571
12705.7 2.38125
12717.7 2.34495
12729.7 2.32387
12741.7 2.31278
12753.8 2.30929
12765.8 2.31269
12777.8 2.32441
12789.8 2.35811
12801.8 2.38623
12813.8 2.39129
12825.8 2.38431
12837.8 2.367
12849.8 2.33931
12861.9 2.30012
12873.9 2.24673
12885.9 2.1724
12897.9 2.04399
12909.9 1.94801
12921.9 1.87507
12933.9 1.81221
12945.9 1.75506
12958 1.70124
12970 1.64895
12982 1.59641
12994 1.54058
13006 1.47397
13018 1.4211
13030 1.3746
13042 1.33165
13054.1 1.29081
13066.1 1.25086
13078.1 1.2103
13090.1 1.16654
13102.1 1.11171
13114.1 1.04022
13126.1 1.00615
13138.1 0.989705
13150.2 0.987648
13162.2 0.999701
13174.2 1.02731
13186.2 1.07418
13198.2 1.14939
13210.2 1.29494
13222.2 1.45111
13234.2 1.52162
13246.2 1.55786
13258.3 1.56828
13270.3 1.555
13282.3 1.51649
13294.3 1.44664
13306.3 1.32794
13318.3 1.06167
13330.3 0.896674
13342.3 0.826529
13354.4 0.811412
13366.4 0.842538
13378.4 0.919727
13390.4 1.04931
13402.4 1.24789
13414.4 1.5632
13426.4 2.16578
13438.4 2.48828
13450.5 2.66698
13462.5 2.75626
13474.5 2.77232
13486.5 2.71878
13498.5 2.59003
13510.5 2.36619
13522.5 1.97725
13534.5 1.33914
13546.5 1.01313
13558.6 0.800831
13570.6 0.661003
13582.6 0.579516
13594.6 0.552567
13606.6 0.584307
13618.6 0.692065
13630.6 0.956454
13642.6 1.29902
13654.7 1.43578
13666.7 1.50049
13678.7 1.51529
13690.7 1.48787
13702.7 1.41935
13714.7 1.30493
13726.7 1.12784
13738.7 0.786904
13750.8 0.521591
13762.8 0.343861
13774.8 0.205715
13786.8 0.093972
13798.8 0.00276617
13810.8 -0.0706377
13822.8 -0.126782
13834.8 -0.162723
13846.8 -0.162068
13858.9 -0.179089
13870.9 -0.20281
13882.9 -0.227696
13894.9 -0.251924
13906.9 -0.274564
13918.9 -0.294955
13930.9 -0.312378
13942.9 -0.325301
13955 -0.331249
13967 -0.342181
13979 -0.354093
13991 -0.366082
14003 -0.377928
14015 -0.389758
14027 -0.402127
14039 -0.416568
14051.1 -0.439516
14063.1 -0.467132
14075.1 -0.469745
14087.1 -0.459703
14099.1 -0.438438
14111.1 -0.40566
14123.1 -0.359909
14135.1 -0.298045
14147.1 -0.21275
14159.2 -0.0640649
14171.2 0.0630091
14183.2 0.152967
14195.2 0.228657
14207.2 0.29679
14219.2 0.361362
14231.2 0.425887
14243.2 0.494898
14255.3 0.577717
14267.3 0.712555
14279.3 0.791506
14291.3 0.833197
14303.3 0.85054
14315.3 0.847175
14327.3 0.823873
14339.3 0.779329
14351.4 0.70913
14363.4 0.598995
14375.4 0.416904
14387.4 0.302514
14399.4 0.212074
14411.4 0.133708
14423.4 0.0627385
14435.4 -0.00339603
14447.4 -0.0664016
14459.5 -0.127713
14471.5 -0.189507
14483.5 -0.252313
14495.5 -0.308786
14507.5 -0.36248
14519.5 -0.414244
14531.5 -0.464504
14543.5 -0.513449
14555.6 -0.56099
14567.6 -0.606362
14579.6 -0.643285
14591.6 -0.685886
14603.6 -0.740196
14615.6 -0.802697
14627.6 -0.873806
14639.6 -0.955291
14651.7 -1.05057
14663.7 -1.16634
14675.7 -1.31925
14687.7 -1.58907
14699.7 -1.75873
14711.7 -1.85566
14723.7 -1.90839
14735.7 -1.92458
14747.7 -1.90589
14759.8 -1.84995
14771.8 -1.74861
14783.8 -1.57631
14795.8 -1.26149
14807.8 -1.07724
14819.8 -0.945178
14831.8 -0.840629
14843.8 -0.754256
14855.9 -0.681174
14867.9 -0.618438
14879.9 -0.564189
14891.9 -0.517582
14903.9 -0.47773
14915.9 -0.439569
14927.9 -0.403836
14939.9 -0.369979
14952 -0.337165
14964 -0.304213
14976 -0.269221
14988 -0.228244
15000 -0.162532
15012 -0.102661
15024 -0.0794313
15036 -0.0745676
15048 -0.0849237
15060.1 -0.10989
15072.1 -0.150416
15084.1 -0.209513
15096.1 -0.295395
15108.1 -0.451736
15120.1 -0.566947
15132.1 -0.648311
15144.1 -0.713391
15156.2 -0.767239
15168.2 -0.811861
15180.2 -0.847642
15192.2 -0.873233
15204.2 -0.882812
15216.2 -0.855748
15228.2 -0.86711
15240.2 -0.898273
15252.3 -0.943181
15264.3 -1.00071
15276.3 -1.07172
15288.3 -1.15905
15300.3 -1.26938
15312.3 -1.42429
15324.3 -1.64445
15336.3 -1.77185
15348.3 -1.86454
15360.4 -1.9345
15372.4 -1.9863
15384.4 -2.02186
15396.4 -2.04144
15408.4 -2.04322
15420.4 -2.01638
15432.4 -1.9738
15444.4 -1.94838
15456.5 -1.92324
15468.5 -1.8948
15480.5 -1.8608
15492.5 -1.81899
15504.5 -1.76618
15516.5 -1.69598
15528.5 -1.57675
15540.5 -1.4823
15552.6 -1.41221
15564.6 -1.35178
15576.6 -1.29599
15588.6 -1.24153
15600.6 -1.18516
15612.6 -1.12236
15624.6 -1.04307
15636.6 -0.91203
15648.6 -0.839654
15660.7 -0.800395
15672.7 -0.782709
15684.7 -0.782866
15696.7 -0.799562
15708.7 -0.833055
15720.7 -0.885652
15732.7 -0.966095
15744.7 -1.08714
15756.8 -1.17434
15768.8 -1.25371
15780.8 -1.33142
15792.8 -1.4103
15804.8 -1.49233
15816.8 -1.57956
15828.8 -1.6751
15840.8 -1.78895
15852.9 -1.91476
15864.9 -2.01646
15876.9 -2.11129
15888.9 -2.20262
15900.9 -2.29218
15912.9 -2.38109
15924.9 -2.47037
15936.9 -2.56118
15948.9 -2.65744
15961 -2.75196
15973 -2.84422
15985 -2.93643
15997 -3.02952
16009 -3.12421
16021 -3.22123
16033 -3.32144
16045 -3.42618
16057.1 -3.53907
16069.1 -3.65244
16081.1 -3.76913
16093.1 -3.8916
16105.1 -4.02231
16117.1 -4.16455
16129.1 -4.3236
16141.1 -4.50967
16153.2 -4.75165
16165.2 -5.10592
16177.2 -5.31043
16189.2 -5.44943
16201.2 -5.54346
16213.2 -5.59911
16225.2 -5.61765
16237.2 -5.59605
16249.2 -5.52407
16261.3 -5.36083
16273.3 -5.11629
16285.3 -4.99619
16297.3 -4.91279
16309.3 -4.85006
16321.3 -4.80104
16333.3 -4.76193
16345.3 -4.73034
16357.4 -4.70466
16369.4 -4.68375
16381.4 -4.66678
16393.4 -4.65309
16405.4 -4.6422
16417.4 -4.63371
16429.4 -4.62728
16441.4 -4.62266
16453.5 -4.61963
16465.5 -4.618
16477.5 -4.61761
16489.5 -4.61834
16501.5 -4.62006
16513.5 -4.62268
16525.5 -4.62611
16537.5 -4.63027
16549.5 -4.63509
16561.6 -4.64053
16573.6 -4.64651
16585.6 -4.65301
16597.6 -4.65996
16609.6 -4.66734
16621.6 -4.67512
16633.6 -4.68325
16645.6 -4.69172
16657.7 -4.70049
16669.7 -4.70954
16681.7 -4.71886
16693.7 -4.72842
16705.7 -4.73821
16717.7 -4.7482
16729.7 -4.75838
16741.7 -4.76875
16753.8 -4.77928
16765.8 -4.78997
16777.8 -4.80079
16789.8 -4.81176
16801.8 -4.82284
16813.8 -4.83404
16825.8 -4.84534
16837.8 -4.85675
16849.8 -4.86824
16861.9 -4.87982
16873.9 -4.89148
16885.9 -4.90321
16897.9 -4.91501
16909.9 -4.92687
16921.9 -4.93879
16933.9 -4.95076
16945.9 -4.96277
16958 -4.97483
16970 -4.98693
16982 -4.99907
16994 -5.01124
17006 -5.02344
17018 -5.03567
17030 -5.04792
17042 -5.06019
17054.1 -5.07248
17066.1 -5.08479
17078.1 -5.09711
17090.1 -5.10944
17102.1 -5.12178
17114.1 -5.13413
17126.1 -5.14649
17138.1 -5.15885
17150.2 -5.17121
17162.2 -5.18358
17174.2 -5.19594
17186.2 -5.2083
17198.2 -5.22066
17210.2 -5.23301
17222.2 -5.24536
17234.2 -5.25769
17246.2 -5.27003
17258.3 -5.28235
17270.3 -5.29466
17282.3 -5.30696
17294.3 -5.31924
17306.3 -5.33152
17318.3 -5.34378
17330.3 -5.35602
17342.3 -5.36825
17354.4 -5.38046
17366.4 -5.39266
17378.4 -5.40484
17390.4 -5.417
17402.4 -5.42914
17414.4 -5.44126
17426.4 -5.45336
17438.4 -5.46544
17450.5 -5.4775
17462.5 -5.48954
17474.5 -5.50155
17486.5 -5.51355
17498.5 -5.52552
17510.5 -5.53747
17522.5 -5.54939
17534.5 -5.56129
17546.5 -5.57316
17558.6 -5.58501
17570.6 -5.59684
17582.6 -5.60864
17594.6 -5.62041
17606.6 -5.63216
17618.6 -5.64388
17630.6 -5.65558
17642.6 -5.66725
17654.7 -5.67889
17666.7 -5.69051
17678.7 -5.70209
17690.7 -5.71365
17702.7 -5.72519
17714.7 -5.73669
17726.7 -5.74817
17738.7 -5.75962
17750.8 -5.77104
17762.8 -5.78243
17774.8 -5.7938
17786.8 -5.80513
17798.8 -5.81644
17810.8 -5.82772
17822.8 -5.83897
17834.8 -5.85019
17846.8 -5.86138
17858.9 -5.87254
17870.9 -5.88368
17882.9 -5.89478
17894.9 -5.90585
17906.9 -5.9169
17918.9 -5.92791
17930.9 -5.9389
17942.9 -5.94985
17955 -5.96078
17967 -5.97168
17979 -5.98254
17991 -5.99338
18003 -6.00419
18015 -6.01497
18027 -6.02572
18039 -6.03643
18051.1 -6.04712
18063.1 -6.05778
18075.1 -6.06841
18087.1 -6.07901
18099.1 -6.08958
18111.1 -6.10012
18123.1 -6.11063
18135.1 -6.12111
18147.1 -6.13156
18159.2 -6.14198
18171.2 -6.15237
18183.2 -6.16273
18195.2 -6.17306
18207.2 -6.18336
18219.2 -6.19363
18231.2 -6.20387
18243.2 -6.21408
18255.3 -6.22427
18267.3 -6.23442
18279.3 -6.24454
18291.3 -6.25464
18303.3 -6.2647
18315.3 -6.27473
18327.3 -6.28474
18339.3 -6.29472
18351.4 -6.30466
18363.4 -6.31458
18375.4 -6.32447
18387.4 -6.33433
18399.4 -6.34416
18411.4 -6.35396
18423.4 -6.36373
18435.4 -6.37347
18447.4 -6.38318
18459.5 -6.39287
18471.5 -6.40252
18483.5 -6.41215
18495.5 -6.42175
18507.5 -6.43132
18519.5 -6.44086
18531.5 -6.45037
18543.5 -6.45986
18555.6 -6.46931
18567.6 -6.47874
18579.6 -6.48814
18591.6 -6.49751
18603.6 -6.50685
18615.6 -6.51616
18627.6 -6.52545
18639.6 -6.5347
18651.7 -6.54393
18663.7 -6.55314
18675.7 -6.56231
18687.7 -6.57145
18699.7 -6.58057
18711.7 -6.58966
18723.7 -6.59873
18735.7 -6.60776
18747.7 -6.61677
18759.8 -6.62575
18771.8 -6.6347
18783.8 -6.64363
18795.8 -6.65252
18807.8 -6.66139
18819.8 -6.67024
18831.8 -6.67905
18843.8 -6.68784
18855.9 -6.69661
18867.9 -6.70534
18879.9 -6.71405
18891.9 -6.72273
18903.9 -6.73139
18915.9 -6.74002
18927.9 -6.74862
18939.9 -6.7572
18952 -6.76575
18964 -6.77427
18976 -6.78277
18988 -6.79124
19000 -6.79968
