7000 -0.0577662
7012.01 -0.0305273
7024.02 -0.00272962
7036.04 0.025595
7048.05 0.0544063
7060.06 0.0836536
7072.07 0.113274
7084.08 0.143192
7096.1 0.173315
7108.11 0.203531
7120.12 0.233708
7132.13 0.263689
7144.14 0.293285
7156.16 0.322279
7168.17 0.350412
7180.18 0.377383
7192.19 0.402841
7204.2 0.426381
7216.22 0.447531
7228.23 0.465753
7240.24 0.480425
7252.25 0.490843
7264.26 0.496204
7276.28 0.495608
7288.29 0.488043
7300.3 0.472391
7312.31 0.447421
7324.32 0.411796
7336.34 0.364088
7348.35 0.30279
7360.36 0.226349
7372.37 0.133205
7384.38 0.0218398
7396.4 -0.109165
7408.41 -0.26106
7420.42 -0.434873
7432.43 -0.631381
7444.44 -0.851174
7456.46 -1.09503
7468.47 -1.36603
7480.48 -1.67263
7492.49 -1.96714
7504.5 -2.25955
7516.52 -2.54934
7528.53 -2.8331
7540.54 -3.10614
7552.55 -3.36265
7564.56 -3.5947
7576.58 -3.78434
7588.59 -3.92736
7600.6 -4.10353
7612.61 -4.27798
7624.62 -4.44372
7636.64 -4.59804
7648.65 -4.74012
7660.66 -4.87045
7672.67 -4.99096
7684.68 -5.1106
7696.7 -5.21519
7708.71 -5.29844
7720.72 -5.36772
7732.73 -5.42588
7744.74 -5.47506
7756.76 -5.51716
7768.77 -5.55414
7780.78 -5.58844
7792.79 -5.6266
7804.8 -5.65577
7816.82 -5.67871
7828.83 -5.69859
7840.84 -5.71726
7852.85 -5.73646
7864.86 -5.7583
7876.88 -5.786
7888.89 -5.8272
7900.9 -5.90253
7912.91 -5.93757
7924.92 -5.95357
7936.94 -5.95745
7948.95 -5.95169
7960.96 -5.93733
7972.97 -5.91447
7984.98 -5.88209
7997 -5.83536
8009.01 -5.77148
8021.02 -5.72436
8033.03 -5.68098
8045.05 -5.63862
8057.06 -5.59596
8069.07 -5.55198
8081.08 -5.50547
8093.09 -5.45432
8105.11 -5.3898
8117.12 -5.32451
8129.13 -5.27533
8141.14 -5.23252
8153.15 -5.19412
8165.17 -5.1593
8177.18 -5.12764
8189.19 -5.09907
8201.2 -5.07403
8213.21 -5.056
8225.23 -5.03554
8237.24 -5.01297
8249.25 -4.98963
8261.26 -4.96575
8273.27 -4.94127
8285.29 -4.91588
8297.3 -4.88882
8309.31 -4.85796
8321.32 -4.81599
8333.33 -4.78818
8345.35 -4.7684
8357.36 -4.7546
8369.37 -4.74647
8381.38 -4.74454
8393.39 -4.75026
8405.41 -4.76701
8417.42 -4.80593
8429.43 -4.8789
8441.44 -4.90009
8453.45 -4.89983
8465.47 -4.8838
8477.48 -4.8533
8489.49 -4.80749
8501.5 -4.74328
8513.51 -4.65271
8525.53 -4.50179
8537.54 -4.32647
8549.55 -4.23388
8561.56 -4.17183
8573.57 -4.13146
8585.59 -4.10959
8597.6 -4.10563
8609.61 -4.12138
8621.62 -4.16334
8633.63 -4.27108
8645.65 -4.34971
8657.66 -4.39614
8669.67 -4.42863
8681.68 -4.45223
8693.69 -4.46919
8705.71 -4.48054
8717.72 -4.48653
8729.73 -4.48607
8741.74 -4.47336
8753.75 -4.46806
8765.77 -4.46607
8777.78 -4.46546
8789.79 -4.46561
8801.8 -4.46624
8813.81 -4.46721
8825.83 -4.46844
8837.84 -4.46987
8849.85 -4.47146
8861.86 -4.4732
8873.87 -4.47508
8885.89 -4.47708
8897.9 -4.47919
8909.91 -4.48142
8921.92 -4.48375
8933.93 -4.48619
8945.95 -4.48873
8957.96 -4.49136
8969.97 -4.4941
8981.98 -4.49693
8993.99 -4.49986
9006.01 -4.50288
9018.02 -4.50599
9030.03 -4.50919
9042.04 -4.51248
9054.05 -4.51586
9066.07 -4.51932
9078.08 -4.52287
9090.09 -4.52649
9102.1 -4.5302
9114.11 -4.53398
9126.13 -4.53784
9138.14 -4.54178
9150.15 -4.54579
9162.16 -4.54987
9174.17 -4.55401
9186.19 -4.55822
9198.2 -4.5625
9210.21 -4.56684
9222.22 -4.57124
9234.23 -4.57569
9246.25 -4.58021
9258.26 -4.58477
9270.27 -4.58939
9282.28 -4.59405
9294.29 -4.59877
9306.31 -4.60352
9318.32 -4.60832
9330.33 -4.61316
9342.34 -4.61803
9354.35 -4.62294
9366.37 -4.62789
9378.38 -4.63286
9390.39 -4.63786
9402.4 -4.64288
9414.41 -4.64793
9426.43 -4.653
9438.44 -4.65808
9450.45 -4.66318
9462.46 -4.6683
9474.47 -4.67342
9486.49 -4.67855
9498.5 -4.68368
9510.51 -4.68881
9522.52 -4.69395
9534.53 -4.69908
9546.55 -4.7042
9558.56 -4.70931
9570.57 -4.71441
9582.58 -4.7195
9594.59 -4.72456
9606.61 -4.72961
9618.62 -4.73463
9630.63 -4.73962
9642.64 -4.74459
9654.65 -4.74952
9666.67 -4.75441
9678.68 -4.75926
9690.69 -4.76408
9702.7 -4.76884
9714.71 -4.77355
9726.73 -4.77822
9738.74 -4.78282
9750.75 -4.78737
9762.76 -4.79185
9774.77 -4.79627
9786.79 -4.80062
9798.8 -4.80489
9810.81 -4.80909
9822.82 -4.8132
9834.83 -4.81723
9846.85 -4.82117
9858.86 -4.82503
9870.87 -4.82878
9882.88 -4.83244
9894.89 -4.83599
9906.91 -4.83943
9918.92 -4.84276
9930.93 -4.84598
9942.94 -4.84908
9954.95 -4.85205
9966.97 -4.8549
9978.98 -4.85761
9990.99 -4.86019
10003 -4.86262
10015 -4.86491
10027 -4.86706
10039 -4.86904
10051.1 -4.87087
10063.1 -4.87254
10075.1 -4.87404
10087.1 -4.87536
10099.1 -4.87651
10111.1 -4.87748
10123.1 -4.87826
10135.1 -4.87885
10147.1 -4.87925
10159.2 -4.87944
10171.2 -4.87943
10183.2 -4.8792
10195.2 -4.87877
10207.2 -4.87811
10219.2 -4.87722
10231.2 -4.87611
10243.2 -4.87476
10255.3 -4.87317
10267.3 -4.87133
10279.3 -4.86924
10291.3 -4.8669
10303.3 -4.86429
10315.3 -4.86142
10327.3 -4.85828
10339.3 -4.85487
10351.4 -4.85117
10363.4 -4.84718
10375.4 -4.84291
10387.4 -4.83833
10399.4 -4.83346
10411.4 -4.82828
10423.4 -4.82279
10435.4 -4.81698
10447.4 -4.81086
10459.5 -4.80441
10471.5 -4.79762
10483.5 -4.79051
10495.5 -4.78306
10507.5 -4.77527
10519.5 -4.76713
10531.5 -4.75864
10543.5 -4.7498
10555.6 -4.7406
10567.6 -4.73105
10579.6 -4.72113
10591.6 -4.71085
10603.6 -4.70021
10615.6 -4.6892
10627.6 -4.67783
10639.6 -4.66608
10651.7 -4.65397
10663.7 -4.6415
10675.7 -4.62866
10687.7 -4.61547
10699.7 -4.60192
10711.7 -4.58802
10723.7 -4.57378
10735.7 -4.55922
10747.7 -4.54434
10759.8 -4.52916
10771.8 -4.5137
10783.8 -4.49799
10795.8 -4.48207
10807.8 -4.46598
10819.8 -4.44977
10831.8 -4.43354
10843.8 -4.4174
10855.9 -4.40153
10867.9 -4.38624
10879.9 -4.37216
10891.9 -4.3613
10903.9 -4.35453
10915.9 -4.3393
10927.9 -4.32051
10939.9 -4.29906
10952 -4.27527
10964 -4.24916
10976 -4.22056
10988 -4.18878
11000 -4.15007
11012 -4.11081
11024 -4.07742
11036 -4.04619
11048 -4.01649
11060.1 -3.98822
11072.1 -3.96156
11084.1 -3.93707
11096.1 -3.91622
11108.1 -3.90667
11120.1 -3.88907
11132.1 -3.86477
11144.1 -3.83694
11156.2 -3.80662
11168.2 -3.77441
11180.2 -3.74081
11192.2 -3.70639
11204.2 -3.67239
11216.2 -3.64243
11228.2 -3.60418
11240.2 -3.56084
11252.3 -3.51353
11264.3 -3.4625
11276.3 -3.40769
11288.3 -3.34869
11300.3 -3.28447
11312.3 -3.21153
11324.3 -3.12653
11336.3 -3.05549
11348.3 -2.98896
11360.4 -2.92506
11372.4 -2.86316
11384.4 -2.80315
11396.4 -2.74529
11408.4 -2.69055
11420.4 -2.64347
11432.4 -2.59884
11444.4 -2.54313
11456.5 -2.48312
11468.5 -2.42007
11480.5 -2.35453
11492.5 -2.28684
11504.5 -2.21723
11516.5 -2.146
11528.5 -2.07411
11540.5 -1.99937
11552.6 -1.92176
11564.6 -1.84162
11576.6 -1.75896
11588.6 -1.67363
11600.6 -1.58531
11612.6 -1.49331
11624.6 -1.39581
11636.6 -1.28596
11648.6 -1.18563
11660.7 -1.08986
11672.7 -0.996448
11684.7 -0.904726
11696.7 -0.814519
11708.7 -0.725994
11720.7 -0.639825
11732.7 -0.558403
11744.7 -0.485179
11756.8 -0.399764
11768.8 -0.309141
11780.8 -0.21481
11792.8 -0.117271
11804.8 -0.0166453
11816.8 0.0872349
11828.8 0.195003
11840.8 0.309416
11852.9 0.428424
11864.9 0.541142
11876.9 0.652564
11888.9 0.763556
11900.9 0.874453
11912.9 0.985343
11924.9 1.09607
11936.9 1.20593
11948.9 1.30987
11961 1.42008
11973 1.53839
11985 1.6626
11997 1.79273
12009 1.92957
12021 2.07476
12033 2.23158
12045 2.40846
12057.1 2.64004
12069.1 2.82316
12081.1 2.9781
12093.1 3.11654
12105.1 3.24219
12117.1 3.35647
12129.1 3.45951
12141.1 3.54988
12153.2 3.62183
12165.2 3.66348
12177.2 3.73163
12189.2 3.80808
12201.2 3.88825
12213.2 3.97037
12225.2 4.05356
12237.2 4.13731
12249.2 4.22143
12261.3 4.30638
12273.3 4.39169
12285.3 4.47313
12297.3 4.55207
12309.3 4.62841
12321.3 4.70176
12333.3 4.7714
12345.3 4.836
12357.4 4.89251
12369.4 4.92418
12381.4 4.96587
12393.4 5.02726
12405.4 5.09832
12417.4 5.17686
12429.4 5.26228
12441.4 5.35497
12453.5 5.4565
12465.5 5.57149
12477.5 5.72208
12489.5 5.84622
12501.5 5.95328
12513.5 6.05123
12525.5 6.14264
12537.5 6.22872
12549.5 6.31012
12561.6 6.38713
12573.6 6.45969
12585.6 6.52715
12597.6 6.59252
12609.6 6.65479
12621.6 6.71348
12633.6 6.76808
12645.6 6.81787
12657.7 6.86164
12669.7 6.89686
12681.7 6.91511
12693.7 6.91467
12705.7 6.94439
12717.7 6.98469
12729.7 7.03204
12741.7 7.08518
12753.8 7.14388
12765.8 7.2087
12777.8 7.28173
12789.8 7.37551
12801.8 7.46679
12813.8 7.54105
12825.8 7.60852
12837.8 7.67147
12849.8 7.73097
12861.9 7.78763
12873.9 7.84193
12885.9 7.89441
12897.9 7.94691
12909.9 7.99491
12921.9 8.03887
12933.9 8.07937
12945.9 8.11647
12958 8.15
12970 8.17957
12982 8.20432
12994 8.222
13006 8.22599
13018 8.2398
13030 8.25676
13042 8.27447
13054.1 8.29185
13066.1 8.30805
13078.1 8.32212
13090.1 8.33253
13102.1 8.33484
13114.1 8.32583
13126.1 8.33497
13138.1 8.35116
13150.2 8.37226
13162.2 8.39762
13174.2 8.42722
13186.2 8.46169
13198.2 8.50291
13210.2 8.56025
13222.2 8.62023
13234.2 8.6612
13246.2 8.69475
13258.3 8.72285
13270.3 8.74618
13282.3 8.76472
13294.3 8.77786
13306.3 8.78354
13318.3 8.77027
13330.3 8.76675
13342.3 8.77203
13354.4 8.7812
13366.4 8.79281
13378.4 8.80615
13390.4 8.82081
13402.4 8.83658
13414.4 8.85334
13426.4 8.87129
13438.4 8.88923
13450.5 8.90733
13462.5 8.9256
13474.5 8.94397
13486.5 8.96232
13498.5 8.9804
13510.5 8.99776
13522.5 9.01289
13534.5 9.02401
13546.5 9.04331
13558.6 9.06667
13570.6 9.09339
13582.6 9.12349
13594.6 9.15739
13606.6 9.19606
13618.6 9.24172
13630.6 9.30329
13642.6 9.37257
13654.7 9.41922
13666.7 9.4578
13678.7 9.49084
13690.7 9.51937
13702.7 9.54374
13714.7 9.56381
13726.7 9.57853
13738.7 9.58077
13750.8 9.58782
13762.8 9.60064
13774.8 9.61591
13786.8 9.6328
13798.8 9.65106
13810.8 9.67074
13822.8 9.6922
13834.8 9.71666
13846.8 9.74915
13858.9 9.77404
13870.9 9.79462
13882.9 9.81257
13894.9 9.82842
13906.9 9.84238
13918.9 9.85448
13930.9 9.86454
13942.9 9.87178
13955 9.87483
13967 9.88083
13979 9.88739
13991 9.89392
14003 9.90014
14015 9.90587
14027 9.91094
14039 9.91508
14051.1 9.91754
14063.1 9.9186
14075.1 9.92115
14087.1 9.92379
14099.1 9.92615
14111.1 9.92799
14123.1 9.92899
14135.1 9.92869
14147.1 9.92612
14159.2 9.91604
14171.2 9.9097
14183.2 9.90924
14195.2 9.91176
14207.2 9.91658
14219.2 9.92346
14231.2 9.93241
14243.2 9.9437
14255.3 9.95823
14267.3 9.98018
14279.3 9.99752
14291.3 10.0124
14303.3 10.0262
14315.3 10.0396
14327.3 10.0529
14339.3 10.0664
14351.4 10.0805
14363.4 10.0961
14375.4 10.1149
14387.4 10.1297
14399.4 10.1431
14411.4 10.1555
14423.4 10.1674
14435.4 10.179
14447.4 10.1907
14459.5 10.2028
14471.5 10.2167
14483.5 10.2325
14495.5 10.2433
14507.5 10.252
14519.5 10.2591
14531.5 10.2649
14543.5 10.2696
14555.6 10.2732
14567.6 10.2758
14579.6 10.2776
14591.6 10.2782
14603.6 10.2774
14615.6 10.2754
14627.6 10.272
14639.6 10.267
14651.7 10.2603
14663.7 10.2514
14675.7 10.2392
14687.7 10.2182
14699.7 10.2029
14711.7 10.1915
14723.7 10.1819
14735.7 10.1735
14747.7 10.1662
14759.8 10.1597
14771.8 10.1544
14783.8 10.1508
14795.8 10.1513
14807.8 10.1466
14819.8 10.1394
14831.8 10.1301
14843.8 10.1188
14855.9 10.1052
14867.9 10.0889
14879.9 10.0685
14891.9 10.0399
14903.9 10.0014
14915.9 9.97891
14927.9 9.96235
14939.9 9.94974
14952 9.94031
14964 9.93376
14976 9.93005
14988 9.92951
15000 9.93418
15012 9.94074
15024 9.9459
15036 9.95196
15048 9.95967
15060.1 9.96976
15072.1 9.98322
15084.1 10.0018
15096.1 10.0293
15108.1 10.0861
15120.1 10.1209
15132.1 10.137
15144.1 10.1423
15156.2 10.1391
15168.2 10.128
15180.2 10.1086
15192.2 10.0795
15204.2 10.0361
15216.2 9.96273
15228.2 9.91377
15240.2 9.87494
15252.3 9.84093
15264.3 9.80973
15276.3 9.78018
15288.3 9.75134
15300.3 9.72217
15312.3 9.69028
15324.3 9.65349
15336.3 9.62721
15348.3 9.60571
15360.4 9.58785
15372.4 9.57333
15384.4 9.56221
15396.4 9.555
15408.4 9.55312
15420.4 9.56289
15432.4 9.57698
15444.4 9.57641
15456.5 9.57054
15468.5 9.56088
15480.5 9.54789
15492.5 9.53146
15504.5 9.51084
15516.5 9.48379
15528.5 9.4371
15540.5 9.40327
15552.6 9.38272
15564.6 9.36984
15576.6 9.36347
15588.6 9.36361
15600.6 9.37118
15612.6 9.38851
15624.6 9.42206
15636.6 9.49626
15648.6 9.53314
15660.7 9.55049
15672.7 9.55637
15684.7 9.5534
15696.7 9.54263
15708.7 9.52415
15720.7 9.49696
15732.7 9.45679
15744.7 9.39729
15756.8 9.35642
15768.8 9.32116
15780.8 9.28861
15792.8 9.25765
15804.8 9.22773
15816.8 9.19856
15828.8 9.17002
15840.8 9.14224
15852.9 9.115
15864.9 9.08733
15876.9 9.05974
15888.9 9.03243
15900.9 9.00564
15912.9 8.97977
15924.9 8.95558
15936.9 8.93481
15948.9 8.92749
15961 8.91088
15973 8.88205
15985 8.84594
15997 8.80348
16009 8.75459
16021 8.69839
16033 8.63269
16045 8.55148
16057.1 8.42932
16069.1 8.34281
16081.1 8.27715
16093.1 8.22398
16105.1 8.18093
16117.1 8.14749
16129.1 8.12444
16141.1 8.11446
16153.2 8.12634
16165.2 8.1777
16177.2 8.18624
16189.2 8.17863
16201.2 8.16175
16213.2 8.13836
16225.2 8.11003
16237.2 8.07795
16249.2 8.04338
16261.3 8.00951
16273.3 7.97575
16285.3 7.92762
16297.3 7.87101
16309.3 7.80659
16321.3 7.73402
16333.3 7.65218
16345.3 7.55869
16357.4 7.44791
16369.4 7.28822
16381.4 7.14515
16393.4 7.03661
16405.4 6.94329
16417.4 6.86033
16429.4 6.78548
16441.4 6.71749
16453.5 6.65549
16465.5 6.59852
16477.5 6.54312
16489.5 6.49957
16501.5 6.46706
16513.5 6.44537
16525.5 6.43578
16537.5 6.4407
16549.5 6.46449
16561.6 6.51581
16573.6 6.61879
16585.6 6.83179
16597.6 6.91721
16609.6 6.94671
16621.6 6.94043
16633.6 6.90533
16645.6 6.84396
16657.7 6.75591
16669.7 6.63685
16681.7 6.46809
16693.7 6.24611
16705.7 6.08493
16717.7 5.93868
16729.7 5.79853
16741.7 5.66048
16753.8 5.52199
16765.8 5.38082
16777.8 5.23401
16789.8 5.07025
16801.8 4.90809
16813.8 4.7589
16825.8 4.61357
16837.8 4.46958
16849.8 4.32535
16861.9 4.17942
16873.9 4.03001
16885.9 3.87386
16897.9 3.69706
16909.9 3.5343
16921.9 3.38135
16933.9 3.23249
16945.9 3.08542
16958 2.9385
16970 2.79003
16982 2.63764
16994 2.47612
17006 2.29125
17018 2.13171
17030 1.98324
17042 1.84037
17054.1 1.7003
17066.1 1.56052
17078.1 1.41783
17090.1 1.26652
17102.1 1.08928
17114.1 0.873718
17126.1 0.737598
17138.1 0.637127
17150.2 0.564417
17162.2 0.517602
17174.2 0.497805
17186.2 0.509464
17198.2 0.564161
17210.2 0.716324
17222.2 0.88885
17234.2 0.957636
17246.2 0.989957
17258.3 0.99794
17270.3 0.986195
17282.3 0.955908
17294.3 0.905175
17306.3 0.82587
17318.3 0.668446
17330.3 0.559202
17342.3 0.494877
17354.4 0.45509
17366.4 0.434917
17378.4 0.433379
17390.4 0.452052
17402.4 0.496042
17414.4 0.580592
17426.4 0.760484
17438.4 0.853485
17450.5 0.9036
17462.5 0.928597
17474.5 0.934122
17486.5 0.922023
17498.5 0.891675
17510.5 0.839067
17522.5 0.748985
17534.5 0.603015
17546.5 0.52465
17558.6 0.469974
17570.6 0.429471
17582.6 0.399257
17594.6 0.37711
17606.6 0.36128
17618.6 0.349452
17630.6 0.333614
17642.6 0.321803
17654.7 0.342649
17666.7 0.384316
17678.7 0.446649
17690.7 0.53205
17702.7 0.645585
17714.7 0.797198
17726.7 1.01041
17738.7 1.4141
17750.8 1.70735
17762.8 1.87539
17774.8 1.97841
17786.8 2.0321
17798.8 2.04202
17810.8 2.00825
17822.8 1.92487
17834.8 1.77113
17846.8 1.45997
17858.9 1.26329
17870.9 1.12336
17882.9 1.01065
17894.9 0.914992
17906.9 0.831259
17918.9 0.756434
17930.9 0.688562
17942.9 0.626291
17955 0.568648
17967 0.514903
17979 0.464497
17991 0.41699
18003 0.372031
18015 0.329334
18027 0.288663
18039 0.249821
18051.1 0.212643
18063.1 0.176988
18075.1 0.142734
18087.1 0.109776
18099.1 0.078023
18111.1 0.0473947
18123.1 0.0178203
18135.1 -0.0107633
18147.1 -0.0384121
18159.2 -0.0651766
18171.2 -0.0911022
18183.2 -0.11623
18195.2 -0.140597
18207.2 -0.164238
18219.2 -0.187184
18231.2 -0.209464
18243.2 -0.231103
18255.3 -0.252128
18267.3 -0.27256
18279.3 -0.29242
18291.3 -0.311729
18303.3 -0.330505
18315.3 -0.348764
18327.3 -0.366525
18339.3 -0.383802
18351.4 -0.400609
18363.4 -0.41696
18375.4 -0.432869
18387.4 -0.448348
18399.4 -0.463408
18411.4 -0.478062
18423.4 -0.492319
18435.4 -0.50619
18447.4 -0.519685
18459.5 -0.532813
18471.5 -0.545583
18483.5 -0.558005
18495.5 -0.570087
18507.5 -0.581836
18519.5 -0.59326
18531.5 -0.604368
18543.5 -0.615166
18555.6 -0.625662
18567.6 -0.635862
18579.6 -0.645773
18591.6 -0.655401
18603.6 -0.664754
18615.6 -0.673835
18627.6 -0.682653
18639.6 -0.691212
18651.7 -0.699518
18663.7 -0.707576
18675.7 -0.715392
18687.7 -0.722971
18699.7 -0.730318
18711.7 -0.737437
18723.7 -0.744334
18735.7 -0.751014
18747.7 -0.75748
18759.8 -0.763737
18771.8 -0.76979
18783.8 -0.775643
18795.8 -0.7813
18807.8 -0.786765
18819.8 -0.792042
18831.8 -0.797134
18843.8 -0.802047
18855.9 -0.806783
18867.9 -0.811346
18879.9 -0.815739
18891.9 -0.819967
18903.9 -0.824032
18915.9 -0.827938
18927.9 -0.831688
18939.9 -0.835285
18952 -0.838733
18964 -0.842035
18976 -0.845193
18988 -0.84821
19000 -0.85109
