7000 -7.66871e-05
7012.01 -7.57057e-05
7024.02 -7.46818e-05
7036.04 -7.35309e-05
7048.05 -7.25079e-05
7060.06 -7.15773e-05
7072.07 -7.06824e-05
7084.08 -6.98063e-05
7096.1 -6.89386e-05
7108.11 -6.80699e-05
7120.12 -6.71881e-05
7132.13 -6.62688e-05
7144.14 -6.52676e-05
7156.16 -6.44459e-05
7168.17 -6.36954e-05
7180.18 -6.29892e-05
7192.19 -6.23165e-05
7204.2 -6.167e-05
7216.22 -6.10421e-05
7228.23 -6.04197e-05
7240.24 -5.97595e-05
7252.25 -5.91313e-05
7264.26 -5.87559e-05
7276.28 -5.85082e-05
7288.29 -5.83764e-05
7300.3 -5.83629e-05
7312.31 -5.84775e-05
7324.32 -5.87372e-05
7336.34 -5.91711e-05
7348.35 -5.9868e-05
7360.36 -6.0613e-05
7372.37 -6.1482e-05
7384.38 -6.2555e-05
7396.4 -6.38927e-05
7408.41 -6.55675e-05
7420.42 -6.76756e-05
7432.43 -7.0353e-05
7444.44 -7.37909e-05
7456.46 -7.83976e-05
7468.47 -8.66543e-05
7480.48 -6.52832e-05
7492.49 -7.99545e-06
7504.5 5.29283e-05
7516.52 0.000116271
7528.53 0.000181609
7540.54 0.000248778
7552.55 0.00031774
7564.56 0.000389113
7576.58 0.000464736
7588.59 0.000508353
7600.6 0.000538418
7612.61 0.000567246
7624.62 0.000595451
7636.64 0.000623251
7648.65 0.000650671
7660.66 0.000677285
7672.67 0.000705809
7684.68 0.000735461
7696.7 0.000761034
7708.71 0.000786639
7720.72 0.000812497
7732.73 0.000838685
7744.74 0.000865303
7756.76 0.000892597
7768.77 0.000920345
7780.78 0.000945559
7792.79 0.000971929
7804.8 0.00100593
7816.82 0.00104044
7828.83 0.00107525
7840.84 0.0011103
7852.85 0.00114554
7864.86 0.00118087
7876.88 0.00121689
7888.89 0.00125395
7900.9 0.00128793
7912.91 0.0013173
7924.92 0.0013465
7936.94 0.00137566
7948.95 0.00140482
7960.96 0.00143395
7972.97 0.00146295
7984.98 0.00149281
7997 0.00152303
8009.01 0.00155359
8021.02 0.00158442
8033.03 0.00161547
8045.05 0.00164671
8057.06 0.00167812
8069.07 0.00170967
8081.08 0.00174153
8093.09 0.0017743
8105.11 0.00180779
8117.12 0.00183604
8129.13 0.00186396
8141.14 0.00189188
8153.15 0.00191985
8165.17 0.00194788
8177.18 0.00197594
8189.19 0.00200411
8201.2 0.00203229
8213.21 0.00206159
8225.23 0.00209703
8237.24 0.00213307
8249.25 0.00216954
8261.26 0.00220641
8273.27 0.00224366
8285.29 0.00228133
8297.3 0.00231973
8309.31 0.00235897
8321.32 0.00239121
8333.33 0.00241176
8345.35 0.00243167
8357.36 0.00245124
8369.37 0.00247057
8381.38 0.0024897
8393.39 0.00250876
8405.41 0.00252784
8417.42 0.00254658
8429.43 0.00257262
8441.44 0.00260315
8453.45 0.00263419
8465.47 0.00266562
8477.48 0.00269743
8489.49 0.00272959
8501.5 0.00276249
8513.51 0.00279613
8525.53 0.00283116
8537.54 0.00284286
8549.55 0.0028512
8561.56 0.00285902
8573.57 0.00286656
8585.59 0.00287392
8597.6 0.00288127
8609.61 0.00288906
8621.62 0.00289707
8633.63 0.00290347
8645.65 0.00289727
8657.66 0.00289043
8669.67 0.00288327
8681.68 0.00287591
8693.69 0.0028684
8705.71 0.00286091
8717.72 0.00285352
8729.73 0.00284627
8741.74 0.00283432
8753.75 0.00281383
8765.77 0.00279286
8777.78 0.00277157
8789.79 0.00275003
8801.8 0.00272825
8813.81 0.00270615
8825.83 0.0026837
8837.84 0.00266059
8849.85 0.00265637
8861.86 0.00266498
8873.87 0.00267433
8885.89 0.00268418
8897.9 0.00269444
8909.91 0.00270502
8921.92 0.00271576
8933.93 0.00272679
8945.95 0.00273809
8957.96 0.00274967
8969.97 0.00276152
8981.98 0.00277364
8993.99 0.00278604
9006.01 0.00279872
9018.02 0.00281154
9030.03 0.00282455
9042.04 0.00283781
9054.05 0.00285135
9066.07 0.00286517
9078.08 0.00287927
9090.09 0.00289366
9102.1 0.00290835
9114.11 0.00292334
9126.13 0.00293861
9138.14 0.00295418
9150.15 0.00297008
9162.16 0.00298629
9174.17 0.00300284
9186.19 0.00301973
9198.2 0.00303696
9210.21 0.00305455
9222.22 0.00307234
9234.23 0.00309007
9246.25 0.00310813
9258.26 0.00312653
9270.27 0.00314528
9282.28 0.0031644
9294.29 0.00318388
9306.31 0.00320375
9318.32 0.003224
9330.33 0.00324397
9342.34 0.00326394
9354.35 0.00328424
9366.37 0.0033049
9378.38 0.00332591
9390.39 0.00334728
9402.4 0.00336901
9414.41 0.00339111
9426.43 0.00341352
9438.44 0.00343482
9450.45 0.0034564
9462.46 0.00347828
9474.47 0.00350046
9486.49 0.00352295
9498.5 0.00354573
9510.51 0.00356879
9522.52 0.00359213
9534.53 0.00361519
9546.55 0.00363763
9558.56 0.00366029
9570.57 0.00368315
9582.58 0.00370618
9594.59 0.00372939
9606.61 0.00375273
9618.62 0.0037762
9630.63 0.00379974
9642.64 0.0038226
9654.65 0.00384527
9666.67 0.00386794
9678.68 0.00389061
9690.69 0.00391322
9702.7 0.00393575
9714.71 0.00395816
9726.73 0.00398041
9738.74 0.00400238
9750.75 0.00402348
9762.76 0.00404435
9774.77 0.00406493
9786.79 0.00408519
9798.8 0.00410509
9810.81 0.00412458
9822.82 0.00414365
9834.83 0.00416223
9846.85 0.00418006
9858.86 0.00419712
9870.87 0.00421364
9882.88 0.0042296
9894.89 0.00424495
9906.91 0.0042597
9918.92 0.0042738
9930.93 0.00428723
9942.94 0.00429997
9954.95 0.00431124
9966.97 0.00432176
9978.98 0.00433168
9990.99 0.00434098
10003 0.00434967
10015 0.00435778
10027 0.00436533
10039 0.00437238
10051.1 0.00437947
10063.1 0.00438794
10075.1 0.00439569
10087.1 0.00440286
10099.1 0.0044095
10111.1 0.00441566
10123.1 0.00442141
10135.1 0.00442679
10147.1 0.00443188
10159.2 0.0044376
10171.2 0.00444365
10183.2 0.00444938
10195.2 0.00445488
10207.2 0.00446021
10219.2 0.00446544
10231.2 0.00447064
10243.2 0.0044759
10255.3 0.00448141
10267.3 0.0044902
10279.3 0.00449921
10291.3 0.00450818
10303.3 0.00451722
10315.3 0.00452641
10327.3 0.0045358
10339.3 0.0045455
10351.4 0.00455561
10363.4 0.00456757
10375.4 0.00458396
10387.4 0.0046003
10399.4 0.00461684
10411.4 0.00463366
10423.4 0.00465083
10435.4 0.00466838
10447.4 0.00468638
10459.5 0.00470489
10471.5 0.00472491
10483.5 0.00474603
10495.5 0.00476758
10507.5 0.00478962
10519.5 0.00481216
10531.5 0.00483525
10543.5 0.00485888
10555.6 0.00488309
10567.6 0.00490789
10579.6 0.00493371
10591.6 0.00496011
10603.6 0.00498708
10615.6 0.00501462
10627.6 0.00504274
10639.6 0.00507143
10651.7 0.00510069
10663.7 0.00513051
10675.7 0.00516091
10687.7 0.0051919
10699.7 0.0052234
10711.7 0.00525543
10723.7 0.00528795
10735.7 0.00532094
10747.7 0.00535439
10759.8 0.00538825
10771.8 0.00542245
10783.8 0.00545596
10795.8 0.00548945
10807.8 0.00552348
10819.8 0.0055581
10831.8 0.00559349
10843.8 0.00562915
10855.9 0.00565144
10867.9 0.00567159
10879.9 0.00568973
10891.9 0.00570005
10903.9 0.00571015
10915.9 0.00571964
10927.9 0.00572806
10939.9 0.00573466
10952 0.00574605
10964 0.00577637
10976 0.00580845
10988 0.00584092
11000 0.00587334
11012 0.00590609
11024 0.00593895
11036 0.00597174
11048 0.00600431
11060.1 0.00603677
11072.1 0.00606896
11084.1 0.0061002
11096.1 0.00612645
11108.1 0.00615171
11120.1 0.00617714
11132.1 0.00620244
11144.1 0.00622751
11156.2 0.00625235
11168.2 0.00627462
11180.2 0.00629534
11192.2 0.00631483
11204.2 0.00633184
11216.2 0.0063483
11228.2 0.00636384
11240.2 0.00637822
11252.3 0.00639103
11264.3 0.0064019
11276.3 0.00642886
11288.3 0.00645678
11300.3 0.00648265
11312.3 0.00650728
11324.3 0.00653263
11336.3 0.00655844
11348.3 0.00658479
11360.4 0.00661223
11372.4 0.00663482
11384.4 0.00663548
11396.4 0.00663316
11408.4 0.00662896
11420.4 0.00662292
11432.4 0.00661508
11444.4 0.00660543
11456.5 0.00659378
11468.5 0.00657951
11480.5 0.00657185
11492.5 0.00657453
11504.5 0.00657753
11516.5 0.00658054
11528.5 0.00658279
11540.5 0.00658427
11552.6 0.00658487
11564.6 0.00658447
11576.6 0.00658273
11588.6 0.00658437
11600.6 0.00658739
11612.6 0.00658976
11624.6 0.00659157
11636.6 0.00659285
11648.6 0.00659353
11660.7 0.00659355
11672.7 0.00659277
11684.7 0.00659081
11696.7 0.00659516
11708.7 0.00660012
11720.7 0.00660546
11732.7 0.00661072
11744.7 0.00661598
11756.8 0.0066214
11768.8 0.00662721
11780.8 0.00663393
11792.8 0.00663934
11804.8 0.00663168
11816.8 0.00662552
11828.8 0.00662235
11840.8 0.00661453
11852.9 0.00660381
11864.9 0.00659047
11876.9 0.00657433
11888.9 0.00655458
11900.9 0.00654087
11912.9 0.00654018
11924.9 0.00653342
11936.9 0.00652798
11948.9 0.00652544
11961 0.00652472
11973 0.00652552
11985 0.00652785
11997 0.00653215
12009 0.00653179
12021 0.00652884
12033 0.00652813
12045 0.00652711
12057.1 0.00652653
12069.1 0.0065269
12081.1 0.00652878
12093.1 0.00653309
12105.1 0.0065431
12117.1 0.00652405
12129.1 0.00650575
12141.1 0.00648906
12153.2 0.00646601
12165.2 0.00643944
12177.2 0.0064101
12189.2 0.00637827
12201.2 0.00634394
12213.2 0.00630758
12225.2 0.00627383
12237.2 0.00623414
12249.2 0.00619603
12261.3 0.00615967
12273.3 0.00612432
12285.3 0.00608984
12297.3 0.00605634
12309.3 0.00602417
12321.3 0.00599256
12333.3 0.00596152
12345.3 0.00593756
12357.4 0.00590769
12369.4 0.00587517
12381.4 0.00584086
12393.4 0.00580518
12405.4 0.00576833
12417.4 0.0057305
12429.4 0.00569186
12441.4 0.00565259
12453.5 0.00561264
12465.5 0.00557205
12477.5 0.00553096
12489.5 0.00548949
12501.5 0.00544784
12513.5 0.0054063
12525.5 0.00536555
12537.5 0.00532333
12549.5 0.00528659
12561.6 0.00524402
12573.6 0.00519699
12585.6 0.00514655
12597.6 0.00509291
12609.6 0.00503588
12621.6 0.00497484
12633.6 0.00490947
12645.6 0.00484929
12657.7 0.00478037
12669.7 0.00472261
12681.7 0.00466918
12693.7 0.00461871
12705.7 0.00457075
12717.7 0.00452524
12729.7 0.00448253
12741.7 0.00444315
12753.8 0.00441288
12765.8 0.00437969
12777.8 0.00434049
12789.8 0.00429836
12801.8 0.00425412
12813.8 0.00420813
12825.8 0.00416052
12837.8 0.00411104
12849.8 0.00406835
12861.9 0.00403479
12873.9 0.00399882
12885.9 0.00396118
12897.9 0.00392212
12909.9 0.00388164
12921.9 0.00383961
12933.9 0.00379578
12945.9 0.00374963
12958 0.00369806
12970 0.00364197
12982 0.00359162
12994 0.00354287
13006 0.00349492
13018 0.0034474
13030 0.00340002
13042 0.00335255
13054.1 0.00330418
13066.1 0.003246
13078.1 0.0031906
13090.1 0.00313805
13102.1 0.00308715
13114.1 0.00303763
13126.1 0.00298944
13138.1 0.00294272
13150.2 0.00289793
13162.2 0.00285106
13174.2 0.00279423
13186.2 0.00273341
13198.2 0.00267095
13210.2 0.00260756
13222.2 0.0025435
13234.2 0.00247898
13246.2 0.00241413
13258.3 0.00234918
13270.3 0.00228059
13282.3 0.00220799
13294.3 0.00213463
13306.3 0.00206065
13318.3 0.00198612
13330.3 0.00191101
13342.3 0.00183529
13354.4 0.00175881
13366.4 0.00168113
13378.4 0.00160623
13390.4 0.00153511
13402.4 0.00146537
13414.4 0.00139637
13426.4 0.0013279
13438.4 0.00125986
13450.5 0.0011922
13462.5 0.00112492
13474.5 0.00105829
13486.5 0.000998133
13498.5 0.000936679
13510.5 0.000874841
13522.5 0.000812742
13534.5 0.000750379
13546.5 0.000687682
13558.6 0.000624492
13570.6 0.000560424
13582.6 0.000499191
13594.6 0.000452498
13606.6 0.000408969
13618.6 0.000366799
13630.6 0.000325605
13642.6 0.000285194
13654.7 0.000245438
13666.7 0.000206233
13678.7 0.000167434
13690.7 0.000133127
13702.7 0.000103581
13714.7 7.47789e-05
13726.7 4.66232e-05
13738.7 1.90779e-05
13750.8 -7.86197e-06
13762.8 -3.41687e-05
13774.8 -5.97521e-05
13786.8 -8.42916e-05
13798.8 -0.000111475
13810.8 -0.000141455
13822.8 -0.000171806
13834.8 -0.000202307
13846.8 -0.000232888
13858.9 -0.000263533
13870.9 -0.000294273
13882.9 -0.000325214
13894.9 -0.000357079
13906.9 -0.000403751
13918.9 -0.000448931
13930.9 -0.000493447
13942.9 -0.000537422
13955 -0.000580904
13967 -0.000623905
13979 -0.000666412
13991 -0.000708346
14003 -0.000749787
14015 -0.000792696
14027 -0.000835627
14039 -0.000878424
14051.1 -0.000921032
14063.1 -0.000963417
14075.1 -0.00100555
14087.1 -0.0010474
14099.1 -0.00108886
14111.1 -0.00112991
14123.1 -0.00117114
14135.1 -0.00121238
14147.1 -0.00125358
14159.2 -0.00129473
14171.2 -0.00133586
14183.2 -0.00137702
14195.2 -0.00141837
14207.2 -0.00146069
14219.2 -0.00150035
14231.2 -0.00153849
14243.2 -0.00157582
14255.3 -0.0016125
14267.3 -0.0016486
14279.3 -0.00168418
14291.3 -0.00171924
14303.3 -0.00175377
14315.3 -0.00178786
14327.3 -0.00180743
14339.3 -0.00182596
14351.4 -0.00184415
14363.4 -0.00186197
14375.4 -0.00187941
14387.4 -0.00189642
14399.4 -0.00191293
14411.4 -0.00192865
14423.4 -0.00194293
14435.4 -0.00195021
14447.4 -0.00195769
14459.5 -0.00196523
14471.5 -0.00197281
14483.5 -0.00198039
14495.5 -0.00198801
14507.5 -0.00199572
14519.5 -0.00200391
14531.5 -0.00201496
14543.5 -0.00203153
14555.6 -0.00204773
14567.6 -0.00206362
14579.6 -0.00207924
14591.6 -0.00209463
14603.6 -0.00210981
14615.6 -0.00212486
14627.6 -0.00213969
14639.6 -0.00216243
14651.7 -0.00218915
14663.7 -0.00221552
14675.7 -0.00224157
14687.7 -0.00226732
14699.7 -0.00229282
14711.7 -0.0023181
14723.7 -0.00234333
14735.7 -0.0023675
14747.7 -0.00238846
14759.8 -0.00240866
14771.8 -0.00242837
14783.8 -0.00244764
14795.8 -0.00246646
14807.8 -0.00248484
14819.8 -0.00250277
14831.8 -0.00252012
14843.8 -0.00253841
14855.9 -0.00255863
14867.9 -0.00257859
14879.9 -0.00259826
14891.9 -0.00261763
14903.9 -0.00263668
14915.9 -0.0026554
14927.9 -0.00267378
14939.9 -0.0026919
14952 -0.00271139
14964 -0.00273283
14976 -0.00275396
14988 -0.00277479
15000 -0.00279532
15012 -0.00281554
15024 -0.00283545
15036 -0.00285509
15048 -0.00287405
15060.1 -0.00287837
15072.1 -0.00287394
15084.1 -0.00286927
15096.1 -0.00286433
15108.1 -0.00285915
15120.1 -0.00285371
15132.1 -0.00284805
15144.1 -0.00284217
15156.2 -0.00283531
15168.2 -0.00283337
15180.2 -0.00283196
15192.2 -0.00283021
15204.2 -0.00282813
15216.2 -0.00282571
15228.2 -0.00282296
15240.2 -0.00281986
15252.3 -0.00281656
15264.3 -0.00281389
15276.3 -0.0028177
15288.3 -0.0028212
15300.3 -0.00282439
15312.3 -0.00282728
15324.3 -0.00282988
15336.3 -0.00283221
15348.3 -0.00283433
15360.4 -0.00283525
15372.4 -0.00283868
15384.4 -0.00284848
15396.4 -0.00285787
15408.4 -0.00286688
15420.4 -0.0028755
15432.4 -0.00288374
15444.4 -0.0028916
15456.5 -0.0028991
15468.5 -0.00290679
15480.5 -0.00291719
15492.5 -0.00292966
15504.5 -0.00294183
15516.5 -0.00295371
15528.5 -0.0029653
15540.5 -0.0029766
15552.6 -0.00298764
15564.6 -0.00299827
15576.6 -0.00300845
15588.6 -0.00301547
15600.6 -0.00302145
15612.6 -0.00302715
15624.6 -0.00303258
15636.6 -0.00303776
15648.6 -0.00304269
15660.7 -0.00304742
15672.7 -0.00305183
15684.7 -0.00305569
15696.7 -0.00304788
15708.7 -0.00303964
15720.7 -0.00303107
15732.7 -0.0030222
15744.7 -0.00301302
15756.8 -0.00300353
15768.8 -0.00299385
15780.8 -0.00298464
15792.8 -0.00297674
15804.8 -0.00297332
15816.8 -0.00296974
15828.8 -0.00296595
15840.8 -0.00296191
15852.9 -0.00295761
15864.9 -0.00295302
15876.9 -0.0029482
15888.9 -0.00294306
15900.9 -0.00294481
15912.9 -0.00295415
15924.9 -0.00296357
15936.9 -0.00297297
15948.9 -0.00298235
15961 -0.0029917
15973 -0.00300106
15985 -0.00301016
15997 -0.00301942
16009 -0.00302018
16021 -0.00301729
16033 -0.00301407
16045 -0.00301058
16057.1 -0.00300684
16069.1 -0.00300285
16081.1 -0.0029985
16093.1 -0.00299352
16105.1 -0.00298777
16117.1 -0.00299548
16129.1 -0.00300404
16141.1 -0.0030128
16153.2 -0.00302171
16165.2 -0.00303074
16177.2 -0.00303991
16189.2 -0.00304981
16201.2 -0.00306036
16213.2 -0.00306983
16225.2 -0.00307293
16237.2 -0.00307582
16249.2 -0.00307865
16261.3 -0.00308148
16273.3 -0.00308436
16285.3 -0.00308735
16297.3 -0.00309064
16309.3 -0.00309424
16321.3 -0.00309514
16333.3 -0.00309159
16345.3 -0.00308784
16357.4 -0.00308401
16369.4 -0.00308017
16381.4 -0.00307635
16393.4 -0.00307253
16405.4 -0.0030687
16417.4 -0.00306519
16429.4 -0.003058
16441.4 -0.0030484
16453.5 -0.00303864
16465.5 -0.00302883
16477.5 -0.00301901
16489.5 -0.00300925
16501.5 -0.00299985
16513.5 -0.00299073
16525.5 -0.00298211
16537.5 -0.00296668
16549.5 -0.00294993
16561.6 -0.00293282
16573.6 -0.00291542
16585.6 -0.00289776
16597.6 -0.00287984
16609.6 -0.00286206
16621.6 -0.00284362
16633.6 -0.00282565
16645.6 -0.00281906
16657.7 -0.00281338
16669.7 -0.00280814
16681.7 -0.0028032
16693.7 -0.0027985
16705.7 -0.00279397
16717.7 -0.00278955
16729.7 -0.00278529
16741.7 -0.00278169
16753.8 -0.00277947
16765.8 -0.00277762
16777.8 -0.0027761
16789.8 -0.00277492
16801.8 -0.00277412
16813.8 -0.00277357
16825.8 -0.00277355
16837.8 -0.0027744
16849.8 -0.00277142
16861.9 -0.00276466
16873.9 -0.00275777
16885.9 -0.00275099
16897.9 -0.00274445
16909.9 -0.00273837
16921.9 -0.00273345
16933.9 -0.00272915
16945.9 -0.00272649
16958 -0.00271108
16970 -0.00269111
16982 -0.00267019
16994 -0.00264859
17006 -0.00262644
17018 -0.00260383
17030 -0.00258066
17042 -0.00255664
17054.1 -0.00253181
17066.1 -0.00251805
17078.1 -0.0025056
17090.1 -0.00249381
17102.1 -0.00248252
17114.1 -0.00247171
17126.1 -0.00246129
17138.1 -0.00245163
17150.2 -0.00244324
17162.2 -0.00243236
17174.2 -0.00240821
17186.2 -0.00238245
17198.2 -0.00235576
17210.2 -0.00232835
17222.2 -0.00230031
17234.2 -0.00227165
17246.2 -0.00224243
17258.3 -0.00221257
17270.3 -0.00218302
17282.3 -0.00215421
17294.3 -0.00212506
17306.3 -0.00209548
17318.3 -0.0020654
17330.3 -0.00203498
17342.3 -0.00200374
17354.4 -0.00197111
17366.4 -0.00193583
17378.4 -0.00191318
17390.4 -0.0018975
17402.4 -0.00188307
17414.4 -0.00186939
17426.4 -0.00185625
17438.4 -0.00184348
17450.5 -0.00183119
17462.5 -0.00181945
17474.5 -0.00180861
17486.5 -0.00179283
17498.5 -0.00177626
17510.5 -0.00175931
17522.5 -0.00174205
17534.5 -0.00172444
17546.5 -0.0017064
17558.6 -0.00168795
17570.6 -0.0016688
17582.6 -0.00165003
17594.6 -0.00163795
17606.6 -0.00162685
17618.6 -0.0016163
17630.6 -0.00160617
17642.6 -0.00159647
17654.7 -0.00158715
17666.7 -0.00157824
17678.7 -0.00156997
17690.7 -0.00156027
17702.7 -0.00154704
17714.7 -0.00153327
17726.7 -0.00151916
17738.7 -0.00150481
17750.8 -0.0014904
17762.8 -0.00147565
17774.8 -0.00146052
17786.8 -0.00144483
17798.8 -0.00143027
17810.8 -0.00141662
17822.8 -0.00140293
17834.8 -0.00138907
17846.8 -0.00137486
17858.9 -0.00136016
17870.9 -0.00134501
17882.9 -0.00132905
17894.9 -0.00131079
17906.9 -0.00130369
17918.9 -0.00129914
17930.9 -0.00129573
17942.9 -0.00129318
17955 -0.00129135
17967 -0.00129029
17979 -0.00129011
17991 -0.00129113
18003 -0.00129283
18015 -0.00128599
18027 -0.00127787
18039 -0.00126914
18051.1 -0.00126
18063.1 -0.00125062
18075.1 -0.00124088
18087.1 -0.00123072
18099.1 -0.00121997
18111.1 -0.00120996
18123.1 -0.00120328
18135.1 -0.00119714
18147.1 -0.00119131
18159.2 -0.0011857
18171.2 -0.00118028
18183.2 -0.00117517
18195.2 -0.00117046
18207.2 -0.00116651
18219.2 -0.00116016
18231.2 -0.001151
18243.2 -0.00114124
18255.3 -0.00113103
18267.3 -0.0011203
18279.3 -0.00110917
18291.3 -0.00109765
18303.3 -0.00108562
18315.3 -0.00107252
18327.3 -0.00106304
18339.3 -0.00105475
18351.4 -0.00104671
18363.4 -0.00103876
18375.4 -0.00103079
18387.4 -0.00102274
18399.4 -0.00101449
18411.4 -0.00100579
18423.4 -0.000996559
18435.4 -0.000993111
18447.4 -0.000990863
18459.5 -0.000989311
18471.5 -0.000988351
18483.5 -0.000987961
18495.5 -0.000988118
18507.5 -0.000988937
18519.5 -0.00099078
18531.5 -0.000991768
18543.5 -0.000986418
18555.6 -0.00097995
18567.6 -0.000972775
18579.6 -0.00096493
18591.6 -0.000956465
18603.6 -0.000947324
18615.6 -0.000937274
18627.6 -0.000925579
18639.6 -0.000917973
18651.7 -0.000916906
18663.7 -0.000916989
18675.7 -0.00091773
18687.7 -0.000918817
18699.7 -0.000920165
18711.7 -0.000921587
18723.7 -0.000922763
18735.7 -0.000922552
18747.7 -0.000930703
18759.8 -0.000943329
18771.8 -0.000957731
18783.8 -0.000973644
18795.8 -0.000991036
18807.8 -0.00101001
18819.8 -0.00103086
18831.8 -0.00105435
18843.8 -0.00108173
18855.9 -0.00108888
18867.9 -0.00109239
18879.9 -0.00109436
18891.9 -0.00109541
18903.9 -0.00109581
18915.9 -0.00109569
18927.9 -0.00109519
18939.9 -0.00109435
18952 -0.00109326
18964 -0.00109193
18976 -0.0010904
18988 -0.00108869
19000 -0.00108665
