7000 0.00150361
7012.01 0.00151372
7024.02 0.00152392
7036.04 0.00153429
7048.05 0.00154445
7060.06 0.00155459
7072.07 0.00156476
7084.08 0.00157499
7096.1 0.00158528
7108.11 0.00159564
7120.12 0.00160608
7132.13 0.00161663
7144.14 0.00162725
7156.16 0.00163771
7168.17 0.00164819
7180.18 0.00165872
7192.19 0.0016693
7204.2 0.00167994
7216.22 0.00169066
7228.23 0.00170147
7240.24 0.0017124
7252.25 0.00172325
7264.26 0.00173396
7276.28 0.00174469
7288.29 0.00175545
7300.3 0.00176624
7312.31 0.00177707
7324.32 0.00178793
7336.34 0.00179882
7348.35 0.0018097
7360.36 0.00182086
7372.37 0.00183213
7384.38 0.00184348
7396.4 0.00185491
7408.41 0.0018664
7420.42 0.00187795
7432.43 0.00188958
7444.44 0.00190129
7456.46 0.00191285
7468.47 0.00192348
7480.48 0.00193712
7492.49 0.00195444
7504.5 0.00197216
7516.52 0.00199015
7528.53 0.00200839
7540.54 0.00202686
7552.55 0.00204552
7564.56 0.00206487
7576.58 0.00208515
7588.59 0.00209985
7600.6 0.0021122
7612.61 0.00212435
7624.62 0.00213639
7636.64 0.00214837
7648.65 0.00216027
7660.66 0.00217206
7672.67 0.00218599
7684.68 0.00220087
7696.7 0.00220641
7708.71 0.0022112
7720.72 0.0022157
7732.73 0.00222001
7744.74 0.00222422
7756.76 0.00222844
7768.77 0.00223179
7780.78 0.00223281
7792.79 0.0022348
7804.8 0.00224335
7816.82 0.00225215
7828.83 0.00226099
7840.84 0.00226978
7852.85 0.00227847
7864.86 0.00228696
7876.88 0.00229581
7888.89 0.00230473
7900.9 0.00231564
7912.91 0.00232939
7924.92 0.00234334
7936.94 0.0023574
7948.95 0.0023715
7960.96 0.00238559
7972.97 0.00239965
7984.98 0.00241438
7997 0.00242916
8009.01 0.00244536
8021.02 0.00246231
8033.03 0.00247938
8045.05 0.00249652
8057.06 0.00251369
8069.07 0.00253087
8081.08 0.0025483
8093.09 0.00256622
8105.11 0.0025843
8117.12 0.00260151
8129.13 0.00261865
8141.14 0.00263577
8153.15 0.00265286
8165.17 0.00266991
8177.18 0.00268688
8189.19 0.00270383
8201.2 0.00272064
8213.21 0.00273822
8225.23 0.00276056
8237.24 0.00278321
8249.25 0.00280603
8261.26 0.00282897
8273.27 0.002852
8285.29 0.00287513
8297.3 0.00289853
8309.31 0.00292209
8321.32 0.00294424
8333.33 0.00296405
8345.35 0.00298369
8357.36 0.00300323
8369.37 0.00302268
8381.38 0.00304203
8393.39 0.00306145
8405.41 0.00308094
8417.42 0.00310032
8429.43 0.00312131
8441.44 0.00314328
8453.45 0.00316533
8465.47 0.00318742
8477.48 0.00320957
8489.49 0.00323178
8501.5 0.00325438
8513.51 0.00327724
8525.53 0.00330071
8537.54 0.00331139
8549.55 0.00332012
8561.56 0.00332845
8573.57 0.00333652
8585.59 0.0033444
8597.6 0.00335229
8609.61 0.00336051
8621.62 0.00336891
8633.63 0.00337475
8645.65 0.00336176
8657.66 0.00334762
8669.67 0.00333282
8681.68 0.0033175
8693.69 0.00330175
8705.71 0.00328575
8717.72 0.00326952
8729.73 0.00325318
8741.74 0.00323091
8753.75 0.00319813
8765.77 0.00316447
8777.78 0.0031301
8789.79 0.00309508
8801.8 0.00305942
8813.81 0.00302301
8825.83 0.00298577
8837.84 0.00294722
8849.85 0.00293676
8861.86 0.00294525
8873.87 0.00295449
8885.89 0.00296412
8897.9 0.00297396
8909.91 0.00298388
8921.92 0.00299375
8933.93 0.00300365
8945.95 0.00301356
8957.96 0.00302346
8969.97 0.00303333
8981.98 0.00304315
8993.99 0.00305291
9006.01 0.00306261
9018.02 0.0030721
9030.03 0.00308145
9042.04 0.00309071
9054.05 0.00309989
9066.07 0.00310898
9078.08 0.00311797
9090.09 0.00312686
9102.1 0.00313566
9114.11 0.00314435
9126.13 0.00315291
9138.14 0.00316136
9150.15 0.00316971
9162.16 0.00317795
9174.17 0.00318608
9186.19 0.00319411
9198.2 0.00320202
9210.21 0.00320981
9222.22 0.00321728
9234.23 0.00322434
9246.25 0.00323132
9258.26 0.00323819
9270.27 0.00324496
9282.28 0.00325162
9294.29 0.00325817
9306.31 0.00326462
9318.32 0.00327093
9330.33 0.00327647
9342.34 0.00328175
9354.35 0.00328695
9366.37 0.00329208
9378.38 0.00329712
9390.39 0.00330208
9402.4 0.00330695
9414.41 0.00331171
9426.43 0.00331622
9438.44 0.00331949
9450.45 0.00332279
9462.46 0.00332607
9474.47 0.00332932
9486.49 0.00333253
9498.5 0.00333569
9510.51 0.00333881
9522.52 0.00334185
9534.53 0.00334429
9546.55 0.00334615
9558.56 0.00334806
9570.57 0.00334999
9582.58 0.00335194
9594.59 0.00335389
9606.61 0.00335585
9618.62 0.0033578
9630.63 0.00335972
9642.64 0.00336101
9654.65 0.00336224
9666.67 0.00336352
9678.68 0.00336487
9690.69 0.00336626
9702.7 0.00336769
9714.71 0.00336917
9726.73 0.00337068
9738.74 0.00337213
9750.75 0.00337316
9762.76 0.0033743
9774.77 0.00337553
9786.79 0.00337684
9798.8 0.00337823
9810.81 0.00337969
9822.82 0.00338123
9834.83 0.00338283
9846.85 0.00338431
9858.86 0.0033857
9870.87 0.00338721
9882.88 0.00338883
9894.89 0.00339055
9906.91 0.00339237
9918.92 0.00339429
9930.93 0.0033963
9942.94 0.00339839
9954.95 0.00339997
9966.97 0.00340161
9978.98 0.00340341
9990.99 0.00340537
10003 0.00340748
10015 0.00340974
10027 0.00341217
10039 0.00341479
10051.1 0.00341797
10063.1 0.00342283
10075.1 0.0034277
10087.1 0.00343266
10099.1 0.00343772
10111.1 0.00344291
10123.1 0.00344823
10135.1 0.00345369
10147.1 0.00345933
10159.2 0.00346579
10171.2 0.00347296
10183.2 0.00348023
10195.2 0.00348763
10207.2 0.00349518
10219.2 0.00350289
10231.2 0.00351077
10243.2 0.00351884
10255.3 0.00352714
10267.3 0.00353819
10279.3 0.00354976
10291.3 0.00356147
10303.3 0.00357336
10315.3 0.00358542
10327.3 0.00359769
10339.3 0.00361017
10351.4 0.00362289
10363.4 0.00363674
10375.4 0.00365456
10387.4 0.00367258
10399.4 0.00369086
10411.4 0.00370941
10423.4 0.00372826
10435.4 0.00374742
10447.4 0.0037669
10459.5 0.00378672
10471.5 0.00380764
10483.5 0.00382961
10495.5 0.00385195
10507.5 0.00387469
10519.5 0.00389784
10531.5 0.0039214
10543.5 0.0039454
10555.6 0.00396983
10567.6 0.00399473
10579.6 0.00402045
10591.6 0.0040467
10603.6 0.00407345
10615.6 0.00410071
10627.6 0.00412849
10639.6 0.00415681
10651.7 0.00418568
10663.7 0.00421511
10675.7 0.00424513
10687.7 0.00427578
10699.7 0.00430705
10711.7 0.00433894
10723.7 0.00437149
10735.7 0.00440472
10747.7 0.00443864
10759.8 0.0044733
10771.8 0.00450873
10783.8 0.00454415
10795.8 0.00457992
10807.8 0.00461676
10819.8 0.00465494
10831.8 0.00469504
10843.8 0.00473619
10855.9 0.00475052
10867.9 0.0047616
10879.9 0.00477078
10891.9 0.00477291
10903.9 0.00477395
10915.9 0.00477409
10927.9 0.00477308
10939.9 0.00477021
10952 0.00477262
10964 0.00479543
10976 0.00482047
10988 0.0048465
11000 0.00487293
11012 0.00490014
11024 0.004928
11036 0.00495644
11048 0.00498543
11060.1 0.00501419
11072.1 0.00504254
11084.1 0.00507089
11096.1 0.00509601
11108.1 0.00512006
11120.1 0.0051446
11132.1 0.00516952
11144.1 0.00519479
11156.2 0.00522045
11168.2 0.00524495
11180.2 0.00526902
11192.2 0.00529295
11204.2 0.00531548
11216.2 0.00533813
11228.2 0.00536079
11240.2 0.00538334
11252.3 0.00540558
11264.3 0.00542736
11276.3 0.00545744
11288.3 0.00548846
11300.3 0.00551854
11312.3 0.00554737
11324.3 0.00557701
11336.3 0.00560739
11348.3 0.00563861
11360.4 0.00567115
11372.4 0.00570029
11384.4 0.00571246
11396.4 0.00572271
11408.4 0.00573194
11420.4 0.00574019
11432.4 0.00574748
11444.4 0.00575377
11456.5 0.0057589
11468.5 0.00576235
11480.5 0.00577155
11492.5 0.00578947
11504.5 0.00580801
11516.5 0.00582698
11528.5 0.00584575
11540.5 0.00586424
11552.6 0.00588233
11564.6 0.00589989
11576.6 0.00591657
11588.6 0.00593688
11600.6 0.00595886
11612.6 0.00598061
11624.6 0.00600202
11636.6 0.00602315
11648.6 0.0060439
11660.7 0.00606414
11672.7 0.00608368
11684.7 0.00610194
11696.7 0.00612922
11708.7 0.00615754
11720.7 0.00618647
11732.7 0.00621561
11744.7 0.00624492
11756.8 0.00627448
11768.8 0.00630447
11780.8 0.00633535
11792.8 0.00636476
11804.8 0.00638065
11816.8 0.00639673
11828.8 0.00641698
11840.8 0.0064341
11852.9 0.00644912
11864.9 0.00646215
11876.9 0.00647301
11888.9 0.00648101
11900.9 0.00649439
11912.9 0.00651919
11924.9 0.00653918
11936.9 0.00655798
11948.9 0.00657868
11961 0.00660066
11973 0.00662389
11985 0.00664869
11997 0.00667633
12009 0.00668816
12021 0.00668918
12033 0.00669051
12045 0.00669059
12057.1 0.00668992
12069.1 0.00668901
12081.1 0.00668833
12093.1 0.00668868
12105.1 0.00669279
12117.1 0.00667091
12129.1 0.00664803
12141.1 0.00662795
12153.2 0.00660213
12165.2 0.00657254
12177.2 0.00653962
12189.2 0.00650343
12201.2 0.00646356
12213.2 0.00642169
12225.2 0.00639347
12237.2 0.00636092
12249.2 0.00632828
12261.3 0.00629644
12273.3 0.00626466
12285.3 0.00623265
12297.3 0.0062002
12309.3 0.00616691
12321.3 0.00613833
12333.3 0.0061226
12345.3 0.00611495
12357.4 0.00610427
12369.4 0.006092
12381.4 0.00607859
12393.4 0.00606421
12405.4 0.00604889
12417.4 0.0060325
12429.4 0.00601779
12441.4 0.00600478
12453.5 0.00599165
12465.5 0.00597826
12477.5 0.00596465
12489.5 0.00595089
12501.5 0.00593713
12513.5 0.00592363
12525.5 0.00591113
12537.5 0.00589415
12549.5 0.00588114
12561.6 0.00586501
12573.6 0.00584537
12585.6 0.00582293
12597.6 0.00579774
12609.6 0.00576952
12621.6 0.0057374
12633.6 0.00570189
12645.6 0.00568663
12657.7 0.00566355
12669.7 0.00564869
12681.7 0.00563781
12693.7 0.00562982
12705.7 0.00562441
12717.7 0.00562162
12729.7 0.00562198
12741.7 0.0056233
12753.8 0.00562591
12765.8 0.00562989
12777.8 0.00562964
12789.8 0.00562763
12801.8 0.00562463
12813.8 0.00562115
12825.8 0.0056177
12837.8 0.00561528
12849.8 0.00560355
12861.9 0.00558348
12873.9 0.00555983
12885.9 0.00553343
12897.9 0.00550481
12909.9 0.00547419
12921.9 0.00544164
12933.9 0.00540718
12945.9 0.00537102
12958 0.00532065
12970 0.00526024
12982 0.00520273
12994 0.00514531
13006 0.00508736
13018 0.00502857
13030 0.00496856
13042 0.00490677
13054.1 0.00484325
13066.1 0.00479403
13078.1 0.00474782
13090.1 0.00470472
13102.1 0.00466338
13114.1 0.00462341
13126.1 0.00458464
13138.1 0.0045471
13150.2 0.00451108
13162.2 0.00447404
13174.2 0.00443165
13186.2 0.00438653
13198.2 0.00434008
13210.2 0.0042928
13222.2 0.00424488
13234.2 0.00419641
13246.2 0.00414739
13258.3 0.00409773
13270.3 0.00405057
13282.3 0.00400623
13294.3 0.00396185
13306.3 0.00391731
13318.3 0.00387256
13330.3 0.00382751
13342.3 0.00378207
13354.4 0.00373607
13366.4 0.00368905
13378.4 0.00364543
13390.4 0.00360487
13402.4 0.00356561
13414.4 0.00352705
13426.4 0.00348899
13438.4 0.0034513
13450.5 0.00341388
13462.5 0.00337662
13474.5 0.00333988
13486.5 0.0033207
13498.5 0.00330159
13510.5 0.00328264
13522.5 0.00326386
13534.5 0.00324521
13546.5 0.00322663
13558.6 0.00320805
13570.6 0.0031893
13582.6 0.00316807
13594.6 0.00314215
13606.6 0.00311824
13618.6 0.00309521
13630.6 0.00307288
13642.6 0.00305121
13654.7 0.00303022
13666.7 0.00301002
13678.7 0.00299101
13690.7 0.00295658
13702.7 0.00290502
13714.7 0.00285273
13726.7 0.00280014
13738.7 0.00274741
13750.8 0.00269469
13762.8 0.00264206
13774.8 0.00258968
13786.8 0.00253785
13798.8 0.00248739
13810.8 0.00243538
13822.8 0.0023827
13834.8 0.00232955
13846.8 0.002276
13858.9 0.00222204
13870.9 0.00216761
13882.9 0.0021125
13894.9 0.00205574
13906.9 0.00200064
13918.9 0.00194775
13930.9 0.00189572
13942.9 0.00184433
13955 0.00179345
13967 0.00174303
13979 0.00169305
13991 0.00164353
14003 0.0015973
14015 0.0015593
14027 0.00152146
14039 0.00148381
14051.1 0.00144636
14063.1 0.0014091
14075.1 0.00137205
14087.1 0.0013352
14099.1 0.00129861
14111.1 0.00126804
14123.1 0.00124373
14135.1 0.00121947
14147.1 0.00119523
14159.2 0.00117098
14171.2 0.00114666
14183.2 0.00112219
14195.2 0.00109734
14207.2 0.00107111
14219.2 0.00105069
14231.2 0.00103373
14243.2 0.00101764
14255.3 0.00100221
14267.3 0.000987334
14279.3 0.000972986
14291.3 0.000959165
14303.3 0.000945947
14315.3 0.000933612
14327.3 0.000907326
14339.3 0.000880337
14351.4 0.000853479
14363.4 0.000826841
14375.4 0.000800494
14387.4 0.000774524
14399.4 0.000749084
14411.4 0.000724624
14423.4 0.000697573
14435.4 0.000655126
14447.4 0.000611921
14459.5 0.000568264
14471.5 0.000524265
14483.5 0.000479965
14495.5 0.000435352
14507.5 0.000390329
14519.5 0.000344282
14531.5 0.000302366
14543.5 0.000264996
14555.6 0.000228031
14567.6 0.000191336
14579.6 0.000154843
14591.6 0.000118501
14603.6 8.22571e-05
14615.6 4.60178e-05
14627.6 9.67674e-06
14639.6 -2.3376e-05
14651.7 -5.4875e-05
14663.7 -8.61168e-05
14675.7 -0.00011716
14687.7 -0.00014805
14699.7 -0.000178839
14711.7 -0.000209613
14723.7 -0.000240615
14735.7 -0.000271184
14747.7 -0.000295435
14759.8 -0.000318672
14771.8 -0.000341483
14783.8 -0.00036392
14795.8 -0.000386005
14807.8 -0.000407736
14819.8 -0.000429072
14831.8 -0.000449761
14843.8 -0.000469896
14855.9 -0.000483669
14867.9 -0.00049745
14879.9 -0.00051118
14891.9 -0.000524831
14903.9 -0.000538387
14915.9 -0.000551827
14927.9 -0.000565114
14939.9 -0.000578243
14952 -0.000589674
14964 -0.000597963
14976 -0.000606266
14988 -0.000614567
15000 -0.000622866
15012 -0.000631169
15024 -0.000639499
15036 -0.000647934
15048 -0.000656214
15060.1 -0.000670811
15072.1 -0.000689273
15084.1 -0.000707582
15096.1 -0.000725771
15108.1 -0.000743863
15120.1 -0.000761886
15132.1 -0.000779893
15144.1 -0.000798068
15156.2 -0.00081542
15168.2 -0.000837311
15180.2 -0.000859746
15192.2 -0.000881942
15204.2 -0.00090392
15216.2 -0.000925689
15228.2 -0.000947249
15240.2 -0.000968575
15252.3 -0.000989716
15264.3 -0.0010105
15276.3 -0.0010253
15288.3 -0.00104006
15300.3 -0.00105476
15312.3 -0.00106942
15324.3 -0.00108404
15336.3 -0.00109869
15348.3 -0.00111354
15360.4 -0.00112773
15372.4 -0.00114196
15384.4 -0.00115782
15396.4 -0.00117339
15408.4 -0.0011887
15420.4 -0.00120377
15432.4 -0.00121858
15444.4 -0.00123313
15456.5 -0.00124732
15468.5 -0.00126191
15480.5 -0.00127617
15492.5 -0.00129008
15504.5 -0.0013039
15516.5 -0.00131761
15528.5 -0.00133121
15540.5 -0.00134472
15552.6 -0.00135815
15564.6 -0.00137146
15576.6 -0.00138441
15588.6 -0.00139239
15600.6 -0.00139897
15612.6 -0.00140535
15624.6 -0.00141156
15636.6 -0.00141761
15648.6 -0.00142351
15660.7 -0.00142928
15672.7 -0.00143482
15684.7 -0.0014399
15696.7 -0.00143641
15708.7 -0.00143256
15720.7 -0.0014284
15732.7 -0.00142392
15744.7 -0.00141909
15756.8 -0.00141383
15768.8 -0.00140801
15780.8 -0.00140263
15792.8 -0.00140162
15804.8 -0.00141404
15816.8 -0.00142658
15828.8 -0.00143907
15840.8 -0.00145144
15852.9 -0.00146366
15864.9 -0.00147569
15876.9 -0.00148756
15888.9 -0.00149938
15900.9 -0.00151345
15912.9 -0.00152998
15924.9 -0.00154646
15936.9 -0.00156286
15948.9 -0.00157918
15961 -0.00159543
15973 -0.00161166
15985 -0.00162764
15997 -0.00164354
16009 -0.00165268
16021 -0.00165886
16033 -0.00166466
16045 -0.00167013
16057.1 -0.00167531
16069.1 -0.00168019
16081.1 -0.00168476
16093.1 -0.00168861
16105.1 -0.00169168
16117.1 -0.00170405
16129.1 -0.00171682
16141.1 -0.00172954
16153.2 -0.00174214
16165.2 -0.0017546
16177.2 -0.00176688
16189.2 -0.00177936
16201.2 -0.0017926
16213.2 -0.0018042
16225.2 -0.00180691
16237.2 -0.00180907
16249.2 -0.00181086
16261.3 -0.00181233
16273.3 -0.00181351
16285.3 -0.00181437
16297.3 -0.00181507
16309.3 -0.00181554
16321.3 -0.00181617
16333.3 -0.00181722
16345.3 -0.00181807
16357.4 -0.0018187
16369.4 -0.00181909
16381.4 -0.00181924
16393.4 -0.00181913
16405.4 -0.00181848
16417.4 -0.00181738
16429.4 -0.00181858
16441.4 -0.00182121
16453.5 -0.00182378
16465.5 -0.00182623
16477.5 -0.00182852
16489.5 -0.00183065
16501.5 -0.00183277
16513.5 -0.00183503
16525.5 -0.00183732
16537.5 -0.00183751
16549.5 -0.00183718
16561.6 -0.00183659
16573.6 -0.00183577
16585.6 -0.0018347
16597.6 -0.00183332
16609.6 -0.00183217
16621.6 -0.0018309
16633.6 -0.00182961
16645.6 -0.00183043
16657.7 -0.0018313
16669.7 -0.00183215
16681.7 -0.00183294
16693.7 -0.00183368
16705.7 -0.00183434
16717.7 -0.00183483
16729.7 -0.00183524
16741.7 -0.00183562
16753.8 -0.00183605
16765.8 -0.00183645
16777.8 -0.00183683
16789.8 -0.00183719
16801.8 -0.00183758
16813.8 -0.00183788
16825.8 -0.00183815
16837.8 -0.00183859
16849.8 -0.00183725
16861.9 -0.00183414
16873.9 -0.00183081
16885.9 -0.00182735
16897.9 -0.00182381
16909.9 -0.00182019
16921.9 -0.00181729
16933.9 -0.00181473
16945.9 -0.00181292
16958 -0.0018044
16970 -0.00179338
16982 -0.00178172
16994 -0.00176954
17006 -0.00175687
17018 -0.00174372
17030 -0.0017301
17042 -0.00171565
17054.1 -0.00170043
17066.1 -0.00169654
17078.1 -0.001694
17090.1 -0.00169213
17102.1 -0.00169078
17114.1 -0.00168993
17126.1 -0.00168949
17138.1 -0.00168966
17150.2 -0.00169088
17162.2 -0.0016901
17174.2 -0.0016785
17186.2 -0.00166565
17198.2 -0.00165211
17210.2 -0.00163809
17222.2 -0.00162367
17234.2 -0.00160887
17246.2 -0.0015938
17258.3 -0.00157856
17270.3 -0.00156224
17282.3 -0.00154444
17294.3 -0.00152612
17306.3 -0.00150732
17318.3 -0.00148799
17330.3 -0.00146825
17342.3 -0.00144814
17354.4 -0.00142716
17366.4 -0.00140453
17378.4 -0.00138942
17390.4 -0.00137843
17402.4 -0.00136811
17414.4 -0.00135816
17426.4 -0.00134847
17438.4 -0.00133888
17450.5 -0.00132937
17462.5 -0.00131994
17474.5 -0.00131059
17486.5 -0.0013013
17498.5 -0.00129205
17510.5 -0.00128283
17522.5 -0.00127361
17534.5 -0.00126437
17546.5 -0.00125498
17558.6 -0.00124549
17570.6 -0.0012358
17582.6 -0.0012263
17594.6 -0.00121922
17606.6 -0.00121253
17618.6 -0.00120609
17630.6 -0.00119985
17642.6 -0.00119382
17654.7 -0.00118805
17666.7 -0.00118248
17678.7 -0.00117719
17690.7 -0.00117168
17702.7 -0.00116546
17714.7 -0.00115926
17726.7 -0.00115316
17738.7 -0.0011472
17750.8 -0.00114161
17762.8 -0.00113641
17774.8 -0.00113172
17786.8 -0.0011282
17798.8 -0.00111943
17810.8 -0.00110615
17822.8 -0.00109179
17834.8 -0.00107661
17846.8 -0.00106062
17858.9 -0.00104359
17870.9 -0.00102551
17882.9 -0.00100596
17894.9 -0.00098279
17906.9 -0.000975618
17918.9 -0.000971911
17930.9 -0.000969661
17942.9 -0.000968464
17955 -0.000968143
17967 -0.00096865
17979 -0.00097011
17991 -0.000972848
18003 -0.000976312
18015 -0.000971081
18027 -0.000964573
18039 -0.00095748
18051.1 -0.000949996
18063.1 -0.000942302
18075.1 -0.000934375
18087.1 -0.000926173
18099.1 -0.000917585
18111.1 -0.000909404
18123.1 -0.000903126
18135.1 -0.000897123
18147.1 -0.000891266
18159.2 -0.000885496
18171.2 -0.000879684
18183.2 -0.000873891
18195.2 -0.00086808
18207.2 -0.00086214
18219.2 -0.000856984
18231.2 -0.00085273
18243.2 -0.000848722
18255.3 -0.000844907
18267.3 -0.000841178
18279.3 -0.000837471
18291.3 -0.000833866
18303.3 -0.00083033
18315.3 -0.000826698
18327.3 -0.000824473
18339.3 -0.000822904
18351.4 -0.000821729
18363.4 -0.000820944
18375.4 -0.000820554
18387.4 -0.000820654
18399.4 -0.0008214
18411.4 -0.000823151
18423.4 -0.000826038
18435.4 -0.000819822
18447.4 -0.000811919
18459.5 -0.000803147
18471.5 -0.000793739
18483.5 -0.000783826
18495.5 -0.000773369
18507.5 -0.00076231
18519.5 -0.000750422
18531.5 -0.000738872
18543.5 -0.000731071
18555.6 -0.000723721
18567.6 -0.000716514
18579.6 -0.000709268
18591.6 -0.000701861
18603.6 -0.000694189
18615.6 -0.000685992
18627.6 -0.000676512
18639.6 -0.000671741
18651.7 -0.000674275
18663.7 -0.000678579
18675.7 -0.000684253
18687.7 -0.000691143
18699.7 -0.000699377
18711.7 -0.00070923
18723.7 -0.000721349
18735.7 -0.000738367
18747.7 -0.000737361
18759.8 -0.000727498
18771.8 -0.000715197
18783.8 -0.000701213
18795.8 -0.000685834
18807.8 -0.000669141
18819.8 -0.00065105
18831.8 -0.000631177
18843.8 -0.000608815
18855.9 -0.000598339
18867.9 -0.000589907
18879.9 -0.000582293
18891.9 -0.000575178
18903.9 -0.000568403
18915.9 -0.000561874
18927.9 -0.000555535
18939.9 -0.000549349
18952 -0.000543291
18964 -0.000537342
18976 -0.000531488
18988 -0.000525721
19000 -0.000519939
