7000 -0.000959498
7012.01 -0.000999408
7024.02 -0.00104104
7036.04 -0.00108445
7048.05 -0.00112956
7060.06 -0.00117652
7072.07 -0.00122542
7084.08 -0.0012763
7096.1 -0.00132921
7108.11 -0.00138419
7120.12 -0.00144127
7132.13 -0.00150049
7144.14 -0.0015618
7156.16 -0.00162515
7168.17 -0.00169062
7180.18 -0.00175821
7192.19 -0.00182786
7204.2 -0.00189952
7216.22 -0.0019731
7228.23 -0.00204849
7240.24 -0.00212556
7252.25 -0.00220395
7264.26 -0.00228364
7276.28 -0.00236444
7288.29 -0.00244611
7300.3 -0.00252836
7312.31 -0.00261089
7324.32 -0.00269337
7336.34 -0.00277542
7348.35 -0.00285673
7360.36 -0.00293697
7372.37 -0.00301554
7384.38 -0.00309203
7396.4 -0.00316607
7408.41 -0.00323729
7420.42 -0.00330539
7432.43 -0.00337021
7444.44 -0.00343175
7456.46 -0.00349008
7468.47 -0.00354862
7480.48 -0.0035412
7492.49 -0.00345502
7504.5 -0.00335475
7516.52 -0.00324266
7528.53 -0.00311948
7540.54 -0.00298538
7552.55 -0.00284019
7564.56 -0.00268294
7576.58 -0.00250822
7588.59 -0.00243247
7600.6 -0.00239631
7612.61 -0.00236026
7624.62 -0.00232263
7636.64 -0.00228302
7648.65 -0.00224156
7660.66 -0.0021994
7672.67 -0.00215501
7684.68 -0.00210856
7696.7 -0.00204549
7708.71 -0.00197922
7720.72 -0.00191076
7732.73 -0.00184053
7744.74 -0.00176875
7756.76 -0.00169536
7768.77 -0.00161963
7780.78 -0.00154559
7792.79 -0.00147387
7804.8 -0.00140903
7816.82 -0.00134566
7828.83 -0.00128367
7840.84 -0.00122313
7852.85 -0.0011642
7864.86 -0.00110716
7876.88 -0.00105204
7888.89 -0.000998583
7900.9 -0.000937341
7912.91 -0.000864545
7924.92 -0.000791982
7936.94 -0.000720115
7948.95 -0.000649152
7960.96 -0.000579258
7972.97 -0.000510782
7984.98 -0.00044277
7997 -0.000375574
8009.01 -0.000306591
8021.02 -0.000237074
8033.03 -0.000168234
8045.05 -0.000100128
8057.06 -3.27819e-05
8069.07 3.37582e-05
8081.08 9.9544e-05
8093.09 0.00016545
8105.11 0.000231606
8117.12 0.000286434
8129.13 0.000339548
8141.14 0.000391675
8153.15 0.00044295
8165.17 0.000493451
8177.18 0.000543229
8189.19 0.000592419
8201.2 0.000641157
8213.21 0.000688417
8225.23 0.00072975
8237.24 0.000770142
8249.25 0.000809789
8261.26 0.000848777
8273.27 0.000887169
8285.29 0.000925015
8297.3 0.000962623
8309.31 0.00100011
8321.32 0.00103205
8333.33 0.00105521
8345.35 0.00107729
8357.36 0.00109852
8369.37 0.00111899
8381.38 0.00113875
8393.39 0.00115789
8405.41 0.00117662
8417.42 0.00119476
8429.43 0.00121409
8441.44 0.00123398
8453.45 0.0012535
8465.47 0.00127264
8477.48 0.0012914
8489.49 0.00130973
8501.5 0.00132786
8513.51 0.0013457
8525.53 0.0013631
8537.54 0.00138424
8549.55 0.00140576
8561.56 0.0014272
8573.57 0.00144854
8585.59 0.0014698
8597.6 0.00149102
8609.61 0.00151266
8621.62 0.00153467
8633.63 0.00155355
8645.65 0.00154858
8657.66 0.00154225
8669.67 0.00153515
8681.68 0.00152744
8693.69 0.00151924
8705.71 0.00151065
8717.72 0.00150178
8729.73 0.00149263
8741.74 0.00148121
8753.75 0.00146591
8765.77 0.00145011
8777.78 0.00143388
8789.79 0.00141724
8801.8 0.00140018
8813.81 0.00138264
8825.83 0.00136452
8837.84 0.00134551
8849.85 0.00134649
8861.86 0.00136096
8873.87 0.00137602
8885.89 0.00139139
8897.9 0.00140699
8909.91 0.00142273
8921.92 0.00143845
8933.93 0.00145424
8945.95 0.00147007
8957.96 0.00148595
8969.97 0.00150186
8981.98 0.0015178
8993.99 0.00153377
9006.01 0.00154977
9018.02 0.00156572
9030.03 0.00158159
9042.04 0.00159745
9054.05 0.00161331
9066.07 0.00162915
9078.08 0.001645
9090.09 0.00166083
9102.1 0.00167667
9114.11 0.0016925
9126.13 0.0017083
9138.14 0.00172409
9150.15 0.00173987
9162.16 0.00175565
9174.17 0.00177141
9186.19 0.00178717
9198.2 0.00180292
9210.21 0.00181868
9222.22 0.00183435
9234.23 0.0018497
9246.25 0.00186499
9258.26 0.00188023
9270.27 0.00189543
9282.28 0.0019106
9294.29 0.00192574
9306.31 0.00194086
9318.32 0.00195596
9330.33 0.00197062
9342.34 0.00198494
9354.35 0.00199916
9366.37 0.00201331
9378.38 0.00202738
9390.39 0.0020414
9402.4 0.00205535
9414.41 0.00206925
9426.43 0.00208309
9438.44 0.00209589
9450.45 0.00210854
9462.46 0.00212107
9474.47 0.00213349
9486.49 0.00214582
9498.5 0.00215805
9510.51 0.00217019
9522.52 0.00218225
9534.53 0.00219389
9546.55 0.00220486
9558.56 0.0022157
9570.57 0.00222642
9582.58 0.00223703
9594.59 0.00224754
9606.61 0.00225793
9618.62 0.00226823
9630.63 0.00227842
9642.64 0.00228805
9654.65 0.0022974
9666.67 0.00230665
9678.68 0.00231578
9690.69 0.00232482
9702.7 0.00233375
9714.71 0.00234258
9726.73 0.00235131
9738.74 0.0023599
9750.75 0.002368
9762.76 0.002376
9774.77 0.00238391
9786.79 0.00239174
9798.8 0.00239949
9810.81 0.00240715
9822.82 0.00241474
9834.83 0.00242225
9846.85 0.00242955
9858.86 0.00243662
9870.87 0.00244363
9882.88 0.00245059
9894.89 0.00245751
9906.91 0.00246437
9918.92 0.0024712
9930.93 0.00247799
9942.94 0.00248474
9954.95 0.00249101
9966.97 0.00249717
9978.98 0.00250334
9990.99 0.00250953
10003 0.00251573
10015 0.00252197
10027 0.00252824
10039 0.00253458
10051.1 0.00254123
10063.1 0.00254917
10075.1 0.00255712
10087.1 0.00256513
10099.1 0.00257321
10111.1 0.00258136
10123.1 0.00258961
10135.1 0.00259797
10147.1 0.00260646
10159.2 0.00261559
10171.2 0.0026253
10183.2 0.00263515
10195.2 0.00264515
10207.2 0.00265532
10219.2 0.00266567
10231.2 0.00267622
10243.2 0.00268699
10255.3 0.00269803
10267.3 0.00271128
10279.3 0.00272508
10291.3 0.00273913
10303.3 0.00275344
10315.3 0.00276804
10327.3 0.00278295
10339.3 0.0027982
10351.4 0.0028138
10363.4 0.00283048
10375.4 0.00285045
10387.4 0.00287078
10399.4 0.00289151
10411.4 0.00291269
10423.4 0.00293432
10435.4 0.00295643
10447.4 0.00297905
10459.5 0.00300219
10471.5 0.00302648
10483.5 0.00305184
10495.5 0.00307777
10507.5 0.00310429
10519.5 0.00313142
10531.5 0.00315917
10543.5 0.00318757
10555.6 0.00321663
10567.6 0.00324637
10579.6 0.00327709
10591.6 0.00330855
10603.6 0.00334073
10615.6 0.00337363
10627.6 0.00340729
10639.6 0.0034417
10651.7 0.00347689
10663.7 0.00351286
10675.7 0.00354964
10687.7 0.00358725
10699.7 0.00362569
10711.7 0.00366496
10723.7 0.00370508
10735.7 0.00374607
10747.7 0.00378794
10759.8 0.00383072
10771.8 0.00387442
10783.8 0.00391838
10795.8 0.00396309
10807.8 0.00400918
10819.8 0.00405698
10831.8 0.00410736
10843.8 0.00415894
10855.9 0.00416941
10867.9 0.00417445
10879.9 0.00417598
10891.9 0.00417018
10903.9 0.00416281
10915.9 0.00415358
10927.9 0.00414198
10939.9 0.00412676
10952 0.00411979
10964 0.00414625
10976 0.00417575
10988 0.00420632
11000 0.00423728
11012 0.00426869
11024 0.00430024
11036 0.00433168
11048 0.00436268
11060.1 0.0043953
11072.1 0.00442968
11084.1 0.00446349
11096.1 0.00449359
11108.1 0.00452283
11120.1 0.004552
11132.1 0.00458084
11144.1 0.00460921
11156.2 0.00463711
11168.2 0.00466245
11180.2 0.00468609
11192.2 0.00470833
11204.2 0.00472819
11216.2 0.00474711
11228.2 0.00476478
11240.2 0.00478097
11252.3 0.00479535
11264.3 0.00480763
11276.3 0.00483042
11288.3 0.004853
11300.3 0.0048731
11312.3 0.00489144
11324.3 0.00490938
11336.3 0.00492663
11348.3 0.00494306
11360.4 0.00495872
11372.4 0.00497246
11384.4 0.0049811
11396.4 0.00498811
11408.4 0.00499374
11420.4 0.00499783
11432.4 0.00500033
11444.4 0.00500122
11456.5 0.00500039
11468.5 0.00499756
11480.5 0.00499692
11492.5 0.00500018
11504.5 0.00500281
11516.5 0.00500469
11528.5 0.0050053
11540.5 0.00500466
11552.6 0.00500269
11564.6 0.00499925
11576.6 0.00499382
11588.6 0.0049945
11600.6 0.00499795
11612.6 0.00500095
11624.6 0.00500351
11636.6 0.00500567
11648.6 0.00500739
11660.7 0.00500871
11672.7 0.00500969
11684.7 0.00501051
11696.7 0.00500901
11708.7 0.00500703
11720.7 0.00500496
11732.7 0.00500262
11744.7 0.00500019
11756.8 0.00499791
11768.8 0.00499613
11780.8 0.00499554
11792.8 0.0049931
11804.8 0.00497289
11816.8 0.00495332
11828.8 0.00493496
11840.8 0.00491221
11852.9 0.00488676
11864.9 0.0048589
11876.9 0.0048286
11888.9 0.00479534
11900.9 0.00476544
11912.9 0.00474332
11924.9 0.00471577
11936.9 0.00468994
11948.9 0.00466638
11961 0.00464409
11973 0.00462272
11985 0.0046021
11997 0.00458199
12009 0.00456584
12021 0.0045531
12033 0.00454293
12045 0.00453295
12057.1 0.00452373
12069.1 0.00451558
12081.1 0.0045088
12093.1 0.00450392
12105.1 0.00450251
12117.1 0.00448964
12129.1 0.00448018
12141.1 0.00447205
12153.2 0.00445982
12165.2 0.00444583
12177.2 0.00443076
12189.2 0.00441501
12201.2 0.00439901
12213.2 0.00438142
12225.2 0.00435005
12237.2 0.00431252
12249.2 0.00427625
12261.3 0.00424119
12273.3 0.00420683
12285.3 0.00417311
12297.3 0.00414009
12309.3 0.00410795
12321.3 0.00407779
12333.3 0.00405197
12345.3 0.00403181
12357.4 0.00400691
12369.4 0.00398026
12381.4 0.00395255
12393.4 0.00392414
12405.4 0.00389524
12417.4 0.00386608
12429.4 0.00383567
12441.4 0.0038042
12453.5 0.00377244
12465.5 0.00374048
12477.5 0.00370851
12489.5 0.00367672
12501.5 0.00364537
12513.5 0.00361495
12525.5 0.00358692
12537.5 0.00354771
12549.5 0.00350985
12561.6 0.00346579
12573.6 0.00341751
12585.6 0.00336601
12597.6 0.00331148
12609.6 0.00325377
12621.6 0.00319221
12633.6 0.00312686
12645.6 0.00307247
12657.7 0.00301337
12669.7 0.00296459
12681.7 0.00291992
12693.7 0.00287821
12705.7 0.00283916
12717.7 0.00280291
12729.7 0.00277029
12741.7 0.00273618
12753.8 0.0026953
12765.8 0.00264855
12777.8 0.00259552
12789.8 0.00253898
12801.8 0.0024797
12813.8 0.00241792
12825.8 0.00235354
12837.8 0.00228566
12849.8 0.00223204
12861.9 0.00219521
12873.9 0.00215713
12885.9 0.00211818
12897.9 0.00207835
12909.9 0.00203748
12921.9 0.00199532
12933.9 0.00195143
12945.9 0.00190462
12958 0.00186468
12970 0.00182645
12982 0.0017941
12994 0.00176386
13006 0.00173495
13018 0.00170702
13030 0.00167986
13042 0.00165336
13054.1 0.00162663
13066.1 0.00158465
13078.1 0.00154494
13090.1 0.00150732
13102.1 0.00147096
13114.1 0.00143568
13126.1 0.00140147
13138.1 0.00136844
13150.2 0.00133698
13162.2 0.00130395
13174.2 0.00126294
13186.2 0.00121863
13198.2 0.00117311
13210.2 0.00112692
13222.2 0.0010803
13234.2 0.00103341
13246.2 0.000986407
13258.3 0.00093955
13270.3 0.000887987
13282.3 0.00083124
13294.3 0.000773714
13306.3 0.000715617
13318.3 0.000657023
13330.3 0.000597954
13342.3 0.000538399
13354.4 0.00047829
13366.4 0.000417417
13378.4 0.000355545
13390.4 0.000295725
13402.4 0.00023678
13414.4 0.000178262
13426.4 0.00012004
13438.4 6.20606e-05
13450.5 4.30849e-06
13462.5 -5.31909e-05
13474.5 -0.000110235
13486.5 -0.000165227
13498.5 -0.000221667
13510.5 -0.000278613
13522.5 -0.00033594
13534.5 -0.000393641
13546.5 -0.000451767
13558.6 -0.00051045
13570.6 -0.000570021
13582.6 -0.000626748
13594.6 -0.000669317
13606.6 -0.000709359
13618.6 -0.00074839
13630.6 -0.000786745
13642.6 -0.000824606
13654.7 -0.000862108
13666.7 -0.000899399
13678.7 -0.000936766
13690.7 -0.000964132
13702.7 -0.000980631
13714.7 -0.000996176
13726.7 -0.00101102
13738.7 -0.00102525
13750.8 -0.00103891
13762.8 -0.001052
13774.8 -0.00106443
13786.8 -0.0010759
13798.8 -0.00109415
13810.8 -0.00111644
13822.8 -0.00113916
13834.8 -0.00116212
13846.8 -0.00118524
13858.9 -0.00120851
13870.9 -0.00123196
13882.9 -0.00125567
13894.9 -0.00128022
13906.9 -0.00131173
13918.9 -0.00134204
13930.9 -0.00137188
13942.9 -0.00140134
13955 -0.00143049
13967 -0.00145933
13979 -0.00148784
13991 -0.00151596
14003 -0.00154487
14015 -0.00157883
14027 -0.00161299
14039 -0.0016472
14051.1 -0.00168139
14063.1 -0.00171552
14075.1 -0.00174957
14087.1 -0.00178351
14099.1 -0.00181722
14111.1 -0.00185287
14123.1 -0.00189124
14135.1 -0.0019298
14147.1 -0.00196847
14159.2 -0.00200724
14171.2 -0.00204613
14183.2 -0.00208516
14195.2 -0.00212444
14207.2 -0.00216454
14219.2 -0.0022049
14231.2 -0.00224537
14243.2 -0.00228537
14255.3 -0.00232502
14267.3 -0.00236437
14279.3 -0.00240344
14291.3 -0.00244226
14303.3 -0.00248082
14315.3 -0.00251932
14327.3 -0.00254092
14339.3 -0.00256152
14351.4 -0.00258196
14363.4 -0.00260224
14375.4 -0.00262236
14387.4 -0.00264231
14399.4 -0.00266204
14411.4 -0.00268139
14423.4 -0.00269672
14435.4 -0.00269129
14447.4 -0.00268598
14459.5 -0.00268077
14471.5 -0.00267565
14483.5 -0.00267063
14495.5 -0.00266574
14507.5 -0.00266104
14519.5 -0.00265674
14531.5 -0.00265609
14543.5 -0.00266202
14555.6 -0.00266784
14567.6 -0.00267361
14579.6 -0.00267935
14591.6 -0.00268508
14603.6 -0.00269082
14615.6 -0.00269663
14627.6 -0.00270237
14639.6 -0.00272129
14651.7 -0.00274688
14663.7 -0.00277237
14675.7 -0.00279775
14687.7 -0.00282306
14699.7 -0.0028483
14711.7 -0.00287351
14723.7 -0.00289879
14735.7 -0.0029231
14747.7 -0.00294051
14759.8 -0.0029571
14771.8 -0.00297348
14783.8 -0.00298967
14795.8 -0.00300568
14807.8 -0.00302151
14819.8 -0.00303714
14831.8 -0.00305252
14843.8 -0.00306987
14855.9 -0.00309411
14867.9 -0.00311823
14879.9 -0.00314223
14891.9 -0.0031661
14903.9 -0.00318981
14915.9 -0.00321338
14927.9 -0.00323677
14939.9 -0.00326011
14952 -0.00328654
14964 -0.00331759
14976 -0.00334846
14988 -0.00337915
15000 -0.00340964
15012 -0.00343994
15024 -0.00347003
15036 -0.00349993
15048 -0.00352919
15060.1 -0.00353977
15072.1 -0.00353922
15084.1 -0.00353856
15096.1 -0.00353776
15108.1 -0.00353681
15120.1 -0.00353571
15132.1 -0.00353447
15144.1 -0.00353301
15156.2 -0.00353066
15168.2 -0.00352555
15180.2 -0.0035198
15192.2 -0.00351385
15204.2 -0.00350768
15216.2 -0.00350129
15228.2 -0.00349467
15240.2 -0.0034878
15252.3 -0.00348084
15264.3 -0.00347456
15276.3 -0.00347502
15288.3 -0.00347519
15300.3 -0.00347507
15312.3 -0.00347466
15324.3 -0.00347395
15336.3 -0.00347293
15348.3 -0.00347162
15360.4 -0.00346898
15372.4 -0.00347186
15384.4 -0.003487
15396.4 -0.00350172
15408.4 -0.00351602
15420.4 -0.00352989
15432.4 -0.00354332
15444.4 -0.00355632
15456.5 -0.00356894
15468.5 -0.00358164
15480.5 -0.00359992
15492.5 -0.00362253
15504.5 -0.00364473
15516.5 -0.00366651
15528.5 -0.00368786
15540.5 -0.00370877
15552.6 -0.00372926
15564.6 -0.00374914
15576.6 -0.00376842
15588.6 -0.00378613
15600.6 -0.0038031
15612.6 -0.00381963
15624.6 -0.00383573
15636.6 -0.00385138
15648.6 -0.00386661
15660.7 -0.00388142
15672.7 -0.00389568
15684.7 -0.00390933
15696.7 -0.00391588
15708.7 -0.00392188
15720.7 -0.00392742
15732.7 -0.0039325
15744.7 -0.00393713
15756.8 -0.00394133
15768.8 -0.00394535
15780.8 -0.00394979
15792.8 -0.00395332
15804.8 -0.00395503
15816.8 -0.00395622
15828.8 -0.00395691
15840.8 -0.00395707
15852.9 -0.0039567
15864.9 -0.00395576
15876.9 -0.00395436
15888.9 -0.00395228
15900.9 -0.00395899
15912.9 -0.00397543
15924.9 -0.00399176
15936.9 -0.00400786
15948.9 -0.0040237
15961 -0.00403927
15973 -0.00405458
15985 -0.00406934
15997 -0.00408404
16009 -0.00409048
16021 -0.00409324
16033 -0.00409545
16045 -0.00409717
16057.1 -0.00409841
16069.1 -0.00409917
16081.1 -0.00409926
16093.1 -0.00409849
16105.1 -0.00409669
16117.1 -0.0041098
16129.1 -0.00412369
16141.1 -0.00413763
16153.2 -0.00415153
16165.2 -0.00416539
16177.2 -0.00417924
16189.2 -0.0041938
16201.2 -0.00420859
16213.2 -0.00422334
16225.2 -0.00423848
16237.2 -0.0042536
16249.2 -0.00426871
16261.3 -0.00428384
16273.3 -0.00429903
16285.3 -0.00431436
16297.3 -0.00433009
16309.3 -0.0043462
16321.3 -0.00435792
16333.3 -0.0043624
16345.3 -0.00436646
16357.4 -0.00437031
16369.4 -0.00437404
16381.4 -0.00437769
16393.4 -0.00438118
16405.4 -0.00438455
16417.4 -0.00438813
16429.4 -0.00439027
16441.4 -0.00439154
16453.5 -0.00439289
16465.5 -0.0043944
16477.5 -0.00439617
16489.5 -0.00439832
16501.5 -0.00440136
16513.5 -0.00440518
16525.5 -0.00441077
16537.5 -0.00439533
16549.5 -0.00437595
16561.6 -0.0043557
16573.6 -0.00433483
16585.6 -0.00431346
16597.6 -0.00429171
16609.6 -0.00427001
16621.6 -0.00424719
16633.6 -0.00422492
16645.6 -0.00421843
16657.7 -0.00421314
16669.7 -0.00420842
16681.7 -0.00420409
16693.7 -0.00420007
16705.7 -0.00419625
16717.7 -0.00419266
16729.7 -0.00418942
16741.7 -0.00418633
16753.8 -0.00418319
16765.8 -0.00418033
16777.8 -0.00417779
16789.8 -0.00417559
16801.8 -0.00417375
16813.8 -0.00417206
16825.8 -0.00417101
16837.8 -0.00417088
16849.8 -0.00416764
16861.9 -0.00416137
16873.9 -0.00415519
16885.9 -0.00414933
16897.9 -0.00414396
16909.9 -0.00413948
16921.9 -0.00413651
16933.9 -0.00413411
16945.9 -0.0041334
16958 -0.00412054
16970 -0.00410347
16982 -0.00408572
16994 -0.00406761
17006 -0.0040493
17018 -0.00403105
17030 -0.00401273
17042 -0.00399427
17054.1 -0.00397575
17066.1 -0.00395886
17078.1 -0.00394232
17090.1 -0.00392609
17102.1 -0.00391024
17114.1 -0.00389482
17126.1 -0.0038798
17138.1 -0.00386594
17150.2 -0.00385402
17162.2 -0.00383797
17174.2 -0.00380033
17186.2 -0.00376002
17198.2 -0.00371816
17210.2 -0.00367511
17222.2 -0.00363101
17234.2 -0.00358593
17246.2 -0.00354002
17258.3 -0.00349317
17270.3 -0.00344638
17282.3 -0.00340007
17294.3 -0.00335316
17306.3 -0.00330553
17318.3 -0.00325715
17330.3 -0.00320839
17342.3 -0.00315803
17354.4 -0.00310538
17366.4 -0.0030486
17378.4 -0.00301053
17390.4 -0.00298276
17402.4 -0.00295668
17414.4 -0.00293156
17426.4 -0.00290705
17438.4 -0.00288284
17450.5 -0.00285918
17462.5 -0.00283598
17474.5 -0.00281335
17486.5 -0.00278856
17498.5 -0.00276349
17510.5 -0.0027383
17522.5 -0.00271301
17534.5 -0.00268747
17546.5 -0.00266176
17558.6 -0.00263601
17570.6 -0.00261006
17582.6 -0.00258429
17594.6 -0.00256093
17606.6 -0.00253795
17618.6 -0.0025152
17630.6 -0.00249266
17642.6 -0.00247044
17654.7 -0.00244835
17666.7 -0.00242649
17678.7 -0.00240516
17690.7 -0.00238194
17702.7 -0.00235437
17714.7 -0.00232597
17726.7 -0.00229697
17738.7 -0.00226754
17750.8 -0.00223788
17762.8 -0.00220728
17774.8 -0.00217578
17786.8 -0.00214302
17798.8 -0.00211263
17810.8 -0.00208416
17822.8 -0.00205554
17834.8 -0.00202651
17846.8 -0.00199664
17858.9 -0.00196607
17870.9 -0.00193479
17882.9 -0.00190219
17894.9 -0.00186595
17906.9 -0.00184642
17918.9 -0.00183052
17930.9 -0.00181613
17942.9 -0.00180278
17955 -0.0017902
17967 -0.00177852
17979 -0.00176778
17991 -0.00175823
18003 -0.00174935
18015 -0.00173237
18027 -0.00171414
18039 -0.00169532
18051.1 -0.0016761
18063.1 -0.00165661
18075.1 -0.00163652
18087.1 -0.0016158
18099.1 -0.00159414
18111.1 -0.00157357
18123.1 -0.00155791
18135.1 -0.00154297
18147.1 -0.00152841
18159.2 -0.001514
18171.2 -0.00149988
18183.2 -0.00148617
18195.2 -0.00147296
18207.2 -0.00146069
18219.2 -0.00144495
18231.2 -0.00142513
18243.2 -0.00140427
18255.3 -0.00138253
18267.3 -0.00135971
18279.3 -0.00133623
18291.3 -0.00131185
18303.3 -0.00128609
18315.3 -0.00125706
18327.3 -0.00124081
18339.3 -0.00122904
18351.4 -0.00121864
18363.4 -0.00120911
18375.4 -0.00120024
18387.4 -0.00119198
18399.4 -0.00118426
18411.4 -0.00117704
18423.4 -0.00117032
18435.4 -0.00116319
18447.4 -0.00115629
18459.5 -0.00114972
18471.5 -0.00114358
18483.5 -0.00113784
18495.5 -0.00113259
18507.5 -0.00112804
18519.5 -0.00112476
18531.5 -0.00112007
18543.5 -0.00110604
18555.6 -0.0010903
18567.6 -0.00107348
18579.6 -0.00105573
18591.6 -0.00103741
18603.6 -0.00101864
18615.6 -0.000999678
18627.6 -0.000981356
18639.6 -0.0009561
18651.7 -0.000920507
18663.7 -0.000881207
18675.7 -0.000838336
18687.7 -0.000791483
18699.7 -0.000739929
18711.7 -0.000681954
18723.7 -0.000613887
18735.7 -0.000521327
18747.7 -0.000528965
18759.8 -0.000586954
18771.8 -0.000660451
18783.8 -0.000745493
18795.8 -0.000840767
18807.8 -0.000946216
18819.8 -0.00106302
18831.8 -0.00119493
18843.8 -0.00134851
18855.9 -0.00139473
18867.9 -0.00142218
18879.9 -0.00144194
18891.9 -0.0014571
18903.9 -0.00146908
18915.9 -0.00147871
18927.9 -0.00148652
18939.9 -0.00149287
18952 -0.00149802
18964 -0.00150218
18976 -0.00150547
18988 -0.00150796
19000 -0.00150958
