7000 0.000284158
7012.01 0.000287577
7024.02 0.000291045
7036.04 0.000294614
7048.05 0.000298083
7060.06 0.000301509
7072.07 0.000304929
7084.08 0.000308354
7096.1 0.000311791
7108.11 0.000315244
7120.12 0.00031872
7132.13 0.000322233
7144.14 0.000325798
7156.16 0.000329235
7168.17 0.000332635
7180.18 0.000336012
7192.19 0.000339371
7204.2 0.000342715
7216.22 0.000346045
7228.23 0.000349367
7240.24 0.000352704
7252.25 0.000355973
7264.26 0.000359048
7276.28 0.000362014
7288.29 0.00036487
7300.3 0.000367607
7312.31 0.000370205
7324.32 0.000372641
7336.34 0.00037488
7348.35 0.000376845
7360.36 0.000378677
7372.37 0.000380263
7384.38 0.000381508
7396.4 0.000382312
7408.41 0.000382546
7420.42 0.000382026
7432.43 0.000380478
7444.44 0.000377461
7456.46 0.000372031
7468.47 0.000360725
7480.48 0.000405576
7492.49 0.000518335
7504.5 0.000638497
7516.52 0.000763874
7528.53 0.000893824
7540.54 0.0010283
7552.55 0.00116771
7564.56 0.00131382
7576.58 0.00147197
7588.59 0.00151702
7600.6 0.00151332
7612.61 0.00150383
7624.62 0.00149077
7636.64 0.00147507
7648.65 0.00145712
7660.66 0.00143702
7672.67 0.0014162
7684.68 0.00139309
7696.7 0.00139449
7708.71 0.00139753
7720.72 0.00140099
7732.73 0.00140462
7744.74 0.00140833
7756.76 0.00141214
7768.77 0.00141546
7780.78 0.00141709
7792.79 0.00141969
7804.8 0.00142834
7816.82 0.00143729
7828.83 0.00144634
7840.84 0.00145543
7852.85 0.0014645
7864.86 0.0014735
7876.88 0.00148279
7888.89 0.0014922
7900.9 0.00150306
7912.91 0.00151593
7924.92 0.00152904
7936.94 0.00154232
7948.95 0.00155574
7960.96 0.00156931
7972.97 0.00158304
7984.98 0.00159749
7997 0.00161248
8009.01 0.00162223
8021.02 0.00162922
8033.03 0.00163595
8045.05 0.0016425
8057.06 0.00164892
8069.07 0.0016552
8081.08 0.00166152
8093.09 0.00166801
8105.11 0.00167434
8117.12 0.00168274
8129.13 0.00169133
8141.14 0.00169997
8153.15 0.00170864
8165.17 0.00171732
8177.18 0.001726
8189.19 0.00173472
8201.2 0.00174343
8213.21 0.0017523
8225.23 0.0017622
8237.24 0.00177216
8249.25 0.00178216
8261.26 0.00179217
8273.27 0.00180219
8285.29 0.00181222
8297.3 0.00182233
8309.31 0.0018324
8321.32 0.00184343
8333.33 0.00185603
8345.35 0.00186877
8357.36 0.0018816
8369.37 0.0018945
8381.38 0.00190747
8393.39 0.0019206
8405.41 0.00193394
8417.42 0.00194744
8429.43 0.00195871
8441.44 0.00196864
8453.45 0.00197846
8465.47 0.00198824
8477.48 0.00199797
8489.49 0.00200768
8501.5 0.00201753
8513.51 0.00202739
8525.53 0.00203725
8537.54 0.00204714
8549.55 0.00205706
8561.56 0.002067
8573.57 0.00207698
8585.59 0.00208702
8597.6 0.00209723
8609.61 0.00210779
8621.62 0.00211863
8633.63 0.00212771
8645.65 0.00212298
8657.66 0.00211756
8669.67 0.00211177
8681.68 0.00210575
8693.69 0.00209957
8705.71 0.00209337
8717.72 0.00208721
8729.73 0.0020813
8741.74 0.00206629
8753.75 0.00203483
8765.77 0.00200235
8777.78 0.00196916
8789.79 0.00193537
8801.8 0.00190099
8813.81 0.00186599
8825.83 0.00183029
8837.84 0.00179348
8849.85 0.00178051
8861.86 0.00178362
8873.87 0.0017874
8885.89 0.00179152
8897.9 0.00179586
8909.91 0.00180029
8921.92 0.00180476
8933.93 0.00180929
8945.95 0.00181386
8957.96 0.00181845
8969.97 0.00182305
8981.98 0.00182764
8993.99 0.00183221
9006.01 0.00183676
9018.02 0.0018412
9030.03 0.00184557
9042.04 0.00184991
9054.05 0.0018542
9066.07 0.00185845
9078.08 0.00186264
9090.09 0.00186678
9102.1 0.00187086
9114.11 0.00187487
9126.13 0.00187881
9138.14 0.00188268
9150.15 0.00188648
9162.16 0.00189021
9174.17 0.00189386
9186.19 0.00189743
9198.2 0.00190093
9210.21 0.00190433
9222.22 0.00190752
9234.23 0.00191047
9246.25 0.00191337
9258.26 0.00191619
9270.27 0.00191893
9282.28 0.00192159
9294.29 0.00192416
9306.31 0.00192663
9318.32 0.00192899
9330.33 0.00193088
9342.34 0.00193262
9354.35 0.00193431
9366.37 0.00193593
9378.38 0.00193749
9390.39 0.00193896
9402.4 0.00194035
9414.41 0.00194164
9426.43 0.00194271
9438.44 0.00194309
9450.45 0.0019435
9462.46 0.00194389
9474.47 0.00194423
9486.49 0.00194454
9498.5 0.00194479
9510.51 0.00194498
9522.52 0.00194509
9534.53 0.0019448
9546.55 0.00194421
9558.56 0.00194366
9570.57 0.0019431
9582.58 0.00194254
9594.59 0.00194196
9606.61 0.00194136
9618.62 0.00194073
9630.63 0.00194004
9642.64 0.00193897
9654.65 0.00193789
9666.67 0.00193684
9678.68 0.00193581
9690.69 0.00193479
9702.7 0.00193378
9714.71 0.00193278
9726.73 0.00193177
9738.74 0.00193069
9750.75 0.00192939
9762.76 0.00192816
9774.77 0.00192697
9786.79 0.00192582
9798.8 0.00192471
9810.81 0.00192363
9822.82 0.00192258
9834.83 0.00192155
9846.85 0.00192043
9858.86 0.00191929
9870.87 0.00191822
9882.88 0.0019172
9894.89 0.00191624
9906.91 0.00191534
9918.92 0.00191449
9930.93 0.00191369
9942.94 0.00191292
9954.95 0.00191187
9966.97 0.00191091
9978.98 0.00191006
9990.99 0.00190932
10003 0.00190869
10015 0.00190817
10027 0.00190777
10039 0.00190752
10051.1 0.00190767
10063.1 0.00190866
10075.1 0.00190963
10087.1 0.00191064
10099.1 0.00191172
10111.1 0.00191287
10123.1 0.00191412
10135.1 0.00191547
10147.1 0.00191696
10159.2 0.00191895
10171.2 0.00192127
10183.2 0.00192366
10195.2 0.00192613
10207.2 0.00192871
10219.2 0.0019314
10231.2 0.00193423
10243.2 0.00193722
10255.3 0.00194043
10267.3 0.00194517
10279.3 0.00195008
10291.3 0.00195505
10303.3 0.00196013
10315.3 0.00196533
10327.3 0.00197068
10339.3 0.00197619
10351.4 0.00198191
10363.4 0.00198842
10375.4 0.00199691
10387.4 0.00200542
10399.4 0.00201405
10411.4 0.00202282
10423.4 0.00203175
10435.4 0.00204086
10447.4 0.00205017
10459.5 0.00205969
10471.5 0.00206986
10483.5 0.00208054
10495.5 0.00209143
10507.5 0.00210253
10519.5 0.00211387
10531.5 0.00212545
10543.5 0.00213728
10555.6 0.00214937
10567.6 0.00216172
10579.6 0.00217454
10591.6 0.00218765
10603.6 0.00220103
10615.6 0.0022147
10627.6 0.00222866
10639.6 0.0022429
10651.7 0.00225745
10663.7 0.00227229
10675.7 0.00228744
10687.7 0.00230292
10699.7 0.0023187
10711.7 0.0023348
10723.7 0.0023512
10735.7 0.00236792
10747.7 0.00238495
10759.8 0.0024023
10771.8 0.00241996
10783.8 0.00243749
10795.8 0.00245512
10807.8 0.00247319
10819.8 0.00249179
10831.8 0.00251113
10843.8 0.00253082
10855.9 0.00253866
10867.9 0.00254489
10879.9 0.00255
10891.9 0.00255127
10903.9 0.00255192
10915.9 0.00255189
10927.9 0.00255094
10939.9 0.00254849
10952 0.00254992
10964 0.00256664
10976 0.00258485
10988 0.00260365
11000 0.0026226
11012 0.00264184
11024 0.00266122
11036 0.0026806
11048 0.0026998
11060.1 0.00272025
11072.1 0.00274207
11084.1 0.00276381
11096.1 0.00278354
11108.1 0.00280248
11120.1 0.00282134
11132.1 0.00283999
11144.1 0.0028583
11156.2 0.00287604
11168.2 0.00289587
11180.2 0.0029163
11192.2 0.0029364
11204.2 0.00295537
11216.2 0.002974
11228.2 0.00299214
11240.2 0.00300967
11252.3 0.00302637
11264.3 0.00304209
11276.3 0.00306457
11288.3 0.00308729
11300.3 0.00310896
11312.3 0.00312941
11324.3 0.00314973
11336.3 0.0031698
11348.3 0.00318962
11360.4 0.00320927
11372.4 0.00322726
11384.4 0.00323928
11396.4 0.00325004
11408.4 0.00325985
11420.4 0.00326864
11432.4 0.00327637
11444.4 0.00328298
11456.5 0.00328834
11468.5 0.00329209
11480.5 0.00329945
11492.5 0.00331256
11504.5 0.00332565
11516.5 0.00333857
11528.5 0.00335093
11540.5 0.00336267
11552.6 0.00337374
11564.6 0.00338402
11576.6 0.00339329
11588.6 0.00340516
11600.6 0.00341812
11612.6 0.00343068
11624.6 0.00344279
11636.6 0.00345448
11648.6 0.00346573
11660.7 0.00347648
11672.7 0.00348668
11684.7 0.00349608
11696.7 0.00350943
11708.7 0.00352313
11720.7 0.00353702
11732.7 0.00355092
11744.7 0.00356486
11756.8 0.00357897
11768.8 0.00359342
11780.8 0.00360865
11792.8 0.00362257
11804.8 0.00362438
11816.8 0.003626
11828.8 0.0036295
11840.8 0.00363084
11852.9 0.00363077
11864.9 0.00362944
11876.9 0.00362684
11888.9 0.0036227
11900.9 0.00362041
11912.9 0.0036224
11924.9 0.00362117
11936.9 0.00361952
11948.9 0.00361894
11961 0.00361899
11973 0.00361956
11985 0.00362064
11997 0.00362236
12009 0.00362325
12021 0.00362388
12033 0.00362581
12045 0.00362782
12057.1 0.00363013
12069.1 0.00363298
12081.1 0.00363662
12093.1 0.00364148
12105.1 0.00364915
12117.1 0.00364258
12129.1 0.00363614
12141.1 0.0036316
12153.2 0.00362436
12165.2 0.00361563
12177.2 0.00360574
12189.2 0.00359478
12201.2 0.00358271
12213.2 0.00356994
12225.2 0.00356047
12237.2 0.0035485
12249.2 0.00353698
12261.3 0.00352641
12273.3 0.00351646
12285.3 0.00350705
12297.3 0.00349819
12309.3 0.00348997
12321.3 0.00348279
12333.3 0.00347764
12345.3 0.00347691
12357.4 0.00347433
12369.4 0.00347101
12381.4 0.00346733
12393.4 0.00346348
12405.4 0.00345962
12417.4 0.00345601
12429.4 0.00345027
12441.4 0.00344256
12453.5 0.00343458
12465.5 0.00342642
12477.5 0.00341822
12489.5 0.00341008
12501.5 0.00340214
12513.5 0.00339462
12525.5 0.00338813
12537.5 0.00337769
12549.5 0.00336943
12561.6 0.00335912
12573.6 0.0033468
12585.6 0.00333295
12597.6 0.00331768
12609.6 0.0033009
12621.6 0.00328224
12633.6 0.0032617
12645.6 0.00324637
12657.7 0.00322579
12669.7 0.00321026
12681.7 0.00319704
12693.7 0.00318554
12705.7 0.00317558
12717.7 0.00316725
12729.7 0.00316095
12741.7 0.00315476
12753.8 0.00314789
12765.8 0.00314088
12777.8 0.0031309
12789.8 0.00311955
12801.8 0.00310733
12813.8 0.00309453
12825.8 0.00308142
12837.8 0.00306849
12849.8 0.00305136
12861.9 0.00303068
12873.9 0.00300769
12885.9 0.00298291
12897.9 0.0029566
12909.9 0.0029288
12921.9 0.00289943
12933.9 0.00286826
12945.9 0.00283448
12958 0.00280563
12970 0.00277609
12982 0.00274956
12994 0.00272389
13006 0.00269857
13018 0.00267331
13030 0.00264787
13042 0.00262192
13054.1 0.00259535
13066.1 0.00257356
13078.1 0.00255363
13090.1 0.00253565
13102.1 0.00251885
13114.1 0.00250304
13126.1 0.00248815
13138.1 0.00247426
13150.2 0.00246167
13162.2 0.00244704
13174.2 0.00242404
13186.2 0.00239892
13198.2 0.00237279
13210.2 0.00234603
13222.2 0.00231881
13234.2 0.00229119
13246.2 0.00226322
13258.3 0.00223489
13270.3 0.00220725
13282.3 0.00218043
13294.3 0.00215346
13306.3 0.00212631
13318.3 0.00209896
13330.3 0.00207138
13342.3 0.00204353
13354.4 0.00201532
13366.4 0.00198653
13378.4 0.0019582
13390.4 0.00193125
13402.4 0.00190497
13414.4 0.00187903
13426.4 0.00185332
13438.4 0.00182779
13450.5 0.00180237
13462.5 0.00177704
13474.5 0.001752
13486.5 0.00173545
13498.5 0.00171865
13510.5 0.00170181
13522.5 0.00168495
13534.5 0.00166807
13546.5 0.00165115
13558.6 0.00163416
13570.6 0.00161702
13582.6 0.00159759
13594.6 0.00157319
13606.6 0.00154986
13618.6 0.0015269
13630.6 0.00150423
13642.6 0.00148182
13654.7 0.00145967
13666.7 0.00143782
13678.7 0.00141642
13690.7 0.00138923
13702.7 0.00135559
13714.7 0.00132166
13726.7 0.0012876
13738.7 0.0012535
13750.8 0.00121938
13762.8 0.0011853
13774.8 0.0011513
13786.8 0.00111749
13798.8 0.00108806
13810.8 0.00105903
13822.8 0.00102969
13834.8 0.00100012
13846.8 0.00097034
13858.9 0.000940333
13870.9 0.000910051
13882.9 0.000879367
13894.9 0.000847698
13906.9 0.000816854
13918.9 0.000787318
13930.9 0.000758285
13942.9 0.000729605
13955 0.000701211
13967 0.000673067
13979 0.000645155
13991 0.000617479
14003 0.000592021
14015 0.000572461
14027 0.000552998
14039 0.000533643
14051.1 0.000514395
14063.1 0.000495256
14075.1 0.00047623
14087.1 0.000457331
14099.1 0.000438609
14111.1 0.000421289
14123.1 0.000405108
14135.1 0.000388865
14147.1 0.000372578
14159.2 0.000356238
14171.2 0.000339819
14183.2 0.000323269
14195.2 0.00030647
14207.2 0.00028883
14219.2 0.000272645
14231.2 0.000257615
14243.2 0.000243076
14255.3 0.00022891
14267.3 0.000215068
14279.3 0.000201529
14291.3 0.0001883
14303.3 0.000175427
14315.3 0.000163053
14327.3 0.000143245
14339.3 0.00012307
14351.4 0.000102982
14363.4 8.3035e-05
14375.4 6.3272e-05
14387.4 4.37469e-05
14399.4 2.45534e-05
14411.4 5.96232e-06
14423.4 -1.41924e-05
14435.4 -4.30229e-05
14447.4 -7.22852e-05
14459.5 -0.000101794
14471.5 -0.000131481
14483.5 -0.00016132
14495.5 -0.000191314
14507.5 -0.000221517
14519.5 -0.000252287
14531.5 -0.000277668
14543.5 -0.00029671
14555.6 -0.000315457
14567.6 -0.000333998
14579.6 -0.000352374
14591.6 -0.000370617
14603.6 -0.000388758
14615.6 -0.000406851
14627.6 -0.000424931
14639.6 -0.000445554
14651.7 -0.00046746
14663.7 -0.000489146
14675.7 -0.000510641
14687.7 -0.000531967
14699.7 -0.000553151
14711.7 -0.000574239
14723.7 -0.000595368
14735.7 -0.000616019
14747.7 -0.000628422
14759.8 -0.000639734
14771.8 -0.00065072
14783.8 -0.000661404
14795.8 -0.000671798
14807.8 -0.000681896
14819.8 -0.000691672
14831.8 -0.000700987
14843.8 -0.000710645
14855.9 -0.000720379
14867.9 -0.000729986
14879.9 -0.000739434
14891.9 -0.000748707
14903.9 -0.000757791
14915.9 -0.000766673
14927.9 -0.000775328
14939.9 -0.000783767
14952 -0.00079142
14964 -0.000797612
14976 -0.000803661
14988 -0.000809555
15000 -0.000815291
15012 -0.000820873
15024 -0.000826313
15036 -0.000831659
15048 -0.000836721
15060.1 -0.000852685
15072.1 -0.000875137
15084.1 -0.000897267
15096.1 -0.000919099
15108.1 -0.000940649
15120.1 -0.000961933
15132.1 -0.000982982
15144.1 -0.00100389
15156.2 -0.00102399
15168.2 -0.00104435
15180.2 -0.00106445
15192.2 -0.00108419
15204.2 -0.00110359
15216.2 -0.00112263
15228.2 -0.00114133
15240.2 -0.00115968
15252.3 -0.00117772
15264.3 -0.00119522
15276.3 -0.00120766
15288.3 -0.00121985
15300.3 -0.00123178
15312.3 -0.00124346
15324.3 -0.00125489
15336.3 -0.00126611
15348.3 -0.0012772
15360.4 -0.00128751
15372.4 -0.00129826
15384.4 -0.00131106
15396.4 -0.00132348
15408.4 -0.00133552
15420.4 -0.00134721
15432.4 -0.00135853
15444.4 -0.00136948
15456.5 -0.00138005
15468.5 -0.0013907
15480.5 -0.00140022
15492.5 -0.00140874
15504.5 -0.00141699
15516.5 -0.00142497
15528.5 -0.00143267
15540.5 -0.00144011
15552.6 -0.00144731
15564.6 -0.0014542
15576.6 -0.00146068
15588.6 -0.00146254
15600.6 -0.00146299
15612.6 -0.00146312
15624.6 -0.00146296
15636.6 -0.0014625
15648.6 -0.00146175
15660.7 -0.00146071
15672.7 -0.0014593
15684.7 -0.00145756
15696.7 -0.00145582
15708.7 -0.00145378
15720.7 -0.00145141
15732.7 -0.00144871
15744.7 -0.00144565
15756.8 -0.00144219
15768.8 -0.0014383
15780.8 -0.00143459
15792.8 -0.00143381
15804.8 -0.00144238
15816.8 -0.00145091
15828.8 -0.00145928
15840.8 -0.00146745
15852.9 -0.00147541
15864.9 -0.00148311
15876.9 -0.0014906
15888.9 -0.00149788
15900.9 -0.00150882
15912.9 -0.00152379
15924.9 -0.00153874
15936.9 -0.00155361
15948.9 -0.00156841
15961 -0.00158314
15973 -0.00159784
15985 -0.00161233
15997 -0.0016268
16009 -0.001636
16021 -0.0016429
16033 -0.00164954
16045 -0.00165598
16057.1 -0.00166223
16069.1 -0.00166832
16081.1 -0.00167421
16093.1 -0.00167968
16105.1 -0.00168478
16117.1 -0.00169432
16129.1 -0.00170408
16141.1 -0.00171383
16153.2 -0.00172356
16165.2 -0.00173326
16177.2 -0.00174294
16189.2 -0.00175294
16201.2 -0.00176348
16213.2 -0.00177317
16225.2 -0.00177807
16237.2 -0.00178276
16249.2 -0.00178734
16261.3 -0.00179188
16273.3 -0.00179638
16285.3 -0.00180087
16297.3 -0.0018055
16309.3 -0.00181024
16321.3 -0.00181364
16333.3 -0.0018148
16345.3 -0.00181581
16357.4 -0.00181675
16369.4 -0.00181762
16381.4 -0.00181845
16393.4 -0.00181919
16405.4 -0.00181972
16417.4 -0.0018201
16429.4 -0.00182253
16441.4 -0.00182634
16453.5 -0.00183034
16465.5 -0.00183449
16477.5 -0.0018388
16489.5 -0.00184329
16501.5 -0.00184815
16513.5 -0.00185344
16525.5 -0.00185935
16537.5 -0.00185962
16549.5 -0.00185895
16561.6 -0.00185816
16573.6 -0.00185735
16585.6 -0.00185655
16597.6 -0.00185579
16609.6 -0.00185548
16621.6 -0.00185529
16633.6 -0.00185518
16645.6 -0.00185486
16657.7 -0.00185463
16669.7 -0.00185454
16681.7 -0.00185461
16693.7 -0.00185486
16705.7 -0.00185533
16717.7 -0.00185605
16729.7 -0.00185726
16741.7 -0.00185662
16753.8 -0.00185092
16765.8 -0.00184485
16777.8 -0.00183863
16789.8 -0.00183232
16801.8 -0.00182596
16813.8 -0.00181943
16825.8 -0.00181282
16837.8 -0.0018061
16849.8 -0.0018008
16861.9 -0.00179696
16873.9 -0.00179342
16885.9 -0.00179017
16897.9 -0.00178723
16909.9 -0.00178469
16921.9 -0.00178308
16933.9 -0.00178206
16945.9 -0.00178232
16958 -0.00177352
16970 -0.00176152
16982 -0.00174892
16994 -0.00173593
17006 -0.00172261
17018 -0.00170905
17030 -0.00169521
17042 -0.00168091
17054.1 -0.0016662
17066.1 -0.00165792
17078.1 -0.00165045
17090.1 -0.00164341
17102.1 -0.00163672
17114.1 -0.00163037
17126.1 -0.00162431
17138.1 -0.00161876
17150.2 -0.00161407
17162.2 -0.00160779
17174.2 -0.00159291
17186.2 -0.00157703
17198.2 -0.00156059
17210.2 -0.00154374
17222.2 -0.00152653
17234.2 -0.00150898
17246.2 -0.00149112
17258.3 -0.00147293
17270.3 -0.00145488
17282.3 -0.00143718
17294.3 -0.0014193
17306.3 -0.00140119
17318.3 -0.00138281
17330.3 -0.00136429
17342.3 -0.00134538
17354.4 -0.00132572
17366.4 -0.00130459
17378.4 -0.0012908
17390.4 -0.00128112
17402.4 -0.00127222
17414.4 -0.00126383
17426.4 -0.00125584
17438.4 -0.00124814
17450.5 -0.00124084
17462.5 -0.00123403
17474.5 -0.00122806
17486.5 -0.00121753
17498.5 -0.0012063
17510.5 -0.00119479
17522.5 -0.00118308
17534.5 -0.00117118
17546.5 -0.00115904
17558.6 -0.00114674
17570.6 -0.00113416
17582.6 -0.00112173
17594.6 -0.00111183
17606.6 -0.00110233
17618.6 -0.00109306
17630.6 -0.001084
17642.6 -0.00107519
17654.7 -0.00106664
17666.7 -0.00105842
17678.7 -0.00105081
17690.7 -0.00104143
17702.7 -0.0010278
17714.7 -0.00101345
17726.7 -0.000998592
17738.7 -0.000983331
17750.8 -0.000967794
17762.8 -0.00095178
17774.8 -0.000935211
17786.8 -0.000917795
17798.8 -0.000902419
17810.8 -0.000888731
17822.8 -0.000875139
17834.8 -0.000861476
17846.8 -0.000847595
17858.9 -0.000833386
17870.9 -0.000818873
17882.9 -0.000803824
17894.9 -0.00078735
17906.9 -0.0007773
17918.9 -0.000768621
17930.9 -0.000760484
17942.9 -0.000752699
17955 -0.000745149
17967 -0.000737806
17979 -0.000730648
17991 -0.000723643
18003 -0.000716784
18015 -0.000710241
18027 -0.000703866
18039 -0.000697646
18051.1 -0.000691584
18063.1 -0.000685744
18075.1 -0.00068007
18087.1 -0.000674609
18099.1 -0.000669492
18111.1 -0.000663931
18123.1 -0.000656431
18135.1 -0.000648632
18147.1 -0.000640666
18159.2 -0.000632558
18171.2 -0.000624328
18183.2 -0.000616058
18195.2 -0.000607782
18207.2 -0.000599615
18219.2 -0.000590528
18231.2 -0.000580379
18243.2 -0.000569875
18255.3 -0.000559051
18267.3 -0.000547832
18279.3 -0.000536237
18291.3 -0.000524209
18303.3 -0.000511549
18315.3 -0.000497421
18327.3 -0.000488997
18339.3 -0.000482575
18351.4 -0.00047678
18363.4 -0.000471419
18375.4 -0.000466412
18387.4 -0.000461771
18399.4 -0.000457566
18411.4 -0.000454028
18423.4 -0.000451217
18435.4 -0.000441227
18447.4 -0.000429703
18459.5 -0.000417212
18471.5 -0.000403851
18483.5 -0.00038958
18495.5 -0.000374206
18507.5 -0.000357354
18519.5 -0.00033802
18531.5 -0.000320975
18543.5 -0.000320269
18555.6 -0.000322345
18567.6 -0.00032602
18579.6 -0.00033085
18591.6 -0.000336596
18603.6 -0.000343149
18615.6 -0.000350423
18627.6 -0.000358352
18639.6 -0.000366974
18651.7 -0.000376299
18663.7 -0.000386246
18675.7 -0.000396812
18687.7 -0.000407952
18699.7 -0.000419699
18711.7 -0.000432107
18723.7 -0.000445261
18735.7 -0.000459461
18747.7 -0.000472289
18759.8 -0.000484759
18771.8 -0.000497603
18783.8 -0.000510968
18795.8 -0.000524987
18807.8 -0.000539818
18819.8 -0.000555719
18831.8 -0.000573242
18843.8 -0.000593278
18855.9 -0.000599405
18867.9 -0.000602958
18879.9 -0.000605374
18891.9 -0.000607077
18903.9 -0.00060827
18915.9 -0.000609062
18927.9 -0.000609533
18939.9 -0.00060974
18952 -0.000609725
18964 -0.00060952
18976 -0.000609152
18988 -0.000608644
19000 -0.000607903
