7000 -0.00099667
7012.01 -0.00100721
7024.02 -0.00101695
7036.04 -0.00102571
7048.05 -0.00103374
7060.06 -0.00104102
7072.07 -0.0010474
7084.08 -0.0010528
7096.1 -0.00105715
7108.11 -0.00106038
7120.12 -0.00106241
7132.13 -0.00106315
7144.14 -0.00106244
7156.16 -0.00106066
7168.17 -0.00105763
7180.18 -0.00105327
7192.19 -0.00104753
7204.2 -0.00104035
7216.22 -0.0010317
7228.23 -0.00102151
7240.24 -0.00100969
7252.25 -0.000996257
7264.26 -0.000981635
7276.28 -0.000965611
7288.29 -0.000948149
7300.3 -0.000929237
7312.31 -0.000908878
7324.32 -0.000887085
7336.34 -0.000863892
7348.35 -0.000839441
7360.36 -0.000813366
7372.37 -0.000785713
7384.38 -0.000756572
7396.4 -0.00072598
7408.41 -0.000693959
7420.42 -0.000660522
7432.43 -0.000625656
7444.44 -0.000589267
7456.46 -0.000551156
7468.47 -0.000513083
7480.48 -0.000472747
7492.49 -0.000429718
7504.5 -0.000385667
7516.52 -0.000340686
7528.53 -0.000294845
7540.54 -0.000248233
7552.55 -0.000201049
7564.56 -0.000153018
7576.58 -0.000103457
7588.59 -5.41214e-05
7600.6 -4.47621e-06
7612.61 4.58271e-05
7624.62 9.67176e-05
7636.64 0.000148076
7648.65 0.00019966
7660.66 0.000250458
7672.67 0.000304566
7684.68 0.000360972
7696.7 0.000413683
7708.71 0.000467137
7720.72 0.00052153
7732.73 0.000576939
7744.74 0.000633507
7756.76 0.000691665
7768.77 0.00075144
7780.78 0.000807867
7792.79 0.000863329
7804.8 0.000917659
7816.82 0.000971674
7828.83 0.00102544
7840.84 0.00107896
7852.85 0.00113217
7864.86 0.00118483
7876.88 0.00123767
7888.89 0.00129108
7900.9 0.00134625
7912.91 0.00140379
7924.92 0.00146147
7936.94 0.00151913
7948.95 0.00157668
7960.96 0.00163397
7972.97 0.0016907
7984.98 0.00174841
7997 0.00180633
8009.01 0.00186427
8021.02 0.00192208
8033.03 0.00197966
8045.05 0.00203693
8057.06 0.00209378
8069.07 0.00215007
8081.08 0.00220593
8093.09 0.00226223
8105.11 0.00231817
8117.12 0.0023753
8129.13 0.0024321
8141.14 0.0024884
8153.15 0.00254409
8165.17 0.00259911
8177.18 0.00265336
8189.19 0.00270688
8201.2 0.00275957
8213.21 0.00281197
8225.23 0.00286689
8237.24 0.0029211
8249.25 0.00297447
8261.26 0.00302691
8273.27 0.00307837
8285.29 0.00312881
8297.3 0.0031786
8309.31 0.00322766
8321.32 0.00327049
8333.33 0.00330383
8345.35 0.00333524
8357.36 0.0033649
8369.37 0.00339283
8381.38 0.00341896
8393.39 0.00344343
8405.41 0.00346629
8417.42 0.00348679
8429.43 0.0035221
8441.44 0.00356583
8453.45 0.00360899
8465.47 0.00365129
8477.48 0.00369262
8489.49 0.00373289
8501.5 0.00377255
8513.51 0.00381147
8525.53 0.00384998
8537.54 0.00387366
8549.55 0.00389416
8561.56 0.00391315
8573.57 0.0039308
8585.59 0.0039472
8597.6 0.00396257
8609.61 0.00397759
8621.62 0.00399205
8633.63 0.00400189
8645.65 0.0039831
8657.66 0.00396182
8669.67 0.00393875
8681.68 0.00391411
8693.69 0.00388802
8705.71 0.0038607
8717.72 0.00383217
8729.73 0.00380225
8741.74 0.0037772
8753.75 0.00376196
8765.77 0.00374635
8777.78 0.00373019
8789.79 0.00371346
8801.8 0.00369616
8813.81 0.0036782
8825.83 0.0036596
8837.84 0.00364024
8849.85 0.00363043
8861.86 0.00362701
8873.87 0.00362364
8885.89 0.00362022
8897.9 0.00361675
8909.91 0.00361316
8921.92 0.00360929
8933.93 0.00360536
8945.95 0.00360139
8957.96 0.00359741
8969.97 0.00359344
8981.98 0.0035895
8993.99 0.00358562
9006.01 0.00358183
9018.02 0.00357798
9030.03 0.00357411
9042.04 0.00357035
9054.05 0.00356673
9066.07 0.00356327
9078.08 0.00355999
9090.09 0.0035569
9102.1 0.00355403
9114.11 0.00355138
9126.13 0.00354893
9138.14 0.00354672
9150.15 0.00354477
9162.16 0.0035431
9174.17 0.00354172
9186.19 0.00354063
9198.2 0.00353986
9210.21 0.00353942
9222.22 0.00353914
9234.23 0.00353868
9246.25 0.00353852
9258.26 0.00353866
9270.27 0.00353914
9282.28 0.00353996
9294.29 0.00354112
9306.31 0.00354266
9318.32 0.00354461
9330.33 0.00354619
9342.34 0.00354764
9354.35 0.00354941
9366.37 0.0035515
9378.38 0.00355393
9390.39 0.00355672
9402.4 0.00355988
9414.41 0.00356343
9426.43 0.0035674
9438.44 0.00357006
9450.45 0.00357292
9462.46 0.00357607
9474.47 0.00357954
9486.49 0.00358333
9498.5 0.00358745
9510.51 0.00359193
9522.52 0.00359678
9534.53 0.00360152
9546.55 0.00360551
9558.56 0.00360974
9570.57 0.00361425
9582.58 0.00361906
9594.59 0.00362417
9606.61 0.0036296
9618.62 0.00363535
9630.63 0.00364146
9642.64 0.00364714
9654.65 0.00365272
9666.67 0.00365856
9678.68 0.00366467
9690.69 0.00367106
9702.7 0.00367774
9714.71 0.00368471
9726.73 0.00369199
9738.74 0.00369956
9750.75 0.00370667
9762.76 0.00371399
9774.77 0.00372157
9786.79 0.00372941
9798.8 0.00373751
9810.81 0.00374589
9822.82 0.00375454
9834.83 0.00376349
9846.85 0.00377252
9858.86 0.00378145
9870.87 0.0037906
9882.88 0.00380001
9894.89 0.00380966
9906.91 0.00381957
9918.92 0.00382975
9930.93 0.00384019
9942.94 0.00385096
9954.95 0.00386121
9966.97 0.00387131
9978.98 0.00388159
9990.99 0.00389204
10003 0.00390266
10015 0.00391344
10027 0.00392436
10039 0.00393536
10051.1 0.00394653
10063.1 0.00396049
10075.1 0.00397492
10087.1 0.00398969
10099.1 0.00400475
10111.1 0.00402008
10123.1 0.00403566
10135.1 0.00405143
10147.1 0.00406735
10159.2 0.0040841
10171.2 0.00410236
10183.2 0.004121
10195.2 0.00413997
10207.2 0.00415921
10219.2 0.00417869
10231.2 0.00419836
10243.2 0.00421812
10255.3 0.00423771
10267.3 0.00426079
10279.3 0.00428581
10291.3 0.00431145
10303.3 0.00433758
10315.3 0.00436415
10327.3 0.00439108
10339.3 0.00441826
10351.4 0.00444552
10363.4 0.00447308
10375.4 0.00450762
10387.4 0.00454363
10399.4 0.00458069
10411.4 0.00461869
10423.4 0.00465757
10435.4 0.00469726
10447.4 0.00473774
10459.5 0.00477891
10471.5 0.00482164
10483.5 0.00486676
10495.5 0.004913
10507.5 0.0049603
10519.5 0.00500862
10531.5 0.00505797
10543.5 0.00510834
10555.6 0.00515973
10567.6 0.00521209
10579.6 0.00526601
10591.6 0.00532124
10603.6 0.00537763
10615.6 0.00543517
10627.6 0.00549389
10639.6 0.00555379
10651.7 0.0056149
10663.7 0.00567724
10675.7 0.00574084
10687.7 0.00580579
10699.7 0.00587207
10711.7 0.00593972
10723.7 0.00600877
10735.7 0.00607929
10747.7 0.00615134
10759.8 0.00622503
10771.8 0.0063005
10783.8 0.00637677
10795.8 0.00645368
10807.8 0.00653272
10819.8 0.00661449
10831.8 0.0067003
10843.8 0.00678836
10855.9 0.00681969
10867.9 0.00684445
10879.9 0.0068662
10891.9 0.00687651
10903.9 0.00688289
10915.9 0.00688666
10927.9 0.0068875
10939.9 0.0068842
10952 0.00689025
10964 0.0069341
10976 0.00698163
10988 0.0070307
11000 0.00707993
11012 0.00712989
11024 0.00718033
11036 0.00723098
11048 0.00728138
11060.1 0.00733689
11072.1 0.00739828
11084.1 0.00746073
11096.1 0.00751918
11108.1 0.00757491
11120.1 0.00763105
11132.1 0.00768768
11144.1 0.00774495
11156.2 0.00780362
11168.2 0.00785089
11180.2 0.00789334
11192.2 0.00793456
11204.2 0.00797259
11216.2 0.00800966
11228.2 0.00804578
11240.2 0.0080808
11252.3 0.00811436
11264.3 0.00814615
11276.3 0.0081949
11288.3 0.00824509
11300.3 0.00829377
11312.3 0.00833929
11324.3 0.00838506
11336.3 0.00843097
11348.3 0.00847709
11360.4 0.00852377
11372.4 0.00856713
11384.4 0.008596
11396.4 0.00862272
11408.4 0.00864809
11420.4 0.00867208
11432.4 0.0086946
11444.4 0.00871559
11456.5 0.00873482
11468.5 0.00875171
11480.5 0.00877468
11492.5 0.00880713
11504.5 0.00883978
11516.5 0.00887259
11528.5 0.00890468
11540.5 0.00893589
11552.6 0.00896606
11564.6 0.00899492
11576.6 0.00902172
11588.6 0.00905743
11600.6 0.00909742
11612.6 0.00913725
11624.6 0.00917662
11636.6 0.00921565
11648.6 0.00925422
11660.7 0.00929226
11672.7 0.00932968
11684.7 0.00936627
11696.7 0.00940584
11708.7 0.00944549
11720.7 0.00948535
11732.7 0.00952507
11744.7 0.00956466
11756.8 0.00960429
11768.8 0.00964427
11780.8 0.0096853
11792.8 0.00972381
11804.8 0.00974126
11816.8 0.00975834
11828.8 0.00978215
11840.8 0.00980154
11852.9 0.00981786
11864.9 0.00983124
11876.9 0.00984148
11888.9 0.00984765
11900.9 0.00986059
11912.9 0.00988823
11924.9 0.00990856
11936.9 0.00992591
11948.9 0.00994544
11961 0.00996632
11973 0.00998844
11985 0.0100121
11997 0.0100385
12009 0.0100499
12021 0.0100512
12033 0.0100537
12045 0.0100552
12057.1 0.010056
12069.1 0.0100568
12081.1 0.0100583
12093.1 0.0100616
12105.1 0.0100709
12117.1 0.0100397
12129.1 0.0100063
12141.1 0.00997796
12153.2 0.00994162
12165.2 0.00990002
12177.2 0.00985372
12189.2 0.00980274
12201.2 0.00974639
12213.2 0.00968758
12225.2 0.00965349
12237.2 0.00961402
12249.2 0.00957445
12261.3 0.00953641
12273.3 0.00949892
12285.3 0.00946161
12297.3 0.00942433
12309.3 0.00938689
12321.3 0.00935329
12333.3 0.00932993
12345.3 0.00931779
12357.4 0.0093013
12369.4 0.00928231
12381.4 0.00926151
12393.4 0.00923913
12405.4 0.00921524
12417.4 0.00918958
12429.4 0.00916729
12441.4 0.00914839
12453.5 0.00912947
12465.5 0.00911029
12477.5 0.0090909
12489.5 0.00907144
12501.5 0.00905213
12513.5 0.00903341
12525.5 0.00901662
12537.5 0.00899062
12549.5 0.00896986
12561.6 0.00894492
12573.6 0.00891497
12585.6 0.00888107
12597.6 0.0088434
12609.6 0.00880167
12621.6 0.00875497
12633.6 0.00870344
12645.6 0.00866761
12657.7 0.00861772
12669.7 0.00857846
12681.7 0.00854414
12693.7 0.00851329
12705.7 0.0084855
12717.7 0.0084608
12729.7 0.00843983
12741.7 0.00842113
12753.8 0.00840841
12765.8 0.00839808
12777.8 0.00838145
12789.8 0.00836195
12801.8 0.00834067
12813.8 0.00831822
12825.8 0.00829521
12837.8 0.00827268
12849.8 0.00824128
12861.9 0.00820292
12873.9 0.00815997
12885.9 0.00811326
12897.9 0.00806345
12909.9 0.00801075
12921.9 0.00795516
12933.9 0.0078965
12945.9 0.00783444
12958 0.00776133
12970 0.00767714
12982 0.00759786
12994 0.00751932
13006 0.00744056
13018 0.00736106
13030 0.00728035
13042 0.00719767
13054.1 0.00711289
13066.1 0.0070417
13078.1 0.00697407
13090.1 0.0069107
13102.1 0.00684976
13114.1 0.00679072
13126.1 0.00673338
13138.1 0.00667777
13150.2 0.00662428
13162.2 0.00656983
13174.2 0.00650939
13186.2 0.00644535
13198.2 0.00637957
13210.2 0.00631274
13222.2 0.00624515
13234.2 0.0061769
13246.2 0.00610802
13258.3 0.0060384
13270.3 0.00597199
13282.3 0.00590921
13294.3 0.00584645
13306.3 0.00578357
13318.3 0.0057205
13330.3 0.00565714
13342.3 0.0055934
13354.4 0.00552907
13366.4 0.00546365
13378.4 0.00539949
13390.4 0.00533844
13402.4 0.00527918
13414.4 0.00522092
13426.4 0.00516342
13438.4 0.00510654
13450.5 0.00505021
13462.5 0.00499435
13474.5 0.00493941
13486.5 0.00490049
13498.5 0.00486104
13510.5 0.00482154
13522.5 0.00478211
13534.5 0.00474275
13546.5 0.00470341
13558.6 0.004664
13570.6 0.00462436
13582.6 0.00458052
13594.6 0.00452805
13606.6 0.00447832
13618.6 0.00442973
13630.6 0.00438203
13642.6 0.00433516
13654.7 0.0042891
13666.7 0.00424394
13678.7 0.00419999
13690.7 0.00414374
13702.7 0.00407376
13714.7 0.00400339
13726.7 0.00393298
13738.7 0.0038627
13750.8 0.00379265
13762.8 0.00372293
13774.8 0.00365369
13786.8 0.00358526
13798.8 0.00352253
13810.8 0.00345921
13822.8 0.00339522
13834.8 0.0033308
13846.8 0.00326601
13858.9 0.00320083
13870.9 0.00313515
13882.9 0.00306867
13894.9 0.00300004
13906.9 0.0029346
13918.9 0.00287238
13930.9 0.00281151
13942.9 0.00275164
13955 0.00269261
13967 0.00263435
13979 0.00257684
13991 0.00252015
14003 0.00246624
14015 0.00241695
14027 0.00236776
14039 0.00231881
14051.1 0.00227016
14063.1 0.00222182
14075.1 0.00217381
14087.1 0.00212617
14099.1 0.00207902
14111.1 0.00203615
14123.1 0.00199704
14135.1 0.0019579
14147.1 0.00191876
14159.2 0.00187959
14171.2 0.00184033
14183.2 0.00180085
14195.2 0.00176088
14207.2 0.00171899
14219.2 0.00168133
14231.2 0.001647
14243.2 0.00161392
14255.3 0.00158179
14267.3 0.00155049
14279.3 0.00151998
14291.3 0.00149026
14303.3 0.00146144
14315.3 0.00143392
14327.3 0.00138692
14339.3 0.00133897
14351.4 0.00129124
14363.4 0.00124386
14375.4 0.00119693
14387.4 0.00115056
14399.4 0.00110497
14411.4 0.00106075
14423.4 0.00101579
14435.4 0.000961896
14447.4 0.000907077
14459.5 0.000851701
14471.5 0.000795902
14483.5 0.000739723
14495.5 0.000683138
14507.5 0.000626005
14519.5 0.000567452
14531.5 0.000516235
14543.5 0.000473453
14555.6 0.000431245
14567.6 0.000389413
14579.6 0.000347855
14591.6 0.000306493
14603.6 0.000265249
14615.6 0.000223987
14627.6 0.000182541
14639.6 0.000145583
14651.7 0.000110731
14663.7 7.62009e-05
14675.7 4.19062e-05
14687.7 7.77863e-06
14699.7 -2.62596e-05
14711.7 -6.03332e-05
14723.7 -9.47947e-05
14735.7 -0.000128777
14747.7 -0.00015584
14759.8 -0.000181702
14771.8 -0.000207016
14783.8 -0.000231858
14795.8 -0.000256259
14807.8 -0.000280217
14819.8 -0.000303674
14831.8 -0.000326263
14843.8 -0.000349098
14855.9 -0.000368728
14867.9 -0.000388408
14879.9 -0.000408064
14891.9 -0.000427662
14903.9 -0.000447181
14915.9 -0.000466596
14927.9 -0.000485856
14939.9 -0.000504949
14952 -0.000526038
14964 -0.000549702
14976 -0.000573407
14988 -0.000597145
15000 -0.000620919
15012 -0.000644745
15024 -0.000668659
15036 -0.000692779
15048 -0.000716735
15060.1 -0.000744688
15072.1 -0.000775197
15084.1 -0.000805586
15096.1 -0.000835896
15108.1 -0.000866166
15120.1 -0.000896437
15132.1 -0.000926791
15144.1 -0.000957509
15156.2 -0.000987139
15168.2 -0.00101966
15180.2 -0.00105246
15192.2 -0.00108505
15204.2 -0.00111745
15216.2 -0.00114967
15228.2 -0.00118173
15240.2 -0.00121358
15252.3 -0.00124529
15264.3 -0.00127649
15276.3 -0.00129778
15288.3 -0.00131916
15300.3 -0.00134061
15312.3 -0.00136217
15324.3 -0.00138385
15336.3 -0.00140573
15348.3 -0.00142809
15360.4 -0.00144971
15372.4 -0.00146927
15384.4 -0.00148674
15396.4 -0.00150397
15408.4 -0.001521
15420.4 -0.00153784
15432.4 -0.0015545
15444.4 -0.00157094
15456.5 -0.00158701
15468.5 -0.00160384
15480.5 -0.00162013
15492.5 -0.0016359
15504.5 -0.00165171
15516.5 -0.00166753
15528.5 -0.00168337
15540.5 -0.00169923
15552.6 -0.00171515
15564.6 -0.00173104
15576.6 -0.0017465
15588.6 -0.00176093
15600.6 -0.00177502
15612.6 -0.00178901
15624.6 -0.00180291
15636.6 -0.00181671
15648.6 -0.00183042
15660.7 -0.00184407
15672.7 -0.00185746
15684.7 -0.00187059
15696.7 -0.00188433
15708.7 -0.00189788
15720.7 -0.00191121
15732.7 -0.0019243
15744.7 -0.00193707
15756.8 -0.00194943
15768.8 -0.00196113
15780.8 -0.00197389
15792.8 -0.00199109
15804.8 -0.00202143
15816.8 -0.00205201
15828.8 -0.00208267
15840.8 -0.00211333
15852.9 -0.00214395
15864.9 -0.00217449
15876.9 -0.00220503
15888.9 -0.00223584
15900.9 -0.00226595
15912.9 -0.00229527
15924.9 -0.00232453
15936.9 -0.00235373
15948.9 -0.0023829
15961 -0.00241206
15973 -0.00244131
15985 -0.00247027
15997 -0.00249925
16009 -0.0025159
16021 -0.00252719
16033 -0.0025379
16045 -0.00254812
16057.1 -0.00255787
16069.1 -0.00256716
16081.1 -0.00257595
16093.1 -0.00258354
16105.1 -0.00258978
16117.1 -0.00261285
16129.1 -0.00263666
16141.1 -0.00266034
16153.2 -0.00268378
16165.2 -0.00270691
16177.2 -0.00272959
16189.2 -0.00275239
16201.2 -0.00277609
16213.2 -0.00279877
16225.2 -0.00281626
16237.2 -0.00283323
16249.2 -0.00284979
16261.3 -0.00286594
16273.3 -0.00288168
16285.3 -0.00289696
16297.3 -0.00291204
16309.3 -0.00292683
16321.3 -0.00294048
16333.3 -0.0029525
16345.3 -0.00296396
16357.4 -0.00297489
16369.4 -0.00298527
16381.4 -0.00299509
16393.4 -0.00300427
16405.4 -0.00301234
16417.4 -0.00301928
16429.4 -0.00303324
16441.4 -0.00305169
16453.5 -0.00307014
16465.5 -0.00308843
16477.5 -0.00310654
16489.5 -0.00312444
16501.5 -0.00314248
16513.5 -0.00316101
16525.5 -0.00318043
16537.5 -0.00318458
16549.5 -0.0031855
16561.6 -0.00318534
16573.6 -0.00318424
16585.6 -0.00318223
16597.6 -0.00317922
16609.6 -0.00317608
16621.6 -0.00317205
16633.6 -0.00316797
16645.6 -0.00317364
16657.7 -0.00317964
16669.7 -0.00318554
16681.7 -0.00319121
16693.7 -0.0031966
16705.7 -0.00320166
16717.7 -0.00320622
16729.7 -0.0032104
16741.7 -0.00321443
16753.8 -0.00321864
16765.8 -0.00322257
16777.8 -0.00322621
16789.8 -0.00322958
16801.8 -0.0032327
16813.8 -0.00323536
16825.8 -0.00323758
16837.8 -0.00323957
16849.8 -0.00324077
16861.9 -0.0032412
16873.9 -0.00324134
16885.9 -0.00324122
16897.9 -0.00324087
16909.9 -0.00324028
16921.9 -0.00324071
16933.9 -0.0032413
16945.9 -0.00324232
16958 -0.00323875
16970 -0.00323343
16982 -0.00322763
16994 -0.00322147
17006 -0.00321501
17018 -0.00320834
17030 -0.00320159
17042 -0.00319458
17054.1 -0.00318735
17066.1 -0.00318262
17078.1 -0.00317821
17090.1 -0.00317403
17102.1 -0.00317011
17114.1 -0.00316654
17126.1 -0.00316324
17138.1 -0.00316058
17150.2 -0.0031593
17162.2 -0.00315479
17174.2 -0.00313372
17186.2 -0.00311059
17198.2 -0.00308628
17210.2 -0.00306112
17222.2 -0.00303527
17234.2 -0.00300877
17246.2 -0.00298186
17258.3 -0.00295479
17270.3 -0.00292491
17282.3 -0.00289101
17294.3 -0.00285594
17306.3 -0.00281985
17318.3 -0.00278273
17330.3 -0.00274481
17342.3 -0.00270596
17354.4 -0.0026653
17366.4 -0.0026213
17378.4 -0.00259249
17390.4 -0.00257203
17402.4 -0.00255295
17414.4 -0.00253467
17426.4 -0.00251694
17438.4 -0.00249949
17450.5 -0.00248237
17462.5 -0.00246563
17474.5 -0.0024494
17486.5 -0.00243095
17498.5 -0.0024122
17510.5 -0.00239333
17522.5 -0.00237438
17534.5 -0.0023553
17546.5 -0.00233591
17558.6 -0.00231634
17570.6 -0.00229638
17582.6 -0.00227677
17594.6 -0.00226171
17606.6 -0.00224741
17618.6 -0.00223358
17630.6 -0.00222014
17642.6 -0.00220712
17654.7 -0.00219455
17666.7 -0.00218236
17678.7 -0.00217067
17690.7 -0.00215867
17702.7 -0.00214552
17714.7 -0.00213248
17726.7 -0.00211968
17738.7 -0.00210722
17750.8 -0.00209551
17762.8 -0.0020845
17774.8 -0.00207451
17786.8 -0.00206674
17798.8 -0.00204916
17810.8 -0.00202314
17822.8 -0.00199519
17834.8 -0.0019658
17846.8 -0.00193502
17858.9 -0.00190262
17870.9 -0.00186874
17882.9 -0.00183282
17894.9 -0.00179224
17906.9 -0.00177089
17918.9 -0.0017535
17930.9 -0.00173758
17942.9 -0.00172259
17955 -0.00170823
17967 -0.00169439
17979 -0.00168104
17991 -0.00166814
18003 -0.00165562
18015 -0.00164272
18027 -0.00163
18039 -0.0016175
18051.1 -0.00160524
18063.1 -0.00159338
18075.1 -0.0015818
18087.1 -0.00157056
18099.1 -0.00155981
18111.1 -0.00154847
18123.1 -0.00153449
18135.1 -0.00152009
18147.1 -0.00150542
18159.2 -0.00149049
18171.2 -0.00147516
18183.2 -0.00145953
18195.2 -0.00144344
18207.2 -0.00142641
18219.2 -0.00141255
18231.2 -0.00140238
18243.2 -0.00139295
18255.3 -0.001384
18267.3 -0.00137527
18279.3 -0.00136669
18291.3 -0.00135832
18303.3 -0.00135005
18315.3 -0.00134151
18327.3 -0.00133571
18339.3 -0.00133109
18351.4 -0.00132706
18363.4 -0.00132355
18375.4 -0.00132047
18387.4 -0.00131786
18399.4 -0.00131574
18411.4 -0.00131419
18423.4 -0.00131322
18435.4 -0.00131089
18447.4 -0.00130863
18459.5 -0.00130661
18471.5 -0.00130492
18483.5 -0.00130367
18495.5 -0.00130286
18507.5 -0.00130257
18519.5 -0.00130302
18531.5 -0.0013033
18543.5 -0.00130063
18555.6 -0.00129773
18567.6 -0.00129487
18579.6 -0.00129209
18591.6 -0.00128951
18603.6 -0.00128733
18615.6 -0.00128574
18627.6 -0.00128528
18639.6 -0.001282
18651.7 -0.00127419
18663.7 -0.00126562
18675.7 -0.0012566
18687.7 -0.00124719
18699.7 -0.0012376
18711.7 -0.00122793
18723.7 -0.00121831
18735.7 -0.00120913
18747.7 -0.00119714
18759.8 -0.00118365
18771.8 -0.00116958
18783.8 -0.00115502
18795.8 -0.00113999
18807.8 -0.00112446
18819.8 -0.00110834
18831.8 -0.00109138
18843.8 -0.00107317
18855.9 -0.00106159
18867.9 -0.00105123
18879.9 -0.0010414
18891.9 -0.00103193
18903.9 -0.00102272
18915.9 -0.00101371
18927.9 -0.00100487
18939.9 -0.000996161
18952 -0.000987576
18964 -0.000979099
18976 -0.00097072
18988 -0.000962424
19000 -0.000954056
