7000 0.000510694
7012.01 0.000521821
7024.02 0.000533223
7036.04 0.000545044
7048.05 0.000556795
7060.06 0.000568609
7072.07 0.000580592
7084.08 0.000592779
7096.1 0.000605195
7108.11 0.000617863
7120.12 0.000630813
7132.13 0.000644091
7144.14 0.000657748
7156.16 0.000671353
7168.17 0.000685136
7180.18 0.000699152
7192.19 0.000713432
7204.2 0.000727998
7216.22 0.000742876
7228.23 0.0007581
7240.24 0.000773754
7252.25 0.000789665
7264.26 0.000805556
7276.28 0.000821668
7288.29 0.000838043
7300.3 0.000854702
7312.31 0.000871658
7324.32 0.000888916
7336.34 0.000906469
7348.35 0.000924237
7360.36 0.000942652
7372.37 0.000961588
7384.38 0.000980997
7396.4 0.00100088
7408.41 0.00102126
7420.42 0.00104215
7432.43 0.00106361
7444.44 0.00108576
7456.46 0.00110862
7468.47 0.00113086
7480.48 0.00115289
7492.49 0.0011748
7504.5 0.00119692
7516.52 0.00121928
7528.53 0.00124186
7540.54 0.00126462
7552.55 0.0012874
7564.56 0.00131055
7576.58 0.00133414
7588.59 0.00136502
7600.6 0.00139939
7612.61 0.00143473
7624.62 0.00147086
7636.64 0.00150768
7648.65 0.001545
7660.66 0.00158222
7672.67 0.00162328
7684.68 0.0016669
7696.7 0.00169947
7708.71 0.0017321
7720.72 0.00176537
7732.73 0.00179945
7744.74 0.00183451
7756.76 0.00187091
7768.77 0.00190812
7780.78 0.00194222
7792.79 0.00197678
7804.8 0.00201518
7816.82 0.00205401
7828.83 0.00209318
7840.84 0.00213265
7852.85 0.00217238
7864.86 0.00221217
7876.88 0.00225289
7888.89 0.00229467
7900.9 0.00233711
7912.91 0.00238017
7924.92 0.00242367
7936.94 0.00246754
7948.95 0.00251173
7960.96 0.00255615
7972.97 0.00260066
7984.98 0.00264669
7997 0.00269357
8009.01 0.00273638
8021.02 0.0027771
8033.03 0.00281769
8045.05 0.00285819
8057.06 0.00289855
8069.07 0.00293868
8081.08 0.00297888
8093.09 0.00301985
8105.11 0.0030613
8117.12 0.00309376
8129.13 0.00312491
8141.14 0.00315524
8153.15 0.00318473
8165.17 0.00321331
8177.18 0.00324087
8189.19 0.00326736
8201.2 0.00329242
8213.21 0.00331956
8225.23 0.00336441
8237.24 0.00340952
8249.25 0.00345424
8261.26 0.00349833
8273.27 0.00354164
8285.29 0.00358408
8297.3 0.0036259
8309.31 0.00366692
8321.32 0.00370343
8333.33 0.00373317
8345.35 0.00376121
8357.36 0.00378763
8369.37 0.0038124
8381.38 0.00383548
8393.39 0.00385701
8405.41 0.003877
8417.42 0.00389487
8429.43 0.00392274
8441.44 0.00395611
8453.45 0.00398861
8465.47 0.00402003
8477.48 0.00405031
8489.49 0.00407939
8501.5 0.0041077
8513.51 0.00413505
8525.53 0.00416159
8537.54 0.00418006
8549.55 0.00419637
8561.56 0.00421141
8573.57 0.00422528
8585.59 0.00423808
8597.6 0.00425004
8609.61 0.00426177
8621.62 0.00427302
8633.63 0.00428054
8645.65 0.00426486
8657.66 0.00424723
8669.67 0.00422825
8681.68 0.00420816
8693.69 0.00418709
8705.71 0.00416531
8717.72 0.00414292
8729.73 0.00412001
8741.74 0.0040926
8753.75 0.00405758
8765.77 0.00402166
8777.78 0.00398503
8789.79 0.00394778
8801.8 0.00390996
8813.81 0.00387152
8825.83 0.00383248
8837.84 0.00379258
8849.85 0.00377056
8861.86 0.00376067
8873.87 0.00375135
8885.89 0.0037424
8897.9 0.00373376
8909.91 0.00372534
8921.92 0.003717
8933.93 0.00370891
8945.95 0.00370109
8957.96 0.00369355
8969.97 0.00368631
8981.98 0.00367937
8993.99 0.00367275
9006.01 0.00366646
9018.02 0.00366035
9030.03 0.00365446
9042.04 0.00364892
9054.05 0.00364372
9066.07 0.00363889
9078.08 0.00363443
9090.09 0.00363034
9102.1 0.00362663
9114.11 0.00362331
9126.13 0.00362033
9138.14 0.00361774
9150.15 0.00361554
9162.16 0.00361374
9174.17 0.00361233
9186.19 0.00361132
9198.2 0.00361071
9210.21 0.00361052
9222.22 0.00361053
9234.23 0.00361047
9246.25 0.00361077
9258.26 0.00361144
9270.27 0.00361249
9282.28 0.00361391
9294.29 0.00361571
9306.31 0.00361791
9318.32 0.00362051
9330.33 0.00362275
9342.34 0.0036249
9354.35 0.00362738
9366.37 0.00363018
9378.38 0.00363332
9390.39 0.00363679
9402.4 0.00364062
9414.41 0.0036448
9426.43 0.00364934
9438.44 0.00365255
9450.45 0.00365597
9462.46 0.00365964
9474.47 0.00366359
9486.49 0.00366783
9498.5 0.00367235
9510.51 0.00367716
9522.52 0.0036823
9534.53 0.00368722
9546.55 0.00369137
9558.56 0.00369573
9570.57 0.0037003
9582.58 0.00370512
9594.59 0.00371017
9606.61 0.00371547
9618.62 0.00372101
9630.63 0.00372684
9642.64 0.00373215
9654.65 0.00373732
9666.67 0.00374267
9678.68 0.00374823
9690.69 0.00375398
9702.7 0.00375995
9714.71 0.00376613
9726.73 0.00377254
9738.74 0.00377913
9750.75 0.00378519
9762.76 0.0037914
9774.77 0.00379778
9786.79 0.00380434
9798.8 0.00381108
9810.81 0.00381801
9822.82 0.00382512
9834.83 0.00383244
9846.85 0.00383974
9858.86 0.00384686
9870.87 0.00385413
9882.88 0.00386155
9894.89 0.00386914
9906.91 0.00387689
9918.92 0.00388481
9930.93 0.0038929
9942.94 0.00390121
9954.95 0.00390891
9966.97 0.00391639
9978.98 0.00392396
9990.99 0.00393162
10003 0.00393936
10015 0.00394718
10027 0.00395504
10039 0.0039629
10051.1 0.00397089
10063.1 0.0039815
10075.1 0.00399245
10087.1 0.00400361
10099.1 0.00401495
10111.1 0.00402645
10123.1 0.00403807
10135.1 0.00404978
10147.1 0.00406153
10159.2 0.00407402
10171.2 0.00408783
10183.2 0.0041019
10195.2 0.00411615
10207.2 0.00413055
10219.2 0.00414506
10231.2 0.00415964
10243.2 0.0041742
10255.3 0.00418848
10267.3 0.00420607
10279.3 0.00422535
10291.3 0.00424506
10303.3 0.00426511
10315.3 0.00428543
10327.3 0.00430594
10339.3 0.00432656
10351.4 0.0043471
10363.4 0.00436783
10375.4 0.00439511
10387.4 0.0044236
10399.4 0.00445292
10411.4 0.00448294
10423.4 0.00451361
10435.4 0.00454488
10447.4 0.00457672
10459.5 0.00460902
10471.5 0.00464264
10483.5 0.00467834
10495.5 0.00471492
10507.5 0.0047523
10519.5 0.00479046
10531.5 0.00482939
10543.5 0.00486909
10555.6 0.00490955
10567.6 0.00495074
10579.6 0.00499321
10591.6 0.0050367
10603.6 0.00508109
10615.6 0.00512637
10627.6 0.00517255
10639.6 0.00521965
10651.7 0.00526768
10663.7 0.00531666
10675.7 0.00536662
10687.7 0.00541766
10699.7 0.00546974
10711.7 0.0055229
10723.7 0.00557718
10735.7 0.00563264
10747.7 0.00568934
10759.8 0.00574737
10771.8 0.00580689
10783.8 0.00586699
10795.8 0.00592744
10807.8 0.00598963
10819.8 0.0060541
10831.8 0.00612198
10843.8 0.00619177
10855.9 0.00621274
10867.9 0.00622809
10879.9 0.00624099
10891.9 0.00624351
10903.9 0.00624219
10915.9 0.00623838
10927.9 0.00623182
10939.9 0.00622131
10952 0.00622002
10964 0.00625566
10976 0.00629502
10988 0.00633611
11000 0.00637752
11012 0.00641981
11024 0.00646279
11036 0.00650626
11048 0.00654994
11060.1 0.00659701
11072.1 0.00664795
11084.1 0.00669996
11096.1 0.00674863
11108.1 0.0067944
11120.1 0.00684043
11132.1 0.00688681
11144.1 0.00693364
11156.2 0.00698124
11168.2 0.00702394
11180.2 0.00706465
11192.2 0.00710502
11204.2 0.00714302
11216.2 0.00718051
11228.2 0.00721758
11240.2 0.00725411
11252.3 0.00728978
11264.3 0.00732435
11276.3 0.00737494
11288.3 0.00742745
11300.3 0.00747943
11312.3 0.00752864
11324.3 0.00757844
11336.3 0.00762886
11348.3 0.00768008
11360.4 0.00773261
11372.4 0.00778139
11384.4 0.00781183
11396.4 0.00784011
11408.4 0.00786727
11420.4 0.00789342
11432.4 0.00791851
11444.4 0.00794249
11456.5 0.00796521
11468.5 0.00798614
11480.5 0.00801301
11492.5 0.00804896
11504.5 0.00808546
11516.5 0.00812256
11528.5 0.00815945
11540.5 0.008196
11552.6 0.00823206
11564.6 0.0082674
11576.6 0.00830141
11588.6 0.0083431
11600.6 0.00838867
11612.6 0.00843444
11624.6 0.00848009
11636.6 0.00852573
11648.6 0.00857125
11660.7 0.00861654
11672.7 0.00866141
11684.7 0.00870534
11696.7 0.00875785
11708.7 0.00881159
11720.7 0.00886629
11732.7 0.00892159
11744.7 0.00897744
11756.8 0.00903396
11768.8 0.00909146
11780.8 0.00915067
11792.8 0.00920751
11804.8 0.00924129
11816.8 0.00927398
11828.8 0.00931432
11840.8 0.00935184
11852.9 0.00938737
11864.9 0.00942101
11876.9 0.00945258
11888.9 0.00948139
11900.9 0.00951594
11912.9 0.00956256
11924.9 0.00960327
11936.9 0.00963968
11948.9 0.00967785
11961 0.00971732
11973 0.00975815
11985 0.0098008
11997 0.0098469
12009 0.00987303
12021 0.0098854
12033 0.00989842
12045 0.0099103
12057.1 0.00992135
12069.1 0.00993213
12081.1 0.00994328
12093.1 0.0099558
12105.1 0.00997348
12117.1 0.0099538
12129.1 0.00993112
12141.1 0.00991502
12153.2 0.00989237
12165.2 0.00986518
12177.2 0.0098339
12189.2 0.00979851
12201.2 0.00975848
12213.2 0.00971603
12225.2 0.00969205
12237.2 0.00966247
12249.2 0.00963093
12261.3 0.00959988
12273.3 0.0095685
12285.3 0.00953642
12297.3 0.00950331
12309.3 0.00946853
12321.3 0.00944003
12333.3 0.00942917
12345.3 0.00943003
12357.4 0.00942859
12369.4 0.00942534
12381.4 0.00942069
12393.4 0.00941473
12405.4 0.00940743
12417.4 0.00939846
12429.4 0.00939279
12441.4 0.00939036
12453.5 0.00938786
12465.5 0.00938499
12477.5 0.00938176
12489.5 0.00937824
12501.5 0.00937459
12513.5 0.00937116
12525.5 0.00936907
12537.5 0.00935827
12549.5 0.00935214
12561.6 0.00934368
12573.6 0.0093307
12585.6 0.00931397
12597.6 0.00929349
12609.6 0.00926883
12621.6 0.00923878
12633.6 0.00920424
12645.6 0.0092
12657.7 0.00918274
12669.7 0.00917391
12681.7 0.00916956
12693.7 0.00916842
12705.7 0.00917008
12717.7 0.00917458
12729.7 0.0091825
12741.7 0.00919178
12753.8 0.00920457
12765.8 0.00922295
12777.8 0.00923632
12789.8 0.00924755
12801.8 0.00925758
12813.8 0.00926707
12825.8 0.00927671
12837.8 0.00928805
12849.8 0.00928374
12861.9 0.00926518
12873.9 0.00924194
12885.9 0.00921464
12897.9 0.00918405
12909.9 0.00915046
12921.9 0.00911405
12933.9 0.00907492
12945.9 0.00903366
12958 0.00896865
12970 0.00888619
12982 0.00880601
12994 0.00872506
13006 0.00864264
13018 0.0085583
13030 0.00847156
13042 0.00838152
13054.1 0.00828852
13066.1 0.00822257
13078.1 0.00815963
13090.1 0.00810071
13102.1 0.00804392
13114.1 0.00798866
13126.1 0.00793468
13138.1 0.00788194
13150.2 0.00783066
13162.2 0.00777935
13174.2 0.00772652
13186.2 0.00767086
13198.2 0.00761351
13210.2 0.00755505
13222.2 0.00749567
13234.2 0.00743546
13246.2 0.00737442
13258.3 0.00731238
13270.3 0.0072539
13282.3 0.00719944
13294.3 0.00714483
13306.3 0.0070899
13318.3 0.00703452
13330.3 0.00697859
13342.3 0.00692194
13354.4 0.0068643
13366.4 0.00680486
13378.4 0.00675422
13390.4 0.00670865
13402.4 0.00666494
13414.4 0.00662223
13426.4 0.00658018
13438.4 0.0065386
13450.5 0.00649734
13462.5 0.00645616
13474.5 0.00641563
13486.5 0.00640508
13498.5 0.00639532
13510.5 0.00638603
13522.5 0.00637718
13534.5 0.0063687
13546.5 0.00636053
13558.6 0.00635264
13570.6 0.006345
13582.6 0.00632949
13594.6 0.00629205
13606.6 0.00625649
13618.6 0.00622168
13630.6 0.00618751
13642.6 0.006154
13654.7 0.00612124
13666.7 0.00608944
13678.7 0.00605918
13690.7 0.00600622
13702.7 0.00592811
13714.7 0.00584879
13726.7 0.00576888
13738.7 0.00568867
13750.8 0.00560832
13762.8 0.00552799
13774.8 0.00544783
13786.8 0.00536819
13798.8 0.00529677
13810.8 0.0052256
13822.8 0.0051536
13834.8 0.005081
13846.8 0.00500787
13858.9 0.00493418
13870.9 0.00485982
13882.9 0.00478447
13894.9 0.00470671
13906.9 0.00463226
13918.9 0.00456107
13930.9 0.0044912
13942.9 0.00442228
13955 0.00435415
13967 0.00428673
13979 0.00421999
13991 0.00415396
14003 0.00409237
14015 0.00404118
14027 0.00399018
14039 0.00393946
14051.1 0.00388904
14063.1 0.00383892
14075.1 0.00378913
14087.1 0.00373968
14099.1 0.00369066
14111.1 0.00364898
14123.1 0.00361455
14135.1 0.00358015
14147.1 0.00354577
14159.2 0.00351135
14171.2 0.00347683
14183.2 0.00344206
14195.2 0.00340671
14207.2 0.00336924
14219.2 0.003341
14231.2 0.00331861
14243.2 0.00329757
14255.3 0.00327757
14267.3 0.00325845
14279.3 0.00324017
14291.3 0.00322272
14303.3 0.00320625
14315.3 0.00319128
14327.3 0.00315381
14339.3 0.00311521
14351.4 0.00307685
14363.4 0.00303885
14375.4 0.00300134
14387.4 0.00296444
14399.4 0.00292841
14411.4 0.00289395
14423.4 0.00285596
14435.4 0.00279338
14447.4 0.00272962
14459.5 0.00266517
14471.5 0.0026002
14483.5 0.00253475
14495.5 0.00246883
14507.5 0.00240225
14519.5 0.00233401
14531.5 0.00227081
14543.5 0.00221366
14555.6 0.00215717
14567.6 0.00210111
14579.6 0.00204538
14591.6 0.0019899
14603.6 0.00193458
14615.6 0.00187927
14627.6 0.00182368
14639.6 0.0017765
14651.7 0.00173344
14663.7 0.0016908
14675.7 0.00164846
14687.7 0.00160635
14699.7 0.00156438
14711.7 0.00152241
14723.7 0.00148003
14735.7 0.00143783
14747.7 0.00140373
14759.8 0.00137108
14771.8 0.00133913
14783.8 0.00130777
14795.8 0.00127699
14807.8 0.00124678
14819.8 0.00121721
14831.8 0.00118875
14843.8 0.00116085
14855.9 0.00113961
14867.9 0.00111834
14879.9 0.00109714
14891.9 0.00107605
14903.9 0.00105511
14915.9 0.00103433
14927.9 0.00101379
14939.9 0.000993571
14952 0.0009763
14964 0.000964349
14976 0.000952326
14988 0.000940254
15000 0.000928131
15012 0.000915941
15024 0.000903638
15036 0.000891077
15048 0.00087852
15060.1 0.00085445
15072.1 0.00082334
15084.1 0.000792423
15096.1 0.000761639
15108.1 0.00073094
15120.1 0.00070027
15132.1 0.000669526
15144.1 0.000638307
15156.2 0.000608138
15168.2 0.000561469
15180.2 0.000512392
15192.2 0.000463685
15204.2 0.000415301
15216.2 0.000367215
15228.2 0.000319423
15240.2 0.000271965
15252.3 0.000224845
15264.3 0.000178657
15276.3 0.000146425
15288.3 0.000114134
15300.3 8.17908e-05
15312.3 4.93768e-05
15324.3 1.68467e-05
15336.3 -1.59e-05
15348.3 -4.92125e-05
15360.4 -8.20254e-05
15372.4 -0.00011407
15384.4 -0.000147111
15396.4 -0.000179798
15408.4 -0.000212195
15420.4 -0.000244334
15432.4 -0.000276224
15444.4 -0.00030783
15456.5 -0.000338937
15468.5 -0.000370847
15480.5 -0.000393307
15492.5 -0.000408166
15504.5 -0.000423062
15516.5 -0.000438
15528.5 -0.000452985
15540.5 -0.000468032
15552.6 -0.000483188
15564.6 -0.000498426
15576.6 -0.000513233
15588.6 -0.000528089
15600.6 -0.000542916
15612.6 -0.000557689
15624.6 -0.000572419
15636.6 -0.000587116
15648.6 -0.000601793
15660.7 -0.000616497
15672.7 -0.00063106
15684.7 -0.000645329
15696.7 -0.00065707
15708.7 -0.000668632
15720.7 -0.000680019
15732.7 -0.000691199
15744.7 -0.00070211
15756.8 -0.000712617
15768.8 -0.000722317
15780.8 -0.000733136
15792.8 -0.00074929
15804.8 -0.000780795
15816.8 -0.000812741
15828.8 -0.000844939
15840.8 -0.000877316
15852.9 -0.000909828
15864.9 -0.000942422
15876.9 -0.000975153
15888.9 -0.00100843
15900.9 -0.00103912
15912.9 -0.0010669
15924.9 -0.00109473
15936.9 -0.00112264
15948.9 -0.00115064
15961 -0.00117876
15973 -0.00120712
15985 -0.0012353
15997 -0.0012633
16009 -0.00128844
16021 -0.00131235
16033 -0.00133616
16045 -0.00135988
16057.1 -0.00138355
16069.1 -0.00140719
16081.1 -0.00143088
16093.1 -0.00145389
16105.1 -0.00147647
16117.1 -0.00150216
16129.1 -0.00152789
16141.1 -0.00155349
16153.2 -0.00157895
16165.2 -0.00160419
16177.2 -0.0016291
16189.2 -0.00165407
16201.2 -0.00168036
16213.2 -0.00170552
16225.2 -0.00172356
16237.2 -0.00174123
16249.2 -0.00175867
16261.3 -0.00177589
16273.3 -0.0017929
16285.3 -0.00180966
16297.3 -0.00182642
16309.3 -0.00184321
16321.3 -0.0018579
16333.3 -0.00186924
16345.3 -0.00188007
16357.4 -0.00189046
16369.4 -0.00190041
16381.4 -0.0019099
16393.4 -0.00191891
16405.4 -0.00192685
16417.4 -0.00193368
16429.4 -0.00194782
16441.4 -0.00196666
16453.5 -0.00198551
16465.5 -0.0020042
16477.5 -0.00202265
16489.5 -0.00204078
16501.5 -0.00205882
16513.5 -0.00207721
16525.5 -0.002096
16537.5 -0.00210592
16549.5 -0.00211381
16561.6 -0.00212085
16573.6 -0.00212708
16585.6 -0.00213248
16597.6 -0.00213685
16609.6 -0.00214104
16621.6 -0.00214456
16633.6 -0.00214801
16645.6 -0.00215992
16657.7 -0.00217203
16669.7 -0.00218393
16681.7 -0.00219549
16693.7 -0.00220665
16705.7 -0.00221735
16717.7 -0.00222732
16729.7 -0.00223656
16741.7 -0.0022465
16753.8 -0.00225904
16765.8 -0.00227139
16777.8 -0.00228342
16789.8 -0.00229509
16801.8 -0.00230642
16813.8 -0.00231722
16825.8 -0.00232732
16837.8 -0.00233695
16849.8 -0.00234597
16861.9 -0.00235441
16873.9 -0.00236236
16885.9 -0.00236983
16897.9 -0.00237681
16909.9 -0.00238312
16921.9 -0.00239015
16933.9 -0.00239727
16945.9 -0.0024046
16958 -0.00240765
16970 -0.00240892
16982 -0.00240953
16994 -0.00240957
17006 -0.00240905
17018 -0.00240802
17030 -0.00240671
17042 -0.00240492
17054.1 -0.00240264
17066.1 -0.00240242
17078.1 -0.00240221
17090.1 -0.00240189
17102.1 -0.00240149
17114.1 -0.00240107
17126.1 -0.00240053
17138.1 -0.00240001
17150.2 -0.00240004
17162.2 -0.00239776
17174.2 -0.00238489
17186.2 -0.00237045
17198.2 -0.00235499
17210.2 -0.00233871
17222.2 -0.00232171
17234.2 -0.00230394
17246.2 -0.00228553
17258.3 -0.00226655
17270.3 -0.00224661
17282.3 -0.00222553
17294.3 -0.00220372
17306.3 -0.00218117
17318.3 -0.00215781
17330.3 -0.00213373
17342.3 -0.00210924
17354.4 -0.00208357
17366.4 -0.00205557
17378.4 -0.00203825
17390.4 -0.00202681
17402.4 -0.00201638
17414.4 -0.00200659
17426.4 -0.00199729
17438.4 -0.00198832
17450.5 -0.00197972
17462.5 -0.00197173
17474.5 -0.00196493
17486.5 -0.00195069
17498.5 -0.00193521
17510.5 -0.00191914
17522.5 -0.00190264
17534.5 -0.00188576
17546.5 -0.00186826
17558.6 -0.00185023
17570.6 -0.00183143
17582.6 -0.00181297
17594.6 -0.00180131
17606.6 -0.00179067
17618.6 -0.00178061
17630.6 -0.00177101
17642.6 -0.00176188
17654.7 -0.00175334
17666.7 -0.00174539
17678.7 -0.0017383
17690.7 -0.00172972
17702.7 -0.0017172
17714.7 -0.00170426
17726.7 -0.00169118
17738.7 -0.00167806
17750.8 -0.00166527
17762.8 -0.00165286
17774.8 -0.00164092
17786.8 -0.0016301
17798.8 -0.00161411
17810.8 -0.00159368
17822.8 -0.0015722
17834.8 -0.00154993
17846.8 -0.00152694
17858.9 -0.00150285
17870.9 -0.0014778
17882.9 -0.00145144
17894.9 -0.00142199
17906.9 -0.00140587
17918.9 -0.0013926
17930.9 -0.00138048
17942.9 -0.00136919
17955 -0.00135854
17967 -0.00134847
17979 -0.00133906
17991 -0.00133053
18003 -0.0013225
18015 -0.00130868
18027 -0.00129399
18039 -0.00127887
18051.1 -0.00126341
18063.1 -0.00124775
18075.1 -0.00123177
18087.1 -0.00121529
18099.1 -0.0011978
18111.1 -0.00118232
18123.1 -0.00117455
18135.1 -0.00116828
18147.1 -0.00116303
18159.2 -0.00115867
18171.2 -0.00115501
18183.2 -0.00115223
18195.2 -0.00115052
18207.2 -0.00115051
18219.2 -0.00114667
18231.2 -0.00113828
18243.2 -0.00112931
18255.3 -0.00112012
18267.3 -0.00111074
18279.3 -0.00110118
18291.3 -0.00109164
18303.3 -0.00108218
18315.3 -0.00107284
18327.3 -0.00106362
18339.3 -0.00105459
18351.4 -0.00104581
18363.4 -0.00103733
18375.4 -0.00102921
18387.4 -0.00102159
18399.4 -0.0010147
18411.4 -0.00100904
18423.4 -0.00100481
18435.4 -0.000987868
18447.4 -0.000968449
18459.5 -0.000947679
18471.5 -0.000925864
18483.5 -0.000903169
18495.5 -0.000879519
18507.5 -0.000854769
18519.5 -0.00082844
18531.5 -0.000802988
18543.5 -0.00078558
18555.6 -0.000769333
18567.6 -0.00075366
18579.6 -0.000738315
18591.6 -0.00072317
18603.6 -0.000708234
18615.6 -0.00069351
18627.6 -0.000679118
18639.6 -0.000663765
18651.7 -0.000646874
18663.7 -0.00062957
18675.7 -0.000611903
18687.7 -0.00059376
18699.7 -0.000575074
18711.7 -0.000555672
18723.7 -0.00053514
18735.7 -0.000511854
18747.7 -0.000499806
18759.8 -0.00049339
18771.8 -0.000488682
18783.8 -0.000485219
18795.8 -0.000482838
18807.8 -0.000481495
18819.8 -0.000481262
18831.8 -0.000482433
18843.8 -0.000485536
18855.9 -0.00047992
18867.9 -0.000472883
18879.9 -0.000465331
18891.9 -0.000457517
18903.9 -0.000449572
18915.9 -0.000441548
18927.9 -0.000433484
18939.9 -0.000425409
18952 -0.000417343
18964 -0.000409302
18976 -0.000401302
18988 -0.000393374
19000 -0.000385413
