7000 -22.6611
7012.01 -22.734
7024.02 -22.8152
7036.04 -22.9062
7048.05 -23.0088
7060.06 -23.1249
7072.07 -23.2568
7084.08 -23.407
7096.1 -23.5782
7108.11 -23.7737
7120.12 -23.9967
7132.13 -24.2511
7144.14 -24.5408
7156.16 -24.8704
7168.17 -25.2443
7180.18 -25.6673
7192.19 -26.1442
7204.2 -26.6799
7216.22 -27.2789
7228.23 -27.9454
7240.24 -28.6828
7252.25 -29.4937
7264.26 -30.3795
7276.28 -31.34
7288.29 -32.3736
7300.3 -33.4763
7312.31 -34.6426
7324.32 -35.8647
7336.34 -37.1329
7348.35 -38.4361
7360.36 -39.7618
7372.37 -41.0969
7384.38 -42.4279
7396.4 -43.742
7408.41 -45.0271
7420.42 -46.2725
7432.43 -47.4692
7444.44 -48.6103
7456.46 -49.6907
7468.47 -50.7075
7480.48 -51.6595
7492.49 -52.5473
7504.5 -53.3731
7516.52 -54.1402
7528.53 -54.8533
7540.54 -55.5183
7552.55 -56.1427
7564.56 -56.7377
7576.58 -57.3304
7588.59 -57.9276
7600.6 -58.4064
7612.61 -58.8221
7624.62 -59.1872
7636.64 -59.5076
7648.65 -59.7862
7660.66 -60.0221
7672.67 -60.2081
7684.68 -60.2886
7696.7 -60.3772
7708.71 -60.5317
7720.72 -60.7114
7732.73 -60.9091
7744.74 -61.1235
7756.76 -61.3569
7768.77 -61.6158
7780.78 -61.9182
7792.79 -62.3559
7804.8 -62.6807
7816.82 -62.9194
7828.83 -63.1042
7840.84 -63.2422
7852.85 -63.333
7864.86 -63.3699
7876.88 -63.3366
7888.89 -63.1858
7900.9 -62.7824
7912.91 -62.6261
7924.92 -62.5762
7936.94 -62.5876
7948.95 -62.6443
7960.96 -62.7403
7972.97 -62.876
7984.98 -63.0616
7997 -63.3434
8009.01 -63.7464
8021.02 -63.9333
8033.03 -64.0271
8045.05 -64.0472
8057.06 -63.9965
8069.07 -63.8699
8081.08 -63.6536
8093.09 -63.3152
8105.11 -62.7034
8117.12 -62.0443
8129.13 -61.6412
8141.14 -61.3254
8153.15 -61.0687
8165.17 -60.8659
8177.18 -60.726
8189.19 -60.6777
8201.2 -60.7999
8213.21 -61.5173
8225.23 -61.7584
8237.24 -61.5782
8249.25 -61.1508
8261.26 -60.5263
8273.27 -59.7249
8285.29 -58.7497
8297.3 -57.5847
8309.31 -56.161
8321.32 -54.2206
8333.33 -52.6803
8345.35 -51.32
8357.36 -50.0605
8369.37 -48.88
8381.38 -47.7731
8393.39 -46.7426
8405.41 -45.7995
8417.42 -44.9761
8429.43 -44.3077
8441.44 -43.5736
8453.45 -42.8577
8465.47 -42.1799
8477.48 -41.549
8489.49 -40.9698
8501.5 -40.4453
8513.51 -39.9767
8525.53 -39.5646
8537.54 -39.2087
8549.55 -38.9078
8561.56 -38.6607
8573.57 -38.4654
8585.59 -38.3199
8597.6 -38.2219
8609.61 -38.1689
8621.62 -38.1584
8633.63 -38.1878
8645.65 -38.2547
8657.66 -38.3564
8669.67 -38.4905
8681.68 -38.6548
8693.69 -38.8468
8705.71 -39.0645
8717.72 -39.3059
8729.73 -39.569
8741.74 -39.852
8753.75 -40.1533
8765.77 -40.4713
8777.78 -40.8046
8789.79 -41.1518
8801.8 -41.5117
8813.81 -41.8832
8825.83 -42.2653
8837.84 -42.657
8849.85 -43.0574
8861.86 -43.4659
8873.87 -43.8815
8885.89 -44.3038
8897.9 -44.7321
8909.91 -45.1659
8921.92 -45.6046
8933.93 -46.048
8945.95 -46.4955
8957.96 -46.9468
8969.97 -47.4017
8981.98 -47.8597
8993.99 -48.3208
9006.01 -48.7846
9018.02 -49.251
9030.03 -49.7197
9042.04 -50.1907
9054.05 -50.6638
9066.07 -51.1389
9078.08 -51.6158
9090.09 -52.0945
9102.1 -52.5749
9114.11 -53.0569
9126.13 -53.5406
9138.14 -54.0258
9150.15 -54.5125
9162.16 -55.0006
9174.17 -55.4903
9186.19 -55.9813
9198.2 -56.4738
9210.21 -56.9678
9222.22 -57.4632
9234.23 -57.96
9246.25 -58.4582
9258.26 -58.9579
9270.27 -59.4591
9282.28 -59.9617
9294.29 -60.4659
9306.31 -60.9715
9318.32 -61.4788
9330.33 -61.9875
9342.34 -62.4979
9354.35 -63.0099
9366.37 -63.5235
9378.38 -64.0387
9390.39 -64.5557
9402.4 -65.0744
9414.41 -65.5948
9426.43 -66.1169
9438.44 -66.6409
9450.45 -67.1667
9462.46 -67.6943
9474.47 -68.2238
9486.49 -68.7552
9498.5 -69.2884
9510.51 -69.8236
9522.52 -70.3608
9534.53 -70.8999
9546.55 -71.441
9558.56 -71.9841
9570.57 -72.5292
9582.58 -73.0764
9594.59 -73.6256
9606.61 -74.1768
9618.62 -74.7301
9630.63 -75.2854
9642.64 -75.8429
9654.65 -76.4023
9666.67 -76.9639
9678.68 -77.5275
9690.69 -78.0931
9702.7 -78.6609
9714.71 -79.2306
9726.73 -79.8023
9738.74 -80.3761
9750.75 -80.9518
9762.76 -81.5295
9774.77 -82.1091
9786.79 -82.6906
9798.8 -83.274
9810.81 -83.8592
9822.82 -84.4461
9834.83 -85.0348
9846.85 -85.6251
9858.86 -86.217
9870.87 -86.8105
9882.88 -87.4055
9894.89 -88.0019
9906.91 -88.5996
9918.92 -89.1985
9930.93 -89.7986
9942.94 -90.3997
9954.95 -91.0017
9966.97 -91.6046
9978.98 -92.2082
9990.99 -92.8123
10003 -93.4169
10015 -94.0217
10027 -94.6267
10039 -95.2317
10051.1 -95.8365
10063.1 -96.4408
10075.1 -97.0446
10087.1 -97.6476
10099.1 -98.2496
10111.1 -98.8503
10123.1 -99.4496
10135.1 -100.047
10147.1 -100.643
10159.2 -101.236
10171.2 -101.826
10183.2 -102.414
10195.2 -102.999
10207.2 -103.579
10219.2 -104.156
10231.2 -104.729
10243.2 -105.297
10255.3 -105.86
10267.3 -106.417
10279.3 -106.968
10291.3 -107.512
10303.3 -108.05
10315.3 -108.58
10327.3 -109.101
10339.3 -109.614
10351.4 -110.118
10363.4 -110.612
10375.4 -111.095
10387.4 -111.566
10399.4 -112.026
10411.4 -112.472
10423.4 -112.906
10435.4 -113.324
10447.4 -113.727
10459.5 -114.115
10471.5 -114.484
10483.5 -114.836
10495.5 -115.169
10507.5 -115.481
10519.5 -115.773
10531.5 -116.041
10543.5 -116.286
10555.6 -116.507
10567.6 -116.701
10579.6 -116.867
10591.6 -117.005
10603.6 -117.113
10615.6 -117.189
10627.6 -117.232
10639.6 -117.239
10651.7 -117.211
10663.7 -117.144
10675.7 -117.038
10687.7 -116.89
10699.7 -116.698
10711.7 -116.461
10723.7 -116.177
10735.7 -115.844
10747.7 -115.46
10759.8 -115.022
10771.8 -114.529
10783.8 -113.978
10795.8 -113.367
10807.8 -112.694
10819.8 -111.957
10831.8 -111.153
10843.8 -110.28
10855.9 -109.335
10867.9 -108.317
10879.9 -107.222
10891.9 -106.049
10903.9 -104.794
10915.9 -103.456
10927.9 -102.031
10939.9 -100.518
10952 -98.9141
10964 -97.2168
10976 -95.4238
10988 -93.5327
11000 -91.5414
11012 -89.4476
11024 -87.2493
11036 -84.9442
11048 -82.5306
11060.1 -80.0064
11072.1 -77.3701
11084.1 -74.6198
11096.1 -71.754
11108.1 -68.7714
11120.1 -65.6705
11132.1 -62.4503
11144.1 -59.1096
11156.2 -55.6474
11168.2 -52.0629
11180.2 -48.3553
11192.2 -44.5237
11204.2 -40.5673
11216.2 -36.4853
11228.2 -32.2766
11240.2 -27.9399
11252.3 -23.4732
11264.3 -18.8742
11276.3 -14.1389
11288.3 -9.26211
11300.3 -4.23544
11312.3 0.953696
11324.3 6.32571
11336.3 11.9157
11348.3 17.7921
11360.4 24.1289
11372.4 31.7108
11384.4 38.2956
11396.4 44.2472
11408.4 49.8341
11420.4 55.1338
11432.4 60.1704
11444.4 64.9373
11456.5 69.3918
11468.5 73.3926
11480.5 76.6011
11492.5 80.401
11504.5 84.3569
11516.5 88.3357
11528.5 92.2741
11540.5 96.1234
11552.6 99.8315
11564.6 103.319
11576.6 106.358
11588.6 108.923
11600.6 112.166
11612.6 115.596
11624.6 119.115
11636.6 122.673
11648.6 126.241
11660.7 129.794
11672.7 133.31
11684.7 136.731
11696.7 140.137
11708.7 143.564
11720.7 146.974
11732.7 150.354
11744.7 153.701
11756.8 157.015
11768.8 160.302
11780.8 163.586
11792.8 167.005
11804.8 170.183
11816.8 173.16
11828.8 175.983
11840.8 178.665
11852.9 181.204
11864.9 183.593
11876.9 185.809
11888.9 187.785
11900.9 189.329
11912.9 191.17
11924.9 193.106
11936.9 195.074
11948.9 197.053
11961 199.038
11973 201.032
11985 203.046
11997 205.129
12009 207.308
12021 209.287
12033 211.188
12045 213.04
12057.1 214.863
12069.1 216.678
12081.1 218.511
12093.1 220.412
12105.1 222.586
12117.1 224.748
12129.1 226.491
12141.1 228.053
12153.2 229.486
12165.2 230.816
12177.2 232.064
12189.2 233.25
12201.2 234.405
12213.2 235.655
12225.2 236.701
12237.2 237.564
12249.2 238.295
12261.3 238.908
12273.3 239.41
12285.3 239.799
12297.3 240.063
12309.3 240.165
12321.3 239.967
12333.3 239.942
12345.3 239.971
12357.4 240.009
12369.4 240.04
12381.4 240.055
12393.4 240.047
12405.4 240.007
12417.4 239.915
12429.4 239.745
12441.4 239.661
12453.5 239.606
12465.5 239.571
12477.5 239.553
12489.5 239.556
12501.5 239.59
12513.5 239.674
12525.5 239.894
12537.5 240.161
12549.5 240.211
12561.6 240.176
12573.6 240.077
12585.6 239.923
12597.6 239.716
12609.6 239.453
12621.6 239.116
12633.6 238.599
12645.6 238.164
12657.7 237.822
12669.7 237.526
12681.7 237.267
12693.7 237.046
12705.7 236.87
12717.7 236.758
12729.7 236.768
12741.7 237.114
12753.8 237.11
12765.8 236.906
12777.8 236.57
12789.8 236.119
12801.8 235.555
12813.8 234.862
12825.8 234.002
12837.8 232.85
12849.8 231.206
12861.9 230.153
12873.9 229.324
12885.9 228.637
12897.9 228.064
12909.9 227.596
12921.9 227.237
12933.9 227.017
12945.9 227.059
12958 227.286
12970 227.155
12982 226.908
12994 226.585
13006 226.2
13018 225.758
13030 225.253
13042 224.663
13054.1 223.85
13066.1 223.13
13078.1 222.55
13090.1 222.038
13102.1 221.575
13114.1 221.157
13126.1 220.784
13138.1 220.466
13150.2 220.229
13162.2 220.192
13174.2 220.004
13186.2 219.729
13198.2 219.41
13210.2 219.061
13222.2 218.691
13234.2 218.308
13246.2 217.919
13258.3 217.548
13270.3 217.238
13282.3 216.785
13294.3 216.248
13306.3 215.639
13318.3 214.957
13330.3 214.192
13342.3 213.324
13354.4 212.307
13366.4 210.982
13378.4 209.372
13390.4 208.278
13402.4 207.361
13414.4 206.556
13426.4 205.836
13438.4 205.186
13450.5 204.596
13462.5 204.062
13474.5 203.584
13486.5 203.151
13498.5 202.756
13510.5 202.403
13522.5 202.094
13534.5 201.832
13546.5 201.623
13558.6 201.477
13570.6 201.423
13582.6 201.584
13594.6 201.618
13606.6 201.578
13618.6 201.509
13630.6 201.426
13642.6 201.339
13654.7 201.255
13666.7 201.179
13678.7 201.124
13690.7 201.115
13702.7 201.061
13714.7 200.991
13726.7 200.914
13738.7 200.836
13750.8 200.759
13762.8 200.687
13774.8 200.623
13786.8 200.58
13798.8 200.562
13810.8 200.511
13822.8 200.453
13834.8 200.393
13846.8 200.334
13858.9 200.28
13870.9 200.236
13882.9 200.208
13894.9 200.23
13906.9 200.246
13918.9 200.217
13930.9 200.172
13942.9 200.118
13955 200.061
13967 200.005
13979 199.957
13991 199.932
14003 199.999
14015 199.98
14027 199.89
14039 199.756
14051.1 199.584
14063.1 199.377
14075.1 199.134
14087.1 198.848
14099.1 198.504
14111.1 198.05
14123.1 197.666
14135.1 197.302
14147.1 196.939
14159.2 196.567
14171.2 196.178
14183.2 195.762
14195.2 195.302
14207.2 194.746
14219.2 194.056
14231.2 193.569
14243.2 193.157
14255.3 192.793
14267.3 192.467
14279.3 192.172
14291.3 191.906
14303.3 191.669
14315.3 191.471
14327.3 191.297
14339.3 191.111
14351.4 190.931
14363.4 190.76
14375.4 190.598
14387.4 190.448
14399.4 190.31
14411.4 190.189
14423.4 190.103
14435.4 190.009
14447.4 189.908
14459.5 189.808
14471.5 189.711
14483.5 189.621
14495.5 189.539
14507.5 189.469
14519.5 189.416
14531.5 189.401
14543.5 189.361
14555.6 189.312
14567.6 189.263
14579.6 189.218
14591.6 189.18
14603.6 189.156
14615.6 189.154
14627.6 189.204
14639.6 189.342
14651.7 189.352
14663.7 189.309
14675.7 189.23
14687.7 189.124
14699.7 188.993
14711.7 188.839
14723.7 188.662
14735.7 188.459
14747.7 188.234
14759.8 187.994
14771.8 187.736
14783.8 187.455
14795.8 187.148
14807.8 186.811
14819.8 186.436
14831.8 186.004
14843.8 185.423
14855.9 184.901
14867.9 184.454
14879.9 184.035
14891.9 183.629
14903.9 183.227
14915.9 182.822
14927.9 182.404
14939.9 181.956
14952 181.413
14964 180.962
14976 180.563
14988 180.194
15000 179.847
15012 179.515
15024 179.196
15036 178.886
15048 178.579
15060.1 178.266
15072.1 177.986
15084.1 177.725
15096.1 177.481
15108.1 177.252
15120.1 177.037
15132.1 176.838
15144.1 176.657
15156.2 176.505
15168.2 176.378
15180.2 176.228
15192.2 176.075
15204.2 175.926
15216.2 175.782
15228.2 175.648
15240.2 175.526
15252.3 175.424
15264.3 175.385
15276.3 175.323
15288.3 175.218
15300.3 175.095
15312.3 174.962
15324.3 174.821
15336.3 174.675
15348.3 174.528
15360.4 174.385
15372.4 174.263
15384.4 174.116
15396.4 173.951
15408.4 173.777
15420.4 173.596
15432.4 173.413
15444.4 173.231
15456.5 173.057
15468.5 172.911
15480.5 172.838
15492.5 172.649
15504.5 172.4
15516.5 172.106
15528.5 171.771
15540.5 171.392
15552.6 170.966
15564.6 170.477
15576.6 169.873
15588.6 169.151
15600.6 168.6
15612.6 168.099
15624.6 167.626
15636.6 167.173
15648.6 166.731
15660.7 166.298
15672.7 165.867
15684.7 165.417
15696.7 164.986
15708.7 164.594
15720.7 164.227
15732.7 163.883
15744.7 163.562
15756.8 163.269
15768.8 163.009
15780.8 162.802
15792.8 162.728
15804.8 162.575
15816.8 162.369
15828.8 162.145
15840.8 161.915
15852.9 161.69
15864.9 161.483
15876.9 161.312
15888.9 161.224
15900.9 161.347
15912.9 161.214
15924.9 160.957
15936.9 160.621
15948.9 160.22
15961 159.762
15973 159.247
15985 158.671
15997 158.006
16009 157.236
16021 156.569
16033 155.93
16045 155.306
16057.1 154.694
16069.1 154.099
16081.1 153.529
16093.1 153.007
16105.1 152.637
16117.1 152.266
16129.1 151.676
16141.1 150.99
16153.2 150.229
16165.2 149.403
16177.2 148.515
16189.2 147.562
16201.2 146.533
16213.2 145.358
16225.2 144.217
16237.2 143.1
16249.2 141.976
16261.3 140.836
16273.3 139.674
16285.3 138.484
16297.3 137.258
16309.3 135.974
16321.3 134.57
16333.3 133.26
16345.3 131.991
16357.4 130.742
16369.4 129.505
16381.4 128.281
16393.4 127.071
16405.4 125.882
16417.4 124.739
16429.4 123.674
16441.4 122.48
16453.5 121.229
16465.5 119.939
16477.5 118.613
16489.5 117.254
16501.5 115.86
16513.5 114.425
16525.5 112.916
16537.5 111.371
16549.5 109.89
16561.6 108.424
16573.6 106.966
16585.6 105.514
16597.6 104.069
16609.6 102.635
16621.6 101.221
16633.6 99.888
16645.6 98.496
16657.7 97.0414
16669.7 95.5522
16681.7 94.037
16693.7 92.5008
16705.7 90.948
16717.7 89.3842
16729.7 87.8219
16741.7 86.3064
16753.8 84.694
16765.8 83.0156
16777.8 81.2845
16789.8 79.5028
16801.8 77.6682
16813.8 75.774
16825.8 73.8052
16837.8 71.7173
16849.8 69.4401
16861.9 67.3391
16873.9 65.2864
16885.9 63.2491
16897.9 61.211
16909.9 59.1591
16921.9 57.0789
16933.9 54.946
16945.9 52.6817
16958 50.3267
16970 48.193
16982 46.1363
16994 44.1287
17006 42.1563
17018 40.2104
17030 38.2835
17042 36.3668
17054.1 34.4316
17066.1 32.5305
17078.1 30.6685
17090.1 28.8288
17102.1 27.0042
17114.1 25.1882
17126.1 23.3731
17138.1 21.5466
17150.2 19.6809
17162.2 17.6635
17174.2 15.817
17186.2 14.0798
17198.2 12.4121
17210.2 10.7993
17222.2 9.23328
17234.2 7.70761
17246.2 6.21508
17258.3 4.74034
17270.3 3.25322
17282.3 1.88601
17294.3 0.598177
17306.3 -0.619003
17318.3 -1.76591
17330.3 -2.83835
17342.3 -3.82637
17354.4 -4.70752
17366.4 -5.40216
17378.4 -5.92202
17390.4 -6.66751
17402.4 -7.46771
17414.4 -8.29028
17426.4 -9.12058
17438.4 -9.94981
17450.5 -10.7713
17462.5 -11.578
17474.5 -12.3459
17486.5 -13.1179
17498.5 -13.9089
17510.5 -14.7056
17522.5 -15.5069
17534.5 -16.3159
17546.5 -17.1413
17558.6 -18.0021
17570.6 -18.9513
17582.6 -20.249
17594.6 -21.1543
17606.6 -21.7637
17618.6 -22.16
17630.6 -22.3539
17642.6 -22.3295
17654.7 -22.0432
17666.7 -21.3991
17678.7 -20.123
17690.7 -17.504
17702.7 -16.3427
17714.7 -15.8177
17726.7 -15.6886
17738.7 -15.8742
17750.8 -16.3466
17762.8 -17.114
17774.8 -18.235
17786.8 -19.9517
17798.8 -22.3465
17810.8 -23.8672
17822.8 -25.124
17834.8 -26.2337
17846.8 -27.2448
17858.9 -28.1835
17870.9 -29.0656
17882.9 -29.9018
17894.9 -30.6995
17906.9 -31.464
17918.9 -32.1994
17930.9 -32.9089
17942.9 -33.5948
17955 -34.2593
17967 -34.9039
17979 -35.53
17991 -36.1387
18003 -36.731
18015 -37.3076
18027 -37.8694
18039 -38.417
18051.1 -38.9509
18063.1 -39.4715
18075.1 -39.9795
18087.1 -40.475
18099.1 -40.9587
18111.1 -41.4306
18123.1 -41.8913
18135.1 -42.3409
18147.1 -42.7797
18159.2 -43.2081
18171.2 -43.6261
18183.2 -44.0341
18195.2 -44.4322
18207.2 -44.8207
18219.2 -45.1998
18231.2 -45.5695
18243.2 -45.9302
18255.3 -46.282
18267.3 -46.625
18279.3 -46.9595
18291.3 -47.2855
18303.3 -47.6032
18315.3 -47.9128
18327.3 -48.2143
18339.3 -48.5081
18351.4 -48.7941
18363.4 -49.0725
18375.4 -49.3435
18387.4 -49.6071
18399.4 -49.8635
18411.4 -50.1129
18423.4 -50.3553
18435.4 -50.5909
18447.4 -50.8197
18459.5 -51.0419
18471.5 -51.2577
18483.5 -51.467
18495.5 -51.6701
18507.5 -51.867
18519.5 -52.0578
18531.5 -52.2427
18543.5 -52.4217
18555.6 -52.595
18567.6 -52.7626
18579.6 -52.9247
18591.6 -53.0813
18603.6 -53.2325
18615.6 -53.3785
18627.6 -53.5192
18639.6 -53.6549
18651.7 -53.7856
18663.7 -53.9114
18675.7 -54.0323
18687.7 -54.1486
18699.7 -54.2601
18711.7 -54.3671
18723.7 -54.4696
18735.7 -54.5677
18747.7 -54.6615
18759.8 -54.751
18771.8 -54.8363
18783.8 -54.9176
18795.8 -54.9948
18807.8 -55.0681
18819.8 -55.1375
18831.8 -55.2031
18843.8 -55.265
18855.9 -55.3232
18867.9 -55.3778
18879.9 -55.4289
18891.9 -55.4766
18903.9 -55.5208
18915.9 -55.5618
18927.9 -55.5994
18939.9 -55.6339
18952 -55.6652
18964 -55.6935
18976 -55.7187
18988 -55.741
19000 -55.7604
