7000 -80.687
7012.01 -81.2781
7024.02 -81.8764
7036.04 -82.4818
7048.05 -83.0947
7060.06 -83.715
7072.07 -84.343
7084.08 -84.9787
7096.1 -85.6223
7108.11 -86.274
7120.12 -86.9338
7132.13 -87.6019
7144.14 -88.2785
7156.16 -88.9637
7168.17 -89.6576
7180.18 -90.3604
7192.19 -91.0722
7204.2 -91.7931
7216.22 -92.5234
7228.23 -93.2632
7240.24 -94.0126
7252.25 -94.7718
7264.26 -95.5409
7276.28 -96.32
7288.29 -97.1094
7300.3 -97.9091
7312.31 -98.7193
7324.32 -99.5401
7336.34 -100.372
7348.35 -101.214
7360.36 -102.067
7372.37 -102.932
7384.38 -103.807
7396.4 -104.693
7408.41 -105.591
7420.42 -106.499
7432.43 -107.419
7444.44 -108.349
7456.46 -109.289
7468.47 -110.238
7480.48 -111.197
7492.49 -112.163
7504.5 -113.134
7516.52 -114.109
7528.53 -115.082
7540.54 -116.045
7552.55 -116.985
7564.56 -117.871
7576.58 -118.59
7588.59 -119.137
7600.6 -120.164
7612.61 -121.419
7624.62 -122.869
7636.64 -124.517
7648.65 -126.391
7660.66 -128.554
7672.67 -131.159
7684.68 -135.035
7696.7 -138.599
7708.71 -141.061
7720.72 -143.027
7732.73 -144.628
7744.74 -145.912
7756.76 -146.888
7768.77 -147.526
7780.78 -147.716
7792.79 -146.884
7804.8 -146.574
7816.82 -146.604
7828.83 -146.753
7840.84 -146.947
7852.85 -147.143
7864.86 -147.309
7876.88 -147.416
7888.89 -147.414
7900.9 -147.198
7912.91 -147.086
7924.92 -146.969
7936.94 -146.798
7948.95 -146.539
7960.96 -146.158
7972.97 -145.61
7984.98 -144.819
7997 -143.567
8009.01 -141.724
8021.02 -140.613
8033.03 -139.711
8045.05 -138.907
8057.06 -138.153
8069.07 -137.427
8081.08 -136.724
8093.09 -136.068
8105.11 -135.654
8117.12 -135.154
8129.13 -134.14
8141.14 -132.839
8153.15 -131.291
8165.17 -129.509
8177.18 -127.505
8189.19 -125.285
8201.2 -122.86
8213.21 -120.249
8225.23 -117.448
8237.24 -114.477
8249.25 -111.37
8261.26 -108.169
8273.27 -104.933
8285.29 -101.75
8297.3 -98.7752
8309.31 -96.3811
8321.32 -95.7471
8333.33 -93.0075
8345.35 -89.1732
8357.36 -84.6453
8369.37 -79.5719
8381.38 -74.0176
8393.39 -67.988
8405.41 -61.4014
8417.42 -53.8768
8429.43 -44.9949
8441.44 -37.9665
8453.45 -31.6629
8465.47 -25.8578
8477.48 -20.4675
8489.49 -15.451
8501.5 -10.7853
8513.51 -6.45497
8525.53 -2.44835
8537.54 1.24485
8549.55 4.63459
8561.56 7.73105
8573.57 10.5449
8585.59 13.0873
8597.6 15.3699
8609.61 17.4049
8621.62 19.2047
8633.63 20.7817
8645.65 22.1487
8657.66 23.3182
8669.67 24.3025
8681.68 25.1137
8693.69 25.7635
8705.71 26.2632
8717.72 26.6237
8729.73 26.8554
8741.74 26.9681
8753.75 26.9711
8765.77 26.8732
8777.78 26.6826
8789.79 26.4072
8801.8 26.054
8813.81 25.6299
8825.83 25.1411
8837.84 24.5934
8849.85 23.9922
8861.86 23.3424
8873.87 22.6486
8885.89 21.915
8897.9 21.1455
8909.91 20.3437
8921.92 19.5129
8933.93 18.656
8945.95 17.7758
8957.96 16.8747
8969.97 15.9552
8981.98 15.0192
8993.99 14.0686
9006.01 13.1053
9018.02 12.1307
9030.03 11.1463
9042.04 10.1534
9054.05 9.1532
9066.07 8.14667
9078.08 7.13481
9090.09 6.11847
9102.1 5.09844
9114.11 4.0754
9126.13 3.04998
9138.14 2.02273
9150.15 0.99415
9162.16 -0.0353302
9174.17 -1.06532
9186.19 -2.09548
9198.2 -3.1255
9210.21 -4.15514
9222.22 -5.18415
9234.23 -6.21236
9246.25 -7.23959
9258.26 -8.26571
9270.27 -9.29061
9282.28 -10.3142
9294.29 -11.3364
9306.31 -12.3571
9318.32 -13.3764
9330.33 -14.3941
9342.34 -15.4104
9354.35 -16.4251
9366.37 -17.4383
9378.38 -18.4501
9390.39 -19.4604
9402.4 -20.4692
9414.41 -21.4767
9426.43 -22.4829
9438.44 -23.4879
9450.45 -24.4916
9462.46 -25.4942
9474.47 -26.4957
9486.49 -27.4962
9498.5 -28.4957
9510.51 -29.4944
9522.52 -30.4923
9534.53 -31.4895
9546.55 -32.4861
9558.56 -33.4821
9570.57 -34.4776
9582.58 -35.4726
9594.59 -36.4674
9606.61 -37.4618
9618.62 -38.4561
9630.63 -39.4502
9642.64 -40.4442
9654.65 -41.4383
9666.67 -42.4323
9678.68 -43.4265
9690.69 -44.4209
9702.7 -45.4155
9714.71 -46.4103
9726.73 -47.4055
9738.74 -48.401
9750.75 -49.3968
9762.76 -50.3931
9774.77 -51.3899
9786.79 -52.3871
9798.8 -53.3848
9810.81 -54.383
9822.82 -55.3816
9834.83 -56.3808
9846.85 -57.3805
9858.86 -58.3806
9870.87 -59.3812
9882.88 -60.3822
9894.89 -61.3837
9906.91 -62.3854
9918.92 -63.3875
9930.93 -64.3898
9942.94 -65.3923
9954.95 -66.3948
9966.97 -67.3974
9978.98 -68.3998
9990.99 -69.4021
10003 -70.404
10015 -71.4055
10027 -72.4064
10039 -73.4065
10051.1 -74.4057
10063.1 -75.4038
10075.1 -76.4005
10087.1 -77.3958
10099.1 -78.3893
10111.1 -79.3808
10123.1 -80.3701
10135.1 -81.3568
10147.1 -82.3407
10159.2 -83.3215
10171.2 -84.2988
10183.2 -85.2722
10195.2 -86.2415
10207.2 -87.2061
10219.2 -88.1656
10231.2 -89.1197
10243.2 -90.0678
10255.3 -91.0094
10267.3 -91.944
10279.3 -92.8711
10291.3 -93.79
10303.3 -94.7001
10315.3 -95.6008
10327.3 -96.4914
10339.3 -97.3711
10351.4 -98.2392
10363.4 -99.0949
10375.4 -99.9374
10387.4 -100.766
10399.4 -101.579
10411.4 -102.376
10423.4 -103.157
10435.4 -103.919
10447.4 -104.662
10459.5 -105.385
10471.5 -106.086
10483.5 -106.764
10495.5 -107.418
10507.5 -108.047
10519.5 -108.648
10531.5 -109.221
10543.5 -109.765
10555.6 -110.276
10567.6 -110.754
10579.6 -111.197
10591.6 -111.603
10603.6 -111.97
10615.6 -112.296
10627.6 -112.579
10639.6 -112.817
10651.7 -113.008
10663.7 -113.149
10675.7 -113.239
10687.7 -113.274
10699.7 -113.252
10711.7 -113.171
10723.7 -113.028
10735.7 -112.819
10747.7 -112.543
10759.8 -112.196
10771.8 -111.776
10783.8 -111.279
10795.8 -110.702
10807.8 -110.042
10819.8 -109.296
10831.8 -108.46
10843.8 -107.53
10855.9 -106.505
10867.9 -105.379
10879.9 -104.15
10891.9 -102.814
10903.9 -101.367
10915.9 -99.8062
10927.9 -98.1272
10939.9 -96.3268
10952 -94.4013
10964 -92.3472
10976 -90.161
10988 -87.8391
11000 -85.3781
11012 -82.7748
11024 -80.0258
11036 -77.1281
11048 -74.0786
11060.1 -70.8744
11072.1 -67.5128
11084.1 -63.9913
11096.1 -60.3074
11108.1 -56.459
11120.1 -52.444
11132.1 -48.2605
11144.1 -43.9071
11156.2 -39.3822
11168.2 -34.6846
11180.2 -29.8132
11192.2 -24.7672
11204.2 -19.5455
11216.2 -14.1475
11228.2 -8.57206
11240.2 -2.81815
11252.3 3.11586
11264.3 9.23228
11276.3 15.5346
11288.3 22.0283
11300.3 28.7217
11312.3 35.6284
11324.3 42.7707
11336.3 50.1877
11348.3 57.9574
11360.4 66.2799
11372.4 76.0653
11384.4 84.7051
11396.4 92.6196
11408.4 100.118
11420.4 107.287
11432.4 114.149
11444.4 120.692
11456.5 126.857
11468.5 132.459
11480.5 137.057
11492.5 142.437
11504.5 148.036
11516.5 153.681
11528.5 159.289
11540.5 164.797
11552.6 170.141
11564.6 175.221
11576.6 179.765
11588.6 183.739
11600.6 188.515
11612.6 193.508
11624.6 198.596
11636.6 203.72
11648.6 208.843
11660.7 213.935
11672.7 218.967
11684.7 223.862
11696.7 228.729
11708.7 233.617
11720.7 238.475
11732.7 243.291
11744.7 248.061
11756.8 252.788
11768.8 257.488
11780.8 262.209
11792.8 267.202
11804.8 271.787
11816.8 276.037
11828.8 280.045
11840.8 283.835
11852.9 287.413
11864.9 290.773
11876.9 293.891
11888.9 296.691
11900.9 298.947
11912.9 301.519
11924.9 304.171
11936.9 306.828
11948.9 309.47
11961 312.088
11973 314.688
11985 317.285
11997 319.934
12009 322.67
12021 325.149
12033 327.515
12045 329.803
12057.1 332.037
12069.1 334.244
12081.1 336.458
12093.1 338.744
12105.1 341.372
12117.1 343.964
12129.1 345.98
12141.1 347.733
12153.2 349.288
12165.2 350.678
12177.2 351.923
12189.2 353.039
12201.2 354.044
12213.2 354.992
12225.2 355.768
12237.2 356.38
12249.2 356.847
12261.3 357.173
12273.3 357.353
12285.3 357.373
12297.3 357.204
12309.3 356.764
12321.3 355.768
12333.3 355.174
12345.3 354.739
12357.4 354.367
12369.4 354.024
12381.4 353.688
12393.4 353.344
12405.4 352.971
12417.4 352.522
12429.4 351.944
12441.4 351.581
12453.5 351.31
12465.5 351.108
12477.5 350.968
12489.5 350.895
12501.5 350.898
12513.5 351.007
12525.5 351.339
12537.5 351.772
12549.5 351.945
12561.6 352.039
12573.6 352.09
12585.6 352.114
12597.6 352.123
12609.6 352.126
12621.6 352.132
12633.6 352.162
12645.6 352.187
12657.7 352.212
12669.7 352.251
12681.7 352.317
12693.7 352.423
12705.7 352.591
12717.7 352.858
12729.7 353.317
12741.7 354.316
12753.8 354.77
12765.8 354.92
12777.8 354.881
12789.8 354.687
12801.8 354.348
12813.8 353.856
12825.8 353.179
12837.8 352.198
12849.8 350.723
12861.9 349.808
12873.9 349.1
12885.9 348.521
12897.9 348.047
12909.9 347.674
12921.9 347.413
12933.9 347.305
12945.9 347.516
12958 347.945
12970 347.88
12982 347.638
12994 347.273
13006 346.807
13018 346.244
13030 345.582
13042 344.796
13054.1 343.732
13066.1 342.739
13078.1 341.867
13090.1 341.033
13102.1 340.215
13114.1 339.402
13126.1 338.588
13138.1 337.768
13150.2 336.943
13162.2 336.119
13174.2 335.259
13186.2 334.365
13198.2 333.436
13210.2 332.468
13222.2 331.452
13234.2 330.377
13246.2 329.22
13258.3 327.925
13270.3 326.374
13282.3 325.061
13294.3 323.82
13306.3 322.602
13318.3 321.378
13330.3 320.123
13342.3 318.802
13354.4 317.356
13366.4 315.585
13378.4 313.516
13390.4 312.13
13402.4 311.01
13414.4 310.079
13426.4 309.308
13438.4 308.684
13450.5 308.207
13462.5 307.894
13474.5 307.878
13486.5 307.886
13498.5 307.826
13510.5 307.788
13522.5 307.798
13534.5 307.877
13546.5 308.045
13558.6 308.332
13570.6 308.809
13582.6 309.776
13594.6 310.417
13606.6 310.855
13618.6 311.202
13630.6 311.5
13642.6 311.773
13654.7 312.039
13666.7 312.321
13678.7 312.667
13690.7 313.181
13702.7 313.467
13714.7 313.646
13726.7 313.756
13738.7 313.81
13750.8 313.819
13762.8 313.784
13774.8 313.708
13786.8 313.583
13798.8 313.409
13810.8 313.239
13822.8 313.05
13834.8 312.84
13846.8 312.604
13858.9 312.339
13870.9 312.038
13882.9 311.689
13894.9 311.225
13906.9 310.761
13918.9 310.378
13930.9 310.018
13942.9 309.67
13955 309.326
13967 308.982
13979 308.636
13991 308.283
14003 307.922
14015 307.55
14027 307.164
14039 306.761
14051.1 306.334
14063.1 305.878
14075.1 305.38
14087.1 304.822
14099.1 304.152
14111.1 303.216
14123.1 302.547
14135.1 302.002
14147.1 301.525
14159.2 301.097
14171.2 300.704
14183.2 300.334
14195.2 299.974
14207.2 299.59
14219.2 299.155
14231.2 298.886
14243.2 298.702
14255.3 298.586
14267.3 298.537
14279.3 298.553
14291.3 298.644
14303.3 298.828
14315.3 299.192
14327.3 299.627
14339.3 299.913
14351.4 300.167
14363.4 300.415
14375.4 300.67
14387.4 300.944
14399.4 301.25
14411.4 301.615
14423.4 302.163
14435.4 302.603
14447.4 302.941
14459.5 303.233
14471.5 303.496
14483.5 303.743
14495.5 303.982
14507.5 304.225
14519.5 304.495
14531.5 304.869
14543.5 305.106
14555.6 305.265
14567.6 305.371
14579.6 305.434
14591.6 305.456
14603.6 305.441
14615.6 305.387
14627.6 305.291
14639.6 305.147
14651.7 304.983
14663.7 304.786
14675.7 304.551
14687.7 304.27
14699.7 303.935
14711.7 303.532
14723.7 303.031
14735.7 302.325
14747.7 301.5
14759.8 300.922
14771.8 300.411
14783.8 299.93
14795.8 299.457
14807.8 298.976
14819.8 298.461
14831.8 297.87
14843.8 296.984
14855.9 296.291
14867.9 295.828
14879.9 295.488
14891.9 295.242
14903.9 295.078
14915.9 294.989
14927.9 294.978
14939.9 295.058
14952 295.3
14964 295.488
14976 295.668
14988 295.865
15000 296.089
15012 296.351
15024 296.66
15036 297.036
15048 297.527
15060.1 298.219
15072.1 298.706
15084.1 299.127
15096.1 299.519
15108.1 299.899
15120.1 300.282
15132.1 300.68
15144.1 301.12
15156.2 301.675
15168.2 302.323
15180.2 302.73
15192.2 303.045
15204.2 303.295
15216.2 303.493
15228.2 303.645
15240.2 303.757
15252.3 303.831
15264.3 303.874
15276.3 303.877
15288.3 303.84
15300.3 303.764
15312.3 303.649
15324.3 303.493
15336.3 303.293
15348.3 303.044
15360.4 302.731
15372.4 302.3
15384.4 301.901
15396.4 301.508
15408.4 301.097
15420.4 300.659
15432.4 300.184
15444.4 299.661
15456.5 299.075
15468.5 298.386
15480.5 297.507
15492.5 296.78
15504.5 296.093
15516.5 295.411
15528.5 294.713
15540.5 293.98
15552.6 293.187
15564.6 292.291
15576.6 291.149
15588.6 289.751
15600.6 288.861
15612.6 288.163
15624.6 287.6
15636.6 287.15
15648.6 286.806
15660.7 286.569
15672.7 286.461
15684.7 286.604
15696.7 286.762
15708.7 286.819
15720.7 286.873
15732.7 286.952
15744.7 287.078
15756.8 287.275
15768.8 287.58
15780.8 288.072
15792.8 289.12
15804.8 289.767
15816.8 290.128
15828.8 290.35
15840.8 290.484
15852.9 290.564
15864.9 290.621
15876.9 290.697
15888.9 290.888
15900.9 291.447
15912.9 291.448
15924.9 291.154
15936.9 290.649
15948.9 289.962
15961 289.101
15973 288.061
15985 286.817
15997 285.267
16009 283.356
16021 281.764
16033 280.23
16045 278.703
16057.1 277.161
16069.1 275.591
16081.1 273.99
16093.1 272.355
16105.1 270.709
16117.1 269.005
16129.1 267.18
16141.1 265.259
16153.2 263.238
16165.2 261.107
16177.2 258.846
16189.2 256.42
16201.2 253.745
16213.2 250.397
16225.2 247.436
16237.2 244.801
16249.2 242.317
16261.3 239.931
16273.3 237.618
16285.3 235.363
16297.3 233.161
16309.3 231.01
16321.3 228.921
16333.3 226.852
16345.3 224.817
16357.4 222.827
16369.4 220.892
16381.4 219.028
16393.4 217.263
16405.4 215.651
16417.4 214.351
16429.4 213.543
16441.4 212.036
16453.5 210.266
16465.5 208.327
16477.5 206.263
16489.5 204.097
16501.5 201.846
16513.5 199.525
16525.5 197.164
16537.5 194.746
16549.5 192.212
16561.6 189.599
16573.6 186.917
16585.6 184.172
16597.6 181.371
16609.6 178.52
16621.6 175.633
16633.6 172.769
16645.6 169.792
16657.7 166.699
16669.7 163.515
16681.7 160.248
16693.7 156.899
16705.7 153.465
16717.7 149.939
16729.7 146.302
16741.7 142.476
16753.8 138.694
16765.8 134.898
16777.8 131.057
16789.8 127.155
16801.8 123.172
16813.8 119.084
16825.8 114.844
16837.8 110.319
16849.8 105.302
16861.9 100.883
16873.9 96.6869
16885.9 92.6247
16897.9 88.6599
16909.9 84.7724
16921.9 80.9493
16933.9 77.1801
16945.9 73.4473
16958 69.7559
16970 66.1585
16982 62.6315
16994 59.1727
17006 55.7848
17018 52.4749
17030 49.2581
17042 46.17
17054.1 43.4106
17066.1 40.5376
17078.1 37.4883
17090.1 34.3683
17102.1 31.2044
17114.1 28.0076
17126.1 24.7809
17138.1 21.5206
17150.2 18.2084
17162.2 14.7584
17174.2 11.4246
17186.2 8.15868
17198.2 4.92807
17210.2 1.71862
17222.2 -1.48131
17234.2 -4.68609
17246.2 -7.92019
17258.3 -11.2489
17270.3 -14.8081
17282.3 -18.0028
17294.3 -21.0221
17306.3 -23.9157
17318.3 -26.7016
17330.3 -29.3869
17342.3 -31.9718
17354.4 -34.4465
17366.4 -36.7637
17378.4 -38.9346
17390.4 -41.22
17402.4 -43.514
17414.4 -45.8002
17426.4 -48.0754
17438.4 -50.3426
17450.5 -52.6127
17462.5 -54.913
17474.5 -57.3985
17486.5 -59.7581
17498.5 -61.885
17510.5 -63.8823
17522.5 -65.7776
17534.5 -67.5872
17546.5 -69.3263
17558.6 -71.0177
17570.6 -72.7149
17582.6 -74.6747
17594.6 -76.1629
17606.6 -77.2709
17618.6 -78.074
17630.6 -78.5731
17642.6 -78.7366
17654.7 -78.4945
17666.7 -77.6999
17678.7 -75.9382
17690.7 -72.1379
17702.7 -70.5131
17714.7 -69.8262
17726.7 -69.7145
17738.7 -70.054
17750.8 -70.8006
17762.8 -71.9633
17774.8 -73.6237
17786.8 -76.1243
17798.8 -79.5813
17810.8 -81.7894
17822.8 -83.6149
17834.8 -85.2233
17846.8 -86.6835
17858.9 -88.0323
17870.9 -89.2925
17882.9 -90.4789
17894.9 -91.6023
17906.9 -92.6703
17918.9 -93.6886
17930.9 -94.662
17942.9 -95.594
17955 -96.4876
17967 -97.3453
17979 -98.1691
17991 -98.9608
18003 -99.722
18015 -100.454
18027 -101.158
18039 -101.835
18051.1 -102.486
18063.1 -103.112
18075.1 -103.714
18087.1 -104.293
18099.1 -104.849
18111.1 -105.382
18123.1 -105.894
18135.1 -106.386
18147.1 -106.857
18159.2 -107.308
18171.2 -107.74
18183.2 -108.153
18195.2 -108.548
18207.2 -108.925
18219.2 -109.285
18231.2 -109.628
18243.2 -109.954
18255.3 -110.264
18267.3 -110.558
18279.3 -110.837
18291.3 -111.101
18303.3 -111.351
18315.3 -111.585
18327.3 -111.806
18339.3 -112.014
18351.4 -112.208
18363.4 -112.389
18375.4 -112.557
18387.4 -112.713
18399.4 -112.857
18411.4 -112.99
18423.4 -113.11
18435.4 -113.22
18447.4 -113.318
18459.5 -113.406
18471.5 -113.484
18483.5 -113.551
18495.5 -113.608
18507.5 -113.656
18519.5 -113.695
18531.5 -113.724
18543.5 -113.744
18555.6 -113.755
18567.6 -113.758
18579.6 -113.753
18591.6 -113.739
18603.6 -113.718
18615.6 -113.689
18627.6 -113.653
18639.6 -113.609
18651.7 -113.558
18663.7 -113.5
18675.7 -113.436
18687.7 -113.365
18699.7 -113.287
18711.7 -113.204
18723.7 -113.114
18735.7 -113.019
18747.7 -112.918
18759.8 -112.811
18771.8 -112.699
18783.8 -112.582
18795.8 -112.459
18807.8 -112.332
18819.8 -112.199
18831.8 -112.063
18843.8 -111.921
18855.9 -111.775
18867.9 -111.625
18879.9 -111.471
18891.9 -111.312
18903.9 -111.15
18915.9 -110.984
18927.9 -110.814
18939.9 -110.641
18952 -110.464
18964 -110.284
18976 -110.101
18988 -109.914
19000 -109.725
