7000 -73.0016
7012.01 -73.2554
7024.02 -73.5269
7036.04 -73.8176
7048.05 -74.1295
7060.06 -74.4645
7072.07 -74.8246
7084.08 -75.2119
7096.1 -75.6289
7108.11 -76.0779
7120.12 -76.5616
7132.13 -77.0826
7144.14 -77.6438
7156.16 -78.2481
7168.17 -78.8985
7180.18 -79.5982
7192.19 -80.3504
7204.2 -81.1583
7216.22 -82.025
7228.23 -82.9538
7240.24 -83.9479
7252.25 -85.0102
7264.26 -86.1437
7276.28 -87.3508
7288.29 -88.6341
7300.3 -89.9954
7312.31 -91.4364
7324.32 -92.9581
7336.34 -94.5612
7348.35 -96.2456
7360.36 -98.0105
7372.37 -99.8545
7384.38 -101.775
7396.4 -103.77
7408.41 -105.835
7420.42 -107.966
7432.43 -110.157
7444.44 -112.403
7456.46 -114.696
7468.47 -117.03
7480.48 -119.398
7492.49 -121.792
7504.5 -124.205
7516.52 -126.629
7528.53 -129.059
7540.54 -131.492
7552.55 -133.925
7564.56 -136.369
7576.58 -138.875
7588.59 -141.439
7600.6 -143.725
7612.61 -145.859
7624.62 -147.857
7636.64 -149.72
7648.65 -151.439
7660.66 -152.996
7672.67 -154.35
7684.68 -155.272
7696.7 -156.195
7708.71 -157.332
7720.72 -158.518
7732.73 -159.717
7744.74 -160.916
7756.76 -162.109
7768.77 -163.302
7780.78 -164.51
7792.79 -165.823
7804.8 -167.002
7816.82 -168.076
7828.83 -169.08
7840.84 -170.025
7852.85 -170.916
7864.86 -171.755
7876.88 -172.537
7888.89 -173.243
7900.9 -173.803
7912.91 -174.491
7924.92 -175.239
7936.94 -176.028
7948.95 -176.857
7960.96 -177.735
7972.97 -178.676
7984.98 -179.714
7997 -180.956
8009.01 -182.465
8021.02 -183.553
8033.03 -184.485
8045.05 -185.315
8057.06 -186.061
8069.07 -186.732
8081.08 -187.325
8093.09 -187.82
8105.11 -188.105
8117.12 -188.364
8129.13 -188.843
8141.14 -189.412
8153.15 -190.054
8165.17 -190.77
8177.18 -191.572
8189.19 -192.491
8201.2 -193.61
8213.21 -195.362
8225.23 -196.648
8237.24 -197.518
8249.25 -198.144
8261.26 -198.569
8273.27 -198.796
8285.29 -198.808
8297.3 -198.545
8309.31 -197.842
8321.32 -196.121
8333.33 -195.339
8345.35 -195.002
8357.36 -194.923
8369.37 -195.038
8381.38 -195.323
8393.39 -195.771
8405.41 -196.402
8417.42 -197.307
8429.43 -198.588
8441.44 -199.496
8453.45 -200.298
8465.47 -201.05
8477.48 -201.774
8489.49 -202.482
8501.5 -203.181
8513.51 -203.874
8525.53 -204.566
8537.54 -205.257
8549.55 -205.951
8561.56 -206.647
8573.57 -207.346
8585.59 -208.05
8597.6 -208.76
8609.61 -209.474
8621.62 -210.195
8633.63 -210.921
8645.65 -211.654
8657.66 -212.394
8669.67 -213.14
8681.68 -213.893
8693.69 -214.654
8705.71 -215.422
8717.72 -216.196
8729.73 -216.979
8741.74 -217.769
8753.75 -218.566
8765.77 -219.371
8777.78 -220.184
8789.79 -221.004
8801.8 -221.832
8813.81 -222.668
8825.83 -223.512
8837.84 -224.363
8849.85 -225.222
8861.86 -226.09
8873.87 -226.965
8885.89 -227.848
8897.9 -228.739
8909.91 -229.638
8921.92 -230.544
8933.93 -231.459
8945.95 -232.382
8957.96 -233.313
8969.97 -234.251
8981.98 -235.198
8993.99 -236.152
9006.01 -237.115
9018.02 -238.085
9030.03 -239.063
9042.04 -240.049
9054.05 -241.043
9066.07 -242.045
9078.08 -243.054
9090.09 -244.071
9102.1 -245.096
9114.11 -246.129
9126.13 -247.169
9138.14 -248.216
9150.15 -249.272
9162.16 -250.334
9174.17 -251.404
9186.19 -252.481
9198.2 -253.566
9210.21 -254.657
9222.22 -255.756
9234.23 -256.861
9246.25 -257.974
9258.26 -259.093
9270.27 -260.218
9282.28 -261.35
9294.29 -262.489
9306.31 -263.633
9318.32 -264.784
9330.33 -265.94
9342.34 -267.102
9354.35 -268.269
9366.37 -269.442
9378.38 -270.619
9390.39 -271.802
9402.4 -272.988
9414.41 -274.18
9426.43 -275.375
9438.44 -276.573
9450.45 -277.775
9462.46 -278.98
9474.47 -280.188
9486.49 -281.398
9498.5 -282.609
9510.51 -283.822
9522.52 -285.036
9534.53 -286.251
9546.55 -287.466
9558.56 -288.68
9570.57 -289.893
9582.58 -291.104
9594.59 -292.313
9606.61 -293.519
9618.62 -294.721
9630.63 -295.919
9642.64 -297.112
9654.65 -298.299
9666.67 -299.479
9678.68 -300.651
9690.69 -301.815
9702.7 -302.969
9714.71 -304.113
9726.73 -305.244
9738.74 -306.363
9750.75 -307.468
9762.76 -308.557
9774.77 -309.63
9786.79 -310.685
9798.8 -311.72
9810.81 -312.734
9822.82 -313.726
9834.83 -314.694
9846.85 -315.635
9858.86 -316.549
9870.87 -317.433
9882.88 -318.286
9894.89 -319.106
9906.91 -319.889
9918.92 -320.635
9930.93 -321.341
9942.94 -322.004
9954.95 -322.622
9966.97 -323.193
9978.98 -323.714
9990.99 -324.183
10003 -324.595
10015 -324.95
10027 -325.244
10039 -325.473
10051.1 -325.635
10063.1 -325.727
10075.1 -325.745
10087.1 -325.687
10099.1 -325.548
10111.1 -325.326
10123.1 -325.018
10135.1 -324.619
10147.1 -324.128
10159.2 -323.539
10171.2 -322.851
10183.2 -322.059
10195.2 -321.16
10207.2 -320.152
10219.2 -319.031
10231.2 -317.795
10243.2 -316.439
10255.3 -314.962
10267.3 -313.362
10279.3 -311.635
10291.3 -309.781
10303.3 -307.796
10315.3 -305.679
10327.3 -303.429
10339.3 -301.046
10351.4 -298.528
10363.4 -295.875
10375.4 -293.087
10387.4 -290.165
10399.4 -287.109
10411.4 -283.922
10423.4 -280.604
10435.4 -277.158
10447.4 -273.587
10459.5 -269.893
10471.5 -266.08
10483.5 -262.152
10495.5 -258.114
10507.5 -253.97
10519.5 -249.725
10531.5 -245.385
10543.5 -240.956
10555.6 -236.444
10567.6 -231.855
10579.6 -227.195
10591.6 -222.472
10603.6 -217.693
10615.6 -212.863
10627.6 -207.992
10639.6 -203.084
10651.7 -198.148
10663.7 -193.19
10675.7 -188.217
10687.7 -183.234
10699.7 -178.25
10711.7 -173.268
10723.7 -168.296
10735.7 -163.338
10747.7 -158.399
10759.8 -153.484
10771.8 -148.597
10783.8 -143.741
10795.8 -138.92
10807.8 -134.136
10819.8 -129.392
10831.8 -124.69
10843.8 -120.032
10855.9 -115.417
10867.9 -110.848
10879.9 -106.323
10891.9 -101.844
10903.9 -97.4083
10915.9 -93.0165
10927.9 -88.6671
10939.9 -84.3584
10952 -80.0887
10964 -75.856
10976 -71.6581
10988 -67.4925
11000 -63.3565
11012 -59.2475
11024 -55.1626
11036 -51.0988
11048 -47.0531
11060.1 -43.0222
11072.1 -39.0032
11084.1 -34.9929
11096.1 -30.9881
11108.1 -26.9857
11120.1 -22.9827
11132.1 -18.9759
11144.1 -14.9625
11156.2 -10.9395
11168.2 -6.9041
11180.2 -2.85361
11192.2 1.21463
11204.2 5.30317
11216.2 9.41446
11228.2 13.5509
11240.2 17.7147
11252.3 21.9083
11264.3 26.1339
11276.3 30.3937
11288.3 34.6903
11300.3 39.0262
11312.3 43.4049
11324.3 47.8305
11336.3 52.3092
11348.3 56.8519
11360.4 61.4841
11372.4 66.3167
11384.4 71.0377
11396.4 75.6992
11408.4 80.3409
11420.4 84.9761
11432.4 89.6122
11444.4 94.255
11456.5 98.912
11468.5 103.603
11480.5 108.374
11492.5 113.021
11504.5 117.598
11516.5 122.118
11528.5 126.578
11540.5 130.965
11552.6 135.258
11564.6 139.412
11576.6 143.273
11588.6 146.83
11600.6 150.915
11612.6 155.185
11624.6 159.576
11636.6 164.062
11648.6 168.635
11660.7 173.296
11672.7 178.071
11684.7 183.127
11696.7 188.132
11708.7 192.921
11720.7 197.62
11732.7 202.26
11744.7 206.856
11756.8 211.424
11768.8 215.983
11780.8 220.581
11792.8 225.453
11804.8 229.965
11816.8 234.183
11828.8 238.186
11840.8 241.992
11852.9 245.595
11864.9 248.973
11876.9 252.075
11888.9 254.756
11900.9 256.612
11912.9 259.145
11924.9 261.927
11936.9 264.818
11948.9 267.762
11961 270.729
11973 273.698
11985 276.651
11997 279.551
12009 282.378
12021 285.314
12033 288.289
12045 291.29
12057.1 294.319
12069.1 297.385
12081.1 300.507
12093.1 303.736
12105.1 307.298
12117.1 310.861
12129.1 313.953
12141.1 316.839
12153.2 319.572
12165.2 322.176
12177.2 324.663
12189.2 327.042
12201.2 329.316
12213.2 331.486
12225.2 333.56
12237.2 335.537
12249.2 337.414
12261.3 339.185
12273.3 340.838
12285.3 342.355
12297.3 343.695
12309.3 344.75
12321.3 345.145
12333.3 346.163
12345.3 347.491
12357.4 349.015
12369.4 350.706
12381.4 352.568
12393.4 354.633
12405.4 356.978
12417.4 359.859
12429.4 363.559
12441.4 366.157
12453.5 368.353
12465.5 370.302
12477.5 372.071
12489.5 373.7
12501.5 375.222
12513.5 376.671
12525.5 378.144
12537.5 379.559
12549.5 380.664
12561.6 381.589
12573.6 382.36
12585.6 382.985
12597.6 383.465
12609.6 383.791
12621.6 383.931
12633.6 383.695
12645.6 383.541
12657.7 383.487
12669.7 383.446
12681.7 383.393
12693.7 383.322
12705.7 383.232
12717.7 383.129
12729.7 383.042
12741.7 383.095
12753.8 382.882
12765.8 382.486
12777.8 381.941
12789.8 381.247
12801.8 380.393
12813.8 379.35
12825.8 378.055
12837.8 376.321
12849.8 373.852
12861.9 372.223
12873.9 370.895
12885.9 369.744
12897.9 368.722
12909.9 367.807
12921.9 366.992
12933.9 366.292
12945.9 365.79
12958 365.427
12970 364.809
12982 364.106
12994 363.343
13006 362.527
13018 361.655
13030 360.715
13042 359.677
13054.1 358.358
13066.1 357.16
13078.1 356.14
13090.1 355.199
13102.1 354.313
13114.1 353.469
13126.1 352.659
13138.1 351.88
13150.2 351.132
13162.2 350.425
13174.2 349.717
13186.2 349.014
13198.2 348.317
13210.2 347.626
13222.2 346.936
13234.2 346.244
13246.2 345.536
13258.3 344.782
13270.3 343.911
13282.3 343.232
13294.3 342.648
13306.3 342.136
13318.3 341.689
13330.3 341.306
13342.3 340.99
13354.4 340.755
13366.4 340.644
13378.4 340.652
13390.4 340.561
13402.4 340.468
13414.4 340.394
13426.4 340.353
13438.4 340.359
13450.5 340.429
13462.5 340.601
13474.5 341.048
13486.5 341.431
13498.5 341.635
13510.5 341.776
13522.5 341.887
13534.5 341.988
13546.5 342.096
13558.6 342.231
13570.6 342.436
13582.6 342.881
13594.6 343.111
13606.6 343.196
13618.6 343.199
13630.6 343.141
13642.6 343.037
13654.7 342.893
13666.7 342.717
13678.7 342.522
13690.7 342.334
13702.7 342.057
13714.7 341.718
13726.7 341.326
13738.7 340.879
13750.8 340.374
13762.8 339.801
13774.8 339.138
13786.8 338.316
13798.8 337.309
13810.8 336.542
13822.8 335.844
13834.8 335.181
13846.8 334.537
13858.9 333.899
13870.9 333.256
13882.9 332.593
13894.9 331.84
13906.9 331.11
13918.9 330.485
13930.9 329.906
13942.9 329.359
13955 328.836
13967 328.332
13979 327.841
13991 327.354
14003 326.827
14015 326.366
14027 325.96
14039 325.594
14051.1 325.263
14063.1 324.966
14075.1 324.703
14087.1 324.477
14099.1 324.296
14111.1 324.182
14123.1 324.059
14135.1 323.949
14147.1 323.863
14159.2 323.808
14171.2 323.793
14183.2 323.83
14195.2 323.941
14207.2 324.196
14219.2 324.648
14231.2 324.834
14243.2 324.93
14255.3 324.972
14267.3 324.977
14279.3 324.953
14291.3 324.906
14303.3 324.838
14315.3 324.747
14327.3 324.642
14339.3 324.544
14351.4 324.446
14363.4 324.35
14375.4 324.257
14387.4 324.172
14399.4 324.101
14411.4 324.058
14423.4 324.12
14435.4 324.106
14447.4 324.021
14459.5 323.897
14471.5 323.745
14483.5 323.571
14495.5 323.379
14507.5 323.177
14519.5 322.975
14531.5 322.817
14543.5 322.564
14555.6 322.248
14567.6 321.881
14579.6 321.464
14591.6 320.993
14603.6 320.461
14615.6 319.851
14627.6 319.108
14639.6 318.162
14651.7 317.429
14663.7 316.758
14675.7 316.116
14687.7 315.484
14699.7 314.851
14711.7 314.204
14723.7 313.525
14735.7 312.754
14747.7 311.937
14759.8 311.267
14771.8 310.65
14783.8 310.065
14795.8 309.5
14807.8 308.949
14819.8 308.4
14831.8 307.84
14843.8 307.192
14855.9 306.621
14867.9 306.139
14879.9 305.71
14891.9 305.323
14903.9 304.975
14915.9 304.665
14927.9 304.394
14939.9 304.173
14952 304.04
14964 303.876
14976 303.703
14988 303.539
15000 303.389
15012 303.258
15024 303.152
15036 303.083
15048 303.077
15060.1 303.183
15072.1 303.173
15084.1 303.124
15096.1 303.059
15108.1 302.986
15120.1 302.914
15132.1 302.852
15144.1 302.814
15156.2 302.85
15168.2 302.943
15180.2 302.873
15192.2 302.737
15204.2 302.551
15216.2 302.321
15228.2 302.05
15240.2 301.736
15252.3 301.37
15264.3 300.899
15276.3 300.436
15288.3 300.006
15300.3 299.577
15312.3 299.14
15324.3 298.689
15336.3 298.22
15348.3 297.726
15360.4 297.196
15372.4 296.588
15384.4 296.013
15396.4 295.449
15408.4 294.88
15420.4 294.297
15432.4 293.691
15444.4 293.054
15456.5 292.369
15468.5 291.599
15480.5 290.657
15492.5 289.886
15504.5 289.178
15516.5 288.497
15528.5 287.827
15540.5 287.157
15552.6 286.47
15564.6 285.743
15576.6 284.9
15588.6 283.936
15600.6 283.248
15612.6 282.672
15624.6 282.178
15636.6 281.756
15648.6 281.402
15660.7 281.121
15672.7 280.928
15684.7 280.921
15696.7 280.914
15708.7 280.814
15720.7 280.698
15732.7 280.583
15744.7 280.485
15756.8 280.414
15768.8 280.388
15780.8 280.443
15792.8 280.739
15804.8 280.862
15816.8 280.863
15828.8 280.805
15840.8 280.712
15852.9 280.6
15864.9 280.486
15876.9 280.392
15888.9 280.372
15900.9 280.57
15912.9 280.455
15924.9 280.178
15936.9 279.787
15948.9 279.297
15961 278.713
15973 278.034
15985 277.245
15997 276.292
16009 275.145
16021 274.169
16033 273.223
16045 272.28
16057.1 271.327
16069.1 270.359
16081.1 269.37
16093.1 268.359
16105.1 267.33
16117.1 266.27
16129.1 265.16
16141.1 264.005
16153.2 262.802
16165.2 261.546
16177.2 260.226
16189.2 258.826
16201.2 257.307
16213.2 255.474
16225.2 253.816
16237.2 252.303
16249.2 250.856
16261.3 249.45
16273.3 248.073
16285.3 246.721
16297.3 245.392
16309.3 244.089
16321.3 242.834
16333.3 241.555
16345.3 240.272
16357.4 238.995
16369.4 237.73
16381.4 236.486
16393.4 235.277
16405.4 234.127
16417.4 233.11
16429.4 232.311
16441.4 231.177
16453.5 229.911
16465.5 228.558
16477.5 227.137
16489.5 225.658
16501.5 224.131
16513.5 222.561
16525.5 220.963
16537.5 219.33
16549.5 217.637
16561.6 215.901
16573.6 214.125
16585.6 212.316
16597.6 210.476
16609.6 208.613
16621.6 206.739
16633.6 204.912
16645.6 202.996
16657.7 200.986
16669.7 198.91
16681.7 196.775
16693.7 194.583
16705.7 192.335
16717.7 190.025
16729.7 187.642
16741.7 185.134
16753.8 182.661
16765.8 180.185
16777.8 177.687
16789.8 175.158
16801.8 172.589
16813.8 169.969
16825.8 167.276
16837.8 164.45
16849.8 161.399
16861.9 158.615
16873.9 155.928
16885.9 153.299
16897.9 150.712
16909.9 148.157
16921.9 145.627
16933.9 143.118
16945.9 140.614
16958 138.121
16970 135.7
16982 133.324
16994 130.992
17006 128.705
17018 126.469
17030 124.292
17042 122.199
17054.1 120.316
17066.1 118.365
17078.1 116.309
17090.1 114.214
17102.1 112.1
17114.1 109.975
17126.1 107.844
17138.1 105.71
17150.2 103.57
17162.2 101.41
17174.2 99.2809
17186.2 97.1749
17198.2 95.0865
17210.2 93.0139
17222.2 90.9558
17234.2 88.9102
17246.2 86.873
17258.3 84.832
17270.3 82.7606
17282.3 80.7802
17294.3 78.8536
17306.3 76.9724
17318.3 75.1346
17330.3 73.3417
17342.3 71.598
17354.4 69.9146
17366.4 68.3321
17378.4 66.8435
17390.4 65.2378
17402.4 63.6026
17414.4 61.9523
17426.4 60.2908
17438.4 58.6173
17450.5 56.9257
17462.5 55.1992
17474.5 53.3422
17486.5 51.5462
17498.5 49.8765
17510.5 48.269
17522.5 46.7057
17534.5 45.1756
17546.5 43.6679
17558.6 42.168
17570.6 40.643
17582.6 38.9463
17594.6 37.4834
17606.6 36.1977
17618.6 35.0396
17630.6 33.9982
17642.6 33.0753
17654.7 32.2839
17666.7 31.6563
17678.7 31.2885
17690.7 31.431
17702.7 31.0935
17714.7 30.5663
17726.7 29.9349
17738.7 29.2292
17750.8 28.4611
17762.8 27.6317
17774.8 26.7288
17786.8 25.6952
17798.8 24.5119
17810.8 23.5538
17822.8 22.674
17834.8 21.8447
17846.8 21.0541
17858.9 20.2961
17870.9 19.5668
17882.9 18.8634
17894.9 18.1842
17906.9 17.5277
17918.9 16.8928
17930.9 16.2784
17942.9 15.6838
17955 15.1084
17967 14.5514
17979 14.0124
17991 13.4908
18003 12.9861
18015 12.498
18027 12.026
18039 11.5697
18051.1 11.1286
18063.1 10.7026
18075.1 10.2911
18087.1 9.8938
18099.1 9.51045
18111.1 9.14067
18123.1 8.78415
18135.1 8.44058
18147.1 8.10965
18159.2 7.79107
18171.2 7.48453
18183.2 7.18977
18195.2 6.90649
18207.2 6.63443
18219.2 6.37331
18231.2 6.12287
18243.2 5.88285
18255.3 5.65301
18267.3 5.43308
18279.3 5.22283
18291.3 5.02202
18303.3 4.83042
18315.3 4.64779
18327.3 4.47391
18339.3 4.30856
18351.4 4.15152
18363.4 4.00258
18375.4 3.86153
18387.4 3.72818
18399.4 3.60231
18411.4 3.48374
18423.4 3.37228
18435.4 3.26773
18447.4 3.16992
18459.5 3.07866
18471.5 2.99378
18483.5 2.91511
18495.5 2.84248
18507.5 2.77572
18519.5 2.71468
18531.5 2.65919
18543.5 2.60911
18555.6 2.56428
18567.6 2.52456
18579.6 2.4898
18591.6 2.45986
18603.6 2.4346
18615.6 2.4139
18627.6 2.39762
18639.6 2.38562
18651.7 2.3778
18663.7 2.37402
18675.7 2.37416
18687.7 2.37812
18699.7 2.38576
18711.7 2.397
18723.7 2.4117
18735.7 2.42978
18747.7 2.45113
18759.8 2.47564
18771.8 2.50321
18783.8 2.53376
18795.8 2.56719
18807.8 2.6034
18819.8 2.64231
18831.8 2.68384
18843.8 2.72788
18855.9 2.77437
18867.9 2.82323
18879.9 2.87437
18891.9 2.92771
18903.9 2.98319
18915.9 3.04073
18927.9 3.10026
18939.9 3.16171
18952 3.22501
18964 3.2901
18976 3.35691
18988 3.42538
19000 3.49545
