7000 22.8896
7012.01 23.0971
7024.02 23.2817
7036.04 23.4395
7048.05 23.5662
7060.06 23.6569
7072.07 23.7065
7084.08 23.7088
7096.1 23.6575
7108.11 23.5454
7120.12 23.3646
7132.13 23.1065
7144.14 22.7621
7156.16 22.3212
7168.17 21.7733
7180.18 21.107
7192.19 20.3103
7204.2 19.371
7216.22 18.2762
7228.23 17.0131
7240.24 15.5688
7252.25 13.9309
7264.26 12.0877
7276.28 10.0285
7288.29 7.74444
7300.3 5.22854
7312.31 2.47645
7324.32 -0.513042
7336.34 -3.73761
7348.35 -7.19094
7360.36 -10.8624
7372.37 -14.7369
7384.38 -18.7949
7396.4 -23.0125
7408.41 -27.362
7420.42 -31.8124
7432.43 -36.3301
7444.44 -40.8801
7456.46 -45.4266
7468.47 -49.9344
7480.48 -54.3697
7492.49 -58.7011
7504.5 -62.9005
7516.52 -66.9433
7528.53 -70.8091
7540.54 -74.4821
7552.55 -77.9505
7564.56 -81.2067
7576.58 -84.2462
7588.59 -87.069
7600.6 -89.6837
7612.61 -92.0938
7624.62 -94.3064
7636.64 -96.3305
7648.65 -98.1761
7660.66 -99.8534
7672.67 -101.371
7684.68 -102.725
7696.7 -103.96
7708.71 -105.103
7720.72 -106.156
7732.73 -107.126
7744.74 -108.026
7756.76 -108.867
7768.77 -109.664
7780.78 -110.441
7792.79 -111.278
7804.8 -111.987
7816.82 -112.596
7828.83 -113.139
7840.84 -113.63
7852.85 -114.078
7864.86 -114.492
7876.88 -114.88
7888.89 -115.256
7900.9 -115.654
7912.91 -115.953
7924.92 -116.187
7936.94 -116.364
7948.95 -116.486
7960.96 -116.547
7972.97 -116.54
7984.98 -116.443
7997 -116.194
8009.01 -115.755
8021.02 -115.518
8033.03 -115.328
8045.05 -115.15
8057.06 -114.968
8069.07 -114.772
8081.08 -114.556
8093.09 -114.32
8105.11 -114.104
8117.12 -113.824
8129.13 -113.372
8141.14 -112.79
8153.15 -112.079
8165.17 -111.227
8177.18 -110.221
8189.19 -109.036
8201.2 -107.63
8213.21 -105.809
8225.23 -104.031
8237.24 -102.269
8249.25 -100.444
8261.26 -98.5366
8273.27 -96.5467
8285.29 -94.4912
8297.3 -92.4164
8309.31 -90.4565
8321.32 -89.0634
8333.33 -86.725
8345.35 -83.8339
8357.36 -80.5486
8369.37 -76.9334
8381.38 -73.0245
8393.39 -68.8411
8405.41 -64.3785
8417.42 -59.5454
8429.43 -54.241
8441.44 -49.4311
8453.45 -44.8082
8465.47 -40.3296
8477.48 -35.9938
8489.49 -31.8109
8501.5 -27.7944
8513.51 -23.9581
8525.53 -20.3147
8537.54 -16.8744
8549.55 -13.6451
8561.56 -10.6321
8573.57 -7.83797
8585.59 -5.26264
8597.6 -2.90393
8609.61 -0.757569
8621.62 1.1824
8633.63 2.92335
8645.65 4.47375
8657.66 5.84288
8669.67 7.04061
8681.68 8.07712
8693.69 8.96273
8705.71 9.70776
8717.72 10.3223
8729.73 10.8163
8741.74 11.1992
8753.75 11.48
8765.77 11.6675
8777.78 11.7696
8789.79 11.7942
8801.8 11.7482
8813.81 11.6383
8825.83 11.4706
8837.84 11.2507
8849.85 10.9839
8861.86 10.6749
8873.87 10.3282
8885.89 9.94755
8897.9 9.53676
8909.91 9.09909
8921.92 8.63754
8933.93 8.15483
8945.95 7.65341
8957.96 7.13551
8969.97 6.60314
8981.98 6.0581
8993.99 5.50201
9006.01 4.93633
9018.02 4.36237
9030.03 3.7813
9042.04 3.19417
9054.05 2.60189
9066.07 2.00531
9078.08 1.40516
9090.09 0.802083
9102.1 0.19666
9114.11 -0.410607
9126.13 -1.01928
9138.14 -1.62896
9150.15 -2.23932
9162.16 -2.85008
9174.17 -3.46098
9186.19 -4.07181
9198.2 -4.6824
9210.21 -5.29261
9222.22 -5.90231
9234.23 -6.51142
9246.25 -7.11986
9258.26 -7.72757
9270.27 -8.33453
9282.28 -8.94072
9294.29 -9.54614
9306.31 -10.1508
9318.32 -10.7547
9330.33 -11.3579
9342.34 -11.9604
9354.35 -12.5623
9366.37 -13.1636
9378.38 -13.7644
9390.39 -14.3648
9402.4 -14.9648
9414.41 -15.5645
9426.43 -16.164
9438.44 -16.7634
9450.45 -17.3627
9462.46 -17.9621
9474.47 -18.5616
9486.49 -19.1613
9498.5 -19.7614
9510.51 -20.3619
9522.52 -20.9628
9534.53 -21.5644
9546.55 -22.1667
9558.56 -22.7698
9570.57 -23.3737
9582.58 -23.9787
9594.59 -24.5847
9606.61 -25.1919
9618.62 -25.8004
9630.63 -26.4102
9642.64 -27.0215
9654.65 -27.6343
9666.67 -28.2487
9678.68 -28.8649
9690.69 -29.4829
9702.7 -30.1028
9714.71 -30.7246
9726.73 -31.3485
9738.74 -31.9746
9750.75 -32.6028
9762.76 -33.2333
9774.77 -33.8663
9786.79 -34.5016
9798.8 -35.1394
9810.81 -35.7799
9822.82 -36.4229
9834.83 -37.0686
9846.85 -37.7171
9858.86 -38.3684
9870.87 -39.0226
9882.88 -39.6797
9894.89 -40.3397
9906.91 -41.0027
9918.92 -41.6688
9930.93 -42.3379
9942.94 -43.0101
9954.95 -43.6854
9966.97 -44.3639
9978.98 -45.0455
9990.99 -45.7303
10003 -46.4182
10015 -47.1094
10027 -47.8036
10039 -48.501
10051.1 -49.2015
10063.1 -49.9051
10075.1 -50.6118
10087.1 -51.3214
10099.1 -52.034
10111.1 -52.7495
10123.1 -53.4678
10135.1 -54.1888
10147.1 -54.9125
10159.2 -55.6387
10171.2 -56.3673
10183.2 -57.0982
10195.2 -57.8313
10207.2 -58.5663
10219.2 -59.3032
10231.2 -60.0417
10243.2 -60.7816
10255.3 -61.5228
10267.3 -62.2649
10279.3 -63.0078
10291.3 -63.7511
10303.3 -64.4945
10315.3 -65.2378
10327.3 -65.9806
10339.3 -66.7224
10351.4 -67.463
10363.4 -68.2019
10375.4 -68.9386
10387.4 -69.6727
10399.4 -70.4036
10411.4 -71.1309
10423.4 -71.8538
10435.4 -72.5718
10447.4 -73.2842
10459.5 -73.9903
10471.5 -74.6894
10483.5 -75.3807
10495.5 -76.0633
10507.5 -76.7363
10519.5 -77.3988
10531.5 -78.0498
10543.5 -78.6882
10555.6 -79.3128
10567.6 -79.9225
10579.6 -80.5161
10591.6 -81.0922
10603.6 -81.6493
10615.6 -82.1861
10627.6 -82.7009
10639.6 -83.1921
10651.7 -83.658
10663.7 -84.0967
10675.7 -84.5063
10687.7 -84.8848
10699.7 -85.2301
10711.7 -85.5399
10723.7 -85.8119
10735.7 -86.0437
10747.7 -86.2326
10759.8 -86.376
10771.8 -86.471
10783.8 -86.5148
10795.8 -86.5042
10807.8 -86.4361
10819.8 -86.3071
10831.8 -86.1137
10843.8 -85.8524
10855.9 -85.5193
10867.9 -85.1106
10879.9 -84.6223
10891.9 -84.0501
10903.9 -83.3899
10915.9 -82.6371
10927.9 -81.7872
10939.9 -80.8355
10952 -79.7773
10964 -78.6075
10976 -77.3212
10988 -75.9133
11000 -74.3786
11012 -72.7118
11024 -70.9075
11036 -68.9605
11048 -66.8654
11060.1 -64.6168
11072.1 -62.2092
11084.1 -59.6374
11096.1 -56.8961
11108.1 -53.98
11120.1 -50.884
11132.1 -47.603
11144.1 -44.1323
11156.2 -40.4668
11168.2 -36.6021
11180.2 -32.5334
11192.2 -28.2564
11204.2 -23.7666
11216.2 -19.0595
11228.2 -14.1306
11240.2 -8.97492
11252.3 -3.587
11264.3 2.03961
11276.3 7.91287
11288.3 14.0432
11300.3 20.4453
11312.3 27.1401
11324.3 34.161
11336.3 41.564
11348.3 49.4578
11360.4 58.1181
11372.4 68.7906
11384.4 77.9122
11396.4 86.0588
11408.4 93.6543
11420.4 100.818
11432.4 107.585
11444.4 113.937
11456.5 119.798
11468.5 124.92
11480.5 128.717
11492.5 133.572
11504.5 138.733
11516.5 143.97
11528.5 149.173
11540.5 154.262
11552.6 159.153
11564.6 163.725
11576.6 167.647
11588.6 170.877
11600.6 175.048
11612.6 179.458
11624.6 183.956
11636.6 188.469
11648.6 192.945
11660.7 197.338
11672.7 201.592
11684.7 205.51
11696.7 209.419
11708.7 213.473
11720.7 217.533
11732.7 221.564
11744.7 225.55
11756.8 229.486
11768.8 233.377
11780.8 237.251
11792.8 241.272
11804.8 244.993
11816.8 248.463
11828.8 251.744
11840.8 254.854
11852.9 257.8
11864.9 260.583
11876.9 263.195
11888.9 265.6
11900.9 267.69
11912.9 269.903
11924.9 272.124
11936.9 274.323
11948.9 276.496
11961 278.648
11973 280.794
11985 282.962
11997 285.236
12009 287.67
12021 289.763
12033 291.723
12045 293.601
12057.1 295.43
12069.1 297.24
12081.1 299.072
12093.1 300.994
12105.1 303.285
12117.1 305.562
12129.1 307.282
12141.1 308.765
12153.2 310.083
12165.2 311.272
12177.2 312.363
12189.2 313.384
12201.2 314.381
12213.2 315.541
12225.2 316.424
12237.2 317.06
12249.2 317.526
12261.3 317.847
12273.3 318.032
12285.3 318.085
12297.3 317.998
12309.3 317.745
12321.3 317.218
12333.3 316.783
12345.3 316.348
12357.4 315.874
12369.4 315.342
12381.4 314.738
12393.4 314.039
12405.4 313.207
12417.4 312.129
12429.4 310.679
12441.4 309.71
12453.5 308.914
12465.5 308.227
12477.5 307.627
12489.5 307.104
12501.5 306.661
12513.5 306.318
12525.5 306.169
12537.5 306.108
12549.5 305.831
12561.6 305.486
12573.6 305.098
12585.6 304.679
12597.6 304.23
12609.6 303.749
12621.6 303.223
12633.6 302.559
12645.6 301.987
12657.7 301.518
12669.7 301.114
12681.7 300.768
12693.7 300.484
12705.7 300.275
12717.7 300.169
12729.7 300.241
12741.7 300.781
12753.8 300.876
12765.8 300.73
12777.8 300.435
12789.8 300.019
12801.8 299.487
12813.8 298.831
12825.8 298.019
12837.8 296.938
12849.8 295.412
12861.9 294.419
12873.9 293.631
12885.9 292.974
12897.9 292.425
12909.9 291.977
12921.9 291.641
12933.9 291.447
12945.9 291.536
12958 291.822
12970 291.708
12982 291.46
12994 291.124
13006 290.717
13018 290.245
13030 289.705
13042 289.075
13054.1 288.225
13066.1 287.457
13078.1 286.818
13090.1 286.237
13102.1 285.7
13114.1 285.203
13126.1 284.748
13138.1 284.348
13150.2 284.038
13162.2 283.976
13174.2 283.699
13186.2 283.293
13198.2 282.811
13210.2 282.274
13222.2 281.689
13234.2 281.065
13246.2 280.411
13258.3 279.749
13270.3 279.128
13282.3 278.314
13294.3 277.372
13306.3 276.31
13318.3 275.117
13330.3 273.771
13342.3 272.23
13354.4 270.403
13366.4 267.979
13378.4 265.002
13390.4 263.032
13402.4 261.404
13414.4 259.993
13426.4 258.744
13438.4 257.625
13450.5 256.617
13462.5 255.704
13474.5 254.86
13486.5 254.115
13498.5 253.477
13510.5 252.935
13522.5 252.487
13534.5 252.137
13546.5 251.894
13558.6 251.776
13570.6 251.832
13582.6 252.289
13594.6 252.527
13606.6 252.637
13618.6 252.705
13630.6 252.76
13642.6 252.818
13654.7 252.895
13666.7 253.006
13678.7 253.182
13690.7 253.496
13702.7 253.686
13714.7 253.833
13726.7 253.966
13738.7 254.099
13750.8 254.242
13762.8 254.408
13774.8 254.616
13786.8 254.919
13798.8 255.339
13810.8 255.572
13822.8 255.743
13834.8 255.878
13846.8 255.99
13858.9 256.09
13870.9 256.188
13882.9 256.3
13894.9 256.488
13906.9 256.649
13918.9 256.712
13930.9 256.729
13942.9 256.715
13955 256.681
13967 256.636
13979 256.594
13991 256.585
14003 256.755
14015 256.725
14027 256.525
14039 256.212
14051.1 255.796
14063.1 255.279
14075.1 254.654
14087.1 253.9
14099.1 252.961
14111.1 251.661
14123.1 250.601
14135.1 249.612
14147.1 248.63
14159.2 247.621
14171.2 246.557
14183.2 245.402
14195.2 244.095
14207.2 242.458
14219.2 240.348
14231.2 238.965
14243.2 237.853
14255.3 236.92
14267.3 236.125
14279.3 235.45
14291.3 234.888
14303.3 234.442
14315.3 234.164
14327.3 233.977
14339.3 233.73
14351.4 233.498
14363.4 233.297
14375.4 233.134
14387.4 233.016
14399.4 232.952
14411.4 232.961
14423.4 233.135
14435.4 233.258
14447.4 233.333
14459.5 233.403
14471.5 233.483
14483.5 233.582
14495.5 233.71
14507.5 233.879
14519.5 234.116
14531.5 234.507
14543.5 234.787
14555.6 235.025
14567.6 235.252
14579.6 235.486
14591.6 235.739
14603.6 236.029
14615.6 236.383
14627.6 236.877
14639.6 237.61
14651.7 238.009
14663.7 238.278
14675.7 238.466
14687.7 238.596
14699.7 238.681
14711.7 238.737
14723.7 238.782
14735.7 238.886
14747.7 238.992
14759.8 238.86
14771.8 238.599
14783.8 238.224
14795.8 237.735
14807.8 237.12
14819.8 236.354
14831.8 235.377
14843.8 233.858
14855.9 232.545
14867.9 231.493
14879.9 230.536
14891.9 229.62
14903.9 228.715
14915.9 227.791
14927.9 226.815
14939.9 225.711
14952 224.208
14964 223.105
14976 222.235
14988 221.504
15000 220.88
15012 220.347
15024 219.896
15036 219.525
15048 219.244
15060.1 219.077
15072.1 218.894
15084.1 218.737
15096.1 218.617
15108.1 218.539
15120.1 218.509
15132.1 218.535
15144.1 218.632
15156.2 218.845
15168.2 219.162
15180.2 219.376
15192.2 219.582
15204.2 219.8
15216.2 220.045
15228.2 220.328
15240.2 220.667
15252.3 221.094
15264.3 221.768
15276.3 222.367
15288.3 222.817
15300.3 223.214
15312.3 223.588
15324.3 223.958
15336.3 224.341
15348.3 224.762
15360.4 225.27
15372.4 226.065
15384.4 226.595
15396.4 226.958
15408.4 227.226
15420.4 227.426
15432.4 227.574
15444.4 227.683
15456.5 227.771
15468.5 227.875
15480.5 228.08
15492.5 228.037
15504.5 227.848
15516.5 227.538
15528.5 227.109
15540.5 226.551
15552.6 225.84
15564.6 224.92
15576.6 223.595
15588.6 221.854
15600.6 220.772
15612.6 219.907
15624.6 219.175
15636.6 218.54
15648.6 217.984
15660.7 217.494
15672.7 217.064
15684.7 216.689
15696.7 216.37
15708.7 216.107
15720.7 215.903
15732.7 215.761
15744.7 215.688
15756.8 215.696
15768.8 215.806
15780.8 216.07
15792.8 216.723
15804.8 217.154
15816.8 217.438
15828.8 217.671
15840.8 217.89
15852.9 218.123
15864.9 218.398
15876.9 218.761
15888.9 219.316
15900.9 220.346
15912.9 220.82
15924.9 221.034
15936.9 221.087
15948.9 221.015
15961 220.838
15973 220.565
15985 220.197
15997 219.713
16009 219.103
16021 218.563
16033 218.027
16045 217.486
16057.1 216.945
16069.1 216.413
16081.1 215.911
16093.1 215.484
16105.1 215.344
16117.1 215.18
16129.1 214.548
16141.1 213.694
16153.2 212.659
16165.2 211.455
16177.2 210.079
16189.2 208.508
16201.2 206.68
16213.2 204.258
16225.2 202.092
16237.2 200.132
16249.2 198.235
16261.3 196.353
16273.3 194.459
16285.3 192.528
16297.3 190.528
16309.3 188.392
16321.3 185.907
16333.3 183.774
16345.3 181.814
16357.4 179.958
16369.4 178.183
16381.4 176.484
16393.4 174.863
16405.4 173.342
16417.4 171.996
16429.4 170.907
16441.4 169.484
16453.5 167.938
16465.5 166.315
16477.5 164.632
16489.5 162.898
16501.5 161.118
16513.5 159.291
16525.5 157.402
16537.5 155.472
16549.5 153.557
16561.6 151.632
16573.6 149.694
16585.6 147.743
16597.6 145.783
16609.6 143.82
16621.6 141.867
16633.6 140.003
16645.6 138.044
16657.7 135.985
16669.7 133.862
16681.7 131.687
16693.7 129.466
16705.7 127.204
16717.7 124.912
16729.7 122.611
16741.7 120.389
16753.8 117.956
16765.8 115.371
16777.8 112.655
16789.8 109.807
16801.8 106.813
16813.8 103.648
16825.8 100.255
16837.8 96.4732
16849.8 92.051
16861.9 88.3045
16873.9 84.7752
16885.9 81.3482
16897.9 77.9701
16909.9 74.6026
16921.9 71.2068
16933.9 67.7244
16945.9 63.9732
16958 60.0452
16970 56.6517
16982 53.4639
16994 50.4199
17006 47.4918
17018 44.6646
17030 41.9314
17042 39.2946
17054.1 36.8073
17066.1 34.3333
17078.1 31.85
17090.1 29.3851
17102.1 26.9438
17114.1 24.5264
17126.1 22.1309
17138.1 19.7524
17150.2 17.379
17162.2 14.9609
17174.2 12.6399
17186.2 10.3884
17198.2 8.18826
17210.2 6.03202
17222.2 3.91446
17234.2 1.82998
17246.2 -0.230345
17258.3 -2.29035
17270.3 -4.39993
17282.3 -6.33325
17294.3 -8.15892
17306.3 -9.8919
17318.3 -11.5335
17330.3 -13.0782
17342.3 -14.5118
17354.4 -15.8019
17366.4 -16.8324
17378.4 -17.6215
17390.4 -18.7582
17402.4 -19.9937
17414.4 -21.2831
17426.4 -22.609
17438.4 -23.9651
17450.5 -25.3528
17462.5 -26.7869
17474.5 -28.3674
17486.5 -29.8881
17498.5 -31.2789
17510.5 -32.6094
17522.5 -33.9015
17534.5 -35.1731
17546.5 -36.4484
17558.6 -37.7715
17570.6 -39.2562
17582.6 -41.4563
17594.6 -42.7942
17606.6 -43.4728
17618.6 -43.6637
17630.6 -43.3834
17642.6 -42.5872
17654.7 -41.1645
17666.7 -38.8764
17678.7 -35.0439
17690.7 -27.9096
17702.7 -24.3915
17714.7 -22.4592
17726.7 -21.518
17738.7 -21.3656
17750.8 -21.9315
17762.8 -23.2333
17774.8 -25.4113
17786.8 -29.0489
17798.8 -34.3443
17810.8 -37.5476
17822.8 -40.1323
17834.8 -42.3794
17846.8 -44.4059
17858.9 -46.2744
17870.9 -48.023
17882.9 -49.6769
17894.9 -51.2535
17906.9 -52.7656
17918.9 -54.2226
17930.9 -55.6317
17942.9 -56.9986
17955 -58.3278
17967 -59.6229
17979 -60.8869
17991 -62.1224
18003 -63.3312
18015 -64.5153
18027 -65.6759
18039 -66.8145
18051.1 -67.932
18063.1 -69.0295
18075.1 -70.1077
18087.1 -71.1674
18099.1 -72.2093
18111.1 -73.2339
18123.1 -74.2416
18135.1 -75.2331
18147.1 -76.2087
18159.2 -77.1687
18171.2 -78.1135
18183.2 -79.0435
18195.2 -79.959
18207.2 -80.8601
18219.2 -81.7472
18231.2 -82.6204
18243.2 -83.4801
18255.3 -84.3264
18267.3 -85.1595
18279.3 -85.9796
18291.3 -86.7869
18303.3 -87.5815
18315.3 -88.3636
18327.3 -89.1334
18339.3 -89.8909
18351.4 -90.6365
18363.4 -91.3701
18375.4 -92.092
18387.4 -92.8022
18399.4 -93.5009
18411.4 -94.1883
18423.4 -94.8644
18435.4 -95.5294
18447.4 -96.1833
18459.5 -96.8264
18471.5 -97.4587
18483.5 -98.0803
18495.5 -98.6913
18507.5 -99.292
18519.5 -99.8823
18531.5 -100.462
18543.5 -101.032
18555.6 -101.592
18567.6 -102.142
18579.6 -102.683
18591.6 -103.213
18603.6 -103.734
18615.6 -104.246
18627.6 -104.748
18639.6 -105.241
18651.7 -105.724
18663.7 -106.199
18675.7 -106.665
18687.7 -107.121
18699.7 -107.569
18711.7 -108.009
18723.7 -108.439
18735.7 -108.861
18747.7 -109.275
18759.8 -109.681
18771.8 -110.078
18783.8 -110.467
18795.8 -110.848
18807.8 -111.221
18819.8 -111.587
18831.8 -111.944
18843.8 -112.294
18855.9 -112.637
18867.9 -112.972
18879.9 -113.299
18891.9 -113.619
18903.9 -113.933
18915.9 -114.238
18927.9 -114.537
18939.9 -114.829
18952 -115.114
18964 -115.393
18976 -115.664
18988 -115.929
19000 -116.188
