7000 -22.0515
7012.01 -22.2789
7024.02 -22.534
7036.04 -22.8186
7048.05 -23.1348
7060.06 -23.4845
7072.07 -23.8699
7084.08 -24.293
7096.1 -24.756
7108.11 -25.2609
7120.12 -25.8098
7132.13 -26.4046
7144.14 -27.0474
7156.16 -27.7398
7168.17 -28.4835
7180.18 -29.2799
7192.19 -30.1303
7204.2 -31.0355
7216.22 -31.9962
7228.23 -33.0127
7240.24 -34.085
7252.25 -35.2124
7264.26 -36.3941
7276.28 -37.6286
7288.29 -38.914
7300.3 -40.248
7312.31 -41.6275
7324.32 -43.0492
7336.34 -44.5093
7348.35 -46.0034
7360.36 -47.5267
7372.37 -49.0742
7384.38 -50.6406
7396.4 -52.2203
7408.41 -53.8074
7420.42 -55.3962
7432.43 -56.9808
7444.44 -58.5555
7456.46 -60.1147
7468.47 -61.653
7480.48 -63.1654
7492.49 -64.6469
7504.5 -66.0934
7516.52 -67.5009
7528.53 -68.866
7540.54 -70.1857
7552.55 -71.4577
7564.56 -72.6807
7576.58 -73.8557
7588.59 -74.9815
7600.6 -76.0388
7612.61 -77.0333
7624.62 -77.9649
7636.64 -78.8319
7648.65 -79.6313
7660.66 -80.3567
7672.67 -80.9929
7684.68 -81.4517
7696.7 -81.9057
7708.71 -82.4419
7720.72 -82.9975
7732.73 -83.5609
7744.74 -84.1306
7756.76 -84.71
7768.77 -85.3093
7780.78 -85.9543
7792.79 -86.7698
7804.8 -87.4275
7816.82 -87.9665
7828.83 -88.4339
7840.84 -88.8446
7852.85 -89.2045
7864.86 -89.5147
7876.88 -89.7692
7888.89 -89.9431
7900.9 -89.958
7912.91 -90.1232
7924.92 -90.3575
7936.94 -90.6383
7948.95 -90.9624
7960.96 -91.3345
7972.97 -91.7678
7984.98 -92.2917
7997 -93.0029
8009.01 -93.9576
8021.02 -94.5246
8033.03 -94.9463
8045.05 -95.2695
8057.06 -95.5112
8069.07 -95.6766
8081.08 -95.761
8093.09 -95.7425
8105.11 -95.4978
8117.12 -95.2223
8129.13 -95.1759
8141.14 -95.2189
8153.15 -95.3303
8165.17 -95.508
8177.18 -95.7617
8189.19 -96.1177
8201.2 -96.6467
8213.21 -97.7299
8225.23 -98.3986
8237.24 -98.6974
8249.25 -98.7768
8261.26 -98.672
8273.27 -98.3869
8285.29 -97.9028
8297.3 -97.1671
8309.31 -96.0262
8321.32 -93.9581
8333.33 -92.7354
8345.35 -91.9109
8357.36 -91.3133
8369.37 -90.8839
8381.38 -90.5975
8393.39 -90.4473
8405.41 -90.4462
8417.42 -90.6634
8429.43 -91.1764
8441.44 -91.4032
8453.45 -91.5505
8465.47 -91.6613
8477.48 -91.7521
8489.49 -91.8316
8501.5 -91.9046
8513.51 -91.9742
8525.53 -92.0426
8537.54 -92.111
8549.55 -92.1806
8561.56 -92.2521
8573.57 -92.3259
8585.59 -92.4026
8597.6 -92.4823
8609.61 -92.5653
8621.62 -92.6519
8633.63 -92.7421
8645.65 -92.836
8657.66 -92.9337
8669.67 -93.0353
8681.68 -93.1408
8693.69 -93.2502
8705.71 -93.3636
8717.72 -93.4809
8729.73 -93.6023
8741.74 -93.7277
8753.75 -93.857
8765.77 -93.9903
8777.78 -94.1276
8789.79 -94.2689
8801.8 -94.4141
8813.81 -94.5633
8825.83 -94.7165
8837.84 -94.8735
8849.85 -95.0345
8861.86 -95.1994
8873.87 -95.3682
8885.89 -95.5408
8897.9 -95.7173
8909.91 -95.8977
8921.92 -96.0819
8933.93 -96.2699
8945.95 -96.4617
8957.96 -96.6573
8969.97 -96.8566
8981.98 -97.0598
8993.99 -97.2666
9006.01 -97.4772
9018.02 -97.6915
9030.03 -97.9095
9042.04 -98.1312
9054.05 -98.3565
9066.07 -98.5855
9078.08 -98.8181
9090.09 -99.0543
9102.1 -99.2942
9114.11 -99.5376
9126.13 -99.7846
9138.14 -100.035
9150.15 -100.289
9162.16 -100.547
9174.17 -100.808
9186.19 -101.072
9198.2 -101.34
9210.21 -101.612
9222.22 -101.886
9234.23 -102.165
9246.25 -102.446
9258.26 -102.731
9270.27 -103.019
9282.28 -103.311
9294.29 -103.605
9306.31 -103.903
9318.32 -104.205
9330.33 -104.509
9342.34 -104.816
9354.35 -105.127
9366.37 -105.44
9378.38 -105.757
9390.39 -106.077
9402.4 -106.399
9414.41 -106.725
9426.43 -107.053
9438.44 -107.384
9450.45 -107.718
9462.46 -108.054
9474.47 -108.393
9486.49 -108.735
9498.5 -109.08
9510.51 -109.426
9522.52 -109.776
9534.53 -110.127
9546.55 -110.481
9558.56 -110.837
9570.57 -111.195
9582.58 -111.555
9594.59 -111.917
9606.61 -112.281
9618.62 -112.646
9630.63 -113.014
9642.64 -113.383
9654.65 -113.753
9666.67 -114.124
9678.68 -114.497
9690.69 -114.871
9702.7 -115.246
9714.71 -115.622
9726.73 -115.999
9738.74 -116.376
9750.75 -116.753
9762.76 -117.131
9774.77 -117.509
9786.79 -117.886
9798.8 -118.264
9810.81 -118.641
9822.82 -119.017
9834.83 -119.393
9846.85 -119.768
9858.86 -120.141
9870.87 -120.513
9882.88 -120.883
9894.89 -121.251
9906.91 -121.617
9918.92 -121.981
9930.93 -122.341
9942.94 -122.699
9954.95 -123.054
9966.97 -123.405
9978.98 -123.752
9990.99 -124.094
10003 -124.432
10015 -124.765
10027 -125.093
10039 -125.415
10051.1 -125.732
10063.1 -126.041
10075.1 -126.344
10087.1 -126.639
10099.1 -126.927
10111.1 -127.206
10123.1 -127.476
10135.1 -127.738
10147.1 -127.989
10159.2 -128.23
10171.2 -128.461
10183.2 -128.68
10195.2 -128.886
10207.2 -129.081
10219.2 -129.262
10231.2 -129.429
10243.2 -129.582
10255.3 -129.719
10267.3 -129.84
10279.3 -129.945
10291.3 -130.033
10303.3 -130.102
10315.3 -130.152
10327.3 -130.183
10339.3 -130.192
10351.4 -130.181
10363.4 -130.147
10375.4 -130.09
10387.4 -130.008
10399.4 -129.902
10411.4 -129.769
10423.4 -129.61
10435.4 -129.422
10447.4 -129.205
10459.5 -128.958
10471.5 -128.68
10483.5 -128.37
10495.5 -128.026
10507.5 -127.648
10519.5 -127.234
10531.5 -126.783
10543.5 -126.294
10555.6 -125.766
10567.6 -125.198
10579.6 -124.588
10591.6 -123.935
10603.6 -123.238
10615.6 -122.496
10627.6 -121.707
10639.6 -120.87
10651.7 -119.985
10663.7 -119.049
10675.7 -118.062
10687.7 -117.022
10699.7 -115.928
10711.7 -114.779
10723.7 -113.574
10735.7 -112.311
10747.7 -110.99
10759.8 -109.609
10771.8 -108.167
10783.8 -106.663
10795.8 -105.097
10807.8 -103.467
10819.8 -101.772
10831.8 -100.012
10843.8 -98.1858
10855.9 -96.2925
10867.9 -94.3316
10879.9 -92.3025
10891.9 -90.2048
10903.9 -88.038
10915.9 -85.8017
10927.9 -83.4959
10939.9 -81.1202
10952 -78.6748
10964 -76.1597
10976 -73.575
10988 -70.9212
11000 -68.1985
11012 -65.4076
11024 -62.5491
11036 -59.6238
11048 -56.6327
11060.1 -53.5768
11072.1 -50.4572
11084.1 -47.2754
11096.1 -44.0327
11108.1 -40.7307
11120.1 -37.3712
11132.1 -33.9561
11144.1 -30.4871
11156.2 -26.9665
11168.2 -23.3965
11180.2 -19.7793
11192.2 -16.1173
11204.2 -12.413
11216.2 -8.66896
11228.2 -4.88775
11240.2 -1.07196
11252.3 2.77581
11264.3 6.65305
11276.3 10.5574
11288.3 14.4867
11300.3 18.4393
11312.3 22.4144
11324.3 26.4122
11336.3 30.4361
11348.3 34.4952
11360.4 38.6184
11372.4 42.9495
11384.4 47.062
11396.4 51.0198
11408.4 54.8679
11420.4 58.6145
11432.4 62.256
11444.4 65.7799
11456.5 69.1591
11468.5 72.321
11480.5 75.0989
11492.5 78.1563
11504.5 81.281
11516.5 84.4067
11528.5 87.5004
11540.5 90.5358
11552.6 93.483
11564.6 96.2944
11576.6 98.829
11588.6 101.073
11600.6 103.76
11612.6 106.582
11624.6 109.482
11636.6 112.434
11648.6 115.426
11660.7 118.456
11672.7 121.535
11684.7 124.747
11696.7 127.919
11708.7 130.97
11720.7 133.963
11732.7 136.918
11744.7 139.844
11756.8 142.755
11768.8 145.671
11780.8 148.635
11792.8 151.859
11804.8 154.785
11816.8 157.477
11828.8 160.013
11840.8 162.414
11852.9 164.688
11864.9 166.832
11876.9 168.83
11888.9 170.628
11900.9 172.064
11912.9 173.757
11924.9 175.536
11936.9 177.349
11948.9 179.18
11961 181.023
11973 182.881
11985 184.765
11997 186.715
12009 188.756
12021 190.636
12033 192.46
12045 194.253
12057.1 196.033
12069.1 197.817
12081.1 199.631
12093.1 201.524
12105.1 203.695
12117.1 205.864
12129.1 207.63
12141.1 209.226
12153.2 210.702
12165.2 212.084
12177.2 213.392
12189.2 214.645
12201.2 215.877
12213.2 217.226
12225.2 218.357
12237.2 219.291
12249.2 220.084
12261.3 220.752
12273.3 221.296
12285.3 221.714
12297.3 221.989
12309.3 222.071
12321.3 221.786
12333.3 221.726
12345.3 221.743
12357.4 221.776
12369.4 221.803
12381.4 221.811
12393.4 221.787
12405.4 221.716
12417.4 221.558
12429.4 221.269
12441.4 221.137
12453.5 221.058
12465.5 221.011
12477.5 220.99
12489.5 220.996
12501.5 221.035
12513.5 221.125
12525.5 221.35
12537.5 221.62
12549.5 221.672
12561.6 221.634
12573.6 221.527
12585.6 221.357
12597.6 221.123
12609.6 220.817
12621.6 220.411
12633.6 219.749
12645.6 219.209
12657.7 218.806
12669.7 218.471
12681.7 218.184
12693.7 217.945
12705.7 217.757
12717.7 217.64
12729.7 217.647
12741.7 217.995
12753.8 217.994
12765.8 217.793
12777.8 217.459
12789.8 217.01
12801.8 216.445
12813.8 215.747
12825.8 214.874
12837.8 213.694
12849.8 211.994
12861.9 210.923
12873.9 210.093
12885.9 209.414
12897.9 208.857
12909.9 208.41
12921.9 208.08
12933.9 207.893
12945.9 207.976
12958 208.249
12970 208.164
12982 207.963
12994 207.688
13006 207.353
13018 206.961
13030 206.508
13042 205.969
13054.1 205.196
13066.1 204.528
13078.1 204.017
13090.1 203.584
13102.1 203.212
13114.1 202.895
13126.1 202.636
13138.1 202.448
13150.2 202.365
13162.2 202.541
13174.2 202.527
13186.2 202.406
13198.2 202.233
13210.2 202.029
13222.2 201.804
13234.2 201.57
13246.2 201.339
13258.3 201.144
13270.3 201.049
13282.3 200.768
13294.3 200.389
13306.3 199.931
13318.3 199.4
13330.3 198.789
13342.3 198.084
13354.4 197.252
13366.4 196.17
13378.4 194.857
13390.4 193.927
13402.4 193.117
13414.4 192.38
13426.4 191.691
13438.4 191.037
13450.5 190.407
13462.5 189.788
13474.5 189.13
13486.5 188.523
13498.5 187.995
13510.5 187.518
13522.5 187.082
13534.5 186.687
13546.5 186.332
13558.6 186.023
13570.6 185.774
13582.6 185.658
13594.6 185.472
13606.6 185.244
13618.6 185.002
13630.6 184.752
13642.6 184.499
13654.7 184.244
13666.7 183.988
13678.7 183.726
13690.7 183.446
13702.7 183.199
13714.7 182.971
13726.7 182.759
13738.7 182.561
13750.8 182.377
13762.8 182.207
13774.8 182.053
13786.8 181.918
13798.8 181.803
13810.8 181.693
13822.8 181.596
13834.8 181.514
13846.8 181.45
13858.9 181.409
13870.9 181.396
13882.9 181.423
13894.9 181.553
13906.9 181.68
13918.9 181.73
13930.9 181.756
13942.9 181.77
13955 181.78
13967 181.792
13979 181.814
13991 181.858
14003 181.986
14015 182.046
14027 182.052
14039 182.03
14051.1 181.986
14063.1 181.924
14075.1 181.849
14087.1 181.761
14099.1 181.665
14111.1 181.57
14123.1 181.445
14135.1 181.299
14147.1 181.133
14159.2 180.946
14171.2 180.738
14183.2 180.505
14195.2 180.238
14207.2 179.913
14219.2 179.509
14231.2 179.197
14243.2 178.913
14255.3 178.643
14267.3 178.379
14279.3 178.118
14291.3 177.856
14303.3 177.588
14315.3 177.303
14327.3 177.011
14339.3 176.742
14351.4 176.477
14363.4 176.213
14375.4 175.945
14387.4 175.669
14399.4 175.379
14411.4 175.06
14423.4 174.641
14435.4 174.292
14447.4 174.01
14459.5 173.764
14471.5 173.545
14483.5 173.349
14495.5 173.174
14507.5 173.02
14519.5 172.89
14531.5 172.799
14543.5 172.695
14555.6 172.589
14567.6 172.488
14579.6 172.393
14591.6 172.305
14603.6 172.227
14615.6 172.16
14627.6 172.11
14639.6 172.088
14651.7 172.043
14663.7 171.992
14675.7 171.941
14687.7 171.892
14699.7 171.846
14711.7 171.805
14723.7 171.773
14735.7 171.762
14747.7 171.762
14759.8 171.734
14771.8 171.697
14783.8 171.656
14795.8 171.613
14807.8 171.57
14819.8 171.529
14831.8 171.497
14843.8 171.502
14855.9 171.478
14867.9 171.422
14879.9 171.347
14891.9 171.256
14903.9 171.151
14915.9 171.033
14927.9 170.901
14939.9 170.754
14952 170.587
14964 170.412
14976 170.227
14988 170.028
15000 169.812
15012 169.575
15024 169.314
15036 169.017
15048 168.658
15060.1 168.191
15072.1 167.839
15084.1 167.527
15096.1 167.236
15108.1 166.955
15120.1 166.678
15132.1 166.401
15144.1 166.114
15156.2 165.794
15168.2 165.447
15180.2 165.174
15192.2 164.928
15204.2 164.701
15216.2 164.488
15228.2 164.288
15240.2 164.098
15252.3 163.915
15264.3 163.736
15276.3 163.568
15288.3 163.411
15300.3 163.263
15312.3 163.122
15324.3 162.988
15336.3 162.86
15348.3 162.735
15360.4 162.607
15372.4 162.454
15384.4 162.345
15396.4 162.27
15408.4 162.223
15420.4 162.202
15432.4 162.21
15444.4 162.252
15456.5 162.339
15468.5 162.5
15480.5 162.803
15492.5 162.973
15504.5 163.096
15516.5 163.2
15528.5 163.297
15540.5 163.396
15552.6 163.51
15564.6 163.657
15576.6 163.891
15588.6 164.219
15600.6 164.348
15612.6 164.4
15624.6 164.399
15636.6 164.355
15648.6 164.273
15660.7 164.156
15672.7 164.003
15684.7 163.798
15696.7 163.577
15708.7 163.36
15720.7 163.133
15732.7 162.895
15744.7 162.644
15756.8 162.38
15768.8 162.101
15780.8 161.807
15792.8 161.481
15804.8 161.166
15816.8 160.856
15828.8 160.55
15840.8 160.246
15852.9 159.947
15864.9 159.658
15876.9 159.388
15888.9 159.159
15900.9 159.037
15912.9 158.784
15924.9 158.467
15936.9 158.109
15948.9 157.718
15961 157.299
15973 156.852
15985 156.375
15997 155.855
16009 155.285
16021 154.775
16033 154.287
16045 153.817
16057.1 153.365
16069.1 152.939
16081.1 152.549
16093.1 152.217
16105.1 152.045
16117.1 151.891
16129.1 151.552
16141.1 151.147
16153.2 150.704
16165.2 150.237
16177.2 149.76
16189.2 149.291
16201.2 148.861
16213.2 148.618
16225.2 148.204
16237.2 147.641
16249.2 146.991
16261.3 146.274
16273.3 145.501
16285.3 144.679
16297.3 143.813
16309.3 142.907
16321.3 141.97
16333.3 140.988
16345.3 139.966
16357.4 138.908
16369.4 137.816
16381.4 136.691
16393.4 135.534
16405.4 134.347
16417.4 133.132
16429.4 131.892
16441.4 130.611
16453.5 129.296
16465.5 127.946
16477.5 126.559
16489.5 125.133
16501.5 123.662
16513.5 122.132
16525.5 120.488
16537.5 118.788
16549.5 117.206
16561.6 115.657
16573.6 114.125
16585.6 112.604
16597.6 111.093
16609.6 109.589
16621.6 108.098
16633.6 106.641
16645.6 105.162
16657.7 103.658
16669.7 102.141
16681.7 100.613
16693.7 99.0761
16705.7 97.5305
16717.7 95.9763
16729.7 94.4121
16741.7 92.831
16753.8 91.2572
16765.8 89.6859
16777.8 88.1155
16789.8 86.5461
16801.8 84.9785
16813.8 83.4151
16825.8 81.8602
16837.8 80.3277
16849.8 78.8391
16861.9 77.277
16873.9 75.6809
16885.9 74.0592
16897.9 72.4147
16909.9 70.7477
16921.9 69.0568
16933.9 67.338
16945.9 65.5768
16958 63.7798
16970 62.0023
16982 60.2161
16994 58.4134
17006 56.5875
17018 54.7305
17030 52.8304
17042 50.8631
17054.1 48.7069
17066.1 46.6204
17078.1 44.6367
17090.1 42.6881
17102.1 40.7517
17114.1 38.8117
17126.1 36.8516
17138.1 34.848
17150.2 32.7511
17162.2 30.3639
17174.2 28.2445
17186.2 26.2845
17198.2 24.4126
17210.2 22.6014
17222.2 20.8335
17234.2 19.0934
17246.2 17.3614
17258.3 15.5943
17270.3 13.7066
17282.3 12.0588
17294.3 10.5339
17306.3 9.10025
17318.3 7.7458
17330.3 6.46527
17342.3 5.25788
17354.4 4.12869
17366.4 3.10417
17378.4 2.17865
17390.4 1.20744
17402.4 0.251517
17414.4 -0.677279
17426.4 -1.57271
17438.4 -2.42941
17450.5 -3.24045
17462.5 -3.99257
17474.5 -4.61805
17486.5 -5.25032
17498.5 -5.93499
17510.5 -6.62756
17522.5 -7.31628
17534.5 -7.9948
17546.5 -8.65814
17558.6 -9.3005
17570.6 -9.91061
17582.6 -10.4396
17594.6 -11.0221
17606.6 -11.6395
17618.6 -12.2759
17630.6 -12.9286
17642.6 -13.5997
17654.7 -14.2962
17666.7 -15.0343
17678.7 -15.8614
17690.7 -16.9012
17702.7 -17.6618
17714.7 -18.2861
17726.7 -18.8145
17738.7 -19.2592
17750.8 -19.6216
17762.8 -19.895
17774.8 -20.0579
17786.8 -20.033
17798.8 -19.7931
17810.8 -19.8205
17822.8 -19.9242
17834.8 -20.0673
17846.8 -20.2339
17858.9 -20.4156
17870.9 -20.6069
17882.9 -20.8045
17894.9 -21.0056
17906.9 -21.2085
17918.9 -21.4118
17930.9 -21.6144
17942.9 -21.8155
17955 -22.0144
17967 -22.2106
17979 -22.4037
17991 -22.5933
18003 -22.7791
18015 -22.9611
18027 -23.1389
18039 -23.3124
18051.1 -23.4815
18063.1 -23.6462
18075.1 -23.8064
18087.1 -23.962
18099.1 -24.113
18111.1 -24.2594
18123.1 -24.4012
18135.1 -24.5385
18147.1 -24.6711
18159.2 -24.7992
18171.2 -24.9228
18183.2 -25.0419
18195.2 -25.1565
18207.2 -25.2667
18219.2 -25.3726
18231.2 -25.4742
18243.2 -25.5715
18255.3 -25.6646
18267.3 -25.7536
18279.3 -25.8386
18291.3 -25.9195
18303.3 -25.9964
18315.3 -26.0695
18327.3 -26.1387
18339.3 -26.2042
18351.4 -26.266
18363.4 -26.3241
18375.4 -26.3787
18387.4 -26.4298
18399.4 -26.4774
18411.4 -26.5217
18423.4 -26.5626
18435.4 -26.6003
18447.4 -26.6348
18459.5 -26.6662
18471.5 -26.6945
18483.5 -26.7198
18495.5 -26.7422
18507.5 -26.7617
18519.5 -26.7784
18531.5 -26.7923
18543.5 -26.8035
18555.6 -26.8121
18567.6 -26.8181
18579.6 -26.8215
18591.6 -26.8225
18603.6 -26.8211
18615.6 -26.8173
18627.6 -26.8111
18639.6 -26.8028
18651.7 -26.7922
18663.7 -26.7794
18675.7 -26.7646
18687.7 -26.7477
18699.7 -26.7287
18711.7 -26.7079
18723.7 -26.685
18735.7 -26.6604
18747.7 -26.6339
18759.8 -26.6056
18771.8 -26.5756
18783.8 -26.5438
18795.8 -26.5105
18807.8 -26.4755
18819.8 -26.4389
18831.8 -26.4009
18843.8 -26.3613
18855.9 -26.3203
18867.9 -26.2778
18879.9 -26.234
18891.9 -26.1888
18903.9 -26.1423
18915.9 -26.0946
18927.9 -26.0456
18939.9 -25.9954
18952 -25.9441
18964 -25.8916
18976 -25.8379
18988 -25.7833
19000 -25.7275
