7000 -465.475
7012.01 -466.284
7024.02 -467.066
7036.04 -467.819
7048.05 -468.544
7060.06 -469.238
7072.07 -469.901
7084.08 -470.532
7096.1 -471.129
7108.11 -471.692
7120.12 -472.219
7132.13 -472.71
7144.14 -473.163
7156.16 -473.577
7168.17 -473.95
7180.18 -474.283
7192.19 -474.574
7204.2 -474.822
7216.22 -475.025
7228.23 -475.183
7240.24 -475.295
7252.25 -475.36
7264.26 -475.377
7276.28 -475.345
7288.29 -475.263
7300.3 -475.13
7312.31 -474.946
7324.32 -474.711
7336.34 -474.423
7348.35 -474.082
7360.36 -473.687
7372.37 -473.239
7384.38 -472.737
7396.4 -472.182
7408.41 -471.572
7420.42 -470.909
7432.43 -470.193
7444.44 -469.424
7456.46 -468.603
7468.47 -467.732
7480.48 -466.811
7492.49 -465.842
7504.5 -464.828
7516.52 -463.77
7528.53 -462.674
7540.54 -461.543
7552.55 -460.386
7564.56 -459.215
7576.58 -458.07
7588.59 -456.958
7600.6 -455.685
7612.61 -454.338
7624.62 -452.94
7636.64 -451.506
7648.65 -450.056
7660.66 -448.617
7672.67 -447.242
7684.68 -446.211
7696.7 -445
7708.71 -443.35
7720.72 -441.46
7732.73 -439.374
7744.74 -437.103
7756.76 -434.643
7768.77 -431.968
7780.78 -429.004
7792.79 -425.365
7804.8 -422.079
7816.82 -419.026
7828.83 -416.057
7840.84 -413.12
7852.85 -410.185
7864.86 -407.222
7876.88 -404.193
7888.89 -401.011
7900.9 -397.442
7912.91 -394.331
7924.92 -391.434
7936.94 -388.672
7948.95 -386.013
7960.96 -383.437
7972.97 -380.932
7984.98 -378.481
7997 -376.056
8009.01 -373.638
8021.02 -371.39
8033.03 -369.246
8045.05 -367.192
8057.06 -365.221
8069.07 -363.329
8081.08 -361.515
8093.09 -359.779
8105.11 -358.127
8117.12 -356.544
8129.13 -355.008
8141.14 -353.529
8153.15 -352.105
8165.17 -350.735
8177.18 -349.414
8189.19 -348.137
8201.2 -346.885
8213.21 -345.581
8225.23 -344.418
8237.24 -343.384
8249.25 -342.445
8261.26 -341.588
8273.27 -340.805
8285.29 -340.088
8297.3 -339.42
8309.31 -338.768
8321.32 -338.007
8333.33 -337.563
8345.35 -337.334
8357.36 -337.29
8369.37 -337.429
8381.38 -337.765
8393.39 -338.334
8405.41 -339.207
8417.42 -340.612
8429.43 -342.793
8441.44 -344.059
8453.45 -345.025
8465.47 -345.825
8477.48 -346.514
8489.49 -347.123
8501.5 -347.669
8513.51 -348.165
8525.53 -348.62
8537.54 -349.04
8549.55 -349.43
8561.56 -349.793
8573.57 -350.131
8585.59 -350.448
8597.6 -350.744
8609.61 -351.02
8621.62 -351.278
8633.63 -351.518
8645.65 -351.741
8657.66 -351.946
8669.67 -352.134
8681.68 -352.306
8693.69 -352.46
8705.71 -352.597
8717.72 -352.716
8729.73 -352.818
8741.74 -352.902
8753.75 -352.968
8765.77 -353.014
8777.78 -353.042
8789.79 -353.05
8801.8 -353.039
8813.81 -353.007
8825.83 -352.954
8837.84 -352.879
8849.85 -352.783
8861.86 -352.665
8873.87 -352.524
8885.89 -352.36
8897.9 -352.172
8909.91 -351.96
8921.92 -351.723
8933.93 -351.461
8945.95 -351.173
8957.96 -350.859
8969.97 -350.518
8981.98 -350.151
8993.99 -349.755
9006.01 -349.332
9018.02 -348.88
9030.03 -348.4
9042.04 -347.889
9054.05 -347.349
9066.07 -346.779
9078.08 -346.178
9090.09 -345.546
9102.1 -344.882
9114.11 -344.186
9126.13 -343.458
9138.14 -342.697
9150.15 -341.903
9162.16 -341.075
9174.17 -340.214
9186.19 -339.318
9198.2 -338.388
9210.21 -337.422
9222.22 -336.421
9234.23 -335.384
9246.25 -334.312
9258.26 -333.203
9270.27 -332.057
9282.28 -330.875
9294.29 -329.655
9306.31 -328.397
9318.32 -327.102
9330.33 -325.769
9342.34 -324.397
9354.35 -322.987
9366.37 -321.537
9378.38 -320.049
9390.39 -318.522
9402.4 -316.954
9414.41 -315.348
9426.43 -313.701
9438.44 -312.014
9450.45 -310.287
9462.46 -308.519
9474.47 -306.71
9486.49 -304.861
9498.5 -302.971
9510.51 -301.04
9522.52 -299.068
9534.53 -297.055
9546.55 -295
9558.56 -292.904
9570.57 -290.766
9582.58 -288.587
9594.59 -286.366
9606.61 -284.103
9618.62 -281.799
9630.63 -279.453
9642.64 -277.065
9654.65 -274.636
9666.67 -272.165
9678.68 -269.653
9690.69 -267.099
9702.7 -264.503
9714.71 -261.866
9726.73 -259.188
9738.74 -256.469
9750.75 -253.708
9762.76 -250.906
9774.77 -248.064
9786.79 -245.18
9798.8 -242.257
9810.81 -239.293
9822.82 -236.288
9834.83 -233.244
9846.85 -230.16
9858.86 -227.036
9870.87 -223.873
9882.88 -220.671
9894.89 -217.431
9906.91 -214.151
9918.92 -210.834
9930.93 -207.479
9942.94 -204.086
9954.95 -200.656
9966.97 -197.189
9978.98 -193.686
9990.99 -190.146
10003 -186.571
10015 -182.961
10027 -179.315
10039 -175.635
10051.1 -171.921
10063.1 -168.174
10075.1 -164.393
10087.1 -160.58
10099.1 -156.734
10111.1 -152.857
10123.1 -148.949
10135.1 -145.01
10147.1 -141.041
10159.2 -137.042
10171.2 -133.015
10183.2 -128.959
10195.2 -124.875
10207.2 -120.764
10219.2 -116.627
10231.2 -112.463
10243.2 -108.274
10255.3 -104.06
10267.3 -99.8223
10279.3 -95.5609
10291.3 -91.2767
10303.3 -86.9703
10315.3 -82.6424
10327.3 -78.2937
10339.3 -73.9248
10351.4 -69.5365
10363.4 -65.1295
10375.4 -60.7045
10387.4 -56.2621
10399.4 -51.8032
10411.4 -47.3283
10423.4 -42.8383
10435.4 -38.334
10447.4 -33.8159
10459.5 -29.2849
10471.5 -24.7418
10483.5 -20.1872
10495.5 -15.6219
10507.5 -11.0467
10519.5 -6.46233
10531.5 -1.86955
10543.5 2.73088
10555.6 7.33819
10567.6 11.9516
10579.6 16.5704
10591.6 21.1938
10603.6 25.821
10615.6 30.4512
10627.6 35.0838
10639.6 39.7179
10651.7 44.3528
10663.7 48.9876
10675.7 53.6217
10687.7 58.2543
10699.7 62.8847
10711.7 67.512
10723.7 72.1355
10735.7 76.7545
10747.7 81.3683
10759.8 85.976
10771.8 90.5769
10783.8 95.1704
10795.8 99.7556
10807.8 104.332
10819.8 108.898
10831.8 113.455
10843.8 117.999
10855.9 122.533
10867.9 127.053
10879.9 131.56
10891.9 136.053
10903.9 140.532
10915.9 144.994
10927.9 149.441
10939.9 153.871
10952 158.283
10964 162.677
10976 167.051
10988 171.406
11000 175.74
11012 180.053
11024 184.344
11036 188.612
11048 192.856
11060.1 197.075
11072.1 201.269
11084.1 205.437
11096.1 209.578
11108.1 213.691
11120.1 217.774
11132.1 221.827
11144.1 225.849
11156.2 229.837
11168.2 233.792
11180.2 237.711
11192.2 241.592
11204.2 245.434
11216.2 249.234
11228.2 252.989
11240.2 256.698
11252.3 260.354
11264.3 263.955
11276.3 267.493
11288.3 270.962
11300.3 274.352
11312.3 277.647
11324.3 280.827
11336.3 283.858
11348.3 286.676
11360.4 289.125
11372.4 290.514
11384.4 292.806
11396.4 295.679
11408.4 298.898
11420.4 302.394
11432.4 306.151
11444.4 310.185
11456.5 314.561
11468.5 319.496
11480.5 325.513
11492.5 330.405
11504.5 334.841
11516.5 339
11528.5 342.944
11540.5 346.691
11552.6 350.231
11564.6 353.511
11576.6 356.3
11588.6 358.594
11600.6 361.74
11612.6 365.202
11624.6 368.893
11636.6 372.791
11648.6 376.904
11660.7 381.275
11672.7 386.01
11684.7 391.712
11696.7 397.24
11708.7 402.039
11720.7 406.557
11732.7 410.906
11744.7 415.146
11756.8 419.325
11768.8 423.495
11780.8 427.754
11792.8 432.523
11804.8 436.706
11816.8 440.428
11828.8 443.843
11840.8 446.991
11852.9 449.881
11864.9 452.495
11876.9 454.782
11888.9 456.578
11900.9 457.417
11912.9 459.046
11924.9 460.97
11936.9 463.024
11948.9 465.144
11961 467.287
11973 469.416
11985 471.477
11997 473.322
12009 474.868
12021 477.056
12033 479.532
12045 482.238
12057.1 485.164
12069.1 488.332
12081.1 491.795
12093.1 495.687
12105.1 500.631
12117.1 505.711
12129.1 509.626
12141.1 513.107
12153.2 516.291
12165.2 519.237
12177.2 521.97
12189.2 524.491
12201.2 526.766
12213.2 528.543
12225.2 530.482
12237.2 532.55
12249.2 534.637
12261.3 536.708
12273.3 538.734
12285.3 540.682
12297.3 542.495
12309.3 544.016
12321.3 544.708
12333.3 546.438
12345.3 548.761
12357.4 551.53
12369.4 554.731
12381.4 558.409
12393.4 562.679
12405.4 567.792
12417.4 574.54
12429.4 583.802
12441.4 589.605
12453.5 594.109
12465.5 597.778
12477.5 600.792
12489.5 603.236
12501.5 605.136
12513.5 606.454
12525.5 606.889
12537.5 606.806
12549.5 607.23
12561.6 607.669
12573.6 608.038
12585.6 608.298
12597.6 608.426
12609.6 608.404
12621.6 608.212
12633.6 607.784
12645.6 607.24
12657.7 606.575
12669.7 605.751
12681.7 604.744
12693.7 603.532
12705.7 602.085
12717.7 600.352
12729.7 598.228
12741.7 595.344
12753.8 592.782
12765.8 590.269
12777.8 587.656
12789.8 584.858
12801.8 581.79
12813.8 578.337
12825.8 574.291
12837.8 569.07
12849.8 561.773
12861.9 557.171
12873.9 553.635
12885.9 550.789
12897.9 548.5
12909.9 546.727
12921.9 545.499
12933.9 544.958
12945.9 545.767
12958 547.496
12970 547.223
12982 546.217
12994 544.669
13006 542.619
13018 540.027
13030 536.76
13042 532.466
13054.1 525.099
13066.1 519.213
13078.1 515.461
13090.1 512.773
13102.1 510.885
13114.1 509.709
13126.1 509.25
13138.1 509.617
13150.2 511.18
13162.2 515.644
13174.2 517.932
13186.2 518.956
13198.2 519.285
13210.2 519.08
13222.2 518.377
13234.2 517.131
13246.2 515.168
13258.3 511.909
13270.3 506.094
13282.3 503.463
13294.3 502.245
13306.3 502.012
13318.3 502.653
13330.3 504.187
13342.3 506.753
13354.4 510.726
13366.4 517.506
13378.4 526.856
13390.4 531.578
13402.4 534.695
13414.4 536.738
13426.4 537.905
13438.4 538.254
13450.5 537.731
13462.5 536.086
13474.5 531.664
13486.5 527.901
13498.5 526.003
13510.5 524.898
13522.5 524.352
13534.5 524.293
13546.5 524.732
13558.6 525.774
13570.6 527.751
13582.6 532.317
13594.6 534.834
13606.6 535.95
13618.6 536.248
13630.6 535.886
13642.6 534.902
13654.7 533.259
13666.7 530.809
13678.7 527.079
13690.7 520.818
13702.7 516.982
13714.7 514.113
13726.7 511.777
13738.7 509.813
13750.8 508.143
13762.8 506.729
13774.8 505.569
13786.8 504.754
13798.8 504.305
13810.8 503.494
13822.8 502.587
13834.8 501.622
13846.8 500.602
13858.9 499.517
13870.9 498.334
13882.9 496.981
13894.9 495.091
13906.9 493.306
13918.9 492.083
13930.9 491.104
13942.9 490.295
13955 489.615
13967 489.033
13979 488.511
13991 487.979
14003 487.093
14015 486.743
14027 486.86
14039 487.325
14051.1 488.117
14063.1 489.252
14075.1 490.775
14087.1 492.789
14099.1 495.573
14111.1 499.989
14123.1 503.037
14135.1 505.531
14147.1 507.773
14159.2 509.886
14171.2 511.952
14183.2 514.045
14195.2 516.268
14207.2 518.882
14219.2 522.096
14231.2 524.233
14243.2 525.933
14255.3 527.332
14267.3 528.485
14279.3 529.417
14291.3 530.133
14303.3 530.614
14315.3 530.727
14327.3 530.657
14339.3 530.781
14351.4 530.904
14363.4 530.991
14375.4 531.024
14387.4 530.989
14399.4 530.868
14411.4 530.635
14423.4 530.167
14435.4 529.74
14447.4 529.344
14459.5 528.919
14471.5 528.438
14483.5 527.875
14495.5 527.198
14507.5 526.357
14519.5 525.226
14531.5 523.379
14543.5 522.176
14555.6 521.283
14567.6 520.554
14579.6 519.93
14591.6 519.376
14603.6 518.863
14615.6 518.358
14627.6 517.791
14639.6 517.073
14651.7 516.664
14663.7 516.387
14675.7 516.196
14687.7 516.059
14699.7 515.946
14711.7 515.814
14723.7 515.574
14735.7 514.889
14747.7 514.057
14759.8 514.301
14771.8 515.065
14783.8 516.272
14795.8 517.917
14807.8 520.042
14819.8 522.751
14831.8 526.303
14843.8 532.138
14855.9 536.978
14867.9 540.56
14879.9 543.605
14891.9 546.316
14903.9 548.797
14915.9 551.115
14927.9 553.321
14939.9 555.481
14952 557.762
14964 559.738
14976 561.513
14988 563.148
15000 564.671
15012 566.102
15024 567.458
15036 568.764
15048 570.075
15060.1 571.486
15072.1 572.543
15084.1 573.393
15096.1 574.069
15108.1 574.574
15120.1 574.902
15132.1 575.027
15144.1 574.895
15156.2 574.305
15168.2 573.324
15180.2 572.86
15192.2 572.503
15204.2 572.168
15216.2 571.804
15228.2 571.365
15240.2 570.79
15252.3 569.958
15264.3 568.257
15276.3 566.952
15288.3 566.348
15300.3 566.084
15312.3 566.067
15324.3 566.256
15336.3 566.632
15348.3 567.194
15360.4 567.969
15372.4 569.122
15384.4 570.155
15396.4 571.143
15408.4 572.144
15420.4 573.171
15432.4 574.224
15444.4 575.293
15456.5 576.347
15468.5 577.28
15480.5 577.831
15492.5 579.16
15504.5 580.942
15516.5 583.112
15528.5 585.681
15540.5 588.703
15552.6 592.291
15564.6 596.693
15576.6 602.749
15588.6 610.515
15600.6 615.392
15612.6 619.28
15624.6 622.538
15636.6 625.319
15648.6 627.702
15660.7 629.727
15672.7 631.402
15684.7 632.599
15696.7 633.618
15708.7 634.606
15720.7 635.454
15732.7 636.133
15744.7 636.619
15756.8 636.882
15768.8 636.867
15780.8 636.447
15792.8 635.021
15804.8 634.174
15816.8 633.719
15828.8 633.424
15840.8 633.211
15852.9 633.037
15864.9 632.869
15876.9 632.676
15888.9 632.402
15900.9 631.919
15912.9 631.66
15924.9 631.489
15936.9 631.358
15948.9 631.24
15961 631.113
15973 630.952
15985 630.714
15997 630.277
16009 629.567
16021 629.349
16033 629.324
16045 629.43
16057.1 629.638
16069.1 629.932
16081.1 630.298
16093.1 630.713
16105.1 631.088
16117.1 631.563
16129.1 632.334
16141.1 633.311
16153.2 634.495
16165.2 635.909
16177.2 637.605
16189.2 639.677
16201.2 642.358
16213.2 646.829
16225.2 650.131
16237.2 652.438
16249.2 654.239
16261.3 655.685
16273.3 656.852
16285.3 657.788
16297.3 658.531
16309.3 659.126
16321.3 659.69
16333.3 659.868
16345.3 659.75
16357.4 659.364
16369.4 658.713
16381.4 657.784
16393.4 656.547
16405.4 654.938
16417.4 652.773
16429.4 649.843
16441.4 647.48
16453.5 645.178
16465.5 642.812
16477.5 640.307
16489.5 637.597
16501.5 634.597
16513.5 631.159
16525.5 626.74
16537.5 621.871
16549.5 618.134
16561.6 614.715
16573.6 611.446
16585.6 608.237
16597.6 605.019
16609.6 601.721
16621.6 598.231
16633.6 594.072
16645.6 590.283
16657.7 586.874
16669.7 583.615
16681.7 580.422
16693.7 577.24
16705.7 574.014
16717.7 570.676
16729.7 567.083
16741.7 562.752
16753.8 559.152
16765.8 555.941
16777.8 552.958
16789.8 550.148
16801.8 547.491
16813.8 544.99
16825.8 542.684
16837.8 540.722
16849.8 539.35
16861.9 537.203
16873.9 534.742
16885.9 532.075
16897.9 529.247
16909.9 526.288
16921.9 523.228
16933.9 520.115
16945.9 517.112
16958 514.129
16970 510.508
16982 506.546
16994 502.295
17006 497.775
17018 492.992
17030 487.94
17042 482.585
17054.1 476.697
17066.1 470.814
17078.1 465.021
17090.1 459.203
17102.1 453.34
17114.1 447.435
17126.1 441.5
17138.1 435.564
17150.2 429.687
17162.2 424.094
17174.2 418.188
17186.2 412.1
17198.2 405.926
17210.2 399.712
17222.2 393.499
17234.2 387.329
17246.2 381.253
17258.3 375.374
17270.3 369.876
17282.3 364.088
17294.3 358.263
17306.3 352.49
17318.3 346.83
17330.3 341.338
17342.3 336.086
17354.4 331.185
17366.4 326.962
17378.4 323.393
17390.4 318.978
17402.4 314.386
17414.4 309.759
17426.4 305.174
17438.4 300.691
17450.5 296.372
17462.5 292.31
17474.5 288.908
17486.5 285.412
17498.5 281.571
17510.5 277.651
17522.5 273.732
17534.5 269.866
17546.5 266.105
17558.6 262.529
17570.6 259.328
17582.6 257.396
17594.6 254.192
17606.6 250.041
17618.6 245.216
17630.6 239.739
17642.6 233.53
17654.7 226.399
17666.7 217.938
17678.7 207.003
17690.7 190.64
17702.7 180.445
17714.7 173.004
17726.7 167.309
17738.7 163.006
17750.8 159.959
17762.8 158.171
17774.8 157.827
17786.8 159.757
17798.8 164.235
17810.8 165.833
17822.8 166.672
17834.8 167.15
17846.8 167.43
17858.9 167.595
17870.9 167.695
17882.9 167.761
17894.9 167.813
17906.9 167.864
17918.9 167.924
17930.9 167.999
17942.9 168.093
17955 168.208
17967 168.347
17979 168.51
17991 168.698
18003 168.91
18015 169.146
18027 169.406
18039 169.688
18051.1 169.992
18063.1 170.317
18075.1 170.661
18087.1 171.023
18099.1 171.404
18111.1 171.8
18123.1 172.212
18135.1 172.638
18147.1 173.077
18159.2 173.528
18171.2 173.991
18183.2 174.463
18195.2 174.945
18207.2 175.436
18219.2 175.934
18231.2 176.439
18243.2 176.95
18255.3 177.466
18267.3 177.987
18279.3 178.512
18291.3 179.04
18303.3 179.571
18315.3 180.104
18327.3 180.639
18339.3 181.176
18351.4 181.713
18363.4 182.25
18375.4 182.787
18387.4 183.324
18399.4 183.86
18411.4 184.394
18423.4 184.927
18435.4 185.458
18447.4 185.988
18459.5 186.514
18471.5 187.038
18483.5 187.56
18495.5 188.078
18507.5 188.593
18519.5 189.104
18531.5 189.612
18543.5 190.116
18555.6 190.617
18567.6 191.113
18579.6 191.605
18591.6 192.093
18603.6 192.576
18615.6 193.055
18627.6 193.529
18639.6 193.999
18651.7 194.464
18663.7 194.924
18675.7 195.38
18687.7 195.83
18699.7 196.276
18711.7 196.716
18723.7 197.152
18735.7 197.583
18747.7 198.009
18759.8 198.429
18771.8 198.845
18783.8 199.256
18795.8 199.661
18807.8 200.062
18819.8 200.457
18831.8 200.848
18843.8 201.233
18855.9 201.614
18867.9 201.989
18879.9 202.36
18891.9 202.725
18903.9 203.086
18915.9 203.441
18927.9 203.792
18939.9 204.138
18952 204.479
18964 204.815
18976 205.146
18988 205.473
19000 205.794
