7000 -90.8761
7012.01 -91.4633
7024.02 -92.0886
7036.04 -92.7541
7048.05 -93.4622
7060.06 -94.2152
7072.07 -95.0155
7084.08 -95.8654
7096.1 -96.7675
7108.11 -97.724
7120.12 -98.7376
7132.13 -99.8104
7144.14 -100.945
7156.16 -102.143
7168.17 -103.407
7180.18 -104.739
7192.19 -106.141
7204.2 -107.614
7216.22 -109.16
7228.23 -110.78
7240.24 -112.474
7252.25 -114.244
7264.26 -116.088
7276.28 -118.008
7288.29 -120.001
7300.3 -122.068
7312.31 -124.206
7324.32 -126.414
7336.34 -128.689
7348.35 -131.027
7360.36 -133.426
7372.37 -135.881
7384.38 -138.388
7396.4 -140.942
7408.41 -143.538
7420.42 -146.171
7432.43 -148.835
7444.44 -151.524
7456.46 -154.232
7468.47 -156.953
7480.48 -159.683
7492.49 -162.415
7504.5 -165.144
7516.52 -167.866
7528.53 -170.58
7540.54 -173.283
7552.55 -175.98
7564.56 -178.684
7576.58 -181.457
7588.59 -184.299
7600.6 -186.837
7612.61 -189.217
7624.62 -191.458
7636.64 -193.566
7648.65 -195.534
7660.66 -197.348
7672.67 -198.973
7684.68 -200.21
7696.7 -201.435
7708.71 -202.833
7720.72 -204.26
7732.73 -205.682
7744.74 -207.085
7756.76 -208.464
7768.77 -209.816
7780.78 -211.146
7792.79 -212.486
7804.8 -213.747
7816.82 -214.938
7828.83 -216.074
7840.84 -217.156
7852.85 -218.186
7864.86 -219.161
7876.88 -220.077
7888.89 -220.909
7900.9 -221.587
7912.91 -222.387
7924.92 -223.237
7936.94 -224.117
7948.95 -225.024
7960.96 -225.965
7972.97 -226.95
7984.98 -228.006
7997 -229.218
8009.01 -230.635
8021.02 -231.715
8033.03 -232.668
8045.05 -233.536
8057.06 -234.338
8069.07 -235.08
8081.08 -235.765
8093.09 -236.383
8105.11 -236.874
8117.12 -237.341
8129.13 -237.926
8141.14 -238.556
8153.15 -239.226
8165.17 -239.938
8177.18 -240.706
8189.19 -241.556
8201.2 -242.554
8213.21 -244.049
8225.23 -245.159
8237.24 -245.927
8249.25 -246.491
8261.26 -246.883
8273.27 -247.108
8285.29 -247.148
8297.3 -246.958
8309.31 -246.396
8321.32 -244.983
8333.33 -244.35
8345.35 -244.086
8357.36 -244.036
8369.37 -244.148
8381.38 -244.4
8393.39 -244.79
8405.41 -245.338
8417.42 -246.127
8429.43 -247.251
8441.44 -248.025
8453.45 -248.695
8465.47 -249.311
8477.48 -249.896
8489.49 -250.459
8501.5 -251.006
8513.51 -251.543
8525.53 -252.071
8537.54 -252.593
8549.55 -253.111
8561.56 -253.626
8573.57 -254.138
8585.59 -254.649
8597.6 -255.158
8609.61 -255.667
8621.62 -256.175
8633.63 -256.684
8645.65 -257.192
8657.66 -257.702
8669.67 -258.212
8681.68 -258.723
8693.69 -259.235
8705.71 -259.747
8717.72 -260.261
8729.73 -260.777
8741.74 -261.293
8753.75 -261.811
8765.77 -262.33
8777.78 -262.85
8789.79 -263.372
8801.8 -263.895
8813.81 -264.419
8825.83 -264.944
8837.84 -265.471
8849.85 -266
8861.86 -266.529
8873.87 -267.06
8885.89 -267.591
8897.9 -268.124
8909.91 -268.658
8921.92 -269.193
8933.93 -269.729
8945.95 -270.266
8957.96 -270.804
8969.97 -271.342
8981.98 -271.881
8993.99 -272.421
9006.01 -272.962
9018.02 -273.503
9030.03 -274.045
9042.04 -274.587
9054.05 -275.129
9066.07 -275.671
9078.08 -276.214
9090.09 -276.757
9102.1 -277.299
9114.11 -277.842
9126.13 -278.384
9138.14 -278.926
9150.15 -279.468
9162.16 -280.009
9174.17 -280.55
9186.19 -281.09
9198.2 -281.629
9210.21 -282.167
9222.22 -282.705
9234.23 -283.241
9246.25 -283.776
9258.26 -284.31
9270.27 -284.842
9282.28 -285.373
9294.29 -285.902
9306.31 -286.429
9318.32 -286.955
9330.33 -287.478
9342.34 -287.999
9354.35 -288.518
9366.37 -289.035
9378.38 -289.549
9390.39 -290.06
9402.4 -290.569
9414.41 -291.074
9426.43 -291.577
9438.44 -292.076
9450.45 -292.572
9462.46 -293.064
9474.47 -293.553
9486.49 -294.037
9498.5 -294.518
9510.51 -294.995
9522.52 -295.467
9534.53 -295.935
9546.55 -296.398
9558.56 -296.856
9570.57 -297.309
9582.58 -297.757
9594.59 -298.199
9606.61 -298.636
9618.62 -299.067
9630.63 -299.492
9642.64 -299.911
9654.65 -300.323
9666.67 -300.729
9678.68 -301.128
9690.69 -301.52
9702.7 -301.904
9714.71 -302.281
9726.73 -302.65
9738.74 -303.011
9750.75 -303.364
9762.76 -303.708
9774.77 -304.044
9786.79 -304.37
9798.8 -304.687
9810.81 -304.994
9822.82 -305.292
9834.83 -305.579
9846.85 -305.855
9858.86 -306.121
9870.87 -306.375
9882.88 -306.618
9894.89 -306.849
9906.91 -307.068
9918.92 -307.274
9930.93 -307.467
9942.94 -307.647
9954.95 -307.813
9966.97 -307.965
9978.98 -308.103
9990.99 -308.225
10003 -308.332
10015 -308.423
10027 -308.497
10039 -308.555
10051.1 -308.595
10063.1 -308.618
10075.1 -308.622
10087.1 -308.607
10099.1 -308.573
10111.1 -308.518
10123.1 -308.443
10135.1 -308.347
10147.1 -308.229
10159.2 -308.088
10171.2 -307.924
10183.2 -307.737
10195.2 -307.524
10207.2 -307.287
10219.2 -307.023
10231.2 -306.733
10243.2 -306.415
10255.3 -306.069
10267.3 -305.694
10279.3 -305.289
10291.3 -304.853
10303.3 -304.385
10315.3 -303.885
10327.3 -303.351
10339.3 -302.783
10351.4 -302.178
10363.4 -301.538
10375.4 -300.86
10387.4 -300.143
10399.4 -299.387
10411.4 -298.589
10423.4 -297.75
10435.4 -296.868
10447.4 -295.942
10459.5 -294.97
10471.5 -293.951
10483.5 -292.884
10495.5 -291.768
10507.5 -290.602
10519.5 -289.384
10531.5 -288.112
10543.5 -286.786
10555.6 -285.404
10567.6 -283.965
10579.6 -282.467
10591.6 -280.909
10603.6 -279.288
10615.6 -277.605
10627.6 -275.857
10639.6 -274.043
10651.7 -272.161
10663.7 -270.21
10675.7 -268.188
10687.7 -266.094
10699.7 -263.926
10711.7 -261.683
10723.7 -259.363
10735.7 -256.964
10747.7 -254.486
10759.8 -251.925
10771.8 -249.282
10783.8 -246.555
10795.8 -243.741
10807.8 -240.84
10819.8 -237.85
10831.8 -234.77
10843.8 -231.599
10855.9 -228.334
10867.9 -224.976
10879.9 -221.522
10891.9 -217.971
10903.9 -214.323
10915.9 -210.576
10927.9 -206.729
10939.9 -202.782
10952 -198.733
10964 -194.582
10976 -190.327
10988 -185.969
11000 -181.507
11012 -176.94
11024 -172.268
11036 -167.49
11048 -162.607
11060.1 -157.618
11072.1 -152.524
11084.1 -147.323
11096.1 -142.017
11108.1 -136.605
11120.1 -131.088
11132.1 -125.467
11144.1 -119.741
11156.2 -113.911
11168.2 -107.977
11180.2 -101.94
11192.2 -95.7997
11204.2 -89.5568
11216.2 -83.2111
11228.2 -76.7623
11240.2 -70.2098
11252.3 -63.5524
11264.3 -56.788
11276.3 -49.9136
11288.3 -42.9243
11300.3 -35.8127
11312.3 -28.5673
11324.3 -21.1696
11336.3 -13.588
11348.3 -5.76166
11360.4 2.46329
11372.4 11.7767
11384.4 20.214
11396.4 28.0965
11408.4 35.6628
11420.4 42.9846
11432.4 50.0884
11444.4 56.9769
11456.5 63.6278
11468.5 69.9579
11480.5 75.7642
11492.5 81.8743
11504.5 88.0242
11516.5 94.1294
11528.5 100.144
11540.5 106.027
11552.6 111.727
11564.6 117.153
11576.6 122.029
11588.6 126.329
11600.6 131.51
11612.6 136.961
11624.6 142.565
11636.6 148.268
11648.6 154.043
11660.7 159.876
11672.7 165.766
11684.7 171.788
11696.7 177.772
11708.7 183.633
11720.7 189.43
11732.7 195.176
11744.7 200.88
11756.8 206.553
11768.8 212.217
11780.8 217.928
11792.8 223.976
11804.8 229.572
11816.8 234.795
11828.8 239.746
11840.8 244.445
11852.9 248.886
11864.9 253.042
11876.9 256.849
11888.9 260.125
11900.9 262.359
11912.9 265.455
11924.9 268.872
11936.9 272.434
11948.9 276.077
11961 279.766
11973 283.48
11985 287.206
11997 290.932
12009 294.651
12021 298.399
12033 302.166
12045 305.954
12057.1 309.775
12069.1 313.645
12081.1 317.599
12093.1 321.709
12105.1 326.298
12117.1 330.899
12129.1 334.853
12141.1 338.535
12153.2 342.023
12165.2 345.351
12177.2 348.544
12189.2 351.617
12201.2 354.587
12213.2 357.501
12225.2 360.264
12237.2 362.885
12249.2 365.38
12261.3 367.752
12273.3 369.996
12285.3 372.099
12297.3 374.029
12309.3 375.689
12321.3 376.741
12333.3 378.363
12345.3 380.272
12357.4 382.37
12369.4 384.64
12381.4 387.098
12393.4 389.792
12405.4 392.83
12417.4 396.557
12429.4 401.352
12441.4 404.643
12453.5 407.364
12465.5 409.723
12477.5 411.805
12489.5 413.658
12501.5 415.316
12513.5 416.804
12525.5 418.159
12537.5 419.366
12549.5 420.354
12561.6 421.163
12573.6 421.8
12585.6 422.266
12597.6 422.554
12609.6 422.644
12621.6 422.49
12633.6 421.829
12645.6 421.278
12657.7 420.856
12669.7 420.438
12681.7 419.987
12693.7 419.48
12705.7 418.902
12717.7 418.234
12729.7 417.442
12741.7 416.421
12753.8 415.472
12765.8 414.518
12777.8 413.515
12789.8 412.439
12801.8 411.267
12813.8 409.967
12825.8 408.48
12837.8 406.65
12849.8 404.233
12861.9 402.506
12873.9 401.029
12885.9 399.697
12897.9 398.467
12909.9 397.317
12921.9 396.237
12933.9 395.227
12945.9 394.324
12958 393.493
12970 392.535
12982 391.53
12994 390.481
13006 389.383
13018 388.219
13030 386.958
13042 385.525
13054.1 383.503
13066.1 381.818
13078.1 380.601
13090.1 379.637
13102.1 378.877
13114.1 378.309
13126.1 377.943
13138.1 377.819
13150.2 378.061
13162.2 379.213
13174.2 379.663
13186.2 379.702
13198.2 379.514
13210.2 379.152
13222.2 378.628
13234.2 377.932
13246.2 377.011
13258.3 375.693
13270.3 373.598
13282.3 372.451
13294.3 371.717
13306.3 371.267
13318.3 371.064
13330.3 371.105
13342.3 371.42
13354.4 372.094
13366.4 373.44
13378.4 375.411
13390.4 376.399
13402.4 377.088
13414.4 377.609
13426.4 378.02
13438.4 378.36
13450.5 378.661
13462.5 378.968
13474.5 379.457
13486.5 379.794
13498.5 379.866
13510.5 379.781
13522.5 379.566
13534.5 379.224
13546.5 378.749
13558.6 378.114
13570.6 377.243
13582.6 375.767
13594.6 374.724
13606.6 373.969
13618.6 373.375
13630.6 372.907
13642.6 372.561
13654.7 372.354
13666.7 372.334
13678.7 372.659
13690.7 373.745
13702.7 373.921
13714.7 373.666
13726.7 373.112
13738.7 372.293
13750.8 371.203
13762.8 369.803
13774.8 367.986
13786.8 365.38
13798.8 361.851
13810.8 359.709
13822.8 358.041
13834.8 356.675
13846.8 355.543
13858.9 354.614
13870.9 353.887
13882.9 353.391
13894.9 353.37
13906.9 353.361
13918.9 353.035
13930.9 352.599
13942.9 352.091
13955 351.52
13967 350.875
13979 350.126
13991 349.188
14003 347.601
14015 346.574
14027 346.014
14039 345.748
14051.1 345.741
14063.1 345.993
14075.1 346.538
14087.1 347.456
14099.1 348.987
14111.1 351.884
14123.1 353.486
14135.1 354.5
14147.1 355.173
14159.2 355.587
14171.2 355.774
14183.2 355.733
14195.2 355.42
14207.2 354.645
14219.2 353.253
14231.2 352.699
14243.2 352.456
14255.3 352.429
14267.3 352.594
14279.3 352.963
14291.3 353.577
14303.3 354.551
14315.3 356.403
14327.3 358.469
14339.3 359.386
14351.4 359.857
14363.4 360.002
14375.4 359.861
14387.4 359.44
14399.4 358.705
14411.4 357.548
14423.4 355.33
14435.4 353.616
14447.4 352.394
14459.5 351.381
14471.5 350.495
14483.5 349.697
14495.5 348.964
14507.5 348.278
14519.5 347.628
14531.5 346.995
14543.5 346.41
14555.6 345.861
14567.6 345.343
14579.6 344.854
14591.6 344.396
14603.6 343.974
14615.6 343.604
14627.6 343.344
14639.6 343.271
14651.7 342.88
14663.7 342.336
14675.7 341.662
14687.7 340.854
14699.7 339.884
14711.7 338.699
14723.7 337.174
14735.7 334.811
14747.7 332.042
14759.8 330.651
14771.8 329.806
14783.8 329.371
14795.8 329.308
14807.8 329.623
14819.8 330.375
14831.8 331.733
14843.8 334.705
14855.9 336.97
14867.9 338.336
14879.9 339.298
14891.9 339.99
14903.9 340.467
14915.9 340.751
14927.9 340.833
14939.9 340.648
14952 339.874
14964 339.531
14976 339.426
14988 339.453
15000 339.587
15012 339.826
15024 340.185
15036 340.711
15048 341.549
15060.1 342.966
15072.1 343.637
15084.1 343.993
15096.1 344.137
15108.1 344.1
15120.1 343.888
15132.1 343.487
15144.1 342.844
15156.2 341.756
15168.2 340.301
15180.2 339.447
15192.2 338.773
15204.2 338.201
15216.2 337.699
15228.2 337.249
15240.2 336.842
15252.3 336.473
15264.3 336.171
15276.3 335.856
15288.3 335.506
15300.3 335.134
15312.3 334.739
15324.3 334.311
15336.3 333.838
15348.3 333.293
15360.4 332.616
15372.4 331.536
15384.4 330.814
15396.4 330.322
15408.4 329.964
15420.4 329.708
15432.4 329.538
15444.4 329.445
15456.5 329.424
15468.5 329.469
15480.5 329.571
15492.5 329.77
15504.5 330.061
15516.5 330.446
15528.5 330.936
15540.5 331.55
15552.6 332.318
15564.6 333.306
15576.6 334.727
15588.6 336.598
15600.6 337.759
15612.6 338.694
15624.6 339.495
15636.6 340.209
15648.6 340.861
15660.7 341.477
15672.7 342.086
15684.7 342.799
15696.7 343.426
15708.7 343.872
15720.7 344.219
15732.7 344.486
15744.7 344.685
15756.8 344.822
15768.8 344.9
15780.8 344.921
15792.8 344.877
15804.8 344.795
15816.8 344.672
15828.8 344.505
15840.8 344.295
15852.9 344.039
15864.9 343.738
15876.9 343.391
15888.9 342.995
15900.9 342.548
15912.9 342.05
15924.9 341.495
15936.9 340.88
15948.9 340.198
15961 339.439
15973 338.587
15985 337.61
15997 336.409
16009 334.925
16021 333.792
16033 332.762
16045 331.784
16057.1 330.835
16069.1 329.899
16081.1 328.965
16093.1 328.017
16105.1 327.002
16117.1 325.99
16129.1 325.083
16141.1 324.223
16153.2 323.401
16165.2 322.615
16177.2 321.869
16189.2 321.176
16201.2 320.564
16213.2 320.195
16225.2 319.667
16237.2 319.005
16249.2 318.277
16261.3 317.507
16273.3 316.708
16285.3 315.897
16297.3 315.093
16309.3 314.343
16321.3 313.795
16333.3 312.958
16345.3 311.956
16357.4 310.84
16369.4 309.627
16381.4 308.325
16393.4 306.937
16405.4 305.463
16417.4 303.895
16429.4 302.221
16441.4 300.517
16453.5 298.754
16465.5 296.922
16477.5 295.017
16489.5 293.029
16501.5 290.946
16513.5 288.746
16525.5 286.338
16537.5 283.812
16549.5 281.434
16561.6 279.067
16573.6 276.683
16585.6 274.266
16597.6 271.802
16609.6 269.275
16621.6 266.657
16633.6 263.814
16645.6 261.047
16657.7 258.362
16669.7 255.694
16681.7 253.021
16693.7 250.329
16705.7 247.604
16717.7 244.825
16729.7 241.951
16741.7 238.83
16753.8 235.928
16765.8 233.139
16777.8 230.413
16789.8 227.732
16801.8 225.09
16813.8 222.483
16825.8 219.915
16837.8 217.403
16849.8 214.974
16861.9 212.476
16873.9 209.962
16885.9 207.447
16897.9 204.939
16909.9 202.445
16921.9 199.976
16933.9 197.551
16945.9 195.236
16958 192.996
16970 190.562
16982 188.058
16994 185.506
17006 182.916
17018 180.294
17030 177.643
17042 174.964
17054.1 172.252
17066.1 169.523
17078.1 166.779
17090.1 164.015
17102.1 161.228
17114.1 158.414
17126.1 155.565
17138.1 152.668
17150.2 149.688
17162.2 146.481
17174.2 143.466
17186.2 140.563
17198.2 137.72
17210.2 134.919
17222.2 132.148
17234.2 129.394
17246.2 126.644
17258.3 123.86
17270.3 120.969
17282.3 118.29
17294.3 115.722
17306.3 113.237
17318.3 110.826
17330.3 108.485
17342.3 106.215
17354.4 104.018
17366.4 101.915
17378.4 99.9025
17390.4 97.879
17402.4 95.8888
17414.4 93.9415
17426.4 92.0429
17438.4 90.1986
17450.5 88.4158
17462.5 86.7079
17474.5 85.1387
17486.5 83.5866
17498.5 82.0114
17510.5 80.4565
17522.5 78.9362
17534.5 77.461
17546.5 76.0427
17558.6 74.6998
17570.6 73.4739
17582.6 72.5533
17594.6 71.4198
17606.6 70.1473
17618.6 68.8013
17630.6 67.3989
17642.6 65.9426
17654.7 64.4235
17666.7 62.8151
17678.7 61.0347
17690.7 58.8633
17702.7 57.174
17714.7 55.7131
17726.7 54.4078
17738.7 53.235
17750.8 52.1888
17762.8 51.2761
17774.8 50.5233
17786.8 50.0312
17798.8 49.8347
17810.8 49.3002
17822.8 48.678
17834.8 48.0163
17846.8 47.3354
17858.9 46.6462
17870.9 45.9556
17882.9 45.2679
17894.9 44.5864
17906.9 43.9132
17918.9 43.25
17930.9 42.5979
17942.9 41.958
17955 41.3309
17967 40.7172
17979 40.1171
17991 39.5311
18003 38.9592
18015 38.4017
18027 37.8585
18039 37.3297
18051.1 36.8152
18063.1 36.315
18075.1 35.8291
18087.1 35.3572
18099.1 34.8993
18111.1 34.4552
18123.1 34.0248
18135.1 33.6078
18147.1 33.2042
18159.2 32.8136
18171.2 32.4359
18183.2 32.0709
18195.2 31.7184
18207.2 31.3781
18219.2 31.0498
18231.2 30.7334
18243.2 30.4285
18255.3 30.135
18267.3 29.8527
18279.3 29.5812
18291.3 29.3204
18303.3 29.0701
18315.3 28.83
18327.3 28.5999
18339.3 28.3796
18351.4 28.1689
18363.4 27.9675
18375.4 27.7752
18387.4 27.5919
18399.4 27.4173
18411.4 27.2511
18423.4 27.0933
18435.4 26.9436
18447.4 26.8017
18459.5 26.6676
18471.5 26.5409
18483.5 26.4216
18495.5 26.3094
18507.5 26.2042
18519.5 26.1057
18531.5 26.0138
18543.5 25.9282
18555.6 25.849
18567.6 25.7758
18579.6 25.7085
18591.6 25.6469
18603.6 25.591
18615.6 25.5404
18627.6 25.4952
18639.6 25.455
18651.7 25.4199
18663.7 25.3896
18675.7 25.3639
18687.7 25.3429
18699.7 25.3263
18711.7 25.3139
18723.7 25.3058
18735.7 25.3016
18747.7 25.3014
18759.8 25.3051
18771.8 25.3123
18783.8 25.3232
18795.8 25.3375
18807.8 25.3552
18819.8 25.3761
18831.8 25.4002
18843.8 25.4273
18855.9 25.4573
18867.9 25.4902
18879.9 25.5258
18891.9 25.5641
18903.9 25.605
18915.9 25.6483
18927.9 25.6941
18939.9 25.7421
18952 25.7924
18964 25.8449
18976 25.8994
18988 25.9559
19000 26.0144
