7000 29.5455
7012.01 28.4042
7024.02 27.13
7036.04 25.7165
7048.05 24.1583
7060.06 22.4508
7072.07 20.5908
7084.08 18.5765
7096.1 16.4079
7108.11 14.0868
7120.12 11.6174
7132.13 9.00582
7144.14 6.26075
7156.16 3.39316
7168.17 0.41627
7180.18 -2.65457
7192.19 -5.80213
7204.2 -9.00767
7216.22 -12.2513
7228.23 -15.5124
7240.24 -18.7701
7252.25 -22.0039
7264.26 -25.194
7276.28 -28.3218
7288.29 -31.3701
7300.3 -34.3238
7312.31 -37.1697
7324.32 -39.8969
7336.34 -42.4968
7348.35 -44.9632
7360.36 -47.2917
7372.37 -49.4803
7384.38 -51.5289
7396.4 -53.4387
7408.41 -55.2126
7420.42 -56.8547
7432.43 -58.37
7444.44 -59.7642
7456.46 -61.0438
7468.47 -62.2153
7480.48 -63.2859
7492.49 -64.2624
7504.5 -65.1521
7516.52 -65.9617
7528.53 -66.6982
7540.54 -67.3681
7552.55 -67.9779
7564.56 -68.5339
7576.58 -69.0433
7588.59 -69.5116
7600.6 -69.9351
7612.61 -70.322
7624.62 -70.6775
7636.64 -71.0064
7648.65 -71.3132
7660.66 -71.6028
7672.67 -71.8818
7684.68 -72.1714
7696.7 -72.4398
7708.71 -72.6725
7720.72 -72.8856
7732.73 -73.0852
7744.74 -73.2763
7756.76 -73.4646
7768.77 -73.6589
7780.78 -73.8788
7792.79 -74.2176
7804.8 -74.4249
7816.82 -74.5276
7828.83 -74.558
7840.84 -74.5224
7852.85 -74.419
7864.86 -74.2386
7876.88 -73.9603
7888.89 -73.5247
7900.9 -72.7634
7912.91 -72.296
7924.92 -71.9471
7936.94 -71.6596
7948.95 -71.4125
7960.96 -71.1964
7972.97 -71.0093
7984.98 -70.8591
7997 -70.7892
8009.01 -70.8222
8021.02 -70.6271
8033.03 -70.3221
8045.05 -69.9242
8057.06 -69.4337
8069.07 -68.8426
8081.08 -68.1333
8093.09 -67.2661
8105.11 -66.0621
8117.12 -64.7855
8129.13 -63.7912
8141.14 -62.8793
8153.15 -62.0154
8165.17 -61.1914
8177.18 -60.4157
8189.19 -59.7196
8201.2 -59.1924
8213.21 -59.3261
8225.23 -58.8696
8237.24 -57.8838
8249.25 -56.5681
8261.26 -54.9772
8273.27 -53.1306
8285.29 -51.0288
8297.3 -48.6498
8309.31 -45.9124
8321.32 -42.5214
8333.33 -39.5112
8345.35 -36.6306
8357.36 -33.7887
8369.37 -30.9603
8381.38 -28.1399
8393.39 -25.3325
8405.41 -22.5533
8417.42 -19.8437
8429.43 -17.2491
8441.44 -14.5222
8453.45 -11.7665
8465.47 -9.01269
8477.48 -6.27956
8489.49 -3.58182
8501.5 -0.932061
8513.51 1.65863
8525.53 4.18042
8537.54 6.62466
8549.55 8.98382
8561.56 11.2515
8573.57 13.4223
8585.59 15.4921
8597.6 17.4576
8609.61 19.3165
8621.62 21.0675
8633.63 22.7102
8645.65 24.2448
8657.66 25.6722
8669.67 26.9943
8681.68 28.2129
8693.69 29.3309
8705.71 30.3511
8717.72 31.2768
8729.73 32.1116
8741.74 32.8592
8753.75 33.5234
8765.77 34.1081
8777.78 34.6172
8789.79 35.0548
8801.8 35.4247
8813.81 35.7306
8825.83 35.9764
8837.84 36.1657
8849.85 36.3019
8861.86 36.3885
8873.87 36.4287
8885.89 36.4255
8897.9 36.3819
8909.91 36.3007
8921.92 36.1845
8933.93 36.0358
8945.95 35.8569
8957.96 35.6501
8969.97 35.4174
8981.98 35.1607
8993.99 34.8818
9006.01 34.5825
9018.02 34.2643
9030.03 33.9286
9042.04 33.5769
9054.05 33.2104
9066.07 32.8302
9078.08 32.4375
9090.09 32.0332
9102.1 31.6184
9114.11 31.1937
9126.13 30.7601
9138.14 30.3182
9150.15 29.8688
9162.16 29.4124
9174.17 28.9495
9186.19 28.4809
9198.2 28.0068
9210.21 27.5277
9222.22 27.044
9234.23 26.5561
9246.25 26.0644
9258.26 25.569
9270.27 25.0703
9282.28 24.5685
9294.29 24.0638
9306.31 23.5564
9318.32 23.0466
9330.33 22.5343
9342.34 22.0199
9354.35 21.5034
9366.37 20.9849
9378.38 20.4645
9390.39 19.9423
9402.4 19.4184
9414.41 18.8928
9426.43 18.3655
9438.44 17.8366
9450.45 17.3061
9462.46 16.7741
9474.47 16.2405
9486.49 15.7054
9498.5 15.1687
9510.51 14.6305
9522.52 14.0908
9534.53 13.5494
9546.55 13.0065
9558.56 12.462
9570.57 11.9158
9582.58 11.3679
9594.59 10.8183
9606.61 10.267
9618.62 9.71392
9630.63 9.159
9642.64 8.60222
9654.65 8.04353
9666.67 7.48289
9678.68 6.92026
9690.69 6.35559
9702.7 5.78883
9714.71 5.21994
9726.73 4.64887
9738.74 4.07557
9750.75 3.5
9762.76 2.92211
9774.77 2.34186
9786.79 1.7592
9798.8 1.17408
9810.81 0.586472
9822.82 -0.0036731
9834.83 -0.596394
9846.85 -1.19173
9858.86 -1.78971
9870.87 -2.39038
9882.88 -2.99377
9894.89 -3.5999
9906.91 -4.2088
9918.92 -4.82049
9930.93 -5.43501
9942.94 -6.05235
9954.95 -6.67254
9966.97 -7.29559
9978.98 -7.9215
9990.99 -8.55027
10003 -9.1819
10015 -9.81638
10027 -10.4537
10039 -11.0938
10051.1 -11.7368
10063.1 -12.3825
10075.1 -13.0309
10087.1 -13.6819
10099.1 -14.3357
10111.1 -14.9919
10123.1 -15.6507
10135.1 -16.3119
10147.1 -16.9754
10159.2 -17.6411
10171.2 -18.309
10183.2 -18.9788
10195.2 -19.6506
10207.2 -20.324
10219.2 -20.999
10231.2 -21.6754
10243.2 -22.3531
10255.3 -23.0317
10267.3 -23.7111
10279.3 -24.3911
10291.3 -25.0714
10303.3 -25.7517
10315.3 -26.4317
10327.3 -27.1112
10339.3 -27.7897
10351.4 -28.4669
10363.4 -29.1425
10375.4 -29.816
10387.4 -30.487
10399.4 -31.155
10411.4 -31.8195
10423.4 -32.48
10435.4 -33.1359
10447.4 -33.7866
10459.5 -34.4314
10471.5 -35.0698
10483.5 -35.7008
10495.5 -36.3239
10507.5 -36.9381
10519.5 -37.5426
10531.5 -38.1366
10543.5 -38.7189
10555.6 -39.2886
10567.6 -39.8447
10579.6 -40.386
10591.6 -40.9112
10603.6 -41.4191
10615.6 -41.9084
10627.6 -42.3776
10639.6 -42.8252
10651.7 -43.2497
10663.7 -43.6495
10675.7 -44.0227
10687.7 -44.3676
10699.7 -44.6822
10711.7 -44.9646
10723.7 -45.2125
10735.7 -45.4239
10747.7 -45.5963
10759.8 -45.7273
10771.8 -45.8145
10783.8 -45.8551
10795.8 -45.8464
10807.8 -45.7855
10819.8 -45.6694
10831.8 -45.495
10843.8 -45.259
10855.9 -44.958
10867.9 -44.5886
10879.9 -44.1471
10891.9 -43.6298
10903.9 -43.0329
10915.9 -42.3522
10927.9 -41.5838
10939.9 -40.7235
10952 -39.7669
10964 -38.7096
10976 -37.5471
10988 -36.2749
11000 -34.8882
11012 -33.3824
11024 -31.7526
11036 -29.9942
11048 -28.1023
11060.1 -26.072
11072.1 -23.8986
11084.1 -21.5772
11096.1 -19.1032
11108.1 -16.4719
11120.1 -13.6787
11132.1 -10.7192
11144.1 -7.58898
11156.2 -4.28387
11168.2 -0.799778
11180.2 2.86726
11192.2 6.72108
11204.2 10.7654
11216.2 15.004
11228.2 19.4405
11240.2 24.0789
11252.3 28.9233
11264.3 33.9788
11276.3 39.2513
11288.3 44.7485
11300.3 50.4813
11312.3 56.4655
11324.3 62.7258
11336.3 69.3049
11348.3 76.2853
11360.4 83.8782
11372.4 93.0415
11384.4 101.03
11396.4 108.285
11408.4 115.131
11420.4 121.658
11432.4 127.887
11444.4 133.802
11456.5 139.335
11468.5 144.278
11480.5 148.14
11492.5 152.907
11504.5 157.95
11516.5 163.075
11528.5 168.191
11540.5 173.229
11552.6 178.119
11564.6 182.758
11576.6 186.873
11588.6 190.426
11600.6 194.769
11612.6 199.32
11624.6 203.955
11636.6 208.612
11648.6 213.249
11660.7 217.829
11672.7 222.311
11684.7 226.559
11696.7 230.793
11708.7 235.116
11720.7 239.433
11732.7 243.722
11744.7 247.974
11756.8 252.191
11768.8 256.383
11780.8 260.595
11792.8 265.045
11804.8 269.143
11816.8 272.958
11828.8 276.574
11840.8 280.017
11852.9 283.302
11864.9 286.437
11876.9 289.423
11888.9 292.25
11900.9 294.874
11912.9 297.497
11924.9 300.072
11936.9 302.591
11948.9 305.06
11961 307.491
11973 309.903
11985 312.332
11997 314.88
12009 317.609
12021 319.917
12033 322.05
12045 324.069
12057.1 326.01
12069.1 327.905
12081.1 329.795
12093.1 331.751
12105.1 334.053
12117.1 336.315
12129.1 337.988
12141.1 339.396
12153.2 340.608
12165.2 341.661
12177.2 342.581
12189.2 343.395
12201.2 344.141
12213.2 344.977
12225.2 345.53
12237.2 345.826
12249.2 345.926
12261.3 345.849
12273.3 345.597
12285.3 345.167
12297.3 344.543
12309.3 343.673
12321.3 342.391
12333.3 341.246
12345.3 340.089
12357.4 338.853
12369.4 337.499
12381.4 335.987
12393.4 334.264
12405.4 332.227
12417.4 329.575
12429.4 325.98
12441.4 323.655
12453.5 321.796
12465.5 320.228
12477.5 318.881
12489.5 317.723
12501.5 316.737
12513.5 315.929
12525.5 315.374
12537.5 314.975
12549.5 314.469
12561.6 313.982
12573.6 313.538
12585.6 313.147
12597.6 312.819
12609.6 312.565
12621.6 312.405
12633.6 312.426
12645.6 312.437
12657.7 312.44
12669.7 312.48
12681.7 312.578
12693.7 312.755
12705.7 313.037
12717.7 313.469
12729.7 314.158
12741.7 315.501
12753.8 316.269
12765.8 316.74
12777.8 317.046
12789.8 317.234
12801.8 317.324
12813.8 317.322
12825.8 317.219
12837.8 316.963
12849.8 316.464
12861.9 316.251
12873.9 316.153
12885.9 316.139
12897.9 316.205
12909.9 316.358
12921.9 316.623
12933.9 317.053
12945.9 317.853
12958 318.905
12970 319.364
12982 319.613
12994 319.72
13006 319.715
13018 319.611
13030 319.413
13042 319.111
13054.1 318.619
13066.1 318.146
13078.1 317.727
13090.1 317.315
13102.1 316.901
13114.1 316.485
13126.1 316.072
13138.1 315.673
13150.2 315.324
13162.2 315.177
13174.2 314.781
13186.2 314.218
13198.2 313.538
13210.2 312.757
13222.2 311.88
13234.2 310.906
13246.2 309.834
13258.3 308.655
13270.3 307.357
13282.3 305.952
13294.3 304.418
13306.3 302.733
13318.3 300.868
13330.3 298.777
13342.3 296.387
13354.4 293.544
13366.4 289.733
13378.4 285.024
13390.4 281.996
13402.4 279.548
13414.4 277.475
13426.4 275.687
13438.4 274.134
13450.5 272.786
13462.5 271.627
13474.5 270.66
13486.5 269.842
13498.5 269.157
13510.5 268.615
13522.5 268.223
13534.5 267.991
13546.5 267.938
13558.6 268.099
13570.6 268.561
13582.6 269.72
13594.6 270.496
13606.6 271.05
13618.6 271.531
13630.6 271.995
13642.6 272.474
13654.7 272.998
13666.7 273.603
13678.7 274.366
13690.7 275.47
13702.7 276.245
13714.7 276.9
13726.7 277.504
13738.7 278.09
13750.8 278.685
13762.8 279.317
13774.8 280.032
13786.8 280.954
13798.8 282.132
13810.8 282.851
13822.8 283.404
13834.8 283.849
13846.8 284.218
13858.9 284.529
13870.9 284.8
13882.9 285.054
13894.9 285.372
13906.9 285.628
13918.9 285.732
13930.9 285.753
13942.9 285.711
13955 285.622
13967 285.5
13979 285.369
13991 285.281
14003 285.5
14015 285.338
14027 284.851
14039 284.132
14051.1 283.202
14063.1 282.057
14075.1 280.673
14087.1 278.998
14099.1 276.886
14111.1 273.889
14123.1 271.551
14135.1 269.446
14147.1 267.411
14159.2 265.368
14171.2 263.258
14183.2 261.01
14195.2 258.509
14207.2 255.423
14219.2 251.49
14231.2 248.923
14243.2 246.885
14255.3 245.205
14267.3 243.812
14279.3 242.678
14291.3 241.797
14303.3 241.196
14315.3 241.046
14327.3 241.112
14339.3 240.921
14351.4 240.719
14363.4 240.555
14375.4 240.456
14387.4 240.445
14399.4 240.553
14411.4 240.838
14423.4 241.584
14435.4 242.126
14447.4 242.477
14459.5 242.765
14471.5 243.035
14483.5 243.313
14495.5 243.625
14507.5 244.004
14519.5 244.514
14531.5 245.362
14543.5 245.913
14555.6 246.331
14567.6 246.691
14579.6 247.033
14591.6 247.384
14603.6 247.783
14615.6 248.288
14627.6 249.061
14639.6 250.315
14651.7 250.814
14663.7 250.999
14675.7 250.969
14687.7 250.765
14699.7 250.41
14711.7 249.916
14723.7 249.296
14735.7 248.57
14747.7 247.72
14759.8 246.669
14771.8 245.441
14783.8 244.027
14795.8 242.407
14807.8 240.544
14819.8 238.373
14831.8 235.746
14843.8 231.871
14855.9 228.529
14867.9 225.858
14879.9 223.457
14891.9 221.205
14903.9 219.032
14915.9 216.881
14927.9 214.681
14939.9 212.298
14952 209.232
14964 206.944
14976 205.131
14988 203.626
15000 202.373
15012 201.352
15024 200.561
15036 200.023
15048 199.829
15060.1 200.153
15072.1 200.14
15084.1 200.077
15096.1 200.039
15108.1 200.066
15120.1 200.188
15132.1 200.443
15144.1 200.893
15156.2 201.741
15168.2 202.925
15180.2 203.565
15192.2 204.059
15204.2 204.489
15216.2 204.901
15228.2 205.333
15240.2 205.827
15252.3 206.458
15264.3 207.579
15276.3 208.482
15288.3 209.003
15300.3 209.356
15312.3 209.604
15324.3 209.786
15336.3 209.936
15348.3 210.098
15360.4 210.362
15372.4 211.088
15384.4 211.276
15396.4 211.095
15408.4 210.673
15420.4 210.052
15432.4 209.249
15444.4 208.272
15456.5 207.118
15468.5 205.77
15480.5 204.182
15492.5 202.517
15504.5 200.708
15516.5 198.722
15528.5 196.524
15540.5 194.063
15552.6 191.259
15564.6 187.947
15576.6 183.579
15588.6 178.118
15600.6 174.538
15612.6 171.611
15624.6 169.102
15636.6 166.914
15648.6 164.994
15660.7 163.314
15672.7 161.866
15684.7 160.698
15696.7 159.689
15708.7 158.784
15720.7 158.029
15732.7 157.447
15744.7 157.061
15756.8 156.905
15768.8 157.043
15780.8 157.619
15792.8 159.307
15804.8 160.346
15816.8 160.948
15828.8 161.383
15840.8 161.748
15852.9 162.108
15864.9 162.526
15876.9 163.089
15888.9 163.99
15900.9 165.746
15912.9 166.493
15924.9 166.771
15936.9 166.759
15948.9 166.53
15961 166.121
15973 165.559
15985 164.864
15997 164.055
16009 163.147
16021 162.098
16033 160.935
16045 159.667
16057.1 158.304
16069.1 156.855
16081.1 155.337
16093.1 153.782
16105.1 152.358
16117.1 150.806
16129.1 148.763
16141.1 146.412
16153.2 143.767
16165.2 140.811
16177.2 137.496
16189.2 133.729
16201.2 129.281
16213.2 122.988
16225.2 117.754
16237.2 113.407
16249.2 109.458
16261.3 105.749
16273.3 102.194
16285.3 98.7261
16297.3 95.2739
16309.3 91.7044
16321.3 87.6249
16333.3 84.3109
16345.3 81.4338
16357.4 78.8689
16369.4 76.5783
16381.4 74.5559
16393.4 72.8208
16405.4 71.4343
16417.4 70.607
16429.4 70.5759
16441.4 69.7148
16453.5 68.6146
16465.5 67.4065
16477.5 66.1492
16489.5 64.881
16501.5 63.6372
16513.5 62.4666
16525.5 61.5243
16537.5 60.6665
16549.5 59.4566
16561.6 58.1227
16573.6 56.713
16585.6 55.2548
16597.6 53.7711
16609.6 52.2892
16621.6 50.8593
16633.6 49.7244
16645.6 48.3255
16657.7 46.6464
16669.7 44.7991
16681.7 42.8152
16693.7 40.7089
16705.7 38.4874
16717.7 36.1539
16729.7 33.7112
16741.7 31.1715
16753.8 28.4741
16765.8 25.6193
16777.8 22.5957
16789.8 19.381
16801.8 15.9389
16813.8 12.2089
16825.8 8.07345
16837.8 3.19616
16849.8 -2.94719
16861.9 -7.6095
16873.9 -11.7437
16885.9 -15.5839
16897.9 -19.2345
16909.9 -22.7637
16921.9 -26.2338
16933.9 -29.7302
16945.9 -33.505
16958 -37.4322
16970 -40.5339
16982 -43.257
16994 -45.6797
17006 -47.8295
17018 -49.7088
17030 -51.2958
17042 -52.517
17054.1 -52.9258
17066.1 -53.5216
17078.1 -54.4449
17090.1 -55.4548
17102.1 -56.4839
17114.1 -57.4962
17126.1 -58.4649
17138.1 -59.361
17150.2 -60.1333
17162.2 -60.593
17174.2 -61.2661
17186.2 -62.0494
17198.2 -62.8754
17210.2 -63.7191
17222.2 -64.5661
17234.2 -65.4059
17246.2 -66.229
17258.3 -67.0219
17270.3 -67.7627
17282.3 -68.5241
17294.3 -69.2774
17306.3 -70.0115
17318.3 -70.7183
17330.3 -71.3887
17342.3 -72.0097
17354.4 -72.5567
17366.4 -72.9463
17378.4 -73.1917
17390.4 -73.7134
17402.4 -74.3365
17414.4 -75.0329
17426.4 -75.7962
17438.4 -76.6318
17450.5 -77.5588
17462.5 -78.6271
17474.5 -80.1199
17486.5 -81.47
17498.5 -82.4843
17510.5 -83.3536
17522.5 -84.133
17534.5 -84.86
17546.5 -85.5769
17558.6 -86.353
17570.6 -87.3587
17582.6 -89.4129
17594.6 -90.1894
17606.6 -89.988
17618.6 -89.0611
17630.6 -87.4314
17642.6 -85.0292
17654.7 -81.6848
17666.7 -77.0312
17678.7 -70.025
17690.7 -57.964
17702.7 -51.4928
17714.7 -47.4901
17726.7 -45.0441
17738.7 -43.8478
17750.8 -43.7987
17762.8 -44.934
17774.8 -47.489
17786.8 -52.423
17798.8 -60.0636
17810.8 -64.2738
17822.8 -67.4678
17834.8 -70.1078
17846.8 -72.3865
17858.9 -74.4076
17870.9 -76.2345
17882.9 -77.9093
17894.9 -79.4615
17906.9 -80.9124
17918.9 -82.2781
17930.9 -83.571
17942.9 -84.801
17955 -85.9757
17967 -87.1016
17979 -88.1839
17991 -89.2269
18003 -90.2343
18015 -91.2092
18027 -92.1542
18039 -93.0716
18051.1 -93.9634
18063.1 -94.8313
18075.1 -95.6769
18087.1 -96.5015
18099.1 -97.3062
18111.1 -98.0922
18123.1 -98.8603
18135.1 -99.6115
18147.1 -100.346
18159.2 -101.066
18171.2 -101.77
18183.2 -102.461
18195.2 -103.137
18207.2 -103.8
18219.2 -104.451
18231.2 -105.089
18243.2 -105.714
18255.3 -106.329
18267.3 -106.931
18279.3 -107.523
18291.3 -108.104
18303.3 -108.674
18315.3 -109.235
18327.3 -109.785
18339.3 -110.325
18351.4 -110.856
18363.4 -111.377
18375.4 -111.889
18387.4 -112.393
18399.4 -112.887
18411.4 -113.373
18423.4 -113.85
18435.4 -114.319
18447.4 -114.779
18459.5 -115.232
18471.5 -115.677
18483.5 -116.114
18495.5 -116.543
18507.5 -116.964
18519.5 -117.379
18531.5 -117.785
18543.5 -118.185
18555.6 -118.578
18567.6 -118.963
18579.6 -119.342
18591.6 -119.714
18603.6 -120.079
18615.6 -120.438
18627.6 -120.79
18639.6 -121.135
18651.7 -121.474
18663.7 -121.807
18675.7 -122.134
18687.7 -122.455
18699.7 -122.77
18711.7 -123.078
18723.7 -123.381
18735.7 -123.679
18747.7 -123.97
18759.8 -124.256
18771.8 -124.536
18783.8 -124.811
18795.8 -125.08
18807.8 -125.344
18819.8 -125.603
18831.8 -125.856
18843.8 -126.105
18855.9 -126.348
18867.9 -126.586
18879.9 -126.819
18891.9 -127.048
18903.9 -127.271
18915.9 -127.49
18927.9 -127.704
18939.9 -127.913
18952 -128.118
18964 -128.318
18976 -128.513
18988 -128.704
19000 -128.891
