7000 -174.35
7012.01 -175.201
7024.02 -176.059
7036.04 -176.925
7048.05 -177.797
7060.06 -178.678
7072.07 -179.566
7084.08 -180.461
7096.1 -181.364
7108.11 -182.275
7120.12 -183.194
7132.13 -184.121
7144.14 -185.057
7156.16 -186
7168.17 -186.952
7180.18 -187.912
7192.19 -188.881
7204.2 -189.859
7216.22 -190.845
7228.23 -191.841
7240.24 -192.845
7252.25 -193.858
7264.26 -194.88
7276.28 -195.912
7288.29 -196.953
7300.3 -198.003
7312.31 -199.063
7324.32 -200.132
7336.34 -201.21
7348.35 -202.298
7360.36 -203.396
7372.37 -204.503
7384.38 -205.619
7396.4 -206.745
7408.41 -207.879
7420.42 -209.023
7432.43 -210.175
7444.44 -211.334
7456.46 -212.501
7468.47 -213.673
7480.48 -214.851
7492.49 -216.03
7504.5 -217.209
7516.52 -218.382
7528.53 -219.542
7540.54 -220.674
7552.55 -221.753
7564.56 -222.715
7576.58 -223.325
7588.59 -223.588
7600.6 -225
7612.61 -227.081
7624.62 -230.002
7636.64 -234.76
7648.65 -238.002
7660.66 -240.467
7672.67 -242.464
7684.68 -243.947
7696.7 -245.276
7708.71 -246.63
7720.72 -247.916
7732.73 -249.132
7744.74 -250.293
7756.76 -251.182
7768.77 -251.819
7780.78 -252.108
7792.79 -251.516
7804.8 -251.487
7816.82 -251.866
7828.83 -252.482
7840.84 -253.406
7852.85 -254.494
7864.86 -255.168
7876.88 -255.647
7888.89 -255.926
7900.9 -255.921
7912.91 -255.919
7924.92 -255.8
7936.94 -255.458
7948.95 -254.481
7960.96 -253.73
7972.97 -253.286
7984.98 -252.923
7997 -252.518
8009.01 -252.007
8021.02 -251.819
8033.03 -251.806
8045.05 -252.014
8057.06 -252.803
8069.07 -252.991
8081.08 -252.779
8093.09 -252.264
8105.11 -251.364
8117.12 -250.274
8129.13 -249.243
8141.14 -248.136
8153.15 -246.919
8165.17 -245.554
8177.18 -244.246
8189.19 -242.972
8201.2 -241.807
8213.21 -241.177
8225.23 -240.058
8237.24 -238.538
8249.25 -236.857
8261.26 -235.278
8273.27 -233.782
8285.29 -231.375
8297.3 -228.474
8309.31 -225.057
8321.32 -220.741
8333.33 -217.179
8345.35 -214.081
8357.36 -211.497
8369.37 -210.419
8381.38 -208.658
8393.39 -205.551
8405.41 -201.613
8417.42 -196.602
8429.43 -190.16
8441.44 -185.422
8453.45 -181.301
8465.47 -177.583
8477.48 -174.189
8489.49 -171.078
8501.5 -168.227
8513.51 -165.623
8525.53 -163.253
8537.54 -161.109
8549.55 -159.183
8561.56 -157.466
8573.57 -155.95
8585.59 -154.628
8597.6 -153.491
8609.61 -152.532
8621.62 -151.741
8633.63 -151.111
8645.65 -150.633
8657.66 -150.299
8669.67 -150.1
8681.68 -150.029
8693.69 -150.078
8705.71 -150.239
8717.72 -150.504
8729.73 -150.868
8741.74 -151.322
8753.75 -151.862
8765.77 -152.48
8777.78 -153.17
8789.79 -153.929
8801.8 -154.749
8813.81 -155.627
8825.83 -156.558
8837.84 -157.538
8849.85 -158.563
8861.86 -159.629
8873.87 -160.732
8885.89 -161.87
8897.9 -163.04
8909.91 -164.239
8921.92 -165.464
8933.93 -166.713
8945.95 -167.984
8957.96 -169.274
8969.97 -170.583
8981.98 -171.908
8993.99 -173.247
9006.01 -174.599
9018.02 -175.964
9030.03 -177.338
9042.04 -178.723
9054.05 -180.115
9066.07 -181.515
9078.08 -182.922
9090.09 -184.334
9102.1 -185.751
9114.11 -187.172
9126.13 -188.597
9138.14 -190.024
9150.15 -191.454
9162.16 -192.886
9174.17 -194.319
9186.19 -195.753
9198.2 -197.188
9210.21 -198.623
9222.22 -200.058
9234.23 -201.492
9246.25 -202.925
9258.26 -204.357
9270.27 -205.788
9282.28 -207.217
9294.29 -208.645
9306.31 -210.07
9318.32 -211.493
9330.33 -212.913
9342.34 -214.331
9354.35 -215.745
9366.37 -217.157
9378.38 -218.565
9390.39 -219.969
9402.4 -221.37
9414.41 -222.767
9426.43 -224.16
9438.44 -225.549
9450.45 -226.933
9462.46 -228.312
9474.47 -229.687
9486.49 -231.057
9498.5 -232.421
9510.51 -233.781
9522.52 -235.134
9534.53 -236.482
9546.55 -237.824
9558.56 -239.159
9570.57 -240.488
9582.58 -241.811
9594.59 -243.126
9606.61 -244.434
9618.62 -245.735
9630.63 -247.028
9642.64 -248.313
9654.65 -249.59
9666.67 -250.858
9678.68 -252.117
9690.69 -253.367
9702.7 -254.608
9714.71 -255.838
9726.73 -257.058
9738.74 -258.268
9750.75 -259.467
9762.76 -260.654
9774.77 -261.83
9786.79 -262.993
9798.8 -264.144
9810.81 -265.281
9822.82 -266.405
9834.83 -267.515
9846.85 -268.61
9858.86 -269.69
9870.87 -270.755
9882.88 -271.803
9894.89 -272.835
9906.91 -273.849
9918.92 -274.846
9930.93 -275.824
9942.94 -276.782
9954.95 -277.721
9966.97 -278.639
9978.98 -279.536
9990.99 -280.412
10003 -281.264
10015 -282.093
10027 -282.897
10039 -283.677
10051.1 -284.431
10063.1 -285.157
10075.1 -285.857
10087.1 -286.527
10099.1 -287.169
10111.1 -287.779
10123.1 -288.359
10135.1 -288.906
10147.1 -289.419
10159.2 -289.898
10171.2 -290.342
10183.2 -290.749
10195.2 -291.118
10207.2 -291.449
10219.2 -291.739
10231.2 -291.988
10243.2 -292.194
10255.3 -292.357
10267.3 -292.475
10279.3 -292.546
10291.3 -292.57
10303.3 -292.545
10315.3 -292.469
10327.3 -292.342
10339.3 -292.162
10351.4 -291.927
10363.4 -291.635
10375.4 -291.287
10387.4 -290.879
10399.4 -290.411
10411.4 -289.88
10423.4 -289.286
10435.4 -288.627
10447.4 -287.901
10459.5 -287.106
10471.5 -286.242
10483.5 -285.305
10495.5 -284.296
10507.5 -283.211
10519.5 -282.05
10531.5 -280.81
10543.5 -279.491
10555.6 -278.09
10567.6 -276.605
10579.6 -275.036
10591.6 -273.38
10603.6 -271.636
10615.6 -269.802
10627.6 -267.877
10639.6 -265.859
10651.7 -263.746
10663.7 -261.538
10675.7 -259.231
10687.7 -256.826
10699.7 -254.32
10711.7 -251.712
10723.7 -249.001
10735.7 -246.186
10747.7 -243.264
10759.8 -240.236
10771.8 -237.1
10783.8 -233.854
10795.8 -230.498
10807.8 -227.031
10819.8 -223.452
10831.8 -219.76
10843.8 -215.955
10855.9 -212.035
10867.9 -208.001
10879.9 -203.853
10891.9 -199.588
10903.9 -195.209
10915.9 -190.713
10927.9 -186.103
10939.9 -181.376
10952 -176.535
10964 -171.578
10976 -166.508
10988 -161.323
11000 -156.026
11012 -150.616
11024 -145.095
11036 -139.464
11048 -133.724
11060.1 -127.877
11072.1 -121.924
11084.1 -115.866
11096.1 -109.705
11108.1 -103.443
11120.1 -97.0822
11132.1 -90.624
11144.1 -84.0707
11156.2 -77.4242
11168.2 -70.6867
11180.2 -63.8603
11192.2 -56.947
11204.2 -49.9489
11216.2 -42.868
11228.2 -35.7058
11240.2 -28.4638
11252.3 -21.1432
11264.3 -13.7443
11276.3 -6.26685
11288.3 1.29079
11300.3 8.93201
11312.3 16.6632
11324.3 24.4958
11336.3 32.4505
11348.3 40.5692
11360.4 48.9601
11372.4 58.115
11384.4 66.6273
11396.4 74.7253
11408.4 82.5781
11420.4 90.2358
11432.4 97.7164
11444.4 105.021
11456.5 112.135
11468.5 119.004
11480.5 125.496
11492.5 132.133
11504.5 138.744
11516.5 145.27
11528.5 151.677
11540.5 157.93
11552.6 163.982
11564.6 169.748
11576.6 174.96
11588.6 179.595
11600.6 185.076
11612.6 190.811
11624.6 196.686
11636.6 202.656
11648.6 208.696
11660.7 214.803
11672.7 220.995
11684.7 227.43
11696.7 233.781
11708.7 239.886
11720.7 245.867
11732.7 251.753
11744.7 257.56
11756.8 263.305
11768.8 269.013
11780.8 274.744
11792.8 280.792
11804.8 286.361
11816.8 291.533
11828.8 296.41
11840.8 301.013
11852.9 305.335
11864.9 309.349
11876.9 312.987
11888.9 316.062
11900.9 318.037
11912.9 320.902
11924.9 324.091
11936.9 327.42
11948.9 330.819
11961 334.25
11973 337.686
11985 341.106
11997 344.466
12009 347.745
12021 351.162
12033 354.634
12045 358.15
12057.1 361.712
12069.1 365.335
12081.1 369.049
12093.1 372.919
12105.1 377.255
12117.1 381.609
12129.1 385.35
12141.1 388.836
12153.2 392.139
12165.2 395.293
12177.2 398.317
12189.2 401.224
12201.2 404.024
12213.2 406.725
12225.2 409.324
12237.2 411.822
12249.2 414.222
12261.3 416.519
12273.3 418.708
12285.3 420.771
12297.3 422.673
12309.3 424.305
12321.3 425.295
12333.3 426.946
12345.3 428.946
12357.4 431.187
12369.4 433.656
12381.4 436.371
12393.4 439.393
12405.4 442.855
12417.4 447.173
12429.4 452.81
12441.4 456.649
12453.5 459.828
12465.5 462.596
12477.5 465.062
12489.5 467.289
12501.5 469.323
12513.5 471.213
12525.5 473.073
12537.5 474.812
12549.5 476.141
12561.6 477.211
12573.6 478.05
12585.6 478.665
12597.6 479.052
12609.6 479.192
12621.6 479.025
12633.6 478.218
12645.6 477.565
12657.7 477.091
12669.7 476.641
12681.7 476.169
12693.7 475.653
12705.7 475.079
12717.7 474.44
12729.7 473.73
12741.7 472.964
12753.8 472.063
12765.8 471.03
12777.8 469.859
12789.8 468.533
12801.8 467.025
12813.8 465.289
12825.8 463.237
12837.8 460.618
12849.8 457.035
12861.9 454.572
12873.9 452.511
12885.9 450.684
12897.9 449.022
12909.9 447.49
12921.9 446.071
12933.9 444.762
12945.9 443.608
12958 442.564
12970 441.387
12982 440.174
12994 438.935
13006 437.669
13018 436.368
13030 435.012
13042 433.559
13054.1 431.779
13066.1 430.176
13078.1 428.821
13090.1 427.59
13102.1 426.45
13114.1 425.385
13126.1 424.386
13138.1 423.449
13150.2 422.572
13162.2 421.769
13174.2 420.992
13186.2 420.248
13198.2 419.541
13210.2 418.871
13222.2 418.24
13234.2 417.644
13246.2 417.079
13258.3 416.53
13270.3 415.96
13282.3 415.55
13294.3 415.249
13306.3 415.052
13318.3 414.965
13330.3 415.005
13342.3 415.199
13354.4 415.609
13366.4 416.442
13378.4 417.67
13390.4 418.267
13402.4 418.674
13414.4 418.978
13426.4 419.221
13438.4 419.431
13450.5 419.636
13462.5 419.874
13474.5 420.31
13486.5 420.636
13498.5 420.747
13510.5 420.751
13522.5 420.676
13534.5 420.538
13546.5 420.346
13558.6 420.11
13570.6 419.839
13582.6 419.569
13594.6 419.214
13606.6 418.788
13618.6 418.301
13630.6 417.758
13642.6 417.155
13654.7 416.492
13666.7 415.758
13678.7 414.93
13690.7 413.952
13702.7 413.038
13714.7 412.121
13726.7 411.174
13738.7 410.181
13750.8 409.127
13762.8 407.988
13774.8 406.722
13786.8 405.196
13798.8 403.36
13810.8 401.99
13822.8 400.772
13834.8 399.641
13846.8 398.565
13858.9 397.522
13870.9 396.49
13882.9 395.435
13894.9 394.215
13906.9 393.066
13918.9 392.156
13930.9 391.364
13942.9 390.664
13955 390.039
13967 389.482
13979 388.98
13991 388.52
14003 388.027
14015 387.691
14027 387.498
14039 387.425
14051.1 387.472
14063.1 387.645
14075.1 387.963
14087.1 388.462
14099.1 389.233
14111.1 390.558
14123.1 391.473
14135.1 392.244
14147.1 392.975
14159.2 393.714
14171.2 394.502
14183.2 395.382
14195.2 396.432
14207.2 397.867
14219.2 399.861
14231.2 400.961
14243.2 401.714
14255.3 402.235
14267.3 402.567
14279.3 402.729
14291.3 402.722
14303.3 402.523
14315.3 401.999
14327.3 401.331
14339.3 400.889
14351.4 400.482
14363.4 400.075
14375.4 399.648
14387.4 399.187
14399.4 398.677
14411.4 398.09
14423.4 397.298
14435.4 396.6
14447.4 395.992
14459.5 395.415
14471.5 394.849
14483.5 394.285
14495.5 393.712
14507.5 393.122
14519.5 392.498
14531.5 391.8
14543.5 391.143
14555.6 390.494
14567.6 389.833
14579.6 389.146
14591.6 388.419
14603.6 387.63
14615.6 386.74
14627.6 385.638
14639.6 384.174
14651.7 383.213
14663.7 382.447
14675.7 381.807
14687.7 381.26
14699.7 380.789
14711.7 380.381
14723.7 380.017
14735.7 379.652
14747.7 379.323
14759.8 379.187
14771.8 379.174
14783.8 379.276
14795.8 379.497
14807.8 379.852
14819.8 380.369
14831.8 381.116
14843.8 382.462
14855.9 383.574
14867.9 384.388
14879.9 385.091
14891.9 385.74
14903.9 386.369
14915.9 387.006
14927.9 387.687
14939.9 388.485
14952 389.67
14964 390.448
14976 390.983
14988 391.365
15000 391.625
15012 391.775
15024 391.815
15036 391.734
15048 391.483
15060.1 390.971
15072.1 390.656
15084.1 390.385
15096.1 390.119
15108.1 389.842
15120.1 389.542
15132.1 389.205
15144.1 388.813
15156.2 388.312
15168.2 387.717
15180.2 387.252
15192.2 386.813
15204.2 386.374
15216.2 385.92
15228.2 385.435
15240.2 384.896
15252.3 384.261
15264.3 383.312
15276.3 382.493
15288.3 381.909
15300.3 381.429
15312.3 381.016
15324.3 380.649
15336.3 380.31
15348.3 379.978
15360.4 379.611
15372.4 379.045
15384.4 378.741
15396.4 378.621
15408.4 378.628
15420.4 378.748
15432.4 378.974
15444.4 379.312
15456.5 379.775
15468.5 380.409
15480.5 381.321
15492.5 382.081
15504.5 382.827
15516.5 383.605
15528.5 384.444
15540.5 385.371
15552.6 386.424
15564.6 387.673
15576.6 389.348
15588.6 391.465
15600.6 392.801
15612.6 393.864
15624.6 394.754
15636.6 395.511
15648.6 396.162
15660.7 396.722
15672.7 397.204
15684.7 397.63
15696.7 397.974
15708.7 398.221
15720.7 398.385
15732.7 398.467
15744.7 398.463
15756.8 398.367
15768.8 398.164
15780.8 397.816
15792.8 397.143
15804.8 396.62
15816.8 396.191
15828.8 395.785
15840.8 395.378
15852.9 394.954
15864.9 394.504
15876.9 394.014
15888.9 393.465
15900.9 392.807
15912.9 392.194
15924.9 391.573
15936.9 390.924
15948.9 390.231
15961 389.477
15973 388.64
15985 387.676
15997 386.459
16009 384.913
16021 383.849
16033 382.95
16045 382.153
16057.1 381.43
16069.1 380.766
16081.1 380.153
16093.1 379.589
16105.1 379.083
16117.1 378.614
16129.1 378.155
16141.1 377.722
16153.2 377.324
16165.2 376.97
16177.2 376.677
16189.2 376.472
16201.2 376.425
16213.2 376.888
16225.2 376.976
16237.2 376.741
16249.2 376.328
16261.3 375.782
16273.3 375.126
16285.3 374.374
16297.3 373.539
16309.3 372.643
16321.3 371.744
16333.3 370.648
16345.3 369.401
16357.4 368.02
16369.4 366.507
16381.4 364.857
16393.4 363.058
16405.4 361.085
16417.4 358.865
16429.4 356.317
16441.4 353.967
16453.5 351.616
16465.5 349.216
16477.5 346.739
16489.5 344.161
16501.5 341.455
16513.5 338.569
16525.5 335.321
16537.5 331.891
16549.5 328.813
16561.6 325.814
16573.6 322.841
16585.6 319.864
16597.6 316.864
16609.6 313.823
16621.6 310.713
16633.6 307.413
16645.6 304.189
16657.7 301.048
16669.7 297.935
16681.7 294.832
16693.7 291.734
16705.7 288.637
16717.7 285.54
16729.7 282.448
16741.7 279.373
16753.8 276.28
16765.8 273.184
16777.8 270.094
16789.8 267.021
16801.8 263.98
16813.8 260.993
16825.8 258.1
16837.8 255.416
16849.8 253.116
16861.9 250.297
16873.9 247.275
16885.9 244.132
16897.9 240.907
16909.9 237.626
16921.9 234.317
16933.9 231.017
16945.9 227.834
16958 224.719
16970 221.267
16982 217.671
16994 213.968
17006 210.179
17018 206.313
17030 202.379
17042 198.375
17054.1 194.272
17066.1 190.156
17078.1 186.044
17090.1 181.919
17102.1 177.776
17114.1 173.614
17126.1 169.427
17138.1 165.206
17150.2 160.921
17162.2 156.441
17174.2 152.158
17186.2 148.002
17198.2 143.928
17210.2 139.922
17222.2 135.975
17234.2 132.081
17246.2 128.232
17258.3 124.403
17270.3 120.542
17282.3 116.89
17294.3 113.375
17306.3 109.981
17318.3 106.708
17330.3 103.562
17342.3 100.556
17354.4 97.7187
17366.4 95.1493
17378.4 92.8352
17390.4 90.2855
17402.4 87.7128
17414.4 85.1596
17426.4 82.6476
17438.4 80.1933
17450.5 77.8143
17462.5 75.5399
17474.5 73.5064
17486.5 71.4509
17498.5 69.2842
17510.5 67.0955
17522.5 64.9092
17534.5 62.739
17546.5 60.5975
17558.6 58.5015
17570.6 56.4906
17582.6 54.7523
17594.6 52.7492
17606.6 50.5478
17618.6 48.2021
17630.6 45.7116
17642.6 43.0517
17654.7 40.1694
17666.7 36.9543
17678.7 33.097
17690.7 27.8001
17702.7 24.1935
17714.7 21.356
17726.7 19.0163
17738.7 17.0805
17750.8 15.5136
17762.8 14.3192
17774.8 13.5536
17786.8 13.4599
17798.8 14.1195
17810.8 13.9521
17822.8 13.5762
17834.8 13.1086
17846.8 12.5969
17858.9 12.0662
17870.9 11.5312
17882.9 11.001
17894.9 10.4819
17906.9 9.97796
17918.9 9.49193
17930.9 9.02574
17942.9 8.58065
17955 8.15747
17967 7.75667
17979 7.37845
17991 7.02285
18003 6.68974
18015 6.37888
18027 6.08997
18039 5.8226
18051.1 5.57636
18063.1 5.35076
18075.1 5.14531
18087.1 4.95947
18099.1 4.79273
18111.1 4.64452
18123.1 4.51431
18135.1 4.40154
18147.1 4.30566
18159.2 4.22612
18171.2 4.16237
18183.2 4.1139
18195.2 4.08015
18207.2 4.06063
18219.2 4.05481
18231.2 4.06219
18243.2 4.0823
18255.3 4.11464
18267.3 4.15876
18279.3 4.21419
18291.3 4.2805
18303.3 4.35724
18315.3 4.44401
18327.3 4.54039
18339.3 4.64598
18351.4 4.76039
18363.4 4.88326
18375.4 5.01421
18387.4 5.1529
18399.4 5.29898
18411.4 5.45212
18423.4 5.612
18435.4 5.77831
18447.4 5.95074
18459.5 6.12901
18471.5 6.31283
18483.5 6.50193
18495.5 6.69605
18507.5 6.89493
18519.5 7.09832
18531.5 7.30599
18543.5 7.51771
18555.6 7.73325
18567.6 7.9524
18579.6 8.17496
18591.6 8.40072
18603.6 8.6295
18615.6 8.8611
18627.6 9.09535
18639.6 9.33207
18651.7 9.5711
18663.7 9.81227
18675.7 10.0554
18687.7 10.3005
18699.7 10.5472
18711.7 10.7955
18723.7 11.0452
18735.7 11.2962
18747.7 11.5484
18759.8 11.8016
18771.8 12.0558
18783.8 12.3108
18795.8 12.5666
18807.8 12.823
18819.8 13.0799
18831.8 13.3373
18843.8 13.595
18855.9 13.853
18867.9 14.1111
18879.9 14.3694
18891.9 14.6277
18903.9 14.8859
18915.9 15.144
18927.9 15.402
18939.9 15.6596
18952 15.917
18964 16.174
18976 16.4306
18988 16.6867
19000 16.9423
