7000 -26.5136
7012.01 -27.2891
7024.02 -28.0732
7036.04 -28.8644
7048.05 -29.6611
7060.06 -30.462
7072.07 -31.2654
7084.08 -32.0699
7096.1 -32.8739
7108.11 -33.676
7120.12 -34.4749
7132.13 -35.269
7144.14 -36.0571
7156.16 -36.838
7168.17 -37.6106
7180.18 -38.3738
7192.19 -39.1265
7204.2 -39.868
7216.22 -40.5976
7228.23 -41.3144
7240.24 -42.0181
7252.25 -42.7081
7264.26 -43.3841
7276.28 -44.0458
7288.29 -44.6931
7300.3 -45.3259
7312.31 -45.9443
7324.32 -46.5483
7336.34 -47.1381
7348.35 -47.7139
7360.36 -48.2762
7372.37 -48.8251
7384.38 -49.3612
7396.4 -49.8849
7408.41 -50.3968
7420.42 -50.8975
7432.43 -51.3875
7444.44 -51.8677
7456.46 -52.3389
7468.47 -52.8018
7480.48 -53.2575
7492.49 -53.7071
7504.5 -54.1521
7516.52 -54.5942
7528.53 -55.0358
7540.54 -55.4803
7552.55 -55.9334
7564.56 -56.4062
7576.58 -56.9361
7588.59 -57.5268
7600.6 -57.9716
7612.61 -58.3541
7624.62 -58.689
7636.64 -58.9809
7648.65 -59.2298
7660.66 -59.4311
7672.67 -59.571
7684.68 -59.5696
7696.7 -59.5806
7708.71 -59.6805
7720.72 -59.8103
7732.73 -59.9566
7744.74 -60.1142
7756.76 -60.2813
7768.77 -60.4593
7780.78 -60.6572
7792.79 -60.9276
7804.8 -61.1215
7816.82 -61.253
7828.83 -61.3392
7840.84 -61.3822
7852.85 -61.3785
7864.86 -61.3197
7876.88 -61.1876
7888.89 -60.9329
7900.9 -60.4156
7912.91 -60.1521
7924.92 -59.9975
7936.94 -59.9055
7948.95 -59.8609
7960.96 -59.8589
7972.97 -59.9029
7984.98 -60.0087
7997 -60.2398
8009.01 -60.6317
8021.02 -60.7408
8033.03 -60.7326
8045.05 -60.6364
8057.06 -60.46
8069.07 -60.2023
8081.08 -59.853
8093.09 -59.3835
8105.11 -58.6522
8117.12 -57.8772
8129.13 -57.3509
8141.14 -56.9148
8153.15 -56.5451
8165.17 -56.2401
8177.18 -56.013
8189.19 -55.8982
8201.2 -55.9852
8213.21 -56.7515
8225.23 -56.9937
8237.24 -56.7722
8249.25 -56.2802
8261.26 -55.57
8273.27 -54.6582
8285.29 -53.5393
8297.3 -52.1798
8309.31 -50.4663
8321.32 -47.9983
8333.33 -46.161
8345.35 -44.6116
8357.36 -43.2221
8369.37 -41.952
8381.38 -40.7871
8393.39 -39.7278
8405.41 -38.7906
8417.42 -38.0396
8429.43 -37.5452
8441.44 -36.8172
8453.45 -36.0356
8465.47 -35.2405
8477.48 -34.4495
8489.49 -33.673
8501.5 -32.918
8513.51 -32.1894
8525.53 -31.4911
8537.54 -30.826
8549.55 -30.1964
8561.56 -29.604
8573.57 -29.0499
8585.59 -28.535
8597.6 -28.0598
8609.61 -27.6245
8621.62 -27.2288
8633.63 -26.8726
8645.65 -26.5552
8657.66 -26.276
8669.67 -26.0342
8681.68 -25.8287
8693.69 -25.6584
8705.71 -25.5223
8717.72 -25.4192
8729.73 -25.3477
8741.74 -25.3067
8753.75 -25.2948
8765.77 -25.3107
8777.78 -25.3532
8789.79 -25.4209
8801.8 -25.5127
8813.81 -25.6273
8825.83 -25.7635
8837.84 -25.9202
8849.85 -26.0963
8861.86 -26.2907
8873.87 -26.5023
8885.89 -26.7302
8897.9 -26.9735
8909.91 -27.2313
8921.92 -27.5027
8933.93 -27.7869
8945.95 -28.0832
8957.96 -28.3909
8969.97 -28.7092
8981.98 -29.0377
8993.99 -29.3755
9006.01 -29.7223
9018.02 -30.0775
9030.03 -30.4405
9042.04 -30.811
9054.05 -31.1885
9066.07 -31.5726
9078.08 -31.9629
9090.09 -32.3591
9102.1 -32.7609
9114.11 -33.1679
9126.13 -33.58
9138.14 -33.9967
9150.15 -34.418
9162.16 -34.8436
9174.17 -35.2732
9186.19 -35.7068
9198.2 -36.144
9210.21 -36.5849
9222.22 -37.0291
9234.23 -37.4767
9246.25 -37.9274
9258.26 -38.3811
9270.27 -38.8379
9282.28 -39.2975
9294.29 -39.7599
9306.31 -40.225
9318.32 -40.6927
9330.33 -41.1631
9342.34 -41.6359
9354.35 -42.1113
9366.37 -42.5891
9378.38 -43.0693
9390.39 -43.5519
9402.4 -44.0368
9414.41 -44.5241
9426.43 -45.0136
9438.44 -45.5055
9450.45 -45.9996
9462.46 -46.496
9474.47 -46.9946
9486.49 -47.4955
9498.5 -47.9986
9510.51 -48.504
9522.52 -49.0116
9534.53 -49.5214
9546.55 -50.0334
9558.56 -50.5477
9570.57 -51.0643
9582.58 -51.5831
9594.59 -52.1041
9606.61 -52.6274
9618.62 -53.1529
9630.63 -53.6807
9642.64 -54.2108
9654.65 -54.7431
9666.67 -55.2777
9678.68 -55.8146
9690.69 -56.3537
9702.7 -56.8951
9714.71 -57.4388
9726.73 -57.9847
9738.74 -58.5329
9750.75 -59.0833
9762.76 -59.636
9774.77 -60.1909
9786.79 -60.748
9798.8 -61.3073
9810.81 -61.8689
9822.82 -62.4325
9834.83 -62.9983
9846.85 -63.5663
9858.86 -64.1363
9870.87 -64.7083
9882.88 -65.2824
9894.89 -65.8585
9906.91 -66.4364
9918.92 -67.0163
9930.93 -67.5979
9942.94 -68.1813
9954.95 -68.7664
9966.97 -69.3531
9978.98 -69.9414
9990.99 -70.5311
10003 -71.1222
10015 -71.7146
10027 -72.3081
10039 -72.9027
10051.1 -73.4982
10063.1 -74.0946
10075.1 -74.6916
10087.1 -75.2891
10099.1 -75.887
10111.1 -76.4851
10123.1 -77.0833
10135.1 -77.6812
10147.1 -78.2789
10159.2 -78.8759
10171.2 -79.4722
10183.2 -80.0674
10195.2 -80.6614
10207.2 -81.2538
10219.2 -81.8443
10231.2 -82.4328
10243.2 -83.0188
10255.3 -83.602
10267.3 -84.1821
10279.3 -84.7587
10291.3 -85.3315
10303.3 -85.8999
10315.3 -86.4636
10327.3 -87.0221
10339.3 -87.5749
10351.4 -88.1216
10363.4 -88.6615
10375.4 -89.1942
10387.4 -89.7191
10399.4 -90.2355
10411.4 -90.7428
10423.4 -91.2402
10435.4 -91.7272
10447.4 -92.2029
10459.5 -92.6666
10471.5 -93.1175
10483.5 -93.5546
10495.5 -93.9772
10507.5 -94.3841
10519.5 -94.7746
10531.5 -95.1475
10543.5 -95.5017
10555.6 -95.8362
10567.6 -96.1498
10579.6 -96.4413
10591.6 -96.7093
10603.6 -96.9526
10615.6 -97.1698
10627.6 -97.3594
10639.6 -97.5199
10651.7 -97.6499
10663.7 -97.7477
10675.7 -97.8115
10687.7 -97.8398
10699.7 -97.8306
10711.7 -97.7822
10723.7 -97.6925
10735.7 -97.5597
10747.7 -97.3816
10759.8 -97.1561
10771.8 -96.8811
10783.8 -96.5543
10795.8 -96.1734
10807.8 -95.736
10819.8 -95.2398
10831.8 -94.6821
10843.8 -94.0605
10855.9 -93.3724
10867.9 -92.6151
10879.9 -91.7859
10891.9 -90.8821
10903.9 -89.901
10915.9 -88.8397
10927.9 -87.6954
10939.9 -86.4653
10952 -85.1466
10964 -83.7363
10976 -82.2316
10988 -80.6297
11000 -78.9278
11012 -77.123
11024 -75.2128
11036 -73.1943
11048 -71.065
11060.1 -68.8223
11072.1 -66.4638
11084.1 -63.9871
11096.1 -61.3899
11108.1 -58.6701
11120.1 -55.8257
11132.1 -52.8547
11144.1 -49.7554
11156.2 -46.526
11168.2 -43.1649
11180.2 -39.6708
11192.2 -36.042
11204.2 -32.2772
11216.2 -28.3748
11228.2 -24.3333
11240.2 -20.1506
11252.3 -15.8244
11264.3 -11.3516
11276.3 -6.72787
11288.3 -1.94719
11300.3 2.99938
11312.3 8.12541
11324.3 13.4526
11336.3 19.0182
11348.3 24.8947
11360.4 31.2665
11372.4 38.9662
11384.4 45.6138
11396.4 51.595
11408.4 57.194
11420.4 62.4921
11432.4 67.5136
11444.4 72.2497
11456.5 76.6517
11468.5 80.5612
11480.5 83.6
11492.5 87.3129
11504.5 91.2139
11516.5 95.1553
11528.5 99.0672
11540.5 102.898
11552.6 106.592
11564.6 110.07
11576.6 113.106
11588.6 115.672
11600.6 118.899
11612.6 122.303
11624.6 125.784
11636.6 129.294
11648.6 132.799
11660.7 136.274
11672.7 139.689
11684.7 142.957
11696.7 146.213
11708.7 149.521
11720.7 152.82
11732.7 156.093
11744.7 159.334
11756.8 162.54
11768.8 165.719
11780.8 168.891
11792.8 172.186
11804.8 175.251
11816.8 178.122
11828.8 180.846
11840.8 183.435
11852.9 185.891
11864.9 188.209
11876.9 190.371
11888.9 192.329
11900.9 193.931
11912.9 195.75
11924.9 197.627
11936.9 199.517
11948.9 201.406
11961 203.291
11973 205.178
11985 207.084
11997 209.063
12009 211.15
12021 213.007
12033 214.772
12045 216.48
12057.1 218.152
12069.1 219.808
12081.1 221.477
12093.1 223.206
12105.1 225.194
12117.1 227.168
12129.1 228.739
12141.1 230.135
12153.2 231.408
12165.2 232.585
12177.2 233.687
12189.2 234.737
12201.2 235.773
12213.2 236.955
12225.2 237.899
12237.2 238.632
12249.2 239.219
12261.3 239.679
12273.3 240.019
12285.3 240.24
12297.3 240.331
12309.3 240.26
12321.3 239.901
12333.3 239.679
12345.3 239.488
12357.4 239.283
12369.4 239.047
12381.4 238.767
12393.4 238.426
12405.4 238.001
12417.4 237.418
12429.4 236.597
12441.4 236.081
12453.5 235.673
12465.5 235.334
12477.5 235.05
12489.5 234.817
12501.5 234.638
12513.5 234.53
12525.5 234.569
12537.5 234.672
12549.5 234.596
12561.6 234.461
12573.6 234.288
12585.6 234.085
12597.6 233.856
12609.6 233.599
12621.6 233.307
12633.6 232.915
12645.6 232.585
12657.7 232.323
12669.7 232.106
12681.7 231.929
12693.7 231.798
12705.7 231.725
12717.7 231.735
12729.7 231.896
12741.7 232.466
12753.8 232.631
12765.8 232.572
12777.8 232.371
12789.8 232.051
12801.8 231.619
12813.8 231.062
12825.8 230.349
12837.8 229.367
12849.8 227.939
12861.9 227.04
12873.9 226.343
12885.9 225.774
12897.9 225.308
12909.9 224.938
12921.9 224.673
12933.9 224.541
12945.9 224.671
12958 224.984
12970 224.928
12982 224.747
12994 224.484
13006 224.155
13018 223.764
13030 223.307
13042 222.763
13054.1 221.997
13066.1 221.317
13078.1 220.769
13090.1 220.282
13102.1 219.839
13114.1 219.436
13126.1 219.075
13138.1 218.765
13150.2 218.536
13162.2 218.52
13174.2 218.328
13186.2 218.033
13198.2 217.68
13210.2 217.285
13222.2 216.855
13234.2 216.398
13246.2 215.918
13258.3 215.433
13270.3 214.973
13282.3 214.387
13294.3 213.717
13306.3 212.969
13318.3 212.135
13330.3 211.203
13342.3 210.146
13354.4 208.905
13366.4 207.283
13378.4 205.307
13390.4 203.973
13402.4 202.856
13414.4 201.876
13426.4 201
13438.4 200.206
13450.5 199.481
13462.5 198.816
13474.5 198.192
13486.5 197.632
13498.5 197.142
13510.5 196.715
13522.5 196.349
13534.5 196.047
13546.5 195.814
13558.6 195.663
13570.6 195.626
13582.6 195.854
13594.6 195.933
13606.6 195.926
13618.6 195.887
13630.6 195.837
13642.6 195.785
13654.7 195.742
13666.7 195.715
13678.7 195.723
13690.7 195.803
13702.7 195.817
13714.7 195.809
13726.7 195.793
13738.7 195.778
13750.8 195.768
13762.8 195.77
13774.8 195.793
13786.8 195.864
13798.8 195.992
13810.8 196.034
13822.8 196.049
13834.8 196.05
13846.8 196.044
13858.9 196.037
13870.9 196.035
13882.9 196.049
13894.9 196.123
13906.9 196.183
13918.9 196.177
13930.9 196.144
13942.9 196.092
13955 196.029
13967 195.961
13979 195.896
13991 195.852
14003 195.913
14015 195.86
14027 195.712
14039 195.5
14051.1 195.232
14063.1 194.908
14075.1 194.524
14087.1 194.069
14099.1 193.509
14111.1 192.742
14123.1 192.123
14135.1 191.554
14147.1 190.998
14159.2 190.436
14171.2 189.855
14183.2 189.238
14195.2 188.556
14207.2 187.732
14219.2 186.702
14231.2 185.995
14243.2 185.411
14255.3 184.908
14267.3 184.469
14279.3 184.087
14291.3 183.759
14303.3 183.488
14315.3 183.309
14327.3 183.174
14339.3 182.988
14351.4 182.8
14363.4 182.618
14375.4 182.446
14387.4 182.286
14399.4 182.139
14411.4 182.01
14423.4 181.908
14435.4 181.812
14447.4 181.722
14459.5 181.645
14471.5 181.583
14483.5 181.54
14495.5 181.52
14507.5 181.529
14519.5 181.585
14531.5 181.74
14543.5 181.827
14555.6 181.889
14567.6 181.945
14579.6 182.008
14591.6 182.086
14603.6 182.19
14615.6 182.343
14627.6 182.603
14639.6 183.047
14651.7 183.22
14663.7 183.283
14675.7 183.271
14687.7 183.199
14699.7 183.074
14711.7 182.896
14723.7 182.665
14735.7 182.363
14747.7 182.006
14759.8 181.657
14771.8 181.284
14783.8 180.878
14795.8 180.431
14807.8 179.935
14819.8 179.374
14831.8 178.715
14843.8 177.791
14855.9 176.979
14867.9 176.308
14879.9 175.693
14891.9 175.107
14903.9 174.536
14915.9 173.966
14927.9 173.383
14939.9 172.759
14952 171.988
14964 171.373
14976 170.849
14988 170.381
15000 169.956
15012 169.568
15024 169.211
15036 168.886
15048 168.591
15060.1 168.329
15072.1 168.083
15084.1 167.857
15096.1 167.655
15108.1 167.478
15120.1 167.329
15132.1 167.212
15144.1 167.139
15156.2 167.143
15168.2 167.212
15180.2 167.195
15192.2 167.16
15204.2 167.122
15216.2 167.088
15228.2 167.067
15240.2 167.066
15252.3 167.103
15264.3 167.257
15276.3 167.367
15288.3 167.394
15300.3 167.387
15312.3 167.359
15324.3 167.32
15336.3 167.277
15348.3 167.238
15360.4 167.223
15372.4 167.299
15384.4 167.278
15396.4 167.192
15408.4 167.067
15420.4 166.914
15432.4 166.737
15444.4 166.545
15456.5 166.345
15468.5 166.158
15480.5 166.035
15492.5 165.767
15504.5 165.415
15516.5 164.992
15528.5 164.501
15540.5 163.935
15552.6 163.279
15564.6 162.5
15576.6 161.484
15588.6 160.224
15600.6 159.349
15612.6 158.601
15624.6 157.929
15636.6 157.313
15648.6 156.742
15660.7 156.208
15672.7 155.707
15684.7 155.236
15696.7 154.795
15708.7 154.385
15720.7 154.007
15732.7 153.661
15744.7 153.352
15756.8 153.085
15768.8 152.871
15780.8 152.737
15792.8 152.8
15804.8 152.753
15816.8 152.632
15828.8 152.488
15840.8 152.34
15852.9 152.202
15864.9 152.09
15876.9 152.028
15888.9 152.077
15900.9 152.398
15912.9 152.402
15924.9 152.258
15936.9 152.021
15948.9 151.712
15961 151.341
15973 150.912
15985 150.425
15997 149.859
16009 149.206
16021 148.623
16033 148.053
16045 147.491
16057.1 146.936
16069.1 146.393
16081.1 145.876
16093.1 145.409
16105.1 145.118
16117.1 144.82
16129.1 144.257
16141.1 143.573
16153.2 142.793
16165.2 141.927
16177.2 140.974
16189.2 139.929
16201.2 138.765
16213.2 137.343
16225.2 136.017
16237.2 134.766
16249.2 133.532
16261.3 132.294
16273.3 131.041
16285.3 129.762
16297.3 128.442
16309.3 127.05
16321.3 125.483
16333.3 124.079
16345.3 122.754
16357.4 121.474
16369.4 120.228
16381.4 119.013
16393.4 117.832
16405.4 116.694
16417.4 115.635
16429.4 114.698
16441.4 113.593
16453.5 112.424
16465.5 111.212
16477.5 109.966
16489.5 108.689
16501.5 107.381
16513.5 106.039
16525.5 104.638
16537.5 103.208
16549.5 101.825
16561.6 100.453
16573.6 99.0874
16585.6 97.7276
16597.6 96.3759
16609.6 95.0381
16621.6 93.7289
16633.6 92.5291
16645.6 91.2489
16657.7 89.8825
16669.7 88.4678
16681.7 87.0163
16693.7 85.534
16705.7 84.0257
16717.7 82.4973
16729.7 80.9613
16741.7 79.4642
16753.8 77.8562
16765.8 76.1682
16777.8 74.4125
16789.8 72.5892
16801.8 70.6929
16813.8 68.7119
16825.8 66.6217
16837.8 64.3514
16849.8 61.7899
16861.9 59.5136
16873.9 57.3204
16885.9 55.1582
16897.9 53.0015
16909.9 50.8298
16921.9 48.6206
16933.9 46.3363
16945.9 43.8557
16958 41.2416
16970 38.9738
16982 36.8307
16994 34.7697
17006 32.7705
17018 30.8206
17030 28.9103
17042 27.0299
17054.1 25.1535
17066.1 23.3244
17078.1 21.5457
17090.1 19.8029
17102.1 18.0898
17114.1 16.401
17126.1 14.7307
17138.1 13.0705
17150.2 11.4014
17162.2 9.64901
17174.2 8.02661
17186.2 6.49362
17198.2 5.02395
17210.2 3.60859
17222.2 2.24293
17234.2 0.924193
17246.2 -0.349734
17258.3 -1.582
17270.3 -2.77825
17282.3 -3.91035
17294.3 -4.98488
17306.3 -6.00101
17318.3 -6.95497
17330.3 -7.83986
17342.3 -8.64346
17354.4 -9.3405
17366.4 -9.84446
17378.4 -10.1673
17390.4 -10.7393
17402.4 -11.376
17414.4 -12.0422
17426.4 -12.7217
17438.4 -13.4042
17450.5 -14.0819
17462.5 -14.7453
17474.5 -15.3597
17486.5 -15.9892
17498.5 -16.6563
17510.5 -17.3409
17522.5 -18.0412
17534.5 -18.7608
17546.5 -19.5106
17558.6 -20.3148
17570.6 -21.2401
17582.6 -22.6151
17594.6 -23.5051
17606.6 -24.0323
17618.6 -24.3016
17630.6 -24.3273
17642.6 -24.0905
17654.7 -23.5379
17666.7 -22.5522
17678.7 -20.7972
17690.7 -17.4009
17702.7 -15.7992
17714.7 -14.9844
17726.7 -14.662
17738.7 -14.7324
17750.8 -15.1618
17762.8 -15.9609
17774.8 -17.2027
17786.8 -19.1879
17798.8 -22.019
17810.8 -23.7691
17822.8 -25.1958
17834.8 -26.444
17846.8 -27.574
17858.9 -28.6184
17870.9 -29.5968
17882.9 -30.5225
17894.9 -31.4045
17906.9 -32.2495
17918.9 -33.0626
17930.9 -33.8475
17942.9 -34.6073
17955 -35.3445
17967 -36.0609
17979 -36.7582
17991 -37.4378
18003 -38.1009
18015 -38.7483
18027 -39.3809
18039 -39.9995
18051.1 -40.6046
18063.1 -41.1969
18075.1 -41.7768
18087.1 -42.3448
18099.1 -42.9012
18111.1 -43.4465
18123.1 -43.9809
18135.1 -44.5047
18147.1 -45.0182
18159.2 -45.5217
18171.2 -46.0154
18183.2 -46.4995
18195.2 -46.9742
18207.2 -47.4397
18219.2 -47.8962
18231.2 -48.3438
18243.2 -48.7827
18255.3 -49.2131
18267.3 -49.635
18279.3 -50.0488
18291.3 -50.4544
18303.3 -50.852
18315.3 -51.2418
18327.3 -51.6238
18339.3 -51.9982
18351.4 -52.365
18363.4 -52.7245
18375.4 -53.0767
18387.4 -53.4217
18399.4 -53.7596
18411.4 -54.0906
18423.4 -54.4147
18435.4 -54.7319
18447.4 -55.0425
18459.5 -55.3466
18471.5 -55.6441
18483.5 -55.9352
18495.5 -56.2199
18507.5 -56.4985
18519.5 -56.7709
18531.5 -57.0372
18543.5 -57.2976
18555.6 -57.5521
18567.6 -57.8007
18579.6 -58.0437
18591.6 -58.2809
18603.6 -58.5127
18615.6 -58.7389
18627.6 -58.9597
18639.6 -59.1752
18651.7 -59.3854
18663.7 -59.5904
18675.7 -59.7903
18687.7 -59.9852
18699.7 -60.1751
18711.7 -60.3601
18723.7 -60.5403
18735.7 -60.7157
18747.7 -60.8864
18759.8 -61.0525
18771.8 -61.214
18783.8 -61.3711
18795.8 -61.5237
18807.8 -61.672
18819.8 -61.816
18831.8 -61.9557
18843.8 -62.0913
18855.9 -62.2228
18867.9 -62.3503
18879.9 -62.4737
18891.9 -62.5932
18903.9 -62.7089
18915.9 -62.8208
18927.9 -62.9289
18939.9 -63.0333
18952 -63.1341
18964 -63.2313
18976 -63.325
18988 -63.4153
19000 -63.5021
