7000 40.1048
7012.01 40.5304
7024.02 40.9468
7036.04 41.3521
7048.05 41.7443
7060.06 42.1212
7072.07 42.4804
7084.08 42.8191
7096.1 43.1344
7108.11 43.4232
7120.12 43.6819
7132.13 43.9067
7144.14 44.0934
7156.16 44.2377
7168.17 44.3346
7180.18 44.3789
7192.19 44.3651
7204.2 44.287
7216.22 44.1382
7228.23 43.9119
7240.24 43.6009
7252.25 43.1976
7264.26 42.694
7276.28 42.0818
7288.29 41.3524
7300.3 40.4971
7312.31 39.5071
7324.32 38.3735
7336.34 37.0875
7348.35 35.6405
7360.36 34.0246
7372.37 32.2323
7384.38 30.2568
7396.4 28.0926
7408.41 25.7353
7420.42 23.1818
7432.43 20.4309
7444.44 17.4834
7456.46 14.3417
7468.47 11.0108
7480.48 7.49768
7492.49 3.81143
7504.5 -0.0368311
7516.52 -4.03444
7528.53 -8.16788
7540.54 -12.4241
7552.55 -16.7936
7564.56 -21.2786
7576.58 -25.9419
7588.59 -30.7667
7600.6 -35.2381
7612.61 -39.5285
7624.62 -43.6473
7636.64 -47.5807
7648.65 -51.3047
7660.66 -54.7839
7672.67 -57.9564
7684.68 -60.5507
7696.7 -63.046
7708.71 -65.6761
7720.72 -68.2429
7732.73 -70.696
7744.74 -73.0097
7756.76 -75.1668
7768.77 -77.1516
7780.78 -78.9378
7792.79 -80.4061
7804.8 -81.8802
7816.82 -83.3285
7828.83 -84.7123
7840.84 -86.0256
7852.85 -87.2709
7864.86 -88.456
7876.88 -89.5934
7888.89 -90.7076
7900.9 -91.854
7912.91 -92.8704
7924.92 -93.8162
7936.94 -94.7196
7948.95 -95.601
7960.96 -96.4817
7972.97 -97.3898
7984.98 -98.3717
7997 -99.5579
8009.01 -101.027
8021.02 -101.987
8033.03 -102.753
8045.05 -103.391
8057.06 -103.93
8069.07 -104.39
8081.08 -104.779
8093.09 -105.101
8105.11 -105.335
8117.12 -105.532
8129.13 -105.763
8141.14 -105.998
8153.15 -106.238
8165.17 -106.488
8177.18 -106.76
8189.19 -107.072
8201.2 -107.472
8213.21 -108.216
8225.23 -108.653
8237.24 -108.808
8249.25 -108.777
8261.26 -108.574
8273.27 -108.185
8285.29 -107.575
8297.3 -106.667
8309.31 -105.253
8321.32 -102.66
8333.33 -101.122
8345.35 -100.056
8357.36 -99.223
8369.37 -98.5268
8381.38 -97.9096
8393.39 -97.3371
8405.41 -96.8064
8417.42 -96.4265
8429.43 -96.3225
8441.44 -95.259
8453.45 -93.6463
8465.47 -91.5738
8477.48 -89.1028
8489.49 -86.3076
8501.5 -83.2845
8513.51 -80.1484
8525.53 -77.0229
8537.54 -74.0269
8549.55 -71.261
8561.56 -68.7987
8573.57 -66.6829
8585.59 -64.9271
8597.6 -63.5217
8609.61 -62.4403
8621.62 -61.647
8633.63 -61.1017
8645.65 -60.7647
8657.66 -60.5986
8669.67 -60.5703
8681.68 -60.6512
8693.69 -60.8173
8705.71 -61.0488
8717.72 -61.3295
8729.73 -61.6466
8741.74 -61.9898
8753.75 -62.3509
8765.77 -62.7238
8777.78 -63.1036
8789.79 -63.4865
8801.8 -63.8698
8813.81 -64.2513
8825.83 -64.6296
8837.84 -65.0036
8849.85 -65.3726
8861.86 -65.736
8873.87 -66.0938
8885.89 -66.4457
8897.9 -66.7918
8909.91 -67.1323
8921.92 -67.4673
8933.93 -67.7972
8945.95 -68.122
8957.96 -68.4423
8969.97 -68.7582
8981.98 -69.07
8993.99 -69.3782
9006.01 -69.6831
9018.02 -69.9849
9030.03 -70.2839
9042.04 -70.5805
9054.05 -70.875
9066.07 -71.1676
9078.08 -71.4586
9090.09 -71.7482
9102.1 -72.0368
9114.11 -72.3245
9126.13 -72.6115
9138.14 -72.8982
9150.15 -73.1846
9162.16 -73.4711
9174.17 -73.7577
9186.19 -74.0447
9198.2 -74.3323
9210.21 -74.6205
9222.22 -74.9096
9234.23 -75.1997
9246.25 -75.4909
9258.26 -75.7835
9270.27 -76.0774
9282.28 -76.3729
9294.29 -76.6701
9306.31 -76.969
9318.32 -77.2699
9330.33 -77.5727
9342.34 -77.8776
9354.35 -78.1847
9366.37 -78.4941
9378.38 -78.8059
9390.39 -79.1201
9402.4 -79.4369
9414.41 -79.7563
9426.43 -80.0785
9438.44 -80.4034
9450.45 -80.7312
9462.46 -81.0618
9474.47 -81.3955
9486.49 -81.7323
9498.5 -82.0722
9510.51 -82.4152
9522.52 -82.7615
9534.53 -83.1111
9546.55 -83.4641
9558.56 -83.8204
9570.57 -84.1803
9582.58 -84.5436
9594.59 -84.9106
9606.61 -85.2811
9618.62 -85.6553
9630.63 -86.0332
9642.64 -86.4148
9654.65 -86.8003
9666.67 -87.1895
9678.68 -87.5827
9690.69 -87.9797
9702.7 -88.3806
9714.71 -88.7856
9726.73 -89.1945
9738.74 -89.6075
9750.75 -90.0245
9762.76 -90.4456
9774.77 -90.8708
9786.79 -91.3002
9798.8 -91.7337
9810.81 -92.1713
9822.82 -92.6132
9834.83 -93.0592
9846.85 -93.5095
9858.86 -93.964
9870.87 -94.4227
9882.88 -94.8856
9894.89 -95.3527
9906.91 -95.8241
9918.92 -96.2997
9930.93 -96.7795
9942.94 -97.2635
9954.95 -97.7516
9966.97 -98.2439
9978.98 -98.7404
9990.99 -99.2409
10003 -99.7454
10015 -100.254
10027 -100.767
10039 -101.283
10051.1 -101.803
10063.1 -102.328
10075.1 -102.855
10087.1 -103.387
10099.1 -103.922
10111.1 -104.46
10123.1 -105.002
10135.1 -105.547
10147.1 -106.096
10159.2 -106.647
10171.2 -107.201
10183.2 -107.758
10195.2 -108.317
10207.2 -108.879
10219.2 -109.443
10231.2 -110.008
10243.2 -110.576
10255.3 -111.145
10267.3 -111.715
10279.3 -112.287
10291.3 -112.858
10303.3 -113.431
10315.3 -114.003
10327.3 -114.576
10339.3 -115.147
10351.4 -115.718
10363.4 -116.287
10375.4 -116.854
10387.4 -117.418
10399.4 -117.98
10411.4 -118.539
10423.4 -119.093
10435.4 -119.643
10447.4 -120.188
10459.5 -120.727
10471.5 -121.259
10483.5 -121.784
10495.5 -122.301
10507.5 -122.809
10519.5 -123.307
10531.5 -123.794
10543.5 -124.27
10555.6 -124.733
10567.6 -125.181
10579.6 -125.615
10591.6 -126.033
10603.6 -126.432
10615.6 -126.813
10627.6 -127.174
10639.6 -127.513
10651.7 -127.828
10663.7 -128.118
10675.7 -128.382
10687.7 -128.617
10699.7 -128.821
10711.7 -128.993
10723.7 -129.13
10735.7 -129.231
10747.7 -129.293
10759.8 -129.313
10771.8 -129.289
10783.8 -129.219
10795.8 -129.099
10807.8 -128.928
10819.8 -128.701
10831.8 -128.417
10843.8 -128.072
10855.9 -127.663
10867.9 -127.186
10879.9 -126.638
10891.9 -126.015
10903.9 -125.314
10915.9 -124.532
10927.9 -123.663
10939.9 -122.705
10952 -121.653
10964 -120.503
10976 -119.251
10988 -117.893
11000 -116.424
11012 -114.841
11024 -113.139
11036 -111.313
11048 -109.36
11060.1 -107.276
11072.1 -105.055
11084.1 -102.694
11096.1 -100.188
11108.1 -97.5348
11120.1 -94.7291
11132.1 -91.7675
11144.1 -88.6463
11156.2 -85.3621
11168.2 -81.9114
11180.2 -78.2909
11192.2 -74.4975
11204.2 -70.5279
11216.2 -66.3789
11228.2 -62.0472
11240.2 -57.5289
11252.3 -52.82
11264.3 -47.9151
11276.3 -42.8075
11288.3 -37.4884
11300.3 -31.9448
11312.3 -26.1576
11324.3 -20.0967
11336.3 -13.7106
11348.3 -6.89954
11360.4 0.590425
11372.4 9.90722
11384.4 17.7672
11396.4 24.7011
11408.4 31.0992
11420.4 37.0715
11432.4 42.6483
11444.4 47.8123
11456.5 52.4873
11468.5 56.4306
11480.5 59.0657
11492.5 62.7466
11504.5 66.7337
11516.5 70.8032
11528.5 74.8514
11540.5 78.8025
11552.6 82.5801
11564.6 86.0735
11576.6 88.9807
11588.6 91.263
11600.6 94.4265
11612.6 97.826
11624.6 101.328
11636.6 104.865
11648.6 108.395
11660.7 111.882
11672.7 115.282
11684.7 118.463
11696.7 121.64
11708.7 124.918
11720.7 128.202
11732.7 131.47
11744.7 134.711
11756.8 137.927
11768.8 141.126
11780.8 144.341
11792.8 147.751
11804.8 150.877
11816.8 153.772
11828.8 156.505
11840.8 159.097
11852.9 161.556
11864.9 163.888
11876.9 166.087
11888.9 168.129
11900.9 169.934
11912.9 171.835
11924.9 173.748
11936.9 175.652
11948.9 177.548
11961 179.443
11973 181.355
11985 183.318
11997 185.432
12009 187.759
12021 189.696
12033 191.489
12045 193.197
12057.1 194.855
12069.1 196.494
12081.1 198.155
12093.1 199.904
12105.1 202.011
12117.1 204.106
12129.1 205.666
12141.1 206.999
12153.2 208.174
12165.2 209.229
12177.2 210.193
12189.2 211.097
12201.2 211.992
12213.2 213.091
12225.2 213.882
12237.2 214.402
12249.2 214.736
12261.3 214.914
12273.3 214.949
12285.3 214.846
12297.3 214.604
12309.3 214.212
12321.3 213.623
12333.3 212.991
12345.3 212.27
12357.4 211.436
12369.4 210.471
12381.4 209.348
12393.4 208.028
12405.4 206.432
12417.4 204.324
12429.4 201.442
12441.4 199.547
12453.5 197.999
12465.5 196.661
12477.5 195.475
12489.5 194.414
12501.5 193.463
12513.5 192.623
12525.5 191.932
12537.5 191.333
12549.5 190.675
12561.6 190.027
12573.6 189.401
12585.6 188.8
12597.6 188.228
12609.6 187.686
12621.6 187.174
12633.6 186.689
12645.6 186.247
12657.7 185.854
12669.7 185.51
12681.7 185.222
12693.7 185
12705.7 184.859
12717.7 184.831
12729.7 184.994
12741.7 185.641
12753.8 185.85
12765.8 185.826
12777.8 185.666
12789.8 185.398
12801.8 185.031
12813.8 184.56
12825.8 183.958
12837.8 183.128
12849.8 181.913
12861.9 181.182
12873.9 180.646
12885.9 180.241
12897.9 179.951
12909.9 179.772
12921.9 179.721
12933.9 179.837
12945.9 180.286
12958 180.972
12970 181.193
12982 181.264
12994 181.242
13006 181.15
13018 180.998
13030 180.788
13042 180.509
13054.1 180.068
13066.1 179.69
13078.1 179.411
13090.1 179.184
13102.1 179.002
13114.1 178.869
13126.1 178.795
13138.1 178.804
13150.2 178.959
13162.2 179.518
13174.2 179.729
13186.2 179.735
13198.2 179.627
13210.2 179.441
13222.2 179.197
13234.2 178.916
13246.2 178.626
13258.3 178.398
13270.3 178.382
13282.3 177.904
13294.3 177.166
13306.3 176.213
13318.3 175.046
13330.3 173.644
13342.3 171.96
13354.4 169.889
13366.4 167.055
13378.4 163.511
13390.4 161.136
13402.4 159.125
13414.4 157.326
13426.4 155.665
13438.4 154.098
13450.5 152.585
13462.5 151.072
13474.5 149.355
13486.5 147.814
13498.5 146.577
13510.5 145.514
13522.5 144.59
13534.5 143.791
13546.5 143.113
13558.6 142.559
13570.6 142.15
13582.6 142.006
13594.6 141.789
13606.6 141.547
13618.6 141.325
13630.6 141.138
13642.6 140.996
13654.7 140.908
13666.7 140.885
13678.7 140.95
13690.7 141.162
13702.7 141.313
13714.7 141.47
13726.7 141.657
13738.7 141.887
13750.8 142.174
13762.8 142.535
13774.8 143.001
13786.8 143.662
13798.8 144.552
13810.8 145.157
13822.8 145.688
13834.8 146.192
13846.8 146.693
13858.9 147.215
13870.9 147.779
13882.9 148.43
13894.9 149.355
13906.9 150.238
13918.9 150.857
13930.9 151.372
13942.9 151.825
13955 152.238
13967 152.633
13979 153.035
13991 153.493
14003 154.234
14015 154.681
14027 154.886
14039 154.935
14051.1 154.852
14063.1 154.645
14075.1 154.312
14087.1 153.837
14099.1 153.172
14111.1 152.166
14123.1 151.344
14135.1 150.56
14147.1 149.756
14159.2 148.902
14171.2 147.97
14183.2 146.925
14195.2 145.705
14207.2 144.127
14219.2 142.044
14231.2 140.69
14243.2 139.598
14255.3 138.668
14267.3 137.861
14279.3 137.153
14291.3 136.534
14303.3 135.998
14315.3 135.566
14327.3 135.198
14339.3 134.818
14351.4 134.46
14363.4 134.128
14375.4 133.821
14387.4 133.539
14399.4 133.279
14411.4 133.035
14423.4 132.771
14435.4 132.573
14447.4 132.443
14459.5 132.364
14471.5 132.336
14483.5 132.359
14495.5 132.436
14507.5 132.576
14519.5 132.798
14531.5 133.171
14543.5 133.484
14555.6 133.792
14567.6 134.122
14579.6 134.491
14591.6 134.912
14603.6 135.406
14615.6 136.01
14627.6 136.823
14639.6 137.979
14651.7 138.711
14663.7 139.294
14675.7 139.794
14687.7 140.241
14699.7 140.657
14711.7 141.063
14723.7 141.491
14735.7 142.047
14747.7 142.646
14759.8 142.926
14771.8 143.059
14783.8 143.073
14795.8 142.977
14807.8 142.772
14819.8 142.446
14831.8 141.967
14843.8 141.157
14855.9 140.422
14867.9 139.789
14879.9 139.167
14891.9 138.522
14903.9 137.831
14915.9 137.069
14927.9 136.197
14939.9 135.128
14952 133.53
14964 132.385
14976 131.489
14988 130.724
15000 130.049
15012 129.439
15024 128.877
15036 128.344
15048 127.811
15060.1 127.229
15072.1 126.805
15084.1 126.466
15096.1 126.192
15108.1 125.975
15120.1 125.81
15132.1 125.692
15144.1 125.621
15156.2 125.593
15168.2 125.609
15180.2 125.676
15192.2 125.793
15204.2 125.961
15216.2 126.182
15228.2 126.464
15240.2 126.815
15252.3 127.257
15264.3 127.903
15276.3 128.522
15288.3 129.059
15300.3 129.584
15312.3 130.118
15324.3 130.675
15336.3 131.267
15348.3 131.914
15360.4 132.65
15372.4 133.621
15384.4 134.433
15396.4 135.157
15408.4 135.848
15420.4 136.529
15432.4 137.218
15444.4 137.932
15456.5 138.702
15468.5 139.597
15480.5 140.777
15492.5 141.593
15504.5 142.246
15516.5 142.792
15528.5 143.252
15540.5 143.636
15552.6 143.945
15564.6 144.171
15576.6 144.279
15588.6 144.268
15600.6 144.354
15612.6 144.447
15624.6 144.53
15636.6 144.591
15648.6 144.623
15660.7 144.611
15672.7 144.534
15684.7 144.27
15696.7 144.042
15708.7 143.958
15720.7 143.928
15732.7 143.932
15744.7 143.956
15756.8 143.991
15768.8 144.025
15780.8 144.038
15792.8 143.935
15804.8 143.964
15816.8 144.097
15828.8 144.301
15840.8 144.566
15852.9 144.892
15864.9 145.283
15876.9 145.75
15888.9 146.327
15900.9 147.114
15912.9 147.751
15924.9 148.344
15936.9 148.928
15948.9 149.521
15961 150.135
15973 150.785
15985 151.492
15997 152.311
16009 153.279
16021 154.065
16033 154.805
16045 155.534
16057.1 156.272
16069.1 157.04
16081.1 157.868
16093.1 158.809
16105.1 160.089
16117.1 161.389
16129.1 162.253
16141.1 162.944
16153.2 163.515
16165.2 163.995
16177.2 164.401
16189.2 164.751
16201.2 165.07
16213.2 165.461
16225.2 165.675
16237.2 165.727
16249.2 165.657
16261.3 165.473
16273.3 165.176
16285.3 164.757
16297.3 164.196
16309.3 163.435
16321.3 162.28
16333.3 161.38
16345.3 160.566
16357.4 159.772
16369.4 158.969
16381.4 158.138
16393.4 157.261
16405.4 156.312
16417.4 155.226
16429.4 153.934
16441.4 152.876
16453.5 151.886
16465.5 150.925
16477.5 149.973
16489.5 149.015
16501.5 148.035
16513.5 147.007
16525.5 145.843
16537.5 144.63
16549.5 143.627
16561.6 142.703
16573.6 141.834
16585.6 141.011
16597.6 140.23
16609.6 139.491
16621.6 138.806
16633.6 138.242
16645.6 137.635
16657.7 136.982
16669.7 136.314
16681.7 135.645
16693.7 134.981
16705.7 134.333
16717.7 133.715
16729.7 133.165
16741.7 132.818
16753.8 132.253
16765.8 131.566
16777.8 130.803
16789.8 129.981
16801.8 129.109
16813.8 128.195
16825.8 127.25
16837.8 126.298
16849.8 125.376
16861.9 124.275
16873.9 123.06
16885.9 121.744
16897.9 120.325
16909.9 118.792
16921.9 117.127
16933.9 115.286
16945.9 113.118
16958 110.705
16970 108.66
16982 106.699
16994 104.761
17006 102.814
17018 100.829
17030 98.7723
17042 96.5819
17054.1 93.9619
17066.1 91.5406
17078.1 89.3998
17090.1 87.3788
17102.1 85.4279
17114.1 83.5168
17126.1 81.6193
17138.1 79.7034
17150.2 77.7063
17162.2 75.3891
17174.2 73.4263
17186.2 71.6876
17198.2 70.0886
17210.2 68.5994
17222.2 67.2041
17234.2 65.8926
17246.2 64.6576
17258.3 63.4906
17270.3 62.3797
17282.3 61.3715
17294.3 60.4529
17306.3 59.6235
17318.3 58.8877
17330.3 58.2549
17342.3 57.7422
17354.4 57.3858
17366.4 57.3083
17378.4 57.4941
17390.4 57.3366
17402.4 57.0986
17414.4 56.8334
17426.4 56.5688
17438.4 56.3269
17450.5 56.1326
17462.5 56.0292
17474.5 56.2255
17486.5 56.3129
17498.5 56.1506
17510.5 55.8717
17522.5 55.5057
17534.5 55.0603
17546.5 54.5289
17558.6 53.8842
17570.6 53.0408
17582.6 51.5645
17594.6 50.6994
17606.6 50.2842
17618.6 50.1805
17630.6 50.3694
17642.6 50.8763
17654.7 51.7708
17666.7 53.2065
17678.7 55.6225
17690.7 60.1567
17702.7 62.3258
17714.7 63.4446
17726.7 63.8971
17738.7 63.8129
17750.8 63.2352
17762.8 62.1484
17774.8 60.4529
17786.8 57.7429
17798.8 53.8801
17810.8 51.462
17822.8 49.4669
17834.8 47.6998
17846.8 46.0792
17858.9 44.5614
17870.9 43.12
17882.9 41.7373
17894.9 40.4012
17906.9 39.1029
17918.9 37.8357
17930.9 36.5948
17942.9 35.3762
17955 34.1769
17967 32.9944
17979 31.8267
17991 30.6723
18003 29.5299
18015 28.3983
18027 27.2766
18039 26.1642
18051.1 25.0603
18063.1 23.9646
18075.1 22.8765
18087.1 21.7957
18099.1 20.722
18111.1 19.655
18123.1 18.5946
18135.1 17.5407
18147.1 16.493
18159.2 15.4515
18171.2 14.4161
18183.2 13.3868
18195.2 12.3635
18207.2 11.3462
18219.2 10.3349
18231.2 9.32965
18243.2 8.33036
18255.3 7.3371
18267.3 6.34989
18279.3 5.36877
18291.3 4.39377
18303.3 3.42494
18315.3 2.46232
18327.3 1.50596
18339.3 0.555923
18351.4 -0.387752
18363.4 -1.325
18375.4 -2.25578
18387.4 -3.18002
18399.4 -4.09767
18411.4 -5.00868
18423.4 -5.91298
18435.4 -6.81052
18447.4 -7.70125
18459.5 -8.58511
18471.5 -9.46205
18483.5 -10.332
18495.5 -11.195
18507.5 -12.0508
18519.5 -12.8996
18531.5 -13.7411
18543.5 -14.5755
18555.6 -15.4026
18567.6 -16.2225
18579.6 -17.0349
18591.6 -17.8401
18603.6 -18.6378
18615.6 -19.4281
18627.6 -20.2109
18639.6 -20.9862
18651.7 -21.754
18663.7 -22.5143
18675.7 -23.267
18687.7 -24.0121
18699.7 -24.7496
18711.7 -25.4795
18723.7 -26.2018
18735.7 -26.9164
18747.7 -27.6233
18759.8 -28.3226
18771.8 -29.0143
18783.8 -29.6983
18795.8 -30.3746
18807.8 -31.0432
18819.8 -31.7042
18831.8 -32.3576
18843.8 -33.0033
18855.9 -33.6413
18867.9 -34.2717
18879.9 -34.8945
18891.9 -35.5097
18903.9 -36.1173
18915.9 -36.7174
18927.9 -37.3099
18939.9 -37.8948
18952 -38.4723
18964 -39.0423
18976 -39.6048
18988 -40.1599
19000 -40.7076
