7000 -21.7213
7012.01 -22.6361
7024.02 -23.5328
7036.04 -24.4089
7048.05 -25.2623
7060.06 -26.0911
7072.07 -26.894
7084.08 -27.6698
7096.1 -28.4177
7108.11 -29.1371
7120.12 -29.8278
7132.13 -30.4899
7144.14 -31.1236
7156.16 -31.7294
7168.17 -32.308
7180.18 -32.8603
7192.19 -33.3871
7204.2 -33.8896
7216.22 -34.3689
7228.23 -34.8262
7240.24 -35.2628
7252.25 -35.68
7264.26 -36.0791
7276.28 -36.4613
7288.29 -36.828
7300.3 -37.1804
7312.31 -37.5197
7324.32 -37.8472
7336.34 -38.1641
7348.35 -38.4715
7360.36 -38.7704
7372.37 -39.0619
7384.38 -39.3471
7396.4 -39.6268
7408.41 -39.9022
7420.42 -40.1739
7432.43 -40.443
7444.44 -40.7103
7456.46 -40.9767
7468.47 -41.243
7480.48 -41.5101
7492.49 -41.779
7504.5 -42.0506
7516.52 -42.3263
7528.53 -42.6073
7540.54 -42.8958
7552.55 -43.1946
7564.56 -43.5094
7576.58 -43.858
7588.59 -44.2427
7600.6 -44.5682
7612.61 -44.8743
7624.62 -45.169
7636.64 -45.456
7648.65 -45.7382
7660.66 -46.0182
7672.67 -46.3
7684.68 -46.6025
7696.7 -46.8913
7708.71 -47.149
7720.72 -47.3894
7732.73 -47.6153
7744.74 -47.8283
7756.76 -48.0295
7768.77 -48.2203
7780.78 -48.4052
7792.79 -48.6098
7804.8 -48.7589
7816.82 -48.8578
7828.83 -48.9124
7840.84 -48.9201
7852.85 -48.874
7864.86 -48.7614
7876.88 -48.5581
7888.89 -48.2001
7900.9 -47.5089
7912.91 -47.1367
7924.92 -46.8982
7936.94 -46.7326
7948.95 -46.6177
7960.96 -46.5435
7972.97 -46.508
7984.98 -46.5196
7997 -46.624
8009.01 -46.8456
8021.02 -46.8379
8033.03 -46.7258
8045.05 -46.5283
8057.06 -46.2475
8069.07 -45.8775
8081.08 -45.4034
8093.09 -44.7908
8105.11 -43.8794
8117.12 -42.91
8129.13 -42.2054
8141.14 -41.588
8153.15 -41.0306
8165.17 -40.5307
8177.18 -40.1031
8189.19 -39.7871
8201.2 -39.6851
8213.21 -40.3387
8225.23 -40.3904
8237.24 -39.9124
8249.25 -39.1286
8261.26 -38.1059
8273.27 -36.8735
8285.29 -35.4415
8297.3 -33.7995
8309.31 -31.886
8321.32 -29.4583
8333.33 -27.3925
8345.35 -25.4807
8357.36 -23.6489
8369.37 -21.8768
8381.38 -20.1583
8393.39 -18.4937
8405.41 -16.8856
8417.42 -15.3385
8429.43 -13.8574
8441.44 -12.4395
8453.45 -11.0907
8465.47 -9.81431
8477.48 -8.61296
8489.49 -7.48832
8501.5 -6.44135
8513.51 -5.47232
8525.53 -4.58086
8537.54 -3.76601
8549.55 -3.02629
8561.56 -2.35981
8573.57 -1.76428
8585.59 -1.23712
8597.6 -0.775509
8609.61 -0.376465
8621.62 -0.0368844
8633.63 0.246398
8645.65 0.476572
8657.66 0.65681
8669.67 0.790238
8681.68 0.879908
8693.69 0.928781
8705.71 0.939707
8717.72 0.915417
8729.73 0.85851
8741.74 0.771453
8753.75 0.656577
8765.77 0.516072
8777.78 0.351995
8789.79 0.166269
8801.8 -0.0393134
8813.81 -0.263083
8825.83 -0.503493
8837.84 -0.759108
8849.85 -1.0286
8861.86 -1.31076
8873.87 -1.60444
8885.89 -1.90862
8897.9 -2.22234
8909.91 -2.54473
8921.92 -2.875
8933.93 -3.21241
8945.95 -3.5563
8957.96 -3.90606
8969.97 -4.26113
8981.98 -4.62102
8993.99 -4.98528
9006.01 -5.35348
9018.02 -5.72526
9030.03 -6.10027
9042.04 -6.47822
9054.05 -6.85883
9066.07 -7.24187
9078.08 -7.6271
9090.09 -8.01434
9102.1 -8.40342
9114.11 -8.79418
9126.13 -9.18649
9138.14 -9.58023
9150.15 -9.9753
9162.16 -10.3716
9174.17 -10.7691
9186.19 -11.1677
9198.2 -11.5673
9210.21 -11.968
9222.22 -12.3696
9234.23 -12.7722
9246.25 -13.1758
9258.26 -13.5803
9270.27 -13.9856
9282.28 -14.392
9294.29 -14.7992
9306.31 -15.2074
9318.32 -15.6166
9330.33 -16.0267
9342.34 -16.4378
9354.35 -16.85
9366.37 -17.2632
9378.38 -17.6776
9390.39 -18.093
9402.4 -18.5096
9414.41 -18.9275
9426.43 -19.3465
9438.44 -19.7669
9450.45 -20.1885
9462.46 -20.6116
9474.47 -21.036
9486.49 -21.4619
9498.5 -21.8894
9510.51 -22.3183
9522.52 -22.7489
9534.53 -23.1812
9546.55 -23.6151
9558.56 -24.0508
9570.57 -24.4882
9582.58 -24.9276
9594.59 -25.3688
9606.61 -25.8119
9618.62 -26.2571
9630.63 -26.7043
9642.64 -27.1535
9654.65 -27.605
9666.67 -28.0585
9678.68 -28.5143
9690.69 -28.9724
9702.7 -29.4328
9714.71 -29.8956
9726.73 -30.3607
9738.74 -30.8283
9750.75 -31.2984
9762.76 -31.771
9774.77 -32.2461
9786.79 -32.7239
9798.8 -33.2043
9810.81 -33.6873
9822.82 -34.1731
9834.83 -34.6615
9846.85 -35.1528
9858.86 -35.6468
9870.87 -36.1436
9882.88 -36.6432
9894.89 -37.1457
9906.91 -37.651
9918.92 -38.1592
9930.93 -38.6703
9942.94 -39.1843
9954.95 -39.7012
9966.97 -40.221
9978.98 -40.7436
9990.99 -41.2692
10003 -41.7976
10015 -42.329
10027 -42.8631
10039 -43.4001
10051.1 -43.9398
10063.1 -44.4823
10075.1 -45.0276
10087.1 -45.5754
10099.1 -46.1259
10111.1 -46.679
10123.1 -47.2345
10135.1 -47.7924
10147.1 -48.3527
10159.2 -48.9152
10171.2 -49.4798
10183.2 -50.0464
10195.2 -50.615
10207.2 -51.1853
10219.2 -51.7572
10231.2 -52.3306
10243.2 -52.9053
10255.3 -53.4811
10267.3 -54.0578
10279.3 -54.6352
10291.3 -55.2132
10303.3 -55.7913
10315.3 -56.3695
10327.3 -56.9474
10339.3 -57.5247
10351.4 -58.101
10363.4 -58.6762
10375.4 -59.2497
10387.4 -59.8212
10399.4 -60.3904
10411.4 -60.9567
10423.4 -61.5197
10435.4 -62.0788
10447.4 -62.6337
10459.5 -63.1837
10471.5 -63.7282
10483.5 -64.2666
10495.5 -64.7982
10507.5 -65.3224
10519.5 -65.8383
10531.5 -66.3453
10543.5 -66.8424
10555.6 -67.3287
10567.6 -67.8034
10579.6 -68.2654
10591.6 -68.7138
10603.6 -69.1473
10615.6 -69.5649
10627.6 -69.9654
10639.6 -70.3473
10651.7 -70.7095
10663.7 -71.0505
10675.7 -71.3687
10687.7 -71.6626
10699.7 -71.9305
10711.7 -72.1708
10723.7 -72.3815
10735.7 -72.5609
10747.7 -72.7068
10759.8 -72.8172
10771.8 -72.89
10783.8 -72.9228
10795.8 -72.9133
10807.8 -72.8589
10819.8 -72.7572
10831.8 -72.6053
10843.8 -72.4006
10855.9 -72.1402
10867.9 -71.8209
10879.9 -71.4398
10891.9 -70.9936
10903.9 -70.479
10915.9 -69.8926
10927.9 -69.2308
10939.9 -68.4901
10952 -67.6667
10964 -66.7569
10976 -65.7569
10988 -64.6626
11000 -63.4701
11012 -62.1754
11024 -60.7743
11036 -59.2628
11048 -57.6367
11060.1 -55.8919
11072.1 -54.0242
11084.1 -52.0296
11096.1 -49.9039
11108.1 -47.6432
11120.1 -45.2435
11132.1 -42.701
11144.1 -40.0118
11156.2 -37.1723
11168.2 -34.1788
11180.2 -31.0278
11192.2 -27.716
11204.2 -24.2397
11216.2 -20.5956
11228.2 -16.78
11240.2 -12.7893
11252.3 -8.61892
11264.3 -4.26401
11276.3 0.28172
11288.3 5.02645
11300.3 9.98152
11312.3 15.1635
11324.3 20.5982
11336.3 26.3294
11348.3 32.4415
11360.4 39.149
11372.4 47.4205
11384.4 54.4856
11396.4 60.7921
11408.4 66.6694
11420.4 72.2105
11432.4 77.4413
11444.4 82.3483
11456.5 86.8698
11468.5 90.8101
11480.5 93.7045
11492.5 97.4418
11504.5 101.426
11516.5 105.474
11528.5 109.501
11540.5 113.44
11552.6 117.227
11564.6 120.762
11576.6 123.778
11588.6 126.24
11600.6 129.48
11612.6 132.926
11624.6 136.459
11636.6 140.018
11648.6 143.563
11660.7 147.061
11672.7 150.471
11684.7 153.665
11696.7 156.85
11708.7 160.124
11720.7 163.396
11732.7 166.645
11744.7 169.858
11756.8 173.034
11768.8 176.178
11780.8 179.317
11792.8 182.589
11804.8 185.613
11816.8 188.433
11828.8 191.1
11840.8 193.63
11852.9 196.03
11864.9 198.3
11876.9 200.434
11888.9 202.401
11900.9 204.111
11912.9 205.932
11924.9 207.766
11936.9 209.589
11948.9 211.398
11961 213.198
11973 215.002
11985 216.837
11997 218.785
12009 220.895
12021 222.681
12033 224.342
12045 225.926
12057.1 227.463
12069.1 228.978
12081.1 230.504
12093.1 232.098
12105.1 233.983
12117.1 235.854
12129.1 237.271
12141.1 238.494
12153.2 239.579
12165.2 240.558
12177.2 241.455
12189.2 242.293
12201.2 243.113
12213.2 244.077
12225.2 244.797
12237.2 245.299
12249.2 245.651
12261.3 245.871
12273.3 245.968
12285.3 245.943
12297.3 245.787
12309.3 245.468
12321.3 244.873
12333.3 244.387
12345.3 243.912
12357.4 243.405
12369.4 242.847
12381.4 242.219
12393.4 241.498
12405.4 240.642
12417.4 239.527
12429.4 238.017
12441.4 237.033
12453.5 236.242
12465.5 235.575
12477.5 235.004
12489.5 234.521
12501.5 234.125
12513.5 233.835
12525.5 233.738
12537.5 233.735
12549.5 233.537
12561.6 233.285
12573.6 233.004
12585.6 232.702
12597.6 232.385
12609.6 232.052
12621.6 231.694
12633.6 231.251
12645.6 230.879
12657.7 230.587
12669.7 230.35
12681.7 230.166
12693.7 230.042
12705.7 229.992
12717.7 230.045
12729.7 230.277
12741.7 230.981
12753.8 231.238
12765.8 231.252
12777.8 231.117
12789.8 230.863
12801.8 230.494
12813.8 230.004
12825.8 229.362
12837.8 228.458
12849.8 227.119
12861.9 226.304
12873.9 225.691
12885.9 225.21
12897.9 224.839
12909.9 224.572
12921.9 224.423
12933.9 224.426
12945.9 224.739
12958 225.267
12970 225.349
12982 225.279
12994 225.109
13006 224.86
13018 224.537
13030 224.139
13042 223.645
13054.1 222.924
13066.1 222.28
13078.1 221.758
13090.1 221.288
13102.1 220.856
13114.1 220.456
13126.1 220.091
13138.1 219.77
13150.2 219.524
13162.2 219.487
13174.2 219.263
13186.2 218.924
13198.2 218.516
13210.2 218.056
13222.2 217.551
13234.2 217.007
13246.2 216.429
13258.3 215.832
13270.3 215.249
13282.3 214.52
13294.3 213.687
13306.3 212.752
13318.3 211.706
13330.3 210.529
13342.3 209.182
13354.4 207.587
13366.4 205.471
13378.4 202.873
13390.4 201.154
13402.4 199.732
13414.4 198.5
13426.4 197.409
13438.4 196.431
13450.5 195.55
13462.5 194.751
13474.5 194.014
13486.5 193.36
13498.5 192.799
13510.5 192.319
13522.5 191.919
13534.5 191.602
13546.5 191.376
13558.6 191.256
13570.6 191.282
13582.6 191.643
13594.6 191.824
13606.6 191.901
13618.6 191.946
13630.6 191.982
13642.6 192.024
13654.7 192.085
13666.7 192.179
13678.7 192.335
13690.7 192.62
13702.7 192.788
13714.7 192.917
13726.7 193.033
13738.7 193.147
13750.8 193.272
13762.8 193.417
13774.8 193.602
13786.8 193.879
13798.8 194.268
13810.8 194.471
13822.8 194.609
13834.8 194.708
13846.8 194.78
13858.9 194.834
13870.9 194.877
13882.9 194.919
13894.9 194.999
13906.9 195.056
13918.9 195.049
13930.9 195.011
13942.9 194.95
13955 194.873
13967 194.788
13979 194.705
13991 194.649
14003 194.741
14015 194.666
14027 194.45
14039 194.137
14051.1 193.738
14063.1 193.251
14075.1 192.669
14087.1 191.972
14099.1 191.106
14111.1 189.902
14123.1 188.941
14135.1 188.061
14147.1 187.2
14159.2 186.328
14171.2 185.422
14183.2 184.451
14195.2 183.366
14207.2 182.026
14219.2 180.316
14231.2 179.191
14243.2 178.291
14255.3 177.54
14267.3 176.908
14279.3 176.383
14291.3 175.961
14303.3 175.651
14315.3 175.52
14327.3 175.475
14339.3 175.331
14351.4 175.184
14363.4 175.052
14375.4 174.944
14387.4 174.868
14399.4 174.834
14411.4 174.859
14423.4 175.029
14435.4 175.145
14447.4 175.212
14459.5 175.269
14471.5 175.329
14483.5 175.402
14495.5 175.496
14507.5 175.623
14519.5 175.807
14531.5 176.127
14543.5 176.343
14555.6 176.516
14567.6 176.678
14579.6 176.842
14591.6 177.023
14603.6 177.237
14615.6 177.513
14627.6 177.933
14639.6 178.603
14651.7 178.9
14663.7 179.045
14675.7 179.089
14687.7 179.05
14699.7 178.941
14711.7 178.765
14723.7 178.527
14735.7 178.222
14747.7 177.855
14759.8 177.437
14771.8 176.958
14783.8 176.413
14795.8 175.792
14807.8 175.082
14819.8 174.26
14831.8 173.272
14843.8 171.84
14855.9 170.591
14867.9 169.571
14879.9 168.641
14891.9 167.756
14903.9 166.891
14915.9 166.025
14927.9 165.132
14939.9 164.161
14952 162.924
14964 161.968
14976 161.177
14988 160.488
15000 159.879
15012 159.339
15024 158.863
15036 158.451
15048 158.114
15060.1 157.876
15072.1 157.613
15084.1 157.366
15096.1 157.147
15108.1 156.961
15120.1 156.815
15132.1 156.717
15144.1 156.682
15156.2 156.763
15168.2 156.942
15180.2 156.998
15192.2 157.033
15204.2 157.068
15216.2 157.118
15228.2 157.197
15240.2 157.321
15252.3 157.526
15264.3 157.984
15276.3 158.343
15288.3 158.52
15300.3 158.619
15312.3 158.669
15324.3 158.687
15336.3 158.687
15348.3 158.684
15360.4 158.708
15372.4 158.875
15384.4 158.867
15396.4 158.739
15408.4 158.531
15420.4 158.259
15432.4 157.928
15444.4 157.542
15456.5 157.101
15468.5 156.606
15480.5 156.05
15492.5 155.447
15504.5 154.789
15516.5 154.068
15528.5 153.276
15540.5 152.398
15552.6 151.41
15564.6 150.263
15576.6 148.789
15588.6 146.979
15600.6 145.737
15612.6 144.689
15624.6 143.765
15636.6 142.936
15648.6 142.186
15660.7 141.506
15672.7 140.896
15684.7 140.372
15696.7 139.893
15708.7 139.44
15720.7 139.031
15732.7 138.673
15744.7 138.373
15756.8 138.143
15768.8 138.002
15780.8 137.996
15792.8 138.332
15804.8 138.472
15816.8 138.483
15828.8 138.45
15840.8 138.404
15852.9 138.37
15864.9 138.371
15876.9 138.446
15888.9 138.681
15900.9 139.31
15912.9 139.482
15924.9 139.442
15936.9 139.272
15948.9 139.003
15961 138.652
15973 138.228
15985 137.736
15997 137.171
16009 136.53
16021 135.899
16033 135.251
16045 134.585
16057.1 133.906
16069.1 133.222
16081.1 132.546
16093.1 131.911
16105.1 131.462
16117.1 130.984
16129.1 130.169
16141.1 129.185
16153.2 128.059
16165.2 126.796
16177.2 125.388
16189.2 123.811
16201.2 122.001
16213.2 119.613
16225.2 117.509
16237.2 115.639
16249.2 113.856
16261.3 112.116
16273.3 110.39
16285.3 108.656
16297.3 106.887
16309.3 105.028
16321.3 102.911
16333.3 101.091
16345.3 99.4256
16357.4 97.8599
16369.4 96.3769
16381.4 94.9716
16393.4 93.6482
16405.4 92.4245
16417.4 91.3649
16429.4 90.5422
16441.4 89.4504
16453.5 88.2721
16465.5 87.0471
16477.5 85.7918
16489.5 84.5158
16501.5 83.226
16513.5 81.9284
16525.5 80.6342
16537.5 79.3386
16549.5 78.0206
16561.6 76.6954
16573.6 75.3692
16585.6 74.048
16597.6 72.7402
16609.6 71.459
16621.6 70.2336
16633.6 69.2156
16645.6 68.0527
16657.7 66.7346
16669.7 65.3325
16681.7 63.8677
16693.7 62.3517
16705.7 60.7932
16717.7 59.2018
16729.7 57.5976
16741.7 56.0537
16753.8 54.3352
16765.8 52.4904
16777.8 50.5377
16789.8 48.4767
16801.8 46.2972
16813.8 43.9781
16825.8 41.4752
16837.8 38.66
16849.8 35.3311
16861.9 32.5396
16873.9 29.9186
16885.9 27.3758
16897.9 24.8671
16909.9 22.3603
16921.9 19.8209
16933.9 17.195
16945.9 14.3111
16958 11.2575
16970 8.71075
16982 6.35933
16994 4.14485
17006 2.04123
17018 0.0346332
17030 -1.88144
17042 -3.70519
17054.1 -5.39136
17066.1 -7.05572
17078.1 -8.71703
17090.1 -10.3509
17102.1 -11.9519
17114.1 -13.5183
17126.1 -15.0493
17138.1 -16.5444
17150.2 -18.0037
17162.2 -19.4271
17174.2 -20.8138
17186.2 -22.1635
17198.2 -23.4758
17210.2 -24.75
17222.2 -25.9849
17234.2 -27.1789
17246.2 -28.3292
17258.3 -29.4295
17270.3 -30.4676
17282.3 -31.4873
17294.3 -32.471
17306.3 -33.4104
17318.3 -34.298
17330.3 -35.1237
17342.3 -35.8712
17354.4 -36.5074
17366.4 -36.9193
17378.4 -37.1239
17390.4 -37.6898
17402.4 -38.3767
17414.4 -39.1421
17426.4 -39.9699
17438.4 -40.8553
17450.5 -41.802
17462.5 -42.8285
17474.5 -44.0518
17486.5 -45.2346
17498.5 -46.2968
17510.5 -47.3191
17522.5 -48.3268
17534.5 -49.3393
17546.5 -50.3797
17558.6 -51.4878
17570.6 -52.7584
17582.6 -54.6383
17594.6 -55.878
17606.6 -56.6478
17618.6 -57.096
17630.6 -57.2519
17642.6 -57.1043
17654.7 -56.6052
17666.7 -55.6414
17678.7 -53.8829
17690.7 -50.4706
17702.7 -48.7905
17714.7 -47.8481
17726.7 -47.3505
17738.7 -47.1953
17750.8 -47.3423
17762.8 -47.79
17774.8 -48.5858
17786.8 -49.9465
17798.8 -51.9444
17810.8 -53.1593
17822.8 -54.1469
17834.8 -55.012
17846.8 -55.7978
17858.9 -56.5272
17870.9 -57.2138
17882.9 -57.8666
17894.9 -58.4916
17906.9 -59.0934
17918.9 -59.6749
17930.9 -60.2388
17942.9 -60.7869
17955 -61.3206
17967 -61.8412
17979 -62.3496
17991 -62.8466
18003 -63.3328
18015 -63.8088
18027 -64.275
18039 -64.7318
18051.1 -65.1797
18063.1 -65.6188
18075.1 -66.0495
18087.1 -66.4719
18099.1 -66.8863
18111.1 -67.2928
18123.1 -67.6917
18135.1 -68.0831
18147.1 -68.4671
18159.2 -68.8438
18171.2 -69.2134
18183.2 -69.576
18195.2 -69.9317
18207.2 -70.2806
18219.2 -70.6228
18231.2 -70.9584
18243.2 -71.2874
18255.3 -71.6101
18267.3 -71.9263
18279.3 -72.2363
18291.3 -72.5401
18303.3 -72.8378
18315.3 -73.1294
18327.3 -73.4151
18339.3 -73.6949
18351.4 -73.9688
18363.4 -74.237
18375.4 -74.4995
18387.4 -74.7564
18399.4 -75.0077
18411.4 -75.2535
18423.4 -75.4939
18435.4 -75.7289
18447.4 -75.9587
18459.5 -76.1832
18471.5 -76.4026
18483.5 -76.6168
18495.5 -76.826
18507.5 -77.0302
18519.5 -77.2295
18531.5 -77.424
18543.5 -77.6136
18555.6 -77.7985
18567.6 -77.9787
18579.6 -78.1543
18591.6 -78.3254
18603.6 -78.4919
18615.6 -78.6539
18627.6 -78.8116
18639.6 -78.965
18651.7 -79.114
18663.7 -79.2589
18675.7 -79.3995
18687.7 -79.5361
18699.7 -79.6686
18711.7 -79.7971
18723.7 -79.9216
18735.7 -80.0422
18747.7 -80.159
18759.8 -80.272
18771.8 -80.3812
18783.8 -80.4868
18795.8 -80.5887
18807.8 -80.687
18819.8 -80.7818
18831.8 -80.8731
18843.8 -80.9609
18855.9 -81.0453
18867.9 -81.1264
18879.9 -81.2042
18891.9 -81.2788
18903.9 -81.3501
18915.9 -81.4183
18927.9 -81.4833
18939.9 -81.5453
18952 -81.6043
18964 -81.6603
18976 -81.7133
18988 -81.7635
19000 -81.8108
