7000 -51.3942
7012.01 -52.161
7024.02 -52.9233
7036.04 -53.6804
7048.05 -54.4318
7060.06 -55.1767
7072.07 -55.9147
7084.08 -56.6453
7096.1 -57.3678
7108.11 -58.0819
7120.12 -58.7871
7132.13 -59.4831
7144.14 -60.1696
7156.16 -60.8463
7168.17 -61.513
7180.18 -62.1694
7192.19 -62.8153
7204.2 -63.4508
7216.22 -64.0756
7228.23 -64.6896
7240.24 -65.293
7252.25 -65.8857
7264.26 -66.4676
7276.28 -67.0389
7288.29 -67.5997
7300.3 -68.1501
7312.31 -68.6901
7324.32 -69.2199
7336.34 -69.7398
7348.35 -70.2498
7360.36 -70.7502
7372.37 -71.2411
7384.38 -71.7229
7396.4 -72.1956
7408.41 -72.6597
7420.42 -73.1153
7432.43 -73.5627
7444.44 -74.0023
7456.46 -74.4343
7468.47 -74.8592
7480.48 -75.2773
7492.49 -75.6893
7504.5 -76.0957
7516.52 -76.4974
7528.53 -76.8957
7540.54 -77.2922
7552.55 -77.6901
7564.56 -78.0958
7576.58 -78.5314
7588.59 -78.9986
7600.6 -79.373
7612.61 -79.7042
7624.62 -80.0001
7636.64 -80.2625
7648.65 -80.4897
7660.66 -80.6763
7672.67 -80.8084
7684.68 -80.8093
7696.7 -80.8249
7708.71 -80.9273
7720.72 -81.0601
7732.73 -81.2101
7744.74 -81.3717
7756.76 -81.5424
7768.77 -81.7223
7780.78 -81.9162
7792.79 -82.1564
7804.8 -82.3498
7816.82 -82.505
7828.83 -82.6324
7840.84 -82.733
7852.85 -82.8046
7864.86 -82.8416
7876.88 -82.8321
7888.89 -82.7438
7900.9 -82.4843
7912.91 -82.3963
7924.92 -82.3846
7936.94 -82.4195
7948.95 -82.4924
7960.96 -82.6022
7972.97 -82.7544
7984.98 -82.9661
7997 -83.2985
8009.01 -83.7868
8021.02 -84.0154
8033.03 -84.1417
8045.05 -84.1951
8057.06 -84.1855
8069.07 -84.1145
8081.08 -83.977
8093.09 -83.7547
8105.11 -83.349
8117.12 -82.915
8129.13 -82.6589
8141.14 -82.4707
8153.15 -82.3346
8165.17 -82.2509
8177.18 -82.2299
8189.19 -82.2976
8201.2 -82.5203
8213.21 -83.2482
8225.23 -83.5995
8237.24 -83.6183
8249.25 -83.4459
8261.26 -83.12
8273.27 -82.6518
8285.29 -82.0353
8297.3 -81.2424
8309.31 -80.182
8321.32 -78.5341
8333.33 -77.3991
8345.35 -76.5033
8357.36 -75.7432
8369.37 -75.0855
8381.38 -74.5175
8393.39 -74.0382
8405.41 -73.6598
8417.42 -73.4333
8429.43 -73.4151
8441.44 -73.2021
8453.45 -72.9403
8465.47 -72.6614
8477.48 -72.3788
8489.49 -72.0998
8501.5 -71.8294
8513.51 -71.5708
8525.53 -71.3266
8537.54 -71.0988
8549.55 -70.8887
8561.56 -70.6976
8573.57 -70.5264
8585.59 -70.3758
8597.6 -70.2462
8609.61 -70.1382
8621.62 -70.0518
8633.63 -69.9871
8645.65 -69.9443
8657.66 -69.9231
8669.67 -69.9235
8681.68 -69.9451
8693.69 -69.9876
8705.71 -70.0508
8717.72 -70.1341
8729.73 -70.2372
8741.74 -70.3595
8753.75 -70.5006
8765.77 -70.66
8777.78 -70.837
8789.79 -71.0312
8801.8 -71.2421
8813.81 -71.469
8825.83 -71.7115
8837.84 -71.9689
8849.85 -72.2407
8861.86 -72.5265
8873.87 -72.8257
8885.89 -73.1377
8897.9 -73.4622
8909.91 -73.7985
8921.92 -74.1463
8933.93 -74.5051
8945.95 -74.8744
8957.96 -75.2539
8969.97 -75.6431
8981.98 -76.0417
8993.99 -76.4492
9006.01 -76.8654
9018.02 -77.2899
9030.03 -77.7223
9042.04 -78.1624
9054.05 -78.6099
9066.07 -79.0645
9078.08 -79.5259
9090.09 -79.9939
9102.1 -80.4682
9114.11 -80.9486
9126.13 -81.435
9138.14 -81.927
9150.15 -82.4246
9162.16 -82.9274
9174.17 -83.4355
9186.19 -83.9485
9198.2 -84.4664
9210.21 -84.989
9222.22 -85.5161
9234.23 -86.0477
9246.25 -86.5836
9258.26 -87.1237
9270.27 -87.6678
9282.28 -88.216
9294.29 -88.7681
9306.31 -89.3239
9318.32 -89.8835
9330.33 -90.4467
9342.34 -91.0134
9354.35 -91.5836
9366.37 -92.1572
9378.38 -92.7342
9390.39 -93.3144
9402.4 -93.8978
9414.41 -94.4843
9426.43 -95.074
9438.44 -95.6666
9450.45 -96.2623
9462.46 -96.8608
9474.47 -97.4623
9486.49 -98.0665
9498.5 -98.6735
9510.51 -99.2831
9522.52 -99.8955
9534.53 -100.51
9546.55 -101.128
9558.56 -101.748
9570.57 -102.37
9582.58 -102.995
9594.59 -103.622
9606.61 -104.252
9618.62 -104.883
9630.63 -105.517
9642.64 -106.153
9654.65 -106.791
9666.67 -107.431
9678.68 -108.073
9690.69 -108.716
9702.7 -109.362
9714.71 -110.009
9726.73 -110.657
9738.74 -111.307
9750.75 -111.959
9762.76 -112.611
9774.77 -113.265
9786.79 -113.921
9798.8 -114.577
9810.81 -115.234
9822.82 -115.891
9834.83 -116.55
9846.85 -117.209
9858.86 -117.868
9870.87 -118.527
9882.88 -119.187
9894.89 -119.847
9906.91 -120.506
9918.92 -121.165
9930.93 -121.823
9942.94 -122.48
9954.95 -123.137
9966.97 -123.792
9978.98 -124.446
9990.99 -125.098
10003 -125.748
10015 -126.396
10027 -127.042
10039 -127.685
10051.1 -128.325
10063.1 -128.962
10075.1 -129.595
10087.1 -130.225
10099.1 -130.85
10111.1 -131.47
10123.1 -132.086
10135.1 -132.696
10147.1 -133.301
10159.2 -133.899
10171.2 -134.491
10183.2 -135.075
10195.2 -135.652
10207.2 -136.222
10219.2 -136.782
10231.2 -137.334
10243.2 -137.875
10255.3 -138.407
10267.3 -138.928
10279.3 -139.437
10291.3 -139.934
10303.3 -140.419
10315.3 -140.89
10327.3 -141.346
10339.3 -141.788
10351.4 -142.214
10363.4 -142.624
10375.4 -143.016
10387.4 -143.389
10399.4 -143.744
10411.4 -144.078
10423.4 -144.392
10435.4 -144.683
10447.4 -144.951
10459.5 -145.195
10471.5 -145.414
10483.5 -145.606
10495.5 -145.77
10507.5 -145.906
10519.5 -146.012
10531.5 -146.086
10543.5 -146.127
10555.6 -146.135
10567.6 -146.107
10579.6 -146.042
10591.6 -145.938
10603.6 -145.795
10615.6 -145.61
10627.6 -145.382
10639.6 -145.11
10651.7 -144.791
10663.7 -144.424
10675.7 -144.007
10687.7 -143.538
10699.7 -143.017
10711.7 -142.44
10723.7 -141.806
10735.7 -141.113
10747.7 -140.359
10759.8 -139.542
10771.8 -138.661
10783.8 -137.713
10795.8 -136.696
10807.8 -135.609
10819.8 -134.449
10831.8 -133.215
10843.8 -131.904
10855.9 -130.515
10867.9 -129.045
10879.9 -127.493
10891.9 -125.856
10903.9 -124.134
10915.9 -122.323
10927.9 -120.423
10939.9 -118.431
10952 -116.346
10964 -114.166
10976 -111.89
10988 -109.516
11000 -107.043
11012 -104.469
11024 -101.794
11036 -99.0164
11048 -96.135
11060.1 -93.149
11072.1 -90.0578
11084.1 -86.8607
11096.1 -83.5572
11108.1 -80.147
11120.1 -76.6297
11132.1 -73.0053
11144.1 -69.2737
11156.2 -65.435
11168.2 -61.4892
11180.2 -57.4365
11192.2 -53.2771
11204.2 -49.0112
11216.2 -44.6387
11228.2 -40.1596
11240.2 -35.5735
11252.3 -30.8793
11264.3 -26.0755
11276.3 -21.1595
11288.3 -16.127
11300.3 -10.9712
11312.3 -5.68151
11324.3 -0.2402
11336.3 5.3834
11348.3 11.2494
11360.4 17.5114
11372.4 24.8627
11384.4 31.3216
11396.4 37.2096
11408.4 42.7638
11420.4 48.0527
11432.4 53.0975
11444.4 57.892
11456.5 62.3979
11468.5 66.4884
11480.5 69.8599
11492.5 73.7541
11504.5 77.7802
11516.5 81.8189
11528.5 85.8128
11540.5 89.7177
11552.6 93.485
11564.6 97.039
11576.6 100.161
11588.6 102.827
11600.6 106.158
11612.6 109.68
11624.6 113.299
11636.6 116.968
11648.6 120.663
11660.7 124.364
11672.7 128.06
11684.7 131.741
11696.7 135.397
11708.7 139.019
11720.7 142.605
11732.7 146.151
11744.7 149.659
11756.8 153.129
11768.8 156.57
11780.8 160.006
11792.8 163.573
11804.8 166.901
11816.8 170.028
11828.8 173.002
11840.8 175.832
11852.9 178.517
11864.9 181.044
11876.9 183.388
11888.9 185.468
11900.9 187.059
11912.9 189.01
11924.9 191.083
11936.9 193.204
11948.9 195.346
11961 197.5
11973 199.666
11985 201.851
11997 204.093
12009 206.413
12021 208.572
12033 210.668
12045 212.726
12057.1 214.762
12069.1 216.796
12081.1 218.851
12093.1 220.977
12105.1 223.376
12117.1 225.763
12129.1 227.737
12141.1 229.53
12153.2 231.194
12165.2 232.754
12177.2 234.229
12189.2 235.635
12201.2 237.001
12213.2 238.429
12225.2 239.675
12237.2 240.756
12249.2 241.712
12261.3 242.556
12273.3 243.291
12285.3 243.911
12297.3 244.403
12309.3 244.716
12321.3 244.676
12333.3 244.884
12345.3 245.19
12357.4 245.54
12369.4 245.916
12381.4 246.313
12393.4 246.733
12405.4 247.184
12417.4 247.702
12429.4 248.326
12441.4 248.794
12453.5 249.202
12465.5 249.574
12477.5 249.925
12489.5 250.265
12501.5 250.607
12513.5 250.976
12525.5 251.459
12537.5 251.968
12549.5 252.241
12561.6 252.408
12573.6 252.494
12585.6 252.506
12597.6 252.446
12609.6 252.308
12621.6 252.073
12633.6 251.61
12645.6 251.236
12657.7 250.963
12669.7 250.733
12681.7 250.535
12693.7 250.366
12705.7 250.234
12717.7 250.156
12729.7 250.186
12741.7 250.531
12753.8 250.527
12765.8 250.318
12777.8 249.968
12789.8 249.492
12801.8 248.888
12813.8 248.138
12825.8 247.198
12837.8 245.923
12849.8 244.086
12861.9 242.917
12873.9 241.998
12885.9 241.235
12897.9 240.593
12909.9 240.06
12921.9 239.638
12933.9 239.35
12945.9 239.31
12958 239.444
12970 239.256
12982 238.965
12994 238.606
13006 238.194
13018 237.729
13030 237.206
13042 236.601
13054.1 235.766
13066.1 235.036
13078.1 234.458
13090.1 233.956
13102.1 233.511
13114.1 233.116
13126.1 232.774
13138.1 232.491
13150.2 232.293
13162.2 232.297
13174.2 232.161
13186.2 231.948
13198.2 231.699
13210.2 231.428
13222.2 231.143
13234.2 230.851
13246.2 230.559
13258.3 230.281
13270.3 230.048
13282.3 229.727
13294.3 229.359
13306.3 228.953
13318.3 228.509
13330.3 228.023
13342.3 227.487
13354.4 226.877
13366.4 226.117
13378.4 225.218
13390.4 224.575
13402.4 224.019
13414.4 223.522
13426.4 223.068
13438.4 222.651
13450.5 222.267
13462.5 221.914
13474.5 221.594
13486.5 221.299
13498.5 221.029
13510.5 220.785
13522.5 220.57
13534.5 220.388
13546.5 220.245
13558.6 220.15
13570.6 220.131
13582.6 220.307
13594.6 220.348
13606.6 220.304
13618.6 220.217
13630.6 220.102
13642.6 219.966
13654.7 219.813
13666.7 219.642
13678.7 219.452
13690.7 219.232
13702.7 219.029
13714.7 218.83
13726.7 218.631
13738.7 218.43
13750.8 218.225
13762.8 218.014
13774.8 217.793
13786.8 217.548
13798.8 217.272
13810.8 217.055
13822.8 216.861
13834.8 216.685
13846.8 216.525
13858.9 216.378
13870.9 216.247
13882.9 216.133
13894.9 216.05
13906.9 215.975
13918.9 215.888
13930.9 215.803
13942.9 215.724
13955 215.653
13967 215.592
13979 215.546
13991 215.523
14003 215.564
14015 215.566
14027 215.538
14039 215.496
14051.1 215.447
14063.1 215.392
14075.1 215.335
14087.1 215.276
14099.1 215.219
14111.1 215.17
14123.1 215.109
14135.1 215.043
14147.1 214.973
14159.2 214.902
14171.2 214.83
14183.2 214.759
14195.2 214.69
14207.2 214.632
14219.2 214.588
14231.2 214.515
14243.2 214.429
14255.3 214.332
14267.3 214.227
14279.3 214.114
14291.3 213.991
14303.3 213.856
14315.3 213.698
14327.3 213.531
14339.3 213.384
14351.4 213.243
14363.4 213.104
14375.4 212.965
14387.4 212.826
14399.4 212.685
14411.4 212.542
14423.4 212.389
14435.4 212.241
14447.4 212.097
14459.5 211.953
14471.5 211.811
14483.5 211.667
14495.5 211.524
14507.5 211.379
14519.5 211.233
14531.5 211.085
14543.5 210.935
14555.6 210.783
14567.6 210.628
14579.6 210.47
14591.6 210.309
14603.6 210.144
14615.6 209.975
14627.6 209.799
14639.6 209.616
14651.7 209.431
14663.7 209.241
14675.7 209.045
14687.7 208.839
14699.7 208.623
14711.7 208.391
14723.7 208.136
14735.7 207.826
14747.7 207.488
14759.8 207.229
14771.8 206.998
14783.8 206.785
14795.8 206.586
14807.8 206.4
14819.8 206.226
14831.8 206.067
14843.8 205.942
14855.9 205.805
14867.9 205.651
14879.9 205.489
14891.9 205.323
14903.9 205.151
14915.9 204.975
14927.9 204.794
14939.9 204.607
14952 204.41
14964 204.214
14976 204.017
14988 203.816
15000 203.61
15012 203.398
15024 203.177
15036 202.944
15048 202.687
15060.1 202.388
15072.1 202.136
15084.1 201.901
15096.1 201.674
15108.1 201.453
15120.1 201.236
15132.1 201.021
15144.1 200.809
15156.2 200.598
15168.2 200.389
15180.2 200.175
15192.2 199.957
15204.2 199.735
15216.2 199.508
15228.2 199.276
15240.2 199.034
15252.3 198.78
15264.3 198.491
15276.3 198.212
15288.3 197.953
15300.3 197.7
15312.3 197.449
15324.3 197.197
15336.3 196.941
15348.3 196.677
15360.4 196.396
15372.4 196.058
15384.4 195.773
15396.4 195.524
15408.4 195.297
15420.4 195.088
15432.4 194.896
15444.4 194.723
15456.5 194.574
15468.5 194.463
15480.5 194.427
15492.5 194.314
15504.5 194.17
15516.5 194.008
15528.5 193.834
15540.5 193.649
15552.6 193.456
15564.6 193.256
15576.6 193.049
15588.6 192.837
15600.6 192.618
15612.6 192.393
15624.6 192.162
15636.6 191.927
15648.6 191.687
15660.7 191.443
15672.7 191.194
15684.7 190.941
15696.7 190.685
15708.7 190.431
15720.7 190.176
15732.7 189.923
15744.7 189.674
15756.8 189.43
15768.8 189.197
15780.8 188.985
15792.8 188.844
15804.8 188.647
15816.8 188.411
15828.8 188.155
15840.8 187.889
15852.9 187.619
15864.9 187.354
15876.9 187.108
15888.9 186.915
15900.9 186.873
15912.9 186.621
15924.9 186.262
15936.9 185.827
15948.9 185.325
15961 184.758
15973 184.122
15985 183.402
15997 182.542
16009 181.511
16021 180.686
16033 179.923
16045 179.197
16057.1 178.498
16069.1 177.825
16081.1 177.181
16093.1 176.584
16105.1 176.108
16117.1 175.639
16129.1 175.016
16141.1 174.33
16153.2 173.598
16165.2 172.829
16177.2 172.028
16189.2 171.198
16201.2 170.343
16213.2 169.475
16225.2 168.57
16237.2 167.63
16249.2 166.661
16261.3 165.663
16273.3 164.638
16285.3 163.586
16297.3 162.505
16309.3 161.395
16321.3 160.242
16333.3 159.089
16345.3 157.924
16357.4 156.746
16369.4 155.555
16381.4 154.351
16393.4 153.138
16405.4 151.922
16417.4 150.723
16429.4 149.562
16441.4 148.291
16453.5 146.964
16465.5 145.591
16477.5 144.175
16489.5 142.717
16501.5 141.213
16513.5 139.655
16525.5 138.004
16537.5 136.303
16549.5 134.677
16561.6 133.065
16573.6 131.458
16585.6 129.851
16597.6 128.245
16609.6 126.641
16621.6 125.048
16633.6 123.51
16645.6 121.919
16657.7 120.271
16669.7 118.587
16681.7 116.873
16693.7 115.131
16705.7 113.363
16717.7 111.568
16729.7 109.742
16741.7 107.872
16753.8 106.002
16765.8 104.122
16777.8 102.226
16789.8 100.312
16801.8 98.3781
16813.8 96.4201
16825.8 94.4326
16837.8 92.4001
16849.8 90.2981
16861.9 88.2522
16873.9 86.2183
16885.9 84.1849
16897.9 82.1464
16909.9 80.0983
16921.9 78.0352
16933.9 75.9484
16945.9 73.8096
16958 71.6332
16970 69.5306
16982 67.4497
16994 65.3798
17006 63.3151
17018 61.251
17030 59.1823
17042 57.1006
17054.1 54.9684
17066.1 52.8623
17078.1 50.791
17090.1 48.7332
17102.1 46.6805
17114.1 44.6258
17126.1 42.5609
17138.1 40.4726
17150.2 38.3311
17162.2 36.0154
17174.2 33.8715
17186.2 31.8327
17198.2 29.8557
17210.2 27.9239
17222.2 26.0265
17234.2 24.154
17246.2 22.2929
17258.3 20.4119
17270.3 18.4472
17282.3 16.6761
17294.3 15.0111
17306.3 13.4302
17318.3 11.9269
17330.3 10.5012
17342.3 9.15844
17354.4 7.91441
17366.4 6.82831
17378.4 5.89072
17390.4 4.79888
17402.4 3.6817
17414.4 2.56362
17426.4 1.45589
17438.4 0.365644
17450.5 -0.70117
17462.5 -1.73707
17474.5 -2.71318
17486.5 -3.68282
17498.5 -4.66422
17510.5 -5.63982
17522.5 -6.60635
17534.5 -7.56441
17546.5 -8.51849
17558.6 -9.48035
17570.6 -10.4841
17582.6 -11.703
17594.6 -12.6383
17606.6 -13.3529
17618.6 -13.8993
17630.6 -14.2808
17642.6 -14.4808
17654.7 -14.4605
17666.7 -14.137
17678.7 -13.2757
17690.7 -11.2701
17702.7 -10.5083
17714.7 -10.2896
17726.7 -10.4094
17738.7 -10.7989
17750.8 -11.4351
17762.8 -12.3265
17774.8 -13.5265
17786.8 -15.252
17798.8 -17.5773
17810.8 -19.1145
17822.8 -20.4097
17834.8 -21.5675
17846.8 -22.6316
17858.9 -23.6253
17870.9 -24.5633
17882.9 -25.455
17894.9 -26.3072
17906.9 -27.1249
17918.9 -27.9117
17930.9 -28.6707
17942.9 -29.404
17955 -30.1137
17967 -30.8012
17979 -31.4679
17991 -32.1148
18003 -32.743
18015 -33.3531
18027 -33.946
18039 -34.5224
18051.1 -35.0827
18063.1 -35.6275
18075.1 -36.1574
18087.1 -36.6727
18099.1 -37.1738
18111.1 -37.6611
18123.1 -38.135
18135.1 -38.5959
18147.1 -39.0439
18159.2 -39.4795
18171.2 -39.9029
18183.2 -40.3144
18195.2 -40.7142
18207.2 -41.1025
18219.2 -41.4797
18231.2 -41.846
18243.2 -42.2016
18255.3 -42.5466
18267.3 -42.8814
18279.3 -43.2061
18291.3 -43.5209
18303.3 -43.8261
18315.3 -44.1217
18327.3 -44.4081
18339.3 -44.6854
18351.4 -44.9537
18363.4 -45.2132
18375.4 -45.4642
18387.4 -45.7067
18399.4 -45.941
18411.4 -46.1671
18423.4 -46.3854
18435.4 -46.5959
18447.4 -46.7987
18459.5 -46.9941
18471.5 -47.1822
18483.5 -47.363
18495.5 -47.5369
18507.5 -47.7038
18519.5 -47.864
18531.5 -48.0176
18543.5 -48.1647
18555.6 -48.3054
18567.6 -48.4399
18579.6 -48.5683
18591.6 -48.6908
18603.6 -48.8074
18615.6 -48.9182
18627.6 -49.0235
18639.6 -49.1232
18651.7 -49.2176
18663.7 -49.3067
18675.7 -49.3907
18687.7 -49.4696
18699.7 -49.5436
18711.7 -49.6127
18723.7 -49.6771
18735.7 -49.7369
18747.7 -49.7921
18759.8 -49.843
18771.8 -49.8894
18783.8 -49.9317
18795.8 -49.9698
18807.8 -50.0038
18819.8 -50.0338
18831.8 -50.06
18843.8 -50.0824
18855.9 -50.1011
18867.9 -50.1162
18879.9 -50.1277
18891.9 -50.1357
18903.9 -50.1404
18915.9 -50.1417
18927.9 -50.1399
18939.9 -50.1348
18952 -50.1267
18964 -50.1156
18976 -50.1015
18988 -50.0846
19000 -50.0648
