7000 -29.9167
7012.01 -30.0354
7024.02 -30.1667
7036.04 -30.3121
7048.05 -30.4737
7060.06 -30.6534
7072.07 -30.8535
7084.08 -31.0764
7096.1 -31.3246
7108.11 -31.601
7120.12 -31.9085
7132.13 -32.2502
7144.14 -32.6293
7156.16 -33.0492
7168.17 -33.5131
7180.18 -34.0242
7192.19 -34.5858
7204.2 -35.2008
7216.22 -35.8716
7228.23 -36.6004
7240.24 -37.3888
7252.25 -38.2373
7264.26 -39.146
7276.28 -40.1137
7288.29 -41.1382
7300.3 -42.2162
7312.31 -43.343
7324.32 -44.5132
7336.34 -45.7198
7348.35 -46.9553
7360.36 -48.2113
7372.37 -49.4789
7384.38 -50.749
7396.4 -52.0126
7408.41 -53.261
7420.42 -54.4859
7432.43 -55.6802
7444.44 -56.8373
7456.46 -57.952
7468.47 -59.0203
7480.48 -60.0391
7492.49 -61.0069
7504.5 -61.9228
7516.52 -62.7875
7528.53 -63.6023
7540.54 -64.3699
7552.55 -65.094
7564.56 -65.781
7576.58 -66.447
7588.59 -67.0961
7600.6 -67.656
7612.61 -68.1601
7624.62 -68.6161
7636.64 -69.0283
7648.65 -69.3984
7660.66 -69.726
7672.67 -70.0048
7684.68 -70.1871
7696.7 -70.3718
7708.71 -70.609
7720.72 -70.8645
7732.73 -71.1327
7744.74 -71.4134
7756.76 -71.7094
7768.77 -72.0275
7780.78 -72.385
7792.79 -72.8657
7804.8 -73.2461
7816.82 -73.5515
7828.83 -73.8125
7840.84 -74.0371
7852.85 -74.2268
7864.86 -74.3786
7876.88 -74.4828
7888.89 -74.5087
7900.9 -74.3672
7912.91 -74.3919
7924.92 -74.4899
7936.94 -74.632
7948.95 -74.8085
7960.96 -75.0164
7972.97 -75.2576
7984.98 -75.542
7997 -75.9088
8009.01 -76.3799
8021.02 -76.676
8033.03 -76.9001
8045.05 -77.0689
8057.06 -77.1855
8069.07 -77.2464
8081.08 -77.241
8093.09 -77.1437
8105.11 -76.8349
8117.12 -76.4933
8129.13 -76.3581
8141.14 -76.2953
8153.15 -76.2817
8165.17 -76.3118
8177.18 -76.3907
8189.19 -76.5381
8201.2 -76.8097
8213.21 -77.5135
8225.23 -77.868
8237.24 -77.9113
8249.25 -77.7686
8261.26 -77.4741
8273.27 -77.0395
8285.29 -76.4633
8297.3 -75.7264
8309.31 -74.7607
8321.32 -73.3182
8333.33 -72.2704
8345.35 -71.4063
8357.36 -70.6497
8369.37 -69.9793
8381.38 -69.3903
8393.39 -68.8871
8405.41 -68.4846
8417.42 -68.2296
8429.43 -68.1729
8441.44 -67.9769
8453.45 -67.7666
8465.47 -67.57
8477.48 -67.3987
8489.49 -67.259
8501.5 -67.1541
8513.51 -67.0858
8525.53 -67.0547
8537.54 -67.0607
8549.55 -67.1029
8561.56 -67.1801
8573.57 -67.2909
8585.59 -67.4336
8597.6 -67.6064
8609.61 -67.8073
8621.62 -68.0345
8633.63 -68.2861
8645.65 -68.5602
8657.66 -68.8552
8669.67 -69.1692
8681.68 -69.5008
8693.69 -69.8484
8705.71 -70.2107
8717.72 -70.5863
8729.73 -70.9741
8741.74 -71.373
8753.75 -71.782
8765.77 -72.2001
8777.78 -72.6267
8789.79 -73.0609
8801.8 -73.502
8813.81 -73.9495
8825.83 -74.4028
8837.84 -74.8614
8849.85 -75.3248
8861.86 -75.7928
8873.87 -76.2649
8885.89 -76.7409
8897.9 -77.2204
8909.91 -77.7032
8921.92 -78.1891
8933.93 -78.678
8945.95 -79.1696
8957.96 -79.6638
8969.97 -80.1605
8981.98 -80.6596
8993.99 -81.161
9006.01 -81.6646
9018.02 -82.1704
9030.03 -82.6782
9042.04 -83.1881
9054.05 -83.7
9066.07 -84.2139
9078.08 -84.7298
9090.09 -85.2476
9102.1 -85.7673
9114.11 -86.2889
9126.13 -86.8125
9138.14 -87.3379
9150.15 -87.8654
9162.16 -88.3947
9174.17 -88.926
9186.19 -89.4592
9198.2 -89.9944
9210.21 -90.5316
9222.22 -91.0707
9234.23 -91.6119
9246.25 -92.1551
9258.26 -92.7003
9270.27 -93.2476
9282.28 -93.797
9294.29 -94.3484
9306.31 -94.9019
9318.32 -95.4576
9330.33 -96.0154
9342.34 -96.5754
9354.35 -97.1375
9366.37 -97.7017
9378.38 -98.2682
9390.39 -98.8368
9402.4 -99.4077
9414.41 -99.9808
9426.43 -100.556
9438.44 -101.134
9450.45 -101.713
9462.46 -102.295
9474.47 -102.879
9486.49 -103.466
9498.5 -104.054
9510.51 -104.645
9522.52 -105.238
9534.53 -105.833
9546.55 -106.431
9558.56 -107.03
9570.57 -107.632
9582.58 -108.236
9594.59 -108.841
9606.61 -109.449
9618.62 -110.059
9630.63 -110.671
9642.64 -111.285
9654.65 -111.901
9666.67 -112.519
9678.68 -113.138
9690.69 -113.759
9702.7 -114.382
9714.71 -115.007
9726.73 -115.633
9738.74 -116.261
9750.75 -116.89
9762.76 -117.521
9774.77 -118.153
9786.79 -118.786
9798.8 -119.42
9810.81 -120.055
9822.82 -120.691
9834.83 -121.328
9846.85 -121.966
9858.86 -122.604
9870.87 -123.242
9882.88 -123.88
9894.89 -124.519
9906.91 -125.158
9918.92 -125.796
9930.93 -126.434
9942.94 -127.072
9954.95 -127.708
9966.97 -128.344
9978.98 -128.979
9990.99 -129.612
10003 -130.243
10015 -130.873
10027 -131.5
10039 -132.125
10051.1 -132.747
10063.1 -133.367
10075.1 -133.983
10087.1 -134.595
10099.1 -135.203
10111.1 -135.808
10123.1 -136.407
10135.1 -137.001
10147.1 -137.59
10159.2 -138.173
10171.2 -138.75
10183.2 -139.32
10195.2 -139.883
10207.2 -140.438
10219.2 -140.984
10231.2 -141.522
10243.2 -142.051
10255.3 -142.57
10267.3 -143.078
10279.3 -143.575
10291.3 -144.06
10303.3 -144.533
10315.3 -144.993
10327.3 -145.438
10339.3 -145.87
10351.4 -146.285
10363.4 -146.684
10375.4 -147.067
10387.4 -147.431
10399.4 -147.776
10411.4 -148.102
10423.4 -148.406
10435.4 -148.689
10447.4 -148.949
10459.5 -149.185
10471.5 -149.396
10483.5 -149.58
10495.5 -149.737
10507.5 -149.866
10519.5 -149.964
10531.5 -150.032
10543.5 -150.066
10555.6 -150.067
10567.6 -150.032
10579.6 -149.961
10591.6 -149.851
10603.6 -149.701
10615.6 -149.51
10627.6 -149.275
10639.6 -148.996
10651.7 -148.67
10663.7 -148.296
10675.7 -147.871
10687.7 -147.395
10699.7 -146.866
10711.7 -146.28
10723.7 -145.637
10735.7 -144.935
10747.7 -144.171
10759.8 -143.344
10771.8 -142.451
10783.8 -141.491
10795.8 -140.461
10807.8 -139.36
10819.8 -138.184
10831.8 -136.933
10843.8 -135.605
10855.9 -134.196
10867.9 -132.705
10879.9 -131.13
10891.9 -129.47
10903.9 -127.72
10915.9 -125.881
10927.9 -123.95
10939.9 -121.925
10952 -119.804
10964 -117.586
10976 -115.269
10988 -112.85
11000 -110.33
11012 -107.705
11024 -104.975
11036 -102.138
11048 -99.1939
11060.1 -96.1407
11072.1 -92.9778
11084.1 -89.7042
11096.1 -86.3193
11108.1 -82.8223
11120.1 -79.2129
11132.1 -75.4906
11144.1 -71.6551
11156.2 -67.7061
11168.2 -63.6436
11180.2 -59.4674
11192.2 -55.1772
11204.2 -50.7731
11216.2 -46.2545
11228.2 -41.6211
11240.2 -36.8718
11252.3 -32.0054
11264.3 -27.0195
11276.3 -21.9109
11288.3 -16.6743
11300.3 -11.302
11312.3 -5.78158
11324.3 -0.0931642
11336.3 5.79754
11348.3 11.9572
11360.4 18.555
11372.4 26.3535
11384.4 33.1762
11396.4 39.377
11408.4 45.2176
11420.4 50.774
11432.4 56.0713
11444.4 61.1045
11456.5 65.8353
11468.5 70.133
11480.5 73.6834
11492.5 77.7739
11504.5 81.9998
11516.5 86.2377
11528.5 90.4284
11540.5 94.5263
11552.6 98.4813
11564.6 102.216
11576.6 105.505
11588.6 108.324
11600.6 111.822
11612.6 115.513
11624.6 119.297
11636.6 123.13
11648.6 126.981
11660.7 130.832
11672.7 134.664
11684.7 138.447
11696.7 142.21
11708.7 145.966
11720.7 149.694
11732.7 153.39
11744.7 157.051
11756.8 160.678
11768.8 164.281
11780.8 167.889
11792.8 171.654
11804.8 175.154
11816.8 178.431
11828.8 181.54
11840.8 184.493
11852.9 187.286
11864.9 189.908
11876.9 192.329
11888.9 194.46
11900.9 196.05
11912.9 198.041
11924.9 200.17
11936.9 202.351
11948.9 204.556
11961 206.774
11973 209.001
11985 211.244
11997 213.535
12009 215.892
12021 218.107
12033 220.265
12045 222.39
12057.1 224.498
12069.1 226.606
12081.1 228.74
12093.1 230.952
12105.1 233.451
12117.1 235.94
12129.1 237.998
12141.1 239.87
12153.2 241.607
12165.2 243.237
12177.2 244.779
12189.2 246.25
12201.2 247.677
12213.2 249.165
12225.2 250.469
12237.2 251.608
12249.2 252.621
12261.3 253.522
12273.3 254.314
12285.3 254.991
12297.3 255.539
12309.3 255.908
12321.3 255.926
12333.3 256.193
12345.3 256.562
12357.4 256.979
12369.4 257.427
12381.4 257.902
12393.4 258.409
12405.4 258.962
12417.4 259.613
12429.4 260.419
12441.4 260.997
12453.5 261.49
12465.5 261.93
12477.5 262.335
12489.5 262.718
12501.5 263.094
12513.5 263.488
12525.5 263.989
12537.5 264.507
12549.5 264.781
12561.6 264.942
12573.6 265.013
12585.6 265.002
12597.6 264.91
12609.6 264.731
12621.6 264.442
12633.6 263.897
12645.6 263.447
12657.7 263.106
12669.7 262.81
12681.7 262.542
12693.7 262.301
12705.7 262.089
12717.7 261.924
12729.7 261.851
12741.7 262.057
12753.8 261.946
12765.8 261.646
12777.8 261.214
12789.8 260.664
12801.8 259.99
12813.8 259.176
12825.8 258.176
12837.8 256.848
12849.8 254.969
12861.9 253.746
12873.9 252.771
12885.9 251.949
12897.9 251.246
12909.9 250.651
12921.9 250.165
12933.9 249.811
12945.9 249.703
12958 249.767
12970 249.509
12982 249.147
12994 248.717
13006 248.232
13018 247.692
13030 247.092
13042 246.408
13054.1 245.488
13066.1 244.673
13078.1 244.011
13090.1 243.423
13102.1 242.891
13114.1 242.407
13126.1 241.971
13138.1 241.589
13150.2 241.283
13162.2 241.153
13174.2 240.904
13186.2 240.59
13198.2 240.246
13210.2 239.885
13222.2 239.513
13234.2 239.136
13246.2 238.762
13258.3 238.405
13270.3 238.097
13282.3 237.698
13294.3 237.25
13306.3 236.762
13318.3 236.235
13330.3 235.664
13342.3 235.038
13354.4 234.334
13366.4 233.465
13378.4 232.444
13390.4 231.706
13402.4 231.067
13414.4 230.492
13426.4 229.966
13438.4 229.483
13450.5 229.037
13462.5 228.625
13474.5 228.25
13486.5 227.904
13498.5 227.587
13510.5 227.3
13522.5 227.047
13534.5 226.831
13546.5 226.659
13558.6 226.542
13570.6 226.51
13582.6 226.697
13594.6 226.736
13606.6 226.679
13618.6 226.577
13630.6 226.446
13642.6 226.293
13654.7 226.123
13666.7 225.938
13678.7 225.738
13690.7 225.519
13702.7 225.305
13714.7 225.088
13726.7 224.868
13738.7 224.644
13750.8 224.414
13762.8 224.177
13774.8 223.929
13786.8 223.659
13798.8 223.36
13810.8 223.111
13822.8 222.882
13834.8 222.665
13846.8 222.461
13858.9 222.267
13870.9 222.084
13882.9 221.913
13894.9 221.764
13906.9 221.62
13918.9 221.47
13930.9 221.323
13942.9 221.18
13955 221.043
13967 220.915
13979 220.797
13991 220.696
14003 220.642
14015 220.559
14027 220.455
14039 220.342
14051.1 220.223
14063.1 220.101
14075.1 219.975
14087.1 219.849
14099.1 219.721
14111.1 219.596
14123.1 219.466
14135.1 219.334
14147.1 219.2
14159.2 219.065
14171.2 218.928
14183.2 218.791
14195.2 218.652
14207.2 218.514
14219.2 218.375
14231.2 218.234
14243.2 218.093
14255.3 217.949
14267.3 217.805
14279.3 217.659
14291.3 217.51
14303.3 217.359
14315.3 217.198
14327.3 217.035
14339.3 216.884
14351.4 216.737
14363.4 216.594
14375.4 216.453
14387.4 216.315
14399.4 216.181
14411.4 216.05
14423.4 215.932
14435.4 215.807
14447.4 215.676
14459.5 215.541
14471.5 215.404
14483.5 215.265
14495.5 215.126
14507.5 214.985
14519.5 214.845
14531.5 214.711
14543.5 214.567
14555.6 214.416
14567.6 214.26
14579.6 214.1
14591.6 213.936
14603.6 213.768
14615.6 213.596
14627.6 213.422
14639.6 213.247
14651.7 213.057
14663.7 212.856
14675.7 212.644
14687.7 212.419
14699.7 212.18
14711.7 211.922
14723.7 211.638
14735.7 211.297
14747.7 210.925
14759.8 210.625
14771.8 210.346
14783.8 210.08
14795.8 209.82
14807.8 209.565
14819.8 209.311
14831.8 209.055
14843.8 208.781
14855.9 208.52
14867.9 208.272
14879.9 208.031
14891.9 207.794
14903.9 207.559
14915.9 207.325
14927.9 207.09
14939.9 206.851
14952 206.601
14964 206.36
14976 206.125
14988 205.89
15000 205.655
15012 205.417
15024 205.174
15036 204.923
15048 204.653
15060.1 204.346
15072.1 204.086
15084.1 203.847
15096.1 203.62
15108.1 203.402
15120.1 203.193
15132.1 202.992
15144.1 202.801
15156.2 202.627
15168.2 202.466
15180.2 202.281
15192.2 202.088
15204.2 201.889
15216.2 201.685
15228.2 201.476
15240.2 201.261
15252.3 201.039
15264.3 200.802
15276.3 200.565
15288.3 200.332
15300.3 200.097
15312.3 199.859
15324.3 199.616
15336.3 199.365
15348.3 199.104
15360.4 198.823
15372.4 198.488
15384.4 198.198
15396.4 197.937
15408.4 197.692
15420.4 197.461
15432.4 197.241
15444.4 197.035
15456.5 196.847
15468.5 196.688
15480.5 196.592
15492.5 196.422
15504.5 196.22
15516.5 195.995
15528.5 195.752
15540.5 195.49
15552.6 195.209
15564.6 194.901
15576.6 194.545
15588.6 194.141
15600.6 193.811
15612.6 193.506
15624.6 193.216
15636.6 192.939
15648.6 192.674
15660.7 192.421
15672.7 192.186
15684.7 191.992
15696.7 191.794
15708.7 191.567
15720.7 191.332
15732.7 191.094
15744.7 190.856
15756.8 190.622
15768.8 190.399
15780.8 190.196
15792.8 190.063
15804.8 189.877
15816.8 189.654
15828.8 189.415
15840.8 189.168
15852.9 188.922
15864.9 188.685
15876.9 188.475
15888.9 188.333
15900.9 188.371
15912.9 188.17
15924.9 187.849
15936.9 187.445
15948.9 186.97
15961 186.429
15973 185.817
15985 185.122
15997 184.294
16009 183.304
16021 182.498
16033 181.746
16045 181.022
16057.1 180.32
16069.1 179.638
16081.1 178.981
16093.1 178.364
16105.1 177.86
16117.1 177.36
16129.1 176.707
16141.1 175.988
16153.2 175.221
16165.2 174.413
16177.2 173.568
16189.2 172.688
16201.2 171.773
16213.2 170.811
16225.2 169.836
16237.2 168.846
16249.2 167.838
16261.3 166.811
16273.3 165.764
16285.3 164.699
16297.3 163.616
16309.3 162.517
16321.3 161.405
16333.3 160.273
16345.3 159.124
16357.4 157.961
16369.4 156.788
16381.4 155.606
16393.4 154.424
16405.4 153.251
16417.4 152.123
16429.4 151.077
16441.4 149.859
16453.5 148.561
16465.5 147.204
16477.5 145.793
16489.5 144.331
16501.5 142.818
16513.5 141.245
16525.5 139.575
16537.5 137.852
16549.5 136.196
16561.6 134.549
16573.6 132.903
16585.6 131.255
16597.6 129.604
16609.6 127.954
16621.6 126.315
16633.6 124.744
16645.6 123.107
16657.7 121.401
16669.7 119.651
16681.7 117.866
16693.7 116.05
16705.7 114.204
16717.7 112.331
16729.7 110.435
16741.7 108.527
16753.8 106.57
16765.8 104.569
16777.8 102.528
16789.8 100.444
16801.8 98.3141
16813.8 96.1302
16825.8 93.8767
16837.8 91.5089
16849.8 88.9562
16861.9 86.5876
16873.9 84.275
16885.9 81.9862
16897.9 79.7066
16909.9 77.4257
16921.9 75.1329
16933.9 72.8124
16945.9 70.4151
16958 67.9654
16970 65.654
16982 63.3919
16994 61.1619
17006 58.9551
17018 56.7655
17030 54.5881
17042 52.4163
17054.1 50.2271
17066.1 48.0634
17078.1 45.9291
17090.1 43.8106
17102.1 41.7019
17114.1 39.5971
17126.1 37.489
17138.1 35.3657
17150.2 33.1997
17162.2 30.8794
17174.2 28.7253
17186.2 26.6761
17198.2 24.692
17210.2 22.7583
17222.2 20.8662
17234.2 19.0082
17246.2 17.175
17258.3 15.3458
17270.3 13.4788
17282.3 11.7555
17294.3 10.1189
17306.3 8.55538
17318.3 7.06185
17330.3 5.64
17342.3 4.29658
17354.4 3.04838
17366.4 1.95689
17378.4 1.0125
17390.4 -0.0970966
17402.4 -1.23914
17414.4 -2.38886
17426.4 -3.53537
17438.4 -4.67252
17450.5 -5.79628
17462.5 -6.9036
17474.5 -7.98946
17486.5 -9.05979
17498.5 -10.1166
17510.5 -11.1581
17522.5 -12.185
17534.5 -13.1998
17546.5 -14.2084
17558.6 -15.2229
17570.6 -16.2772
17582.6 -17.5383
17594.6 -18.5287
17606.6 -19.3097
17618.6 -19.9336
17630.6 -20.4054
17642.6 -20.7125
17654.7 -20.8226
17666.7 -20.666
17678.7 -20.0446
17690.7 -18.4451
17702.7 -17.8872
17714.7 -17.7778
17726.7 -17.9434
17738.7 -18.3246
17750.8 -18.9005
17762.8 -19.6755
17774.8 -20.689
17786.8 -22.1064
17798.8 -23.9838
17810.8 -25.2572
17822.8 -26.3445
17834.8 -27.3256
17846.8 -28.2336
17858.9 -29.0865
17870.9 -29.895
17882.9 -30.6664
17894.9 -31.4058
17906.9 -32.1169
17918.9 -32.8024
17930.9 -33.4646
17942.9 -34.1051
17955 -34.7254
17967 -35.3266
17979 -35.9098
17991 -36.4757
18003 -37.0251
18015 -37.5586
18027 -38.0768
18039 -38.5802
18051.1 -39.0692
18063.1 -39.5443
18075.1 -40.0059
18087.1 -40.4542
18099.1 -40.8897
18111.1 -41.3126
18123.1 -41.7233
18135.1 -42.122
18147.1 -42.509
18159.2 -42.8845
18171.2 -43.2488
18183.2 -43.6021
18195.2 -43.9447
18207.2 -44.2768
18219.2 -44.5985
18231.2 -44.9102
18243.2 -45.2119
18255.3 -45.5039
18267.3 -45.7864
18279.3 -46.0596
18291.3 -46.3237
18303.3 -46.5788
18315.3 -46.8251
18327.3 -47.0628
18339.3 -47.292
18351.4 -47.513
18363.4 -47.7259
18375.4 -47.9308
18387.4 -48.128
18399.4 -48.3175
18411.4 -48.4995
18423.4 -48.6742
18435.4 -48.8417
18447.4 -49.0022
18459.5 -49.1558
18471.5 -49.3026
18483.5 -49.4428
18495.5 -49.5765
18507.5 -49.7038
18519.5 -49.825
18531.5 -49.94
18543.5 -50.0491
18555.6 -50.1524
18567.6 -50.2499
18579.6 -50.3418
18591.6 -50.4283
18603.6 -50.5094
18615.6 -50.5853
18627.6 -50.656
18639.6 -50.7217
18651.7 -50.7825
18663.7 -50.8384
18675.7 -50.8897
18687.7 -50.9364
18699.7 -50.9786
18711.7 -51.0164
18723.7 -51.0498
18735.7 -51.0791
18747.7 -51.1043
18759.8 -51.1254
18771.8 -51.1426
18783.8 -51.156
18795.8 -51.1656
18807.8 -51.1716
18819.8 -51.174
18831.8 -51.1729
18843.8 -51.1684
18855.9 -51.1605
18867.9 -51.1494
18879.9 -51.1351
18891.9 -51.1177
18903.9 -51.0973
18915.9 -51.0739
18927.9 -51.0476
18939.9 -51.0185
18952 -50.9867
18964 -50.9522
18976 -50.9151
18988 -50.8754
19000 -50.8332
