7000 -57.3729
7012.01 -57.5638
7024.02 -57.7595
7036.04 -57.9603
7048.05 -58.167
7060.06 -58.3801
7072.07 -58.6004
7084.08 -58.8288
7096.1 -59.066
7108.11 -59.3129
7120.12 -59.5708
7132.13 -59.8405
7144.14 -60.1234
7156.16 -60.4207
7168.17 -60.7338
7180.18 -61.0643
7192.19 -61.4137
7204.2 -61.7837
7216.22 -62.1761
7228.23 -62.5929
7240.24 -63.0361
7252.25 -63.5077
7264.26 -64.0099
7276.28 -64.5451
7288.29 -65.1154
7300.3 -65.7231
7312.31 -66.3706
7324.32 -67.0601
7336.34 -67.7939
7348.35 -68.5738
7360.36 -69.4019
7372.37 -70.2796
7384.38 -71.2085
7396.4 -72.1895
7408.41 -73.2231
7420.42 -74.3095
7432.43 -75.4483
7444.44 -76.6383
7456.46 -77.8781
7468.47 -79.1653
7480.48 -80.497
7492.49 -81.8695
7504.5 -83.2787
7516.52 -84.7196
7528.53 -86.187
7540.54 -87.6751
7552.55 -89.1778
7564.56 -90.6891
7576.58 -92.2037
7588.59 -93.7151
7600.6 -95.2085
7612.61 -96.6806
7624.62 -98.1258
7636.64 -99.538
7648.65 -100.911
7660.66 -102.239
7672.67 -103.511
7684.68 -104.696
7696.7 -105.847
7708.71 -106.99
7720.72 -108.103
7732.73 -109.178
7744.74 -110.214
7756.76 -111.21
7768.77 -112.164
7780.78 -113.077
7792.79 -113.947
7804.8 -114.781
7816.82 -115.577
7828.83 -116.337
7840.84 -117.061
7852.85 -117.746
7864.86 -118.39
7876.88 -118.987
7888.89 -119.511
7900.9 -119.891
7912.91 -120.407
7924.92 -120.984
7936.94 -121.602
7948.95 -122.256
7960.96 -122.95
7972.97 -123.695
7984.98 -124.511
7997 -125.474
8009.01 -126.627
8021.02 -127.487
8033.03 -128.239
8045.05 -128.92
8057.06 -129.542
8069.07 -130.109
8081.08 -130.616
8093.09 -131.045
8105.11 -131.292
8117.12 -131.521
8129.13 -131.95
8141.14 -132.461
8153.15 -133.035
8165.17 -133.671
8177.18 -134.375
8189.19 -135.166
8201.2 -136.097
8213.21 -137.453
8225.23 -138.509
8237.24 -139.3
8249.25 -139.938
8261.26 -140.447
8273.27 -140.833
8285.29 -141.078
8297.3 -141.142
8309.31 -140.903
8321.32 -139.949
8333.33 -139.687
8345.35 -139.766
8357.36 -140.052
8369.37 -140.501
8381.38 -141.101
8393.39 -141.854
8405.41 -142.792
8417.42 -144.025
8429.43 -145.678
8441.44 -146.866
8453.45 -147.908
8465.47 -148.871
8477.48 -149.782
8489.49 -150.657
8501.5 -151.503
8513.51 -152.326
8525.53 -153.13
8537.54 -153.918
8549.55 -154.692
8561.56 -155.453
8573.57 -156.202
8585.59 -156.94
8597.6 -157.668
8609.61 -158.385
8621.62 -159.093
8633.63 -159.79
8645.65 -160.477
8657.66 -161.154
8669.67 -161.821
8681.68 -162.476
8693.69 -163.121
8705.71 -163.754
8717.72 -164.374
8729.73 -164.983
8741.74 -165.578
8753.75 -166.159
8765.77 -166.725
8777.78 -167.277
8789.79 -167.812
8801.8 -168.33
8813.81 -168.831
8825.83 -169.313
8837.84 -169.775
8849.85 -170.217
8861.86 -170.637
8873.87 -171.034
8885.89 -171.408
8897.9 -171.756
8909.91 -172.079
8921.92 -172.375
8933.93 -172.641
8945.95 -172.879
8957.96 -173.085
8969.97 -173.258
8981.98 -173.398
8993.99 -173.503
9006.01 -173.572
9018.02 -173.602
9030.03 -173.594
9042.04 -173.545
9054.05 -173.453
9066.07 -173.319
9078.08 -173.14
9090.09 -172.914
9102.1 -172.641
9114.11 -172.32
9126.13 -171.949
9138.14 -171.526
9150.15 -171.051
9162.16 -170.523
9174.17 -169.941
9186.19 -169.303
9198.2 -168.609
9210.21 -167.859
9222.22 -167.051
9234.23 -166.185
9246.25 -165.261
9258.26 -164.279
9270.27 -163.238
9282.28 -162.139
9294.29 -160.982
9306.31 -159.767
9318.32 -158.495
9330.33 -157.168
9342.34 -155.785
9354.35 -154.349
9366.37 -152.86
9378.38 -151.32
9390.39 -149.732
9402.4 -148.097
9414.41 -146.417
9426.43 -144.694
9438.44 -142.933
9450.45 -141.134
9462.46 -139.302
9474.47 -137.439
9486.49 -135.548
9498.5 -133.634
9510.51 -131.699
9522.52 -129.747
9534.53 -127.782
9546.55 -125.807
9558.56 -123.827
9570.57 -121.845
9582.58 -119.866
9594.59 -117.892
9606.61 -115.928
9618.62 -113.977
9630.63 -112.044
9642.64 -110.131
9654.65 -108.243
9666.67 -106.382
9678.68 -104.553
9690.69 -102.757
9702.7 -100.998
9714.71 -99.2786
9726.73 -97.6016
9738.74 -95.9692
9750.75 -94.3837
9762.76 -92.8471
9774.77 -91.3611
9786.79 -89.9273
9798.8 -88.5473
9810.81 -87.2221
9822.82 -85.9528
9834.83 -84.7402
9846.85 -83.5849
9858.86 -82.4875
9870.87 -81.448
9882.88 -80.4668
9894.89 -79.5436
9906.91 -78.6782
9918.92 -77.8704
9930.93 -77.1197
9942.94 -76.4253
9954.95 -75.7865
9966.97 -75.2025
9978.98 -74.6724
9990.99 -74.195
10003 -73.7693
10015 -73.394
10027 -73.0678
10039 -72.7894
10051.1 -72.5574
10063.1 -72.3703
10075.1 -72.2266
10087.1 -72.1248
10099.1 -72.0634
10111.1 -72.0406
10123.1 -72.055
10135.1 -72.1049
10147.1 -72.1885
10159.2 -72.3043
10171.2 -72.4506
10183.2 -72.6257
10195.2 -72.8279
10207.2 -73.0555
10219.2 -73.3068
10231.2 -73.5802
10243.2 -73.8739
10255.3 -74.1863
10267.3 -74.5157
10279.3 -74.8604
10291.3 -75.2187
10303.3 -75.5889
10315.3 -75.9694
10327.3 -76.3585
10339.3 -76.7546
10351.4 -77.1559
10363.4 -77.5607
10375.4 -77.9675
10387.4 -78.3746
10399.4 -78.7802
10411.4 -79.1826
10423.4 -79.5803
10435.4 -79.9715
10447.4 -80.3544
10459.5 -80.7274
10471.5 -81.0888
10483.5 -81.4368
10495.5 -81.7696
10507.5 -82.0856
10519.5 -82.3828
10531.5 -82.6596
10543.5 -82.9141
10555.6 -83.1445
10567.6 -83.3488
10579.6 -83.5253
10591.6 -83.672
10603.6 -83.787
10615.6 -83.8684
10627.6 -83.9141
10639.6 -83.9223
10651.7 -83.8908
10663.7 -83.8176
10675.7 -83.7007
10687.7 -83.5379
10699.7 -83.3271
10711.7 -83.0663
10723.7 -82.7531
10735.7 -82.3855
10747.7 -81.9611
10759.8 -81.4779
10771.8 -80.9335
10783.8 -80.3257
10795.8 -79.6522
10807.8 -78.9106
10819.8 -78.0989
10831.8 -77.2145
10843.8 -76.2553
10855.9 -75.219
10867.9 -74.1032
10879.9 -72.9057
10891.9 -71.6243
10903.9 -70.2567
10915.9 -68.8007
10927.9 -67.2541
10939.9 -65.6149
10952 -63.8809
10964 -62.0501
10976 -60.1206
10988 -58.0903
11000 -55.9576
11012 -53.7206
11024 -51.3776
11036 -48.9271
11048 -46.3677
11060.1 -43.6978
11072.1 -40.9162
11084.1 -38.0217
11096.1 -35.0133
11108.1 -31.89
11120.1 -28.6509
11132.1 -25.2954
11144.1 -21.8226
11156.2 -18.2322
11168.2 -14.5234
11180.2 -10.696
11192.2 -6.74932
11204.2 -2.68296
11216.2 1.50374
11228.2 5.81157
11240.2 10.2417
11252.3 14.7956
11264.3 19.4758
11276.3 24.2856
11288.3 29.2302
11300.3 34.3171
11312.3 39.5584
11324.3 44.9728
11336.3 50.5932
11348.3 56.4827
11360.4 62.8018
11372.4 70.2727
11384.4 76.8346
11396.4 82.8228
11408.4 88.4855
11420.4 93.8952
11432.4 99.0764
11444.4 104.026
11456.5 108.71
11468.5 113.015
11480.5 116.663
11492.5 120.785
11504.5 125.024
11516.5 129.271
11528.5 133.472
11540.5 137.584
11552.6 141.558
11564.6 145.32
11576.6 148.649
11588.6 151.52
11600.6 155.063
11612.6 158.799
11624.6 162.633
11636.6 166.517
11648.6 170.426
11660.7 174.338
11672.7 178.24
11684.7 182.11
11696.7 185.958
11708.7 189.784
11720.7 193.576
11732.7 197.331
11744.7 201.046
11756.8 204.723
11768.8 208.37
11780.8 212.014
11792.8 215.801
11804.8 219.326
11816.8 222.628
11828.8 225.758
11840.8 228.726
11852.9 231.528
11864.9 234.148
11876.9 236.554
11888.9 238.645
11900.9 240.146
11912.9 242.094
11924.9 244.196
11936.9 246.359
11948.9 248.55
11961 250.754
11973 252.966
11985 255.188
11997 257.441
12009 259.737
12021 261.935
12033 264.095
12045 266.234
12057.1 268.368
12069.1 270.516
12081.1 272.703
12093.1 274.988
12105.1 277.608
12117.1 280.226
12129.1 282.359
12141.1 284.285
12153.2 286.063
12165.2 287.721
12177.2 289.279
12189.2 290.754
12201.2 292.166
12213.2 293.588
12225.2 294.857
12237.2 295.986
12249.2 297.003
12261.3 297.917
12273.3 298.728
12285.3 299.432
12297.3 300.011
12309.3 300.413
12321.3 300.449
12333.3 300.773
12345.3 301.228
12357.4 301.755
12369.4 302.341
12381.4 302.987
12393.4 303.707
12405.4 304.534
12417.4 305.577
12429.4 306.957
12441.4 307.865
12453.5 308.597
12465.5 309.222
12477.5 309.77
12489.5 310.263
12501.5 310.72
12513.5 311.169
12525.5 311.702
12537.5 312.232
12549.5 312.495
12561.6 312.625
12573.6 312.644
12585.6 312.56
12597.6 312.373
12609.6 312.074
12621.6 311.63
12633.6 310.855
12645.6 310.198
12657.7 309.675
12669.7 309.202
12681.7 308.756
12693.7 308.332
12705.7 307.93
12717.7 307.563
12729.7 307.27
12741.7 307.211
12753.8 306.866
12765.8 306.346
12777.8 305.697
12789.8 304.93
12801.8 304.038
12813.8 302.999
12825.8 301.766
12837.8 300.187
12849.8 298.024
12861.9 296.554
12873.9 295.343
12885.9 294.29
12897.9 293.359
12909.9 292.534
12921.9 291.816
12933.9 291.223
12945.9 290.854
12958 290.644
12970 290.148
12982 289.561
12994 288.914
13006 288.216
13018 287.469
13030 286.663
13042 285.772
13054.1 284.638
13066.1 283.617
13078.1 282.758
13090.1 281.98
13102.1 281.26
13114.1 280.59
13126.1 279.969
13138.1 279.402
13150.2 278.906
13162.2 278.568
13174.2 278.13
13186.2 277.639
13198.2 277.124
13210.2 276.595
13222.2 276.058
13234.2 275.514
13246.2 274.966
13258.3 274.416
13270.3 273.867
13282.3 273.303
13294.3 272.728
13306.3 272.141
13318.3 271.54
13330.3 270.921
13342.3 270.274
13354.4 269.582
13366.4 268.783
13378.4 267.885
13390.4 267.207
13402.4 266.615
13414.4 266.085
13426.4 265.608
13438.4 265.182
13450.5 264.808
13462.5 264.496
13474.5 264.304
13486.5 264.114
13498.5 263.883
13510.5 263.654
13522.5 263.436
13534.5 263.24
13546.5 263.073
13558.6 262.949
13570.6 262.896
13582.6 263.041
13594.6 263.041
13606.6 262.948
13618.6 262.807
13630.6 262.636
13642.6 262.441
13654.7 262.228
13666.7 262
13678.7 261.761
13690.7 261.519
13702.7 261.252
13714.7 260.967
13726.7 260.667
13738.7 260.349
13750.8 260.013
13762.8 259.655
13774.8 259.267
13786.8 258.822
13798.8 258.311
13810.8 257.895
13822.8 257.509
13834.8 257.141
13846.8 256.785
13858.9 256.435
13870.9 256.087
13882.9 255.735
13894.9 255.351
13906.9 254.982
13918.9 254.663
13930.9 254.37
13942.9 254.098
13955 253.845
13967 253.611
13979 253.396
13991 253.203
14003 253.05
14015 252.891
14027 252.729
14039 252.572
14051.1 252.424
14063.1 252.285
14075.1 252.159
14087.1 252.048
14099.1 251.962
14111.1 251.922
14123.1 251.852
14135.1 251.773
14147.1 251.694
14159.2 251.619
14171.2 251.551
14183.2 251.496
14195.2 251.46
14207.2 251.463
14219.2 251.523
14231.2 251.502
14243.2 251.453
14255.3 251.386
14267.3 251.306
14279.3 251.216
14291.3 251.116
14303.3 251.008
14315.3 250.888
14327.3 250.762
14339.3 250.641
14351.4 250.519
14363.4 250.398
14375.4 250.276
14387.4 250.155
14399.4 250.035
14411.4 249.921
14423.4 249.828
14435.4 249.716
14447.4 249.588
14459.5 249.449
14471.5 249.303
14483.5 249.149
14495.5 248.99
14507.5 248.825
14519.5 248.657
14531.5 248.493
14543.5 248.309
14555.6 248.11
14567.6 247.897
14579.6 247.67
14591.6 247.429
14603.6 247.17
14615.6 246.89
14627.6 246.575
14639.6 246.208
14651.7 245.887
14663.7 245.574
14675.7 245.262
14687.7 244.945
14699.7 244.618
14711.7 244.275
14723.7 243.906
14735.7 243.473
14747.7 243.007
14759.8 242.63
14771.8 242.282
14783.8 241.95
14795.8 241.63
14807.8 241.315
14819.8 241.001
14831.8 240.681
14843.8 240.322
14855.9 239.994
14867.9 239.704
14879.9 239.434
14891.9 239.18
14903.9 238.939
14915.9 238.71
14927.9 238.492
14939.9 238.287
14952 238.101
14964 237.911
14976 237.722
14988 237.535
15000 237.352
15012 237.172
15024 236.996
15036 236.824
15048 236.658
15060.1 236.5
15072.1 236.337
15084.1 236.173
15096.1 236.009
15108.1 235.847
15120.1 235.686
15132.1 235.527
15144.1 235.373
15156.2 235.231
15168.2 235.098
15180.2 234.938
15192.2 234.765
15204.2 234.582
15216.2 234.389
15228.2 234.186
15240.2 233.97
15252.3 233.739
15264.3 233.47
15276.3 233.207
15288.3 232.961
15300.3 232.718
15312.3 232.473
15324.3 232.225
15336.3 231.969
15348.3 231.7
15360.4 231.41
15372.4 231.054
15384.4 230.752
15396.4 230.484
15408.4 230.233
15420.4 229.996
15432.4 229.769
15444.4 229.553
15456.5 229.348
15468.5 229.159
15480.5 228.999
15492.5 228.809
15504.5 228.608
15516.5 228.399
15528.5 228.182
15540.5 227.958
15552.6 227.724
15564.6 227.477
15576.6 227.199
15588.6 226.89
15600.6 226.642
15612.6 226.42
15624.6 226.215
15636.6 226.028
15648.6 225.859
15660.7 225.71
15672.7 225.591
15684.7 225.543
15696.7 225.488
15708.7 225.387
15720.7 225.273
15732.7 225.156
15744.7 225.043
15756.8 224.94
15768.8 224.858
15780.8 224.82
15792.8 224.923
15804.8 224.914
15816.8 224.826
15828.8 224.697
15840.8 224.544
15852.9 224.376
15864.9 224.208
15876.9 224.056
15888.9 223.965
15900.9 224.058
15912.9 223.884
15924.9 223.571
15936.9 223.157
15948.9 222.656
15961 222.071
15973 221.398
15985 220.62
15997 219.677
16009 218.534
16021 217.602
16033 216.725
16045 215.872
16057.1 215.032
16069.1 214.203
16081.1 213.384
16093.1 212.588
16105.1 211.872
16117.1 211.145
16129.1 210.279
16141.1 209.343
16153.2 208.347
16165.2 207.295
16177.2 206.184
16189.2 205.006
16201.2 203.74
16213.2 202.272
16225.2 200.89
16237.2 199.579
16249.2 198.292
16261.3 197.014
16273.3 195.739
16285.3 194.462
16297.3 193.183
16309.3 191.9
16321.3 190.616
16333.3 189.323
16345.3 188.024
16357.4 186.723
16369.4 185.42
16381.4 184.122
16393.4 182.837
16405.4 181.578
16417.4 180.393
16429.4 179.334
16441.4 178.054
16453.5 176.679
16465.5 175.235
16477.5 173.735
16489.5 172.182
16501.5 170.578
16513.5 168.921
16525.5 167.189
16537.5 165.409
16549.5 163.656
16561.6 161.896
16573.6 160.124
16585.6 158.339
16597.6 156.542
16609.6 154.737
16621.6 152.934
16633.6 151.187
16645.6 149.369
16657.7 147.477
16669.7 145.535
16681.7 143.551
16693.7 141.527
16705.7 139.464
16717.7 137.362
16729.7 135.217
16741.7 133.014
16753.8 130.798
16765.8 128.558
16777.8 126.287
16789.8 123.98
16801.8 121.63
16813.8 119.229
16825.8 116.758
16837.8 114.166
16849.8 111.374
16861.9 108.802
16873.9 106.306
16885.9 103.85
16897.9 101.419
16909.9 99.0043
16921.9 96.5969
16933.9 94.187
16945.9 91.7463
16958 89.2884
16970 86.9224
16982 84.5982
16994 82.3069
17006 80.0452
17018 77.8123
17030 75.6098
17042 73.4442
17054.1 71.3568
17066.1 69.2535
17078.1 67.1203
17090.1 64.9785
17102.1 62.8328
17114.1 60.6839
17126.1 58.53
17138.1 56.366
17150.2 54.1771
17162.2 51.9001
17174.2 49.7196
17186.2 47.6008
17198.2 45.5209
17210.2 43.4712
17222.2 41.4458
17234.2 39.4392
17246.2 37.4425
17258.3 35.4334
17270.3 33.366
17282.3 31.4438
17294.3 29.6033
17306.3 27.8289
17318.3 26.1165
17330.3 24.4665
17342.3 22.8841
17354.4 21.3826
17366.4 20.0127
17378.4 18.7659
17390.4 17.3834
17402.4 15.9743
17414.4 14.5582
17426.4 13.1427
17438.4 11.7309
17450.5 10.3225
17462.5 8.9121
17474.5 7.46155
17486.5 6.04983
17498.5 4.70389
17510.5 3.39732
17522.5 2.12196
17534.5 0.871385
17546.5 -0.362783
17558.6 -1.59566
17570.6 -2.86577
17582.6 -4.36021
17594.6 -5.54681
17606.6 -6.4943
17618.6 -7.26083
17630.6 -7.85224
17642.6 -8.25384
17654.7 -8.42884
17666.7 -8.29752
17678.7 -7.63289
17690.7 -5.84711
17702.7 -5.25533
17714.7 -5.17839
17726.7 -5.41758
17738.7 -5.9055
17750.8 -6.61898
17762.8 -7.56441
17774.8 -8.78955
17786.8 -10.4919
17798.8 -12.7386
17810.8 -14.2631
17822.8 -15.5635
17834.8 -16.7349
17846.8 -17.8172
17858.9 -18.8318
17870.9 -19.7917
17882.9 -20.7058
17894.9 -21.5801
17906.9 -22.4193
17918.9 -23.2267
17930.9 -24.005
17942.9 -24.7564
17955 -25.4826
17967 -26.1851
17979 -26.8652
17991 -27.5238
18003 -28.162
18015 -28.7806
18027 -29.3802
18039 -29.9615
18051.1 -30.5252
18063.1 -31.0717
18075.1 -31.6016
18087.1 -32.1153
18099.1 -32.6132
18111.1 -33.0959
18123.1 -33.5636
18135.1 -34.0168
18147.1 -34.4557
18159.2 -34.8808
18171.2 -35.2923
18183.2 -35.6906
18195.2 -36.0759
18207.2 -36.4486
18219.2 -36.8089
18231.2 -37.157
18243.2 -37.4934
18255.3 -37.8182
18267.3 -38.1316
18279.3 -38.434
18291.3 -38.7255
18303.3 -39.0064
18315.3 -39.2769
18327.3 -39.5373
18339.3 -39.7877
18351.4 -40.0284
18363.4 -40.2596
18375.4 -40.4815
18387.4 -40.6943
18399.4 -40.8981
18411.4 -41.0933
18423.4 -41.2799
18435.4 -41.4582
18447.4 -41.6283
18459.5 -41.7905
18471.5 -41.9449
18483.5 -42.0916
18495.5 -42.2309
18507.5 -42.3629
18519.5 -42.4878
18531.5 -42.6057
18543.5 -42.7168
18555.6 -42.8213
18567.6 -42.9192
18579.6 -43.0108
18591.6 -43.0963
18603.6 -43.1756
18615.6 -43.249
18627.6 -43.3167
18639.6 -43.3787
18651.7 -43.4352
18663.7 -43.4863
18675.7 -43.5321
18687.7 -43.5728
18699.7 -43.6085
18711.7 -43.6394
18723.7 -43.6654
18735.7 -43.6868
18747.7 -43.7037
18759.8 -43.7161
18771.8 -43.7242
18783.8 -43.7281
18795.8 -43.7279
18807.8 -43.7237
18819.8 -43.7155
18831.8 -43.7036
18843.8 -43.688
18855.9 -43.6687
18867.9 -43.6459
18879.9 -43.6197
18891.9 -43.5902
18903.9 -43.5573
18915.9 -43.5214
18927.9 -43.4823
18939.9 -43.4402
18952 -43.3952
18964 -43.3474
18976 -43.2967
18988 -43.2434
19000 -43.1875
