7000 -22.5976
7012.01 -23.5179
7024.02 -24.5454
7036.04 -25.6847
7048.05 -26.9391
7060.06 -28.3103
7072.07 -29.7983
7084.08 -31.401
7096.1 -33.114
7108.11 -34.9305
7120.12 -36.8415
7132.13 -38.8351
7144.14 -40.8975
7156.16 -43.013
7168.17 -45.1642
7180.18 -47.3329
7192.19 -49.5004
7204.2 -51.6481
7216.22 -53.7583
7228.23 -55.8146
7240.24 -57.8023
7252.25 -59.7088
7264.26 -61.5237
7276.28 -63.2392
7288.29 -64.8497
7300.3 -66.3521
7312.31 -67.7453
7324.32 -69.0299
7336.34 -70.2083
7348.35 -71.2841
7360.36 -72.2619
7372.37 -73.1472
7384.38 -73.9458
7396.4 -74.6639
7408.41 -75.308
7420.42 -75.8844
7432.43 -76.3994
7444.44 -76.8589
7456.46 -77.2688
7468.47 -77.6346
7480.48 -77.9614
7492.49 -78.2541
7504.5 -78.5173
7516.52 -78.7551
7528.53 -78.9718
7540.54 -79.1714
7552.55 -79.358
7564.56 -79.5372
7576.58 -79.7207
7588.59 -79.9114
7600.6 -80.0586
7612.61 -80.185
7624.62 -80.2956
7636.64 -80.3924
7648.65 -80.4759
7660.66 -80.5446
7672.67 -80.5931
7684.68 -80.5843
7696.7 -80.5919
7708.71 -80.6531
7720.72 -80.7414
7732.73 -80.8521
7744.74 -80.985
7756.76 -81.1425
7768.77 -81.331
7780.78 -81.5679
7792.79 -81.94
7804.8 -82.2131
7816.82 -82.4129
7828.83 -82.5704
7840.84 -82.6934
7852.85 -82.7826
7864.86 -82.8339
7876.88 -82.8353
7888.89 -82.7515
7900.9 -82.4798
7912.91 -82.402
7924.92 -82.4115
7936.94 -82.4744
7948.95 -82.5793
7960.96 -82.7225
7972.97 -82.9059
7984.98 -83.1397
7997 -83.4662
8009.01 -83.9087
8021.02 -84.1672
8033.03 -84.3525
8045.05 -84.4829
8057.06 -84.5622
8069.07 -84.5872
8081.08 -84.548
8093.09 -84.4193
8105.11 -84.0835
8117.12 -83.7167
8129.13 -83.5549
8141.14 -83.4661
8153.15 -83.4276
8165.17 -83.4338
8177.18 -83.49
8189.19 -83.6153
8201.2 -83.8646
8213.21 -84.5388
8225.23 -84.8739
8237.24 -84.9073
8249.25 -84.7612
8261.26 -84.4693
8273.27 -84.0428
8285.29 -83.4801
8297.3 -82.7628
8309.31 -81.8241
8321.32 -80.4226
8333.33 -79.406
8345.35 -78.5686
8357.36 -77.8361
8369.37 -77.1873
8381.38 -76.6172
8393.39 -76.1299
8405.41 -75.7392
8417.42 -75.4903
8429.43 -75.4319
8441.44 -75.2387
8453.45 -75.031
8465.47 -74.8359
8477.48 -74.6645
8489.49 -74.5228
8501.5 -74.4142
8513.51 -74.3404
8525.53 -74.3021
8537.54 -74.2993
8549.55 -74.3312
8561.56 -74.3968
8573.57 -74.4949
8585.59 -74.6238
8597.6 -74.7819
8609.61 -74.9674
8621.62 -75.1787
8633.63 -75.4138
8645.65 -75.6712
8657.66 -75.9491
8669.67 -76.2459
8681.68 -76.5602
8693.69 -76.8904
8705.71 -77.2354
8717.72 -77.5938
8729.73 -77.9646
8741.74 -78.3466
8753.75 -78.7389
8765.77 -79.1406
8777.78 -79.551
8789.79 -79.9693
8801.8 -80.3949
8813.81 -80.8271
8825.83 -81.2654
8837.84 -81.7093
8849.85 -82.1585
8861.86 -82.6125
8873.87 -83.0709
8885.89 -83.5335
8897.9 -84.0001
8909.91 -84.4702
8921.92 -84.9438
8933.93 -85.4206
8945.95 -85.9005
8957.96 -86.3833
8969.97 -86.8689
8981.98 -87.3572
8993.99 -87.8481
9006.01 -88.3415
9018.02 -88.8373
9030.03 -89.3355
9042.04 -89.8361
9054.05 -90.3388
9066.07 -90.8439
9078.08 -91.3511
9090.09 -91.8605
9102.1 -92.3721
9114.11 -92.8859
9126.13 -93.4018
9138.14 -93.9198
9150.15 -94.44
9162.16 -94.9623
9174.17 -95.4868
9186.19 -96.0134
9198.2 -96.5422
9210.21 -97.0732
9222.22 -97.6063
9234.23 -98.1416
9246.25 -98.6791
9258.26 -99.2187
9270.27 -99.7606
9282.28 -100.305
9294.29 -100.851
9306.31 -101.4
9318.32 -101.951
9330.33 -102.504
9342.34 -103.059
9354.35 -103.617
9366.37 -104.177
9378.38 -104.739
9390.39 -105.303
9402.4 -105.87
9414.41 -106.439
9426.43 -107.011
9438.44 -107.584
9450.45 -108.16
9462.46 -108.738
9474.47 -109.319
9486.49 -109.902
9498.5 -110.487
9510.51 -111.074
9522.52 -111.664
9534.53 -112.255
9546.55 -112.849
9558.56 -113.445
9570.57 -114.043
9582.58 -114.644
9594.59 -115.246
9606.61 -115.85
9618.62 -116.457
9630.63 -117.065
9642.64 -117.675
9654.65 -118.287
9666.67 -118.901
9678.68 -119.517
9690.69 -120.134
9702.7 -120.753
9714.71 -121.374
9726.73 -121.995
9738.74 -122.619
9750.75 -123.244
9762.76 -123.869
9774.77 -124.496
9786.79 -125.124
9798.8 -125.753
9810.81 -126.383
9822.82 -127.014
9834.83 -127.645
9846.85 -128.276
9858.86 -128.908
9870.87 -129.54
9882.88 -130.171
9894.89 -130.803
9906.91 -131.434
9918.92 -132.065
9930.93 -132.695
9942.94 -133.324
9954.95 -133.952
9966.97 -134.579
9978.98 -135.204
9990.99 -135.827
10003 -136.448
10015 -137.067
10027 -137.683
10039 -138.297
10051.1 -138.907
10063.1 -139.514
10075.1 -140.117
10087.1 -140.715
10099.1 -141.31
10111.1 -141.899
10123.1 -142.483
10135.1 -143.061
10147.1 -143.634
10159.2 -144.199
10171.2 -144.758
10183.2 -145.309
10195.2 -145.853
10207.2 -146.387
10219.2 -146.913
10231.2 -147.429
10243.2 -147.935
10255.3 -148.431
10267.3 -148.915
10279.3 -149.387
10291.3 -149.846
10303.3 -150.292
10315.3 -150.723
10327.3 -151.14
10339.3 -151.541
10351.4 -151.926
10363.4 -152.293
10375.4 -152.642
10387.4 -152.972
10399.4 -153.282
10411.4 -153.571
10423.4 -153.838
10435.4 -154.081
10447.4 -154.301
10459.5 -154.496
10471.5 -154.664
10483.5 -154.805
10495.5 -154.917
10507.5 -154.999
10519.5 -155.049
10531.5 -155.068
10543.5 -155.052
10555.6 -155.001
10567.6 -154.913
10579.6 -154.787
10591.6 -154.621
10603.6 -154.414
10615.6 -154.164
10627.6 -153.869
10639.6 -153.528
10651.7 -153.139
10663.7 -152.701
10675.7 -152.211
10687.7 -151.669
10699.7 -151.071
10711.7 -150.416
10723.7 -149.702
10735.7 -148.928
10747.7 -148.091
10759.8 -147.19
10771.8 -146.222
10783.8 -145.186
10795.8 -144.079
10807.8 -142.9
10819.8 -141.646
10831.8 -140.315
10843.8 -138.906
10855.9 -137.417
10867.9 -135.845
10879.9 -134.189
10891.9 -132.446
10903.9 -130.615
10915.9 -128.694
10927.9 -126.681
10939.9 -124.574
10952 -122.372
10964 -120.073
10976 -117.675
10988 -115.178
11000 -112.578
11012 -109.876
11024 -107.07
11036 -104.159
11048 -101.142
11060.1 -98.0173
11072.1 -94.785
11084.1 -91.4442
11096.1 -87.9943
11108.1 -84.4348
11120.1 -80.7655
11132.1 -76.9861
11144.1 -73.0964
11156.2 -69.0965
11168.2 -64.9862
11180.2 -60.7656
11192.2 -56.4348
11204.2 -51.9936
11216.2 -47.442
11228.2 -42.7796
11240.2 -38.0056
11252.3 -33.1189
11264.3 -28.1173
11276.3 -22.9979
11288.3 -17.7556
11300.3 -12.383
11312.3 -6.86816
11324.3 -1.19193
11336.3 4.67894
11348.3 10.8091
11360.4 17.3628
11372.4 25.0807
11384.4 31.8485
11396.4 38.0099
11408.4 43.8189
11420.4 49.3492
11432.4 54.6249
11444.4 59.6408
11456.5 64.3586
11468.5 68.649
11480.5 72.2009
11492.5 76.2896
11504.5 80.5147
11516.5 84.7543
11528.5 88.9504
11540.5 93.0587
11552.6 97.0313
11564.6 100.794
11576.6 104.134
11588.6 107.027
11600.6 110.561
11612.6 114.275
11624.6 118.075
11636.6 121.918
11648.6 125.775
11660.7 129.628
11672.7 133.459
11684.7 137.234
11696.7 140.989
11708.7 144.742
11720.7 148.47
11732.7 152.167
11744.7 155.83
11756.8 159.462
11768.8 163.07
11780.8 166.685
11792.8 170.458
11804.8 173.968
11816.8 177.258
11828.8 180.382
11840.8 183.351
11852.9 186.164
11864.9 188.809
11876.9 191.255
11888.9 193.417
11900.9 195.049
11912.9 197.073
11924.9 199.228
11936.9 201.434
11948.9 203.662
11961 205.9
11973 208.144
11985 210.399
11997 212.693
12009 215.04
12021 217.266
12033 219.444
12045 221.594
12057.1 223.732
12069.1 225.876
12081.1 228.051
12093.1 230.31
12105.1 232.875
12117.1 235.433
12129.1 237.54
12141.1 239.453
12153.2 241.226
12165.2 242.887
12177.2 244.454
12189.2 245.945
12201.2 247.384
12213.2 248.86
12225.2 250.166
12237.2 251.317
12249.2 252.348
12261.3 253.27
12273.3 254.085
12285.3 254.789
12297.3 255.366
12309.3 255.768
12321.3 255.825
12333.3 256.126
12345.3 256.525
12357.4 256.971
12369.4 257.446
12381.4 257.947
12393.4 258.479
12405.4 259.056
12417.4 259.73
12429.4 260.558
12441.4 261.157
12453.5 261.67
12465.5 262.13
12477.5 262.553
12489.5 262.954
12501.5 263.347
12513.5 263.759
12525.5 264.281
12537.5 264.82
12549.5 265.104
12561.6 265.268
12573.6 265.336
12585.6 265.317
12597.6 265.209
12609.6 265.004
12621.6 264.673
12633.6 264.042
12645.6 263.53
12657.7 263.155
12669.7 262.837
12681.7 262.556
12693.7 262.309
12705.7 262.099
12717.7 261.942
12729.7 261.886
12741.7 262.121
12753.8 262.034
12765.8 261.758
12777.8 261.35
12789.8 260.824
12801.8 260.178
12813.8 259.394
12825.8 258.428
12837.8 257.141
12849.8 255.311
12861.9 254.132
12873.9 253.198
12885.9 252.419
12897.9 251.762
12909.9 251.216
12921.9 250.786
12933.9 250.502
12945.9 250.494
12958 250.68
12970 250.482
12982 250.155
12994 249.741
13006 249.253
13018 248.693
13030 248.05
13042 247.293
13054.1 246.218
13066.1 245.28
13078.1 244.543
13090.1 243.902
13102.1 243.33
13114.1 242.815
13126.1 242.356
13138.1 241.956
13150.2 241.632
13162.2 241.473
13174.2 241.221
13186.2 240.924
13198.2 240.615
13210.2 240.305
13222.2 240.003
13234.2 239.719
13246.2 239.469
13258.3 239.293
13270.3 239.277
13282.3 239.041
13294.3 238.703
13306.3 238.292
13318.3 237.814
13330.3 237.268
13342.3 236.642
13354.4 235.906
13366.4 234.952
13378.4 233.797
13390.4 232.999
13402.4 232.321
13414.4 231.72
13426.4 231.179
13438.4 230.689
13450.5 230.245
13462.5 229.848
13474.5 229.518
13486.5 229.208
13498.5 228.9
13510.5 228.61
13522.5 228.343
13534.5 228.102
13546.5 227.893
13558.6 227.723
13570.6 227.613
13582.6 227.648
13594.6 227.594
13606.6 227.485
13618.6 227.355
13630.6 227.215
13642.6 227.072
13654.7 226.931
13666.7 226.801
13678.7 226.699
13690.7 226.666
13702.7 226.542
13714.7 226.376
13726.7 226.179
13738.7 225.955
13750.8 225.704
13762.8 225.421
13774.8 225.092
13786.8 224.672
13798.8 224.144
13810.8 223.801
13822.8 223.53
13834.8 223.311
13846.8 223.137
13858.9 223.01
13870.9 222.936
13882.9 222.934
13894.9 223.115
13906.9 223.282
13918.9 223.298
13930.9 223.255
13942.9 223.174
13955 223.063
13967 222.924
13979 222.76
13991 222.563
14003 222.299
14015 222.063
14027 221.846
14039 221.636
14051.1 221.427
14063.1 221.215
14075.1 220.998
14087.1 220.772
14099.1 220.528
14111.1 220.235
14123.1 219.995
14135.1 219.779
14147.1 219.58
14159.2 219.391
14171.2 219.213
14183.2 219.043
14195.2 218.882
14207.2 218.726
14219.2 218.577
14231.2 218.441
14243.2 218.318
14255.3 218.206
14267.3 218.109
14279.3 218.029
14291.3 217.972
14303.3 217.949
14315.3 218.014
14327.3 218.099
14339.3 218.068
14351.4 217.992
14363.4 217.882
14375.4 217.744
14387.4 217.576
14399.4 217.376
14411.4 217.131
14423.4 216.774
14435.4 216.472
14447.4 216.222
14459.5 215.994
14471.5 215.781
14483.5 215.576
14495.5 215.378
14507.5 215.184
14519.5 214.99
14531.5 214.787
14543.5 214.603
14555.6 214.431
14567.6 214.269
14579.6 214.116
14591.6 213.974
14603.6 213.844
14615.6 213.731
14627.6 213.655
14639.6 213.64
14651.7 213.535
14663.7 213.392
14675.7 213.221
14687.7 213.025
14699.7 212.803
14711.7 212.551
14723.7 212.258
14735.7 211.881
14747.7 211.457
14759.8 211.14
14771.8 210.857
14783.8 210.593
14795.8 210.343
14807.8 210.104
14819.8 209.874
14831.8 209.651
14843.8 209.44
14855.9 209.228
14867.9 209.012
14879.9 208.794
14891.9 208.573
14903.9 208.349
14915.9 208.119
14927.9 207.881
14939.9 207.628
14952 207.333
14964 207.075
14976 206.836
14988 206.608
15000 206.387
15012 206.17
15024 205.956
15036 205.741
15048 205.521
15060.1 205.286
15072.1 205.081
15084.1 204.891
15096.1 204.712
15108.1 204.545
15120.1 204.39
15132.1 204.25
15144.1 204.132
15156.2 204.064
15168.2 204.035
15180.2 203.914
15192.2 203.757
15204.2 203.572
15216.2 203.362
15228.2 203.127
15240.2 202.86
15252.3 202.55
15264.3 202.125
15276.3 201.737
15288.3 201.424
15300.3 201.143
15312.3 200.883
15324.3 200.639
15336.3 200.411
15348.3 200.199
15360.4 200.009
15372.4 199.871
15384.4 199.695
15396.4 199.497
15408.4 199.286
15420.4 199.065
15432.4 198.837
15444.4 198.602
15456.5 198.359
15468.5 198.109
15480.5 197.85
15492.5 197.587
15504.5 197.316
15516.5 197.037
15528.5 196.75
15540.5 196.451
15552.6 196.139
15564.6 195.808
15576.6 195.438
15588.6 195.028
15600.6 194.686
15612.6 194.367
15624.6 194.065
15636.6 193.776
15648.6 193.501
15660.7 193.241
15672.7 193.003
15684.7 192.818
15696.7 192.625
15708.7 192.393
15720.7 192.147
15732.7 191.893
15744.7 191.637
15756.8 191.381
15768.8 191.13
15780.8 190.895
15792.8 190.713
15804.8 190.488
15816.8 190.233
15828.8 189.964
15840.8 189.691
15852.9 189.419
15864.9 189.159
15876.9 188.926
15888.9 188.763
15900.9 188.784
15912.9 188.563
15924.9 188.22
15936.9 187.794
15948.9 187.297
15961 186.732
15973 186.096
15985 185.376
15997 184.521
16009 183.502
16021 182.671
16033 181.895
16045 181.149
16057.1 180.427
16069.1 179.727
16081.1 179.054
16093.1 178.426
16105.1 177.923
16117.1 177.424
16129.1 176.756
16141.1 176.017
16153.2 175.224
16165.2 174.385
16177.2 173.506
16189.2 172.587
16201.2 171.627
16213.2 170.613
16225.2 169.585
16237.2 168.542
16249.2 167.477
16261.3 166.39
16273.3 165.278
16285.3 164.141
16297.3 162.976
16309.3 161.777
16321.3 160.524
16333.3 159.291
16345.3 158.06
16357.4 156.826
16369.4 155.588
16381.4 154.349
16393.4 153.112
16405.4 151.889
16417.4 150.711
16429.4 149.614
16441.4 148.357
16453.5 147.028
16465.5 145.644
16477.5 144.212
16489.5 142.736
16501.5 141.215
16513.5 139.643
16525.5 137.99
16537.5 136.292
16549.5 134.644
16561.6 133
16573.6 131.354
16585.6 129.703
16597.6 128.049
16609.6 126.393
16621.6 124.745
16633.6 123.152
16645.6 121.502
16657.7 119.791
16669.7 118.041
16681.7 116.259
16693.7 114.447
16705.7 112.609
16717.7 110.744
16729.7 108.853
16741.7 106.939
16753.8 104.996
16765.8 103.026
16777.8 101.026
16789.8 98.9965
16801.8 96.9332
16813.8 94.8312
16825.8 92.6803
16837.8 90.4513
16849.8 88.0988
16861.9 85.8593
16873.9 83.65
16885.9 81.4495
16897.9 79.2474
16909.9 77.0352
16921.9 74.8034
16933.9 72.5359
16945.9 70.1797
16958 67.7625
16970 65.4946
16982 63.2789
16994 61.0968
17006 58.9392
17018 56.8003
17030 54.6751
17042 52.5581
17054.1 50.4307
17066.1 48.3263
17078.1 46.2476
17090.1 44.1838
17102.1 42.1295
17114.1 40.0797
17126.1 38.0281
17138.1 35.9641
17150.2 33.8631
17162.2 31.6256
17174.2 29.5377
17186.2 27.5447
17198.2 25.611
17210.2 23.7234
17222.2 21.8739
17234.2 20.0556
17246.2 18.2599
17258.3 16.4668
17270.3 14.6359
17282.3 12.9427
17294.3 11.3323
17306.3 9.79159
17318.3 8.31765
17330.3 6.91228
17342.3 5.58222
17354.4 4.34416
17366.4 3.25929
17378.4 2.31794
17390.4 1.2089
17402.4 0.0641682
17414.4 -1.09187
17426.4 -2.2488
17438.4 -3.40118
17450.5 -4.54614
17462.5 -5.6831
17474.5 -6.82016
17486.5 -7.93723
17498.5 -9.02743
17510.5 -10.0974
17522.5 -11.15
17534.5 -12.1887
17546.5 -13.2193
17558.6 -14.2536
17570.6 -15.3228
17582.6 -16.5801
17594.6 -17.5894
17606.6 -18.4071
17618.6 -19.0816
17630.6 -19.6182
17642.6 -20.0064
17654.7 -20.2185
17666.7 -20.1938
17678.7 -19.7599
17690.7 -18.4702
17702.7 -18.0829
17714.7 -18.0819
17726.7 -18.3157
17738.7 -18.7325
17750.8 -19.3136
17762.8 -20.0621
17774.8 -21.011
17786.8 -22.2995
17798.8 -23.9747
17810.8 -25.139
17822.8 -26.145
17834.8 -27.0598
17846.8 -27.9114
17858.9 -28.7147
17870.9 -29.4791
17882.9 -30.2104
17894.9 -30.913
17906.9 -31.5899
17918.9 -32.2436
17930.9 -32.8758
17942.9 -33.4881
17955 -34.0815
17967 -34.6572
17979 -35.216
17991 -35.7585
18003 -36.2854
18015 -36.7973
18027 -37.2946
18039 -37.7778
18051.1 -38.2473
18063.1 -38.7034
18075.1 -39.1466
18087.1 -39.5771
18099.1 -39.9953
18111.1 -40.4013
18123.1 -40.7955
18135.1 -41.1782
18147.1 -41.5496
18159.2 -41.9099
18171.2 -42.2594
18183.2 -42.5982
18195.2 -42.9267
18207.2 -43.2449
18219.2 -43.5532
18231.2 -43.8517
18243.2 -44.1405
18255.3 -44.42
18267.3 -44.6902
18279.3 -44.9514
18291.3 -45.2037
18303.3 -45.4473
18315.3 -45.6824
18327.3 -45.9091
18339.3 -46.1276
18351.4 -46.3381
18363.4 -46.5407
18375.4 -46.7356
18387.4 -46.9229
18399.4 -47.1028
18411.4 -47.2755
18423.4 -47.441
18435.4 -47.5996
18447.4 -47.7513
18459.5 -47.8963
18471.5 -48.0348
18483.5 -48.1668
18495.5 -48.2925
18507.5 -48.4121
18519.5 -48.5256
18531.5 -48.6333
18543.5 -48.7351
18555.6 -48.8313
18567.6 -48.9219
18579.6 -49.0071
18591.6 -49.087
18603.6 -49.1617
18615.6 -49.2313
18627.6 -49.2959
18639.6 -49.3556
18651.7 -49.4106
18663.7 -49.461
18675.7 -49.5067
18687.7 -49.5481
18699.7 -49.585
18711.7 -49.6177
18723.7 -49.6463
18735.7 -49.6707
18747.7 -49.6912
18759.8 -49.7078
18771.8 -49.7206
18783.8 -49.7297
18795.8 -49.7352
18807.8 -49.7371
18819.8 -49.7356
18831.8 -49.7306
18843.8 -49.7224
18855.9 -49.711
18867.9 -49.6964
18879.9 -49.6787
18891.9 -49.6581
18903.9 -49.6345
18915.9 -49.6081
18927.9 -49.5789
18939.9 -49.5469
18952 -49.5124
18964 -49.4752
18976 -49.4355
18988 -49.3934
19000 -49.3489
