7000 -14.5991
7012.01 -14.6833
7024.02 -14.7692
7036.04 -14.8568
7048.05 -14.9461
7060.06 -15.0374
7072.07 -15.1306
7084.08 -15.226
7096.1 -15.3237
7108.11 -15.4237
7120.12 -15.5263
7132.13 -15.6316
7144.14 -15.7399
7156.16 -15.8513
7168.17 -15.9661
7180.18 -16.0845
7192.19 -16.2068
7204.2 -16.3333
7216.22 -16.4645
7228.23 -16.6007
7240.24 -16.7424
7252.25 -16.8901
7264.26 -17.0445
7276.28 -17.2063
7288.29 -17.3762
7300.3 -17.5553
7312.31 -17.7447
7324.32 -17.9458
7336.34 -18.1602
7348.35 -18.3901
7360.36 -18.6378
7372.37 -18.9068
7384.38 -19.201
7396.4 -19.5261
7408.41 -19.8896
7420.42 -20.3026
7432.43 -20.7818
7444.44 -21.3553
7456.46 -22.0783
7468.47 -23.1058
7480.48 -24.7991
7492.49 -25.6442
7504.5 -26.0979
7516.52 -26.2803
7528.53 -26.2259
7540.54 -25.9365
7552.55 -25.3852
7564.56 -24.4949
7576.58 -22.9797
7588.59 -20.8127
7600.6 -19.6151
7612.61 -18.7262
7624.62 -18.0232
7636.64 -17.4556
7648.65 -16.9984
7660.66 -16.6415
7672.67 -16.3898
7684.68 -16.3266
7696.7 -16.2727
7708.71 -16.1379
7720.72 -15.986
7732.73 -15.83
7744.74 -15.6752
7756.76 -15.524
7768.77 -15.3778
7780.78 -15.2377
7792.79 -15.106
7804.8 -14.9774
7816.82 -14.8527
7828.83 -14.7327
7840.84 -14.6179
7852.85 -14.5087
7864.86 -14.4055
7876.88 -14.3096
7888.89 -14.2241
7900.9 -14.158
7912.91 -14.0779
7924.92 -13.9932
7936.94 -13.907
7948.95 -13.8203
7960.96 -13.7339
7972.97 -13.6481
7984.98 -13.5634
7997 -13.481
8009.01 -13.4012
8021.02 -13.3187
8033.03 -13.2357
8045.05 -13.1527
8057.06 -13.0701
8069.07 -12.9883
8081.08 -12.9076
8093.09 -12.8292
8105.11 -12.7575
8117.12 -12.6859
8129.13 -12.6054
8141.14 -12.521
8153.15 -12.4336
8165.17 -12.3437
8177.18 -12.2513
8189.19 -12.1561
8201.2 -12.0573
8213.21 -11.9501
8225.23 -11.8474
8237.24 -11.7489
8249.25 -11.6529
8261.26 -11.5594
8273.27 -11.4691
8285.29 -11.3838
8297.3 -11.3069
8309.31 -11.2484
8321.32 -11.2422
8333.33 -11.1717
8345.35 -11.0655
8357.36 -10.9337
8369.37 -10.7787
8381.38 -10.6
8393.39 -10.3942
8405.41 -10.1533
8417.42 -9.85184
8429.43 -9.46195
8441.44 -9.17585
8453.45 -8.92351
8465.47 -8.68978
8477.48 -8.46843
8489.49 -8.25625
8501.5 -8.05172
8513.51 -7.85512
8525.53 -7.67392
8537.54 -7.49702
8549.55 -7.29433
8561.56 -7.07805
8573.57 -6.84842
8585.59 -6.60358
8597.6 -6.33972
8609.61 -6.0498
8621.62 -5.71797
8633.63 -5.26184
8645.65 -4.87186
8657.66 -4.55236
8669.67 -4.26404
8681.68 -3.99393
8693.69 -3.73371
8705.71 -3.47538
8717.72 -3.20762
8729.73 -2.90488
8741.74 -2.47338
8753.75 -2.20575
8765.77 -2.03832
8777.78 -1.94215
8789.79 -1.91024
8801.8 -1.94356
8813.81 -2.05005
8825.83 -2.24997
8837.84 -2.60712
8849.85 -3.22314
8861.86 -3.55665
8873.87 -3.79241
8885.89 -3.9742
8897.9 -4.1197
8909.91 -4.23843
8921.92 -4.33632
8933.93 -4.41735
8945.95 -4.48436
8957.96 -4.53946
8969.97 -4.58428
8981.98 -4.62009
8993.99 -4.64793
9006.01 -4.66863
9018.02 -4.68288
9030.03 -4.69128
9042.04 -4.6943
9054.05 -4.69239
9066.07 -4.6859
9078.08 -4.67516
9090.09 -4.66044
9102.1 -4.642
9114.11 -4.62004
9126.13 -4.59478
9138.14 -4.56638
9150.15 -4.53501
9162.16 -4.50081
9174.17 -4.4639
9186.19 -4.42442
9198.2 -4.38247
9210.21 -4.33815
9222.22 -4.29156
9234.23 -4.24279
9246.25 -4.19191
9258.26 -4.13901
9270.27 -4.08416
9282.28 -4.02743
9294.29 -3.96887
9306.31 -3.90856
9318.32 -3.84654
9330.33 -3.78288
9342.34 -3.71763
9354.35 -3.65085
9366.37 -3.58257
9378.38 -3.51285
9390.39 -3.44174
9402.4 -3.36927
9414.41 -3.2955
9426.43 -3.22047
9438.44 -3.14421
9450.45 -3.06678
9462.46 -2.9882
9474.47 -2.90852
9486.49 -2.82777
9498.5 -2.746
9510.51 -2.66324
9522.52 -2.57952
9534.53 -2.49489
9546.55 -2.40938
9558.56 -2.32301
9570.57 -2.23584
9582.58 -2.14789
9594.59 -2.05919
9606.61 -1.96978
9618.62 -1.87969
9630.63 -1.78896
9642.64 -1.6976
9654.65 -1.60566
9666.67 -1.51317
9678.68 -1.42015
9690.69 -1.32664
9702.7 -1.23266
9714.71 -1.13824
9726.73 -1.04341
9738.74 -0.948198
9750.75 -0.852627
9762.76 -0.756725
9774.77 -0.660515
9786.79 -0.564021
9798.8 -0.467267
9810.81 -0.370276
9822.82 -0.273067
9834.83 -0.175661
9846.85 -0.0780785
9858.86 0.0196636
9870.87 0.117548
9882.88 0.215559
9894.89 0.313682
9906.91 0.411903
9918.92 0.510211
9930.93 0.608595
9942.94 0.707047
9954.95 0.805558
9966.97 0.904124
9978.98 1.00274
9990.99 1.1014
10003 1.20011
10015 1.29887
10027 1.39768
10039 1.49654
10051.1 1.59547
10063.1 1.69447
10075.1 1.79355
10087.1 1.89274
10099.1 1.99203
10111.1 2.09147
10123.1 2.19105
10135.1 2.29082
10147.1 2.39079
10159.2 2.491
10171.2 2.59147
10183.2 2.69224
10195.2 2.79336
10207.2 2.89486
10219.2 2.99678
10231.2 3.09918
10243.2 3.2021
10255.3 3.30561
10267.3 3.40975
10279.3 3.51459
10291.3 3.62019
10303.3 3.72663
10315.3 3.83398
10327.3 3.94231
10339.3 4.05171
10351.4 4.16226
10363.4 4.27406
10375.4 4.38718
10387.4 4.50175
10399.4 4.61785
10411.4 4.7356
10423.4 4.85511
10435.4 4.9765
10447.4 5.09989
10459.5 5.22541
10471.5 5.3532
10483.5 5.4834
10495.5 5.61615
10507.5 5.75161
10519.5 5.88993
10531.5 6.03129
10543.5 6.17587
10555.6 6.32384
10567.6 6.47539
10579.6 6.63074
10591.6 6.79009
10603.6 6.95367
10615.6 7.12172
10627.6 7.2945
10639.6 7.47227
10651.7 7.65535
10663.7 7.84404
10675.7 8.03871
10687.7 8.23975
10699.7 8.4476
10711.7 8.66278
10723.7 8.88587
10735.7 9.11757
10747.7 9.35876
10759.8 9.61051
10771.8 9.87423
10783.8 10.1518
10795.8 10.4462
10807.8 10.7616
10819.8 11.1059
10831.8 11.4971
10843.8 12.0334
10855.9 12.4901
10867.9 12.8483
10879.9 13.155
10891.9 13.4218
10903.9 13.6515
10915.9 13.8419
10927.9 13.9843
10939.9 14.0525
10952 13.9359
10964 13.9691
10976 14.0844
10988 14.244
11000 14.435
11012 14.651
11024 14.8885
11036 15.1458
11048 15.4245
11060.1 15.7292
11072.1 16.0278
11084.1 16.3292
11096.1 16.6347
11108.1 16.9439
11120.1 17.2557
11132.1 17.5682
11144.1 17.878
11156.2 18.1736
11168.2 18.4583
11180.2 18.7795
11192.2 19.1149
11204.2 19.4595
11216.2 19.8099
11228.2 20.1628
11240.2 20.5141
11252.3 20.8557
11264.3 21.1484
11276.3 21.4723
11288.3 21.8465
11300.3 22.2479
11312.3 22.6708
11324.3 23.113
11336.3 23.5742
11348.3 24.0568
11360.4 24.5697
11372.4 25.1575
11384.4 25.6886
11396.4 26.1833
11408.4 26.6561
11420.4 27.1107
11432.4 27.547
11444.4 27.9629
11456.5 28.3532
11468.5 28.7026
11480.5 28.9756
11492.5 29.315
11504.5 29.6756
11516.5 30.0436
11528.5 30.4124
11540.5 30.7771
11552.6 31.1323
11564.6 31.4702
11576.6 31.7684
11588.6 32.0242
11600.6 32.3521
11612.6 32.7038
11624.6 33.0694
11636.6 33.4444
11648.6 33.8259
11660.7 34.2121
11672.7 34.6012
11684.7 34.9888
11696.7 35.3813
11708.7 35.7817
11720.7 36.1879
11732.7 36.5998
11744.7 37.0188
11756.8 37.4472
11768.8 37.8903
11780.8 38.3613
11792.8 38.9261
11804.8 39.4083
11816.8 39.8272
11828.8 40.2068
11840.8 40.5534
11852.9 40.8684
11864.9 41.1496
11876.9 41.39
11888.9 41.567
11900.9 41.6158
11912.9 41.782
11924.9 41.9969
11936.9 42.2392
11948.9 42.5016
11961 42.7815
11973 43.0791
11985 43.3977
11997 43.7514
12009 44.1488
12021 44.4951
12033 44.8278
12045 45.1554
12057.1 45.4825
12069.1 45.8134
12081.1 46.1537
12093.1 46.5134
12105.1 46.9334
12117.1 47.3563
12129.1 47.7001
12141.1 48.0124
12153.2 48.3031
12165.2 48.5772
12177.2 48.8381
12189.2 49.0887
12201.2 49.3327
12213.2 49.5833
12225.2 49.8113
12237.2 50.0191
12249.2 50.2122
12261.3 50.3924
12273.3 50.5606
12285.3 50.717
12297.3 50.861
12309.3 50.9897
12321.3 51.0918
12333.3 51.2081
12345.3 51.329
12357.4 51.4513
12369.4 51.5743
12381.4 51.6985
12393.4 51.8252
12405.4 51.9572
12417.4 52.1029
12429.4 52.2718
12441.4 52.402
12453.5 52.5165
12465.5 52.6206
12477.5 52.717
12489.5 52.8076
12501.5 52.8947
12513.5 52.9818
12525.5 53.0819
12537.5 53.1816
12549.5 53.2415
12561.6 53.2807
12573.6 53.3018
12585.6 53.3053
12597.6 53.2896
12609.6 53.251
12621.6 53.1797
12633.6 53.021
12645.6 52.9046
12657.7 52.835
12669.7 52.7871
12681.7 52.7539
12693.7 52.733
12705.7 52.7236
12717.7 52.727
12729.7 52.749
12741.7 52.8134
12753.8 52.8434
12765.8 52.856
12777.8 52.8593
12789.8 52.8561
12801.8 52.8479
12813.8 52.836
12825.8 52.822
12837.8 52.8094
12849.8 52.8039
12861.9 52.7735
12873.9 52.728
12885.9 52.6688
12897.9 52.5948
12909.9 52.5036
12921.9 52.3899
12933.9 52.2424
12945.9 52.0183
12958 51.7423
12970 51.5927
12982 51.4895
12994 51.419
13006 51.3758
13018 51.3584
13030 51.3681
13042 51.4109
13054.1 51.5266
13066.1 51.626
13078.1 51.6967
13090.1 51.7605
13102.1 51.8239
13114.1 51.8908
13126.1 51.9649
13138.1 52.0511
13150.2 52.1595
13162.2 52.3301
13174.2 52.4493
13186.2 52.539
13198.2 52.6133
13210.2 52.6776
13222.2 52.7349
13234.2 52.7877
13246.2 52.8387
13258.3 52.893
13270.3 52.961
13282.3 53.0006
13294.3 53.0254
13306.3 53.039
13318.3 53.0428
13330.3 53.0371
13342.3 53.0215
13354.4 52.9944
13366.4 52.9493
13378.4 52.8872
13390.4 52.8422
13402.4 52.7999
13414.4 52.7573
13426.4 52.7132
13438.4 52.6664
13450.5 52.6158
13462.5 52.5596
13474.5 52.4894
13486.5 52.421
13498.5 52.3596
13510.5 52.2997
13522.5 52.2393
13534.5 52.1775
13546.5 52.113
13558.6 52.044
13570.6 51.967
13582.6 51.8666
13594.6 51.7843
13606.6 51.7138
13618.6 51.6495
13630.6 51.5892
13642.6 51.532
13654.7 51.4773
13666.7 51.4243
13678.7 51.3725
13690.7 51.3206
13702.7 51.2723
13714.7 51.2262
13726.7 51.182
13738.7 51.1395
13750.8 51.0986
13762.8 51.0592
13774.8 51.0212
13786.8 50.9847
13798.8 50.9498
13810.8 50.9168
13822.8 50.8859
13834.8 50.8573
13846.8 50.8317
13858.9 50.8098
13870.9 50.7931
13882.9 50.7851
13894.9 50.8032
13906.9 50.8164
13918.9 50.8027
13930.9 50.7768
13942.9 50.7416
13955 50.6983
13967 50.647
13979 50.5869
13991 50.5152
14003 50.4166
14015 50.331
14027 50.2552
14039 50.1829
14051.1 50.1122
14063.1 50.0422
14075.1 49.9722
14087.1 49.9016
14099.1 49.8296
14111.1 49.7543
14123.1 49.6818
14135.1 49.6103
14147.1 49.5392
14159.2 49.4685
14171.2 49.3982
14183.2 49.3286
14195.2 49.2608
14207.2 49.198
14219.2 49.143
14231.2 49.071
14243.2 48.991
14255.3 48.9046
14267.3 48.8121
14279.3 48.7133
14291.3 48.6076
14303.3 48.4932
14315.3 48.3627
14327.3 48.225
14339.3 48.0984
14351.4 47.9727
14363.4 47.8455
14375.4 47.7152
14387.4 47.58
14399.4 47.4374
14411.4 47.282
14423.4 47.0866
14435.4 46.9162
14447.4 46.77
14459.5 46.6361
14471.5 46.5112
14483.5 46.3938
14495.5 46.2833
14507.5 46.18
14519.5 46.0855
14531.5 46.0069
14543.5 45.9212
14555.6 45.8343
14567.6 45.7489
14579.6 45.6668
14591.6 45.5895
14603.6 45.5198
14615.6 45.4624
14627.6 45.4314
14639.6 45.4456
14651.7 45.3929
14663.7 45.3125
14675.7 45.2128
14687.7 45.0966
14699.7 44.9644
14711.7 44.8152
14723.7 44.6444
14735.7 44.4325
14747.7 44.197
14759.8 44.0099
14771.8 43.8374
14783.8 43.6739
14795.8 43.5171
14807.8 43.3661
14819.8 43.221
14831.8 43.0837
14843.8 42.965
14855.9 42.8393
14867.9 42.7045
14879.9 42.5664
14891.9 42.427
14903.9 42.2877
14915.9 42.15
14927.9 42.0162
14939.9 41.8912
14952 41.7947
14964 41.6687
14976 41.5252
14988 41.3708
15000 41.2078
15012 41.0373
15024 40.8594
15036 40.6737
15048 40.477
15060.1 40.2629
15072.1 40.0652
15084.1 39.8734
15096.1 39.6856
15108.1 39.5017
15120.1 39.3223
15132.1 39.1493
15144.1 38.9865
15156.2 38.8477
15168.2 38.7281
15180.2 38.5656
15192.2 38.3876
15204.2 38.1994
15216.2 38.0035
15228.2 37.801
15240.2 37.5928
15252.3 37.3788
15264.3 37.1539
15276.3 36.9315
15288.3 36.7159
15300.3 36.5046
15312.3 36.2984
15324.3 36.0988
15336.3 35.909
15348.3 35.7344
15360.4 35.5882
15372.4 35.5271
15384.4 35.392
15396.4 35.2102
15408.4 35.0021
15420.4 34.7751
15432.4 34.5331
15444.4 34.279
15456.5 34.0159
15468.5 33.7488
15480.5 33.4886
15492.5 33.1934
15504.5 32.8761
15516.5 32.5399
15528.5 32.1853
15540.5 31.8116
15552.6 31.4161
15564.6 30.993
15576.6 30.5211
15588.6 29.9991
15600.6 29.5427
15612.6 29.1039
15624.6 28.6731
15636.6 28.2456
15648.6 27.8178
15660.7 27.3861
15672.7 26.9439
15684.7 26.4602
15696.7 25.9927
15708.7 25.5695
15720.7 25.1684
15732.7 24.7844
15744.7 24.4155
15756.8 24.0611
15768.8 23.7217
15780.8 23.3994
15792.8 23.1054
15804.8 22.8118
15816.8 22.5231
15828.8 22.2447
15840.8 21.9802
15852.9 21.7335
15864.9 21.5104
15876.9 21.3215
15888.9 21.1941
15900.9 21.2038
15912.9 21.0712
15924.9 20.8761
15936.9 20.6441
15948.9 20.3846
15961 20.1021
15973 19.798
15985 19.4708
15997 19.1097
16009 18.7086
16021 18.352
16033 18.0089
16045 17.6745
16057.1 17.3477
16069.1 17.0295
16081.1 16.723
16093.1 16.4358
16105.1 16.2043
16117.1 15.9742
16129.1 15.6692
16141.1 15.3313
16153.2 14.9676
16165.2 14.5804
16177.2 14.169
16189.2 13.7296
16201.2 13.2514
16213.2 12.6762
16225.2 12.1511
16237.2 11.6676
16249.2 11.201
16261.3 10.7438
16273.3 10.2913
16285.3 9.84044
16297.3 9.38745
16309.3 8.92555
16321.3 8.43485
16333.3 7.97919
16345.3 7.54175
16357.4 7.11587
16369.4 6.69911
16381.4 6.2904
16393.4 5.88955
16405.4 5.49761
16417.4 5.11981
16429.4 4.76204
16441.4 4.37821
16453.5 3.9838
16465.5 3.58121
16477.5 3.17036
16489.5 2.74975
16501.5 2.31611
16513.5 1.86198
16525.5 1.35676
16537.5 0.83271
16549.5 0.383896
16561.6 -0.0361019
16573.6 -0.435318
16585.6 -0.816693
16597.6 -1.18076
16609.6 -1.52568
16621.6 -1.84467
16633.6 -2.09542
16645.6 -2.38052
16657.7 -2.70412
16669.7 -3.04704
16681.7 -3.40471
16693.7 -3.77589
16705.7 -4.16126
16717.7 -4.56363
16729.7 -4.99137
16741.7 -5.47636
16753.8 -5.91955
16765.8 -6.34393
16777.8 -6.76092
16789.8 -7.17531
16801.8 -7.59037
16813.8 -8.00931
16825.8 -8.43641
16837.8 -8.88135
16849.8 -9.35855
16861.9 -9.79964
16873.9 -10.2301
16885.9 -10.6575
16897.9 -11.0864
16909.9 -11.5218
16921.9 -11.9697
16933.9 -12.4418
16945.9 -12.9774
16958 -13.5554
16970 -14.018
16982 -14.4377
16994 -14.8281
17006 -15.1955
17018 -15.5432
17030 -15.8733
17042 -16.1861
17054.1 -16.4748
17066.1 -16.7597
17078.1 -17.0447
17090.1 -17.3267
17102.1 -17.606
17114.1 -17.8839
17126.1 -18.1628
17138.1 -18.4469
17150.2 -18.7462
17162.2 -19.1022
17174.2 -19.3964
17186.2 -19.6516
17198.2 -19.8826
17210.2 -20.095
17222.2 -20.2924
17234.2 -20.4779
17246.2 -20.6557
17258.3 -20.8358
17270.3 -21.0381
17282.3 -21.1745
17294.3 -21.2723
17306.3 -21.3378
17318.3 -21.3724
17330.3 -21.3747
17342.3 -21.3407
17354.4 -21.2607
17366.4 -21.1001
17378.4 -20.8639
17390.4 -20.7273
17402.4 -20.6154
17414.4 -20.5139
17426.4 -20.4161
17438.4 -20.3178
17450.5 -20.2155
17462.5 -20.105
17474.5 -19.9717
17486.5 -19.8406
17498.5 -19.7193
17510.5 -19.5981
17522.5 -19.4734
17534.5 -19.3423
17546.5 -19.2017
17558.6 -19.0468
17570.6 -18.8671
17582.6 -18.6175
17594.6 -18.4204
17606.6 -18.2573
17618.6 -18.1116
17630.6 -17.9778
17642.6 -17.8532
17654.7 -17.7364
17666.7 -17.627
17678.7 -17.5264
17690.7 -17.4397
17702.7 -17.3439
17714.7 -17.2454
17726.7 -17.1462
17738.7 -17.0471
17750.8 -16.9491
17762.8 -16.8536
17774.8 -16.7634
17786.8 -16.6892
17798.8 -16.6342
17810.8 -16.5309
17822.8 -16.4046
17834.8 -16.2591
17846.8 -16.0942
17858.9 -15.9078
17870.9 -15.6948
17882.9 -15.4434
17894.9 -15.092
17906.9 -14.7488
17918.9 -14.4907
17930.9 -14.2648
17942.9 -14.0594
17955 -13.8688
17967 -13.6895
17979 -13.5192
17991 -13.3557
18003 -13.1943
18015 -13.0435
18027 -12.9018
18039 -12.7675
18051.1 -12.6396
18063.1 -12.5178
18075.1 -12.4018
18087.1 -12.2916
18099.1 -12.1872
18111.1 -12.0896
18123.1 -11.9962
18135.1 -11.9081
18147.1 -11.826
18159.2 -11.7511
18171.2 -11.6847
18183.2 -11.6296
18195.2 -11.5911
18207.2 -11.5868
18219.2 -11.6306
18231.2 -11.5991
18243.2 -11.5377
18255.3 -11.4551
18267.3 -11.3535
18279.3 -11.2326
18291.3 -11.089
18303.3 -10.9136
18315.3 -10.6636
18327.3 -10.3944
18339.3 -10.2197
18351.4 -10.0814
18363.4 -9.97008
18375.4 -9.88323
18387.4 -9.82185
18399.4 -9.79128
18411.4 -9.80691
18423.4 -9.95621
18435.4 -10.0244
18447.4 -10.0126
18459.5 -9.95896
18471.5 -9.8735
18483.5 -9.76009
18495.5 -9.61944
18507.5 -9.4494
18519.5 -9.24194
18531.5 -8.96755
18543.5 -8.71865
18555.6 -8.47051
18567.6 -8.21026
18579.6 -7.92956
18591.6 -7.61899
18603.6 -7.2645
18615.6 -6.83938
18627.6 -6.26504
18639.6 -5.43692
18651.7 -4.97851
18663.7 -4.67188
18675.7 -4.47014
18687.7 -4.35749
18699.7 -4.33029
18711.7 -4.39467
18723.7 -4.57329
18735.7 -4.96711
18747.7 -5.48692
18759.8 -5.76673
18771.8 -5.98
18783.8 -6.15838
18795.8 -6.31657
18807.8 -6.46377
18819.8 -6.6075
18831.8 -6.75719
18843.8 -6.94837
18855.9 -7.10754
18867.9 -7.2301
18879.9 -7.33358
18891.9 -7.4235
18903.9 -7.50283
18915.9 -7.57349
18927.9 -7.63683
18939.9 -7.69388
18952 -7.74545
18964 -7.79217
18976 -7.83458
18988 -7.87311
19000 -7.90815
