7000 -43.4921
7012.01 -43.6672
7024.02 -43.8429
7036.04 -44.0193
7048.05 -44.1963
7060.06 -44.3738
7072.07 -44.552
7084.08 -44.7308
7096.1 -44.9101
7108.11 -45.09
7120.12 -45.2704
7132.13 -45.4513
7144.14 -45.6326
7156.16 -45.8145
7168.17 -45.9967
7180.18 -46.1794
7192.19 -46.3624
7204.2 -46.5458
7216.22 -46.7295
7228.23 -46.9135
7240.24 -47.0977
7252.25 -47.2822
7264.26 -47.4668
7276.28 -47.6515
7288.29 -47.8364
7300.3 -48.0212
7312.31 -48.2061
7324.32 -48.391
7336.34 -48.5758
7348.35 -48.7604
7360.36 -48.9448
7372.37 -49.129
7384.38 -49.3129
7396.4 -49.4964
7408.41 -49.6795
7420.42 -49.8621
7432.43 -50.0441
7444.44 -50.2254
7456.46 -50.4056
7468.47 -50.5841
7480.48 -50.7589
7492.49 -50.9386
7504.5 -51.121
7516.52 -51.3057
7528.53 -51.4935
7540.54 -51.6853
7552.55 -51.8837
7564.56 -52.0937
7576.58 -52.3335
7588.59 -52.6045
7600.6 -52.8032
7612.61 -52.9709
7624.62 -53.1144
7636.64 -53.2354
7648.65 -53.333
7660.66 -53.4039
7672.67 -53.4391
7684.68 -53.3884
7696.7 -53.3473
7708.71 -53.3628
7720.72 -53.398
7732.73 -53.4445
7744.74 -53.4986
7756.76 -53.5588
7768.77 -53.6253
7780.78 -53.7014
7792.79 -53.8081
7804.8 -53.8862
7816.82 -53.9416
7828.83 -53.9822
7840.84 -54.0099
7852.85 -54.0255
7864.86 -54.0293
7876.88 -54.0213
7888.89 -54.0014
7900.9 -53.9703
7912.91 -53.9239
7924.92 -53.8626
7936.94 -53.7858
7948.95 -53.6925
7960.96 -53.5813
7972.97 -53.4499
7984.98 -53.2939
7997 -53.101
8009.01 -52.8635
8021.02 -52.6589
8033.03 -52.4563
8045.05 -52.2488
8057.06 -52.0329
8069.07 -51.8055
8081.08 -51.563
8093.09 -51.2986
8105.11 -50.9834
8117.12 -50.661
8129.13 -50.39
8141.14 -50.1386
8153.15 -49.9025
8165.17 -49.6818
8177.18 -49.4798
8189.19 -49.3045
8201.2 -49.1761
8213.21 -49.1994
8225.23 -49.1128
8237.24 -48.9307
8249.25 -48.6963
8261.26 -48.4227
8273.27 -48.1159
8285.29 -47.7784
8297.3 -47.4096
8309.31 -47.0015
8321.32 -46.521
8333.33 -46.09
8345.35 -45.6805
8357.36 -45.2833
8369.37 -44.8972
8381.38 -44.5243
8393.39 -44.1693
8405.41 -43.8425
8417.42 -43.5752
8429.43 -43.4011
8441.44 -43.0907
8453.45 -42.7278
8465.47 -42.3305
8477.48 -41.9057
8489.49 -41.4562
8501.5 -40.9824
8513.51 -40.4804
8525.53 -39.9301
8537.54 -39.3534
8549.55 -38.8158
8561.56 -38.2839
8573.57 -37.7499
8585.59 -37.2079
8597.6 -36.6511
8609.61 -36.0687
8621.62 -35.437
8633.63 -34.6329
8645.65 -33.9428
8657.66 -33.3742
8669.67 -32.8695
8681.68 -32.4112
8693.69 -31.99
8705.71 -31.5986
8717.72 -31.2294
8729.73 -30.8682
8741.74 -30.4664
8753.75 -30.1725
8765.77 -29.9539
8777.78 -29.7961
8789.79 -29.6962
8801.8 -29.6558
8813.81 -29.6814
8825.83 -29.7884
8837.84 -30.0248
8849.85 -30.4669
8861.86 -30.7078
8873.87 -30.8861
8885.89 -31.0344
8897.9 -31.1659
8909.91 -31.2874
8921.92 -31.4032
8933.93 -31.5159
8945.95 -31.6274
8957.96 -31.7389
8969.97 -31.8515
8981.98 -31.9658
8993.99 -32.0822
9006.01 -32.2011
9018.02 -32.3228
9030.03 -32.4472
9042.04 -32.5747
9054.05 -32.7051
9066.07 -32.8385
9078.08 -32.9749
9090.09 -33.1142
9102.1 -33.2562
9114.11 -33.401
9126.13 -33.5483
9138.14 -33.6982
9150.15 -33.8504
9162.16 -34.0049
9174.17 -34.1614
9186.19 -34.32
9198.2 -34.4803
9210.21 -34.6424
9222.22 -34.806
9234.23 -34.971
9246.25 -35.1373
9258.26 -35.3048
9270.27 -35.4732
9282.28 -35.6426
9294.29 -35.8127
9306.31 -35.9834
9318.32 -36.1546
9330.33 -36.3262
9342.34 -36.498
9354.35 -36.67
9366.37 -36.842
9378.38 -37.014
9390.39 -37.1857
9402.4 -37.3571
9414.41 -37.5281
9426.43 -37.6985
9438.44 -37.8684
9450.45 -38.0375
9462.46 -38.2059
9474.47 -38.3733
9486.49 -38.5397
9498.5 -38.705
9510.51 -38.8692
9522.52 -39.032
9534.53 -39.1935
9546.55 -39.3536
9558.56 -39.5121
9570.57 -39.6691
9582.58 -39.8243
9594.59 -39.9778
9606.61 -40.1294
9618.62 -40.2791
9630.63 -40.4268
9642.64 -40.5725
9654.65 -40.716
9666.67 -40.8572
9678.68 -40.9962
9690.69 -41.1327
9702.7 -41.2669
9714.71 -41.3985
9726.73 -41.5275
9738.74 -41.6538
9750.75 -41.7775
9762.76 -41.8983
9774.77 -42.0162
9786.79 -42.1312
9798.8 -42.2432
9810.81 -42.352
9822.82 -42.4577
9834.83 -42.5602
9846.85 -42.6593
9858.86 -42.7551
9870.87 -42.8474
9882.88 -42.9362
9894.89 -43.0214
9906.91 -43.1029
9918.92 -43.1807
9930.93 -43.2547
9942.94 -43.3247
9954.95 -43.3908
9966.97 -43.4528
9978.98 -43.5107
9990.99 -43.5643
10003 -43.6137
10015 -43.6587
10027 -43.6993
10039 -43.7353
10051.1 -43.7668
10063.1 -43.7935
10075.1 -43.8154
10087.1 -43.8325
10099.1 -43.8446
10111.1 -43.8517
10123.1 -43.8536
10135.1 -43.8503
10147.1 -43.8417
10159.2 -43.8277
10171.2 -43.8082
10183.2 -43.7831
10195.2 -43.7523
10207.2 -43.7157
10219.2 -43.6732
10231.2 -43.6247
10243.2 -43.57
10255.3 -43.5092
10267.3 -43.4421
10279.3 -43.3685
10291.3 -43.2883
10303.3 -43.2015
10315.3 -43.108
10327.3 -43.0075
10339.3 -42.9
10351.4 -42.7853
10363.4 -42.6633
10375.4 -42.534
10387.4 -42.397
10399.4 -42.2524
10411.4 -42.0999
10423.4 -41.9394
10435.4 -41.7707
10447.4 -41.5937
10459.5 -41.4082
10471.5 -41.214
10483.5 -41.0109
10495.5 -40.7987
10507.5 -40.5773
10519.5 -40.3463
10531.5 -40.1056
10543.5 -39.8548
10555.6 -39.5939
10567.6 -39.3223
10579.6 -39.0398
10591.6 -38.7462
10603.6 -38.4409
10615.6 -38.1235
10627.6 -37.7937
10639.6 -37.4509
10651.7 -37.0945
10663.7 -36.7238
10675.7 -36.338
10687.7 -35.9363
10699.7 -35.5177
10711.7 -35.0807
10723.7 -34.624
10735.7 -34.1456
10747.7 -33.6431
10759.8 -33.1134
10771.8 -32.5525
10783.8 -31.9546
10795.8 -31.3112
10807.8 -30.609
10819.8 -29.8241
10831.8 -28.9016
10843.8 -27.5423
10855.9 -26.4297
10867.9 -25.6216
10879.9 -24.9728
10891.9 -24.4475
10903.9 -24.0341
10915.9 -23.7356
10927.9 -23.5714
10939.9 -23.603
10952 -24.0933
10964 -24.2447
10976 -24.2187
10988 -24.1057
11000 -23.9372
11012 -23.73
11024 -23.4952
11036 -23.2428
11048 -22.9877
11060.1 -22.7525
11072.1 -22.4446
11084.1 -22.0971
11096.1 -21.7187
11108.1 -21.3132
11120.1 -20.8821
11132.1 -20.425
11144.1 -19.9385
11156.2 -19.4061
11168.2 -18.8358
11180.2 -18.3122
11192.2 -17.8007
11204.2 -17.2967
11216.2 -16.8002
11228.2 -16.3139
11240.2 -15.8441
11252.3 -15.4062
11264.3 -15.088
11276.3 -14.7042
11288.3 -14.209
11300.3 -13.6533
11312.3 -13.0483
11324.3 -12.3969
11336.3 -11.697
11348.3 -10.9397
11360.4 -10.0983
11372.4 -9.04805
11384.4 -8.14808
11396.4 -7.34038
11408.4 -6.58211
11420.4 -5.86095
11432.4 -5.17311
11444.4 -4.52001
11456.5 -3.90948
11468.5 -3.36784
11480.5 -2.95862
11492.5 -2.41827
11504.5 -1.8284
11516.5 -1.21303
11528.5 -0.582762
11540.5 0.0550169
11552.6 0.692942
11564.6 1.32016
11576.6 1.90607
11588.6 2.4472
11600.6 3.09922
11612.6 3.79596
11624.6 4.52375
11636.6 5.27563
11648.6 6.04644
11660.7 6.83069
11672.7 7.61936
11684.7 8.36942
11696.7 9.16171
11708.7 10.0364
11720.7 10.9636
11732.7 11.9387
11744.7 12.9622
11756.8 14.0393
11768.8 15.1821
11780.8 16.4217
11792.8 17.9129
11804.8 19.2431
11816.8 20.4584
11828.8 21.6168
11840.8 22.7352
11852.9 23.8197
11864.9 24.8704
11876.9 25.8796
11888.9 26.8185
11900.9 27.5993
11912.9 28.5626
11924.9 29.6161
11936.9 30.7331
11948.9 31.9078
11961 33.1421
11973 34.4455
11985 35.8406
11997 37.4016
12009 39.1729
12021 40.6764
12033 42.1005
12045 43.4866
12057.1 44.8562
12069.1 46.227
12081.1 47.6203
12093.1 49.0736
12105.1 50.7421
12117.1 52.4047
12129.1 53.7458
12141.1 54.9435
12153.2 56.0308
12165.2 57.0204
12177.2 57.9153
12189.2 58.7094
12201.2 59.3793
12213.2 59.7898
12225.2 60.2852
12237.2 60.8457
12249.2 61.4136
12261.3 61.9694
12273.3 62.5009
12285.3 62.9965
12297.3 63.4405
12309.3 63.7985
12321.3 63.9629
12333.3 64.2857
12345.3 64.675
12357.4 65.0937
12369.4 65.5269
12381.4 65.9656
12393.4 66.4026
12405.4 66.8293
12417.4 67.2281
12429.4 67.5802
12441.4 67.999
12453.5 68.442
12465.5 68.8996
12477.5 69.3683
12489.5 69.8469
12501.5 70.3369
12513.5 70.8444
12525.5 71.4017
12537.5 71.9704
12549.5 72.4425
12561.6 72.8671
12573.6 73.2493
12585.6 73.5871
12597.6 73.8733
12609.6 74.0923
12621.6 74.2066
12633.6 74.0116
12645.6 73.9882
12657.7 74.1521
12669.7 74.4089
12681.7 74.7322
12693.7 75.1108
12705.7 75.5401
12717.7 76.0211
12729.7 76.5644
12741.7 77.2177
12753.8 77.8279
12765.8 78.4305
12777.8 79.0438
12789.8 79.677
12801.8 80.3388
12813.8 81.0404
12825.8 81.8019
12837.8 82.6783
12849.8 83.7551
12861.9 84.5884
12873.9 85.3328
12885.9 86.0266
12897.9 86.6874
12909.9 87.3274
12921.9 87.9586
12933.9 88.599
12945.9 89.3062
12958 90.0495
12970 90.5986
12982 91.0567
12994 91.4405
13006 91.754
13018 91.9949
13030 92.1525
13042 92.1977
13054.1 91.9611
13066.1 91.8197
13078.1 91.8268
13090.1 91.8924
13102.1 91.9928
13114.1 92.1174
13126.1 92.2613
13138.1 92.4233
13150.2 92.609
13162.2 92.8522
13174.2 93.0449
13186.2 93.205
13198.2 93.3434
13210.2 93.4623
13222.2 93.5616
13234.2 93.6392
13246.2 93.6901
13258.3 93.7008
13270.3 93.6428
13282.3 93.6368
13294.3 93.6428
13306.3 93.6487
13318.3 93.648
13330.3 93.6349
13342.3 93.6025
13354.4 93.5389
13366.4 93.4076
13378.4 93.2117
13390.4 93.125
13402.4 93.0704
13414.4 93.0313
13426.4 92.9976
13438.4 92.9596
13450.5 92.9045
13462.5 92.8068
13474.5 92.5334
13486.5 92.3501
13498.5 92.3497
13510.5 92.4471
13522.5 92.6239
13534.5 92.8746
13546.5 93.201
13558.6 93.613
13570.6 94.1399
13582.6 94.9203
13594.6 95.5756
13606.6 96.1638
13618.6 96.7391
13630.6 97.3237
13642.6 97.9344
13654.7 98.5901
13666.7 99.3207
13678.7 100.201
13690.7 101.415
13702.7 102.25
13714.7 102.919
13726.7 103.486
13738.7 103.976
13750.8 104.401
13762.8 104.766
13774.8 105.071
13786.8 105.301
13798.8 105.452
13810.8 105.644
13822.8 105.831
13834.8 106.006
13846.8 106.164
13858.9 106.304
13870.9 106.423
13882.9 106.518
13894.9 106.573
13906.9 106.614
13918.9 106.655
13930.9 106.685
13942.9 106.698
13955 106.69
13967 106.657
13979 106.592
13991 106.477
14003 106.236
14015 106.064
14027 105.941
14039 105.836
14051.1 105.737
14063.1 105.636
14075.1 105.527
14087.1 105.398
14099.1 105.226
14111.1 104.945
14123.1 104.782
14135.1 104.676
14147.1 104.602
14159.2 104.551
14171.2 104.516
14183.2 104.491
14195.2 104.468
14207.2 104.422
14219.2 104.337
14231.2 104.369
14243.2 104.461
14255.3 104.603
14267.3 104.793
14279.3 105.034
14291.3 105.334
14303.3 105.713
14315.3 106.254
14327.3 106.854
14339.3 107.301
14351.4 107.709
14363.4 108.102
14375.4 108.495
14387.4 108.9
14399.4 109.334
14411.4 109.826
14423.4 110.532
14435.4 111.086
14447.4 111.494
14459.5 111.823
14471.5 112.092
14483.5 112.31
14495.5 112.48
14507.5 112.601
14519.5 112.665
14531.5 112.63
14543.5 112.633
14555.6 112.643
14567.6 112.645
14579.6 112.632
14591.6 112.6
14603.6 112.544
14615.6 112.455
14627.6 112.31
14639.6 112.08
14651.7 111.936
14663.7 111.818
14675.7 111.709
14687.7 111.602
14699.7 111.493
14711.7 111.375
14723.7 111.243
14735.7 111.072
14747.7 110.879
14759.8 110.739
14771.8 110.614
14783.8 110.496
14795.8 110.381
14807.8 110.262
14819.8 110.136
14831.8 109.99
14843.8 109.776
14855.9 109.603
14867.9 109.481
14879.9 109.384
14891.9 109.303
14903.9 109.233
14915.9 109.171
14927.9 109.109
14939.9 109.034
14952 108.894
14964 108.847
14976 108.86
14988 108.92
15000 109.021
15012 109.166
15024 109.359
15036 109.616
15048 109.975
15060.1 110.51
15072.1 110.871
15084.1 111.175
15096.1 111.454
15108.1 111.722
15120.1 111.992
15132.1 112.274
15144.1 112.59
15156.2 113.005
15168.2 113.496
15180.2 113.772
15192.2 113.961
15204.2 114.085
15216.2 114.152
15228.2 114.164
15240.2 114.116
15252.3 113.994
15264.3 113.704
15276.3 113.446
15288.3 113.271
15300.3 113.122
15312.3 112.985
15324.3 112.853
15336.3 112.722
15348.3 112.592
15360.4 112.462
15372.4 112.347
15384.4 112.201
15396.4 112.03
15408.4 111.836
15420.4 111.618
15432.4 111.372
15444.4 111.091
15456.5 110.761
15468.5 110.348
15480.5 109.765
15492.5 109.359
15504.5 109.022
15516.5 108.724
15528.5 108.452
15540.5 108.201
15552.6 107.966
15564.6 107.745
15576.6 107.536
15588.6 107.337
15600.6 107.144
15612.6 106.957
15624.6 106.776
15636.6 106.6
15648.6 106.428
15660.7 106.258
15672.7 106.09
15684.7 105.906
15696.7 105.738
15708.7 105.6
15720.7 105.484
15732.7 105.389
15744.7 105.317
15756.8 105.276
15768.8 105.278
15780.8 105.352
15792.8 105.643
15804.8 105.766
15816.8 105.766
15828.8 105.696
15840.8 105.573
15852.9 105.406
15864.9 105.196
15876.9 104.943
15888.9 104.636
15900.9 104.245
15912.9 103.892
15924.9 103.543
15936.9 103.188
15948.9 102.82
15961 102.438
15973 102.038
15985 101.617
15997 101.161
16009 100.664
16021 100.2
16033 99.7401
16045 99.2781
16057.1 98.8121
16069.1 98.3412
16081.1 97.866
16093.1 97.3892
16105.1 96.9273
16117.1 96.454
16129.1 95.9321
16141.1 95.3807
16153.2 94.8022
16165.2 94.196
16177.2 93.5599
16189.2 92.8886
16201.2 92.1691
16213.2 91.3353
16225.2 90.5522
16237.2 89.8099
16249.2 89.0807
16261.3 88.3553
16273.3 87.6287
16285.3 86.8967
16297.3 86.1543
16309.3 85.391
16321.3 84.5743
16333.3 83.8131
16345.3 83.0805
16357.4 82.3667
16369.4 81.6699
16381.4 80.9913
16393.4 80.3353
16405.4 79.7127
16417.4 79.1577
16429.4 78.7086
16441.4 78.1033
16453.5 77.4361
16465.5 76.7268
16477.5 75.9826
16489.5 75.2055
16501.5 74.3942
16513.5 73.5403
16525.5 72.6034
16537.5 71.63
16549.5 70.7528
16561.6 69.9086
16573.6 69.0879
16585.6 68.2885
16597.6 67.5116
16609.6 66.7625
16621.6 66.0553
16633.6 65.467
16645.6 64.8177
16657.7 64.1026
16669.7 63.3583
16681.7 62.5963
16693.7 61.8231
16705.7 61.0441
16717.7 60.2647
16729.7 59.4951
16741.7 58.7675
16753.8 57.987
16765.8 57.1764
16777.8 56.3469
16789.8 55.503
16801.8 54.6471
16813.8 53.781
16825.8 52.9057
16837.8 52.0214
16849.8 51.128
16861.9 50.2308
16873.9 49.3284
16885.9 48.4203
16897.9 47.5059
16909.9 46.5841
16921.9 45.6527
16933.9 44.7068
16945.9 43.7268
16958 42.7243
16970 41.781
16982 40.8603
16994 39.9558
17006 39.065
17018 38.1871
17030 37.3223
17042 36.473
17054.1 35.6569
17066.1 34.8319
17078.1 33.991
17090.1 33.1425
17102.1 32.2871
17114.1 31.4228
17126.1 30.5454
17138.1 29.6459
17150.2 28.702
17162.2 27.6183
17174.2 26.6721
17186.2 25.8117
17198.2 25.0037
17210.2 24.2368
17222.2 23.5053
17234.2 22.8057
17246.2 22.1355
17258.3 21.4919
17270.3 20.8705
17282.3 20.2891
17294.3 19.7428
17306.3 19.2318
17318.3 18.758
17330.3 18.3255
17342.3 17.9416
17354.4 17.6223
17366.4 17.4236
17378.4 17.3368
17390.4 17.0789
17402.4 16.7694
17414.4 16.4298
17426.4 16.0684
17438.4 15.6884
17450.5 15.2888
17462.5 14.8625
17474.5 14.3585
17486.5 13.8837
17498.5 13.4756
17510.5 13.1012
17522.5 12.7535
17534.5 12.4304
17546.5 12.1326
17558.6 11.8641
17570.6 11.6367
17582.6 11.5088
17594.6 11.3167
17606.6 11.0834
17618.6 10.8295
17630.6 10.5608
17642.6 10.2791
17654.7 9.98351
17666.7 9.67021
17678.7 9.32661
17690.7 8.91957
17702.7 8.57851
17714.7 8.26443
17726.7 7.96483
17738.7 7.67384
17750.8 7.38686
17762.8 7.09856
17774.8 6.79991
17786.8 6.46351
17798.8 6.07962
17810.8 5.81252
17822.8 5.59777
17834.8 5.42405
17846.8 5.28826
17858.9 5.19134
17870.9 5.13863
17882.9 5.14485
17894.9 5.29145
17906.9 5.43228
17918.9 5.4634
17930.9 5.4543
17942.9 5.41952
17955 5.36481
17967 5.29202
17979 5.19971
17991 5.08011
18003 4.88681
18015 4.7443
18027 4.64291
18039 4.56503
18051.1 4.50639
18063.1 4.46641
18075.1 4.44711
18087.1 4.45443
18099.1 4.50631
18111.1 4.66025
18123.1 4.71107
18135.1 4.71251
18147.1 4.68296
18159.2 4.62799
18171.2 4.54886
18183.2 4.44374
18195.2 4.30616
18207.2 4.1129
18219.2 3.84513
18231.2 3.66829
18243.2 3.52008
18255.3 3.38747
18267.3 3.26484
18279.3 3.14892
18291.3 3.03747
18303.3 2.92871
18315.3 2.82094
18327.3 2.71299
18339.3 2.6039
18351.4 2.49166
18363.4 2.37404
18375.4 2.24809
18387.4 2.1093
18399.4 1.94985
18411.4 1.75193
18423.4 1.42224
18435.4 1.18617
18447.4 1.04173
18459.5 0.948563
18471.5 0.89572
18483.5 0.879343
18495.5 0.899529
18507.5 0.960925
18519.5 1.07983
18531.5 1.31817
18543.5 1.47101
18555.6 1.58698
18567.6 1.68671
18579.6 1.77735
18591.6 1.86229
18603.6 1.9431
18615.6 2.01973
18627.6 2.08817
18639.6 2.1424
18651.7 2.22745
18663.7 2.32953
18675.7 2.44716
18687.7 2.58163
18699.7 2.73624
18711.7 2.9174
18723.7 3.13911
18735.7 3.45612
18747.7 3.8217
18759.8 4.04177
18771.8 4.20792
18783.8 4.3359
18795.8 4.43155
18807.8 4.49634
18819.8 4.5279
18831.8 4.5165
18843.8 4.40095
18855.9 4.32403
18867.9 4.29773
18879.9 4.29158
18891.9 4.29723
18903.9 4.31078
18915.9 4.33001
18927.9 4.35351
18939.9 4.38035
18952 4.40985
18964 4.44152
18976 4.47498
18988 4.50994
19000 4.54618
