7000 -35.6912
7012.01 -36.1798
7024.02 -36.6788
7036.04 -37.188
7048.05 -37.7069
7060.06 -38.2351
7072.07 -38.7722
7084.08 -39.3178
7096.1 -39.8712
7108.11 -40.4319
7120.12 -40.9993
7132.13 -41.5727
7144.14 -42.1514
7156.16 -42.7348
7168.17 -43.322
7180.18 -43.9124
7192.19 -44.5052
7204.2 -45.0995
7216.22 -45.6946
7228.23 -46.2897
7240.24 -46.8839
7252.25 -47.4765
7264.26 -48.0666
7276.28 -48.6536
7288.29 -49.2366
7300.3 -49.8149
7312.31 -50.3879
7324.32 -50.9548
7336.34 -51.515
7348.35 -52.0679
7360.36 -52.6131
7372.37 -53.1499
7384.38 -53.678
7396.4 -54.1971
7408.41 -54.7069
7420.42 -55.2073
7432.43 -55.6984
7444.44 -56.1807
7456.46 -56.6556
7468.47 -57.1273
7480.48 -57.6064
7492.49 -58.0479
7504.5 -58.4653
7516.52 -58.862
7528.53 -59.2393
7540.54 -59.5973
7552.55 -59.9359
7564.56 -60.2543
7576.58 -60.5491
7588.59 -60.82
7600.6 -61.0847
7612.61 -61.3355
7624.62 -61.5707
7636.64 -61.7889
7648.65 -61.9888
7660.66 -62.1684
7672.67 -62.3235
7684.68 -62.4333
7696.7 -62.5367
7708.71 -62.6529
7720.72 -62.7665
7732.73 -62.8738
7744.74 -62.973
7756.76 -63.0631
7768.77 -63.1429
7780.78 -63.2113
7792.79 -63.2637
7804.8 -63.3115
7816.82 -63.3533
7828.83 -63.3875
7840.84 -63.4142
7852.85 -63.4334
7864.86 -63.4459
7876.88 -63.4537
7888.89 -63.4618
7900.9 -63.4844
7912.91 -63.4686
7924.92 -63.4291
7936.94 -63.3711
7948.95 -63.2964
7960.96 -63.206
7972.97 -63.1006
7984.98 -62.9807
7997 -62.8469
8009.01 -62.6994
8021.02 -62.5379
8033.03 -62.3629
8045.05 -62.1749
8057.06 -61.9743
8069.07 -61.7617
8081.08 -61.5379
8093.09 -61.3044
8105.11 -61.0668
8117.12 -60.8175
8129.13 -60.5464
8141.14 -60.2599
8153.15 -59.96
8165.17 -59.6478
8177.18 -59.3249
8189.19 -58.9932
8201.2 -58.6567
8213.21 -58.3347
8225.23 -57.9798
8237.24 -57.5946
8249.25 -57.1866
8261.26 -56.7577
8273.27 -56.3077
8285.29 -55.835
8297.3 -55.3347
8309.31 -54.792
8321.32 -54.1554
8333.33 -53.6047
8345.35 -53.0965
8357.36 -52.6155
8369.37 -52.1586
8381.38 -51.7271
8393.39 -51.3268
8405.41 -50.9712
8417.42 -50.7034
8429.43 -50.5701
8441.44 -50.2461
8453.45 -49.8489
8465.47 -49.4029
8477.48 -48.9169
8489.49 -48.3937
8501.5 -47.8318
8513.51 -47.2226
8525.53 -46.5252
8537.54 -45.7832
8549.55 -45.1259
8561.56 -44.4882
8573.57 -43.8559
8585.59 -43.2204
8597.6 -42.5723
8609.61 -41.8982
8621.62 -41.169
8633.63 -40.2339
8645.65 -39.4464
8657.66 -38.8171
8669.67 -38.2774
8681.68 -37.8088
8693.69 -37.4041
8705.71 -37.062
8717.72 -36.7871
8729.73 -36.5968
8741.74 -36.5636
8753.75 -36.4586
8765.77 -36.3329
8777.78 -36.2121
8789.79 -36.1064
8801.8 -36.0229
8813.81 -35.9688
8825.83 -35.9551
8837.84 -36.0099
8849.85 -36.1764
8861.86 -36.2319
8873.87 -36.2535
8885.89 -36.2597
8897.9 -36.2582
8909.91 -36.2532
8921.92 -36.2474
8933.93 -36.2424
8945.95 -36.2397
8957.96 -36.24
8969.97 -36.244
8981.98 -36.2523
8993.99 -36.2652
9006.01 -36.2829
9018.02 -36.3056
9030.03 -36.3336
9042.04 -36.3667
9054.05 -36.4052
9066.07 -36.4489
9078.08 -36.4979
9090.09 -36.5521
9102.1 -36.6114
9114.11 -36.6758
9126.13 -36.7451
9138.14 -36.8193
9150.15 -36.8982
9162.16 -36.9817
9174.17 -37.0696
9186.19 -37.162
9198.2 -37.2585
9210.21 -37.359
9222.22 -37.4634
9234.23 -37.5716
9246.25 -37.6834
9258.26 -37.7986
9270.27 -37.9171
9282.28 -38.0388
9294.29 -38.1634
9306.31 -38.2909
9318.32 -38.4211
9330.33 -38.5538
9342.34 -38.6889
9354.35 -38.8262
9366.37 -38.9656
9378.38 -39.107
9390.39 -39.2502
9402.4 -39.395
9414.41 -39.5413
9426.43 -39.6891
9438.44 -39.838
9450.45 -39.9881
9462.46 -40.1392
9474.47 -40.2911
9486.49 -40.4437
9498.5 -40.5969
9510.51 -40.7505
9522.52 -40.9045
9534.53 -41.0586
9546.55 -41.2129
9558.56 -41.367
9570.57 -41.5211
9582.58 -41.6748
9594.59 -41.8281
9606.61 -41.9809
9618.62 -42.133
9630.63 -42.2843
9642.64 -42.4348
9654.65 -42.5843
9666.67 -42.7326
9678.68 -42.8797
9690.69 -43.0255
9702.7 -43.1698
9714.71 -43.3125
9726.73 -43.4535
9738.74 -43.5927
9750.75 -43.73
9762.76 -43.8652
9774.77 -43.9983
9786.79 -44.1291
9798.8 -44.2575
9810.81 -44.3834
9822.82 -44.5067
9834.83 -44.6272
9846.85 -44.7449
9858.86 -44.8596
9870.87 -44.9712
9882.88 -45.0796
9894.89 -45.1846
9906.91 -45.2862
9918.92 -45.3842
9930.93 -45.4784
9942.94 -45.5689
9954.95 -45.6553
9966.97 -45.7376
9978.98 -45.8157
9990.99 -45.8894
10003 -45.9586
10015 -46.0232
10027 -46.083
10039 -46.1379
10051.1 -46.1877
10063.1 -46.2323
10075.1 -46.2715
10087.1 -46.3052
10099.1 -46.3333
10111.1 -46.3556
10123.1 -46.3719
10135.1 -46.382
10147.1 -46.3859
10159.2 -46.3833
10171.2 -46.3741
10183.2 -46.3581
10195.2 -46.3352
10207.2 -46.3051
10219.2 -46.2677
10231.2 -46.2228
10243.2 -46.1702
10255.3 -46.1097
10267.3 -46.0412
10279.3 -45.9643
10291.3 -45.8791
10303.3 -45.7851
10315.3 -45.6822
10327.3 -45.5703
10339.3 -45.449
10351.4 -45.3182
10363.4 -45.1776
10375.4 -45.027
10387.4 -44.8661
10399.4 -44.6947
10411.4 -44.5126
10423.4 -44.3194
10435.4 -44.1149
10447.4 -43.8989
10459.5 -43.671
10471.5 -43.4309
10483.5 -43.1783
10495.5 -42.9129
10507.5 -42.6343
10519.5 -42.3423
10531.5 -42.0363
10543.5 -41.7161
10555.6 -41.3812
10567.6 -41.0312
10579.6 -40.6655
10591.6 -40.2837
10603.6 -39.8852
10615.6 -39.4694
10627.6 -39.0358
10639.6 -38.5834
10651.7 -38.1116
10663.7 -37.6195
10675.7 -37.1059
10687.7 -36.5699
10699.7 -36.0099
10711.7 -35.4243
10723.7 -34.8114
10735.7 -34.1686
10747.7 -33.4931
10759.8 -32.7811
10771.8 -32.0276
10783.8 -31.2258
10795.8 -30.3656
10807.8 -29.4313
10819.8 -28.3946
10831.8 -27.1918
10843.8 -25.4742
10855.9 -24.0364
10867.9 -22.9449
10879.9 -22.0305
10891.9 -21.2501
10903.9 -20.5895
10915.9 -20.0497
10927.9 -19.6496
10939.9 -19.4516
10952 -19.7252
10964 -19.6512
10976 -19.3951
10988 -19.0497
11000 -18.6476
11012 -18.2065
11024 -17.7389
11036 -17.2571
11048 -16.7834
11060.1 -16.3534
11072.1 -15.8094
11084.1 -15.2053
11096.1 -14.5548
11108.1 -13.8624
11120.1 -13.1291
11132.1 -12.3522
11144.1 -11.5226
11156.2 -10.6013
11168.2 -9.60483
11180.2 -8.72176
11192.2 -7.87236
11204.2 -7.04419
11216.2 -6.23404
11228.2 -5.44322
11240.2 -4.67783
11252.3 -3.95436
11264.3 -3.36886
11276.3 -2.71824
11288.3 -1.95268
11300.3 -1.12856
11312.3 -0.259213
11324.3 0.650732
11336.3 1.60141
11348.3 2.59842
11360.4 3.66102
11372.4 4.88339
11384.4 5.99097
11396.4 7.02701
11408.4 8.02311
11420.4 8.9874
11432.4 9.92118
11444.4 10.8211
11456.5 11.6773
11468.5 12.46
11480.5 13.0992
11492.5 13.8815
11504.5 14.7172
11516.5 15.5796
11528.5 16.4564
11540.5 17.3389
11552.6 18.2183
11564.6 19.0814
11576.6 19.8911
11588.6 20.643
11600.6 21.5265
11612.6 22.4613
11624.6 23.4313
11636.6 24.4288
11648.6 25.4488
11660.7 26.4872
11672.7 27.5392
11684.7 28.5869
11696.7 29.6618
11708.7 30.78
11720.7 31.9298
11732.7 33.1101
11744.7 34.3228
11756.8 35.5731
11768.8 36.8718
11780.8 38.247
11792.8 39.838
11804.8 41.2722
11816.8 42.5906
11828.8 43.8444
11840.8 45.0477
11852.9 46.2045
11864.9 47.3119
11876.9 48.3582
11888.9 49.3048
11900.9 50.0381
11912.9 50.9911
11924.9 52.044
11936.9 53.1606
11948.9 54.3304
11961 55.5518
11973 56.8301
11985 58.1816
11997 59.6623
12009 61.3058
12021 62.7475
12033 64.1316
12045 65.4907
12057.1 66.8427
12069.1 68.204
12081.1 69.5957
12093.1 71.0577
12105.1 72.7594
12117.1 74.457
12129.1 75.8031
12141.1 76.9926
12153.2 78.0613
12165.2 79.0221
12177.2 79.877
12189.2 80.6175
12201.2 81.2127
12213.2 81.4867
12225.2 81.8878
12237.2 82.3911
12249.2 82.9231
12261.3 83.4607
12273.3 83.9915
12285.3 84.5061
12297.3 84.9948
12309.3 85.4398
12321.3 85.7896
12333.3 86.2073
12345.3 86.6494
12357.4 87.0976
12369.4 87.5443
12381.4 87.9841
12393.4 88.4122
12405.4 88.8218
12417.4 89.196
12429.4 89.5166
12441.4 89.9014
12453.5 90.3073
12465.5 90.7256
12477.5 91.1533
12489.5 91.5904
12501.5 92.0393
12513.5 92.5083
12525.5 93.0346
12537.5 93.5763
12549.5 94.0132
12561.6 94.4024
12573.6 94.752
12585.6 95.063
12597.6 95.3322
12609.6 95.5505
12621.6 95.6948
12633.6 95.6351
12645.6 95.6788
12657.7 95.8362
12669.7 96.0475
12681.7 96.2965
12693.7 96.5765
12705.7 96.8856
12717.7 97.2255
12729.7 97.6061
12741.7 98.0691
12753.8 98.482
12765.8 98.8751
12777.8 99.264
12789.8 99.6554
12801.8 100.055
12813.8 100.47
12825.8 100.912
12837.8 101.411
12849.8 102.015
12861.9 102.477
12873.9 102.883
12885.9 103.253
12897.9 103.597
12909.9 103.921
12921.9 104.229
12933.9 104.526
12945.9 104.83
12958 105.131
12970 105.369
12982 105.57
12994 105.739
13006 105.875
13018 105.976
13030 106.035
13042 106.034
13054.1 105.875
13066.1 105.778
13078.1 105.773
13090.1 105.809
13102.1 105.874
13114.1 105.961
13126.1 106.072
13138.1 106.21
13150.2 106.387
13162.2 106.67
13174.2 106.865
13186.2 107.008
13198.2 107.12
13210.2 107.208
13222.2 107.274
13234.2 107.318
13246.2 107.337
13258.3 107.321
13270.3 107.246
13282.3 107.217
13294.3 107.2
13306.3 107.187
13318.3 107.173
13330.3 107.155
13342.3 107.131
13354.4 107.095
13366.4 107.036
13378.4 106.954
13390.4 106.906
13402.4 106.867
13414.4 106.831
13426.4 106.792
13438.4 106.749
13450.5 106.693
13462.5 106.613
13474.5 106.44
13486.5 106.311
13498.5 106.271
13510.5 106.278
13522.5 106.322
13534.5 106.4
13546.5 106.513
13558.6 106.663
13570.6 106.864
13582.6 107.169
13594.6 107.429
13606.6 107.666
13618.6 107.903
13630.6 108.149
13642.6 108.413
13654.7 108.705
13666.7 109.04
13678.7 109.459
13690.7 110.066
13702.7 110.463
13714.7 110.768
13726.7 111.016
13738.7 111.222
13750.8 111.391
13762.8 111.527
13774.8 111.629
13786.8 111.687
13798.8 111.696
13810.8 111.736
13822.8 111.776
13834.8 111.811
13846.8 111.839
13858.9 111.857
13870.9 111.866
13882.9 111.861
13894.9 111.833
13906.9 111.799
13918.9 111.77
13930.9 111.736
13942.9 111.696
13955 111.647
13967 111.587
13979 111.512
13991 111.413
14003 111.255
14015 111.13
14027 111.029
14039 110.937
14051.1 110.849
14063.1 110.759
14075.1 110.665
14087.1 110.561
14099.1 110.434
14111.1 110.246
14123.1 110.127
14135.1 110.042
14147.1 109.977
14159.2 109.928
14171.2 109.892
14183.2 109.867
14195.2 109.85
14207.2 109.836
14219.2 109.82
14231.2 109.843
14243.2 109.891
14255.3 109.962
14267.3 110.059
14279.3 110.185
14291.3 110.349
14303.3 110.566
14315.3 110.909
14327.3 111.289
14339.3 111.522
14351.4 111.706
14363.4 111.86
14375.4 111.993
14387.4 112.112
14399.4 112.223
14411.4 112.335
14423.4 112.49
14435.4 112.591
14447.4 112.638
14459.5 112.648
14471.5 112.626
14483.5 112.573
14495.5 112.486
14507.5 112.358
14519.5 112.173
14531.5 111.864
14543.5 111.643
14555.6 111.459
14567.6 111.29
14579.6 111.126
14591.6 110.963
14603.6 110.795
14615.6 110.619
14627.6 110.422
14639.6 110.189
14651.7 109.999
14663.7 109.822
14675.7 109.652
14687.7 109.484
14699.7 109.314
14711.7 109.14
14723.7 108.954
14735.7 108.74
14747.7 108.509
14759.8 108.327
14771.8 108.161
14783.8 108.005
14795.8 107.856
14807.8 107.71
14819.8 107.565
14831.8 107.416
14843.8 107.236
14855.9 107.083
14867.9 106.96
14879.9 106.856
14891.9 106.767
14903.9 106.693
14915.9 106.633
14927.9 106.589
14939.9 106.567
14952 106.591
14964 106.59
14976 106.578
14988 106.564
15000 106.552
15012 106.545
15024 106.547
15036 106.564
15048 106.61
15060.1 106.714
15072.1 106.744
15084.1 106.744
15096.1 106.726
15108.1 106.695
15120.1 106.653
15132.1 106.604
15144.1 106.552
15156.2 106.509
15168.2 106.471
15180.2 106.38
15192.2 106.26
15204.2 106.115
15216.2 105.945
15228.2 105.747
15240.2 105.516
15252.3 105.241
15264.3 104.852
15276.3 104.492
15288.3 104.196
15300.3 103.923
15312.3 103.661
15324.3 103.405
15336.3 103.151
15348.3 102.895
15360.4 102.632
15372.4 102.344
15384.4 102.076
15396.4 101.821
15408.4 101.572
15420.4 101.326
15432.4 101.081
15444.4 100.835
15456.5 100.587
15468.5 100.333
15480.5 100.067
15492.5 99.8146
15504.5 99.5664
15516.5 99.3202
15528.5 99.0747
15540.5 98.829
15552.6 98.5822
15564.6 98.3329
15576.6 98.0776
15588.6 97.816
15600.6 97.5669
15612.6 97.3226
15624.6 97.082
15636.6 96.8447
15648.6 96.611
15660.7 96.3814
15672.7 96.1574
15684.7 95.9447
15696.7 95.7346
15708.7 95.5236
15720.7 95.3173
15732.7 95.1191
15744.7 94.9333
15756.8 94.7661
15768.8 94.629
15780.8 94.5483
15792.8 94.6502
15804.8 94.6018
15816.8 94.4415
15828.8 94.2174
15840.8 93.9446
15852.9 93.6304
15864.9 93.2786
15876.9 92.8907
15888.9 92.4653
15900.9 91.995
15912.9 91.5107
15924.9 91.0034
15936.9 90.4689
15948.9 89.904
15961 89.3043
15973 88.6622
15985 87.9628
15997 87.157
16009 86.217
16021 85.465
16033 84.7784
16045 84.1343
16057.1 83.5258
16069.1 82.9524
16081.1 82.4201
16093.1 81.947
16105.1 81.6227
16117.1 81.3132
16129.1 80.8292
16141.1 80.2763
16153.2 79.6743
16165.2 79.0313
16177.2 78.3507
16189.2 77.632
16201.2 76.8686
16213.2 76.0164
16225.2 75.1915
16237.2 74.3883
16249.2 73.5885
16261.3 72.7871
16273.3 71.9814
16285.3 71.17
16297.3 70.351
16309.3 69.521
16321.3 68.6679
16333.3 67.8343
16345.3 67.0108
16357.4 66.1946
16369.4 65.3865
16381.4 64.5891
16393.4 63.8076
16405.4 63.0527
16417.4 62.3578
16429.4 61.76
16441.4 61.0059
16453.5 60.1862
16465.5 59.3192
16477.5 58.4104
16489.5 57.4599
16501.5 56.4621
16513.5 55.4008
16525.5 54.2029
16537.5 52.9488
16549.5 51.87
16561.6 50.854
16573.6 49.8822
16585.6 48.9482
16597.6 48.0514
16609.6 47.1962
16621.6 46.3973
16633.6 45.7417
16645.6 45.0228
16657.7 44.2338
16669.7 43.4157
16681.7 42.5804
16693.7 41.7337
16705.7 40.8793
16717.7 40.0201
16729.7 39.1589
16741.7 38.3019
16753.8 37.4341
16765.8 36.5599
16777.8 35.6812
16789.8 34.7989
16801.8 33.9133
16813.8 33.0245
16825.8 32.1316
16837.8 31.232
16849.8 30.3216
16861.9 29.4223
16873.9 28.5259
16885.9 27.6301
16897.9 26.7331
16909.9 25.8327
16921.9 24.9256
16933.9 24.0057
16945.9 23.0503
16958 22.0718
16970 21.1619
16982 20.2786
16994 19.4142
17006 18.5652
17018 17.73
17030 16.9082
17042 16.1015
17054.1 15.3283
17066.1 14.5424
17078.1 13.7352
17090.1 12.9146
17102.1 12.0796
17114.1 11.2259
17126.1 10.3459
17138.1 9.42453
17150.2 8.42507
17162.2 7.19351
17174.2 6.17521
17186.2 5.28603
17198.2 4.47164
17210.2 3.71273
17222.2 2.99862
17234.2 2.32155
17246.2 1.67364
17258.3 1.0399
17270.3 0.391963
17282.3 -0.149386
17294.3 -0.62172
17306.3 -1.0333
17318.3 -1.38458
17330.3 -1.67161
17342.3 -1.88471
17354.4 -2.00168
17366.4 -1.94277
17378.4 -1.72035
17390.4 -1.73836
17402.4 -1.82539
17414.4 -1.94978
17426.4 -2.09803
17438.4 -2.2631
17450.5 -2.44141
17462.5 -2.63259
17474.5 -2.85072
17486.5 -3.06067
17498.5 -3.24936
17510.5 -3.42617
17522.5 -3.59228
17534.5 -3.74724
17546.5 -3.88948
17558.6 -4.01568
17570.6 -4.11749
17582.6 -4.15631
17594.6 -4.23866
17606.6 -4.34917
17618.6 -4.47405
17630.6 -4.60915
17642.6 -4.75294
17654.7 -4.90524
17666.7 -5.06729
17678.7 -5.2436
17690.7 -5.44608
17702.7 -5.63034
17714.7 -5.81093
17726.7 -5.99367
17738.7 -6.1828
17750.8 -6.38343
17762.8 -6.60355
17774.8 -6.85898
17786.8 -7.20123
17798.8 -7.64828
17810.8 -7.88497
17822.8 -8.03465
17834.8 -8.11927
17846.8 -8.14542
17858.9 -8.11267
17870.9 -8.01368
17882.9 -7.8271
17894.9 -7.43413
17906.9 -7.04738
17918.9 -6.81777
17930.9 -6.64324
17942.9 -6.50145
17955 -6.38226
17967 -6.28009
17979 -6.19177
17991 -6.11596
18003 -6.05652
18015 -5.99797
18027 -5.94078
18039 -5.88665
18051.1 -5.8361
18063.1 -5.78966
18075.1 -5.74833
18087.1 -5.71431
18099.1 -5.69393
18111.1 -5.70766
18123.1 -5.68168
18135.1 -5.63494
18147.1 -5.57357
18159.2 -5.49894
18171.2 -5.41054
18183.2 -5.30616
18195.2 -5.18042
18207.2 -5.01569
18219.2 -4.7977
18231.2 -4.64907
18243.2 -4.52333
18255.3 -4.41053
18267.3 -4.30618
18279.3 -4.20729
18291.3 -4.11113
18303.3 -4.01383
18315.3 -3.9021
18327.3 -3.79145
18339.3 -3.7145
18351.4 -3.65395
18363.4 -3.6067
18375.4 -3.57159
18387.4 -3.54842
18399.4 -3.53781
18411.4 -3.54203
18423.4 -3.57397
18435.4 -3.60271
18447.4 -3.62891
18459.5 -3.65875
18471.5 -3.69465
18483.5 -3.73854
18495.5 -3.79262
18507.5 -3.86027
18519.5 -3.9491
18531.5 -4.08438
18543.5 -4.18732
18555.6 -4.27801
18567.6 -4.36582
18579.6 -4.45523
18591.6 -4.54986
18603.6 -4.65398
18615.6 -4.77445
18627.6 -4.92962
18639.6 -5.1436
18651.7 -5.27858
18663.7 -5.38414
18675.7 -5.47209
18687.7 -5.54778
18699.7 -5.61477
18711.7 -5.67626
18723.7 -5.73663
18735.7 -5.80938
18747.7 -5.88406
18759.8 -5.91563
18771.8 -5.92541
18783.8 -5.91679
18795.8 -5.89048
18807.8 -5.84557
18819.8 -5.77907
18831.8 -5.68298
18843.8 -5.5114
18855.9 -5.36968
18867.9 -5.26642
18879.9 -5.17881
18891.9 -5.10051
18903.9 -5.02848
18915.9 -4.96098
18927.9 -4.89689
18939.9 -4.83545
18952 -4.7761
18964 -4.71845
18976 -4.66218
18988 -4.60706
19000 -4.5529
