7000 -45.6332
7012.01 -45.892
7024.02 -46.1552
7036.04 -46.423
7048.05 -46.6956
7060.06 -46.9733
7072.07 -47.2564
7084.08 -47.545
7096.1 -47.8396
7108.11 -48.1405
7120.12 -48.4479
7132.13 -48.7625
7144.14 -49.0844
7156.16 -49.4144
7168.17 -49.7528
7180.18 -50.1004
7192.19 -50.4577
7204.2 -50.8255
7216.22 -51.2047
7228.23 -51.5962
7240.24 -52.001
7252.25 -52.4204
7264.26 -52.8559
7276.28 -53.309
7288.29 -53.7817
7300.3 -54.2762
7312.31 -54.7952
7324.32 -55.3419
7336.34 -55.9202
7348.35 -56.535
7360.36 -57.1922
7372.37 -57.8997
7384.38 -58.6677
7396.4 -59.5099
7408.41 -60.4456
7420.42 -61.5031
7432.43 -62.7269
7444.44 -64.1939
7456.46 -66.0607
7468.47 -68.7861
7480.48 -73.4567
7492.49 -75.3269
7504.5 -75.7037
7516.52 -74.6909
7528.53 -70.8547
7540.54 -68.0524
7552.55 -66.35
7564.56 -65.0551
7576.58 -63.9375
7588.59 -62.9104
7600.6 -62.1876
7612.61 -61.6494
7624.62 -61.2948
7636.64 -61.2476
7648.65 -61.0136
7660.66 -60.6818
7672.67 -60.2725
7684.68 -59.6801
7696.7 -59.1309
7708.71 -58.737
7720.72 -58.4138
7732.73 -58.1459
7744.74 -57.9304
7756.76 -57.7149
7768.77 -57.5068
7780.78 -57.2943
7792.79 -57.0051
7804.8 -56.8514
7816.82 -56.8247
7828.83 -56.9301
7840.84 -57.2964
7852.85 -57.8128
7864.86 -57.9173
7876.88 -57.8403
7888.89 -57.569
7900.9 -56.9608
7912.91 -56.6278
7924.92 -56.4102
7936.94 -56.2638
7948.95 -56.2101
7960.96 -56.1525
7972.97 -56.0754
7984.98 -55.9953
7997 -55.9113
8009.01 -55.8237
8021.02 -55.7719
8033.03 -55.7499
8045.05 -55.7742
8057.06 -55.9263
8069.07 -55.9541
8081.08 -55.9015
8093.09 -55.7873
8105.11 -55.5778
8117.12 -55.3414
8129.13 -55.1658
8141.14 -55.0035
8153.15 -54.8456
8165.17 -54.6883
8177.18 -54.5237
8189.19 -54.3485
8201.2 -54.1535
8213.21 -53.8909
8225.23 -53.6853
8237.24 -53.5348
8249.25 -53.4305
8261.26 -53.4092
8273.27 -53.4536
8285.29 -53.3391
8297.3 -53.1494
8309.31 -52.8784
8321.32 -52.4604
8333.33 -52.1389
8345.35 -51.8528
8357.36 -51.5753
8369.37 -51.2778
8381.38 -50.9996
8393.39 -50.7511
8405.41 -50.5187
8417.42 -50.3006
8429.43 -50.0977
8441.44 -49.907
8453.45 -49.741
8465.47 -49.6311
8477.48 -49.7399
8489.49 -49.5757
8501.5 -49.1866
8513.51 -48.5809
8525.53 -47.5625
8537.54 -46.3684
8549.55 -45.6833
8561.56 -45.1899
8573.57 -44.8653
8585.59 -44.7737
8597.6 -44.5385
8609.61 -44.2622
8621.62 -43.9815
8633.63 -43.7916
8645.65 -43.4464
8657.66 -42.9103
8669.67 -42.1672
8681.68 -41.0218
8693.69 -39.4364
8705.71 -38.6322
8717.72 -38.1282
8729.73 -37.8468
8741.74 -37.7943
8753.75 -37.8428
8765.77 -38.0262
8777.78 -38.393
8789.79 -39.1615
8801.8 -39.9416
8813.81 -40.5038
8825.83 -41.035
8837.84 -41.621
8849.85 -42.3537
8861.86 -42.8514
8873.87 -43.2547
8885.89 -43.5999
8897.9 -43.903
8909.91 -44.1733
8921.92 -44.4171
8933.93 -44.6386
8945.95 -44.841
8957.96 -45.0267
8969.97 -45.1976
8981.98 -45.3553
8993.99 -45.501
9006.01 -45.6357
9018.02 -45.7602
9030.03 -45.8752
9042.04 -45.9812
9054.05 -46.0788
9066.07 -46.1685
9078.08 -46.2504
9090.09 -46.3249
9102.1 -46.3924
9114.11 -46.4529
9126.13 -46.5066
9138.14 -46.5538
9150.15 -46.5945
9162.16 -46.6288
9174.17 -46.6569
9186.19 -46.6787
9198.2 -46.6944
9210.21 -46.704
9222.22 -46.7075
9234.23 -46.705
9246.25 -46.6964
9258.26 -46.6818
9270.27 -46.6611
9282.28 -46.6345
9294.29 -46.6017
9306.31 -46.563
9318.32 -46.5182
9330.33 -46.4673
9342.34 -46.4103
9354.35 -46.3473
9366.37 -46.2781
9378.38 -46.2028
9390.39 -46.1213
9402.4 -46.0337
9414.41 -45.9399
9426.43 -45.8399
9438.44 -45.7336
9450.45 -45.6212
9462.46 -45.5026
9474.47 -45.3778
9486.49 -45.2467
9498.5 -45.1095
9510.51 -44.966
9522.52 -44.8164
9534.53 -44.6606
9546.55 -44.4987
9558.56 -44.3307
9570.57 -44.1566
9582.58 -43.9764
9594.59 -43.7902
9606.61 -43.5981
9618.62 -43.4001
9630.63 -43.1963
9642.64 -42.9867
9654.65 -42.7714
9666.67 -42.5504
9678.68 -42.3239
9690.69 -42.0919
9702.7 -41.8546
9714.71 -41.612
9726.73 -41.3642
9738.74 -41.1114
9750.75 -40.8535
9762.76 -40.5909
9774.77 -40.3235
9786.79 -40.0516
9798.8 -39.7751
9810.81 -39.4944
9822.82 -39.2094
9834.83 -38.9204
9846.85 -38.6274
9858.86 -38.3307
9870.87 -38.0303
9882.88 -37.7265
9894.89 -37.4194
9906.91 -37.109
9918.92 -36.7956
9930.93 -36.4794
9942.94 -36.1604
9954.95 -35.8389
9966.97 -35.5149
9978.98 -35.1887
9990.99 -34.8603
10003 -34.53
10015 -34.1978
10027 -33.8639
10039 -33.5285
10051.1 -33.1916
10063.1 -32.8534
10075.1 -32.5141
10087.1 -32.1737
10099.1 -31.8324
10111.1 -31.4903
10123.1 -31.1475
10135.1 -30.804
10147.1 -30.46
10159.2 -30.1156
10171.2 -29.7709
10183.2 -29.4259
10195.2 -29.0807
10207.2 -28.7353
10219.2 -28.3899
10231.2 -28.0444
10243.2 -27.6989
10255.3 -27.3535
10267.3 -27.0082
10279.3 -26.6629
10291.3 -26.3178
10303.3 -25.9727
10315.3 -25.6278
10327.3 -25.283
10339.3 -24.9382
10351.4 -24.5936
10363.4 -24.2489
10375.4 -23.9043
10387.4 -23.5596
10399.4 -23.2148
10411.4 -22.8699
10423.4 -22.5248
10435.4 -22.1794
10447.4 -21.8336
10459.5 -21.4875
10471.5 -21.1408
10483.5 -20.7935
10495.5 -20.4455
10507.5 -20.0967
10519.5 -19.747
10531.5 -19.3963
10543.5 -19.0444
10555.6 -18.6912
10567.6 -18.3367
10579.6 -17.9805
10591.6 -17.6227
10603.6 -17.2631
10615.6 -16.9014
10627.6 -16.5374
10639.6 -16.1711
10651.7 -15.8022
10663.7 -15.4304
10675.7 -15.0555
10687.7 -14.6772
10699.7 -14.2951
10711.7 -13.9088
10723.7 -13.5178
10735.7 -13.1215
10747.7 -12.7192
10759.8 -12.3097
10771.8 -11.8918
10783.8 -11.4634
10795.8 -11.0216
10807.8 -10.5616
10819.8 -10.0744
10831.8 -9.53924
10843.8 -8.83935
10855.9 -8.24407
10867.9 -7.77728
10879.9 -7.38378
10891.9 -7.05177
10903.9 -6.78024
10915.9 -6.57569
10927.9 -6.45562
10939.9 -6.46834
10952 -6.81278
10964 -6.89082
10976 -6.82454
10988 -6.68237
11000 -6.48835
11012 -6.25512
11024 -5.99072
11036 -5.70137
11048 -5.39427
11060.1 -5.07865
11072.1 -4.72408
11084.1 -4.34277
11096.1 -3.93847
11108.1 -3.51294
11120.1 -3.06701
11132.1 -2.60051
11144.1 -2.11142
11156.2 -1.58915
11168.2 -1.03927
11180.2 -0.51754
11192.2 -0.00192432
11204.2 0.509719
11216.2 1.01625
11228.2 1.5141
11240.2 1.99593
11252.3 2.44455
11264.3 2.76337
11276.3 3.1563
11288.3 3.6738
11300.3 4.26009
11312.3 4.90308
11324.3 5.6002
11336.3 6.35496
11348.3 7.17929
11360.4 8.10792
11372.4 9.30319
11384.4 10.298
11396.4 11.1677
11408.4 11.9675
11420.4 12.7131
11432.4 13.4086
11444.4 14.0506
11456.5 14.6263
11468.5 15.0938
11480.5 15.3524
11492.5 15.82
11504.5 16.3678
11516.5 16.9584
11528.5 17.5763
11540.5 18.2116
11552.6 18.8559
11564.6 19.4987
11576.6 20.1142
11588.6 20.6984
11600.6 21.3752
11612.6 22.0905
11624.6 22.8324
11636.6 23.5939
11648.6 24.3692
11660.7 25.1513
11672.7 25.9275
11684.7 26.6351
11696.7 27.3921
11708.7 28.2564
11720.7 29.1841
11732.7 30.1669
11744.7 31.2043
11756.8 32.3006
11768.8 33.4684
11780.8 34.7405
11792.8 36.2832
11804.8 37.6517
11816.8 38.8952
11828.8 40.0752
11840.8 41.2092
11852.9 42.3025
11864.9 43.3529
11876.9 44.348
11888.9 45.2448
11900.9 45.9155
11912.9 46.8542
11924.9 47.9266
11936.9 49.0941
11948.9 50.3484
11961 51.6932
11973 53.1434
11985 54.7354
11997 56.589
12009 58.775
12021 60.5169
12033 62.1186
12045 63.6446
12057.1 65.126
12069.1 66.5857
12081.1 68.0477
12093.1 69.5505
12105.1 71.2446
12117.1 72.9198
12129.1 74.2758
12141.1 75.4837
12153.2 76.5764
12165.2 77.567
12177.2 78.4597
12189.2 79.2513
12201.2 79.9246
12213.2 80.3765
12225.2 80.8692
12237.2 81.3867
12249.2 81.8838
12261.3 82.3435
12273.3 82.7529
12285.3 83.0974
12297.3 83.3535
12309.3 83.4649
12321.3 83.2493
12333.3 83.3133
12345.3 83.5013
12357.4 83.7525
12369.4 84.0451
12381.4 84.3685
12393.4 84.7183
12405.4 85.0957
12417.4 85.5177
12429.4 86.0042
12441.4 86.3931
12453.5 86.739
12465.5 87.0508
12477.5 87.3298
12489.5 87.5733
12501.5 87.7748
12513.5 87.9197
12525.5 87.9489
12537.5 87.9221
12549.5 88.0157
12561.6 88.1393
12573.6 88.2741
12585.6 88.4093
12597.6 88.5353
12609.6 88.6399
12621.6 88.6998
12633.6 88.5988
12645.6 88.605
12657.7 88.7264
12669.7 88.9097
12681.7 89.1401
12693.7 89.4113
12705.7 89.7213
12717.7 90.072
12729.7 90.4729
12741.7 90.9642
12753.8 91.4183
12765.8 91.8647
12777.8 92.3185
12789.8 92.7868
12801.8 93.2754
12813.8 93.7917
12825.8 94.3473
12837.8 94.9718
12849.8 95.7111
12861.9 96.3385
12873.9 96.9363
12885.9 97.5278
12897.9 98.1271
12909.9 98.7484
12921.9 99.4109
12933.9 100.152
12945.9 101.102
12958 102.187
12970 102.869
12982 103.388
12994 103.785
13006 104.073
13018 104.253
13030 104.311
13042 104.205
13054.1 103.681
13066.1 103.309
13078.1 103.173
13090.1 103.138
13102.1 103.171
13114.1 103.258
13126.1 103.397
13138.1 103.594
13150.2 103.878
13162.2 104.381
13174.2 104.704
13186.2 104.919
13198.2 105.07
13210.2 105.172
13222.2 105.227
13234.2 105.235
13246.2 105.188
13258.3 105.061
13270.3 104.796
13282.3 104.645
13294.3 104.527
13306.3 104.419
13318.3 104.31
13330.3 104.194
13342.3 104.062
13354.4 103.901
13366.4 103.673
13378.4 103.382
13390.4 103.208
13402.4 103.07
13414.4 102.953
13426.4 102.847
13438.4 102.744
13450.5 102.633
13462.5 102.496
13474.5 102.235
13486.5 102.044
13498.5 101.992
13510.5 102.017
13522.5 102.104
13534.5 102.251
13546.5 102.458
13558.6 102.734
13570.6 103.101
13582.6 103.666
13594.6 104.137
13606.6 104.561
13618.6 104.978
13630.6 105.406
13642.6 105.858
13654.7 106.35
13666.7 106.904
13678.7 107.579
13690.7 108.517
13702.7 109.173
13714.7 109.71
13726.7 110.182
13738.7 110.608
13750.8 111.004
13762.8 111.38
13774.8 111.752
13786.8 112.158
13798.8 112.613
13810.8 112.902
13822.8 113.112
13834.8 113.256
13846.8 113.341
13858.9 113.364
13870.9 113.318
13882.9 113.184
13894.9 112.848
13906.9 112.511
13918.9 112.316
13930.9 112.168
13942.9 112.044
13955 111.936
13967 111.84
13979 111.753
13991 111.68
14003 111.649
14015 111.576
14027 111.465
14039 111.328
14051.1 111.163
14063.1 110.967
14075.1 110.733
14087.1 110.449
14099.1 110.078
14111.1 109.509
14123.1 109.127
14135.1 108.826
14147.1 108.57
14159.2 108.343
14171.2 108.135
14183.2 107.938
14195.2 107.744
14207.2 107.526
14219.2 107.267
14231.2 107.123
14243.2 107.034
14255.3 106.99
14267.3 106.988
14279.3 107.029
14291.3 107.116
14303.3 107.263
14315.3 107.524
14327.3 107.831
14339.3 108.046
14351.4 108.244
14363.4 108.441
14375.4 108.649
14387.4 108.877
14399.4 109.139
14411.4 109.466
14423.4 110.002
14435.4 110.4
14447.4 110.664
14459.5 110.858
14471.5 111.002
14483.5 111.102
14495.5 111.165
14507.5 111.19
14519.5 111.173
14531.5 111.091
14543.5 111.025
14555.6 110.954
14567.6 110.872
14579.6 110.775
14591.6 110.658
14603.6 110.518
14615.6 110.348
14627.6 110.129
14639.6 109.834
14651.7 109.613
14663.7 109.413
14675.7 109.219
14687.7 109.027
14699.7 108.833
14711.7 108.632
14723.7 108.418
14735.7 108.179
14747.7 107.922
14759.8 107.693
14771.8 107.469
14783.8 107.243
14795.8 107.01
14807.8 106.766
14819.8 106.502
14831.8 106.204
14843.8 105.793
14855.9 105.444
14867.9 105.172
14879.9 104.938
14891.9 104.728
14903.9 104.538
14915.9 104.363
14927.9 104.198
14939.9 104.036
14952 103.85
14964 103.718
14976 103.626
14988 103.565
15000 103.533
15012 103.533
15024 103.569
15036 103.649
15048 103.803
15060.1 104.079
15072.1 104.238
15084.1 104.361
15096.1 104.47
15108.1 104.576
15120.1 104.687
15132.1 104.814
15144.1 104.974
15156.2 105.226
15168.2 105.55
15180.2 105.683
15192.2 105.739
15204.2 105.738
15216.2 105.688
15228.2 105.589
15240.2 105.437
15252.3 105.216
15264.3 104.829
15276.3 104.485
15288.3 104.232
15300.3 104.014
15312.3 103.818
15324.3 103.638
15336.3 103.473
15348.3 103.324
15360.4 103.203
15372.4 103.162
15384.4 103.044
15396.4 102.873
15408.4 102.667
15420.4 102.429
15432.4 102.159
15444.4 101.853
15456.5 101.501
15468.5 101.076
15480.5 100.511
15492.5 100.077
15504.5 99.6917
15516.5 99.3289
15528.5 98.9785
15540.5 98.6335
15552.6 98.2879
15564.6 97.933
15576.6 97.5459
15588.6 97.124
15600.6 96.7838
15612.6 96.4763
15624.6 96.1919
15636.6 95.9264
15648.6 95.6776
15660.7 95.4442
15672.7 95.2252
15684.7 95.0179
15696.7 94.8283
15708.7 94.6598
15720.7 94.5125
15732.7 94.3886
15744.7 94.2923
15756.8 94.2304
15768.8 94.2158
15780.8 94.2786
15792.8 94.5623
15804.8 94.6894
15816.8 94.7039
15828.8 94.6616
15840.8 94.5812
15852.9 94.4732
15864.9 94.3454
15876.9 94.2065
15888.9 94.0729
15900.9 93.9856
15912.9 93.7974
15924.9 93.5506
15936.9 93.2581
15948.9 92.9234
15961 92.5463
15973 92.1228
15985 91.6424
15997 91.0673
16009 90.3761
16021 89.8208
16033 89.3049
16045 88.8101
16057.1 88.3296
16069.1 87.8612
16081.1 87.406
16093.1 86.971
16105.1 86.5952
16117.1 86.2175
16129.1 85.7522
16141.1 85.245
16153.2 84.7028
16165.2 84.1267
16177.2 83.5139
16189.2 82.8571
16201.2 82.137
16213.2 81.2507
16225.2 80.4574
16237.2 79.7427
16249.2 79.0642
16261.3 78.4093
16273.3 77.7723
16285.3 77.1505
16297.3 76.5433
16309.3 75.9532
16321.3 75.3926
16333.3 74.8176
16345.3 74.2394
16357.4 73.6631
16369.4 73.0913
16381.4 72.527
16393.4 71.9742
16405.4 71.4408
16417.4 70.9503
16429.4 70.5286
16441.4 69.9997
16453.5 69.4268
16465.5 68.823
16477.5 68.1925
16489.5 67.536
16501.5 66.8506
16513.5 66.1276
16525.5 65.3252
16537.5 64.4899
16549.5 63.7545
16561.6 63.0551
16573.6 62.3815
16585.6 61.7309
16597.6 61.104
16609.6 60.5056
16621.6 59.949
16633.6 59.51
16645.6 59.0091
16657.7 58.4404
16669.7 57.8392
16681.7 57.2157
16693.7 56.5743
16705.7 55.9171
16717.7 55.2447
16729.7 54.5546
16741.7 53.8332
16753.8 53.1266
16765.8 52.4253
16777.8 51.7249
16789.8 51.0239
16801.8 50.322
16813.8 49.6189
16825.8 48.9151
16837.8 48.2119
16849.8 47.5121
16861.9 46.7989
16873.9 46.077
16885.9 45.3465
16897.9 44.6062
16909.9 43.8534
16921.9 43.0835
16933.9 42.2861
16945.9 41.4222
16958 40.5144
16970 39.7257
16982 38.9833
16994 38.2749
17006 37.5965
17018 36.9477
17030 36.332
17042 35.7607
17054.1 35.3041
17066.1 34.8029
17078.1 34.2336
17090.1 33.6327
17102.1 33.0083
17114.1 32.3622
17126.1 31.6925
17138.1 30.9923
17150.2 30.242
17162.2 29.3569
17174.2 28.5843
17186.2 27.8777
17198.2 27.2066
17210.2 26.5593
17222.2 25.9286
17234.2 25.3073
17246.2 24.6854
17258.3 24.0372
17270.3 23.3102
17282.3 22.7377
17294.3 22.2473
17306.3 21.8222
17318.3 21.459
17330.3 21.1606
17342.3 20.9368
17354.4 20.8114
17366.4 20.8713
17378.4 21.1027
17390.4 21.0636
17402.4 20.9412
17414.4 20.7696
17426.4 20.5631
17438.4 20.3283
17450.5 20.0674
17462.5 19.7767
17474.5 19.4187
17486.5 19.0766
17498.5 18.7803
17510.5 18.5053
17522.5 18.2469
17534.5 18.0044
17546.5 17.7794
17558.6 17.5762
17570.6 17.4069
17582.6 17.3285
17594.6 17.1828
17606.6 16.9925
17618.6 16.7779
17630.6 16.545
17642.6 16.2959
17654.7 16.0302
17666.7 15.7449
17678.7 15.429
17690.7 15.0531
17702.7 14.7338
17714.7 14.4366
17726.7 14.1508
17738.7 13.8719
17750.8 13.5969
17762.8 13.3229
17774.8 13.0455
17786.8 12.7527
17798.8 12.44
17810.8 12.1776
17822.8 11.9376
17834.8 11.7151
17846.8 11.5083
17858.9 11.3176
17870.9 11.145
17882.9 10.9966
17894.9 10.9076
17906.9 10.8136
17918.9 10.6684
17930.9 10.5015
17942.9 10.3182
17955 10.1191
17967 9.90241
17979 9.66248
17991 9.38433
18003 8.99037
18015 8.68247
18027 8.44347
18039 8.24316
18051.1 8.07292
18063.1 7.92954
18075.1 7.81283
18087.1 7.72597
18099.1 7.68088
18111.1 7.71729
18123.1 7.69243
18135.1 7.6439
18147.1 7.58494
18159.2 7.5202
18171.2 7.45185
18183.2 7.38078
18195.2 7.30668
18207.2 7.2259
18219.2 7.1356
18231.2 7.06855
18243.2 7.01378
18255.3 6.97009
18267.3 6.93826
18279.3 6.92044
18291.3 6.92095
18303.3 6.94946
18315.3 7.04739
18327.3 7.16272
18339.3 7.18813
18351.4 7.17982
18363.4 7.14813
18375.4 7.09761
18387.4 7.03071
18399.4 6.94893
18411.4 6.85368
18423.4 6.75073
18435.4 6.62443
18447.4 6.47337
18459.5 6.29788
18471.5 6.0952
18483.5 5.86026
18495.5 5.58427
18507.5 5.25048
18519.5 4.81571
18531.5 4.12804
18543.5 3.67909
18555.6 3.3502
18567.6 3.09052
18579.6 2.88187
18591.6 2.71523
18603.6 2.58568
18615.6 2.49099
18627.6 2.43241
18639.6 2.4133
18651.7 2.40791
18663.7 2.42597
18675.7 2.47121
18687.7 2.54752
18699.7 2.66063
18711.7 2.82048
18723.7 3.04808
18735.7 3.42482
18747.7 3.88173
18759.8 4.13161
18771.8 4.3107
18783.8 4.4431
18795.8 4.53864
18807.8 4.60137
18819.8 4.63114
18831.8 4.62116
18843.8 4.5218
18855.9 4.45157
18867.9 4.42089
18879.9 4.40499
18891.9 4.39732
18903.9 4.3949
18915.9 4.39612
18927.9 4.4
18939.9 4.4059
18952 4.4134
18964 4.42219
18976 4.43206
18988 4.44284
19000 4.45441
