7000 -26.778
7012.01 -26.9568
7024.02 -27.1392
7036.04 -27.3255
7048.05 -27.516
7060.06 -27.7107
7072.07 -27.91
7084.08 -28.1142
7096.1 -28.3234
7108.11 -28.5381
7120.12 -28.7584
7132.13 -28.9849
7144.14 -29.2179
7156.16 -29.4579
7168.17 -29.7053
7180.18 -29.9607
7192.19 -30.2248
7204.2 -30.4981
7216.22 -30.7814
7228.23 -31.0757
7240.24 -31.3819
7252.25 -31.701
7264.26 -32.0344
7276.28 -32.3836
7288.29 -32.7502
7300.3 -33.1363
7312.31 -33.5441
7324.32 -33.9766
7336.34 -34.4372
7348.35 -34.9299
7360.36 -35.4601
7372.37 -36.0341
7384.38 -36.6606
7396.4 -37.3508
7408.41 -38.1201
7420.42 -38.9907
7432.43 -39.9967
7444.44 -41.1949
7456.46 -42.6968
7468.47 -44.8153
7480.48 -48.2803
7492.49 -50.0359
7504.5 -51.0044
7516.52 -51.4288
7528.53 -51.3796
7540.54 -50.8611
7552.55 -49.821
7564.56 -48.1068
7576.58 -45.1534
7588.59 -40.9076
7600.6 -38.5775
7612.61 -36.8557
7624.62 -35.4991
7636.64 -34.407
7648.65 -33.5297
7660.66 -32.8454
7672.67 -32.3612
7684.68 -32.224
7696.7 -32.113
7708.71 -31.8661
7720.72 -31.5972
7732.73 -31.3297
7744.74 -31.0733
7756.76 -30.8336
7768.77 -30.6154
7780.78 -30.4265
7792.79 -30.3012
7804.8 -30.1501
7816.82 -29.9837
7828.83 -29.8146
7840.84 -29.6468
7852.85 -29.4822
7864.86 -29.322
7876.88 -29.1672
7888.89 -29.0189
7900.9 -28.8796
7912.91 -28.7415
7924.92 -28.6073
7936.94 -28.478
7948.95 -28.3545
7960.96 -28.2379
7972.97 -28.1299
7984.98 -28.0336
7997 -27.9596
8009.01 -27.9137
8021.02 -27.8282
8033.03 -27.729
8045.05 -27.6211
8057.06 -27.5061
8069.07 -27.3847
8081.08 -27.2562
8093.09 -27.1185
8105.11 -26.9594
8117.12 -26.7979
8129.13 -26.6594
8141.14 -26.5301
8153.15 -26.4077
8165.17 -26.2918
8177.18 -26.183
8189.19 -26.0831
8201.2 -25.9976
8213.21 -25.9554
8225.23 -25.8833
8237.24 -25.7849
8249.25 -25.672
8261.26 -25.5478
8273.27 -25.4137
8285.29 -25.2699
8297.3 -25.1159
8309.31 -24.949
8321.32 -24.7601
8333.33 -24.5805
8345.35 -24.4022
8357.36 -24.2219
8369.37 -24.0382
8381.38 -23.8504
8393.39 -23.6579
8405.41 -23.4604
8417.42 -23.2584
8429.43 -23.0522
8441.44 -22.8316
8453.45 -22.5985
8465.47 -22.3521
8477.48 -22.0906
8489.49 -21.811
8501.5 -21.5082
8513.51 -21.1722
8525.53 -20.7648
8537.54 -20.3234
8549.55 -19.9614
8561.56 -19.6205
8573.57 -19.2881
8585.59 -18.9569
8597.6 -18.6204
8609.61 -18.2701
8621.62 -17.8906
8633.63 -17.4082
8645.65 -16.99
8657.66 -16.6389
8669.67 -16.3197
8681.68 -16.0201
8693.69 -15.7319
8705.71 -15.4468
8717.72 -15.1523
8729.73 -14.8201
8741.74 -14.3447
8753.75 -14.0563
8765.77 -13.8834
8777.78 -13.7937
8789.79 -13.7799
8801.8 -13.8438
8813.81 -13.9954
8825.83 -14.2598
8837.84 -14.7149
8849.85 -15.4848
8861.86 -15.9095
8873.87 -16.2143
8885.89 -16.4528
8897.9 -16.6465
8909.91 -16.8071
8921.92 -16.9419
8933.93 -17.0558
8945.95 -17.1523
8957.96 -17.2341
8969.97 -17.303
8981.98 -17.3607
8993.99 -17.4085
9006.01 -17.4473
9018.02 -17.4782
9030.03 -17.5017
9042.04 -17.5185
9054.05 -17.5292
9066.07 -17.5342
9078.08 -17.5339
9090.09 -17.5286
9102.1 -17.5187
9114.11 -17.5044
9126.13 -17.486
9138.14 -17.4636
9150.15 -17.4376
9162.16 -17.408
9174.17 -17.3751
9186.19 -17.339
9198.2 -17.2998
9210.21 -17.2576
9222.22 -17.2127
9234.23 -17.1649
9246.25 -17.1146
9258.26 -17.0617
9270.27 -17.0064
9282.28 -16.9488
9294.29 -16.8888
9306.31 -16.8267
9318.32 -16.7624
9330.33 -16.696
9342.34 -16.6277
9354.35 -16.5574
9366.37 -16.4852
9378.38 -16.4112
9390.39 -16.3353
9402.4 -16.2578
9414.41 -16.1786
9426.43 -16.0978
9438.44 -16.0154
9450.45 -15.9314
9462.46 -15.846
9474.47 -15.7591
9486.49 -15.6709
9498.5 -15.5812
9510.51 -15.4903
9522.52 -15.398
9534.53 -15.3046
9546.55 -15.2099
9558.56 -15.1141
9570.57 -15.0171
9582.58 -14.919
9594.59 -14.8199
9606.61 -14.7198
9618.62 -14.6187
9630.63 -14.5166
9642.64 -14.4137
9654.65 -14.3098
9666.67 -14.2051
9678.68 -14.0995
9690.69 -13.9932
9702.7 -13.8861
9714.71 -13.7783
9726.73 -13.6698
9738.74 -13.5606
9750.75 -13.4508
9762.76 -13.3403
9774.77 -13.2293
9786.79 -13.1176
9798.8 -13.0055
9810.81 -12.8928
9822.82 -12.7796
9834.83 -12.6659
9846.85 -12.5517
9858.86 -12.4372
9870.87 -12.3221
9882.88 -12.2067
9894.89 -12.0909
9906.91 -11.9747
9918.92 -11.8581
9930.93 -11.7412
9942.94 -11.6239
9954.95 -11.5063
9966.97 -11.3883
9978.98 -11.27
9990.99 -11.1513
10003 -11.0324
10015 -10.9131
10027 -10.7934
10039 -10.6735
10051.1 -10.5531
10063.1 -10.4325
10075.1 -10.3114
10087.1 -10.1899
10099.1 -10.0681
10111.1 -9.94583
10123.1 -9.82312
10135.1 -9.69994
10147.1 -9.57626
10159.2 -9.45206
10171.2 -9.3273
10183.2 -9.20194
10195.2 -9.07596
10207.2 -8.9493
10219.2 -8.82192
10231.2 -8.69377
10243.2 -8.56479
10255.3 -8.43495
10267.3 -8.30417
10279.3 -8.17239
10291.3 -8.03955
10303.3 -7.90557
10315.3 -7.77039
10327.3 -7.63392
10339.3 -7.49608
10351.4 -7.35679
10363.4 -7.21595
10375.4 -7.07347
10387.4 -6.92924
10399.4 -6.78317
10411.4 -6.63515
10423.4 -6.48505
10435.4 -6.33277
10447.4 -6.17816
10459.5 -6.02111
10471.5 -5.86148
10483.5 -5.69912
10495.5 -5.53388
10507.5 -5.36562
10519.5 -5.19415
10531.5 -5.01933
10543.5 -4.84096
10555.6 -4.65886
10567.6 -4.47283
10579.6 -4.28267
10591.6 -4.08816
10603.6 -3.88906
10615.6 -3.68514
10627.6 -3.47612
10639.6 -3.26172
10651.7 -3.04163
10663.7 -2.81553
10675.7 -2.58305
10687.7 -2.34376
10699.7 -2.09721
10711.7 -1.84286
10723.7 -1.58009
10735.7 -1.30816
10747.7 -1.02616
10759.8 -0.732938
10771.8 -0.426996
10783.8 -0.106285
10795.8 0.232165
10807.8 0.593029
10819.8 0.984657
10831.8 1.42606
10843.8 2.02131
10855.9 2.53258
10867.9 2.93972
10879.9 3.29297
10891.9 3.60456
10903.9 3.87801
10915.9 4.11165
10927.9 4.29747
10939.9 4.41104
10952 4.34923
10964 4.42369
10976 4.57094
10988 4.75524
11000 4.96373
11012 5.18923
11024 5.4264
11036 5.66971
11048 5.90895
11060.1 6.12777
11072.1 6.39687
11084.1 6.69125
11096.1 7.00397
11108.1 7.33177
11120.1 7.67249
11132.1 8.02449
11144.1 8.38643
11156.2 8.75723
11168.2 9.13544
11180.2 9.51827
11192.2 9.90467
11204.2 10.2927
11216.2 10.6799
11228.2 11.0624
11240.2 11.4341
11252.3 11.7817
11264.3 12.0345
11276.3 12.3396
11288.3 12.7328
11300.3 13.173
11312.3 13.6505
11324.3 14.1624
11336.3 14.7099
11348.3 15.2995
11360.4 15.9518
11372.4 16.7661
11384.4 17.4537
11396.4 18.0602
11408.4 18.6189
11420.4 19.1386
11432.4 19.6207
11444.4 20.0617
11456.5 20.4518
11468.5 20.7605
11480.5 20.9163
11492.5 21.2118
11504.5 21.5555
11516.5 21.9198
11528.5 22.2924
11540.5 22.6642
11552.6 23.0258
11564.6 23.3633
11576.6 23.6365
11588.6 23.8411
11600.6 24.1833
11612.6 24.5761
11624.6 25.0025
11636.6 25.4546
11648.6 25.9278
11660.7 26.419
11672.7 26.9254
11684.7 27.4406
11696.7 27.9745
11708.7 28.5324
11720.7 29.1109
11732.7 29.7108
11744.7 30.3343
11756.8 30.9859
11768.8 31.6747
11780.8 32.4227
11792.8 33.3375
11804.8 34.1338
11816.8 34.8437
11828.8 35.5077
11840.8 36.1377
11852.9 36.7385
11864.9 37.3103
11876.9 37.8483
11888.9 38.3335
11900.9 38.7074
11912.9 39.199
11924.9 39.7466
11936.9 40.3328
11948.9 40.954
11961 41.612
11973 42.3137
11985 43.0749
11997 43.9476
12009 44.9625
12021 45.789
12033 46.5578
12045 47.2976
12057.1 48.0232
12069.1 48.7467
12081.1 49.4816
12093.1 50.2516
12105.1 51.1503
12117.1 52.0463
12129.1 52.7522
12141.1 53.3753
12153.2 53.9368
12165.2 54.4457
12177.2 54.906
12189.2 55.3175
12201.2 55.6732
12213.2 55.9245
12225.2 56.1995
12237.2 56.4917
12249.2 56.781
12261.3 57.0611
12273.3 57.3287
12285.3 57.5807
12297.3 57.8132
12309.3 58.0173
12321.3 58.1645
12333.3 58.3494
12345.3 58.5476
12357.4 58.7497
12369.4 58.952
12381.4 59.1524
12393.4 59.3493
12405.4 59.5408
12417.4 59.7216
12429.4 59.8866
12441.4 60.0729
12453.5 60.2678
12465.5 60.4694
12477.5 60.678
12489.5 60.8955
12501.5 61.126
12513.5 61.379
12525.5 61.6946
12537.5 62.0294
12549.5 62.2578
12561.6 62.4404
12573.6 62.5864
12585.6 62.6978
12597.6 62.7725
12609.6 62.8028
12621.6 62.7686
12633.6 62.5554
12645.6 62.4347
12657.7 62.4159
12669.7 62.4462
12681.7 62.5113
12693.7 62.6053
12705.7 62.7264
12717.7 62.8759
12729.7 63.0623
12741.7 63.3212
12753.8 63.5385
12765.8 63.74
12777.8 63.9387
12789.8 64.14
12801.8 64.348
12813.8 64.5675
12825.8 64.8059
12837.8 65.083
12849.8 65.4291
12861.9 65.6878
12873.9 65.9138
12885.9 66.1204
12897.9 66.314
12909.9 66.4985
12921.9 66.6777
12933.9 66.8572
12945.9 67.0536
12958 67.2581
12970 67.4045
12982 67.5224
12994 67.6163
13006 67.6871
13018 67.7333
13030 67.7502
13042 67.7261
13054.1 67.5917
13066.1 67.5014
13078.1 67.4773
13090.1 67.4833
13102.1 67.5103
13114.1 67.5555
13126.1 67.6189
13138.1 67.704
13150.2 67.8225
13162.2 68.0286
13174.2 68.1611
13186.2 68.2491
13198.2 68.311
13210.2 68.3523
13222.2 68.3749
13234.2 68.3789
13246.2 68.3619
13258.3 68.3155
13270.3 68.2211
13282.3 68.1609
13294.3 68.1083
13306.3 68.0557
13318.3 67.9994
13330.3 67.9365
13342.3 67.8636
13354.4 67.7753
13366.4 67.6552
13378.4 67.5046
13390.4 67.4008
13402.4 67.3095
13414.4 67.2232
13426.4 67.1375
13438.4 67.0484
13450.5 66.9505
13462.5 66.834
13474.5 66.6491
13486.5 66.4938
13498.5 66.4018
13510.5 66.3408
13522.5 66.3029
13534.5 66.2845
13546.5 66.2838
13558.6 66.3004
13570.6 66.3352
13582.6 66.395
13594.6 66.461
13606.6 66.5368
13618.6 66.626
13630.6 66.7314
13642.6 66.8565
13654.7 67.0068
13666.7 67.1926
13678.7 67.4417
13690.7 67.8248
13702.7 68.0664
13714.7 68.2482
13726.7 68.3949
13738.7 68.5156
13750.8 68.6151
13762.8 68.6957
13774.8 68.7576
13786.8 68.7971
13798.8 68.8132
13810.8 68.8389
13822.8 68.8618
13834.8 68.8798
13846.8 68.8919
13858.9 68.8978
13870.9 68.8968
13882.9 68.8883
13894.9 68.8705
13906.9 68.8458
13918.9 68.8158
13930.9 68.7784
13942.9 68.7326
13955 68.6771
13967 68.6102
13979 68.5288
13991 68.4265
14003 68.2729
14015 68.1443
14027 68.033
14039 67.9264
14051.1 67.8193
14063.1 67.7082
14075.1 67.589
14087.1 67.4558
14099.1 67.2945
14111.1 67.0632
14123.1 66.9059
14135.1 66.7836
14147.1 66.682
14159.2 66.5957
14171.2 66.5219
14183.2 66.4588
14195.2 66.4052
14207.2 66.3601
14219.2 66.3229
14231.2 66.2954
14243.2 66.2767
14255.3 66.2671
14267.3 66.2671
14279.3 66.2776
14291.3 66.3005
14303.3 66.3398
14315.3 66.4117
14327.3 66.4968
14339.3 66.5548
14351.4 66.6081
14363.4 66.6619
14375.4 66.7199
14387.4 66.7858
14399.4 66.8654
14411.4 66.9704
14423.4 67.161
14435.4 67.2935
14447.4 67.3696
14459.5 67.4156
14471.5 67.4391
14483.5 67.4437
14495.5 67.431
14507.5 67.4008
14519.5 67.3507
14531.5 67.2683
14543.5 67.196
14555.6 67.1238
14567.6 67.0475
14579.6 66.9657
14591.6 66.8771
14603.6 66.7807
14615.6 66.6751
14627.6 66.5566
14639.6 66.4206
14651.7 66.2922
14663.7 66.1618
14675.7 66.0266
14687.7 65.8848
14699.7 65.7344
14711.7 65.5724
14723.7 65.3932
14735.7 65.1755
14747.7 64.937
14759.8 64.7516
14771.8 64.584
14783.8 64.4279
14795.8 64.2808
14807.8 64.1416
14819.8 64.01
14831.8 63.8873
14843.8 63.7834
14855.9 63.6748
14867.9 63.5597
14879.9 63.4432
14891.9 63.3268
14903.9 63.2117
14915.9 63.0989
14927.9 62.9897
14939.9 62.8868
14952 62.7991
14964 62.7021
14976 62.6016
14988 62.5017
15000 62.4049
15012 62.3136
15024 62.2315
15036 62.165
15048 62.1316
15060.1 62.1623
15072.1 62.1094
15084.1 62.0227
15096.1 61.9151
15108.1 61.7921
15120.1 61.6574
15132.1 61.5144
15144.1 61.3672
15156.2 61.2286
15168.2 61.0945
15180.2 60.9101
15192.2 60.699
15204.2 60.4649
15216.2 60.2081
15228.2 59.9272
15240.2 59.6179
15252.3 59.2695
15264.3 58.8199
15276.3 58.4005
15288.3 58.0436
15300.3 57.7125
15312.3 57.3983
15324.3 57.0971
15336.3 56.8077
15348.3 56.5304
15360.4 56.2689
15372.4 56.0419
15384.4 55.7949
15396.4 55.5371
15408.4 55.2758
15420.4 55.014
15432.4 54.754
15444.4 54.4988
15456.5 54.2529
15468.5 54.0288
15480.5 53.8546
15492.5 53.6134
15504.5 53.3407
15516.5 53.0461
15528.5 52.7323
15540.5 52.3995
15552.6 52.0456
15564.6 51.6639
15576.6 51.23
15588.6 50.7429
15600.6 50.3416
15612.6 49.9696
15624.6 49.6165
15636.6 49.2784
15648.6 48.9532
15660.7 48.6405
15672.7 48.3405
15684.7 48.0574
15696.7 47.7838
15708.7 47.5168
15720.7 47.2606
15732.7 47.0176
15744.7 46.7907
15756.8 46.5842
15768.8 46.4056
15780.8 46.2717
15792.8 46.2615
15804.8 46.1688
15816.8 46.0183
15828.8 45.841
15840.8 45.6477
15852.9 45.4451
15864.9 45.2389
15876.9 45.0361
15888.9 44.8513
15900.9 44.7228
15912.9 44.5128
15924.9 44.2608
15936.9 43.9794
15948.9 43.6728
15961 43.342
15973 42.9855
15985 42.5977
15997 42.1575
16009 41.6527
16021 41.2298
16033 40.8333
16045 40.4532
16057.1 40.0862
16069.1 39.732
16081.1 39.3928
16093.1 39.0758
16105.1 38.8176
16117.1 38.5625
16129.1 38.2323
16141.1 37.8696
16153.2 37.4815
16165.2 37.0698
16177.2 36.6337
16189.2 36.169
16201.2 35.664
16213.2 35.0569
16225.2 34.5034
16237.2 33.9943
16249.2 33.5036
16261.3 33.0227
16273.3 32.5468
16285.3 32.0718
16297.3 31.5933
16309.3 31.1025
16321.3 30.5729
16333.3 30.0898
16345.3 29.6309
16357.4 29.1873
16369.4 28.7555
16381.4 28.334
16393.4 27.9219
16405.4 27.5193
16417.4 27.1287
16429.4 26.7531
16441.4 26.3683
16453.5 25.9826
16465.5 25.5976
16477.5 25.2136
16489.5 24.831
16501.5 24.4499
16513.5 24.0704
16525.5 23.694
16537.5 23.3188
16549.5 22.9395
16561.6 22.5583
16573.6 22.175
16585.6 21.7891
16597.6 21.4
16609.6 21.006
16621.6 20.6042
16633.6 20.1786
16645.6 19.7654
16657.7 19.3655
16669.7 18.9712
16681.7 18.5801
16693.7 18.1906
16705.7 17.8015
16717.7 17.4118
16729.7 17.0196
16741.7 16.6203
16753.8 16.2255
16765.8 15.8318
16777.8 15.4368
16789.8 15.0393
16801.8 14.6375
16813.8 14.2296
16825.8 13.8126
16837.8 13.3788
16849.8 12.9171
16861.9 12.4805
16873.9 12.0488
16885.9 11.6156
16897.9 11.1764
16909.9 10.7262
16921.9 10.2577
16933.9 9.7569
16945.9 9.17402
16958 8.53678
16970 8.04852
16982 7.61726
16994 7.22689
17006 6.87127
17018 6.54876
17030 6.26172
17042 6.02044
17054.1 5.89297
17066.1 5.72315
17078.1 5.48756
17090.1 5.22128
17102.1 4.93175
17114.1 4.62022
17126.1 4.28406
17138.1 3.91553
17150.2 3.49322
17162.2 2.9246
17174.2 2.47934
17186.2 2.1068
17198.2 1.77423
17210.2 1.46992
17222.2 1.1872
17234.2 0.920865
17246.2 0.664887
17258.3 0.4063
17270.3 0.119468
17282.3 -0.0835804
17294.3 -0.237393
17306.3 -0.349615
17318.3 -0.420917
17330.3 -0.448222
17342.3 -0.423791
17354.4 -0.329744
17366.4 -0.101792
17378.4 0.250011
17390.4 0.399567
17402.4 0.485023
17414.4 0.531638
17426.4 0.549875
17438.4 0.544715
17450.5 0.51779
17462.5 0.466613
17474.5 0.364893
17486.5 0.270674
17498.5 0.20466
17510.5 0.149436
17522.5 0.101439
17534.5 0.0596248
17546.5 0.0241965
17558.6 -0.0033143
17570.6 -0.0181482
17582.6 0.00337181
17594.6 -0.00559987
17606.6 -0.035995
17618.6 -0.0798799
17630.6 -0.13564
17642.6 -0.203803
17654.7 -0.286832
17666.7 -0.390646
17678.7 -0.532712
17690.7 -0.758688
17702.7 -0.887702
17714.7 -0.972563
17726.7 -1.02858
17738.7 -1.06083
17750.8 -1.0709
17762.8 -1.05811
17774.8 -1.01861
17786.8 -0.937314
17798.8 -0.808715
17810.8 -0.726372
17822.8 -0.652357
17834.8 -0.578379
17846.8 -0.499743
17858.9 -0.412163
17870.9 -0.309986
17882.9 -0.182503
17894.9 0.0216848
17906.9 0.213465
17918.9 0.329557
17930.9 0.413437
17942.9 0.474665
17955 0.517426
17967 0.543655
17979 0.553734
17991 0.545766
18003 0.505886
18015 0.471703
18027 0.439974
18039 0.404744
18051.1 0.363666
18063.1 0.314838
18075.1 0.255911
18087.1 0.18296
18099.1 0.0862405
18111.1 -0.0637176
18123.1 -0.16516
18135.1 -0.245828
18147.1 -0.315998
18159.2 -0.379934
18171.2 -0.440444
18183.2 -0.500197
18195.2 -0.563027
18207.2 -0.639255
18219.2 -0.737002
18231.2 -0.787053
18243.2 -0.815057
18255.3 -0.825701
18267.3 -0.820058
18279.3 -0.797379
18291.3 -0.754883
18303.3 -0.685449
18315.3 -0.55728
18327.3 -0.41058
18339.3 -0.328141
18351.4 -0.26647
18363.4 -0.217355
18375.4 -0.176973
18387.4 -0.143041
18399.4 -0.113912
18411.4 -0.0880052
18423.4 -0.0614694
18435.4 -0.0411128
18447.4 -0.0262623
18459.5 -0.0149408
18471.5 -0.00601337
18483.5 0.00171611
18495.5 0.00995065
18507.5 0.0218027
18519.5 0.0454339
18531.5 0.110338
18543.5 0.118531
18555.6 0.0924134
18567.6 0.0405603
18579.6 -0.0355521
18591.6 -0.137328
18603.6 -0.269062
18615.6 -0.440541
18627.6 -0.681909
18639.6 -1.03366
18651.7 -1.25745
18663.7 -1.43815
18675.7 -1.59569
18687.7 -1.73912
18699.7 -1.87456
18711.7 -2.00795
18723.7 -2.14812
18735.7 -2.32417
18747.7 -2.51275
18759.8 -2.61459
18771.8 -2.67651
18783.8 -2.70604
18795.8 -2.70509
18807.8 -2.67241
18819.8 -2.60301
18831.8 -2.48307
18843.8 -2.23291
18855.9 -2.03553
18867.9 -1.90584
18879.9 -1.80422
18891.9 -1.71962
18903.9 -1.64676
18915.9 -1.58258
18927.9 -1.5251
18939.9 -1.47296
18952 -1.42518
18964 -1.38102
18976 -1.33992
18988 -1.30143
19000 -1.26519
