7000 -17.0653
7012.01 -17.1558
7024.02 -17.2476
7036.04 -17.3408
7048.05 -17.4355
7060.06 -17.5318
7072.07 -17.6296
7084.08 -17.7292
7096.1 -17.8306
7108.11 -17.9338
7120.12 -18.0391
7132.13 -18.1465
7144.14 -18.2562
7156.16 -18.3683
7168.17 -18.483
7180.18 -18.6005
7192.19 -18.7209
7204.2 -18.8445
7216.22 -18.9716
7228.23 -19.1023
7240.24 -19.2372
7252.25 -19.3764
7264.26 -19.5205
7276.28 -19.6699
7288.29 -19.8252
7300.3 -19.987
7312.31 -20.1561
7324.32 -20.3334
7336.34 -20.5201
7348.35 -20.7174
7360.36 -20.9271
7372.37 -21.1512
7384.38 -21.3926
7396.4 -21.6547
7408.41 -21.9426
7420.42 -22.2634
7432.43 -22.6278
7444.44 -23.054
7456.46 -23.5773
7468.47 -24.2968
7480.48 -25.4433
7492.49 -26.0513
7504.5 -26.4127
7516.52 -26.6045
7528.53 -26.6498
7540.54 -26.5508
7552.55 -26.2924
7564.56 -25.8298
7576.58 -24.9945
7588.59 -23.7709
7600.6 -23.1157
7612.61 -22.6391
7624.62 -22.2686
7636.64 -21.9741
7648.65 -21.7405
7660.66 -21.5607
7672.67 -21.4357
7684.68 -21.4029
7696.7 -21.3788
7708.71 -21.3212
7720.72 -21.2593
7732.73 -21.199
7744.74 -21.1427
7756.76 -21.0917
7768.77 -21.0474
7780.78 -21.0119
7792.79 -20.9948
7804.8 -20.9714
7816.82 -20.9447
7828.83 -20.9187
7840.84 -20.8949
7852.85 -20.8745
7864.86 -20.8593
7876.88 -20.852
7888.89 -20.8604
7900.9 -20.9058
7912.91 -20.9082
7924.92 -20.8897
7936.94 -20.857
7948.95 -20.812
7960.96 -20.7546
7972.97 -20.6832
7984.98 -20.5932
7997 -20.4683
8009.01 -20.2995
8021.02 -20.1955
8033.03 -20.1152
8045.05 -20.0511
8057.06 -20.0011
8069.07 -19.9652
8081.08 -19.9461
8093.09 -19.9512
8105.11 -20.0171
8117.12 -20.0877
8129.13 -20.0881
8141.14 -20.06
8153.15 -20.0111
8165.17 -19.944
8177.18 -19.8593
8189.19 -19.7556
8201.2 -19.6276
8213.21 -19.4457
8225.23 -19.2847
8237.24 -19.1404
8249.25 -19.0004
8261.26 -18.8604
8273.27 -18.7178
8285.29 -18.5706
8297.3 -18.4159
8309.31 -18.2482
8321.32 -18.0508
8333.33 -17.8781
8345.35 -17.716
8357.36 -17.5588
8369.37 -17.4044
8381.38 -17.252
8393.39 -17.1016
8405.41 -16.9546
8417.42 -16.8176
8429.43 -16.6975
8441.44 -16.5372
8453.45 -16.3556
8465.47 -16.155
8477.48 -15.9349
8489.49 -15.6923
8501.5 -15.4216
8513.51 -15.1107
8525.53 -14.7117
8537.54 -14.2728
8549.55 -13.9404
8561.56 -13.6408
8573.57 -13.3599
8585.59 -13.0906
8597.6 -12.828
8609.61 -12.568
8621.62 -12.3056
8633.63 -12.0258
8645.65 -11.7562
8657.66 -11.495
8669.67 -11.233
8681.68 -10.9645
8693.69 -10.6824
8705.71 -10.3768
8717.72 -10.0291
8729.73 -9.59291
8741.74 -8.89228
8753.75 -8.47989
8765.77 -8.23525
8777.78 -8.10281
8789.79 -8.06754
8801.8 -8.12807
8813.81 -8.29386
8825.83 -8.59193
8837.84 -9.10986
8849.85 -9.98777
8861.86 -10.4762
8873.87 -10.8307
8885.89 -11.1114
8897.9 -11.3426
8909.91 -11.5375
8921.92 -11.704
8933.93 -11.8477
8945.95 -11.9722
8957.96 -12.0806
8969.97 -12.1749
8981.98 -12.2569
8993.99 -12.328
9006.01 -12.3893
9018.02 -12.4417
9030.03 -12.4859
9042.04 -12.5227
9054.05 -12.5526
9066.07 -12.576
9078.08 -12.5935
9090.09 -12.6053
9102.1 -12.6118
9114.11 -12.6132
9126.13 -12.6099
9138.14 -12.602
9150.15 -12.5897
9162.16 -12.5733
9174.17 -12.5529
9186.19 -12.5286
9198.2 -12.5006
9210.21 -12.4691
9222.22 -12.434
9234.23 -12.3956
9246.25 -12.354
9258.26 -12.3091
9270.27 -12.2612
9282.28 -12.2103
9294.29 -12.1565
9306.31 -12.0998
9318.32 -12.0403
9330.33 -11.9782
9342.34 -11.9133
9354.35 -11.8459
9366.37 -11.776
9378.38 -11.7036
9390.39 -11.6287
9402.4 -11.5515
9414.41 -11.472
9426.43 -11.3902
9438.44 -11.3061
9450.45 -11.2199
9462.46 -11.1316
9474.47 -11.0411
9486.49 -10.9487
9498.5 -10.8542
9510.51 -10.7577
9522.52 -10.6594
9534.53 -10.5591
9546.55 -10.457
9558.56 -10.3531
9570.57 -10.2475
9582.58 -10.1401
9594.59 -10.031
9606.61 -9.92029
9618.62 -9.80796
9630.63 -9.69405
9642.64 -9.57861
9654.65 -9.46165
9666.67 -9.34322
9678.68 -9.22336
9690.69 -9.10209
9702.7 -8.97945
9714.71 -8.85548
9726.73 -8.73019
9738.74 -8.60363
9750.75 -8.47582
9762.76 -8.34679
9774.77 -8.21657
9786.79 -8.08519
9798.8 -7.95267
9810.81 -7.81904
9822.82 -7.68432
9834.83 -7.54854
9846.85 -7.41172
9858.86 -7.27387
9870.87 -7.13502
9882.88 -6.99519
9894.89 -6.85438
9906.91 -6.71263
9918.92 -6.56992
9930.93 -6.42629
9942.94 -6.28174
9954.95 -6.13627
9966.97 -5.9899
9978.98 -5.84262
9990.99 -5.69444
10003 -5.54536
10015 -5.39537
10027 -5.24447
10039 -5.09265
10051.1 -4.9399
10063.1 -4.78621
10075.1 -4.63156
10087.1 -4.47593
10099.1 -4.31931
10111.1 -4.16167
10123.1 -4.00297
10135.1 -3.8432
10147.1 -3.68232
10159.2 -3.52029
10171.2 -3.35707
10183.2 -3.19261
10195.2 -3.02687
10207.2 -2.8598
10219.2 -2.69135
10231.2 -2.52145
10243.2 -2.35004
10255.3 -2.17705
10267.3 -2.00241
10279.3 -1.82606
10291.3 -1.6479
10303.3 -1.46785
10315.3 -1.28582
10327.3 -1.10173
10339.3 -0.915462
10351.4 -0.726923
10363.4 -0.536003
10375.4 -0.342586
10387.4 -0.146553
10399.4 0.052222
10411.4 0.253869
10423.4 0.458526
10435.4 0.666336
10447.4 0.877447
10459.5 1.09202
10471.5 1.31021
10483.5 1.53219
10495.5 1.75815
10507.5 1.98826
10519.5 2.22272
10531.5 2.46174
10543.5 2.70552
10555.6 2.9543
10567.6 3.20831
10579.6 3.46779
10591.6 3.73302
10603.6 4.00427
10615.6 4.28184
10627.6 4.56605
10639.6 4.85724
10651.7 5.15579
10663.7 5.46209
10675.7 5.77662
10687.7 6.09985
10699.7 6.43236
10711.7 6.7748
10723.7 7.12793
10735.7 7.49263
10747.7 7.87002
10759.8 8.26145
10771.8 8.66872
10783.8 9.09423
10795.8 9.54148
10807.8 10.0159
10819.8 10.527
10831.8 11.0966
10843.8 11.8428
10855.9 12.4964
10867.9 13.0351
10879.9 13.5162
10891.9 13.954
10903.9 14.3533
10915.9 14.7134
10927.9 15.0271
10939.9 15.2713
10952 15.3462
10964 15.5555
10976 15.8379
10988 16.1596
11000 16.509
11012 16.8805
11024 17.271
11036 17.679
11048 18.1055
11060.1 18.554
11072.1 19.0007
11084.1 19.4524
11096.1 19.9102
11108.1 20.3744
11120.1 20.8448
11132.1 21.3212
11144.1 21.8039
11156.2 22.2948
11168.2 22.792
11180.2 23.282
11192.2 23.769
11204.2 24.2521
11216.2 24.7292
11228.2 25.197
11240.2 25.6492
11252.3 26.0721
11264.3 26.3914
11276.3 26.7624
11288.3 27.2233
11300.3 27.7306
11312.3 28.2743
11324.3 28.8513
11336.3 29.4627
11348.3 30.115
11360.4 30.8285
11372.4 31.7011
11384.4 32.449
11396.4 33.1174
11408.4 33.7392
11420.4 34.3234
11432.4 34.8719
11444.4 35.3823
11456.5 35.8457
11468.5 36.2353
11480.5 36.4871
11492.5 36.8651
11504.5 37.2874
11516.5 37.7302
11528.5 38.1834
11540.5 38.6408
11552.6 39.0971
11564.6 39.5462
11576.6 39.9738
11588.6 40.3776
11600.6 40.8219
11612.6 41.2782
11624.6 41.7397
11636.6 42.2027
11648.6 42.6639
11660.7 43.1198
11672.7 43.5642
11684.7 43.9696
11696.7 44.3864
11708.7 44.8393
11720.7 45.3085
11732.7 45.7899
11744.7 46.2822
11756.8 46.786
11768.8 47.3043
11780.8 47.8468
11792.8 48.4626
11804.8 49.0179
11816.8 49.5269
11828.8 50.0075
11840.8 50.4642
11852.9 50.8975
11864.9 51.3053
11876.9 51.6809
11888.9 52.0042
11900.9 52.2168
11912.9 52.5399
11924.9 52.912
11936.9 53.3142
11948.9 53.7407
11961 54.1901
11973 54.6639
11985 55.1676
11997 55.7215
12009 56.3376
12021 56.8878
12033 57.424
12045 57.9588
12057.1 58.5001
12069.1 59.0561
12081.1 59.6381
12093.1 60.2681
12105.1 61.0391
12117.1 61.8186
12129.1 62.4183
12141.1 62.9459
12153.2 63.4229
12165.2 63.8592
12177.2 64.2603
12189.2 64.6292
12201.2 64.9663
12213.2 65.2616
12225.2 65.5468
12237.2 65.8211
12249.2 66.0806
12261.3 66.3242
12273.3 66.5513
12285.3 66.7615
12297.3 66.9532
12309.3 67.1227
12321.3 67.2568
12333.3 67.4005
12345.3 67.5425
12357.4 67.6783
12369.4 67.8061
12381.4 67.9249
12393.4 68.0332
12405.4 68.1293
12417.4 68.2073
12429.4 68.2611
12441.4 68.3339
12453.5 68.4106
12465.5 68.4882
12477.5 68.5663
12489.5 68.6456
12501.5 68.7282
12513.5 68.8197
12525.5 68.9441
12537.5 69.0747
12549.5 69.1345
12561.6 69.1599
12573.6 69.1558
12585.6 69.1223
12597.6 69.0567
12609.6 68.9514
12621.6 68.7881
12633.6 68.4643
12645.6 68.2217
12657.7 68.0684
12669.7 67.957
12681.7 67.8746
12693.7 67.8156
12705.7 67.7784
12717.7 67.7641
12729.7 67.7811
12741.7 67.8652
12753.8 67.8987
12765.8 67.9072
12777.8 67.9022
12789.8 67.8875
12801.8 67.864
12813.8 67.8315
12825.8 67.7881
12837.8 67.7262
12849.8 67.6337
12861.9 67.5767
12873.9 67.5327
12885.9 67.4965
12897.9 67.466
12909.9 67.4399
12921.9 67.4174
12933.9 67.3976
12945.9 67.3781
12958 67.3601
12970 67.3533
12982 67.3535
12994 67.3604
13006 67.3739
13018 67.3947
13030 67.4236
13042 67.4627
13054.1 67.5219
13066.1 67.5814
13078.1 67.639
13090.1 67.701
13102.1 67.7702
13114.1 67.8498
13126.1 67.9439
13138.1 68.0595
13150.2 68.2134
13162.2 68.4746
13174.2 68.6436
13186.2 68.7581
13198.2 68.8421
13210.2 68.9041
13222.2 68.9483
13234.2 68.9772
13246.2 68.9925
13258.3 68.995
13270.3 68.9851
13282.3 68.9652
13294.3 68.9348
13306.3 68.8939
13318.3 68.8423
13330.3 68.7795
13342.3 68.7044
13354.4 68.6149
13366.4 68.5039
13378.4 68.3722
13390.4 68.2543
13402.4 68.135
13414.4 68.0107
13426.4 67.8793
13438.4 67.7385
13450.5 67.5856
13462.5 67.4153
13474.5 67.202
13486.5 66.9947
13498.5 66.8098
13510.5 66.6302
13522.5 66.4505
13534.5 66.2671
13546.5 66.0764
13558.6 65.8734
13570.6 65.6475
13582.6 65.3542
13594.6 65.1131
13606.6 64.9058
13618.6 64.7156
13630.6 64.5361
13642.6 64.3637
13654.7 64.1948
13666.7 64.0254
13678.7 63.8461
13690.7 63.6346
13702.7 63.476
13714.7 63.3452
13726.7 63.2348
13738.7 63.1426
13750.8 63.0683
13762.8 63.0134
13774.8 62.9821
13786.8 62.9895
13798.8 63.0412
13810.8 63.0437
13822.8 63.0348
13834.8 63.0221
13846.8 63.0098
13858.9 63.001
13870.9 62.9998
13882.9 63.0125
13894.9 63.07
13906.9 63.1199
13918.9 63.1253
13930.9 63.112
13942.9 63.0862
13955 63.0508
13967 63.0078
13979 62.9589
13991 62.9064
14003 62.8585
14015 62.7954
14027 62.7192
14039 62.6328
14051.1 62.5372
14063.1 62.4326
14075.1 62.3186
14087.1 62.1944
14099.1 62.0569
14111.1 61.8966
14123.1 61.7471
14135.1 61.5994
14147.1 61.4504
14159.2 61.2988
14171.2 61.1441
14183.2 60.9863
14195.2 60.8261
14207.2 60.667
14219.2 60.5114
14231.2 60.3299
14243.2 60.1323
14255.3 59.9192
14267.3 59.6896
14279.3 59.4411
14291.3 59.1692
14303.3 58.8642
14315.3 58.4859
14327.3 58.0832
14339.3 57.7575
14351.4 57.4541
14363.4 57.1617
14375.4 56.874
14387.4 56.5858
14399.4 56.2908
14411.4 55.9773
14423.4 55.5893
14435.4 55.2597
14447.4 54.9871
14459.5 54.7473
14471.5 54.5335
14483.5 54.3435
14495.5 54.1772
14507.5 54.0375
14519.5 53.9338
14531.5 53.9022
14543.5 53.8253
14555.6 53.7317
14567.6 53.6342
14579.6 53.5387
14591.6 53.4493
14603.6 53.3711
14615.6 53.3122
14627.6 53.2948
14639.6 53.3483
14651.7 53.3021
14663.7 53.2168
14675.7 53.106
14687.7 52.9751
14699.7 52.8266
14711.7 52.6613
14723.7 52.4777
14735.7 52.2658
14747.7 52.0361
14759.8 51.8281
14771.8 51.6241
14783.8 51.4214
14795.8 51.2193
14807.8 51.0183
14819.8 50.8194
14831.8 50.626
14843.8 50.456
14855.9 50.2688
14867.9 50.0613
14879.9 49.8429
14891.9 49.6164
14903.9 49.384
14915.9 49.1478
14927.9 48.9109
14939.9 48.6808
14952 48.4881
14964 48.24
14976 47.9543
14988 47.6402
15000 47.2993
15012 46.9299
15024 46.5276
15036 46.0818
15048 45.5608
15060.1 44.9071
15072.1 44.4027
15084.1 43.9545
15096.1 43.5396
15108.1 43.1495
15120.1 42.7804
15132.1 42.4309
15144.1 42.1024
15156.2 41.8051
15168.2 41.5344
15180.2 41.2387
15192.2 40.9406
15204.2 40.6444
15216.2 40.3528
15228.2 40.0679
15240.2 39.7925
15252.3 39.5317
15264.3 39.3091
15276.3 39.0779
15288.3 38.8276
15300.3 38.573
15312.3 38.3191
15324.3 38.0699
15336.3 37.8294
15348.3 37.6039
15360.4 37.4061
15372.4 37.2894
15384.4 37.1078
15396.4 36.8872
15408.4 36.6477
15420.4 36.3971
15432.4 36.1413
15444.4 35.8856
15456.5 35.6384
15468.5 35.4189
15480.5 35.2703
15492.5 35.0177
15504.5 34.7154
15516.5 34.3785
15528.5 34.0126
15540.5 33.6199
15552.6 33.2005
15564.6 32.7514
15576.6 32.2597
15588.6 31.7248
15600.6 31.2214
15612.6 30.7181
15624.6 30.2081
15636.6 29.687
15648.6 29.1504
15660.7 28.592
15672.7 27.9983
15684.7 27.3013
15696.7 26.6297
15708.7 26.0465
15720.7 25.502
15732.7 24.9847
15744.7 24.4897
15756.8 24.0151
15768.8 23.5608
15780.8 23.1298
15792.8 22.7407
15804.8 22.3429
15816.8 21.9425
15828.8 21.5476
15840.8 21.1617
15852.9 20.7882
15864.9 20.4315
15876.9 20.0992
15888.9 19.8111
15900.9 19.6224
15912.9 19.3287
15924.9 18.9878
15936.9 18.6178
15948.9 18.2248
15961 17.8104
15973 17.3734
15985 16.9077
15997 16.3895
16009 15.8053
16021 15.321
16033 14.8744
16045 14.4544
16057.1 14.0579
16069.1 13.6853
16081.1 13.3408
16093.1 13.0353
16105.1 12.8226
16117.1 12.6226
16129.1 12.3227
16141.1 11.9858
16153.2 11.6236
16165.2 11.2409
16177.2 10.8393
16189.2 10.4185
16201.2 9.97427
16213.2 9.48043
16225.2 9.0044
16237.2 8.54227
16249.2 8.08263
16261.3 7.62147
16273.3 7.15598
16285.3 6.68324
16297.3 6.19897
16309.3 5.69332
16321.3 5.13534
16333.3 4.62641
16345.3 4.13985
16357.4 3.66477
16369.4 3.19654
16381.4 2.73201
16393.4 2.26822
16405.4 1.80111
16417.4 1.32089
16429.4 0.816958
16441.4 0.355003
16453.5 -0.0898217
16465.5 -0.523545
16477.5 -0.94925
16489.5 -1.36932
16501.5 -1.78636
16513.5 -2.20457
16525.5 -2.63879
16537.5 -3.07417
16549.5 -3.4667
16561.6 -3.83821
16573.6 -4.19234
16585.6 -4.53018
16597.6 -4.85135
16609.6 -5.15382
16621.6 -5.43161
16633.6 -5.65013
16645.6 -5.89163
16657.7 -6.15887
16669.7 -6.43563
16681.7 -6.71725
16693.7 -7.0013
16705.7 -7.2861
16717.7 -7.56987
16729.7 -7.84928
16741.7 -8.11289
16753.8 -8.39624
16765.8 -8.69146
16777.8 -8.995
16789.8 -9.30589
16801.8 -9.62395
16813.8 -9.94944
16825.8 -10.283
16837.8 -10.6257
16849.8 -10.9793
16861.9 -11.3416
16873.9 -11.7157
16885.9 -12.1044
16897.9 -12.5113
16909.9 -12.942
16921.9 -13.4057
16933.9 -13.9212
16945.9 -14.5565
16958 -15.2736
16970 -15.7935
16982 -16.2428
16994 -16.6445
17006 -17.0081
17018 -17.338
17030 -17.6349
17042 -17.8939
17054.1 -18.0727
17066.1 -18.2721
17078.1 -18.5082
17090.1 -18.7594
17102.1 -19.022
17114.1 -19.2968
17126.1 -19.5872
17138.1 -19.9016
17150.2 -20.2617
17162.2 -20.7597
17174.2 -21.1271
17186.2 -21.4139
17198.2 -21.6526
17210.2 -21.8539
17222.2 -22.0235
17234.2 -22.1646
17246.2 -22.2795
17258.3 -22.3708
17270.3 -22.4422
17282.3 -22.4773
17294.3 -22.4802
17306.3 -22.45
17318.3 -22.3844
17330.3 -22.2784
17342.3 -22.1232
17354.4 -21.9005
17366.4 -21.5466
17378.4 -21.0707
17390.4 -20.7921
17402.4 -20.5749
17414.4 -20.3937
17426.4 -20.2378
17438.4 -20.1014
17450.5 -19.9819
17462.5 -19.8795
17474.5 -19.8095
17486.5 -19.735
17498.5 -19.6424
17510.5 -19.5416
17522.5 -19.4342
17534.5 -19.3195
17546.5 -19.1962
17558.6 -19.061
17570.6 -18.9061
17582.6 -18.6952
17594.6 -18.5273
17606.6 -18.388
17618.6 -18.2642
17630.6 -18.1516
17642.6 -18.0485
17654.7 -17.9543
17666.7 -17.8697
17678.7 -17.7986
17690.7 -17.7514
17702.7 -17.6853
17714.7 -17.613
17726.7 -17.5385
17738.7 -17.464
17750.8 -17.3913
17762.8 -17.323
17774.8 -17.2642
17786.8 -17.2318
17798.8 -17.2315
17810.8 -17.1576
17822.8 -17.0505
17834.8 -16.9166
17846.8 -16.7569
17858.9 -16.5691
17870.9 -16.3474
17882.9 -16.0772
17894.9 -15.6814
17906.9 -15.2966
17918.9 -15.0198
17930.9 -14.7853
17942.9 -14.5788
17955 -14.3942
17967 -14.2289
17979 -14.0825
17991 -13.9589
18003 -13.8842
18015 -13.7866
18027 -13.6717
18039 -13.5496
18051.1 -13.4231
18063.1 -13.2934
18075.1 -13.1607
18087.1 -13.0248
18099.1 -12.8845
18111.1 -12.7354
18123.1 -12.5929
18135.1 -12.4527
18147.1 -12.3133
18159.2 -12.174
18171.2 -12.0345
18183.2 -11.8946
18195.2 -11.7543
18207.2 -11.6147
18219.2 -11.4768
18231.2 -11.3275
18243.2 -11.1703
18255.3 -11.0048
18267.3 -10.8292
18279.3 -10.6407
18291.3 -10.4338
18303.3 -10.1967
18315.3 -9.87897
18327.3 -9.54437
18339.3 -9.32423
18351.4 -9.15072
18363.4 -9.01235
18375.4 -8.90543
18387.4 -8.83022
18399.4 -8.79122
18411.4 -8.80229
18423.4 -8.94305
18435.4 -9.01824
18447.4 -9.02936
18459.5 -9.01146
18471.5 -8.97461
18483.5 -8.92345
18495.5 -8.86039
18507.5 -8.78649
18519.5 -8.70119
18531.5 -8.59947
18543.5 -8.50029
18555.6 -8.39942
18567.6 -8.29505
18579.6 -8.18646
18591.6 -8.07321
18603.6 -7.95497
18615.6 -7.83168
18627.6 -7.70458
18639.6 -7.57539
18651.7 -7.42437
18663.7 -7.25553
18675.7 -7.06699
18687.7 -6.85448
18699.7 -6.6107
18711.7 -6.3225
18723.7 -5.96162
18735.7 -5.4173
18747.7 -4.78495
18759.8 -4.45931
18771.8 -4.25558
18783.8 -4.14338
18795.8 -4.1131
18807.8 -4.16528
18819.8 -4.31094
18831.8 -4.58355
18843.8 -5.1809
18855.9 -5.64696
18867.9 -5.94431
18879.9 -6.17145
18891.9 -6.35572
18903.9 -6.5102
18915.9 -6.64248
18927.9 -6.75742
18939.9 -6.8584
18952 -6.94786
18964 -7.02761
18976 -7.09908
18988 -7.16338
19000 -7.22142
