7000 -26.0247
7012.01 -26.0365
7024.02 -26.0478
7036.04 -26.0587
7048.05 -26.069
7060.06 -26.0788
7072.07 -26.0882
7084.08 -26.097
7096.1 -26.1053
7108.11 -26.1132
7120.12 -26.1205
7132.13 -26.1274
7144.14 -26.1337
7156.16 -26.1396
7168.17 -26.145
7180.18 -26.1499
7192.19 -26.1543
7204.2 -26.1582
7216.22 -26.1618
7228.23 -26.1648
7240.24 -26.1675
7252.25 -26.1697
7264.26 -26.1716
7276.28 -26.1731
7288.29 -26.1743
7300.3 -26.1752
7312.31 -26.1759
7324.32 -26.1765
7336.34 -26.1769
7348.35 -26.1774
7360.36 -26.178
7372.37 -26.1789
7384.38 -26.1803
7396.4 -26.1826
7408.41 -26.1861
7420.42 -26.1914
7432.43 -26.1995
7444.44 -26.212
7456.46 -26.2321
7468.47 -26.2687
7480.48 -26.3429
7492.49 -26.3663
7504.5 -26.3654
7516.52 -26.3473
7528.53 -26.3137
7540.54 -26.2648
7552.55 -26.199
7564.56 -26.1118
7576.58 -25.9871
7588.59 -25.8232
7600.6 -25.7088
7612.61 -25.607
7624.62 -25.51
7636.64 -25.4138
7648.65 -25.3148
7660.66 -25.2088
7672.67 -25.0879
7684.68 -24.913
7696.7 -24.7571
7708.71 -24.6566
7720.72 -24.5833
7732.73 -24.5311
7744.74 -24.498
7756.76 -24.4841
7768.77 -24.4917
7780.78 -24.5287
7792.79 -24.634
7804.8 -24.7029
7816.82 -24.7475
7828.83 -24.7832
7840.84 -24.8151
7852.85 -24.8463
7864.86 -24.8794
7876.88 -24.9179
7888.89 -24.9686
7900.9 -25.0495
7912.91 -25.0968
7924.92 -25.1293
7936.94 -25.1532
7948.95 -25.1713
7960.96 -25.1852
7972.97 -25.1964
7984.98 -25.2068
7997 -25.2204
8009.01 -25.2397
8021.02 -25.2415
8033.03 -25.2349
8045.05 -25.2221
8057.06 -25.2039
8069.07 -25.1808
8081.08 -25.153
8093.09 -25.1201
8105.11 -25.0794
8117.12 -25.0358
8129.13 -24.9959
8141.14 -24.9565
8153.15 -24.9175
8165.17 -24.8795
8177.18 -24.8436
8189.19 -24.8117
8201.2 -24.7892
8213.21 -24.8026
8225.23 -24.785
8237.24 -24.7399
8249.25 -24.6779
8261.26 -24.6021
8273.27 -24.5135
8285.29 -24.412
8297.3 -24.2964
8309.31 -24.1623
8321.32 -23.9948
8333.33 -23.8451
8345.35 -23.7002
8357.36 -23.5551
8369.37 -23.4079
8381.38 -23.2579
8393.39 -23.1046
8405.41 -22.9488
8417.42 -22.794
8429.43 -22.6439
8441.44 -22.4646
8453.45 -22.2669
8465.47 -22.0514
8477.48 -21.817
8489.49 -21.5609
8501.5 -21.2781
8513.51 -20.958
8525.53 -20.5607
8537.54 -20.1251
8549.55 -19.7706
8561.56 -19.4356
8573.57 -19.1066
8585.59 -18.7752
8597.6 -18.4335
8609.61 -18.0706
8621.62 -17.6657
8633.63 -17.115
8645.65 -16.6566
8657.66 -16.296
8669.67 -15.9844
8681.68 -15.7064
8693.69 -15.4532
8705.71 -15.2173
8717.72 -14.9897
8729.73 -14.7511
8741.74 -14.4326
8753.75 -14.2497
8765.77 -14.1565
8777.78 -14.1328
8789.79 -14.1754
8801.8 -14.2882
8813.81 -14.482
8825.83 -14.782
8837.84 -15.2642
8849.85 -16.0493
8861.86 -16.4982
8873.87 -16.8296
8885.89 -17.0954
8897.9 -17.3167
8909.91 -17.505
8921.92 -17.6675
8933.93 -17.8091
8945.95 -17.9331
8957.96 -18.0422
8969.97 -18.1385
8981.98 -18.2235
8993.99 -18.2985
9006.01 -18.3646
9018.02 -18.4226
9030.03 -18.4734
9042.04 -18.5175
9054.05 -18.5555
9066.07 -18.5879
9078.08 -18.615
9090.09 -18.6373
9102.1 -18.6551
9114.11 -18.6687
9126.13 -18.6783
9138.14 -18.6842
9150.15 -18.6865
9162.16 -18.6855
9174.17 -18.6814
9186.19 -18.6742
9198.2 -18.6642
9210.21 -18.6515
9222.22 -18.6362
9234.23 -18.6183
9246.25 -18.5981
9258.26 -18.5756
9270.27 -18.551
9282.28 -18.5242
9294.29 -18.4953
9306.31 -18.4646
9318.32 -18.4319
9330.33 -18.3974
9342.34 -18.3611
9354.35 -18.3232
9366.37 -18.2835
9378.38 -18.2423
9390.39 -18.1995
9402.4 -18.1552
9414.41 -18.1094
9426.43 -18.0622
9438.44 -18.0136
9450.45 -17.9637
9462.46 -17.9124
9474.47 -17.8598
9486.49 -17.806
9498.5 -17.751
9510.51 -17.6947
9522.52 -17.6372
9534.53 -17.5786
9546.55 -17.5189
9558.56 -17.458
9570.57 -17.396
9582.58 -17.333
9594.59 -17.2689
9606.61 -17.2038
9618.62 -17.1376
9630.63 -17.0704
9642.64 -17.0022
9654.65 -16.933
9666.67 -16.8629
9678.68 -16.7918
9690.69 -16.7197
9702.7 -16.6466
9714.71 -16.5727
9726.73 -16.4977
9738.74 -16.4219
9750.75 -16.3451
9762.76 -16.2674
9774.77 -16.1887
9786.79 -16.1091
9798.8 -16.0286
9810.81 -15.9472
9822.82 -15.8649
9834.83 -15.7816
9846.85 -15.6973
9858.86 -15.6122
9870.87 -15.5261
9882.88 -15.439
9894.89 -15.351
9906.91 -15.262
9918.92 -15.172
9930.93 -15.081
9942.94 -14.989
9954.95 -14.896
9966.97 -14.8019
9978.98 -14.7069
9990.99 -14.6107
10003 -14.5134
10015 -14.4151
10027 -14.3156
10039 -14.215
10051.1 -14.1131
10063.1 -14.0101
10075.1 -13.9059
10087.1 -13.8004
10099.1 -13.6936
10111.1 -13.5855
10123.1 -13.476
10135.1 -13.3652
10147.1 -13.2529
10159.2 -13.1392
10171.2 -13.024
10183.2 -12.9072
10195.2 -12.7889
10207.2 -12.6689
10219.2 -12.5473
10231.2 -12.4239
10243.2 -12.2987
10255.3 -12.1717
10267.3 -12.0427
10279.3 -11.9119
10291.3 -11.779
10303.3 -11.644
10315.3 -11.5069
10327.3 -11.3675
10339.3 -11.2258
10351.4 -11.0818
10363.4 -10.9353
10375.4 -10.7862
10387.4 -10.6345
10399.4 -10.4801
10411.4 -10.3229
10423.4 -10.1627
10435.4 -9.99944
10447.4 -9.83305
10459.5 -9.66338
10471.5 -9.49031
10483.5 -9.3137
10495.5 -9.13341
10507.5 -8.94929
10519.5 -8.76119
10531.5 -8.56893
10543.5 -8.37232
10555.6 -8.17119
10567.6 -7.96532
10579.6 -7.75448
10591.6 -7.53844
10603.6 -7.31693
10615.6 -7.08967
10627.6 -6.85633
10639.6 -6.61656
10651.7 -6.36999
10663.7 -6.11615
10675.7 -5.85457
10687.7 -5.58467
10699.7 -5.30578
10711.7 -5.01713
10723.7 -4.71778
10735.7 -4.40661
10747.7 -4.08221
10759.8 -3.74277
10771.8 -3.38593
10783.8 -3.00842
10795.8 -2.60551
10807.8 -2.16974
10819.8 -1.68781
10831.8 -1.12959
10843.8 -0.330716
10855.9 0.333997
10867.9 0.833161
10879.9 1.24648
10891.9 1.59391
10903.9 1.88189
10915.9 2.10916
10927.9 2.2654
10939.9 2.31723
10952 2.12143
10964 2.11402
10976 2.20728
10988 2.35244
11000 2.53298
11012 2.74083
11024 2.97153
11036 3.22278
11048 3.49481
11060.1 3.79036
11072.1 4.08795
11084.1 4.39362
11096.1 4.70854
11108.1 5.03307
11120.1 5.36748
11132.1 5.71224
11144.1 6.06847
11156.2 6.44075
11168.2 6.827
11180.2 7.20469
11192.2 7.58295
11204.2 7.96279
11216.2 8.34382
11228.2 8.7246
11240.2 9.10196
11252.3 9.46816
11264.3 9.77831
11276.3 10.1284
11288.3 10.5426
11300.3 10.9956
11312.3 11.4825
11324.3 12.0035
11336.3 12.5625
11348.3 13.1687
11360.4 13.8479
11372.4 14.7165
11384.4 15.4414
11396.4 16.0768
11408.4 16.6629
11420.4 17.2115
11432.4 17.7262
11444.4 18.2058
11456.5 18.6431
11468.5 19.013
11480.5 19.2552
11492.5 19.622
11504.5 20.0358
11516.5 20.4742
11528.5 20.9277
11540.5 21.3904
11552.6 21.857
11564.6 22.3211
11576.6 22.7665
11588.6 23.1906
11600.6 23.6706
11612.6 24.1724
11624.6 24.6884
11636.6 25.2139
11648.6 25.7448
11660.7 26.2758
11672.7 26.7975
11684.7 27.2632
11696.7 27.76
11708.7 28.3303
11720.7 28.9409
11732.7 29.5851
11744.7 30.2611
11756.8 30.9706
11768.8 31.7197
11780.8 32.5257
11792.8 33.479
11804.8 34.3359
11816.8 35.1226
11828.8 35.8721
11840.8 36.5933
11852.9 37.2879
11864.9 37.9534
11876.9 38.5804
11888.9 39.1393
11900.9 39.5439
11912.9 40.1234
11924.9 40.7871
11936.9 41.5078
11948.9 42.2785
11961 43.0991
11973 43.9762
11985 44.9269
11997 46.0098
12009 47.2596
12021 48.2947
12033 49.2647
12045 50.202
12057.1 51.1229
12069.1 52.0404
12081.1 52.9699
12093.1 53.9378
12105.1 55.0537
12117.1 56.1616
12129.1 57.0397
12141.1 57.8131
12153.2 58.505
12165.2 59.1241
12177.2 59.6722
12189.2 60.1446
12201.2 60.5234
12213.2 60.7066
12225.2 60.9538
12237.2 61.2498
12249.2 61.5514
12261.3 61.8441
12273.3 62.119
12285.3 62.3679
12297.3 62.5799
12309.3 62.7313
12321.3 62.7482
12333.3 62.8723
12345.3 63.0405
12357.4 63.2274
12369.4 63.4231
12381.4 63.6217
12393.4 63.8184
12405.4 64.0083
12417.4 64.1814
12429.4 64.3272
12441.4 64.5076
12453.5 64.6992
12465.5 64.8968
12477.5 65.0983
12489.5 65.303
12501.5 65.5118
12513.5 65.7281
12525.5 65.9704
12537.5 66.2165
12549.5 66.4043
12561.6 66.5617
12573.6 66.6913
12585.6 66.7913
12597.6 66.8566
12609.6 66.8764
12621.6 66.8248
12633.6 66.5604
12645.6 66.416
12657.7 66.4029
12669.7 66.4559
12681.7 66.5572
12693.7 66.6996
12705.7 66.8808
12717.7 67.1032
12729.7 67.3779
12741.7 67.753
12753.8 68.076
12765.8 68.382
12777.8 68.6885
12789.8 69.0035
12801.8 69.3332
12813.8 69.6854
12825.8 70.0726
12837.8 70.5285
12849.8 71.1049
12861.9 71.5343
12873.9 71.91
12885.9 72.2554
12897.9 72.5811
12909.9 72.8944
12921.9 73.2026
12933.9 73.5158
12945.9 73.8665
12958 74.2376
12970 74.5019
12982 74.7168
12994 74.8916
13006 75.0291
13018 75.128
13030 75.1827
13042 75.1774
13054.1 75.0184
13066.1 74.9153
13078.1 74.8983
13090.1 74.9182
13102.1 74.9625
13114.1 75.0265
13126.1 75.1094
13138.1 75.2137
13150.2 75.3505
13162.2 75.5712
13174.2 75.7214
13186.2 75.8287
13198.2 75.9106
13210.2 75.9723
13222.2 76.0156
13234.2 76.0402
13246.2 76.0438
13258.3 76.0177
13270.3 75.943
13282.3 75.9031
13294.3 75.8711
13306.3 75.8391
13318.3 75.8034
13330.3 75.761
13342.3 75.7083
13354.4 75.6398
13366.4 75.5386
13378.4 75.4061
13390.4 75.3207
13402.4 75.2471
13414.4 75.1773
13426.4 75.1062
13438.4 75.0284
13450.5 74.9365
13462.5 74.8157
13474.5 74.5879
13486.5 74.4081
13498.5 74.3299
13510.5 74.3031
13522.5 74.3158
13534.5 74.3634
13546.5 74.4445
13558.6 74.5602
13570.6 74.7167
13582.6 74.9443
13594.6 75.1611
13606.6 75.3807
13618.6 75.6166
13630.6 75.8763
13642.6 76.1673
13654.7 76.5002
13666.7 76.8941
13678.7 77.3989
13690.7 78.1409
13702.7 78.631
13714.7 79.015
13726.7 79.3373
13738.7 79.615
13750.8 79.8572
13762.8 80.0696
13774.8 80.2553
13786.8 80.4157
13798.8 80.5522
13810.8 80.6754
13822.8 80.7826
13834.8 80.8739
13846.8 80.9494
13858.9 81.0091
13870.9 81.0527
13882.9 81.0794
13894.9 81.0847
13906.9 81.0756
13918.9 81.0567
13930.9 81.0236
13942.9 80.9741
13955 80.9058
13967 80.8154
13979 80.6969
13991 80.5375
14003 80.2757
14015 80.0671
14027 79.8968
14039 79.7395
14051.1 79.5856
14063.1 79.429
14075.1 79.2634
14087.1 79.08
14099.1 78.8593
14111.1 78.5438
14123.1 78.3293
14135.1 78.162
14147.1 78.0222
14159.2 77.9016
14171.2 77.7955
14183.2 77.6994
14195.2 77.6082
14207.2 77.5086
14219.2 77.3906
14231.2 77.3395
14243.2 77.3239
14255.3 77.3382
14267.3 77.3818
14279.3 77.4564
14291.3 77.5671
14303.3 77.7257
14315.3 77.9835
14327.3 78.2773
14339.3 78.4765
14351.4 78.6515
14363.4 78.817
14375.4 78.9817
14387.4 79.1532
14399.4 79.3413
14411.4 79.5652
14423.4 79.919
14435.4 80.179
14447.4 80.3476
14459.5 80.4661
14471.5 80.5463
14483.5 80.5932
14495.5 80.6085
14507.5 80.5909
14519.5 80.5325
14531.5 80.4011
14543.5 80.3049
14555.6 80.2182
14567.6 80.13
14579.6 80.0359
14591.6 79.9333
14603.6 79.8196
14615.6 79.6914
14627.6 79.5405
14639.6 79.3565
14651.7 79.1965
14663.7 79.0394
14675.7 78.8793
14687.7 78.7132
14699.7 78.5384
14711.7 78.3514
14723.7 78.1467
14735.7 77.9055
14747.7 77.642
14759.8 77.418
14771.8 77.2024
14783.8 76.9884
14795.8 76.7719
14807.8 76.5489
14819.8 76.3142
14831.8 76.0583
14843.8 75.7337
14855.9 75.4454
14867.9 75.2009
14879.9 74.9764
14891.9 74.7645
14903.9 74.5609
14915.9 74.362
14927.9 74.1637
14939.9 73.9575
14952 73.7126
14964 73.5206
14976 73.3631
14988 73.2304
15000 73.1202
15012 73.0329
15024 72.9714
15036 72.9428
15048 72.9691
15060.1 73.0904
15072.1 73.1117
15084.1 73.0983
15096.1 73.0667
15108.1 73.0241
15120.1 72.9754
15132.1 72.9249
15144.1 72.8793
15156.2 72.8575
15168.2 72.8535
15180.2 72.7834
15192.2 72.6839
15204.2 72.5614
15216.2 72.4179
15228.2 72.2535
15240.2 72.066
15252.3 71.8489
15264.3 71.5622
15276.3 71.2912
15288.3 71.057
15300.3 70.8359
15312.3 70.6222
15324.3 70.4136
15336.3 70.2094
15348.3 70.0104
15360.4 69.8203
15372.4 69.6581
15384.4 69.4679
15396.4 69.2586
15408.4 69.0369
15420.4 68.8046
15432.4 68.5626
15444.4 68.311
15456.5 68.0494
15468.5 67.7765
15480.5 67.4892
15492.5 67.1991
15504.5 66.9019
15516.5 66.5957
15528.5 66.2791
15540.5 65.95
15552.6 65.6054
15564.6 65.2394
15576.6 64.8331
15588.6 64.3847
15600.6 63.9948
15612.6 63.6208
15624.6 63.2539
15636.6 62.8892
15648.6 62.5224
15660.7 62.1483
15672.7 61.7566
15684.7 61.2944
15696.7 60.8628
15708.7 60.5119
15720.7 60.2043
15732.7 59.9335
15744.7 59.6991
15756.8 59.5051
15768.8 59.3616
15780.8 59.2951
15792.8 59.4358
15804.8 59.4387
15816.8 59.3437
15828.8 59.2011
15840.8 59.0277
15852.9 58.8325
15864.9 58.6224
15876.9 58.4039
15888.9 58.1892
15900.9 58.0076
15912.9 57.7561
15924.9 57.4645
15936.9 57.1422
15948.9 56.7922
15961 56.4145
15973 56.0069
15985 55.5622
15997 55.0547
16009 54.4699
16021 53.983
16033 53.5279
16045 53.0924
16057.1 52.6729
16069.1 52.2694
16081.1 51.8852
16093.1 51.5302
16105.1 51.2538
16117.1 50.9816
16129.1 50.6081
16141.1 50.1911
16153.2 49.7406
16165.2 49.2594
16177.2 48.7469
16189.2 48.198
16201.2 47.5982
16213.2 46.8675
16225.2 46.2092
16237.2 45.612
16249.2 45.043
16261.3 44.4926
16273.3 43.9562
16285.3 43.4316
16297.3 42.9181
16309.3 42.4168
16321.3 41.934
16333.3 41.4462
16345.3 40.9592
16357.4 40.4757
16369.4 39.9971
16381.4 39.5248
16393.4 39.0609
16405.4 38.6093
16417.4 38.1815
16429.4 37.7903
16441.4 37.3504
16453.5 36.8929
16465.5 36.4244
16477.5 35.9473
16489.5 35.4627
16501.5 34.9707
16513.5 34.4694
16525.5 33.9498
16537.5 33.4228
16549.5 32.9188
16561.6 32.4234
16573.6 31.9345
16585.6 31.4516
16597.6 30.975
16609.6 30.506
16621.6 30.0479
16633.6 29.6196
16645.6 29.1766
16657.7 28.7176
16669.7 28.2514
16681.7 27.7805
16693.7 27.3061
16705.7 26.8289
16717.7 26.3492
16729.7 25.8677
16741.7 25.3852
16753.8 24.8984
16765.8 24.4077
16777.8 23.913
16789.8 23.4137
16801.8 22.9088
16813.8 22.3967
16825.8 21.874
16837.8 21.3314
16849.8 20.7547
16861.9 20.217
16873.9 19.6922
16885.9 19.1731
16897.9 18.6559
16909.9 18.1367
16921.9 17.6104
16933.9 17.0678
16945.9 16.4757
16958 15.8528
16970 15.336
16982 14.864
16994 14.4271
17006 14.0222
17018 13.6503
17030 13.3165
17042 13.0353
17054.1 12.8955
17066.1 12.6976
17078.1 12.4123
17090.1 12.0857
17102.1 11.7282
17114.1 11.3425
17126.1 10.9266
17138.1 10.4728
17150.2 9.95828
17162.2 9.2826
17174.2 8.74043
17186.2 8.27701
17198.2 7.85722
17210.2 7.46898
17222.2 7.10603
17234.2 6.76424
17246.2 6.44007
17258.3 6.12796
17270.3 5.81811
17282.3 5.55113
17294.3 5.31449
17306.3 5.10576
17318.3 4.92537
17330.3 4.77566
17342.3 4.66171
17354.4 4.59471
17366.4 4.61427
17378.4 4.71449
17390.4 4.69588
17402.4 4.64342
17414.4 4.57301
17426.4 4.49168
17438.4 4.40339
17450.5 4.31071
17462.5 4.21545
17474.5 4.11914
17486.5 4.02249
17498.5 3.9263
17510.5 3.83151
17522.5 3.739
17534.5 3.64974
17546.5 3.56502
17558.6 3.48688
17570.6 3.41997
17582.6 3.38486
17594.6 3.32542
17606.6 3.24988
17618.6 3.16563
17630.6 3.07494
17642.6 2.9787
17654.7 2.87701
17666.7 2.76923
17678.7 2.65276
17690.7 2.52067
17702.7 2.39937
17714.7 2.28043
17726.7 2.16063
17738.7 2.03774
17750.8 1.90913
17762.8 1.77071
17774.8 1.61428
17786.8 1.41272
17798.8 1.15681
17810.8 1.01401
17822.8 0.919426
17834.8 0.862138
17846.8 0.839697
17858.9 0.854003
17870.9 0.911945
17882.9 1.03148
17894.9 1.31023
17906.9 1.57359
17918.9 1.69729
17930.9 1.76439
17942.9 1.79204
17955 1.78675
17967 1.75002
17979 1.6788
17991 1.56069
18003 1.32526
18015 1.15877
18027 1.04578
18039 0.958629
18051.1 0.889203
18063.1 0.834023
18075.1 0.791758
18087.1 0.762849
18099.1 0.751304
18111.1 0.771773
18123.1 0.770424
18135.1 0.761342
18147.1 0.749557
18159.2 0.737012
18171.2 0.724909
18183.2 0.714351
18195.2 0.706904
18207.2 0.706718
18219.2 0.717114
18231.2 0.710847
18243.2 0.698319
18255.3 0.681767
18267.3 0.66222
18279.3 0.640394
18291.3 0.617063
18303.3 0.593618
18315.3 0.576086
18327.3 0.556239
18339.3 0.517308
18351.4 0.46693
18363.4 0.405443
18375.4 0.331677
18387.4 0.242994
18399.4 0.134125
18411.4 -0.00754815
18423.4 -0.249434
18435.4 -0.42814
18447.4 -0.545076
18459.5 -0.629558
18471.5 -0.689684
18483.5 -0.728619
18495.5 -0.747001
18507.5 -0.742947
18519.5 -0.708786
18531.5 -0.614892
18543.5 -0.558704
18555.6 -0.516493
18567.6 -0.47754
18579.6 -0.437014
18591.6 -0.390937
18603.6 -0.334322
18615.6 -0.258283
18627.6 -0.136843
18639.6 0.0644174
18651.7 0.13637
18663.7 0.150704
18675.7 0.121474
18687.7 0.0515487
18699.7 -0.0616535
18711.7 -0.226821
18723.7 -0.465652
18735.7 -0.866948
18747.7 -1.35362
18759.8 -1.60756
18771.8 -1.77854
18783.8 -1.89234
18795.8 -1.9588
18807.8 -1.98094
18819.8 -1.95616
18831.8 -1.87178
18843.8 -1.64547
18855.9 -1.47011
18867.9 -1.36205
18879.9 -1.28026
18891.9 -1.21358
18903.9 -1.15682
18915.9 -1.10703
18927.9 -1.06239
18939.9 -1.02166
18952 -0.983969
18964 -0.94869
18976 -0.915348
18988 -0.883581
19000 -0.853105
