7000 -19.9041
7012.01 -20.0323
7024.02 -20.1631
7036.04 -20.2968
7048.05 -20.4333
7060.06 -20.573
7072.07 -20.716
7084.08 -20.8624
7096.1 -21.0125
7108.11 -21.1665
7120.12 -21.3246
7132.13 -21.4872
7144.14 -21.6544
7156.16 -21.8268
7168.17 -22.0045
7180.18 -22.1881
7192.19 -22.378
7204.2 -22.5746
7216.22 -22.7786
7228.23 -22.9906
7240.24 -23.2113
7252.25 -23.4416
7264.26 -23.6824
7276.28 -23.9349
7288.29 -24.2002
7300.3 -24.4799
7312.31 -24.7758
7324.32 -25.0899
7336.34 -25.425
7348.35 -25.784
7360.36 -26.171
7372.37 -26.5907
7384.38 -27.0498
7396.4 -27.5565
7408.41 -28.1226
7420.42 -28.765
7432.43 -29.5093
7444.44 -30.3984
7456.46 -31.5169
7468.47 -33.1015
7480.48 -35.7049
7492.49 -37.0129
7504.5 -37.7239
7516.52 -38.0217
7528.53 -37.9593
7540.54 -37.5399
7552.55 -36.7229
7564.56 -35.3919
7576.58 -33.1148
7588.59 -29.8508
7600.6 -28.052
7612.61 -26.7191
7624.62 -25.6663
7636.64 -24.817
7648.65 -24.1333
7660.66 -23.5991
7672.67 -23.2208
7684.68 -23.1173
7696.7 -23.0311
7708.71 -22.8323
7720.72 -22.6125
7732.73 -22.3906
7744.74 -22.1742
7756.76 -21.9675
7768.77 -21.7737
7780.78 -21.5975
7792.79 -21.4579
7804.8 -21.3053
7816.82 -21.1453
7828.83 -20.985
7840.84 -20.8263
7852.85 -20.67
7864.86 -20.5166
7876.88 -20.3658
7888.89 -20.2165
7900.9 -20.0655
7912.91 -19.9259
7924.92 -19.7942
7936.94 -19.6696
7948.95 -19.552
7960.96 -19.4421
7972.97 -19.3412
7984.98 -19.2519
7997 -19.1836
8009.01 -19.1416
8021.02 -19.0649
8033.03 -18.9768
8045.05 -18.8819
8057.06 -18.7818
8069.07 -18.6771
8081.08 -18.5678
8093.09 -18.4524
8105.11 -18.323
8117.12 -18.1925
8129.13 -18.0778
8141.14 -17.9698
8153.15 -17.8674
8165.17 -17.7708
8177.18 -17.6808
8189.19 -17.6001
8201.2 -17.5351
8213.21 -17.5207
8225.23 -17.4686
8237.24 -17.3831
8249.25 -17.2781
8261.26 -17.1569
8273.27 -17.0203
8285.29 -16.8672
8297.3 -16.6939
8309.31 -16.4894
8321.32 -16.2161
8333.33 -16.0025
8345.35 -15.8164
8357.36 -15.6458
8369.37 -15.4868
8381.38 -15.3385
8393.39 -15.2021
8405.41 -15.0816
8417.42 -14.993
8429.43 -14.9534
8441.44 -14.8363
8453.45 -14.6862
8465.47 -14.5113
8477.48 -14.314
8489.49 -14.0936
8501.5 -13.8471
8513.51 -13.5667
8525.53 -13.2205
8537.54 -12.8406
8549.55 -12.5234
8561.56 -12.2195
8573.57 -11.9183
8585.59 -11.6136
8597.6 -11.2995
8609.61 -10.9688
8621.62 -10.6077
8633.63 -10.1518
8645.65 -9.74612
8657.66 -9.39279
8669.67 -9.0602
8681.68 -8.73661
8693.69 -8.41311
8705.71 -8.07961
8717.72 -7.72014
8729.73 -7.2967
8741.74 -6.66767
8753.75 -6.27569
8765.77 -6.02405
8777.78 -5.86827
8789.79 -5.79654
8801.8 -5.80829
8813.81 -5.91214
8825.83 -6.13192
8837.84 -6.54432
8849.85 -7.27198
8861.86 -7.65959
8873.87 -7.93051
8885.89 -8.13752
8897.9 -8.30188
8909.91 -8.43501
8921.92 -8.54397
8933.93 -8.63351
8945.95 -8.70699
8957.96 -8.76691
8969.97 -8.8152
8981.98 -8.85334
8993.99 -8.88254
9006.01 -8.90377
9018.02 -8.91786
9030.03 -8.92547
9042.04 -8.92718
9054.05 -8.92349
9066.07 -8.9148
9078.08 -8.9015
9090.09 -8.8839
9102.1 -8.86228
9114.11 -8.8369
9126.13 -8.80797
9138.14 -8.77571
9150.15 -8.74028
9162.16 -8.70186
9174.17 -8.66059
9186.19 -8.6166
9198.2 -8.57003
9210.21 -8.52098
9222.22 -8.46956
9234.23 -8.41586
9246.25 -8.35999
9258.26 -8.30202
9270.27 -8.24203
9282.28 -8.1801
9294.29 -8.1163
9306.31 -8.05069
9318.32 -7.98335
9330.33 -7.91433
9342.34 -7.84368
9354.35 -7.77147
9366.37 -7.69775
9378.38 -7.62257
9390.39 -7.54598
9402.4 -7.46803
9414.41 -7.38876
9426.43 -7.30822
9438.44 -7.22646
9450.45 -7.14351
9462.46 -7.05943
9474.47 -6.97424
9486.49 -6.888
9498.5 -6.80074
9510.51 -6.7125
9522.52 -6.62332
9534.53 -6.53323
9546.55 -6.44228
9558.56 -6.3505
9570.57 -6.25792
9582.58 -6.16459
9594.59 -6.07053
9606.61 -5.97579
9618.62 -5.88039
9630.63 -5.78437
9642.64 -5.68776
9654.65 -5.5906
9666.67 -5.49292
9678.68 -5.39474
9690.69 -5.2961
9702.7 -5.19703
9714.71 -5.09756
9726.73 -4.99771
9738.74 -4.89752
9750.75 -4.79702
9762.76 -4.69623
9774.77 -4.59517
9786.79 -4.49388
9798.8 -4.39237
9810.81 -4.29067
9822.82 -4.18881
9834.83 -4.08681
9846.85 -3.98467
9858.86 -3.88244
9870.87 -3.78012
9882.88 -3.67773
9894.89 -3.57529
9906.91 -3.47282
9918.92 -3.37032
9930.93 -3.26781
9942.94 -3.16531
9954.95 -3.06281
9966.97 -2.96033
9978.98 -2.85788
9990.99 -2.75546
10003 -2.65306
10015 -2.55071
10027 -2.44838
10039 -2.34609
10051.1 -2.24382
10063.1 -2.14157
10075.1 -2.03933
10087.1 -1.93708
10099.1 -1.83483
10111.1 -1.73254
10123.1 -1.63021
10135.1 -1.52781
10147.1 -1.42531
10159.2 -1.3227
10171.2 -1.21995
10183.2 -1.11701
10195.2 -1.01387
10207.2 -0.910479
10219.2 -0.806801
10231.2 -0.702792
10243.2 -0.598408
10255.3 -0.493598
10267.3 -0.388309
10279.3 -0.282487
10291.3 -0.176071
10303.3 -0.0689996
10315.3 0.0387949
10327.3 0.147382
10339.3 0.256835
10351.4 0.367233
10363.4 0.478656
10375.4 0.591189
10387.4 0.704922
10399.4 0.819949
10411.4 0.936367
10423.4 1.05428
10435.4 1.17379
10447.4 1.29501
10459.5 1.41805
10471.5 1.54304
10483.5 1.6701
10495.5 1.79936
10507.5 1.93096
10519.5 2.06502
10531.5 2.20171
10543.5 2.34116
10555.6 2.48355
10567.6 2.62903
10579.6 2.77776
10591.6 2.92994
10603.6 3.08575
10615.6 3.24539
10627.6 3.40905
10639.6 3.57697
10651.7 3.74938
10663.7 3.92652
10675.7 4.10868
10687.7 4.29614
10699.7 4.48925
10711.7 4.68836
10723.7 4.89393
10735.7 5.10644
10747.7 5.32651
10759.8 5.5549
10771.8 5.79259
10783.8 6.04092
10795.8 6.30182
10807.8 6.57833
10819.8 6.87589
10831.8 7.20689
10843.8 7.63957
10855.9 8.01769
10867.9 8.32787
10879.9 8.60282
10891.9 8.85023
10903.9 9.07185
10915.9 9.26571
10927.9 9.42489
10939.9 9.52919
10952 9.49414
10964 9.57475
10976 9.71921
10988 9.89851
11000 10.1026
11012 10.3262
11024 10.5664
11036 10.8213
11048 11.0905
11060.1 11.3749
11072.1 11.6612
11084.1 11.952
11096.1 12.247
11108.1 12.5448
11120.1 12.8437
11132.1 13.1406
11144.1 13.4303
11156.2 13.6952
11168.2 13.9405
11180.2 14.2413
11192.2 14.5631
11204.2 14.8984
11216.2 15.2426
11228.2 15.5918
11240.2 15.941
11252.3 16.281
11264.3 16.5664
11276.3 16.8901
11288.3 17.2744
11300.3 17.6931
11312.3 18.14
11324.3 18.6134
11336.3 19.1146
11348.3 19.649
11360.4 20.2335
11372.4 20.9493
11384.4 21.5597
11396.4 22.1017
11408.4 22.6021
11420.4 23.0674
11432.4 23.4978
11444.4 23.8887
11456.5 24.2286
11468.5 24.4831
11480.5 24.5709
11492.5 24.8266
11504.5 25.1468
11516.5 25.5019
11528.5 25.88
11540.5 26.2745
11552.6 26.6809
11564.6 27.096
11576.6 27.516
11588.6 27.9391
11600.6 28.3708
11612.6 28.8069
11624.6 29.2455
11636.6 29.6848
11648.6 30.1232
11660.7 30.5583
11672.7 30.9855
11684.7 31.3824
11696.7 31.7912
11708.7 32.2332
11720.7 32.6923
11732.7 33.166
11744.7 33.6543
11756.8 34.1594
11768.8 34.6868
11780.8 35.2509
11792.8 35.9242
11804.8 36.5133
11816.8 37.0396
11828.8 37.5302
11840.8 37.9929
11852.9 38.4301
11864.9 38.8415
11876.9 39.2226
11888.9 39.5576
11900.9 39.799
11912.9 40.1299
11924.9 40.5003
11936.9 40.8952
11948.9 41.311
11961 41.7478
11973 42.209
11985 42.7038
11997 43.2628
12009 43.9041
12021 44.4282
12033 44.9131
12045 45.3751
12057.1 45.8218
12069.1 46.2584
12081.1 46.6894
12093.1 47.1204
12105.1 47.5697
12117.1 48.0152
12129.1 48.4253
12141.1 48.8205
12153.2 49.2064
12165.2 49.587
12177.2 49.9665
12189.2 50.3507
12201.2 50.7513
12213.2 51.2231
12225.2 51.6324
12237.2 51.988
12249.2 52.3129
12261.3 52.6149
12273.3 52.8985
12285.3 53.1673
12297.3 53.4254
12309.3 53.6808
12321.3 53.9583
12333.3 54.1761
12345.3 54.3544
12357.4 54.5002
12369.4 54.6144
12381.4 54.6949
12393.4 54.7365
12405.4 54.7267
12417.4 54.6256
12429.4 54.3889
12441.4 54.3229
12453.5 54.3181
12465.5 54.3519
12477.5 54.4166
12489.5 54.5105
12501.5 54.6364
12513.5 54.8052
12525.5 55.0681
12537.5 55.3683
12549.5 55.542
12561.6 55.6685
12573.6 55.7608
12585.6 55.8229
12597.6 55.8547
12609.6 55.8517
12621.6 55.7998
12633.6 55.6165
12645.6 55.4989
12657.7 55.454
12669.7 55.4439
12681.7 55.4584
12693.7 55.4933
12705.7 55.5477
12717.7 55.6229
12729.7 55.7261
12741.7 55.8867
12753.8 56.0109
12765.8 56.1202
12777.8 56.225
12789.8 56.3298
12801.8 56.4381
12813.8 56.5537
12825.8 56.6832
12837.8 56.8438
12849.8 57.0627
12861.9 57.1968
12873.9 57.2946
12885.9 57.3671
12897.9 57.4177
12909.9 57.4471
12921.9 57.4531
12933.9 57.4292
12945.9 57.3481
12958 57.2262
12970 57.1796
12982 57.1561
12994 57.1464
13006 57.1463
13018 57.1533
13030 57.1654
13042 57.1802
13054.1 57.1872
13066.1 57.2093
13078.1 57.2505
13090.1 57.3058
13102.1 57.3753
13114.1 57.4604
13126.1 57.5644
13138.1 57.6937
13150.2 57.8651
13162.2 58.1496
13174.2 58.3408
13186.2 58.4773
13198.2 58.5838
13210.2 58.6685
13222.2 58.7355
13234.2 58.7872
13246.2 58.8249
13258.3 58.8489
13270.3 58.8591
13282.3 58.8583
13294.3 58.8451
13306.3 58.8186
13318.3 58.7769
13330.3 58.7175
13342.3 58.6357
13354.4 58.5221
13366.4 58.3431
13378.4 58.1037
13390.4 57.9718
13402.4 57.8762
13414.4 57.8038
13426.4 57.7495
13438.4 57.7107
13450.5 57.687
13462.5 57.6804
13474.5 57.7088
13486.5 57.7337
13498.5 57.7417
13510.5 57.7445
13522.5 57.7448
13534.5 57.7435
13546.5 57.741
13558.6 57.7371
13570.6 57.7305
13582.6 57.7137
13594.6 57.7083
13606.6 57.7117
13618.6 57.7215
13630.6 57.7375
13642.6 57.7605
13654.7 57.7918
13666.7 57.8347
13678.7 57.8984
13690.7 58.0065
13702.7 58.0662
13714.7 58.1049
13726.7 58.1307
13738.7 58.1463
13750.8 58.153
13762.8 58.1509
13774.8 58.1389
13786.8 58.1116
13798.8 58.0672
13810.8 58.0421
13822.8 58.0222
13834.8 58.0051
13846.8 57.9902
13858.9 57.9773
13870.9 57.9673
13882.9 57.9622
13894.9 57.9746
13906.9 57.9818
13918.9 57.9676
13930.9 57.9424
13942.9 57.9082
13955 57.8656
13967 57.8143
13979 57.7531
13991 57.679
14003 57.5768
14015 57.4851
14027 57.4002
14039 57.3155
14051.1 57.2284
14063.1 57.137
14075.1 57.0389
14087.1 56.9305
14099.1 56.8034
14111.1 56.632
14123.1 56.5037
14135.1 56.3949
14147.1 56.2966
14159.2 56.2053
14171.2 56.1189
14183.2 56.0355
14195.2 55.953
14207.2 55.8658
14219.2 55.7695
14231.2 55.7003
14243.2 55.6449
14255.3 55.6011
14267.3 55.5687
14279.3 55.5488
14291.3 55.5441
14303.3 55.5608
14315.3 55.6264
14327.3 55.7066
14339.3 55.7305
14351.4 55.7357
14363.4 55.7294
14375.4 55.7152
14387.4 55.6958
14399.4 55.6739
14411.4 55.654
14423.4 55.6576
14435.4 55.6334
14447.4 55.5817
14459.5 55.5112
14471.5 55.4235
14483.5 55.3183
14495.5 55.1932
14507.5 55.0426
14519.5 54.851
14531.5 54.5617
14543.5 54.3606
14555.6 54.2037
14567.6 54.073
14579.6 53.963
14591.6 53.8724
14603.6 53.8028
14615.6 53.7602
14627.6 53.7657
14639.6 53.8482
14651.7 53.8317
14663.7 53.7773
14675.7 53.6983
14687.7 53.5993
14699.7 53.482
14711.7 53.3459
14723.7 53.1871
14735.7 52.9875
14747.7 52.7637
14759.8 52.5833
14771.8 52.4147
14783.8 52.2526
14795.8 52.0949
14807.8 51.9409
14819.8 51.7907
14831.8 51.646
14843.8 51.5186
14855.9 51.3806
14867.9 51.2295
14879.9 51.0713
14891.9 50.9073
14903.9 50.7381
14915.9 50.564
14927.9 50.3847
14939.9 50.1989
14952 50.0018
14964 49.8088
14976 49.617
14988 49.4245
15000 49.2305
15012 49.0344
15024 48.8355
15036 48.6321
15048 48.4195
15060.1 48.1889
15072.1 47.9859
15084.1 47.7964
15096.1 47.618
15108.1 47.4507
15120.1 47.2963
15132.1 47.1585
15144.1 47.0457
15156.2 46.9871
15168.2 46.9724
15180.2 46.8678
15192.2 46.7322
15204.2 46.5769
15216.2 46.4069
15228.2 46.2251
15240.2 46.0334
15252.3 45.8334
15264.3 45.6252
15276.3 45.4124
15288.3 45.1966
15300.3 44.9786
15312.3 44.7599
15324.3 44.5424
15336.3 44.3294
15348.3 44.1265
15360.4 43.9472
15372.4 43.851
15384.4 43.6697
15396.4 43.4312
15408.4 43.156
15420.4 42.8501
15432.4 42.5153
15444.4 42.1506
15456.5 41.7516
15468.5 41.3031
15480.5 40.7682
15492.5 40.3004
15504.5 39.8525
15516.5 39.4103
15528.5 38.9679
15540.5 38.5206
15552.6 38.0637
15564.6 37.5899
15576.6 37.0766
15588.6 36.5218
15600.6 36.0432
15612.6 35.5916
15624.6 35.1574
15636.6 34.736
15648.6 34.3246
15660.7 33.9207
15672.7 33.5206
15684.7 33.1077
15696.7 32.7133
15708.7 32.353
15720.7 32.0157
15732.7 31.7
15744.7 31.4066
15756.8 31.1382
15768.8 30.9003
15780.8 30.7065
15792.8 30.6202
15804.8 30.4758
15816.8 30.2936
15828.8 30.0993
15840.8 29.9027
15852.9 29.7109
15864.9 29.5313
15876.9 29.375
15888.9 29.2682
15900.9 29.2817
15912.9 29.157
15924.9 28.9683
15936.9 28.7396
15948.9 28.4796
15961 28.1925
15973 27.8794
15985 27.5385
15997 27.1585
16009 26.733
16021 26.3462
16033 25.9663
16045 25.5872
16057.1 25.2065
16069.1 24.8226
16081.1 24.4343
16093.1 24.0402
16105.1 23.6353
16117.1 23.2257
16129.1 22.8201
16141.1 22.4128
16153.2 22.002
16165.2 21.5865
16177.2 21.1645
16189.2 20.7331
16201.2 20.2863
16213.2 19.7935
16225.2 19.3308
16237.2 18.8938
16249.2 18.4701
16261.3 18.0558
16273.3 17.6495
16285.3 17.2507
16297.3 16.8601
16309.3 16.4813
16321.3 16.1271
16333.3 15.7516
16345.3 15.3661
16357.4 14.9748
16369.4 14.579
16381.4 14.1793
16393.4 13.776
16405.4 13.3696
16417.4 12.9618
16429.4 12.5544
16441.4 12.1296
16453.5 11.6921
16465.5 11.2414
16477.5 10.7753
16489.5 10.2898
16501.5 9.77794
16513.5 9.2247
16525.5 8.56945
16537.5 7.87578
16549.5 7.32947
16561.6 6.83874
16573.6 6.38762
16585.6 5.97015
16597.6 5.585
16609.6 5.23515
16621.6 4.93246
16633.6 4.75123
16645.6 4.51121
16657.7 4.20522
16669.7 3.86702
16681.7 3.50479
16693.7 3.1208
16705.7 2.71401
16717.7 2.27948
16729.7 1.80227
16741.7 1.22448
16753.8 0.727676
16765.8 0.270396
16777.8 -0.167523
16789.8 -0.59391
16801.8 -1.01362
16813.8 -1.43082
16825.8 -1.85066
16837.8 -2.28436
16849.8 -2.74852
16861.9 -3.1622
16873.9 -3.55448
16885.9 -3.93298
16897.9 -4.30141
16909.9 -4.66245
16921.9 -5.01864
16933.9 -5.3734
16945.9 -5.73597
16958 -6.10258
16970 -6.43997
16982 -6.76451
16994 -7.08
17006 -7.38887
17018 -7.69338
17030 -7.99641
17042 -8.3032
17054.1 -8.63912
17066.1 -8.95032
17078.1 -9.22977
17090.1 -9.49117
17102.1 -9.73869
17114.1 -9.97474
17126.1 -10.2012
17138.1 -10.4203
17150.2 -10.6359
17162.2 -10.8622
17174.2 -11.0592
17186.2 -11.2346
17198.2 -11.3933
17210.2 -11.5368
17222.2 -11.6656
17234.2 -11.7799
17246.2 -11.8786
17258.3 -11.9589
17270.3 -12.0144
17282.3 -12.0727
17294.3 -12.1245
17306.3 -12.1666
17318.3 -12.1973
17330.3 -12.2142
17342.3 -12.2142
17354.4 -12.1911
17366.4 -12.1237
17378.4 -12.0153
17390.4 -11.9709
17402.4 -11.9461
17414.4 -11.9328
17426.4 -11.928
17438.4 -11.9308
17450.5 -11.9421
17462.5 -11.9659
17474.5 -12.0302
17486.5 -12.0764
17498.5 -12.0839
17510.5 -12.0705
17522.5 -12.0395
17534.5 -11.9913
17546.5 -11.9246
17558.6 -11.8356
17570.6 -11.7138
17582.6 -11.5109
17594.6 -11.3602
17606.6 -11.2421
17618.6 -11.1389
17630.6 -11.0444
17642.6 -10.9557
17654.7 -10.8707
17666.7 -10.788
17678.7 -10.7057
17690.7 -10.6205
17702.7 -10.5428
17714.7 -10.4693
17726.7 -10.399
17738.7 -10.3321
17750.8 -10.2691
17762.8 -10.2116
17774.8 -10.1633
17786.8 -10.1378
17798.8 -10.1393
17810.8 -10.0817
17822.8 -9.99769
17834.8 -9.89246
17846.8 -9.76664
17858.9 -9.61842
17870.9 -9.44296
17882.9 -9.22852
17894.9 -8.91317
17906.9 -8.6065
17918.9 -8.38633
17930.9 -8.19979
17942.9 -8.03536
17955 -7.88806
17967 -7.75556
17979 -7.63752
17991 -7.53662
18003 -7.47278
18015 -7.3907
18027 -7.29431
18039 -7.19112
18051.1 -7.08282
18063.1 -6.96961
18075.1 -6.85068
18087.1 -6.72385
18099.1 -6.58278
18111.1 -6.40766
18123.1 -6.26821
18135.1 -6.1458
18147.1 -6.03378
18159.2 -5.92977
18171.2 -5.83262
18183.2 -5.74183
18195.2 -5.65739
18207.2 -5.58032
18219.2 -5.5116
18231.2 -5.44309
18243.2 -5.3783
18255.3 -5.31856
18267.3 -5.26523
18279.3 -5.22031
18291.3 -5.18728
18303.3 -5.17371
18315.3 -5.21231
18327.3 -5.26145
18339.3 -5.23544
18351.4 -5.17825
18363.4 -5.09716
18375.4 -4.9944
18387.4 -4.8696
18399.4 -4.71978
18411.4 -4.53621
18423.4 -4.27072
18435.4 -4.03939
18447.4 -3.84042
18459.5 -3.65166
18471.5 -3.46547
18483.5 -3.27679
18495.5 -3.0806
18507.5 -2.86985
18519.5 -2.62915
18531.5 -2.30762
18543.5 -2.06509
18555.6 -1.86142
18567.6 -1.67836
18579.6 -1.50783
18591.6 -1.34368
18603.6 -1.17897
18615.6 -1.00229
18627.6 -0.781609
18639.6 -0.474784
18651.7 -0.336098
18663.7 -0.2783
18675.7 -0.284387
18687.7 -0.351107
18699.7 -0.482041
18711.7 -0.688528
18723.7 -0.998455
18735.7 -1.52485
18747.7 -2.17066
18759.8 -2.53357
18771.8 -2.8045
18783.8 -3.01769
18795.8 -3.18784
18807.8 -3.3223
18819.8 -3.42395
18831.8 -3.49046
18843.8 -3.49108
18855.9 -3.50389
18867.9 -3.53653
18879.9 -3.5736
18891.9 -3.61143
18903.9 -3.64854
18915.9 -3.68428
18927.9 -3.71835
18939.9 -3.75063
18952 -3.78108
18964 -3.80971
18976 -3.8366
18988 -3.86178
19000 -3.88535
