7000 6.99757
7012.01 7.00191
7024.02 6.99378
7036.04 6.97184
7048.05 6.93467
7060.06 6.88075
7072.07 6.80842
7084.08 6.71591
7096.1 6.60132
7108.11 6.46262
7120.12 6.29767
7132.13 6.10416
7144.14 5.87968
7156.16 5.62166
7168.17 5.32744
7180.18 4.99421
7192.19 4.61907
7204.2 4.19902
7216.22 3.73097
7228.23 3.21179
7240.24 2.6383
7252.25 2.00732
7264.26 1.31569
7276.28 0.560282
7288.29 -0.26193
7300.3 -1.15387
7312.31 -2.11835
7324.32 -3.15802
7336.34 -4.27542
7348.35 -5.473
7360.36 -6.7532
7372.37 -8.11863
7384.38 -9.57233
7396.4 -11.1182
7408.41 -12.7619
7420.42 -14.5122
7432.43 -16.3838
7444.44 -18.4039
7456.46 -20.63
7468.47 -23.2333
7480.48 -26.6206
7492.49 -29.056
7504.5 -31.055
7516.52 -32.7492
7528.53 -34.1732
7540.54 -35.325
7552.55 -36.1728
7564.56 -36.6333
7576.58 -36.4113
7588.59 -35.4747
7600.6 -35.4675
7612.61 -35.7144
7624.62 -36.0871
7636.64 -36.5309
7648.65 -37.0173
7660.66 -37.532
7672.67 -38.0731
7684.68 -38.6906
7696.7 -39.268
7708.71 -39.7467
7720.72 -40.1671
7732.73 -40.5376
7744.74 -40.8616
7756.76 -41.1408
7768.77 -41.3749
7780.78 -41.5594
7792.79 -41.6632
7804.8 -41.7793
7816.82 -41.9004
7828.83 -42.0172
7840.84 -42.13
7852.85 -42.2421
7864.86 -42.36
7876.88 -42.4953
7888.89 -42.6776
7900.9 -42.9876
7912.91 -43.1359
7924.92 -43.2063
7936.94 -43.2273
7948.95 -43.2107
7960.96 -43.1636
7972.97 -43.0912
7984.98 -42.9989
7997 -42.8957
8009.01 -42.7874
8021.02 -42.6296
8033.03 -42.4404
8045.05 -42.2236
8057.06 -41.9801
8069.07 -41.7092
8081.08 -41.4082
8093.09 -41.0698
8105.11 -40.6584
8117.12 -40.2275
8129.13 -39.8483
8141.14 -39.4799
8153.15 -39.1136
8165.17 -38.7447
8177.18 -38.3697
8189.19 -37.9844
8201.2 -37.5818
8213.21 -37.1308
8225.23 -36.7048
8237.24 -36.2985
8249.25 -35.8981
8261.26 -35.4982
8273.27 -35.0944
8285.29 -34.6821
8297.3 -34.2539
8309.31 -33.7929
8321.32 -33.2449
8333.33 -32.7887
8345.35 -32.378
8357.36 -31.9948
8369.37 -31.6324
8381.38 -31.2874
8393.39 -30.9581
8405.41 -30.6444
8417.42 -30.3495
8429.43 -30.0772
8441.44 -29.7933
8453.45 -29.5095
8465.47 -29.2279
8477.48 -28.9492
8489.49 -28.6742
8501.5 -28.4036
8513.51 -28.1399
8525.53 -27.8943
8537.54 -27.6531
8549.55 -27.3768
8561.56 -27.0822
8573.57 -26.7699
8585.59 -26.4372
8597.6 -26.0789
8609.61 -25.6844
8621.62 -25.2292
8633.63 -24.5834
8645.65 -24.051
8657.66 -23.6404
8669.67 -23.2913
8681.68 -22.9857
8693.69 -22.7145
8705.71 -22.4719
8717.72 -22.2526
8729.73 -22.0489
8741.74 -21.836
8753.75 -21.689
8765.77 -21.5923
8777.78 -21.5397
8789.79 -21.5317
8801.8 -21.5722
8813.81 -21.6699
8825.83 -21.843
8837.84 -22.1458
8849.85 -22.6641
8861.86 -22.9443
8873.87 -23.1418
8885.89 -23.2934
8897.9 -23.4142
8909.91 -23.5123
8921.92 -23.5928
8933.93 -23.6591
8945.95 -23.7136
8957.96 -23.7582
8969.97 -23.7942
8981.98 -23.8228
8993.99 -23.8447
9006.01 -23.8607
9018.02 -23.8713
9030.03 -23.877
9042.04 -23.8783
9054.05 -23.8753
9066.07 -23.8684
9078.08 -23.8578
9090.09 -23.8437
9102.1 -23.8263
9114.11 -23.8056
9126.13 -23.7818
9138.14 -23.7549
9150.15 -23.7252
9162.16 -23.6925
9174.17 -23.6569
9186.19 -23.6186
9198.2 -23.5774
9210.21 -23.5335
9222.22 -23.4869
9234.23 -23.4374
9246.25 -23.3853
9258.26 -23.3303
9270.27 -23.2726
9282.28 -23.2122
9294.29 -23.1489
9306.31 -23.0828
9318.32 -23.0139
9330.33 -22.9421
9342.34 -22.8675
9354.35 -22.79
9366.37 -22.7095
9378.38 -22.6261
9390.39 -22.5398
9402.4 -22.4505
9414.41 -22.3582
9426.43 -22.2629
9438.44 -22.1645
9450.45 -22.0631
9462.46 -21.9586
9474.47 -21.8511
9486.49 -21.7405
9498.5 -21.6268
9510.51 -21.51
9522.52 -21.3902
9534.53 -21.2672
9546.55 -21.1412
9558.56 -21.0121
9570.57 -20.88
9582.58 -20.7448
9594.59 -20.6066
9606.61 -20.4654
9618.62 -20.3213
9630.63 -20.1743
9642.64 -20.0243
9654.65 -19.8715
9666.67 -19.716
9678.68 -19.5576
9690.69 -19.3966
9702.7 -19.233
9714.71 -19.0668
9726.73 -18.898
9738.74 -18.7268
9750.75 -18.5533
9762.76 -18.3774
9774.77 -18.1994
9786.79 -18.0191
9798.8 -17.8369
9810.81 -17.6527
9822.82 -17.4666
9834.83 -17.2787
9846.85 -17.0891
9858.86 -16.8978
9870.87 -16.7051
9882.88 -16.511
9894.89 -16.3155
9906.91 -16.1188
9918.92 -15.9209
9930.93 -15.722
9942.94 -15.5221
9954.95 -15.3213
9966.97 -15.1197
9978.98 -14.9174
9990.99 -14.7145
10003 -14.511
10015 -14.307
10027 -14.1026
10039 -13.8978
10051.1 -13.6927
10063.1 -13.4873
10075.1 -13.2817
10087.1 -13.0759
10099.1 -12.8699
10111.1 -12.6638
10123.1 -12.4575
10135.1 -12.2511
10147.1 -12.0446
10159.2 -11.8379
10171.2 -11.6311
10183.2 -11.424
10195.2 -11.2167
10207.2 -11.0091
10219.2 -10.8011
10231.2 -10.5926
10243.2 -10.3836
10255.3 -10.174
10267.3 -9.96365
10279.3 -9.75242
10291.3 -9.54019
10303.3 -9.32681
10315.3 -9.11213
10327.3 -8.89596
10339.3 -8.67813
10351.4 -8.45844
10363.4 -8.23668
10375.4 -8.01262
10387.4 -7.78603
10399.4 -7.55664
10411.4 -7.32421
10423.4 -7.08844
10435.4 -6.84904
10447.4 -6.60571
10459.5 -6.35811
10471.5 -6.1059
10483.5 -5.84873
10495.5 -5.58623
10507.5 -5.318
10519.5 -5.04363
10531.5 -4.7627
10543.5 -4.47476
10555.6 -4.17933
10567.6 -3.87592
10579.6 -3.56401
10591.6 -3.24306
10603.6 -2.91247
10615.6 -2.57165
10627.6 -2.21992
10639.6 -1.85658
10651.7 -1.48088
10663.7 -1.09197
10675.7 -0.68895
10687.7 -0.2708
10699.7 0.163624
10711.7 0.615633
10723.7 1.08675
10735.7 1.5788
10747.7 2.094
10759.8 2.63514
10771.8 3.20585
10783.8 3.81109
10795.8 4.45803
10807.8 5.15794
10819.8 5.93085
10831.8 6.82235
10843.8 8.0815
10855.9 9.13954
10867.9 9.94848
10879.9 10.6287
10891.9 11.2097
10903.9 11.7003
10915.9 12.097
10927.9 12.3816
10939.9 12.4975
10952 12.2048
10964 12.2302
10976 12.4263
10988 12.7106
11000 13.0541
11012 13.4415
11024 13.8627
11036 14.3091
11048 14.7689
11060.1 15.2252
11072.1 15.7417
11084.1 16.2941
11096.1 16.8754
11108.1 17.4818
11120.1 18.1109
11132.1 18.7614
11144.1 19.4328
11156.2 20.1296
11168.2 20.8475
11180.2 21.5556
11192.2 22.2644
11204.2 22.9736
11216.2 23.681
11228.2 24.3828
11240.2 25.0728
11252.3 25.738
11264.3 26.3116
11276.3 26.9297
11288.3 27.6245
11300.3 28.3562
11312.3 29.1138
11324.3 29.8921
11336.3 30.6883
11348.3 31.5018
11360.4 32.336
11372.4 33.2158
11384.4 34.0622
11396.4 34.8857
11408.4 35.6937
11420.4 36.4868
11432.4 37.2634
11444.4 38.0202
11456.5 38.751
11468.5 39.4399
11480.5 40.0511
11492.5 40.7258
11504.5 41.4188
11516.5 42.1156
11528.5 42.8093
11540.5 43.4943
11552.6 44.1646
11564.6 44.8109
11576.6 45.4063
11588.6 45.9478
11600.6 46.5747
11612.6 47.2286
11624.6 47.8983
11636.6 48.5789
11648.6 49.268
11660.7 49.9649
11672.7 50.6705
11684.7 51.3945
11696.7 52.118
11708.7 52.8325
11720.7 53.5465
11732.7 54.2638
11744.7 54.9884
11756.8 55.7265
11768.8 56.4887
11780.8 57.3004
11792.8 58.2833
11804.8 59.1149
11816.8 59.8315
11828.8 60.4786
11840.8 61.0696
11852.9 61.6092
11864.9 62.0973
11876.9 62.5279
11888.9 62.8784
11900.9 63.0822
11912.9 63.3939
11924.9 63.7424
11936.9 64.1048
11948.9 64.4726
11961 64.8412
11973 65.2072
11985 65.5662
11997 65.9075
12009 66.2252
12021 66.5888
12033 66.9728
12045 67.3736
12057.1 67.7917
12069.1 68.2296
12081.1 68.6932
12093.1 69.1952
12105.1 69.7919
12117.1 70.4035
12129.1 70.9166
12141.1 71.3976
12153.2 71.8612
12165.2 72.3161
12177.2 72.7697
12189.2 73.2311
12201.2 73.7172
12213.2 74.3048
12225.2 74.807
12237.2 75.2359
12249.2 75.6234
12261.3 75.98
12273.3 76.3109
12285.3 76.6191
12297.3 76.9063
12309.3 77.1717
12321.3 77.408
12333.3 77.6466
12345.3 77.8812
12357.4 78.1099
12369.4 78.3329
12381.4 78.5507
12393.4 78.7646
12405.4 78.9762
12417.4 79.1899
12429.4 79.4103
12441.4 79.6128
12453.5 79.8079
12465.5 79.9993
12477.5 80.1901
12489.5 80.384
12501.5 80.5868
12513.5 80.8101
12525.5 81.0998
12537.5 81.4079
12549.5 81.5937
12561.6 81.7262
12573.6 81.8168
12585.6 81.8691
12597.6 81.8823
12609.6 81.8511
12621.6 81.7597
12633.6 81.5143
12645.6 81.3391
12657.7 81.2426
12669.7 81.1822
12681.7 81.1473
12693.7 81.1348
12705.7 81.1464
12717.7 81.1895
12729.7 81.2877
12741.7 81.5358
12753.8 81.6291
12765.8 81.6337
12777.8 81.5792
12789.8 81.4729
12801.8 81.3149
12813.8 81.0991
12825.8 80.8094
12837.8 80.3948
12849.8 79.7746
12861.9 79.3788
12873.9 79.0596
12885.9 78.781
12897.9 78.5276
12909.9 78.2894
12921.9 78.0577
12933.9 77.8206
12945.9 77.5434
12958 77.2436
12970 77.0561
12982 76.9194
12994 76.8231
13006 76.7637
13018 76.7412
13030 76.7592
13042 76.8284
13054.1 77.0132
13066.1 77.1714
13078.1 77.2835
13090.1 77.3847
13102.1 77.4856
13114.1 77.5929
13126.1 77.7126
13138.1 77.8527
13150.2 78.03
13162.2 78.309
13174.2 78.5068
13186.2 78.6589
13198.2 78.7887
13210.2 78.9053
13222.2 79.0147
13234.2 79.1219
13246.2 79.2341
13258.3 79.3667
13270.3 79.5506
13282.3 79.6553
13294.3 79.7231
13306.3 79.7657
13318.3 79.7876
13330.3 79.7915
13342.3 79.7787
13354.4 79.7497
13366.4 79.7036
13378.4 79.6411
13390.4 79.5703
13402.4 79.4878
13414.4 79.3928
13426.4 79.2847
13438.4 79.1627
13450.5 79.0256
13462.5 78.8712
13474.5 78.691
13486.5 78.4997
13498.5 78.3015
13510.5 78.0896
13522.5 77.8604
13534.5 77.61
13546.5 77.3333
13558.6 77.0215
13570.6 76.6545
13582.6 76.1448
13594.6 75.7281
13606.6 75.3678
13618.6 75.0305
13630.6 74.703
13642.6 74.3763
13654.7 74.0413
13666.7 73.6847
13678.7 73.2753
13690.7 72.7358
13702.7 72.3626
13714.7 72.0673
13726.7 71.8236
13738.7 71.6218
13750.8 71.4582
13762.8 71.3322
13774.8 71.2481
13786.8 71.2253
13798.8 71.2704
13810.8 71.2569
13822.8 71.2349
13834.8 71.2147
13846.8 71.2014
13858.9 71.1991
13870.9 71.2126
13882.9 71.2505
13894.9 71.3521
13906.9 71.4505
13918.9 71.4984
13930.9 71.5293
13942.9 71.5515
13955 71.5696
13967 71.587
13979 71.608
13991 71.6398
14003 71.7134
14015 71.7518
14027 71.7627
14039 71.7587
14051.1 71.7442
14063.1 71.7221
14075.1 71.6949
14087.1 71.6655
14099.1 71.6404
14111.1 71.6381
14123.1 71.596
14135.1 71.5312
14147.1 71.4501
14159.2 71.3552
14171.2 71.2482
14183.2 71.1306
14195.2 71.0051
14207.2 70.8796
14219.2 70.7602
14231.2 70.5871
14243.2 70.3806
14255.3 70.1432
14267.3 69.8734
14279.3 69.5674
14291.3 69.2175
14303.3 68.8076
14315.3 68.2708
14327.3 67.6876
14339.3 67.2253
14351.4 66.7926
14363.4 66.3693
14375.4 65.9429
14387.4 65.5017
14399.4 65.0297
14411.4 64.4948
14423.4 63.7379
14435.4 63.1385
14447.4 62.6922
14459.5 62.3297
14471.5 62.0313
14483.5 61.7889
14495.5 61.6
14507.5 61.4679
14519.5 61.4081
14531.5 61.4823
14543.5 61.4864
14555.6 61.4699
14567.6 61.4549
14579.6 61.4513
14591.6 61.4667
14603.6 61.5105
14615.6 61.5984
14627.6 61.774
14639.6 62.0953
14651.7 62.2244
14663.7 62.2808
14675.7 62.2916
14687.7 62.2671
14699.7 62.2123
14711.7 62.1285
14723.7 62.0129
14735.7 61.8457
14747.7 61.6471
14759.8 61.4961
14771.8 61.3574
14783.8 61.2258
14795.8 61.1004
14807.8 60.982
14819.8 60.8741
14831.8 60.7855
14843.8 60.7651
14855.9 60.7014
14867.9 60.5857
14879.9 60.4427
14891.9 60.2797
14903.9 60.1011
14915.9 59.9105
14927.9 59.7129
14939.9 59.5197
14952 59.3758
14964 59.1429
14976 58.847
14988 58.501
15000 58.106
15012 57.6581
15024 57.148
15036 56.5552
15048 55.8193
15060.1 54.8315
15072.1 54.1206
15084.1 53.5106
15096.1 52.9573
15108.1 52.4428
15120.1 51.9571
15132.1 51.4932
15144.1 51.0451
15156.2 50.601
15168.2 50.1628
15180.2 49.7727
15192.2 49.4115
15204.2 49.0765
15216.2 48.7673
15228.2 48.4853
15240.2 48.2342
15252.3 48.0232
15264.3 47.9005
15276.3 47.7676
15288.3 47.602
15300.3 47.4342
15312.3 47.2746
15324.3 47.1312
15336.3 47.0129
15348.3 46.9337
15360.4 46.9236
15372.4 47.1094
15384.4 47.1404
15396.4 47.0778
15408.4 46.9681
15420.4 46.8288
15432.4 46.6708
15444.4 46.5035
15456.5 46.3387
15468.5 46.2011
15480.5 46.1444
15492.5 45.9579
15504.5 45.7082
15516.5 45.415
15528.5 45.0863
15540.5 44.7264
15552.6 44.3377
15564.6 43.9211
15576.6 43.4738
15588.6 42.9966
15600.6 42.514
15612.6 42.0165
15624.6 41.5023
15636.6 40.9701
15648.6 40.4179
15660.7 39.8426
15672.7 39.2364
15684.7 38.5571
15696.7 37.8859
15708.7 37.2624
15720.7 36.6557
15732.7 36.0588
15744.7 35.4687
15756.8 34.8835
15768.8 34.3019
15780.8 33.7213
15792.8 33.1298
15804.8 32.5623
15816.8 32.0165
15828.8 31.4898
15840.8 30.984
15852.9 30.5033
15864.9 30.0553
15876.9 29.6545
15888.9 29.3407
15900.9 29.2239
15912.9 28.8954
15924.9 28.4714
15936.9 27.9888
15948.9 27.4609
15961 26.8928
15973 26.2848
15985 25.6307
15997 24.9008
16009 24.0789
16021 23.379
16033 22.7218
16045 22.0941
16057.1 21.4926
16069.1 20.9193
16081.1 20.3807
16093.1 19.8939
16105.1 19.5386
16117.1 19.1978
16129.1 18.7062
16141.1 18.1571
16153.2 17.5691
16165.2 16.9505
16177.2 16.306
16189.2 15.6389
16201.2 14.9516
16213.2 14.2494
16225.2 13.5217
16237.2 12.7687
16249.2 11.9916
16261.3 11.1892
16273.3 10.3589
16285.3 9.49632
16297.3 8.59236
16309.3 7.62375
16321.3 6.51385
16333.3 5.51816
16345.3 4.57064
16357.4 3.64485
16369.4 2.73031
16381.4 1.82068
16393.4 0.91095
16405.4 -0.0041737
16417.4 -0.934208
16429.4 -1.88932
16441.4 -2.82106
16453.5 -3.75116
16465.5 -4.68757
16477.5 -5.63718
16489.5 -6.6086
16501.5 -7.61527
16513.5 -8.68428
16525.5 -9.92221
16537.5 -11.2181
16549.5 -12.2469
16561.6 -13.1693
16573.6 -14.0131
16585.6 -14.7887
16597.6 -15.498
16609.6 -16.1351
16621.6 -16.6783
16633.6 -16.9937
16645.6 -17.4031
16657.7 -17.9181
16669.7 -18.4767
16681.7 -19.0615
16693.7 -19.6651
16705.7 -20.2835
16717.7 -20.9146
16729.7 -21.5583
16741.7 -22.2177
16753.8 -22.8814
16765.8 -23.5526
16777.8 -24.2335
16789.8 -24.9261
16801.8 -25.633
16813.8 -26.3582
16825.8 -27.1089
16837.8 -27.9043
16849.8 -28.7737
16861.9 -29.5701
16873.9 -30.3466
16885.9 -31.1183
16897.9 -31.8937
16909.9 -32.6812
16921.9 -33.4912
16933.9 -34.3426
16945.9 -35.2988
16958 -36.3264
16970 -37.1722
16982 -37.953
16994 -38.6912
17006 -39.3971
17018 -40.0771
17030 -40.7351
17042 -41.3729
17054.1 -41.982
17066.1 -42.5927
17078.1 -43.2123
17090.1 -43.8389
17102.1 -44.4763
17114.1 -45.131
17126.1 -45.814
17138.1 -46.5452
17150.2 -47.3729
17162.2 -48.4982
17174.2 -49.3386
17186.2 -50.0037
17198.2 -50.5633
17210.2 -51.0412
17222.2 -51.449
17234.2 -51.7928
17246.2 -52.0751
17258.3 -52.2934
17270.3 -52.4386
17282.3 -52.5554
17294.3 -52.6282
17306.3 -52.6507
17318.3 -52.6168
17330.3 -52.518
17342.3 -52.3401
17354.4 -52.0542
17366.4 -51.561
17378.4 -50.8747
17390.4 -50.4921
17402.4 -50.2014
17414.4 -49.9631
17426.4 -49.7601
17438.4 -49.5832
17450.5 -49.4274
17462.5 -49.2913
17474.5 -49.1879
17486.5 -49.0822
17498.5 -48.9609
17510.5 -48.833
17522.5 -48.6995
17534.5 -48.5602
17546.5 -48.414
17558.6 -48.2589
17570.6 -48.0902
17582.6 -47.887
17594.6 -47.7063
17606.6 -47.54
17618.6 -47.3805
17630.6 -47.2261
17642.6 -47.0766
17654.7 -46.9333
17666.7 -46.8
17678.7 -46.6891
17690.7 -46.633
17702.7 -46.5004
17714.7 -46.3289
17726.7 -46.1292
17738.7 -45.9042
17750.8 -45.6541
17762.8 -45.3772
17774.8 -45.0688
17786.8 -44.7127
17798.8 -44.3023
17810.8 -43.932
17822.8 -43.5621
17834.8 -43.1828
17846.8 -42.7872
17858.9 -42.3682
17870.9 -41.9153
17882.9 -41.4072
17894.9 -40.7408
17906.9 -40.0962
17918.9 -39.6011
17930.9 -39.1683
17942.9 -38.7789
17955 -38.4253
17967 -38.1049
17979 -37.8195
17991 -37.5798
18003 -37.4505
18015 -37.2579
18027 -37.0155
18039 -36.7482
18051.1 -36.4627
18063.1 -36.1608
18075.1 -35.842
18087.1 -35.5026
18099.1 -35.1305
18111.1 -34.6872
18123.1 -34.3103
18135.1 -33.9635
18147.1 -33.6342
18159.2 -33.3183
18171.2 -33.0146
18183.2 -32.7242
18195.2 -32.4515
18207.2 -32.2139
18219.2 -32.0252
18231.2 -31.7537
18243.2 -31.4466
18255.3 -31.1118
18267.3 -30.7504
18279.3 -30.36
18291.3 -29.9341
18303.3 -29.4574
18315.3 -28.8622
18327.3 -28.2333
18339.3 -27.7451
18351.4 -27.3058
18363.4 -26.8983
18375.4 -26.5147
18387.4 -26.1509
18399.4 -25.8046
18411.4 -25.4751
18423.4 -25.1671
18435.4 -24.8659
18447.4 -24.5714
18459.5 -24.2866
18471.5 -24.0131
18483.5 -23.7531
18495.5 -23.5104
18507.5 -23.2923
18519.5 -23.1182
18531.5 -23.0572
18543.5 -22.8838
18555.6 -22.6519
18567.6 -22.3848
18579.6 -22.0912
18591.6 -21.7763
18603.6 -21.4455
18615.6 -21.1076
18627.6 -20.7922
18639.6 -20.5376
18651.7 -20.0784
18663.7 -19.4957
18675.7 -18.7959
18687.7 -17.9659
18699.7 -16.9766
18711.7 -15.772
18723.7 -14.2288
18735.7 -11.861
18747.7 -9.08713
18759.8 -7.63864
18771.8 -6.70309
18783.8 -6.1449
18795.8 -5.91837
18807.8 -6.02033
18819.8 -6.48912
18831.8 -7.44912
18843.8 -9.64749
18855.9 -11.3564
18867.9 -12.4333
18879.9 -13.2501
18891.9 -13.9098
18903.9 -14.4614
18915.9 -14.9331
18927.9 -15.343
18939.9 -15.7035
18952 -16.0235
18964 -16.3097
18976 -16.5673
18988 -16.8003
19000 -17.0119
