7000 -17.0907
7012.01 -17.1837
7024.02 -17.2785
7036.04 -17.375
7048.05 -17.4734
7060.06 -17.5738
7072.07 -17.6763
7084.08 -17.7811
7096.1 -17.8882
7108.11 -17.9978
7120.12 -18.1102
7132.13 -18.2254
7144.14 -18.3437
7156.16 -18.4653
7168.17 -18.5904
7180.18 -18.7193
7192.19 -18.8524
7204.2 -18.9899
7216.22 -19.1323
7228.23 -19.2799
7240.24 -19.4333
7252.25 -19.5931
7264.26 -19.7598
7276.28 -19.9343
7288.29 -20.1174
7300.3 -20.3101
7312.31 -20.5137
7324.32 -20.7295
7336.34 -20.9594
7348.35 -21.2055
7360.36 -21.4706
7372.37 -21.7579
7384.38 -22.0719
7396.4 -22.4185
7408.41 -22.8058
7420.42 -23.2453
7432.43 -23.755
7444.44 -24.3648
7456.46 -25.1333
7468.47 -26.2258
7480.48 -28.0275
7492.49 -28.9236
7504.5 -29.401
7516.52 -29.5873
7528.53 -29.5191
7540.54 -29.1974
7552.55 -28.5924
7564.56 -27.6192
7576.58 -25.9646
7588.59 -23.5991
7600.6 -22.2983
7612.61 -21.3387
7624.62 -20.5858
7636.64 -19.9843
7648.65 -19.5073
7660.66 -19.1437
7672.67 -18.9
7684.68 -18.87
7696.7 -18.8529
7708.71 -18.7475
7720.72 -18.6264
7732.73 -18.5051
7744.74 -18.3904
7756.76 -18.287
7768.77 -18.1995
7780.78 -18.1362
7792.79 -18.1336
7804.8 -18.0966
7816.82 -18.0365
7828.83 -17.9673
7840.84 -17.8934
7852.85 -17.8174
7864.86 -17.7413
7876.88 -17.6671
7888.89 -17.5995
7900.9 -17.5503
7912.91 -17.4757
7924.92 -17.3877
7936.94 -17.2899
7948.95 -17.1828
7960.96 -17.066
7972.97 -16.9376
7984.98 -16.7934
7997 -16.6188
8009.01 -16.4054
8021.02 -16.248
8033.03 -16.1102
8045.05 -15.9848
8057.06 -15.8687
8069.07 -15.7608
8081.08 -15.6607
8093.09 -15.5691
8105.11 -15.4926
8117.12 -15.4204
8129.13 -15.3385
8141.14 -15.2545
8153.15 -15.17
8165.17 -15.0856
8177.18 -15.002
8189.19 -14.9198
8201.2 -14.8401
8213.21 -14.7687
8225.23 -14.6916
8237.24 -14.6094
8249.25 -14.5248
8261.26 -14.4386
8273.27 -14.3513
8285.29 -14.2637
8297.3 -14.177
8309.31 -14.0941
8321.32 -14.0249
8333.33 -13.9355
8345.35 -13.8343
8357.36 -13.7241
8369.37 -13.6057
8381.38 -13.4789
8393.39 -13.343
8405.41 -13.196
8417.42 -13.0316
8429.43 -12.8431
8441.44 -12.6757
8453.45 -12.5125
8465.47 -12.3497
8477.48 -12.1854
8489.49 -12.0184
8501.5 -11.8477
8513.51 -11.6723
8525.53 -11.4915
8537.54 -11.304
8549.55 -11.1082
8561.56 -10.9028
8573.57 -10.6857
8585.59 -10.4543
8597.6 -10.2045
8609.61 -9.92936
8621.62 -9.61389
8633.63 -9.18149
8645.65 -8.80824
8657.66 -8.49777
8669.67 -8.21326
8681.68 -7.94209
8693.69 -7.6757
8705.71 -7.40531
8717.72 -7.11789
8729.73 -6.78341
8741.74 -6.29105
8753.75 -5.98644
8765.77 -5.79402
8777.78 -5.67911
8789.79 -5.63266
8801.8 -5.65456
8813.81 -5.75213
8825.83 -5.94523
8837.84 -6.29745
8849.85 -6.91035
8861.86 -7.24153
8873.87 -7.47591
8885.89 -7.6572
8897.9 -7.80304
8909.91 -7.92288
8921.92 -8.0226
8933.93 -8.10611
8945.95 -8.17624
8957.96 -8.23504
8969.97 -8.28411
8981.98 -8.32471
8993.99 -8.35783
9006.01 -8.38428
9018.02 -8.40475
9030.03 -8.41979
9042.04 -8.42989
9054.05 -8.43546
9066.07 -8.43685
9078.08 -8.43436
9090.09 -8.42828
9102.1 -8.41882
9114.11 -8.40622
9126.13 -8.39065
9138.14 -8.37228
9150.15 -8.35127
9162.16 -8.32776
9174.17 -8.30187
9186.19 -8.27371
9198.2 -8.2434
9210.21 -8.21103
9222.22 -8.17669
9234.23 -8.14047
9246.25 -8.10245
9258.26 -8.0627
9270.27 -8.02129
9282.28 -7.97828
9294.29 -7.93375
9306.31 -7.88775
9318.32 -7.84033
9330.33 -7.79156
9342.34 -7.74148
9354.35 -7.69015
9366.37 -7.63761
9378.38 -7.58391
9390.39 -7.52911
9402.4 -7.47323
9414.41 -7.41634
9426.43 -7.35846
9438.44 -7.29965
9450.45 -7.23994
9462.46 -7.17938
9474.47 -7.118
9486.49 -7.05584
9498.5 -6.99295
9510.51 -6.92936
9522.52 -6.8651
9534.53 -6.80022
9546.55 -6.73476
9558.56 -6.66874
9570.57 -6.60221
9582.58 -6.5352
9594.59 -6.46774
9606.61 -6.39988
9618.62 -6.33165
9630.63 -6.26307
9642.64 -6.19419
9654.65 -6.12504
9666.67 -6.05565
9678.68 -5.98605
9690.69 -5.91628
9702.7 -5.84636
9714.71 -5.77634
9726.73 -5.70623
9738.74 -5.63608
9750.75 -5.5659
9762.76 -5.49573
9774.77 -5.4256
9786.79 -5.35554
9798.8 -5.28557
9810.81 -5.21571
9822.82 -5.146
9834.83 -5.07646
9846.85 -5.00711
9858.86 -4.93797
9870.87 -4.86907
9882.88 -4.80043
9894.89 -4.73206
9906.91 -4.66398
9918.92 -4.59622
9930.93 -4.52879
9942.94 -4.4617
9954.95 -4.39496
9966.97 -4.32859
9978.98 -4.2626
9990.99 -4.197
10003 -4.13179
10015 -4.06698
10027 -4.00258
10039 -3.93858
10051.1 -3.87498
10063.1 -3.81179
10075.1 -3.749
10087.1 -3.68661
10099.1 -3.6246
10111.1 -3.56297
10123.1 -3.5017
10135.1 -3.44078
10147.1 -3.3802
10159.2 -3.31993
10171.2 -3.25995
10183.2 -3.20025
10195.2 -3.14078
10207.2 -3.08152
10219.2 -3.02245
10231.2 -2.96351
10243.2 -2.90468
10255.3 -2.84592
10267.3 -2.78718
10279.3 -2.72841
10291.3 -2.66956
10303.3 -2.61059
10315.3 -2.55142
10327.3 -2.49201
10339.3 -2.4323
10351.4 -2.3722
10363.4 -2.31166
10375.4 -2.25059
10387.4 -2.18893
10399.4 -2.1266
10411.4 -2.06349
10423.4 -1.99954
10435.4 -1.93465
10447.4 -1.86872
10459.5 -1.80165
10471.5 -1.73334
10483.5 -1.66368
10495.5 -1.59256
10507.5 -1.51986
10519.5 -1.44547
10531.5 -1.36925
10543.5 -1.29109
10555.6 -1.21083
10567.6 -1.12836
10579.6 -1.04351
10591.6 -0.956132
10603.6 -0.866076
10615.6 -0.773171
10627.6 -0.67724
10639.6 -0.578098
10651.7 -0.475546
10663.7 -0.36937
10675.7 -0.259338
10687.7 -0.145192
10699.7 -0.0266487
10711.7 0.0966194
10723.7 0.22499
10735.7 0.358916
10747.7 0.498949
10759.8 0.645792
10771.8 0.800372
10783.8 0.963975
10795.8 1.1385
10807.8 1.32697
10819.8 1.53492
10831.8 1.77516
10843.8 2.11896
10855.9 2.40227
10867.9 2.6107
10879.9 2.77811
10891.9 2.91194
10903.9 3.01319
10915.9 3.0785
10927.9 3.09836
10939.9 3.04617
10952 2.81236
10964 2.72618
10976 2.72026
10988 2.75666
11000 2.82179
11012 2.90819
11024 3.01066
11036 3.12445
11048 3.24222
11060.1 3.35304
11072.1 3.49964
11084.1 3.66587
11096.1 3.84671
11108.1 4.03927
11120.1 4.24114
11132.1 4.44973
11144.1 4.66134
11156.2 4.86602
11168.2 5.06573
11180.2 5.29942
11192.2 5.54815
11204.2 5.80719
11216.2 6.07323
11228.2 6.34294
11240.2 6.61183
11252.3 6.87156
11264.3 7.08092
11276.3 7.32353
11288.3 7.61923
11300.3 7.94369
11312.3 8.29055
11324.3 8.65706
11336.3 9.04245
11348.3 9.44808
11360.4 9.88058
11372.4 10.3754
11384.4 10.8262
11396.4 11.2489
11408.4 11.6546
11420.4 12.0454
11432.4 12.4206
11444.4 12.7768
11456.5 13.1074
11468.5 13.3932
11480.5 13.5904
11492.5 13.8768
11504.5 14.1966
11516.5 14.5332
11528.5 14.8791
11540.5 15.2297
11552.6 15.5806
11564.6 15.9265
11576.6 16.2541
11588.6 16.5614
11600.6 16.9103
11612.6 17.2737
11624.6 17.6455
11636.6 18.0225
11648.6 18.402
11660.7 18.7813
11672.7 19.1556
11684.7 19.5035
11696.7 19.8651
11708.7 20.2601
11720.7 20.6737
11732.7 21.1035
11744.7 21.55
11756.8 22.0157
11768.8 22.5069
11780.8 23.0401
11792.8 23.6966
11804.8 24.2595
11816.8 24.753
11828.8 25.2077
11840.8 25.6326
11852.9 26.0312
11864.9 26.4041
11876.9 26.7484
11888.9 27.0525
11900.9 27.281
11912.9 27.5707
11924.9 27.8839
11936.9 28.2091
11948.9 28.5423
11961 28.8824
11973 29.2293
11985 29.5843
11997 29.9523
12009 30.3368
12021 30.7078
12033 31.0783
12045 31.4527
12057.1 31.8346
12069.1 32.2283
12081.1 32.641
12093.1 33.0871
12105.1 33.6287
12117.1 34.1764
12129.1 34.6033
12141.1 34.9814
12153.2 35.325
12165.2 35.6401
12177.2 35.9296
12189.2 36.194
12201.2 36.4299
12213.2 36.6116
12225.2 36.8082
12237.2 37.0168
12249.2 37.2269
12261.3 37.4358
12273.3 37.6424
12285.3 37.8461
12297.3 38.0465
12309.3 38.2433
12321.3 38.4341
12333.3 38.6274
12345.3 38.8215
12357.4 39.0163
12369.4 39.2122
12381.4 39.4103
12393.4 39.6119
12405.4 39.82
12417.4 40.0425
12429.4 40.2884
12441.4 40.5011
12453.5 40.7018
12465.5 40.8959
12477.5 41.086
12489.5 41.2746
12501.5 41.4645
12513.5 41.6604
12525.5 41.8801
12537.5 42.1057
12549.5 42.284
12561.6 42.4412
12573.6 42.5817
12585.6 42.7068
12597.6 42.816
12609.6 42.9065
12621.6 42.9704
12633.6 42.9617
12645.6 42.9912
12657.7 43.0633
12669.7 43.1571
12681.7 43.2674
12693.7 43.3931
12705.7 43.5348
12717.7 43.6961
12729.7 43.8871
12741.7 44.1471
12753.8 44.3531
12765.8 44.5333
12777.8 44.7015
12789.8 44.8633
12801.8 45.0226
12813.8 45.1832
12825.8 45.3507
12837.8 45.5396
12849.8 45.7721
12861.9 45.9321
12873.9 46.0593
12885.9 46.1623
12897.9 46.2441
12909.9 46.3049
12921.9 46.3428
12933.9 46.3519
12945.9 46.308
12958 46.2253
12970 46.2055
12982 46.2023
12994 46.207
13006 46.215
13018 46.2231
13030 46.2272
13042 46.2205
13054.1 46.1669
13066.1 46.1449
13078.1 46.1659
13090.1 46.2116
13102.1 46.2781
13114.1 46.3649
13126.1 46.4739
13138.1 46.6103
13150.2 46.789
13162.2 47.0742
13174.2 47.2775
13186.2 47.4339
13198.2 47.5654
13210.2 47.6797
13222.2 47.7801
13234.2 47.8684
13246.2 47.9449
13258.3 48.0076
13270.3 48.0507
13282.3 48.1026
13294.3 48.1545
13306.3 48.2042
13318.3 48.2507
13330.3 48.2931
13342.3 48.3304
13354.4 48.3611
13366.4 48.3798
13378.4 48.387
13390.4 48.4072
13402.4 48.4293
13414.4 48.4506
13426.4 48.4692
13438.4 48.483
13450.5 48.4886
13462.5 48.4791
13474.5 48.4173
13486.5 48.3779
13498.5 48.3868
13510.5 48.4202
13522.5 48.4728
13534.5 48.5429
13546.5 48.6308
13558.6 48.7385
13570.6 48.873
13582.6 49.0672
13594.6 49.2309
13606.6 49.3781
13618.6 49.5216
13630.6 49.6666
13642.6 49.8172
13654.7 49.9781
13666.7 50.1568
13678.7 50.3723
13690.7 50.6719
13702.7 50.8718
13714.7 51.0266
13726.7 51.1524
13738.7 51.2552
13750.8 51.3373
13762.8 51.3991
13774.8 51.4384
13786.8 51.4445
13798.8 51.4137
13810.8 51.4171
13822.8 51.4268
13834.8 51.4374
13846.8 51.4468
13858.9 51.4536
13870.9 51.4567
13882.9 51.4554
13894.9 51.448
13906.9 51.4355
13918.9 51.4185
13930.9 51.3952
13942.9 51.3644
13955 51.3245
13967 51.2731
13979 51.2062
13991 51.1148
14003 50.9548
14015 50.8382
14027 50.7547
14039 50.6867
14051.1 50.6282
14063.1 50.5758
14075.1 50.5272
14087.1 50.4794
14099.1 50.4278
14111.1 50.3592
14123.1 50.3168
14135.1 50.2886
14147.1 50.2701
14159.2 50.2596
14171.2 50.2561
14183.2 50.259
14195.2 50.2678
14207.2 50.2817
14219.2 50.3001
14231.2 50.3289
14243.2 50.3664
14255.3 50.4131
14267.3 50.4698
14279.3 50.5384
14291.3 50.622
14303.3 50.7272
14315.3 50.8813
14327.3 51.051
14339.3 51.1677
14351.4 51.2686
14363.4 51.3615
14375.4 51.451
14387.4 51.5411
14399.4 51.6373
14411.4 51.7498
14423.4 51.9306
14435.4 52.0554
14447.4 52.1256
14459.5 52.1631
14471.5 52.1738
14483.5 52.1593
14495.5 52.1186
14507.5 52.0474
14519.5 51.9316
14531.5 51.7196
14543.5 51.5818
14555.6 51.4776
14567.6 51.3903
14579.6 51.3141
14591.6 51.2467
14603.6 51.1879
14615.6 51.1394
14627.6 51.1101
14639.6 51.1122
14651.7 51.0669
14663.7 51.001
14675.7 50.9193
14687.7 50.823
14699.7 50.7113
14711.7 50.5817
14723.7 50.4274
14735.7 50.222
14747.7 49.9882
14759.8 49.8202
14771.8 49.6732
14783.8 49.5391
14795.8 49.4142
14807.8 49.2967
14819.8 49.1852
14831.8 49.079
14843.8 48.9783
14855.9 48.8812
14867.9 48.7873
14879.9 48.6968
14891.9 48.6095
14903.9 48.5255
14915.9 48.4442
14927.9 48.365
14939.9 48.2854
14952 48.1933
14964 48.1284
14976 48.0843
14988 48.0586
15000 48.0528
15012 48.0703
15024 48.1178
15036 48.2086
15048 48.3804
15060.1 48.7012
15072.1 48.8429
15084.1 48.9153
15096.1 48.9457
15108.1 48.9455
15120.1 48.9209
15132.1 48.8761
15144.1 48.8144
15156.2 48.7402
15168.2 48.6538
15180.2 48.5436
15192.2 48.4155
15204.2 48.2708
15216.2 48.1094
15228.2 47.9309
15240.2 47.733
15252.3 47.5104
15264.3 47.2306
15276.3 46.963
15288.3 46.7247
15300.3 46.4967
15312.3 46.2748
15324.3 46.0574
15336.3 45.8446
15348.3 45.6379
15360.4 45.4424
15372.4 45.2823
15384.4 45.0883
15396.4 44.8716
15408.4 44.6408
15420.4 44.3985
15432.4 44.1458
15444.4 43.8828
15456.5 43.6089
15468.5 43.3209
15480.5 43.0109
15492.5 42.7118
15504.5 42.4133
15516.5 42.1121
15528.5 41.8065
15540.5 41.4947
15552.6 41.1741
15564.6 40.8397
15576.6 40.4749
15588.6 40.0787
15600.6 39.7426
15612.6 39.4293
15624.6 39.1318
15636.6 38.8477
15648.6 38.5757
15660.7 38.3156
15672.7 38.0677
15684.7 37.8345
15696.7 37.6127
15708.7 37.4014
15720.7 37.2037
15732.7 37.022
15744.7 36.8598
15756.8 36.7219
15768.8 36.617
15780.8 36.5652
15792.8 36.6594
15804.8 36.6567
15816.8 36.5862
15828.8 36.4844
15840.8 36.3643
15852.9 36.2337
15864.9 36.0995
15876.9 35.9701
15888.9 35.8635
15900.9 35.8263
15912.9 35.6907
15924.9 35.505
15936.9 35.2847
15948.9 35.0352
15961 34.7582
15973 34.4528
15985 34.1142
15997 33.7224
16009 33.2663
16021 32.8837
16033 32.5224
16045 32.1728
16057.1 31.8314
16069.1 31.4974
16081.1 31.1719
16093.1 30.8591
16105.1 30.5824
16117.1 30.3059
16129.1 29.9791
16141.1 29.6293
16153.2 29.2608
16165.2 28.8748
16177.2 28.4703
16189.2 28.0442
16201.2 27.5882
16213.2 27.0579
16225.2 26.5644
16237.2 26.1009
16249.2 25.6487
16261.3 25.2016
16273.3 24.7558
16285.3 24.3083
16297.3 23.8551
16309.3 23.3885
16321.3 22.8845
16333.3 22.4212
16345.3 21.9781
16357.4 21.5475
16369.4 21.1265
16381.4 20.7142
16393.4 20.3106
16405.4 19.9176
16417.4 19.5435
16429.4 19.1973
16441.4 18.8101
16453.5 18.4056
16465.5 17.9877
16477.5 17.5572
16489.5 17.1128
16501.5 16.6514
16513.5 16.1658
16525.5 15.627
16537.5 15.0649
16549.5 14.5681
16561.6 14.092
16573.6 13.628
16585.6 13.172
16597.6 12.7212
16609.6 12.2736
16621.6 11.8272
16633.6 11.3779
16645.6 10.931
16657.7 10.4855
16669.7 10.0385
16681.7 9.5879
16693.7 9.1313
16705.7 8.66515
16717.7 8.18349
16729.7 7.67205
16741.7 7.07902
16753.8 6.56455
16765.8 6.09192
16777.8 5.64352
16789.8 5.21304
16801.8 4.79735
16813.8 4.39507
16825.8 4.00651
16837.8 3.63674
16849.8 3.29472
16861.9 2.92281
16873.9 2.53845
16885.9 2.14407
16897.9 1.73877
16909.9 1.31958
16921.9 0.880698
16933.9 0.409656
16945.9 -0.139456
16958 -0.740633
16970 -1.20447
16982 -1.61658
16994 -1.99211
17006 -2.33707
17018 -2.65354
17030 -2.9404
17042 -3.1906
17054.1 -3.35508
17066.1 -3.54753
17078.1 -3.78526
17090.1 -4.04309
17102.1 -4.31593
17114.1 -4.60336
17126.1 -4.90795
17138.1 -5.23653
17150.2 -5.60768
17162.2 -6.10154
17174.2 -6.48403
17186.2 -6.79871
17198.2 -7.07343
17210.2 -7.31753
17222.2 -7.53548
17234.2 -7.72957
17246.2 -7.90061
17258.3 -8.0472
17270.3 -8.16489
17282.3 -8.27522
17294.3 -8.37089
17306.3 -8.44913
17318.3 -8.50752
17330.3 -8.54282
17342.3 -8.54961
17354.4 -8.51685
17366.4 -8.40629
17378.4 -8.2237
17390.4 -8.16155
17402.4 -8.13837
17414.4 -8.13946
17426.4 -8.15907
17438.4 -8.19493
17450.5 -8.24741
17462.5 -8.32091
17474.5 -8.44714
17486.5 -8.55937
17498.5 -8.63415
17510.5 -8.69227
17522.5 -8.73835
17534.5 -8.77403
17546.5 -8.79955
17558.6 -8.81378
17570.6 -8.81257
17582.6 -8.77446
17594.6 -8.76037
17606.6 -8.76203
17618.6 -8.77211
17630.6 -8.78895
17642.6 -8.81268
17654.7 -8.84494
17666.7 -8.88989
17678.7 -8.96006
17690.7 -9.08831
17702.7 -9.14407
17714.7 -9.16535
17726.7 -9.1631
17738.7 -9.14085
17750.8 -9.09958
17762.8 -9.03855
17774.8 -8.95452
17786.8 -8.83523
17798.8 -8.67619
17810.8 -8.55246
17822.8 -8.43352
17834.8 -8.31261
17846.8 -8.18591
17858.9 -8.04993
17870.9 -7.90013
17882.9 -7.728
17894.9 -7.49336
17906.9 -7.26541
17918.9 -7.09321
17930.9 -6.94262
17942.9 -6.80584
17955 -6.67912
17967 -6.56022
17979 -6.44763
17991 -6.34011
18003 -6.23561
18015 -6.13725
18027 -6.04443
18039 -5.95651
18051.1 -5.87341
18063.1 -5.7954
18075.1 -5.72321
18087.1 -5.65855
18099.1 -5.60623
18111.1 -5.5815
18123.1 -5.53056
18135.1 -5.46777
18147.1 -5.39832
18159.2 -5.32421
18171.2 -5.24664
18183.2 -5.16668
18195.2 -5.08588
18207.2 -5.00856
18219.2 -4.93806
18231.2 -4.84358
18243.2 -4.73602
18255.3 -4.61693
18267.3 -4.48605
18279.3 -4.34198
18291.3 -4.18167
18303.3 -3.99815
18315.3 -3.76137
18327.3 -3.50918
18339.3 -3.31964
18351.4 -3.15217
18363.4 -2.99965
18375.4 -2.85957
18387.4 -2.73177
18399.4 -2.61859
18411.4 -2.52824
18423.4 -2.51103
18435.4 -2.44
18447.4 -2.31449
18459.5 -2.15486
18471.5 -1.96454
18483.5 -1.74195
18495.5 -1.48136
18507.5 -1.16989
18519.5 -0.772817
18531.5 -0.166484
18543.5 0.248061
18555.6 0.567624
18567.6 0.833823
18579.6 1.06176
18591.6 1.25927
18603.6 1.4311
18615.6 1.58042
18627.6 1.70961
18639.6 1.82052
18651.7 1.91149
18663.7 1.984
18675.7 2.03845
18687.7 2.0748
18699.7 2.09251
18711.7 2.09036
18723.7 2.06559
18735.7 2.00816
18747.7 1.92546
18759.8 1.8503
18771.8 1.76517
18783.8 1.66514
18795.8 1.54596
18807.8 1.4023
18819.8 1.22556
18831.8 0.997344
18843.8 0.62045
18855.9 0.313926
18867.9 0.0948816
18879.9 -0.0850321
18891.9 -0.239652
18903.9 -0.375812
18915.9 -0.497603
18927.9 -0.607745
18939.9 -0.708176
18952 -0.800339
18964 -0.885352
18976 -0.964103
18988 -1.03731
19000 -1.10557
