7000 -14.2181
7012.01 -14.2993
7024.02 -14.382
7036.04 -14.4665
7048.05 -14.5526
7060.06 -14.6406
7072.07 -14.7306
7084.08 -14.8227
7096.1 -14.917
7108.11 -15.0136
7120.12 -15.1128
7132.13 -15.2146
7144.14 -15.3193
7156.16 -15.4271
7168.17 -15.5382
7180.18 -15.6529
7192.19 -15.7715
7204.2 -15.8943
7216.22 -16.0216
7228.23 -16.1539
7240.24 -16.2916
7252.25 -16.4353
7264.26 -16.5856
7276.28 -16.7432
7288.29 -16.9089
7300.3 -17.0836
7312.31 -17.2687
7324.32 -17.4653
7336.34 -17.6752
7348.35 -17.9004
7360.36 -18.1435
7372.37 -18.4076
7384.38 -18.6969
7396.4 -19.0169
7408.41 -19.3752
7420.42 -19.7827
7432.43 -20.2562
7444.44 -20.8236
7456.46 -21.5398
7468.47 -22.5589
7480.48 -24.2404
7492.49 -25.0789
7504.5 -25.5289
7516.52 -25.7098
7528.53 -25.6565
7540.54 -25.371
7552.55 -24.8277
7564.56 -23.9517
7576.58 -22.4659
7588.59 -20.3439
7600.6 -19.1578
7612.61 -18.2663
7624.62 -17.5497
7636.64 -16.9579
7648.65 -16.465
7660.66 -16.058
7672.67 -15.7351
7684.68 -15.5408
7696.7 -15.37
7708.71 -15.1693
7720.72 -14.9742
7732.73 -14.792
7744.74 -14.6258
7756.76 -14.4782
7768.77 -14.3525
7780.78 -14.2572
7792.79 -14.2317
7804.8 -14.1703
7816.82 -14.0851
7828.83 -13.9909
7840.84 -13.8922
7852.85 -13.7914
7864.86 -13.6895
7876.88 -13.5874
7888.89 -13.4855
7900.9 -13.3843
7912.91 -13.2836
7924.92 -13.1837
7936.94 -13.0848
7948.95 -12.987
7960.96 -12.8905
7972.97 -12.7956
7984.98 -12.7027
7997 -12.6139
8009.01 -12.5301
8021.02 -12.4389
8033.03 -12.3451
8045.05 -12.2494
8057.06 -12.152
8069.07 -12.0528
8081.08 -11.9516
8093.09 -11.8472
8105.11 -11.7349
8117.12 -11.6221
8129.13 -11.519
8141.14 -11.4201
8153.15 -11.3248
8165.17 -11.233
8177.18 -11.1456
8189.19 -11.0642
8201.2 -10.9934
8213.21 -10.9572
8225.23 -10.8945
8237.24 -10.8082
8249.25 -10.7079
8261.26 -10.5959
8273.27 -10.473
8285.29 -10.3383
8297.3 -10.1898
8309.31 -10.0209
8321.32 -9.8092
8333.33 -9.6305
8345.35 -9.46559
8357.36 -9.30706
8369.37 -9.15233
8381.38 -9.0003
8393.39 -8.8508
8405.41 -8.70491
8417.42 -8.5679
8429.43 -8.4455
8441.44 -8.29116
8453.45 -8.12037
8465.47 -7.93532
8477.48 -7.73562
8489.49 -7.51939
8501.5 -7.28273
8513.51 -7.0172
8525.53 -6.68947
8537.54 -6.33292
8549.55 -6.04874
8561.56 -5.78577
8573.57 -5.53386
8585.59 -5.2877
8597.6 -5.04334
8609.61 -4.79687
8621.62 -4.54248
8633.63 -4.25721
8645.65 -3.98916
8657.66 -3.73781
8669.67 -3.49099
8681.68 -3.24282
8693.69 -2.9875
8705.71 -2.71722
8717.72 -2.41832
8729.73 -2.0569
8741.74 -1.50492
8753.75 -1.16383
8765.77 -0.946032
8777.78 -0.811162
8789.79 -0.748314
8801.8 -0.756571
8813.81 -0.842953
8825.83 -1.02742
8837.84 -1.37463
8849.85 -1.98803
8861.86 -2.31443
8873.87 -2.54235
8885.89 -2.7163
8897.9 -2.85423
8909.91 -2.96575
8921.92 -3.05683
8933.93 -3.13146
8945.95 -3.19248
8957.96 -3.242
8969.97 -3.28162
8981.98 -3.31263
8993.99 -3.33603
9006.01 -3.35264
9018.02 -3.36315
9030.03 -3.36814
9042.04 -3.36809
9054.05 -3.36342
9066.07 -3.35448
9078.08 -3.34158
9090.09 -3.32501
9102.1 -3.30499
9114.11 -3.28175
9126.13 -3.25547
9138.14 -3.22632
9150.15 -3.19446
9162.16 -3.16004
9174.17 -3.12317
9186.19 -3.08397
9198.2 -3.04256
9210.21 -2.99903
9222.22 -2.95346
9234.23 -2.90596
9246.25 -2.85659
9258.26 -2.80544
9270.27 -2.75257
9282.28 -2.69805
9294.29 -2.64194
9306.31 -2.5843
9318.32 -2.52519
9330.33 -2.46467
9342.34 -2.40278
9354.35 -2.33958
9366.37 -2.27512
9378.38 -2.20944
9390.39 -2.1426
9402.4 -2.07462
9414.41 -2.00557
9426.43 -1.93547
9438.44 -1.86438
9450.45 -1.79233
9462.46 -1.71937
9474.47 -1.64552
9486.49 -1.57084
9498.5 -1.49535
9510.51 -1.41911
9522.52 -1.34213
9534.53 -1.26447
9546.55 -1.18615
9558.56 -1.10721
9570.57 -1.02769
9582.58 -0.947626
9594.59 -0.867044
9606.61 -0.785983
9618.62 -0.704474
9630.63 -0.622553
9642.64 -0.540251
9654.65 -0.457601
9666.67 -0.374634
9678.68 -0.291383
9690.69 -0.207877
9702.7 -0.124148
9714.71 -0.0402249
9726.73 0.0438626
9738.74 0.128086
9750.75 0.212417
9762.76 0.296828
9774.77 0.381293
9786.79 0.465786
9798.8 0.550282
9810.81 0.634755
9822.82 0.719184
9834.83 0.803544
9846.85 0.887815
9858.86 0.971976
9870.87 1.05601
9882.88 1.13989
9894.89 1.22361
9906.91 1.30714
9918.92 1.39049
9930.93 1.47362
9942.94 1.55652
9954.95 1.6392
9966.97 1.72164
9978.98 1.80382
9990.99 1.88575
10003 1.96743
10015 2.04884
10027 2.12998
10039 2.21087
10051.1 2.2915
10063.1 2.37188
10075.1 2.45201
10087.1 2.53191
10099.1 2.61158
10111.1 2.69104
10123.1 2.77031
10135.1 2.84941
10147.1 2.92835
10159.2 3.00717
10171.2 3.08588
10183.2 3.16452
10195.2 3.24311
10207.2 3.32171
10219.2 3.40033
10231.2 3.47903
10243.2 3.55785
10255.3 3.63683
10267.3 3.71603
10279.3 3.7955
10291.3 3.8753
10303.3 3.95549
10315.3 4.03613
10327.3 4.1173
10339.3 4.19905
10351.4 4.28148
10363.4 4.36466
10375.4 4.44867
10387.4 4.5336
10399.4 4.61955
10411.4 4.7066
10423.4 4.79487
10435.4 4.88445
10447.4 4.97546
10459.5 5.068
10471.5 5.16221
10483.5 5.25819
10495.5 5.35609
10507.5 5.45604
10519.5 5.55817
10531.5 5.66264
10543.5 5.7696
10555.6 5.87921
10567.6 5.99163
10579.6 6.10704
10591.6 6.22563
10603.6 6.34759
10615.6 6.47312
10627.6 6.60244
10639.6 6.73579
10651.7 6.87341
10663.7 7.01559
10675.7 7.16261
10687.7 7.3148
10699.7 7.47255
10711.7 7.63627
10723.7 7.80645
10735.7 7.98369
10747.7 8.16871
10759.8 8.36242
10771.8 8.566
10783.8 8.78109
10795.8 9.01007
10807.8 9.25671
10819.8 9.52777
10831.8 9.83875
10843.8 10.2749
10855.9 10.641
10867.9 10.9201
10879.9 11.1532
10891.9 11.3501
10903.9 11.5131
10915.9 11.6399
10927.9 11.7226
10939.9 11.7375
10952 11.5863
10964 11.5651
10976 11.6135
10988 11.6971
11000 11.8034
11012 11.9252
11024 12.0569
11036 12.1923
11048 12.3189
11060.1 12.4166
11072.1 12.5751
11084.1 12.763
11096.1 12.9719
11108.1 13.1979
11120.1 13.4387
11132.1 13.6925
11144.1 13.9581
11156.2 14.2355
11168.2 14.5228
11180.2 14.8126
11192.2 15.106
11204.2 15.4015
11216.2 15.6971
11228.2 15.9894
11240.2 16.2731
11252.3 16.5368
11264.3 16.7204
11276.3 16.9485
11288.3 17.2512
11300.3 17.5933
11312.3 17.9662
11324.3 18.3671
11336.3 18.796
11348.3 19.2571
11360.4 19.7646
11372.4 20.3885
11384.4 20.9239
11396.4 21.4027
11408.4 21.8482
11420.4 22.266
11432.4 22.6566
11444.4 23.0167
11456.5 23.3374
11468.5 23.5926
11480.5 23.7204
11492.5 23.9753
11504.5 24.2787
11516.5 24.608
11528.5 24.9542
11540.5 25.3125
11552.6 25.6798
11564.6 26.0548
11576.6 26.4387
11588.6 26.8302
11600.6 27.2085
11612.6 27.5798
11624.6 27.9438
11636.6 28.2992
11648.6 28.6433
11660.7 28.9719
11672.7 29.2757
11684.7 29.5058
11696.7 29.7549
11708.7 30.0684
11720.7 30.4112
11732.7 30.7763
11744.7 31.162
11756.8 31.5698
11768.8 32.0055
11780.8 32.4858
11792.8 33.0961
11804.8 33.6069
11816.8 34.0433
11828.8 34.4371
11840.8 34.7974
11852.9 35.1273
11864.9 35.4264
11876.9 35.6901
11888.9 35.9024
11900.9 36.0155
11912.9 36.2109
11924.9 36.4379
11936.9 36.6805
11948.9 36.9328
11961 37.1921
11973 37.4568
11985 37.7258
11997 37.9976
12009 38.2715
12021 38.5588
12033 38.8567
12045 39.1663
12057.1 39.4901
12069.1 39.8324
12081.1 40.2005
12093.1 40.6107
12105.1 41.1344
12117.1 41.6683
12129.1 42.0658
12141.1 42.41
12153.2 42.7172
12165.2 42.9946
12177.2 43.2458
12189.2 43.4718
12201.2 43.6706
12213.2 43.8216
12225.2 43.9811
12237.2 44.1468
12249.2 44.3102
12261.3 44.4691
12273.3 44.6222
12285.3 44.7686
12297.3 44.9068
12309.3 45.0325
12321.3 45.1317
12333.3 45.2543
12345.3 45.3885
12357.4 45.5305
12369.4 45.68
12381.4 45.8383
12393.4 46.0084
12405.4 46.1966
12417.4 46.4231
12429.4 46.7099
12441.4 46.907
12453.5 47.0687
12465.5 47.2067
12477.5 47.3253
12489.5 47.4266
12501.5 47.5106
12513.5 47.575
12525.5 47.6065
12537.5 47.6206
12549.5 47.6614
12561.6 47.7076
12573.6 47.7557
12585.6 47.8042
12597.6 47.8524
12609.6 47.8998
12621.6 47.9463
12633.6 47.9917
12645.6 48.0364
12657.7 48.0806
12669.7 48.1243
12681.7 48.1679
12693.7 48.2116
12705.7 48.2562
12717.7 48.3027
12729.7 48.354
12741.7 48.4208
12753.8 48.47
12765.8 48.509
12777.8 48.5414
12789.8 48.5683
12801.8 48.5903
12813.8 48.6075
12825.8 48.6197
12837.8 48.6256
12849.8 48.623
12861.9 48.6235
12873.9 48.623
12885.9 48.6204
12897.9 48.6148
12909.9 48.6054
12921.9 48.591
12933.9 48.5691
12945.9 48.5312
12958 48.4818
12970 48.4554
12982 48.4362
12994 48.4206
13006 48.407
13018 48.3933
13030 48.3773
13042 48.3538
13054.1 48.2946
13066.1 48.2626
13078.1 48.267
13090.1 48.2941
13102.1 48.3412
13114.1 48.4089
13126.1 48.5001
13138.1 48.6213
13150.2 48.7906
13162.2 49.0844
13174.2 49.2787
13186.2 49.415
13198.2 49.5196
13210.2 49.601
13222.2 49.6627
13234.2 49.7058
13246.2 49.7282
13258.3 49.7207
13270.3 49.6614
13282.3 49.6519
13294.3 49.661
13306.3 49.6814
13318.3 49.711
13330.3 49.75
13342.3 49.8001
13354.4 49.8666
13366.4 49.97
13378.4 50.1065
13390.4 50.1701
13402.4 50.2046
13414.4 50.2171
13426.4 50.2094
13438.4 50.1806
13450.5 50.1269
13462.5 50.0377
13474.5 49.8524
13486.5 49.6945
13498.5 49.6068
13510.5 49.5499
13522.5 49.5147
13534.5 49.4978
13546.5 49.4982
13558.6 49.5177
13570.6 49.563
13582.6 49.6695
13594.6 49.7377
13606.6 49.7816
13618.6 49.8143
13630.6 49.8399
13642.6 49.8606
13654.7 49.8777
13666.7 49.8924
13678.7 49.9061
13690.7 49.9221
13702.7 49.9293
13714.7 49.9312
13726.7 49.9288
13738.7 49.9224
13750.8 49.912
13762.8 49.8974
13774.8 49.8779
13786.8 49.851
13798.8 49.816
13810.8 49.7872
13822.8 49.7588
13834.8 49.7293
13846.8 49.698
13858.9 49.6641
13870.9 49.6267
13882.9 49.5839
13894.9 49.5266
13906.9 49.4704
13918.9 49.4264
13930.9 49.3868
13942.9 49.35
13955 49.3154
13967 49.2824
13979 49.2513
13991 49.2227
14003 49.2013
14015 49.174
14027 49.1417
14039 49.1062
14051.1 49.0675
14063.1 49.0256
14075.1 48.9797
14087.1 48.9287
14099.1 48.869
14111.1 48.7893
14123.1 48.7288
14135.1 48.6772
14147.1 48.6307
14159.2 48.588
14171.2 48.5487
14183.2 48.5128
14195.2 48.4806
14207.2 48.4545
14219.2 48.4362
14231.2 48.4097
14243.2 48.3812
14255.3 48.3521
14267.3 48.3232
14279.3 48.2956
14291.3 48.2703
14303.3 48.2502
14315.3 48.2458
14327.3 48.2437
14339.3 48.216
14351.4 48.1769
14363.4 48.1291
14375.4 48.0732
14387.4 48.0091
14399.4 47.9359
14411.4 47.8506
14423.4 47.7362
14435.4 47.6341
14447.4 47.5439
14459.5 47.4582
14471.5 47.3745
14483.5 47.2918
14495.5 47.209
14507.5 47.1254
14519.5 47.0388
14531.5 46.9428
14543.5 46.8591
14555.6 46.783
14567.6 46.7129
14579.6 46.6489
14591.6 46.5923
14603.6 46.5455
14615.6 46.5141
14627.6 46.515
14639.6 46.5711
14651.7 46.5447
14663.7 46.4834
14675.7 46.3973
14687.7 46.2895
14699.7 46.1601
14711.7 46.0068
14723.7 45.8224
14735.7 45.5765
14747.7 45.2957
14759.8 45.0901
14771.8 44.9078
14783.8 44.7394
14795.8 44.581
14807.8 44.4303
14819.8 44.2861
14831.8 44.1472
14843.8 44.0112
14855.9 43.8833
14867.9 43.764
14879.9 43.6531
14891.9 43.5515
14903.9 43.4607
14915.9 43.3837
14927.9 43.3263
14939.9 43.3026
14952 43.3694
14964 43.357
14976 43.3001
14988 43.2182
15000 43.1181
15012 43.0029
15024 42.8743
15036 42.7325
15048 42.5743
15060.1 42.3932
15072.1 42.2278
15084.1 42.0666
15096.1 41.9076
15108.1 41.7508
15120.1 41.5973
15132.1 41.4497
15144.1 41.3129
15156.2 41.2055
15168.2 41.1208
15180.2 40.9752
15192.2 40.8054
15204.2 40.6181
15216.2 40.4159
15228.2 40.1999
15240.2 39.97
15252.3 39.7238
15264.3 39.4434
15276.3 39.1686
15288.3 38.9096
15300.3 38.656
15312.3 38.4061
15324.3 38.1597
15336.3 37.918
15348.3 37.6834
15360.4 37.4627
15372.4 37.2852
15384.4 37.0687
15396.4 36.8271
15408.4 36.5715
15420.4 36.306
15432.4 36.0331
15444.4 35.7555
15456.5 35.4767
15468.5 35.205
15480.5 34.9596
15492.5 34.662
15504.5 34.336
15516.5 33.9875
15528.5 33.6179
15540.5 33.2268
15552.6 32.8114
15564.6 32.3652
15576.6 31.8645
15588.6 31.3078
15600.6 30.8233
15612.6 30.3573
15624.6 29.8986
15636.6 29.4412
15648.6 28.9803
15660.7 28.5092
15672.7 28.0162
15684.7 27.4406
15696.7 26.8968
15708.7 26.4409
15720.7 26.0295
15732.7 25.6535
15744.7 25.3101
15756.8 25
15768.8 24.7276
15780.8 24.5062
15792.8 24.4021
15804.8 24.2399
15816.8 24.0407
15828.8 23.8309
15840.8 23.6206
15852.9 23.4166
15864.9 23.2261
15876.9 23.0595
15888.9 22.9417
15900.9 22.9394
15912.9 22.8086
15924.9 22.6194
15936.9 22.3943
15948.9 22.1417
15961 21.865
15973 21.5652
15985 21.2394
15997 20.8735
16009 20.4596
16021 20.1034
16033 19.7658
16045 19.4403
16057.1 19.1253
16069.1 18.8214
16081.1 18.5318
16093.1 18.2642
16105.1 18.0557
16117.1 17.8514
16129.1 17.5733
16141.1 17.265
16153.2 16.9343
16165.2 16.5842
16177.2 16.2154
16189.2 15.8267
16201.2 15.4128
16213.2 14.9437
16225.2 14.4958
16237.2 14.0648
16249.2 13.6378
16261.3 13.2105
16273.3 12.7801
16285.3 12.344
16297.3 11.8986
16309.3 11.4361
16321.3 10.9319
16333.3 10.467
16345.3 10.0206
16357.4 9.5842
16369.4 9.15505
16381.4 8.73181
16393.4 8.31433
16405.4 7.904
16417.4 7.50765
16429.4 7.13295
16441.4 6.71854
16453.5 6.28455
16465.5 5.83361
16477.5 5.36475
16489.5 4.87466
16501.5 4.35661
16513.5 3.79567
16525.5 3.13113
16537.5 2.42681
16549.5 1.86911
16561.6 1.36581
16573.6 0.900705
16585.6 0.467477
16597.6 0.0642307
16609.6 -0.307094
16621.6 -0.637165
16633.6 -0.865668
16645.6 -1.13948
16657.7 -1.46445
16669.7 -1.813
16681.7 -2.17822
16693.7 -2.55782
16705.7 -2.95182
16717.7 -3.36261
16729.7 -3.79797
16741.7 -4.28831
16753.8 -4.7388
16765.8 -5.17146
16777.8 -5.59733
16789.8 -6.02113
16801.8 -6.44635
16813.8 -6.87664
16825.8 -7.31741
16837.8 -7.78201
16849.8 -8.29069
16861.9 -8.74188
16873.9 -9.1717
16885.9 -9.58956
16897.9 -10.0001
16909.9 -10.4066
16921.9 -10.8127
16933.9 -11.2233
16945.9 -11.653
16958 -12.0953
16970 -12.496
16982 -12.8813
16994 -13.2567
17006 -13.6259
17018 -13.9915
17030 -14.3569
17042 -14.7274
17054.1 -15.1269
17066.1 -15.507
17078.1 -15.8621
17090.1 -16.2057
17102.1 -16.5429
17114.1 -16.8778
17126.1 -17.2152
17138.1 -17.562
17150.2 -17.9343
17162.2 -18.3965
17174.2 -18.764
17186.2 -19.072
17198.2 -19.3432
17210.2 -19.5855
17222.2 -19.8034
17234.2 -19.9998
17246.2 -20.1773
17258.3 -20.3401
17270.3 -20.4956
17282.3 -20.6124
17294.3 -20.7
17306.3 -20.7601
17318.3 -20.792
17330.3 -20.7935
17342.3 -20.76
17354.4 -20.6815
17366.4 -20.523
17378.4 -20.2894
17390.4 -20.1549
17402.4 -20.0445
17414.4 -19.9438
17426.4 -19.8456
17438.4 -19.7449
17450.5 -19.637
17462.5 -19.5147
17474.5 -19.3479
17486.5 -19.1934
17498.5 -19.0704
17510.5 -18.959
17522.5 -18.8536
17534.5 -18.751
17546.5 -18.6489
17558.6 -18.5445
17570.6 -18.4334
17582.6 -18.2983
17594.6 -18.1847
17606.6 -18.0857
17618.6 -17.995
17630.6 -17.9107
17642.6 -17.832
17654.7 -17.7591
17666.7 -17.6935
17678.7 -17.6403
17690.7 -17.6132
17702.7 -17.5563
17714.7 -17.4858
17726.7 -17.4063
17738.7 -17.3195
17750.8 -17.2261
17762.8 -17.1263
17774.8 -17.0203
17786.8 -16.9082
17798.8 -16.7896
17810.8 -16.6632
17822.8 -16.5289
17834.8 -16.3858
17846.8 -16.2328
17858.9 -16.0682
17870.9 -15.889
17882.9 -15.6891
17894.9 -15.4382
17906.9 -15.1884
17918.9 -14.9763
17930.9 -14.776
17942.9 -14.5811
17955 -14.3879
17967 -14.1937
17979 -13.9952
17991 -13.7867
18003 -13.5445
18015 -13.327
18027 -13.1284
18039 -12.9387
18051.1 -12.7542
18063.1 -12.5726
18075.1 -12.3914
18087.1 -12.2074
18099.1 -12.0136
18111.1 -11.7889
18123.1 -11.6058
18135.1 -11.445
18147.1 -11.2999
18159.2 -11.1688
18171.2 -11.0516
18183.2 -10.9502
18195.2 -10.8698
18207.2 -10.828
18219.2 -10.8393
18231.2 -10.7739
18243.2 -10.6795
18255.3 -10.565
18267.3 -10.4329
18279.3 -10.2832
18291.3 -10.1132
18303.3 -9.91553
18315.3 -9.65577
18327.3 -9.37767
18339.3 -9.17106
18351.4 -8.98896
18363.4 -8.82263
18375.4 -8.66818
18387.4 -8.52356
18399.4 -8.38773
18411.4 -8.26068
18423.4 -8.14686
18435.4 -8.03327
18447.4 -7.91965
18459.5 -7.80804
18471.5 -7.69898
18483.5 -7.59279
18495.5 -7.48993
18507.5 -7.39121
18519.5 -7.29905
18531.5 -7.22238
18543.5 -7.1311
18555.6 -7.03201
18567.6 -6.92773
18579.6 -6.81877
18591.6 -6.70488
18603.6 -6.5852
18615.6 -6.45788
18627.6 -6.31785
18639.6 -6.15826
18651.7 -6.01441
18663.7 -5.87215
18675.7 -5.72666
18687.7 -5.57393
18699.7 -5.40882
18711.7 -5.22306
18723.7 -4.9994
18735.7 -4.67089
18747.7 -4.2954
18759.8 -4.112
18771.8 -4.00941
18783.8 -3.97002
18795.8 -3.98912
18807.8 -4.06886
18819.8 -4.21911
18831.8 -4.46732
18843.8 -4.97182
18855.9 -5.36925
18867.9 -5.63007
18879.9 -5.83312
18891.9 -6.00041
18903.9 -6.14255
18915.9 -6.26575
18927.9 -6.37399
18939.9 -6.47009
18952 -6.55606
18964 -6.63346
18976 -6.70346
18988 -6.76704
19000 -6.82496
