7000 -18.7046
7012.01 -18.6519
7024.02 -18.5989
7036.04 -18.5454
7048.05 -18.4916
7060.06 -18.4375
7072.07 -18.3829
7084.08 -18.328
7096.1 -18.2727
7108.11 -18.217
7120.12 -18.1609
7132.13 -18.1045
7144.14 -18.0476
7156.16 -17.9904
7168.17 -17.9328
7180.18 -17.8748
7192.19 -17.8164
7204.2 -17.7576
7216.22 -17.6984
7228.23 -17.6388
7240.24 -17.5788
7252.25 -17.5184
7264.26 -17.4576
7276.28 -17.3964
7288.29 -17.3348
7300.3 -17.2728
7312.31 -17.2103
7324.32 -17.1474
7336.34 -17.0842
7348.35 -17.0205
7360.36 -16.9563
7372.37 -16.8918
7384.38 -16.8268
7396.4 -16.7614
7408.41 -16.6955
7420.42 -16.6293
7432.43 -16.5625
7444.44 -16.4954
7456.46 -16.4278
7468.47 -16.3597
7480.48 -16.3759
7492.49 -16.457
7504.5 -16.5381
7516.52 -16.6192
7528.53 -16.7003
7540.54 -16.7815
7552.55 -16.8627
7564.56 -16.9438
7576.58 -17.025
7588.59 -16.897
7600.6 -16.7167
7612.61 -16.5356
7624.62 -16.3536
7636.64 -16.1709
7648.65 -15.9873
7660.66 -15.8028
7672.67 -15.6176
7684.68 -15.4338
7696.7 -15.3071
7708.71 -15.1797
7720.72 -15.0516
7732.73 -14.9229
7744.74 -14.7936
7756.76 -14.6635
7768.77 -14.5328
7780.78 -14.4014
7792.79 -14.2743
7804.8 -14.1592
7816.82 -14.0435
7828.83 -13.9272
7840.84 -13.8103
7852.85 -13.6927
7864.86 -13.5745
7876.88 -13.4556
7888.89 -13.3362
7900.9 -13.237
7912.91 -13.1572
7924.92 -13.0768
7936.94 -12.996
7948.95 -12.9146
7960.96 -12.8327
7972.97 -12.7502
7984.98 -12.6672
7997 -12.5837
8009.01 -12.4555
8021.02 -12.312
8033.03 -12.1678
8045.05 -12.0228
8057.06 -11.8771
8069.07 -11.7306
8081.08 -11.5835
8093.09 -11.4355
8105.11 -11.2869
8117.12 -11.2348
8129.13 -11.1835
8141.14 -11.1318
8153.15 -11.0796
8165.17 -11.027
8177.18 -10.9739
8189.19 -10.9203
8201.2 -10.8662
8213.21 -10.7734
8225.23 -10.5464
8237.24 -10.3185
8249.25 -10.0896
8261.26 -9.85975
8273.27 -9.62889
8285.29 -9.39704
8297.3 -9.1642
8309.31 -8.93037
8321.32 -8.79407
8333.33 -8.77267
8345.35 -8.75088
8357.36 -8.72872
8369.37 -8.70617
8381.38 -8.68323
8393.39 -8.65991
8405.41 -8.63619
8417.42 -8.61209
8429.43 -8.41035
8441.44 -8.13078
8453.45 -7.85008
8465.47 -7.56827
8477.48 -7.28533
8489.49 -7.00127
8501.5 -6.71609
8513.51 -6.42978
8525.53 -6.14235
8537.54 -6.24382
8549.55 -6.37292
8561.56 -6.50207
8573.57 -6.63127
8585.59 -6.76052
8597.6 -6.88982
8609.61 -7.01916
8621.62 -7.14855
8633.63 -7.23474
8645.65 -7.11083
8657.66 -6.98627
8669.67 -6.86105
8681.68 -6.73518
8693.69 -6.60866
8705.71 -6.48149
8717.72 -6.35366
8729.73 -6.2252
8741.74 -6.09608
8753.75 -5.96632
8765.77 -5.83592
8777.78 -5.70488
8789.79 -5.5732
8801.8 -5.44089
8813.81 -5.30794
8825.83 -5.17436
8837.84 -5.04016
8849.85 -4.90533
8861.86 -4.76989
8873.87 -4.63382
8885.89 -4.49715
8897.9 -4.35987
8909.91 -4.22198
8921.92 -4.08349
8933.93 -3.94441
8945.95 -3.80474
8957.96 -3.66449
8969.97 -3.52365
8981.98 -3.38225
8993.99 -3.24028
9006.01 -3.09774
9018.02 -2.95466
9030.03 -2.81102
9042.04 -2.66685
9054.05 -2.52214
9066.07 -2.37691
9078.08 -2.23116
9090.09 -2.0849
9102.1 -1.93815
9114.11 -1.7909
9126.13 -1.64316
9138.14 -1.49496
9150.15 -1.34629
9162.16 -1.19717
9174.17 -1.04761
9186.19 -0.897614
9198.2 -0.747198
9210.21 -0.596373
9222.22 -0.44515
9234.23 -0.293541
9246.25 -0.141559
9258.26 0.0107838
9270.27 0.163474
9282.28 0.316498
9294.29 0.469843
9306.31 0.623493
9318.32 0.777436
9330.33 0.931655
9342.34 1.08614
9354.35 1.24086
9366.37 1.39582
9378.38 1.55099
9390.39 1.70636
9402.4 1.8619
9414.41 2.01761
9426.43 2.17347
9438.44 2.32945
9450.45 2.48554
9462.46 2.64171
9474.47 2.79796
9486.49 2.95426
9498.5 3.11059
9510.51 3.26693
9522.52 3.42325
9534.53 3.57955
9546.55 3.73579
9558.56 3.89196
9570.57 4.04803
9582.58 4.20398
9594.59 4.35978
9606.61 4.51542
9618.62 4.67088
9630.63 4.82611
9642.64 4.98111
9654.65 5.13585
9666.67 5.29031
9678.68 5.44445
9690.69 5.59825
9702.7 5.75169
9714.71 5.90474
9726.73 6.05738
9738.74 6.20957
9750.75 6.3613
9762.76 6.51253
9774.77 6.66324
9786.79 6.8134
9798.8 6.96298
9810.81 7.11195
9822.82 7.26029
9834.83 7.40797
9846.85 7.55496
9858.86 7.70123
9870.87 7.84676
9882.88 7.99151
9894.89 8.13545
9906.91 8.27855
9918.92 8.4208
9930.93 8.56215
9942.94 8.70258
9954.95 8.84206
9966.97 8.98056
9978.98 9.11805
9990.99 9.2545
10003 9.38988
10015 9.52417
10027 9.65733
10039 9.78933
10051.1 9.92015
10063.1 10.0498
10075.1 10.1781
10087.1 10.3052
10099.1 10.431
10111.1 10.5555
10123.1 10.6786
10135.1 10.8003
10147.1 10.9207
10159.2 11.0395
10171.2 11.157
10183.2 11.2729
10195.2 11.3873
10207.2 11.5002
10219.2 11.6115
10231.2 11.7212
10243.2 11.8293
10255.3 11.9358
10267.3 12.0406
10279.3 12.1437
10291.3 12.2451
10303.3 12.3447
10315.3 12.4426
10327.3 12.5388
10339.3 12.6331
10351.4 12.7256
10363.4 12.8163
10375.4 12.9051
10387.4 12.9921
10399.4 13.0771
10411.4 13.1603
10423.4 13.2415
10435.4 13.3207
10447.4 13.3981
10459.5 13.4734
10471.5 13.5468
10483.5 13.6181
10495.5 13.6875
10507.5 13.7548
10519.5 13.8201
10531.5 13.8833
10543.5 13.9445
10555.6 14.0037
10567.6 14.0607
10579.6 14.1157
10591.6 14.1686
10603.6 14.2194
10615.6 14.2682
10627.6 14.3148
10639.6 14.3593
10651.7 14.4017
10663.7 14.4421
10675.7 14.4803
10687.7 14.5164
10699.7 14.5504
10711.7 14.5823
10723.7 14.6121
10735.7 14.6398
10747.7 14.6654
10759.8 14.6889
10771.8 14.7103
10783.8 14.7297
10795.8 14.747
10807.8 14.7622
10819.8 14.7754
10831.8 14.7865
10843.8 14.7956
10855.9 14.8026
10867.9 14.8076
10879.9 14.8107
10891.9 14.8117
10903.9 14.8108
10915.9 14.8079
10927.9 14.803
10939.9 14.7962
10952 14.7875
10964 14.7769
10976 14.7644
10988 14.75
11000 14.7338
11012 14.7157
11024 14.6959
11036 14.6742
11048 14.6507
11060.1 14.6255
11072.1 14.5985
11084.1 14.5699
11096.1 14.5395
11108.1 14.5075
11120.1 14.4738
11132.1 14.4384
11144.1 14.4015
11156.2 14.363
11168.2 14.3229
11180.2 14.2813
11192.2 14.2382
11204.2 14.1936
11216.2 14.1475
11228.2 14.0999
11240.2 14.051
11252.3 14.0007
11264.3 13.949
11276.3 13.8959
11288.3 13.8415
11300.3 13.7859
11312.3 13.729
11324.3 13.6708
11336.3 13.6114
11348.3 13.5508
11360.4 13.4891
11372.4 13.4262
11384.4 13.3622
11396.4 13.2972
11408.4 13.231
11420.4 13.1638
11432.4 13.0956
11444.4 13.0265
11456.5 12.9563
11468.5 12.8852
11480.5 12.8132
11492.5 12.7404
11504.5 12.6666
11516.5 12.5921
11528.5 12.5167
11540.5 12.4405
11552.6 12.3635
11564.6 12.2859
11576.6 12.2075
11588.6 12.1284
11600.6 12.0486
11612.6 11.9682
11624.6 11.8872
11636.6 11.8055
11648.6 11.7233
11660.7 11.6406
11672.7 11.5573
11684.7 11.4735
11696.7 11.3892
11708.7 11.3044
11720.7 11.2192
11732.7 11.1335
11744.7 11.0475
11756.8 10.9611
11768.8 10.8743
11780.8 10.7871
11792.8 10.6996
11804.8 10.6119
11816.8 10.5238
11828.8 10.4355
11840.8 10.3469
11852.9 10.2581
11864.9 10.169
11876.9 10.0798
11888.9 9.99036
11900.9 9.90078
11912.9 9.81105
11924.9 9.72119
11936.9 9.63121
11948.9 9.54114
11961 9.45098
11973 9.36075
11985 9.27047
11997 9.18014
12009 9.08979
12021 8.99943
12033 8.90907
12045 8.81873
12057.1 8.72841
12069.1 8.63814
12081.1 8.54792
12093.1 8.45776
12105.1 8.36769
12117.1 8.2777
12129.1 8.18782
12141.1 8.09804
12153.2 8.00839
12165.2 7.91887
12177.2 7.8295
12189.2 7.74028
12201.2 7.65123
12213.2 7.56235
12225.2 7.47365
12237.2 7.38515
12249.2 7.29684
12261.3 7.20875
12273.3 7.12087
12285.3 7.03322
12297.3 6.94581
12309.3 6.85863
12321.3 6.77171
12333.3 6.68504
12345.3 6.59864
12357.4 6.5125
12369.4 6.42665
12381.4 6.34107
12393.4 6.25579
12405.4 6.1708
12417.4 6.08612
12429.4 6.00174
12441.4 5.91767
12453.5 5.83392
12465.5 5.75049
12477.5 5.6674
12489.5 5.58463
12501.5 5.5022
12513.5 5.42011
12525.5 5.33837
12537.5 5.25698
12549.5 5.17594
12561.6 5.09525
12573.6 5.01493
12585.6 4.93497
12597.6 4.85538
12609.6 4.77616
12621.6 4.69731
12633.6 4.61883
12645.6 4.54074
12657.7 4.46303
12669.7 4.3857
12681.7 4.30875
12693.7 4.23219
12705.7 4.15603
12717.7 4.08025
12729.7 4.00487
12741.7 3.92988
12753.8 3.85529
12765.8 3.7811
12777.8 3.70731
12789.8 3.63392
12801.8 3.56093
12813.8 3.48834
12825.8 3.41615
12837.8 3.34438
12849.8 3.273
12861.9 3.20203
12873.9 3.13147
12885.9 3.06132
12897.9 2.99157
12909.9 2.92223
12921.9 2.8533
12933.9 2.78478
12945.9 2.71666
12958 2.64896
12970 2.58166
12982 2.51477
12994 2.44829
13006 2.38221
13018 2.31655
13030 2.25128
13042 2.18643
13054.1 2.12198
13066.1 2.05794
13078.1 1.9943
13090.1 1.93107
13102.1 1.86823
13114.1 1.80581
13126.1 1.74378
13138.1 1.68215
13150.2 1.62093
13162.2 1.5601
13174.2 1.49967
13186.2 1.43964
13198.2 1.38001
13210.2 1.32076
13222.2 1.26192
13234.2 1.20346
13246.2 1.1454
13258.3 1.08773
13270.3 1.03044
13282.3 0.973544
13294.3 0.917033
13306.3 0.860907
13318.3 0.805164
13330.3 0.749803
13342.3 0.694822
13354.4 0.64022
13366.4 0.585996
13378.4 0.532148
13390.4 0.478674
13402.4 0.425573
13414.4 0.372843
13426.4 0.320483
13438.4 0.268491
13450.5 0.216865
13462.5 0.165604
13474.5 0.114706
13486.5 0.0641695
13498.5 0.0139928
13510.5 -0.035826
13522.5 -0.0852884
13534.5 -0.134396
13546.5 -0.183151
13558.6 -0.231555
13570.6 -0.27961
13582.6 -0.327317
13594.6 -0.374679
13606.6 -0.421696
13618.6 -0.468372
13630.6 -0.514707
13642.6 -0.560703
13654.7 -0.606363
13666.7 -0.651688
13678.7 -0.696679
13690.7 -0.74134
13702.7 -0.785671
13714.7 -0.829674
13726.7 -0.873352
13738.7 -0.916706
13750.8 -0.959738
13762.8 -1.00245
13774.8 -1.04484
13786.8 -1.08692
13798.8 -1.12868
13810.8 -1.17013
13822.8 -1.21127
13834.8 -1.2521
13846.8 -1.29262
13858.9 -1.33283
13870.9 -1.37275
13882.9 -1.41236
13894.9 -1.45167
13906.9 -1.49068
13918.9 -1.5294
13930.9 -1.56782
13942.9 -1.60595
13955 -1.64379
13967 -1.68134
13979 -1.7186
13991 -1.75558
14003 -1.79227
14015 -1.82868
14027 -1.86481
14039 -1.90067
14051.1 -1.93624
14063.1 -1.97155
14075.1 -2.00657
14087.1 -2.04133
14099.1 -2.07582
14111.1 -2.11004
14123.1 -2.144
14135.1 -2.17769
14147.1 -2.21112
14159.2 -2.24429
14171.2 -2.2772
14183.2 -2.30985
14195.2 -2.34225
14207.2 -2.37439
14219.2 -2.40629
14231.2 -2.43793
14243.2 -2.46932
14255.3 -2.50046
14267.3 -2.53136
14279.3 -2.56202
14291.3 -2.59244
14303.3 -2.62261
14315.3 -2.65255
14327.3 -2.68224
14339.3 -2.71171
14351.4 -2.74093
14363.4 -2.76993
14375.4 -2.7987
14387.4 -2.82723
14399.4 -2.85554
14411.4 -2.88363
14423.4 -2.91148
14435.4 -2.93912
14447.4 -2.96653
14459.5 -2.99373
14471.5 -3.02071
14483.5 -3.04747
14495.5 -3.07401
14507.5 -3.10034
14519.5 -3.12646
14531.5 -3.15237
14543.5 -3.17807
14555.6 -3.20356
14567.6 -3.22884
14579.6 -3.25392
14591.6 -3.2788
14603.6 -3.30347
14615.6 -3.32794
14627.6 -3.35222
14639.6 -3.3763
14651.7 -3.40018
14663.7 -3.42386
14675.7 -3.44735
14687.7 -3.47065
14699.7 -3.49376
14711.7 -3.51668
14723.7 -3.53941
14735.7 -3.56195
14747.7 -3.58431
14759.8 -3.60649
14771.8 -3.62848
14783.8 -3.65029
14795.8 -3.67192
14807.8 -3.69337
14819.8 -3.71464
14831.8 -3.73574
14843.8 -3.75666
14855.9 -3.77741
14867.9 -3.79798
14879.9 -3.81839
14891.9 -3.83862
14903.9 -3.85868
14915.9 -3.87858
14927.9 -3.89831
14939.9 -3.91787
14952 -3.93727
14964 -3.95651
14976 -3.97559
14988 -3.9945
15000 -4.01326
15012 -4.03186
15024 -4.0503
15036 -4.06858
15048 -4.08671
15060.1 -4.10468
15072.1 -4.12251
15084.1 -4.14018
15096.1 -4.1577
15108.1 -4.17507
15120.1 -4.19229
15132.1 -4.20937
15144.1 -4.22629
15156.2 -4.24308
15168.2 -4.25972
15180.2 -4.27621
15192.2 -4.29257
15204.2 -4.30878
15216.2 -4.32486
15228.2 -4.34079
15240.2 -4.35659
15252.3 -4.37225
15264.3 -4.38777
15276.3 -4.40316
15288.3 -4.41841
15300.3 -4.43353
15312.3 -4.44852
15324.3 -4.46338
15336.3 -4.47811
15348.3 -4.49271
15360.4 -4.50718
15372.4 -4.52152
15384.4 -4.53574
15396.4 -4.54983
15408.4 -4.56379
15420.4 -4.57764
15432.4 -4.59136
15444.4 -4.60495
15456.5 -4.61843
15468.5 -4.63179
15480.5 -4.64502
15492.5 -4.65814
15504.5 -4.67114
15516.5 -4.68403
15528.5 -4.6968
15540.5 -4.70945
15552.6 -4.72199
15564.6 -4.73441
15576.6 -4.74673
15588.6 -4.75893
15600.6 -4.77102
15612.6 -4.783
15624.6 -4.79487
15636.6 -4.80663
15648.6 -4.81828
15660.7 -4.82983
15672.7 -4.84127
15684.7 -4.85261
15696.7 -4.86384
15708.7 -4.87496
15720.7 -4.88599
15732.7 -4.89691
15744.7 -4.90773
15756.8 -4.91845
15768.8 -4.92906
15780.8 -4.93958
15792.8 -4.95
15804.8 -4.96032
15816.8 -4.97055
15828.8 -4.98067
15840.8 -4.9907
15852.9 -5.00064
15864.9 -5.01048
15876.9 -5.02023
15888.9 -5.02988
15900.9 -5.03944
15912.9 -5.04891
15924.9 -5.05829
15936.9 -5.06758
15948.9 -5.07677
15961 -5.08588
15973 -5.0949
15985 -5.10383
15997 -5.11268
16009 -5.12143
16021 -5.1301
16033 -5.13869
16045 -5.14719
16057.1 -5.1556
16069.1 -5.16394
16081.1 -5.17218
16093.1 -5.18035
16105.1 -5.18844
16117.1 -5.19644
16129.1 -5.20436
16141.1 -5.2122
16153.2 -5.21996
16165.2 -5.22765
16177.2 -5.23525
16189.2 -5.24278
16201.2 -5.25023
16213.2 -5.2576
16225.2 -5.2649
16237.2 -5.27212
16249.2 -5.27926
16261.3 -5.28634
16273.3 -5.29333
16285.3 -5.30026
16297.3 -5.30711
16309.3 -5.31388
16321.3 -5.32059
16333.3 -5.32722
16345.3 -5.33379
16357.4 -5.34028
16369.4 -5.3467
16381.4 -5.35305
16393.4 -5.35934
16405.4 -5.36555
16417.4 -5.3717
16429.4 -5.37778
16441.4 -5.38379
16453.5 -5.38974
16465.5 -5.39562
16477.5 -5.40143
16489.5 -5.40718
16501.5 -5.41287
16513.5 -5.41849
16525.5 -5.42405
16537.5 -5.42954
16549.5 -5.43497
16561.6 -5.44034
16573.6 -5.44564
16585.6 -5.45089
16597.6 -5.45607
16609.6 -5.46119
16621.6 -5.46626
16633.6 -5.47126
16645.6 -5.4762
16657.7 -5.48109
16669.7 -5.48591
16681.7 -5.49068
16693.7 -5.49539
16705.7 -5.50004
16717.7 -5.50464
16729.7 -5.50917
16741.7 -5.51366
16753.8 -5.51808
16765.8 -5.52246
16777.8 -5.52677
16789.8 -5.53103
16801.8 -5.53524
16813.8 -5.5394
16825.8 -5.5435
16837.8 -5.54755
16849.8 -5.55154
16861.9 -5.55548
16873.9 -5.55937
16885.9 -5.56321
16897.9 -5.567
16909.9 -5.57074
16921.9 -5.57443
16933.9 -5.57806
16945.9 -5.58165
16958 -5.58519
16970 -5.58867
16982 -5.59211
16994 -5.59551
17006 -5.59885
17018 -5.60214
17030 -5.60539
17042 -5.60859
17054.1 -5.61175
17066.1 -5.61486
17078.1 -5.61792
17090.1 -5.62094
17102.1 -5.62391
17114.1 -5.62683
17126.1 -5.62971
17138.1 -5.63255
17150.2 -5.63534
17162.2 -5.63809
17174.2 -5.6408
17186.2 -5.64346
17198.2 -5.64608
17210.2 -5.64866
17222.2 -5.65119
17234.2 -5.65368
17246.2 -5.65613
17258.3 -5.65854
17270.3 -5.66091
17282.3 -5.66324
17294.3 -5.66552
17306.3 -5.66777
17318.3 -5.66998
17330.3 -5.67214
17342.3 -5.67427
17354.4 -5.67636
17366.4 -5.67841
17378.4 -5.68042
17390.4 -5.68239
17402.4 -5.68432
17414.4 -5.68622
17426.4 -5.68808
17438.4 -5.6899
17450.5 -5.69168
17462.5 -5.69343
17474.5 -5.69514
17486.5 -5.69682
17498.5 -5.69846
17510.5 -5.70006
17522.5 -5.70163
17534.5 -5.70316
17546.5 -5.70466
17558.6 -5.70612
17570.6 -5.70755
17582.6 -5.70895
17594.6 -5.71031
17606.6 -5.71163
17618.6 -5.71292
17630.6 -5.71418
17642.6 -5.71541
17654.7 -5.7166
17666.7 -5.71776
17678.7 -5.71889
17690.7 -5.71999
17702.7 -5.72105
17714.7 -5.72209
17726.7 -5.72309
17738.7 -5.72406
17750.8 -5.725
17762.8 -5.72591
17774.8 -5.72678
17786.8 -5.72763
17798.8 -5.72845
17810.8 -5.72923
17822.8 -5.72999
17834.8 -5.73072
17846.8 -5.73142
17858.9 -5.73209
17870.9 -5.73273
17882.9 -5.73334
17894.9 -5.73392
17906.9 -5.73448
17918.9 -5.735
17930.9 -5.7355
17942.9 -5.73597
17955 -5.73642
17967 -5.73683
17979 -5.73722
17991 -5.73758
18003 -5.73792
18015 -5.73823
18027 -5.73851
18039 -5.73877
18051.1 -5.73899
18063.1 -5.7392
18075.1 -5.73938
18087.1 -5.73953
18099.1 -5.73966
18111.1 -5.73976
18123.1 -5.73984
18135.1 -5.73989
18147.1 -5.73992
18159.2 -5.73992
18171.2 -5.7399
18183.2 -5.73986
18195.2 -5.73979
18207.2 -5.7397
18219.2 -5.73958
18231.2 -5.73944
18243.2 -5.73928
18255.3 -5.73909
18267.3 -5.73888
18279.3 -5.73865
18291.3 -5.7384
18303.3 -5.73812
18315.3 -5.73782
18327.3 -5.7375
18339.3 -5.73716
18351.4 -5.73679
18363.4 -5.73641
18375.4 -5.736
18387.4 -5.73557
18399.4 -5.73512
18411.4 -5.73465
18423.4 -5.73416
18435.4 -5.73364
18447.4 -5.73311
18459.5 -5.73255
18471.5 -5.73198
18483.5 -5.73139
18495.5 -5.73077
18507.5 -5.73014
18519.5 -5.72948
18531.5 -5.72881
18543.5 -5.72811
18555.6 -5.7274
18567.6 -5.72667
18579.6 -5.72592
18591.6 -5.72515
18603.6 -5.72436
18615.6 -5.72355
18627.6 -5.72273
18639.6 -5.72188
18651.7 -5.72102
18663.7 -5.72014
18675.7 -5.71924
18687.7 -5.71832
18699.7 -5.71739
18711.7 -5.71644
18723.7 -5.71547
18735.7 -5.71448
18747.7 -5.71348
18759.8 -5.71246
18771.8 -5.71142
18783.8 -5.71036
18795.8 -5.70929
18807.8 -5.7082
18819.8 -5.7071
18831.8 -5.70598
18843.8 -5.70484
18855.9 -5.70368
18867.9 -5.70251
18879.9 -5.70133
18891.9 -5.70013
18903.9 -5.69891
18915.9 -5.69768
18927.9 -5.69643
18939.9 -5.69516
18952 -5.69389
18964 -5.69259
18976 -5.69128
18988 -5.68996
19000 -5.68862
