7000 -44.7668
7012.01 -44.6156
7024.02 -44.4611
7036.04 -44.3033
7048.05 -44.1424
7060.06 -43.9784
7072.07 -43.8114
7084.08 -43.6414
7096.1 -43.4685
7108.11 -43.2928
7120.12 -43.1142
7132.13 -42.933
7144.14 -42.7492
7156.16 -42.5628
7168.17 -42.3738
7180.18 -42.1824
7192.19 -41.9886
7204.2 -41.7925
7216.22 -41.5942
7228.23 -41.3936
7240.24 -41.1909
7252.25 -40.9861
7264.26 -40.7793
7276.28 -40.5706
7288.29 -40.36
7300.3 -40.1475
7312.31 -39.9333
7324.32 -39.7174
7336.34 -39.4998
7348.35 -39.2806
7360.36 -39.0598
7372.37 -38.8376
7384.38 -38.614
7396.4 -38.3889
7408.41 -38.1626
7420.42 -37.935
7432.43 -37.7061
7444.44 -37.4761
7456.46 -37.245
7468.47 -37.0128
7480.48 -36.7499
7492.49 -36.4631
7504.5 -36.1752
7516.52 -35.8863
7528.53 -35.5964
7540.54 -35.3055
7552.55 -35.0137
7564.56 -34.721
7576.58 -34.4275
7588.59 -34.1781
7600.6 -33.9391
7612.61 -33.6996
7624.62 -33.4597
7636.64 -33.2192
7648.65 -32.9783
7660.66 -32.7371
7672.67 -32.4955
7684.68 -32.2542
7696.7 -32.0294
7708.71 -31.8044
7720.72 -31.5793
7732.73 -31.354
7744.74 -31.1286
7756.76 -30.9031
7768.77 -30.6775
7780.78 -30.452
7792.79 -30.2266
7804.8 -30.002
7816.82 -29.7775
7828.83 -29.553
7840.84 -29.3287
7852.85 -29.1044
7864.86 -28.8803
7876.88 -28.6563
7888.89 -28.4326
7900.9 -28.2113
7912.91 -27.9924
7924.92 -27.7737
7936.94 -27.5553
7948.95 -27.3372
7960.96 -27.1194
7972.97 -26.9019
7984.98 -26.6848
7997 -26.468
8009.01 -26.2656
8021.02 -26.0684
8033.03 -25.8716
8045.05 -25.6752
8057.06 -25.4793
8069.07 -25.2838
8081.08 -25.0889
8093.09 -24.8944
8105.11 -24.7004
8117.12 -24.5003
8129.13 -24.3006
8141.14 -24.1014
8153.15 -23.9027
8165.17 -23.7045
8177.18 -23.5068
8189.19 -23.3096
8201.2 -23.1129
8213.21 -22.8799
8225.23 -22.5188
8237.24 -22.1577
8249.25 -21.7966
8261.26 -21.4357
8273.27 -21.0747
8285.29 -20.7138
8297.3 -20.353
8309.31 -19.9922
8321.32 -19.7493
8333.33 -19.645
8345.35 -19.5415
8357.36 -19.4388
8369.37 -19.3369
8381.38 -19.2357
8393.39 -19.1353
8405.41 -19.0357
8417.42 -18.9369
8429.43 -18.5585
8441.44 -18.0585
8453.45 -17.558
8465.47 -17.0571
8477.48 -16.5559
8489.49 -16.0542
8501.5 -15.5522
8513.51 -15.0497
8525.53 -14.5468
8537.54 -14.568
8549.55 -14.6274
8561.56 -14.688
8573.57 -14.7498
8585.59 -14.8126
8597.6 -14.8766
8609.61 -14.9417
8621.62 -15.0079
8633.63 -15.024
8645.65 -14.792
8657.66 -14.5602
8669.67 -14.3288
8681.68 -14.0975
8693.69 -13.8664
8705.71 -13.6356
8717.72 -13.405
8729.73 -13.1746
8741.74 -12.9443
8753.75 -12.7142
8765.77 -12.4843
8777.78 -12.2546
8789.79 -12.025
8801.8 -11.7955
8813.81 -11.5661
8825.83 -11.3369
8837.84 -11.1078
8849.85 -10.8787
8861.86 -10.6498
8873.87 -10.4209
8885.89 -10.192
8897.9 -9.96324
8909.91 -9.73448
8921.92 -9.50575
8933.93 -9.27702
8945.95 -9.0483
8957.96 -8.81957
8969.97 -8.59081
8981.98 -8.36201
8993.99 -8.13316
9006.01 -7.90425
9018.02 -7.67527
9030.03 -7.4462
9042.04 -7.21704
9054.05 -6.98776
9066.07 -6.75836
9078.08 -6.52882
9090.09 -6.29913
9102.1 -6.06927
9114.11 -5.83925
9126.13 -5.60903
9138.14 -5.37861
9150.15 -5.14798
9162.16 -4.91712
9174.17 -4.68602
9186.19 -4.45466
9198.2 -4.22304
9210.21 -3.99114
9222.22 -3.75894
9234.23 -3.52644
9246.25 -3.29361
9258.26 -3.06045
9270.27 -2.82695
9282.28 -2.59309
9294.29 -2.35885
9306.31 -2.12422
9318.32 -1.8892
9330.33 -1.65376
9342.34 -1.4179
9354.35 -1.1816
9366.37 -0.944847
9378.38 -0.707628
9390.39 -0.46993
9402.4 -0.231742
9414.41 0.00695026
9426.43 0.246159
9438.44 0.485898
9450.45 0.726179
9462.46 0.967014
9474.47 1.20842
9486.49 1.4504
9498.5 1.69297
9510.51 1.93615
9522.52 2.17994
9534.53 2.42436
9546.55 2.66942
9558.56 2.91513
9570.57 3.1615
9582.58 3.40855
9594.59 3.65628
9606.61 3.9047
9618.62 4.15383
9630.63 4.40368
9642.64 4.65425
9654.65 4.90556
9666.67 5.15762
9678.68 5.41043
9690.69 5.664
9702.7 5.91835
9714.71 6.17349
9726.73 6.42941
9738.74 6.68613
9750.75 6.94366
9762.76 7.202
9774.77 7.46117
9786.79 7.72116
9798.8 7.98198
9810.81 8.24365
9822.82 8.50616
9834.83 8.76952
9846.85 9.03374
9858.86 9.29882
9870.87 9.56475
9882.88 9.83156
9894.89 10.0992
9906.91 10.3678
9918.92 10.6372
9930.93 10.9075
9942.94 11.1787
9954.95 11.4507
9966.97 11.7236
9978.98 11.9974
9990.99 12.2721
10003 12.5476
10015 12.824
10027 13.1012
10039 13.3794
10051.1 13.6583
10063.1 13.9381
10075.1 14.2188
10087.1 14.5003
10099.1 14.7825
10111.1 15.0657
10123.1 15.3496
10135.1 15.6343
10147.1 15.9198
10159.2 16.206
10171.2 16.493
10183.2 16.7807
10195.2 17.0692
10207.2 17.3583
10219.2 17.6482
10231.2 17.9387
10243.2 18.2299
10255.3 18.5217
10267.3 18.814
10279.3 19.107
10291.3 19.4005
10303.3 19.6946
10315.3 19.9892
10327.3 20.2842
10339.3 20.5797
10351.4 20.8756
10363.4 21.1719
10375.4 21.4685
10387.4 21.7654
10399.4 22.0627
10411.4 22.3601
10423.4 22.6578
10435.4 22.9556
10447.4 23.2536
10459.5 23.5517
10471.5 23.8498
10483.5 24.1478
10495.5 24.4459
10507.5 24.7438
10519.5 25.0416
10531.5 25.3392
10543.5 25.6365
10555.6 25.9336
10567.6 26.2303
10579.6 26.5265
10591.6 26.8223
10603.6 27.1176
10615.6 27.4123
10627.6 27.7063
10639.6 27.9996
10651.7 28.2922
10663.7 28.5839
10675.7 28.8747
10687.7 29.1645
10699.7 29.4533
10711.7 29.741
10723.7 30.0275
10735.7 30.3128
10747.7 30.5968
10759.8 30.8793
10771.8 31.1604
10783.8 31.4399
10795.8 31.7178
10807.8 31.994
10819.8 32.2685
10831.8 32.5411
10843.8 32.8118
10855.9 33.0804
10867.9 33.347
10879.9 33.6114
10891.9 33.8735
10903.9 34.1333
10915.9 34.3908
10927.9 34.6457
10939.9 34.898
10952 35.1477
10964 35.3947
10976 35.6388
10988 35.8801
11000 36.1184
11012 36.3536
11024 36.5857
11036 36.8146
11048 37.0402
11060.1 37.2625
11072.1 37.4813
11084.1 37.6966
11096.1 37.9083
11108.1 38.0789
11120.1 38.1229
11132.1 38.1627
11144.1 38.1982
11156.2 38.2296
11168.2 38.2565
11180.2 38.2791
11192.2 38.2971
11204.2 38.3107
11216.2 38.3651
11228.2 38.465
11240.2 38.5604
11252.3 38.6512
11264.3 38.7375
11276.3 38.8191
11288.3 38.8961
11300.3 38.9683
11312.3 39.0357
11324.3 39.1509
11336.3 39.283
11348.3 39.4103
11360.4 39.5328
11372.4 39.6506
11384.4 39.7636
11396.4 39.8718
11408.4 39.9751
11420.4 40.0736
11432.4 40.0901
11444.4 40.097
11456.5 40.0988
11468.5 40.0956
11480.5 40.0873
11492.5 40.074
11504.5 40.0556
11516.5 40.0322
11528.5 40.0239
11540.5 40.0992
11552.6 40.1697
11564.6 40.2354
11576.6 40.2965
11588.6 40.3528
11600.6 40.4044
11612.6 40.4514
11624.6 40.4938
11636.6 40.5222
11648.6 40.533
11660.7 40.5393
11672.7 40.5411
11684.7 40.5384
11696.7 40.5313
11708.7 40.5198
11720.7 40.504
11732.7 40.4839
11744.7 40.449
11756.8 40.4045
11768.8 40.3558
11780.8 40.3031
11792.8 40.2463
11804.8 40.1856
11816.8 40.1211
11828.8 40.0527
11840.8 39.9805
11852.9 39.8976
11864.9 39.8103
11876.9 39.7194
11888.9 39.6251
11900.9 39.5273
11912.9 39.4261
11924.9 39.3217
11936.9 39.2142
11948.9 39.1031
11961 38.9866
11973 38.8671
11985 38.7447
11997 38.6196
12009 38.4916
12021 38.361
12033 38.2278
12045 38.0921
12057.1 37.9901
12069.1 37.9472
12081.1 37.9022
12093.1 37.8552
12105.1 37.8063
12117.1 37.7555
12129.1 37.7028
12141.1 37.6485
12153.2 37.5925
12165.2 37.4845
12177.2 37.3418
12189.2 37.1976
12201.2 37.0518
12213.2 36.9045
12225.2 36.7559
12237.2 36.6059
12249.2 36.4547
12261.3 36.3023
12273.3 36.0984
12285.3 35.8837
12297.3 35.6679
12309.3 35.451
12321.3 35.2331
12333.3 35.0143
12345.3 34.7946
12357.4 34.574
12369.4 34.3521
12381.4 34.1223
12393.4 33.8919
12405.4 33.6608
12417.4 33.4291
12429.4 33.197
12441.4 32.9644
12453.5 32.7314
12465.5 32.498
12477.5 32.3524
12489.5 32.3992
12501.5 32.4462
12513.5 32.4936
12525.5 32.5414
12537.5 32.5896
12549.5 32.6383
12561.6 32.6875
12573.6 32.7373
12585.6 32.4722
12597.6 31.9554
12609.6 31.4382
12621.6 30.9207
12633.6 30.4028
12645.6 29.8845
12657.7 29.366
12669.7 28.8472
12681.7 28.3282
12693.7 28.2095
12705.7 28.1977
12717.7 28.1868
12729.7 28.1766
12741.7 28.1673
12753.8 28.1589
12765.8 28.1514
12777.8 28.1448
12789.8 28.1307
12801.8 27.7759
12813.8 27.4213
12825.8 27.0672
12837.8 26.7133
12849.8 26.3599
12861.9 26.0068
12873.9 25.6542
12885.9 25.3019
12897.9 24.9795
12909.9 24.7385
12921.9 24.4983
12933.9 24.2586
12945.9 24.0197
12958 23.7815
12970 23.544
12982 23.3072
12994 23.0711
13006 23.0037
13018 23.1055
13030 23.2087
13042 23.3133
13054.1 23.4193
13066.1 23.5266
13078.1 23.6354
13090.1 23.7455
13102.1 23.857
13114.1 23.6821
13126.1 23.4036
13138.1 23.1258
13150.2 22.8486
13162.2 22.5722
13174.2 22.2964
13186.2 22.0214
13198.2 21.7471
13210.2 21.4734
13222.2 21.2984
13234.2 21.1267
13246.2 20.9559
13258.3 20.786
13270.3 20.617
13282.3 20.4488
13294.3 20.2816
13306.3 20.1152
13318.3 20.0245
13330.3 20.217
13342.3 20.4111
13354.4 20.6066
13366.4 20.8037
13378.4 21.0023
13390.4 21.2024
13402.4 21.4041
13414.4 21.6072
13426.4 21.4872
13438.4 20.9602
13450.5 20.4334
13462.5 19.9068
13474.5 19.3803
13486.5 18.8541
13498.5 18.328
13510.5 17.8021
13522.5 17.2764
13534.5 17.2811
13546.5 17.5304
13558.6 17.7812
13570.6 18.0336
13582.6 18.2875
13594.6 18.5429
13606.6 18.7998
13618.6 19.0582
13630.6 19.3181
13642.6 19.1006
13654.7 18.8418
13666.7 18.5835
13678.7 18.3257
13690.7 18.0685
13702.7 17.8119
13714.7 17.5558
13726.7 17.3003
13738.7 17.05
13750.8 16.8244
13762.8 16.5994
13774.8 16.375
13786.8 16.1512
13798.8 15.9279
13810.8 15.7052
13822.8 15.483
13834.8 15.2614
13846.8 15.1665
13858.9 15.2657
13870.9 15.366
13882.9 15.4674
13894.9 15.5698
13906.9 15.6734
13918.9 15.7779
13930.9 15.8836
13942.9 15.9902
13955 16.0179
13967 15.9991
13979 15.9811
13991 15.9639
14003 15.9476
14015 15.932
14027 15.9173
14039 15.9033
14051.1 15.8901
14063.1 15.7799
14075.1 15.6557
14087.1 15.5322
14099.1 15.4092
14111.1 15.2868
14123.1 15.165
14135.1 15.0437
14147.1 14.923
14159.2 14.8104
14171.2 14.7641
14183.2 14.7185
14195.2 14.6734
14207.2 14.6291
14219.2 14.5854
14231.2 14.5423
14243.2 14.4998
14255.3 14.458
14267.3 14.4055
14279.3 14.3317
14291.3 14.2585
14303.3 14.1858
14315.3 14.1137
14327.3 14.0421
14339.3 13.971
14351.4 13.9005
14363.4 13.8305
14375.4 13.7038
14387.4 13.5364
14399.4 13.3692
14411.4 13.2024
14423.4 13.036
14435.4 12.8699
14447.4 12.7041
14459.5 12.5386
14471.5 12.3735
14483.5 12.3221
14495.5 12.2972
14507.5 12.2727
14519.5 12.2489
14531.5 12.2255
14543.5 12.2027
14555.6 12.1803
14567.6 12.1586
14579.6 12.1337
14591.6 12.0487
14603.6 11.9641
14615.6 11.8799
14627.6 11.7962
14639.6 11.7128
14651.7 11.6298
14663.7 11.5471
14675.7 11.4649
14687.7 11.3963
14699.7 11.3604
14711.7 11.3249
14723.7 11.2899
14735.7 11.2553
14747.7 11.2212
14759.8 11.1875
14771.8 11.1542
14783.8 11.1213
14795.8 11.1344
14807.8 11.1895
14819.8 11.2451
14831.8 11.3012
14843.8 11.3579
14855.9 11.4151
14867.9 11.4729
14879.9 11.5312
14891.9 11.59
14903.9 11.506
14915.9 11.3785
14927.9 11.2512
14939.9 11.1241
14952 10.9972
14964 10.8706
14976 10.7441
14988 10.6179
15000 10.4918
15012 10.3595
15024 10.2273
15036 10.0953
15048 9.96354
15060.1 9.83191
15072.1 9.70046
15084.1 9.56918
15096.1 9.43807
15108.1 9.34983
15120.1 9.40188
15132.1 9.45439
15144.1 9.50734
15156.2 9.56074
15168.2 9.61458
15180.2 9.66887
15192.2 9.72359
15204.2 9.77875
15216.2 9.69872
15228.2 9.46941
15240.2 9.24008
15252.3 9.01073
15264.3 8.78135
15276.3 8.55194
15288.3 8.3225
15300.3 8.09303
15312.3 7.86352
15324.3 7.72539
15336.3 7.6248
15348.3 7.52437
15360.4 7.4241
15372.4 7.32398
15384.4 7.22401
15396.4 7.12419
15408.4 7.02452
15420.4 6.925
15432.4 7.05189
15444.4 7.19285
15456.5 7.33432
15468.5 7.4763
15480.5 7.6188
15492.5 7.7618
15504.5 7.9053
15516.5 8.04931
15528.5 8.14958
15540.5 8.05591
15552.6 7.96238
15564.6 7.86897
15576.6 7.77569
15588.6 7.68253
15600.6 7.58949
15612.6 7.49657
15624.6 7.40377
15636.6 7.29725
15648.6 7.17165
15660.7 7.04612
15672.7 6.92065
15684.7 6.79523
15696.7 6.66987
15708.7 6.54456
15720.7 6.41931
15732.7 6.2941
15744.7 6.2004
15756.8 6.1229
15768.8 6.04552
15780.8 5.96825
15792.8 5.8911
15804.8 5.81407
15816.8 5.73714
15828.8 5.66033
15840.8 5.58363
15852.9 5.50143
15864.9 5.41867
15876.9 5.33601
15888.9 5.25344
15900.9 5.17096
15912.9 5.08857
15924.9 5.00628
15936.9 4.92407
15948.9 4.84122
15961 4.75352
15973 4.66589
15985 4.57834
15997 4.49087
16009 4.40346
16021 4.31613
16033 4.22886
16045 4.14166
16057.1 4.068
16069.1 4.01728
16081.1 3.96667
16093.1 3.91618
16105.1 3.8658
16117.1 3.81554
16129.1 3.7654
16141.1 3.71536
16153.2 3.66544
16165.2 3.82442
16177.2 4.12035
16189.2 4.41691
16201.2 4.71408
16213.2 5.01187
16225.2 5.31027
16237.2 5.60929
16249.2 5.90893
16261.3 6.20918
16273.3 6.23887
16285.3 6.21655
16297.3 6.19435
16309.3 6.17229
16321.3 6.15036
16333.3 6.12856
16345.3 6.10689
16357.4 6.08535
16369.4 6.06393
16381.4 6.04264
16393.4 6.02147
16405.4 6.00043
16417.4 5.97951
16429.4 5.95872
16441.4 5.93804
16453.5 5.91748
16465.5 5.89705
16477.5 5.87673
16489.5 5.85653
16501.5 5.83644
16513.5 5.81648
16525.5 5.79662
16537.5 5.77688
16549.5 5.75725
16561.6 5.73774
16573.6 5.71833
16585.6 5.69904
16597.6 5.67986
16609.6 5.66078
16621.6 5.64181
16633.6 5.62295
16645.6 5.6042
16657.7 5.58555
16669.7 5.567
16681.7 5.54856
16693.7 5.53023
16705.7 5.51199
16717.7 5.49386
16729.7 5.47582
16741.7 5.45789
16753.8 5.44006
16765.8 5.42232
16777.8 5.40468
16789.8 5.38714
16801.8 5.3697
16813.8 5.35235
16825.8 5.3351
16837.8 5.31794
16849.8 5.30087
16861.9 5.2839
16873.9 5.26702
16885.9 5.25023
16897.9 5.23353
16909.9 5.21693
16921.9 5.20041
16933.9 5.18398
16945.9 5.16764
16958 5.15138
16970 5.13522
16982 5.11914
16994 5.10314
17006 5.08723
17018 5.07141
17030 5.05566
17042 5.04001
17054.1 5.02443
17066.1 5.00894
17078.1 4.99352
17090.1 4.97819
17102.1 4.96294
17114.1 4.94777
17126.1 4.93268
17138.1 4.91766
17150.2 4.90273
17162.2 4.88787
17174.2 4.87309
17186.2 4.85838
17198.2 4.84375
17210.2 4.8292
17222.2 4.81472
17234.2 4.80032
17246.2 4.78599
17258.3 4.77173
17270.3 4.75754
17282.3 4.74343
17294.3 4.72939
17306.3 4.71542
17318.3 4.70152
17330.3 4.68769
17342.3 4.67393
17354.4 4.66024
17366.4 4.64662
17378.4 4.63307
17390.4 4.61959
17402.4 4.60617
17414.4 4.59282
17426.4 4.57953
17438.4 4.56632
17450.5 4.55316
17462.5 4.54008
17474.5 4.52705
17486.5 4.51409
17498.5 4.5012
17510.5 4.48837
17522.5 4.4756
17534.5 4.46289
17546.5 4.45025
17558.6 4.43767
17570.6 4.42515
17582.6 4.41268
17594.6 4.40028
17606.6 4.38795
17618.6 4.37566
17630.6 4.36344
17642.6 4.35128
17654.7 4.33918
17666.7 4.32713
17678.7 4.31514
17690.7 4.30321
17702.7 4.29134
17714.7 4.27952
17726.7 4.26776
17738.7 4.25606
17750.8 4.24441
17762.8 4.23281
17774.8 4.22127
17786.8 4.20979
17798.8 4.19835
17810.8 4.18698
17822.8 4.17565
17834.8 4.16438
17846.8 4.15316
17858.9 4.14199
17870.9 4.13088
17882.9 4.11981
17894.9 4.1088
17906.9 4.09784
17918.9 4.08693
17930.9 4.07607
17942.9 4.06526
17955 4.0545
17967 4.04378
17979 4.03312
17991 4.02251
18003 4.01194
18015 4.00142
18027 3.99095
18039 3.98053
18051.1 3.97016
18063.1 3.95983
18075.1 3.94955
18087.1 3.93931
18099.1 3.92912
18111.1 3.91898
18123.1 3.90888
18135.1 3.89883
18147.1 3.88882
18159.2 3.87885
18171.2 3.86893
18183.2 3.85906
18195.2 3.84923
18207.2 3.83944
18219.2 3.82969
18231.2 3.81999
18243.2 3.81033
18255.3 3.80071
18267.3 3.79114
18279.3 3.78161
18291.3 3.77212
18303.3 3.76267
18315.3 3.75326
18327.3 3.74389
18339.3 3.73456
18351.4 3.72527
18363.4 3.71603
18375.4 3.70682
18387.4 3.69765
18399.4 3.68852
18411.4 3.67943
18423.4 3.67038
18435.4 3.66137
18447.4 3.6524
18459.5 3.64347
18471.5 3.63457
18483.5 3.62571
18495.5 3.61689
18507.5 3.6081
18519.5 3.59936
18531.5 3.59065
18543.5 3.58197
18555.6 3.57334
18567.6 3.56474
18579.6 3.55617
18591.6 3.54764
18603.6 3.53915
18615.6 3.53069
18627.6 3.52227
18639.6 3.51388
18651.7 3.50553
18663.7 3.49721
18675.7 3.48893
18687.7 3.48068
18699.7 3.47246
18711.7 3.46428
18723.7 3.45613
18735.7 3.44802
18747.7 3.43993
18759.8 3.43188
18771.8 3.42387
18783.8 3.41588
18795.8 3.40793
18807.8 3.40001
18819.8 3.39213
18831.8 3.38427
18843.8 3.37645
18855.9 3.36866
18867.9 3.3609
18879.9 3.35317
18891.9 3.34547
18903.9 3.3378
18915.9 3.33016
18927.9 3.32256
18939.9 3.31498
18952 3.30743
18964 3.29992
18976 3.29243
18988 3.28497
19000 3.27755
