7000 -35.1884
7012.01 -35.2419
7024.02 -35.2888
7036.04 -35.3292
7048.05 -35.3629
7060.06 -35.39
7072.07 -35.4105
7084.08 -35.4243
7096.1 -35.4316
7108.11 -35.4323
7120.12 -35.4264
7132.13 -35.414
7144.14 -35.3951
7156.16 -35.3697
7168.17 -35.338
7180.18 -35.2999
7192.19 -35.2556
7204.2 -35.2051
7216.22 -35.1484
7228.23 -35.0857
7240.24 -35.0171
7252.25 -34.9425
7264.26 -34.8622
7276.28 -34.7763
7288.29 -34.6848
7300.3 -34.5878
7312.31 -34.4855
7324.32 -34.3779
7336.34 -34.2652
7348.35 -34.1476
7360.36 -34.0251
7372.37 -33.8978
7384.38 -33.766
7396.4 -33.6297
7408.41 -33.489
7420.42 -33.3441
7432.43 -33.1951
7444.44 -33.0422
7456.46 -32.8855
7468.47 -32.7251
7480.48 -32.5122
7492.49 -32.258
7504.5 -32.0003
7516.52 -31.7392
7528.53 -31.4749
7540.54 -31.2074
7552.55 -30.9369
7564.56 -30.6635
7576.58 -30.3874
7588.59 -30.208
7600.6 -30.051
7612.61 -29.8919
7624.62 -29.7311
7636.64 -29.5685
7648.65 -29.4043
7660.66 -29.2386
7672.67 -29.0716
7684.68 -28.9012
7696.7 -28.6777
7708.71 -28.4531
7720.72 -28.2274
7732.73 -28.0006
7744.74 -27.773
7756.76 -27.5445
7768.77 -27.3153
7780.78 -27.0855
7792.79 -26.8723
7804.8 -26.7033
7816.82 -26.5342
7828.83 -26.365
7840.84 -26.1958
7852.85 -26.0266
7864.86 -25.8576
7876.88 -25.6887
7888.89 -25.5202
7900.9 -25.3696
7912.91 -25.2364
7924.92 -25.1037
7936.94 -24.9717
7948.95 -24.8403
7960.96 -24.7097
7972.97 -24.5798
7984.98 -24.4507
7997 -24.3225
8009.01 -24.1506
8021.02 -23.9645
8033.03 -23.7793
8045.05 -23.5949
8057.06 -23.4114
8069.07 -23.2288
8081.08 -23.0471
8093.09 -22.8665
8105.11 -22.6868
8117.12 -22.5034
8129.13 -22.3209
8141.14 -22.1395
8153.15 -21.9591
8165.17 -21.7799
8177.18 -21.6018
8189.19 -21.4248
8201.2 -21.249
8213.21 -21.0534
8225.23 -20.7862
8237.24 -20.52
8249.25 -20.2546
8261.26 -19.9902
8273.27 -19.7268
8285.29 -19.4642
8297.3 -19.2027
8309.31 -18.942
8321.32 -18.7281
8333.33 -18.569
8345.35 -18.4111
8357.36 -18.2545
8369.37 -18.0992
8381.38 -17.945
8393.39 -17.7922
8405.41 -17.6405
8417.42 -17.4901
8429.43 -17.2003
8441.44 -16.8502
8453.45 -16.5008
8465.47 -16.152
8477.48 -15.8039
8489.49 -15.4564
8501.5 -15.1095
8513.51 -14.7632
8525.53 -14.4176
8537.54 -14.3799
8549.55 -14.3654
8561.56 -14.3525
8573.57 -14.3411
8585.59 -14.3311
8597.6 -14.3227
8609.61 -14.3157
8621.62 -14.3101
8633.63 -14.2807
8645.65 -14.1298
8657.66 -13.9798
8669.67 -13.8308
8681.68 -13.6829
8693.69 -13.5359
8705.71 -13.3898
8717.72 -13.2447
8729.73 -13.1006
8741.74 -12.9574
8753.75 -12.8151
8765.77 -12.6737
8777.78 -12.5331
8789.79 -12.3935
8801.8 -12.2547
8813.81 -12.1167
8825.83 -11.9796
8837.84 -11.8433
8849.85 -11.7078
8861.86 -11.5731
8873.87 -11.4391
8885.89 -11.3059
8897.9 -11.1735
8909.91 -11.0417
8921.92 -10.9107
8933.93 -10.7804
8945.95 -10.6508
8957.96 -10.5218
8969.97 -10.3935
8981.98 -10.2658
8993.99 -10.1388
9006.01 -10.0123
9018.02 -9.88644
9030.03 -9.76116
9042.04 -9.63643
9054.05 -9.51226
9066.07 -9.38861
9078.08 -9.26547
9090.09 -9.14284
9102.1 -9.02069
9114.11 -8.899
9126.13 -8.77777
9138.14 -8.65698
9150.15 -8.53661
9162.16 -8.41664
9174.17 -8.29707
9186.19 -8.17787
9198.2 -8.05902
9210.21 -7.94053
9222.22 -7.82235
9234.23 -7.70449
9246.25 -7.58693
9258.26 -7.46965
9270.27 -7.35263
9282.28 -7.23586
9294.29 -7.11932
9306.31 -7.003
9318.32 -6.88688
9330.33 -6.77094
9342.34 -6.65517
9354.35 -6.53956
9366.37 -6.42408
9378.38 -6.30873
9390.39 -6.19347
9402.4 -6.07831
9414.41 -5.96322
9426.43 -5.84818
9438.44 -5.73319
9450.45 -5.61822
9462.46 -5.50325
9474.47 -5.38828
9486.49 -5.27328
9498.5 -5.15824
9510.51 -5.04314
9522.52 -4.92796
9534.53 -4.8127
9546.55 -4.69732
9558.56 -4.58183
9570.57 -4.46619
9582.58 -4.35039
9594.59 -4.23442
9606.61 -4.11826
9618.62 -4.00189
9630.63 -3.88529
9642.64 -3.76846
9654.65 -3.65136
9666.67 -3.53399
9678.68 -3.41633
9690.69 -3.29836
9702.7 -3.18006
9714.71 -3.06143
9726.73 -2.94243
9738.74 -2.82305
9750.75 -2.70328
9762.76 -2.58311
9774.77 -2.4625
9786.79 -2.34145
9798.8 -2.21994
9810.81 -2.09795
9822.82 -1.97547
9834.83 -1.85247
9846.85 -1.72895
9858.86 -1.60488
9870.87 -1.48024
9882.88 -1.35504
9894.89 -1.22923
9906.91 -1.10281
9918.92 -0.975771
9930.93 -0.848084
9942.94 -0.719736
9954.95 -0.590713
9966.97 -0.460998
9978.98 -0.330575
9990.99 -0.19943
10003 -0.0675464
10015 0.0650904
10027 0.198495
10039 0.332683
10051.1 0.467667
10063.1 0.603463
10075.1 0.740083
10087.1 0.877541
10099.1 1.01585
10111.1 1.15502
10123.1 1.29507
10135.1 1.43601
10147.1 1.57785
10159.2 1.72059
10171.2 1.86426
10183.2 2.00886
10195.2 2.1544
10207.2 2.30088
10219.2 2.44832
10231.2 2.59672
10243.2 2.7461
10255.3 2.89645
10267.3 3.04778
10279.3 3.20009
10291.3 3.35339
10303.3 3.50768
10315.3 3.66296
10327.3 3.81923
10339.3 3.97649
10351.4 4.13474
10363.4 4.29397
10375.4 4.45419
10387.4 4.61538
10399.4 4.77753
10411.4 4.94064
10423.4 5.1047
10435.4 5.2697
10447.4 5.43562
10459.5 5.60244
10471.5 5.77016
10483.5 5.93876
10495.5 6.1082
10507.5 6.27848
10519.5 6.44956
10531.5 6.62142
10543.5 6.79403
10555.6 6.96737
10567.6 7.14139
10579.6 7.31607
10591.6 7.49137
10603.6 7.66724
10615.6 7.84365
10627.6 8.02055
10639.6 8.1979
10651.7 8.37563
10663.7 8.55372
10675.7 8.73209
10687.7 8.91069
10699.7 9.08946
10711.7 9.26834
10723.7 9.44726
10735.7 9.62615
10747.7 9.80495
10759.8 9.98358
10771.8 10.162
10783.8 10.34
10795.8 10.5176
10807.8 10.6948
10819.8 10.8714
10831.8 11.0473
10843.8 11.2224
10855.9 11.3967
10867.9 11.57
10879.9 11.7422
10891.9 11.9133
10903.9 12.0832
10915.9 12.2517
10927.9 12.4187
10939.9 12.5841
10952 12.7478
10964 12.9097
10976 13.0697
10988 13.2277
11000 13.3835
11012 13.5371
11024 13.6882
11036 13.8369
11048 13.9829
11060.1 14.1263
11072.1 14.2667
11084.1 14.4042
11096.1 14.5387
11108.1 14.6699
11120.1 14.7979
11132.1 14.9225
11144.1 15.0435
11156.2 15.1609
11168.2 15.2747
11180.2 15.3846
11192.2 15.4905
11204.2 15.5925
11216.2 15.6904
11228.2 15.7842
11240.2 15.8736
11252.3 15.9588
11264.3 16.0396
11276.3 16.1159
11288.3 16.1876
11300.3 16.2548
11312.3 16.3174
11324.3 16.3753
11336.3 16.4285
11348.3 16.477
11360.4 16.5207
11372.4 16.5596
11384.4 16.5937
11396.4 16.623
11408.4 16.6474
11420.4 16.6671
11432.4 16.682
11444.4 16.6921
11456.5 16.6974
11468.5 16.698
11480.5 16.694
11492.5 16.6852
11504.5 16.6719
11516.5 16.6539
11528.5 16.6315
11540.5 16.6046
11552.6 16.5734
11564.6 16.5378
11576.6 16.498
11588.6 16.4541
11600.6 16.406
11612.6 16.354
11624.6 16.2981
11636.6 16.2384
11648.6 16.1749
11660.7 16.1079
11672.7 16.0373
11684.7 15.9633
11696.7 15.886
11708.7 15.8055
11720.7 15.722
11732.7 15.6354
11744.7 15.546
11756.8 15.4538
11768.8 15.3589
11780.8 15.2616
11792.8 15.1617
11804.8 15.0596
11816.8 14.9553
11828.8 14.8488
11840.8 14.7404
11852.9 14.6301
11864.9 14.518
11876.9 14.4042
11888.9 14.2889
11900.9 14.1721
11912.9 14.0539
11924.9 13.9345
11936.9 13.8139
11948.9 13.6923
11961 13.5696
11973 13.4461
11985 13.3217
11997 13.1967
12009 13.071
12021 12.9448
12033 12.818
12045 12.6909
12057.1 12.5635
12069.1 12.4359
12081.1 12.308
12093.1 12.18
12105.1 12.052
12117.1 11.924
12129.1 11.7961
12141.1 11.6683
12153.2 11.5407
12165.2 11.4134
12177.2 11.2863
12189.2 11.1595
12201.2 11.0332
12213.2 10.9073
12225.2 10.7818
12237.2 10.6569
12249.2 10.5325
12261.3 10.4086
12273.3 10.2854
12285.3 10.1629
12297.3 10.041
12309.3 9.91979
12321.3 9.79934
12333.3 9.67965
12345.3 9.56073
12357.4 9.44262
12369.4 9.32532
12381.4 9.20886
12393.4 9.09326
12405.4 8.97853
12417.4 8.86468
12429.4 8.75173
12441.4 8.6397
12453.5 8.52858
12465.5 8.4184
12477.5 8.30915
12489.5 8.20085
12501.5 8.09351
12513.5 7.98712
12525.5 7.8817
12537.5 7.77724
12549.5 7.67376
12561.6 7.57125
12573.6 7.46971
12585.6 7.36915
12597.6 7.26956
12609.6 7.17095
12621.6 7.07332
12633.6 6.97665
12645.6 6.88095
12657.7 6.78622
12669.7 6.69246
12681.7 6.59965
12693.7 6.5078
12705.7 6.4169
12717.7 6.32694
12729.7 6.23793
12741.7 6.14985
12753.8 6.06271
12765.8 5.97648
12777.8 5.89117
12789.8 5.80677
12801.8 5.72328
12813.8 5.64067
12825.8 5.55896
12837.8 5.47813
12849.8 5.39817
12861.9 5.31908
12873.9 5.24084
12885.9 5.16345
12897.9 5.0869
12909.9 5.01118
12921.9 4.93629
12933.9 4.86221
12945.9 4.78894
12958 4.71646
12970 4.64478
12982 4.57387
12994 4.50373
13006 4.43436
13018 4.36574
13030 4.29786
13042 4.23072
13054.1 4.1643
13066.1 4.09861
13078.1 4.03362
13090.1 3.96933
13102.1 3.90573
13114.1 3.84281
13126.1 3.78057
13138.1 3.71899
13150.2 3.65807
13162.2 3.59779
13174.2 3.53815
13186.2 3.47914
13198.2 3.42075
13210.2 3.36298
13222.2 3.30581
13234.2 3.24923
13246.2 3.19324
13258.3 3.13784
13270.3 3.083
13282.3 3.02872
13294.3 2.975
13306.3 2.92183
13318.3 2.8692
13330.3 2.81709
13342.3 2.76551
13354.4 2.71445
13366.4 2.66389
13378.4 2.61383
13390.4 2.56427
13402.4 2.51519
13414.4 2.46659
13426.4 2.41846
13438.4 2.3708
13450.5 2.32359
13462.5 2.27683
13474.5 2.23051
13486.5 2.18463
13498.5 2.13917
13510.5 2.09414
13522.5 2.04952
13534.5 2.00531
13546.5 1.96151
13558.6 1.9181
13570.6 1.87508
13582.6 1.83244
13594.6 1.79018
13606.6 1.74829
13618.6 1.70676
13630.6 1.66559
13642.6 1.62478
13654.7 1.58431
13666.7 1.54418
13678.7 1.50439
13690.7 1.46492
13702.7 1.42578
13714.7 1.38696
13726.7 1.34845
13738.7 1.31025
13750.8 1.27235
13762.8 1.23474
13774.8 1.19743
13786.8 1.16041
13798.8 1.12366
13810.8 1.08719
13822.8 1.05099
13834.8 1.01506
13846.8 0.979391
13858.9 0.943976
13870.9 0.908814
13882.9 0.873898
13894.9 0.839225
13906.9 0.804789
13918.9 0.770587
13930.9 0.736613
13942.9 0.702863
13955 0.669333
13967 0.636019
13979 0.602916
13991 0.57002
14003 0.537326
14015 0.504831
14027 0.472531
14039 0.440421
14051.1 0.408498
14063.1 0.376757
14075.1 0.345195
14087.1 0.313808
14099.1 0.282591
14111.1 0.251541
14123.1 0.220655
14135.1 0.189929
14147.1 0.159358
14159.2 0.12894
14171.2 0.0986699
14183.2 0.0685454
14195.2 0.0385626
14207.2 0.00871788
14219.2 -0.0209921
14231.2 -0.0505708
14243.2 -0.0800216
14255.3 -0.109348
14267.3 -0.138553
14279.3 -0.16764
14291.3 -0.196612
14303.3 -0.225473
14315.3 -0.254225
14327.3 -0.282872
14339.3 -0.311418
14351.4 -0.339864
14363.4 -0.368214
14375.4 -0.396471
14387.4 -0.424639
14399.4 -0.452719
14411.4 -0.480716
14423.4 -0.508632
14435.4 -0.536469
14447.4 -0.564232
14459.5 -0.591922
14471.5 -0.619542
14483.5 -0.647095
14495.5 -0.674585
14507.5 -0.702013
14519.5 -0.729383
14531.5 -0.756697
14543.5 -0.783958
14555.6 -0.811168
14567.6 -0.838331
14579.6 -0.865448
14591.6 -0.892523
14603.6 -0.919558
14615.6 -0.946555
14627.6 -0.973517
14639.6 -1.00045
14651.7 -1.02735
14663.7 -1.05422
14675.7 -1.08107
14687.7 -1.10789
14699.7 -1.1347
14711.7 -1.16148
14723.7 -1.18825
14735.7 -1.21501
14747.7 -1.24176
14759.8 -1.2685
14771.8 -1.29523
14783.8 -1.32197
14795.8 -1.34869
14807.8 -1.37542
14819.8 -1.40216
14831.8 -1.42889
14843.8 -1.45564
14855.9 -1.4824
14867.9 -1.50916
14879.9 -1.53595
14891.9 -1.56274
14903.9 -1.58956
14915.9 -1.6164
14927.9 -1.64326
14939.9 -1.67014
14952 -1.69705
14964 -1.724
14976 -1.75097
14988 -1.77797
15000 -1.80501
15012 -1.83209
15024 -1.85921
15036 -1.88636
15048 -1.91357
15060.1 -1.94081
15072.1 -1.9681
15084.1 -1.99545
15096.1 -2.02284
15108.1 -2.05029
15120.1 -2.07779
15132.1 -2.10534
15144.1 -2.13296
15156.2 -2.16063
15168.2 -2.18837
15180.2 -2.21617
15192.2 -2.24404
15204.2 -2.27198
15216.2 -2.29998
15228.2 -2.32805
15240.2 -2.3562
15252.3 -2.38442
15264.3 -2.41272
15276.3 -2.4411
15288.3 -2.46955
15300.3 -2.49809
15312.3 -2.52671
15324.3 -2.55541
15336.3 -2.5842
15348.3 -2.61308
15360.4 -2.64205
15372.4 -2.6711
15384.4 -2.70025
15396.4 -2.7295
15408.4 -2.75883
15420.4 -2.78827
15432.4 -2.8178
15444.4 -2.84743
15456.5 -2.87717
15468.5 -2.907
15480.5 -2.93694
15492.5 -2.96698
15504.5 -2.99713
15516.5 -3.02739
15528.5 -3.05776
15540.5 -3.08823
15552.6 -3.11882
15564.6 -3.14952
15576.6 -3.18033
15588.6 -3.21126
15600.6 -3.2423
15612.6 -3.27346
15624.6 -3.30473
15636.6 -3.33613
15648.6 -3.36764
15660.7 -3.39928
15672.7 -3.43103
15684.7 -3.46291
15696.7 -3.49491
15708.7 -3.52703
15720.7 -3.55928
15732.7 -3.59166
15744.7 -3.62416
15756.8 -3.65678
15768.8 -3.68953
15780.8 -3.72241
15792.8 -3.75542
15804.8 -3.78856
15816.8 -3.82182
15828.8 -3.85522
15840.8 -3.88874
15852.9 -3.92239
15864.9 -3.95618
15876.9 -3.99009
15888.9 -4.02413
15900.9 -4.0583
15912.9 -4.0926
15924.9 -4.12704
15936.9 -4.1616
15948.9 -4.19629
15961 -4.23111
15973 -4.26606
15985 -4.30113
15997 -4.33634
16009 -4.37167
16021 -4.40713
16033 -4.44272
16045 -4.47843
16057.1 -4.51427
16069.1 -4.55023
16081.1 -4.58631
16093.1 -4.62251
16105.1 -4.65884
16117.1 -4.69528
16129.1 -4.73184
16141.1 -4.76852
16153.2 -4.80532
16165.2 -4.84223
16177.2 -4.87925
16189.2 -4.91638
16201.2 -4.95362
16213.2 -4.99097
16225.2 -5.02842
16237.2 -5.06597
16249.2 -5.10363
16261.3 -5.14138
16273.3 -5.17923
16285.3 -5.21717
16297.3 -5.25521
16309.3 -5.29333
16321.3 -5.33154
16333.3 -5.36983
16345.3 -5.4082
16357.4 -5.44664
16369.4 -5.48516
16381.4 -5.52375
16393.4 -5.56241
16405.4 -5.60113
16417.4 -5.63991
16429.4 -5.67874
16441.4 -5.71763
16453.5 -5.75657
16465.5 -5.79554
16477.5 -5.83456
16489.5 -5.87361
16501.5 -5.9127
16513.5 -5.95181
16525.5 -5.99094
16537.5 -6.03009
16549.5 -6.06925
16561.6 -6.10841
16573.6 -6.14758
16585.6 -6.18675
16597.6 -6.2259
16609.6 -6.26504
16621.6 -6.30416
16633.6 -6.34325
16645.6 -6.38231
16657.7 -6.42133
16669.7 -6.46031
16681.7 -6.49924
16693.7 -6.53811
16705.7 -6.57692
16717.7 -6.61565
16729.7 -6.65431
16741.7 -6.69289
16753.8 -6.73138
16765.8 -6.76976
16777.8 -6.80805
16789.8 -6.84622
16801.8 -6.88427
16813.8 -6.92219
16825.8 -6.95998
16837.8 -6.99763
16849.8 -7.03513
16861.9 -7.07247
16873.9 -7.10964
16885.9 -7.14665
16897.9 -7.18347
16909.9 -7.22009
16921.9 -7.25653
16933.9 -7.29275
16945.9 -7.32876
16958 -7.36455
16970 -7.4001
16982 -7.43542
16994 -7.47048
17006 -7.50529
17018 -7.53983
17030 -7.5741
17042 -7.60808
17054.1 -7.64177
17066.1 -7.67516
17078.1 -7.70824
17090.1 -7.741
17102.1 -7.77343
17114.1 -7.80553
17126.1 -7.83728
17138.1 -7.86868
17150.2 -7.89971
17162.2 -7.93038
17174.2 -7.96066
17186.2 -7.99055
17198.2 -8.02005
17210.2 -8.04914
17222.2 -8.07782
17234.2 -8.10607
17246.2 -8.1339
17258.3 -8.16128
17270.3 -8.18822
17282.3 -8.2147
17294.3 -8.24071
17306.3 -8.26626
17318.3 -8.29132
17330.3 -8.3159
17342.3 -8.33999
17354.4 -8.36357
17366.4 -8.38665
17378.4 -8.40921
17390.4 -8.43125
17402.4 -8.45275
17414.4 -8.47372
17426.4 -8.49415
17438.4 -8.51403
17450.5 -8.53336
17462.5 -8.55212
17474.5 -8.57032
17486.5 -8.58795
17498.5 -8.605
17510.5 -8.62147
17522.5 -8.63735
17534.5 -8.65264
17546.5 -8.66733
17558.6 -8.68142
17570.6 -8.69491
17582.6 -8.70779
17594.6 -8.72006
17606.6 -8.73172
17618.6 -8.74276
17630.6 -8.75318
17642.6 -8.76298
17654.7 -8.77215
17666.7 -8.78069
17678.7 -8.78861
17690.7 -8.7959
17702.7 -8.80256
17714.7 -8.80858
17726.7 -8.81397
17738.7 -8.81873
17750.8 -8.82286
17762.8 -8.82636
17774.8 -8.82922
17786.8 -8.83145
17798.8 -8.83305
17810.8 -8.83402
17822.8 -8.83436
17834.8 -8.83408
17846.8 -8.83317
17858.9 -8.83164
17870.9 -8.82949
17882.9 -8.82672
17894.9 -8.82334
17906.9 -8.81934
17918.9 -8.81474
17930.9 -8.80954
17942.9 -8.80373
17955 -8.79733
17967 -8.79034
17979 -8.78276
17991 -8.77459
18003 -8.76585
18015 -8.75654
18027 -8.74666
18039 -8.73622
18051.1 -8.72522
18063.1 -8.71367
18075.1 -8.70158
18087.1 -8.68895
18099.1 -8.67579
18111.1 -8.6621
18123.1 -8.64789
18135.1 -8.63318
18147.1 -8.61796
18159.2 -8.60224
18171.2 -8.58603
18183.2 -8.56934
18195.2 -8.55217
18207.2 -8.53454
18219.2 -8.51644
18231.2 -8.4979
18243.2 -8.4789
18255.3 -8.45947
18267.3 -8.43962
18279.3 -8.41934
18291.3 -8.39864
18303.3 -8.37755
18315.3 -8.35605
18327.3 -8.33417
18339.3 -8.31191
18351.4 -8.28928
18363.4 -8.26628
18375.4 -8.24293
18387.4 -8.21923
18399.4 -8.19519
18411.4 -8.17083
18423.4 -8.14614
18435.4 -8.12114
18447.4 -8.09583
18459.5 -8.07022
18471.5 -8.04433
18483.5 -8.01816
18495.5 -7.99172
18507.5 -7.96501
18519.5 -7.93805
18531.5 -7.91083
18543.5 -7.88338
18555.6 -7.8557
18567.6 -7.8278
18579.6 -7.79968
18591.6 -7.77135
18603.6 -7.74282
18615.6 -7.7141
18627.6 -7.6852
18639.6 -7.65612
18651.7 -7.62687
18663.7 -7.59746
18675.7 -7.56789
18687.7 -7.53817
18699.7 -7.50832
18711.7 -7.47833
18723.7 -7.44822
18735.7 -7.41798
18747.7 -7.38764
18759.8 -7.35718
18771.8 -7.32663
18783.8 -7.29599
18795.8 -7.26526
18807.8 -7.23445
18819.8 -7.20356
18831.8 -7.17261
18843.8 -7.1416
18855.9 -7.11053
18867.9 -7.07941
18879.9 -7.04824
18891.9 -7.01704
18903.9 -6.9858
18915.9 -6.95454
18927.9 -6.92325
18939.9 -6.89195
18952 -6.86063
18964 -6.8293
18976 -6.79798
18988 -6.76665
19000 -6.73533
