7000 -40.3815
7012.01 -40.3292
7024.02 -40.2716
7036.04 -40.2087
7048.05 -40.1407
7060.06 -40.0675
7072.07 -39.9893
7084.08 -39.9061
7096.1 -39.818
7108.11 -39.7251
7120.12 -39.6274
7132.13 -39.5251
7144.14 -39.4181
7156.16 -39.3066
7168.17 -39.1907
7180.18 -39.0704
7192.19 -38.9459
7204.2 -38.8172
7216.22 -38.6844
7228.23 -38.5477
7240.24 -38.407
7252.25 -38.2626
7264.26 -38.1144
7276.28 -37.9627
7288.29 -37.8074
7300.3 -37.6487
7312.31 -37.4867
7324.32 -37.3214
7336.34 -37.153
7348.35 -36.9816
7360.36 -36.8073
7372.37 -36.6301
7384.38 -36.4502
7396.4 -36.2676
7408.41 -36.0825
7420.42 -35.8949
7432.43 -35.705
7444.44 -35.5128
7456.46 -35.3184
7468.47 -35.1219
7480.48 -34.8813
7492.49 -34.6064
7504.5 -34.3294
7516.52 -34.0504
7528.53 -33.7696
7540.54 -33.4869
7552.55 -33.2025
7564.56 -32.9165
7576.58 -32.6289
7588.59 -32.3988
7600.6 -32.182
7612.61 -31.9641
7624.62 -31.7451
7636.64 -31.5253
7648.65 -31.3045
7660.66 -31.0829
7672.67 -30.8606
7684.68 -30.6403
7696.7 -30.4847
7708.71 -30.3288
7720.72 -30.1726
7732.73 -30.0162
7744.74 -29.8596
7756.76 -29.7029
7768.77 -29.5462
7780.78 -29.3894
7792.79 -29.2172
7804.8 -29.0042
7816.82 -28.7912
7828.83 -28.5782
7840.84 -28.3653
7852.85 -28.1525
7864.86 -27.9399
7876.88 -27.7274
7888.89 -27.5152
7900.9 -27.3148
7912.91 -27.1257
7924.92 -26.937
7936.94 -26.7487
7948.95 -26.5609
7960.96 -26.3737
7972.97 -26.1869
7984.98 -26.0008
7997 -25.8152
8009.01 -25.5981
8021.02 -25.3709
8033.03 -25.1441
8045.05 -24.918
8057.06 -24.6924
8069.07 -24.4674
8081.08 -24.2431
8093.09 -24.0193
8105.11 -23.7963
8117.12 -23.675
8129.13 -23.556
8141.14 -23.4381
8153.15 -23.3211
8165.17 -23.2052
8177.18 -23.0904
8189.19 -22.9765
8201.2 -22.8638
8213.21 -22.6996
8225.23 -22.3535
8237.24 -22.0077
8249.25 -21.6624
8261.26 -21.3175
8273.27 -20.9731
8285.29 -20.629
8297.3 -20.2853
8309.31 -19.9421
8321.32 -19.7219
8333.33 -19.6465
8345.35 -19.5722
8357.36 -19.4991
8369.37 -19.4272
8381.38 -19.3565
8393.39 -19.287
8405.41 -19.2186
8417.42 -19.1515
8429.43 -18.8194
8441.44 -18.3722
8453.45 -17.9251
8465.47 -17.478
8477.48 -17.0311
8489.49 -16.5842
8501.5 -16.1374
8513.51 -15.6907
8525.53 -15.244
8537.54 -15.2916
8549.55 -15.3757
8561.56 -15.4613
8573.57 -15.5485
8585.59 -15.6371
8597.6 -15.7273
8609.61 -15.8189
8621.62 -15.9121
8633.63 -15.9583
8645.65 -15.7706
8657.66 -15.5836
8669.67 -15.3972
8681.68 -15.2115
8693.69 -15.0264
8705.71 -14.842
8717.72 -14.6582
8729.73 -14.475
8741.74 -14.2925
8753.75 -14.1105
8765.77 -13.9291
8777.78 -13.7482
8789.79 -13.568
8801.8 -13.3882
8813.81 -13.209
8825.83 -13.0304
8837.84 -12.8522
8849.85 -12.6745
8861.86 -12.4974
8873.87 -12.3207
8885.89 -12.1444
8897.9 -11.9686
8909.91 -11.7932
8921.92 -11.6183
8933.93 -11.4437
8945.95 -11.2696
8957.96 -11.0958
8969.97 -10.9223
8981.98 -10.7493
8993.99 -10.5765
9006.01 -10.4041
9018.02 -10.232
9030.03 -10.0602
9042.04 -9.88866
9054.05 -9.71738
9066.07 -9.54635
9078.08 -9.37555
9090.09 -9.20497
9102.1 -9.03459
9114.11 -8.8644
9126.13 -8.69438
9138.14 -8.52452
9150.15 -8.35479
9162.16 -8.18519
9174.17 -8.0157
9186.19 -7.8463
9198.2 -7.67697
9210.21 -7.50771
9222.22 -7.33849
9234.23 -7.1693
9246.25 -7.00012
9258.26 -6.83093
9270.27 -6.66172
9282.28 -6.49247
9294.29 -6.32317
9306.31 -6.15379
9318.32 -5.98432
9330.33 -5.81475
9342.34 -5.64505
9354.35 -5.47521
9366.37 -5.30521
9378.38 -5.13503
9390.39 -4.96466
9402.4 -4.79407
9414.41 -4.62326
9426.43 -4.4522
9438.44 -4.28087
9450.45 -4.10925
9462.46 -3.93733
9474.47 -3.7651
9486.49 -3.59252
9498.5 -3.41958
9510.51 -3.24627
9522.52 -3.07256
9534.53 -2.89844
9546.55 -2.72389
9558.56 -2.54888
9570.57 -2.3734
9582.58 -2.19744
9594.59 -2.02096
9606.61 -1.84396
9618.62 -1.66641
9630.63 -1.48829
9642.64 -1.30959
9654.65 -1.13029
9666.67 -0.950355
9678.68 -0.769782
9690.69 -0.588545
9702.7 -0.406626
9714.71 -0.224005
9726.73 -0.0406628
9738.74 0.14342
9750.75 0.328262
9762.76 0.513884
9774.77 0.700304
9786.79 0.887541
9798.8 1.07562
9810.81 1.26455
9822.82 1.45435
9834.83 1.64505
9846.85 1.83666
9858.86 2.02921
9870.87 2.2227
9882.88 2.41716
9894.89 2.61261
9906.91 2.80906
9918.92 3.00653
9930.93 3.20505
9942.94 3.40461
9954.95 3.60526
9966.97 3.80699
9978.98 4.00983
9990.99 4.21379
10003 4.41889
10015 4.62514
10027 4.83255
10039 5.04115
10051.1 5.25094
10063.1 5.46194
10075.1 5.67416
10087.1 5.88762
10099.1 6.10231
10111.1 6.31826
10123.1 6.53547
10135.1 6.75395
10147.1 6.97372
10159.2 7.19477
10171.2 7.41711
10183.2 7.64075
10195.2 7.86569
10207.2 8.09194
10219.2 8.31949
10231.2 8.54836
10243.2 8.77853
10255.3 9.01
10267.3 9.24278
10279.3 9.47686
10291.3 9.71223
10303.3 9.94888
10315.3 10.1868
10327.3 10.426
10339.3 10.6664
10351.4 10.9081
10363.4 11.151
10375.4 11.3951
10387.4 11.6404
10399.4 11.8868
10411.4 12.1343
10423.4 12.383
10435.4 12.6327
10447.4 12.8835
10459.5 13.1353
10471.5 13.3881
10483.5 13.6418
10495.5 13.8963
10507.5 14.1518
10519.5 14.408
10531.5 14.6649
10543.5 14.9226
10555.6 15.1809
10567.6 15.4397
10579.6 15.6991
10591.6 15.9589
10603.6 16.2191
10615.6 16.4796
10627.6 16.7403
10639.6 17.0012
10651.7 17.2621
10663.7 17.523
10675.7 17.7838
10687.7 18.0444
10699.7 18.3047
10711.7 18.5646
10723.7 18.824
10735.7 19.0828
10747.7 19.3408
10759.8 19.5981
10771.8 19.8544
10783.8 20.1096
10795.8 20.3637
10807.8 20.6165
10819.8 20.8678
10831.8 21.1176
10843.8 21.3657
10855.9 21.6119
10867.9 21.8562
10879.9 22.0984
10891.9 22.3384
10903.9 22.576
10915.9 22.8111
10927.9 23.0436
10939.9 23.2732
10952 23.4999
10964 23.7236
10976 23.9439
10988 24.161
11000 24.3745
11012 24.5843
11024 24.7904
11036 24.9925
11048 25.1905
11060.1 25.3844
11072.1 25.5739
11084.1 25.7589
11096.1 25.9394
11108.1 26.0726
11120.1 26.0614
11132.1 26.0449
11144.1 26.0229
11156.2 25.9954
11168.2 25.9622
11180.2 25.9232
11192.2 25.8784
11204.2 25.8277
11216.2 25.8145
11228.2 25.8433
11240.2 25.8661
11252.3 25.883
11264.3 25.8938
11276.3 25.8985
11288.3 25.897
11300.3 25.8894
11312.3 25.8756
11324.3 25.8981
11336.3 25.932
11348.3 25.9599
11360.4 25.9816
11372.4 25.9972
11384.4 26.0068
11396.4 26.0104
11408.4 26.0079
11420.4 25.9995
11432.4 25.9546
11444.4 25.902
11456.5 25.8435
11468.5 25.7792
11480.5 25.7092
11492.5 25.6335
11504.5 25.5523
11516.5 25.4657
11528.5 25.3965
11540.5 25.4225
11552.6 25.4437
11564.6 25.46
11576.6 25.4716
11588.6 25.4787
11600.6 25.4814
11612.6 25.4797
11624.6 25.4739
11636.6 25.4591
11648.6 25.4339
11660.7 25.4048
11672.7 25.372
11684.7 25.3356
11696.7 25.2959
11708.7 25.2528
11720.7 25.2066
11732.7 25.1573
11744.7 25.0802
11756.8 24.9875
11768.8 24.8921
11780.8 24.7941
11792.8 24.6938
11804.8 24.5911
11816.8 24.4863
11828.8 24.3794
11840.8 24.2707
11852.9 24.1592
11864.9 24.046
11876.9 23.9312
11888.9 23.815
11900.9 23.6976
11912.9 23.5789
11924.9 23.4592
11936.9 23.3385
11948.9 23.2192
11961 23.1144
11973 23.009
11985 22.9031
11997 22.7967
12009 22.69
12021 22.5831
12033 22.476
12045 22.3688
12057.1 22.2487
12069.1 22.1065
12081.1 21.9644
12093.1 21.8225
12105.1 21.6808
12117.1 21.5394
12129.1 21.3983
12141.1 21.2577
12153.2 21.1175
12165.2 20.9273
12177.2 20.7044
12189.2 20.482
12201.2 20.2601
12213.2 20.0388
12225.2 19.8181
12237.2 19.598
12249.2 19.3786
12261.3 19.1599
12273.3 19.0001
12285.3 18.8523
12297.3 18.7056
12309.3 18.5598
12321.3 18.415
12333.3 18.2712
12345.3 18.1285
12357.4 17.9868
12369.4 17.8443
12381.4 17.6813
12393.4 17.5193
12405.4 17.3585
12417.4 17.1987
12429.4 17.0401
12441.4 16.8825
12453.5 16.7261
12465.5 16.5709
12477.5 16.4198
12489.5 16.2766
12501.5 16.1347
12513.5 15.9938
12525.5 15.8542
12537.5 15.7158
12549.5 15.5785
12561.6 15.4424
12573.6 15.3075
12585.6 15.2116
12597.6 15.1471
12609.6 15.0838
12621.6 15.0219
12633.6 14.9613
12645.6 14.902
12657.7 14.844
12669.7 14.7872
12681.7 14.7318
12693.7 14.5806
12705.7 14.4047
12717.7 14.2299
12729.7 14.0561
12741.7 13.8833
12753.8 13.7115
12765.8 13.5407
12777.8 13.3709
12789.8 13.2066
12801.8 13.2252
12813.8 13.2452
12825.8 13.2664
12837.8 13.289
12849.8 13.3128
12861.9 13.3379
12873.9 13.3643
12885.9 13.3919
12897.9 13.3905
12909.9 13.3068
12921.9 13.2241
12933.9 13.1424
12945.9 13.0617
12958 12.982
12970 12.9033
12982 12.8255
12994 12.7486
13006 12.6858
13018 12.6369
13030 12.589
13042 12.5421
13054.1 12.4961
13066.1 12.451
13078.1 12.4069
13090.1 12.3636
13102.1 12.3213
13114.1 12.2932
13126.1 12.2708
13138.1 12.2494
13150.2 12.2288
13162.2 12.2092
13174.2 12.1904
13186.2 12.1724
13198.2 12.1553
13210.2 12.1391
13222.2 12.0186
13234.2 11.8962
13246.2 11.7744
13258.3 11.6532
13270.3 11.5326
13282.3 11.4126
13294.3 11.2932
13306.3 11.1743
13318.3 11.0588
13330.3 10.9541
13342.3 10.8499
13354.4 10.7463
13366.4 10.6433
13378.4 10.5408
13390.4 10.4388
13402.4 10.3374
13414.4 10.2364
13426.4 10.162
13438.4 10.1208
13450.5 10.0802
13462.5 10.0401
13474.5 10.0007
13486.5 9.9618
13498.5 9.92347
13510.5 9.8857
13522.5 9.84847
13534.5 9.85321
13546.5 9.87757
13558.6 9.90257
13570.6 9.92819
13582.6 9.95442
13594.6 9.98126
13606.6 10.0087
13618.6 10.0367
13630.6 10.0654
13642.6 10.0554
13654.7 10.0424
13666.7 10.03
13678.7 10.018
13690.7 10.0065
13702.7 9.99554
13714.7 9.985
13726.7 9.97492
13738.7 9.96709
13750.8 9.96904
13762.8 9.97146
13774.8 9.97434
13786.8 9.97766
13798.8 9.98143
13810.8 9.98564
13822.8 9.99027
13834.8 9.99534
13846.8 10.0108
13858.9 10.042
13870.9 10.0737
13882.9 10.1058
13894.9 10.1384
13906.9 10.1714
13918.9 10.2049
13930.9 10.2387
13942.9 10.273
13955 10.2471
13967 10.1856
13979 10.1244
13991 10.0634
14003 10.0027
14015 9.94217
14027 9.88189
14039 9.82183
14051.1 9.76199
14063.1 9.69493
14075.1 9.62696
14087.1 9.55918
14099.1 9.49159
14111.1 9.42419
14123.1 9.35696
14135.1 9.28992
14147.1 9.22304
14159.2 9.16318
14171.2 9.16202
14183.2 9.16113
14195.2 9.16052
14207.2 9.16016
14219.2 9.16007
14231.2 9.16024
14243.2 9.16066
14255.3 9.16133
14267.3 9.14247
14279.3 9.08513
14291.3 9.02794
14303.3 8.9709
14315.3 8.91398
14327.3 8.8572
14339.3 8.80056
14351.4 8.74404
14363.4 8.68764
14375.4 8.67546
14387.4 8.69533
14399.4 8.71545
14411.4 8.7358
14423.4 8.75639
14435.4 8.77722
14447.4 8.79828
14459.5 8.81957
14471.5 8.84109
14483.5 8.84033
14495.5 8.83462
14507.5 8.82909
14519.5 8.82373
14531.5 8.81854
14543.5 8.81352
14555.6 8.80865
14567.6 8.80396
14579.6 8.79987
14591.6 8.8036
14603.6 8.80749
14615.6 8.81154
14627.6 8.81577
14639.6 8.82015
14651.7 8.82469
14663.7 8.82939
14675.7 8.83425
14687.7 8.8428
14699.7 8.86015
14711.7 8.87767
14723.7 8.89535
14735.7 8.91321
14747.7 8.93122
14759.8 8.9494
14771.8 8.96775
14783.8 8.98624
14795.8 8.9763
14807.8 8.94049
14819.8 8.90474
14831.8 8.86905
14843.8 8.83342
14855.9 8.79785
14867.9 8.76234
14879.9 8.72689
14891.9 8.69149
14903.9 8.6305
14915.9 8.56167
14927.9 8.49285
14939.9 8.42402
14952 8.35519
14964 8.28634
14976 8.21749
14988 8.14863
15000 8.07975
15012 8.07729
15024 8.07492
15036 8.07264
15048 8.07044
15060.1 8.06834
15072.1 8.06632
15084.1 8.06439
15096.1 8.06254
15108.1 8.05688
15120.1 8.03852
15132.1 8.02022
15144.1 8.00198
15156.2 7.98378
15168.2 7.96563
15180.2 7.94754
15192.2 7.92949
15204.2 7.91148
15216.2 7.90871
15228.2 7.92272
15240.2 7.93684
15252.3 7.95105
15264.3 7.96534
15276.3 7.97973
15288.3 7.99421
15300.3 8.00878
15312.3 8.02344
15324.3 8.02838
15336.3 8.02937
15348.3 8.03043
15360.4 8.03155
15372.4 8.03274
15384.4 8.03398
15396.4 8.03528
15408.4 8.03665
15420.4 8.03807
15432.4 8.01732
15444.4 7.99526
15456.5 7.97321
15468.5 7.95119
15480.5 7.92918
15492.5 7.90719
15504.5 7.88522
15516.5 7.86326
15528.5 7.83542
15540.5 7.78169
15552.6 7.72793
15564.6 7.67412
15576.6 7.62028
15588.6 7.56641
15600.6 7.51249
15612.6 7.45853
15624.6 7.40454
15636.6 7.34178
15648.6 7.26687
15660.7 7.19189
15672.7 7.11684
15684.7 7.04171
15696.7 6.9665
15708.7 6.89122
15720.7 6.81586
15732.7 6.74043
15744.7 6.69318
15756.8 6.66038
15768.8 6.62757
15780.8 6.59474
15792.8 6.5619
15804.8 6.52904
15816.8 6.49616
15828.8 6.46326
15840.8 6.43035
15852.9 6.40147
15864.9 6.37306
15876.9 6.34463
15888.9 6.31618
15900.9 6.28773
15912.9 6.25926
15924.9 6.23077
15936.9 6.20228
15948.9 6.17139
15961 6.12446
15973 6.07749
15985 6.03047
15997 5.9834
16009 5.93629
16021 5.88914
16033 5.84194
16045 5.7947
16057.1 5.70964
16069.1 5.5604
16081.1 5.41097
16093.1 5.26134
16105.1 5.1115
16117.1 4.96147
16129.1 4.81123
16141.1 4.6608
16153.2 4.51016
16165.2 4.6429
16177.2 4.96128
16189.2 5.28016
16201.2 5.59953
16213.2 5.91939
16225.2 6.23975
16237.2 6.5606
16249.2 6.88194
16261.3 7.20377
16273.3 7.25167
16285.3 7.2468
16297.3 7.24194
16309.3 7.23708
16321.3 7.23223
16333.3 7.22739
16345.3 7.22255
16357.4 7.21773
16369.4 7.21291
16381.4 7.20809
16393.4 7.20328
16405.4 7.19848
16417.4 7.19368
16429.4 7.18889
16441.4 7.1841
16453.5 7.17932
16465.5 7.17454
16477.5 7.16976
16489.5 7.16499
16501.5 7.16023
16513.5 7.15547
16525.5 7.15071
16537.5 7.14595
16549.5 7.1412
16561.6 7.13645
16573.6 7.1317
16585.6 7.12696
16597.6 7.12221
16609.6 7.11747
16621.6 7.11274
16633.6 7.108
16645.6 7.10326
16657.7 7.09853
16669.7 7.0938
16681.7 7.08907
16693.7 7.08433
16705.7 7.0796
16717.7 7.07488
16729.7 7.07015
16741.7 7.06542
16753.8 7.06069
16765.8 7.05596
16777.8 7.05123
16789.8 7.0465
16801.8 7.04177
16813.8 7.03704
16825.8 7.03231
16837.8 7.02758
16849.8 7.02284
16861.9 7.01811
16873.9 7.01337
16885.9 7.00864
16897.9 7.0039
16909.9 6.99916
16921.9 6.99442
16933.9 6.98967
16945.9 6.98493
16958 6.98018
16970 6.97543
16982 6.97068
16994 6.96593
17006 6.96117
17018 6.95641
17030 6.95165
17042 6.94688
17054.1 6.94212
17066.1 6.93735
17078.1 6.93257
17090.1 6.9278
17102.1 6.92302
17114.1 6.91823
17126.1 6.91345
17138.1 6.90866
17150.2 6.90387
17162.2 6.89907
17174.2 6.89427
17186.2 6.88947
17198.2 6.88466
17210.2 6.87985
17222.2 6.87503
17234.2 6.87022
17246.2 6.86539
17258.3 6.86057
17270.3 6.85574
17282.3 6.8509
17294.3 6.84606
17306.3 6.84122
17318.3 6.83637
17330.3 6.83152
17342.3 6.82667
17354.4 6.8218
17366.4 6.81694
17378.4 6.81207
17390.4 6.8072
17402.4 6.80232
17414.4 6.79744
17426.4 6.79255
17438.4 6.78766
17450.5 6.78276
17462.5 6.77786
17474.5 6.77295
17486.5 6.76804
17498.5 6.76312
17510.5 6.7582
17522.5 6.75328
17534.5 6.74834
17546.5 6.74341
17558.6 6.73847
17570.6 6.73352
17582.6 6.72857
17594.6 6.72362
17606.6 6.71866
17618.6 6.71369
17630.6 6.70872
17642.6 6.70374
17654.7 6.69876
17666.7 6.69378
17678.7 6.68879
17690.7 6.68379
17702.7 6.67879
17714.7 6.67378
17726.7 6.66877
17738.7 6.66375
17750.8 6.65873
17762.8 6.65371
17774.8 6.64867
17786.8 6.64364
17798.8 6.63859
17810.8 6.63355
17822.8 6.62849
17834.8 6.62344
17846.8 6.61837
17858.9 6.6133
17870.9 6.60823
17882.9 6.60315
17894.9 6.59807
17906.9 6.59298
17918.9 6.58789
17930.9 6.58279
17942.9 6.57768
17955 6.57257
17967 6.56746
17979 6.56234
17991 6.55722
18003 6.55209
18015 6.54695
18027 6.54181
18039 6.53667
18051.1 6.53152
18063.1 6.52636
18075.1 6.5212
18087.1 6.51604
18099.1 6.51087
18111.1 6.5057
18123.1 6.50052
18135.1 6.49533
18147.1 6.49014
18159.2 6.48495
18171.2 6.47975
18183.2 6.47455
18195.2 6.46934
18207.2 6.46412
18219.2 6.45891
18231.2 6.45368
18243.2 6.44846
18255.3 6.44322
18267.3 6.43799
18279.3 6.43275
18291.3 6.4275
18303.3 6.42225
18315.3 6.41699
18327.3 6.41173
18339.3 6.40647
18351.4 6.4012
18363.4 6.39593
18375.4 6.39065
18387.4 6.38537
18399.4 6.38008
18411.4 6.37479
18423.4 6.36949
18435.4 6.36419
18447.4 6.35889
18459.5 6.35358
18471.5 6.34827
18483.5 6.34295
18495.5 6.33763
18507.5 6.33231
18519.5 6.32698
18531.5 6.32165
18543.5 6.31631
18555.6 6.31097
18567.6 6.30562
18579.6 6.30027
18591.6 6.29492
18603.6 6.28956
18615.6 6.2842
18627.6 6.27884
18639.6 6.27347
18651.7 6.2681
18663.7 6.26272
18675.7 6.25734
18687.7 6.25196
18699.7 6.24657
18711.7 6.24118
18723.7 6.23579
18735.7 6.23039
18747.7 6.22499
18759.8 6.21959
18771.8 6.21418
18783.8 6.20877
18795.8 6.20336
18807.8 6.19794
18819.8 6.19252
18831.8 6.1871
18843.8 6.18167
18855.9 6.17624
18867.9 6.1708
18879.9 6.16537
18891.9 6.15993
18903.9 6.15449
18915.9 6.14904
18927.9 6.14359
18939.9 6.13814
18952 6.13269
18964 6.12723
18976 6.12177
18988 6.11631
19000 6.11084
