7000 -0.405739
7012.01 -0.396668
7024.02 -0.387494
7036.04 -0.378217
7048.05 -0.368836
7060.06 -0.35935
7072.07 -0.349758
7084.08 -0.34006
7096.1 -0.330254
7108.11 -0.320341
7120.12 -0.310319
7132.13 -0.300187
7144.14 -0.289945
7156.16 -0.279592
7168.17 -0.269127
7180.18 -0.258549
7192.19 -0.247858
7204.2 -0.237052
7216.22 -0.226132
7228.23 -0.215095
7240.24 -0.203941
7252.25 -0.192669
7264.26 -0.181279
7276.28 -0.16977
7288.29 -0.15814
7300.3 -0.14639
7312.31 -0.134517
7324.32 -0.122521
7336.34 -0.110402
7348.35 -0.0981574
7360.36 -0.0857877
7372.37 -0.0732916
7384.38 -0.060668
7396.4 -0.0479163
7408.41 -0.0350353
7420.42 -0.0220242
7432.43 -0.008882
7444.44 0.00439216
7456.46 0.0177993
7468.47 0.0313403
7480.48 0.030051
7492.49 0.0173625
7504.5 0.0047259
7516.52 -0.00785782
7528.53 -0.0203877
7540.54 -0.0328628
7552.55 -0.045282
7564.56 -0.0576444
7576.58 -0.069949
7588.59 -0.0210662
7600.6 0.0431463
7612.61 0.107661
7624.62 0.172478
7636.64 0.2376
7648.65 0.303027
7660.66 0.36876
7672.67 0.4348
7684.68 0.498559
7696.7 0.499583
7708.71 0.500712
7720.72 0.501947
7732.73 0.503291
7744.74 0.504743
7756.76 0.506305
7768.77 0.507978
7780.78 0.509764
7792.79 0.524053
7804.8 0.570943
7816.82 0.618088
7828.83 0.665487
7840.84 0.713142
7852.85 0.761054
7864.86 0.809224
7876.88 0.857654
7888.89 0.906344
7900.9 0.919877
7912.91 0.899876
7924.92 0.879929
7936.94 0.860038
7948.95 0.840203
7960.96 0.820425
7972.97 0.800706
7984.98 0.781047
7997 0.76145
8009.01 0.775536
8021.02 0.801011
8033.03 0.826685
8045.05 0.85256
8057.06 0.878636
8069.07 0.904915
8081.08 0.931399
8093.09 0.958088
8105.11 0.984983
8117.12 1.00791
8129.13 1.03098
8141.14 1.05424
8153.15 1.07771
8165.17 1.10137
8177.18 1.12524
8189.19 1.14931
8201.2 1.17358
8213.21 1.20337
8225.23 1.25188
8237.24 1.30067
8249.25 1.34973
8261.26 1.39907
8273.27 1.4487
8285.29 1.49861
8297.3 1.5488
8309.31 1.59928
8321.32 1.62571
8333.33 1.6238
8345.35 1.62203
8357.36 1.6204
8369.37 1.6189
8381.38 1.61755
8393.39 1.61634
8405.41 1.61527
8417.42 1.61434
8429.43 1.64743
8441.44 1.69546
8453.45 1.74377
8465.47 1.79238
8477.48 1.84127
8489.49 1.89045
8501.5 1.93993
8513.51 1.98969
8525.53 2.03975
8537.54 2.0163
8549.55 1.9877
8561.56 1.95918
8573.57 1.93073
8585.59 1.90236
8597.6 1.87407
8609.61 1.84586
8621.62 1.81773
8633.63 1.80004
8645.65 1.83273
8657.66 1.86567
8669.67 1.89886
8681.68 1.93232
8693.69 1.96603
8705.71 1.99999
8717.72 2.03422
8729.73 2.06871
8741.74 2.10346
8753.75 2.13847
8765.77 2.17374
8777.78 2.20928
8789.79 2.24509
8801.8 2.28116
8813.81 2.3175
8825.83 2.35411
8837.84 2.39099
8849.85 2.42814
8861.86 2.46556
8873.87 2.50325
8885.89 2.54122
8897.9 2.57946
8909.91 2.61798
8921.92 2.65677
8933.93 2.69584
8945.95 2.73519
8957.96 2.77481
8969.97 2.81472
8981.98 2.8549
8993.99 2.89536
9006.01 2.93611
9018.02 2.97714
9030.03 3.01845
9042.04 3.06004
9054.05 3.10192
9066.07 3.14408
9078.08 3.18652
9090.09 3.22925
9102.1 3.27227
9114.11 3.31557
9126.13 3.35915
9138.14 3.40302
9150.15 3.44718
9162.16 3.49163
9174.17 3.53636
9186.19 3.58138
9198.2 3.62668
9210.21 3.67227
9222.22 3.71815
9234.23 3.76432
9246.25 3.81077
9258.26 3.8575
9270.27 3.90453
9282.28 3.95184
9294.29 3.99943
9306.31 4.04731
9318.32 4.09548
9330.33 4.14393
9342.34 4.19266
9354.35 4.24167
9366.37 4.29097
9378.38 4.34055
9390.39 4.3904
9402.4 4.44054
9414.41 4.49096
9426.43 4.54165
9438.44 4.59262
9450.45 4.64387
9462.46 4.69539
9474.47 4.74718
9486.49 4.79924
9498.5 4.85157
9510.51 4.90417
9522.52 4.95704
9534.53 5.01017
9546.55 5.06357
9558.56 5.11722
9570.57 5.17114
9582.58 5.22531
9594.59 5.27973
9606.61 5.33441
9618.62 5.38934
9630.63 5.44451
9642.64 5.49994
9654.65 5.5556
9666.67 5.6115
9678.68 5.66764
9690.69 5.72401
9702.7 5.78061
9714.71 5.83744
9726.73 5.8945
9738.74 5.95178
9750.75 6.00927
9762.76 6.06697
9774.77 6.12489
9786.79 6.18301
9798.8 6.24134
9810.81 6.29986
9822.82 6.35858
9834.83 6.41749
9846.85 6.47658
9858.86 6.53585
9870.87 6.5953
9882.88 6.65492
9894.89 6.71471
9906.91 6.77466
9918.92 6.83476
9930.93 6.89502
9942.94 6.95542
9954.95 7.01596
9966.97 7.07663
9978.98 7.13743
9990.99 7.19836
10003 7.2594
10015 7.32056
10027 7.38181
10039 7.44317
10051.1 7.50461
10063.1 7.56614
10075.1 7.62775
10087.1 7.68943
10099.1 7.75117
10111.1 7.81296
10123.1 7.87481
10135.1 7.93669
10147.1 7.99861
10159.2 8.06056
10171.2 8.12252
10183.2 8.18449
10195.2 8.24647
10207.2 8.30843
10219.2 8.37039
10231.2 8.43231
10243.2 8.49421
10255.3 8.55606
10267.3 8.61787
10279.3 8.67961
10291.3 8.74129
10303.3 8.80289
10315.3 8.8644
10327.3 8.92581
10339.3 8.98712
10351.4 9.04831
10363.4 9.10937
10375.4 9.1703
10387.4 9.23108
10399.4 9.29171
10411.4 9.35217
10423.4 9.41245
10435.4 9.47254
10447.4 9.53243
10459.5 9.59212
10471.5 9.65159
10483.5 9.71082
10495.5 9.76982
10507.5 9.82856
10519.5 9.88703
10531.5 9.94524
10543.5 10.0032
10555.6 10.0608
10567.6 10.1181
10579.6 10.1751
10591.6 10.2317
10603.6 10.2881
10615.6 10.344
10627.6 10.3996
10639.6 10.4548
10651.7 10.5097
10663.7 10.5641
10675.7 10.6181
10687.7 10.6717
10699.7 10.7249
10711.7 10.7776
10723.7 10.8298
10735.7 10.8816
10747.7 10.9329
10759.8 10.9837
10771.8 11.034
10783.8 11.0838
10795.8 11.1331
10807.8 11.1818
10819.8 11.2299
10831.8 11.2776
10843.8 11.3246
10855.9 11.371
10867.9 11.4169
10879.9 11.4621
10891.9 11.5068
10903.9 11.5508
10915.9 11.5941
10927.9 11.6369
10939.9 11.6789
10952 11.7203
10964 11.761
10976 11.8011
10988 11.8404
11000 11.879
11012 11.9169
11024 11.9541
11036 11.9905
11048 12.0262
11060.1 12.0611
11072.1 12.0953
11084.1 12.1287
11096.1 12.1613
11108.1 12.1886
11120.1 12.2003
11132.1 12.2111
11144.1 12.2211
11156.2 12.2302
11168.2 12.2384
11180.2 12.2458
11192.2 12.2523
11204.2 12.2579
11216.2 12.2907
11228.2 12.3536
11240.2 12.4157
11252.3 12.477
11264.3 12.5376
11276.3 12.5974
11288.3 12.6563
11300.3 12.7145
11312.3 12.7718
11324.3 12.8028
11336.3 12.8224
11348.3 12.8412
11360.4 12.859
11372.4 12.8759
11384.4 12.892
11396.4 12.9071
11408.4 12.9213
11420.4 12.9347
11432.4 12.9647
11444.4 12.995
11456.5 13.0244
11468.5 13.0529
11480.5 13.0806
11492.5 13.1074
11504.5 13.1333
11516.5 13.1583
11528.5 13.1812
11540.5 13.1977
11552.6 13.2133
11564.6 13.228
11576.6 13.2418
11588.6 13.2548
11600.6 13.2668
11612.6 13.278
11624.6 13.2884
11636.6 13.2981
11648.6 13.3072
11660.7 13.3155
11672.7 13.3229
11684.7 13.3295
11696.7 13.3352
11708.7 13.3401
11720.7 13.3442
11732.7 13.3475
11744.7 13.3407
11756.8 13.3284
11768.8 13.3153
11780.8 13.3014
11792.8 13.2866
11804.8 13.271
11816.8 13.2546
11828.8 13.2374
11840.8 13.2193
11852.9 13.157
11864.9 13.0886
11876.9 13.0194
11888.9 12.9493
11900.9 12.8784
11912.9 12.8066
11924.9 12.734
11936.9 12.6605
11948.9 12.5941
11961 12.5806
11973 12.5664
11985 12.5515
11997 12.5359
12009 12.5197
12021 12.5028
12033 12.4853
12045 12.4672
12057.1 12.4432
12069.1 12.4098
12081.1 12.3757
12093.1 12.341
12105.1 12.3057
12117.1 12.2699
12129.1 12.2334
12141.1 12.1963
12153.2 12.1587
12165.2 12.0909
12177.2 12.0031
12189.2 11.9146
12201.2 11.8255
12213.2 11.7358
12225.2 11.6455
12237.2 11.5546
12249.2 11.4631
12261.3 11.3711
12273.3 11.3399
12285.3 11.3201
12297.3 11.2999
12309.3 11.2794
12321.3 11.2584
12333.3 11.2371
12345.3 11.2155
12357.4 11.1934
12369.4 11.17
12381.4 11.1339
12393.4 11.0975
12405.4 11.0607
12417.4 11.0236
12429.4 10.9862
12441.4 10.9484
12453.5 10.9104
12465.5 10.8721
12477.5 10.8102
12489.5 10.697
12501.5 10.5835
12513.5 10.4695
12525.5 10.3552
12537.5 10.2405
12549.5 10.1254
12561.6 10.01
12573.6 9.89419
12585.6 9.83209
12597.6 9.81286
12609.6 9.79348
12621.6 9.77397
12633.6 9.75435
12645.6 9.73461
12657.7 9.71477
12669.7 9.69482
12681.7 9.6748
12693.7 9.57714
12705.7 9.45868
12717.7 9.33996
12729.7 9.221
12741.7 9.10181
12753.8 8.98239
12765.8 8.86274
12777.8 8.74288
12789.8 8.62395
12801.8 8.55063
12813.8 8.4772
12825.8 8.40368
12837.8 8.33006
12849.8 8.25636
12861.9 8.18258
12873.9 8.10872
12885.9 8.0348
12897.9 7.96677
12909.9 7.91511
12921.9 7.86344
12933.9 7.81176
12945.9 7.7601
12958 7.70844
12970 7.6568
12982 7.60518
12994 7.55359
13006 7.47619
13018 7.37292
13030 7.26961
13042 7.16624
13054.1 7.06282
13066.1 6.95937
13078.1 6.85588
13090.1 6.75237
13102.1 6.64882
13114.1 6.60979
13126.1 6.59429
13138.1 6.57894
13150.2 6.56375
13162.2 6.5487
13174.2 6.53382
13186.2 6.5191
13198.2 6.50455
13210.2 6.49016
13222.2 6.43256
13234.2 6.37398
13246.2 6.3155
13258.3 6.25712
13270.3 6.19885
13282.3 6.14069
13294.3 6.08264
13306.3 6.02471
13318.3 5.97074
13330.3 5.93139
13342.3 5.8922
13354.4 5.85316
13366.4 5.81429
13378.4 5.77559
13390.4 5.73704
13402.4 5.69867
13414.4 5.66047
13426.4 5.62893
13438.4 5.60572
13450.5 5.58272
13462.5 5.55992
13474.5 5.53732
13486.5 5.51494
13498.5 5.49277
13510.5 5.47081
13522.5 5.44906
13534.5 5.40733
13546.5 5.3565
13558.6 5.30584
13570.6 5.25535
13582.6 5.20503
13594.6 5.15488
13606.6 5.1049
13618.6 5.05509
13630.6 5.00546
13642.6 4.95145
13654.7 4.89721
13666.7 4.84313
13678.7 4.78923
13690.7 4.7355
13702.7 4.68194
13714.7 4.62855
13726.7 4.57534
13738.7 4.52339
13750.8 4.47729
13762.8 4.43139
13774.8 4.38567
13786.8 4.34014
13798.8 4.2948
13810.8 4.24965
13822.8 4.20469
13834.8 4.15992
13846.8 4.10955
13858.9 4.05051
13870.9 3.99163
13882.9 3.93292
13894.9 3.87438
13906.9 3.816
13918.9 3.75779
13930.9 3.69974
13942.9 3.64187
13955 3.59655
13967 3.55874
13979 3.52113
13991 3.48373
14003 3.44652
14015 3.40952
14027 3.37272
14039 3.33612
14051.1 3.29972
14063.1 3.27221
14075.1 3.24621
14087.1 3.22043
14099.1 3.19486
14111.1 3.16952
14123.1 3.14439
14135.1 3.11948
14147.1 3.09478
14159.2 3.07111
14171.2 3.05455
14183.2 3.03822
14195.2 3.02213
14207.2 3.00626
14219.2 2.99061
14231.2 2.9752
14243.2 2.96001
14255.3 2.94505
14267.3 2.92636
14279.3 2.90014
14291.3 2.87413
14303.3 2.84832
14315.3 2.82272
14327.3 2.79732
14339.3 2.77213
14351.4 2.74714
14363.4 2.72235
14375.4 2.68364
14387.4 2.63489
14399.4 2.5863
14411.4 2.53787
14423.4 2.4896
14435.4 2.44149
14447.4 2.39354
14459.5 2.34575
14471.5 2.29811
14483.5 2.2619
14495.5 2.22842
14507.5 2.19513
14519.5 2.16202
14531.5 2.12908
14543.5 2.09632
14555.6 2.06373
14567.6 2.03132
14579.6 1.99859
14591.6 1.95786
14603.6 1.91729
14615.6 1.87688
14627.6 1.83663
14639.6 1.79653
14651.7 1.75659
14663.7 1.7168
14675.7 1.67717
14687.7 1.63844
14699.7 1.6017
14711.7 1.56511
14723.7 1.52868
14735.7 1.49241
14747.7 1.45629
14759.8 1.42032
14771.8 1.38451
14783.8 1.34885
14795.8 1.32211
14807.8 1.30349
14819.8 1.28505
14831.8 1.26679
14843.8 1.2487
14855.9 1.23079
14867.9 1.21306
14879.9 1.1955
14891.9 1.17811
14903.9 1.15949
14915.9 1.14061
14927.9 1.1219
14939.9 1.10336
14952 1.08499
14964 1.06678
14976 1.04873
14988 1.03085
15000 1.01314
15012 0.98607
15024 0.95915
15036 0.932377
15048 0.90575
15060.1 0.879267
15072.1 0.852928
15084.1 0.826733
15096.1 0.800681
15108.1 0.767532
15120.1 0.710766
15132.1 0.654092
15144.1 0.597509
15156.2 0.541016
15168.2 0.484611
15180.2 0.428296
15192.2 0.372068
15204.2 0.315927
15216.2 0.258813
15228.2 0.200616
15240.2 0.1425
15252.3 0.0844654
15264.3 0.0265104
15276.3 -0.0313652
15288.3 -0.089162
15300.3 -0.146881
15312.3 -0.204523
15324.3 -0.230681
15336.3 -0.243855
15348.3 -0.256885
15360.4 -0.26977
15372.4 -0.282512
15384.4 -0.295111
15396.4 -0.307569
15408.4 -0.319885
15420.4 -0.332061
15432.4 -0.391839
15444.4 -0.454416
15456.5 -0.516935
15468.5 -0.579393
15480.5 -0.641794
15492.5 -0.704136
15504.5 -0.766422
15516.5 -0.828651
15528.5 -0.888969
15540.5 -0.941085
15552.6 -0.99313
15564.6 -1.04511
15576.6 -1.09701
15588.6 -1.14885
15600.6 -1.20062
15612.6 -1.25233
15624.6 -1.30396
15636.6 -1.34193
15648.6 -1.36095
15660.7 -1.37986
15672.7 -1.39865
15684.7 -1.41733
15696.7 -1.4359
15708.7 -1.45436
15720.7 -1.4727
15732.7 -1.49094
15744.7 -1.51081
15756.8 -1.53147
15768.8 -1.55203
15780.8 -1.57248
15792.8 -1.59283
15804.8 -1.61308
15816.8 -1.63322
15828.8 -1.65326
15840.8 -1.6732
15852.9 -1.73846
15864.9 -1.80901
15876.9 -1.87953
15888.9 -1.95003
15900.9 -2.02051
15912.9 -2.09097
15924.9 -2.1614
15936.9 -2.23182
15948.9 -2.30105
15961 -2.36238
15973 -2.42368
15985 -2.48495
15997 -2.54619
16009 -2.6074
16021 -2.66857
16033 -2.72972
16045 -2.79084
16057.1 -2.84713
16069.1 -2.89526
16081.1 -2.94334
16093.1 -2.99137
16105.1 -3.03936
16117.1 -3.0873
16129.1 -3.1352
16141.1 -3.18305
16153.2 -3.23086
16165.2 -3.2003
16177.2 -3.11838
16189.2 -3.03622
16201.2 -2.95382
16213.2 -2.87119
16225.2 -2.78833
16237.2 -2.70523
16249.2 -2.62191
16261.3 -2.53835
16273.3 -2.54288
16285.3 -2.56432
16297.3 -2.58568
16309.3 -2.60698
16321.3 -2.62819
16333.3 -2.64933
16345.3 -2.6704
16357.4 -2.6914
16369.4 -2.71232
16381.4 -2.73318
16393.4 -2.75395
16405.4 -2.77466
16417.4 -2.7953
16429.4 -2.81587
16441.4 -2.83636
16453.5 -2.85679
16465.5 -2.87715
16477.5 -2.89744
16489.5 -2.91766
16501.5 -2.93781
16513.5 -2.9579
16525.5 -2.97792
16537.5 -2.99787
16549.5 -3.01775
16561.6 -3.03757
16573.6 -3.05732
16585.6 -3.07701
16597.6 -3.09663
16609.6 -3.11619
16621.6 -3.13569
16633.6 -3.15512
16645.6 -3.17448
16657.7 -3.19379
16669.7 -3.21303
16681.7 -3.23221
16693.7 -3.25133
16705.7 -3.27038
16717.7 -3.28938
16729.7 -3.30831
16741.7 -3.32719
16753.8 -3.346
16765.8 -3.36476
16777.8 -3.38345
16789.8 -3.40209
16801.8 -3.42067
16813.8 -3.43919
16825.8 -3.45765
16837.8 -3.47605
16849.8 -3.4944
16861.9 -3.51269
16873.9 -3.53092
16885.9 -3.54909
16897.9 -3.56722
16909.9 -3.58528
16921.9 -3.60329
16933.9 -3.62124
16945.9 -3.63914
16958 -3.65699
16970 -3.67478
16982 -3.69252
16994 -3.7102
17006 -3.72783
17018 -3.74541
17030 -3.76294
17042 -3.78041
17054.1 -3.79784
17066.1 -3.81521
17078.1 -3.83252
17090.1 -3.84979
17102.1 -3.86701
17114.1 -3.88418
17126.1 -3.90129
17138.1 -3.91836
17150.2 -3.93538
17162.2 -3.95235
17174.2 -3.96927
17186.2 -3.98614
17198.2 -4.00296
17210.2 -4.01973
17222.2 -4.03646
17234.2 -4.05314
17246.2 -4.06977
17258.3 -4.08635
17270.3 -4.10289
17282.3 -4.11938
17294.3 -4.13583
17306.3 -4.15223
17318.3 -4.16858
17330.3 -4.18489
17342.3 -4.20115
17354.4 -4.21737
17366.4 -4.23354
17378.4 -4.24967
17390.4 -4.26575
17402.4 -4.28179
17414.4 -4.29779
17426.4 -4.31374
17438.4 -4.32965
17450.5 -4.34552
17462.5 -4.36134
17474.5 -4.37712
17486.5 -4.39286
17498.5 -4.40856
17510.5 -4.42421
17522.5 -4.43983
17534.5 -4.4554
17546.5 -4.47093
17558.6 -4.48642
17570.6 -4.50187
17582.6 -4.51728
17594.6 -4.53265
17606.6 -4.54798
17618.6 -4.56327
17630.6 -4.57852
17642.6 -4.59373
17654.7 -4.6089
17666.7 -4.62403
17678.7 -4.63913
17690.7 -4.65418
17702.7 -4.6692
17714.7 -4.68418
17726.7 -4.69912
17738.7 -4.71403
17750.8 -4.72889
17762.8 -4.74372
17774.8 -4.75851
17786.8 -4.77327
17798.8 -4.78799
17810.8 -4.80267
17822.8 -4.81732
17834.8 -4.83193
17846.8 -4.8465
17858.9 -4.86104
17870.9 -4.87554
17882.9 -4.89001
17894.9 -4.90444
17906.9 -4.91884
17918.9 -4.9332
17930.9 -4.94753
17942.9 -4.96183
17955 -4.97609
17967 -4.99031
17979 -5.0045
17991 -5.01866
18003 -5.03279
18015 -5.04688
18027 -5.06094
18039 -5.07497
18051.1 -5.08896
18063.1 -5.10292
18075.1 -5.11685
18087.1 -5.13075
18099.1 -5.14461
18111.1 -5.15844
18123.1 -5.17224
18135.1 -5.18601
18147.1 -5.19975
18159.2 -5.21346
18171.2 -5.22713
18183.2 -5.24078
18195.2 -5.25439
18207.2 -5.26797
18219.2 -5.28153
18231.2 -5.29505
18243.2 -5.30854
18255.3 -5.322
18267.3 -5.33544
18279.3 -5.34884
18291.3 -5.36221
18303.3 -5.37556
18315.3 -5.38887
18327.3 -5.40216
18339.3 -5.41542
18351.4 -5.42864
18363.4 -5.44184
18375.4 -5.45502
18387.4 -5.46816
18399.4 -5.48127
18411.4 -5.49436
18423.4 -5.50742
18435.4 -5.52045
18447.4 -5.53345
18459.5 -5.54643
18471.5 -5.55938
18483.5 -5.5723
18495.5 -5.5852
18507.5 -5.59806
18519.5 -5.61091
18531.5 -5.62372
18543.5 -5.63651
18555.6 -5.64927
18567.6 -5.662
18579.6 -5.67471
18591.6 -5.6874
18603.6 -5.70005
18615.6 -5.71269
18627.6 -5.72529
18639.6 -5.73787
18651.7 -5.75043
18663.7 -5.76296
18675.7 -5.77546
18687.7 -5.78794
18699.7 -5.8004
18711.7 -5.81283
18723.7 -5.82523
18735.7 -5.83761
18747.7 -5.84997
18759.8 -5.8623
18771.8 -5.87461
18783.8 -5.88689
18795.8 -5.89915
18807.8 -5.91139
18819.8 -5.9236
18831.8 -5.93579
18843.8 -5.94796
18855.9 -5.9601
18867.9 -5.97222
18879.9 -5.98432
18891.9 -5.99639
18903.9 -6.00844
18915.9 -6.02047
18927.9 -6.03247
18939.9 -6.04445
18952 -6.05641
18964 -6.06835
18976 -6.08026
18988 -6.09216
19000 -6.10403
