7000 -22.2081
7012.01 -22.1884
7024.02 -22.1639
7036.04 -22.1348
7048.05 -22.1011
7060.06 -22.0629
7072.07 -22.0202
7084.08 -21.9731
7096.1 -21.9216
7108.11 -21.8659
7120.12 -21.8059
7132.13 -21.7419
7144.14 -21.6738
7156.16 -21.6018
7168.17 -21.526
7180.18 -21.4463
7192.19 -21.3631
7204.2 -21.2762
7216.22 -21.1859
7228.23 -21.0923
7240.24 -20.9954
7252.25 -20.8953
7264.26 -20.7922
7276.28 -20.6861
7288.29 -20.5772
7300.3 -20.4656
7312.31 -20.3514
7324.32 -20.2347
7336.34 -20.1155
7348.35 -19.9941
7360.36 -19.8705
7372.37 -19.7448
7384.38 -19.6171
7396.4 -19.4875
7408.41 -19.3562
7420.42 -19.2232
7432.43 -19.0886
7444.44 -18.9525
7456.46 -18.8151
7468.47 -18.6764
7480.48 -18.5071
7492.49 -18.3142
7504.5 -18.12
7516.52 -17.9248
7528.53 -17.7285
7540.54 -17.5314
7552.55 -17.3334
7564.56 -17.1346
7576.58 -16.9351
7588.59 -16.8143
7600.6 -16.7129
7612.61 -16.6112
7624.62 -16.5095
7636.64 -16.4077
7648.65 -16.3059
7660.66 -16.2043
7672.67 -16.1027
7684.68 -16
7696.7 -15.8644
7708.71 -15.7289
7720.72 -15.5937
7732.73 -15.4588
7744.74 -15.3242
7756.76 -15.19
7768.77 -15.0562
7780.78 -14.9229
7792.79 -14.7913
7804.8 -14.6636
7816.82 -14.5366
7828.83 -14.4101
7840.84 -14.2842
7852.85 -14.159
7864.86 -14.0345
7876.88 -13.9107
7888.89 -13.7877
7900.9 -13.6578
7912.91 -13.5214
7924.92 -13.3858
7936.94 -13.251
7948.95 -13.1169
7960.96 -12.9836
7972.97 -12.8512
7984.98 -12.7195
7997 -12.5887
8009.01 -12.4479
8021.02 -12.3043
8033.03 -12.1615
8045.05 -12.0196
8057.06 -11.8784
8069.07 -11.7381
8081.08 -11.5987
8093.09 -11.46
8105.11 -11.3222
8117.12 -11.2331
8129.13 -11.1456
8141.14 -11.0591
8153.15 -10.9736
8165.17 -10.8891
8177.18 -10.8055
8189.19 -10.7229
8201.2 -10.6413
8213.21 -10.5228
8225.23 -10.2734
8237.24 -10.0244
8249.25 -9.77594
8261.26 -9.52789
8273.27 -9.2803
8285.29 -9.03315
8297.3 -8.78645
8309.31 -8.54017
8321.32 -8.38637
8333.33 -8.34126
8345.35 -8.29714
8357.36 -8.25399
8369.37 -8.21182
8381.38 -8.1706
8393.39 -8.13034
8405.41 -8.09102
8417.42 -8.05264
8429.43 -7.82968
8441.44 -7.52657
8453.45 -7.22361
8465.47 -6.92078
8477.48 -6.61809
8489.49 -6.31551
8501.5 -6.01304
8513.51 -5.71066
8525.53 -5.40837
8537.54 -5.49843
8549.55 -5.61748
8561.56 -5.73776
8573.57 -5.85926
8585.59 -5.98199
8597.6 -6.10591
8609.61 -6.23102
8621.62 -6.35732
8633.63 -6.44707
8645.65 -6.35477
8657.66 -6.26301
8669.67 -6.17176
8681.68 -6.08102
8693.69 -5.99079
8705.71 -5.90104
8717.72 -5.81176
8729.73 -5.72295
8741.74 -5.6346
8753.75 -5.54668
8765.77 -5.4592
8777.78 -5.37213
8789.79 -5.28547
8801.8 -5.19921
8813.81 -5.11333
8825.83 -5.02782
8837.84 -4.94267
8849.85 -4.85787
8861.86 -4.77341
8873.87 -4.68928
8885.89 -4.60545
8897.9 -4.52193
8909.91 -4.4387
8921.92 -4.35575
8933.93 -4.27307
8945.95 -4.19064
8957.96 -4.10846
8969.97 -4.02651
8981.98 -3.94478
8993.99 -3.86326
9006.01 -3.78193
9018.02 -3.70079
9030.03 -3.61983
9042.04 -3.53903
9054.05 -3.45837
9066.07 -3.37786
9078.08 -3.29747
9090.09 -3.21719
9102.1 -3.13702
9114.11 -3.05694
9126.13 -2.97693
9138.14 -2.897
9150.15 -2.81712
9162.16 -2.73728
9174.17 -2.65747
9186.19 -2.57768
9198.2 -2.4979
9210.21 -2.41811
9222.22 -2.3383
9234.23 -2.25846
9246.25 -2.17859
9258.26 -2.09865
9270.27 -2.01865
9282.28 -1.93857
9294.29 -1.8584
9306.31 -1.77812
9318.32 -1.69773
9330.33 -1.6172
9342.34 -1.53654
9354.35 -1.45572
9366.37 -1.37473
9378.38 -1.29356
9390.39 -1.21219
9402.4 -1.13062
9414.41 -1.04883
9426.43 -0.966808
9438.44 -0.884537
9450.45 -0.802006
9462.46 -0.719202
9474.47 -0.636112
9486.49 -0.55272
9498.5 -0.469015
9510.51 -0.384983
9522.52 -0.300608
9534.53 -0.215878
9546.55 -0.130778
9558.56 -0.0452951
9570.57 0.0405863
9582.58 0.12688
9594.59 0.2136
9606.61 0.300762
9618.62 0.388379
9630.63 0.476467
9642.64 0.56504
9654.65 0.654114
9666.67 0.743703
9678.68 0.833823
9690.69 0.924488
9702.7 1.01571
9714.71 1.10752
9726.73 1.19991
9738.74 1.29291
9750.75 1.38654
9762.76 1.4808
9774.77 1.57573
9786.79 1.67132
9798.8 1.7676
9810.81 1.86458
9822.82 1.96228
9834.83 2.06072
9846.85 2.15991
9858.86 2.25988
9870.87 2.36063
9882.88 2.46218
9894.89 2.56455
9906.91 2.66776
9918.92 2.77182
9930.93 2.87675
9942.94 2.98257
9954.95 3.0893
9966.97 3.19695
9978.98 3.30553
9990.99 3.41507
10003 3.52559
10015 3.6371
10027 3.74961
10039 3.86315
10051.1 3.97774
10063.1 4.09338
10075.1 4.21009
10087.1 4.32791
10099.1 4.44683
10111.1 4.56687
10123.1 4.68806
10135.1 4.81041
10147.1 4.93394
10159.2 5.05865
10171.2 5.18458
10183.2 5.31172
10195.2 5.44011
10207.2 5.56975
10219.2 5.70066
10231.2 5.83285
10243.2 5.96633
10255.3 6.10113
10267.3 6.23725
10279.3 6.3747
10291.3 6.5135
10303.3 6.65367
10315.3 6.7952
10327.3 6.93811
10339.3 7.08241
10351.4 7.22812
10363.4 7.37523
10375.4 7.52375
10387.4 7.6737
10399.4 7.82507
10411.4 7.97787
10423.4 8.13211
10435.4 8.28778
10447.4 8.44489
10459.5 8.60344
10471.5 8.76343
10483.5 8.92485
10495.5 9.0877
10507.5 9.25198
10519.5 9.41767
10531.5 9.58477
10543.5 9.75327
10555.6 9.92315
10567.6 10.0944
10579.6 10.267
10591.6 10.441
10603.6 10.6162
10615.6 10.7928
10627.6 10.9706
10639.6 11.1497
10651.7 11.3299
10663.7 11.5114
10675.7 11.694
10687.7 11.8777
10699.7 12.0625
10711.7 12.2483
10723.7 12.4351
10735.7 12.6228
10747.7 12.8114
10759.8 13.0008
10771.8 13.1909
10783.8 13.3818
10795.8 13.5733
10807.8 13.7653
10819.8 13.9579
10831.8 14.1509
10843.8 14.3442
10855.9 14.5378
10867.9 14.7315
10879.9 14.9253
10891.9 15.1191
10903.9 15.3128
10915.9 15.5063
10927.9 15.6994
10939.9 15.8921
10952 16.0843
10964 16.2759
10976 16.4666
10988 16.6565
11000 16.8454
11012 17.0331
11024 17.2195
11036 17.4046
11048 17.5881
11060.1 17.7699
11072.1 17.9498
11084.1 18.1279
11096.1 18.3038
11108.1 18.4774
11120.1 18.6487
11132.1 18.8174
11144.1 18.9834
11156.2 19.1465
11168.2 19.3067
11180.2 19.4637
11192.2 19.6174
11204.2 19.7677
11216.2 19.9144
11228.2 20.0574
11240.2 20.1965
11252.3 20.3316
11264.3 20.4626
11276.3 20.5892
11288.3 20.7115
11300.3 20.8292
11312.3 20.9423
11324.3 21.0506
11336.3 21.154
11348.3 21.2524
11360.4 21.3457
11372.4 21.4338
11384.4 21.5166
11396.4 21.5941
11408.4 21.6661
11420.4 21.7326
11432.4 21.7936
11444.4 21.8489
11456.5 21.8986
11468.5 21.9425
11480.5 21.9808
11492.5 22.0132
11504.5 22.0399
11516.5 22.0608
11528.5 22.0759
11540.5 22.0852
11552.6 22.0888
11564.6 22.0867
11576.6 22.0788
11588.6 22.0654
11600.6 22.0463
11612.6 22.0216
11624.6 21.9915
11636.6 21.9559
11648.6 21.915
11660.7 21.8689
11672.7 21.8176
11684.7 21.7612
11696.7 21.6998
11708.7 21.6336
11720.7 21.5626
11732.7 21.4869
11744.7 21.4068
11756.8 21.3222
11768.8 21.2334
11780.8 21.1404
11792.8 21.0434
11804.8 20.9425
11816.8 20.8378
11828.8 20.7296
11840.8 20.6179
11852.9 20.5028
11864.9 20.3846
11876.9 20.2633
11888.9 20.1391
11900.9 20.0122
11912.9 19.8826
11924.9 19.7505
11936.9 19.6161
11948.9 19.4794
11961 19.3407
11973 19.2001
11985 19.0576
11997 18.9135
12009 18.7678
12021 18.6206
12033 18.4722
12045 18.3225
12057.1 18.1718
12069.1 18.0202
12081.1 17.8677
12093.1 17.7144
12105.1 17.5605
12117.1 17.4061
12129.1 17.2513
12141.1 17.0961
12153.2 16.9407
12165.2 16.7851
12177.2 16.6294
12189.2 16.4738
12201.2 16.3183
12213.2 16.1629
12225.2 16.0077
12237.2 15.8529
12249.2 15.6985
12261.3 15.5444
12273.3 15.3909
12285.3 15.238
12297.3 15.0856
12309.3 14.934
12321.3 14.783
12333.3 14.6328
12345.3 14.4835
12357.4 14.3349
12369.4 14.1873
12381.4 14.0406
12393.4 13.8948
12405.4 13.75
12417.4 13.6063
12429.4 13.4636
12441.4 13.322
12453.5 13.1815
12465.5 13.0421
12477.5 12.9038
12489.5 12.7667
12501.5 12.6308
12513.5 12.4961
12525.5 12.3626
12537.5 12.2303
12549.5 12.0992
12561.6 11.9694
12573.6 11.8408
12585.6 11.7134
12597.6 11.5874
12609.6 11.4626
12621.6 11.339
12633.6 11.2167
12645.6 11.0957
12657.7 10.976
12669.7 10.8576
12681.7 10.7404
12693.7 10.6244
12705.7 10.5098
12717.7 10.3964
12729.7 10.2843
12741.7 10.1734
12753.8 10.0637
12765.8 9.95536
12777.8 9.8482
12789.8 9.74228
12801.8 9.63757
12813.8 9.53409
12825.8 9.43181
12837.8 9.33072
12849.8 9.23083
12861.9 9.13212
12873.9 9.03458
12885.9 8.9382
12897.9 8.84298
12909.9 8.7489
12921.9 8.65594
12933.9 8.56412
12945.9 8.4734
12958 8.38378
12970 8.29526
12982 8.20781
12994 8.12143
13006 8.03611
13018 7.95184
13030 7.8686
13042 7.78638
13054.1 7.70518
13066.1 7.62497
13078.1 7.54576
13090.1 7.46753
13102.1 7.39026
13114.1 7.31395
13126.1 7.23859
13138.1 7.16415
13150.2 7.09064
13162.2 7.01805
13174.2 6.94635
13186.2 6.87554
13198.2 6.80561
13210.2 6.73654
13222.2 6.66834
13234.2 6.60098
13246.2 6.53445
13258.3 6.46875
13270.3 6.40386
13282.3 6.33977
13294.3 6.27648
13306.3 6.21397
13318.3 6.15223
13330.3 6.09125
13342.3 6.03103
13354.4 5.97155
13366.4 5.9128
13378.4 5.85477
13390.4 5.79746
13402.4 5.74085
13414.4 5.68493
13426.4 5.6297
13438.4 5.57515
13450.5 5.52126
13462.5 5.46803
13474.5 5.41544
13486.5 5.3635
13498.5 5.31219
13510.5 5.2615
13522.5 5.21143
13534.5 5.16196
13546.5 5.11309
13558.6 5.0648
13570.6 5.0171
13582.6 4.96998
13594.6 4.92341
13606.6 4.87741
13618.6 4.83196
13630.6 4.78705
13642.6 4.74267
13654.7 4.69882
13666.7 4.6555
13678.7 4.61268
13690.7 4.57038
13702.7 4.52857
13714.7 4.48725
13726.7 4.44643
13738.7 4.40608
13750.8 4.3662
13762.8 4.32679
13774.8 4.28784
13786.8 4.24934
13798.8 4.2113
13810.8 4.17369
13822.8 4.13652
13834.8 4.09977
13846.8 4.06346
13858.9 4.02755
13870.9 3.99206
13882.9 3.95698
13894.9 3.9223
13906.9 3.88802
13918.9 3.85412
13930.9 3.82061
13942.9 3.78748
13955 3.75472
13967 3.72234
13979 3.69031
13991 3.65865
14003 3.62734
14015 3.59639
14027 3.56577
14039 3.5355
14051.1 3.50557
14063.1 3.47596
14075.1 3.44669
14087.1 3.41774
14099.1 3.3891
14111.1 3.36078
14123.1 3.33277
14135.1 3.30507
14147.1 3.27767
14159.2 3.25056
14171.2 3.22376
14183.2 3.19724
14195.2 3.171
14207.2 3.14506
14219.2 3.11939
14231.2 3.09399
14243.2 3.06887
14255.3 3.04401
14267.3 3.01942
14279.3 2.9951
14291.3 2.97103
14303.3 2.94721
14315.3 2.92365
14327.3 2.90033
14339.3 2.87726
14351.4 2.85443
14363.4 2.83184
14375.4 2.80948
14387.4 2.78736
14399.4 2.76547
14411.4 2.7438
14423.4 2.72236
14435.4 2.70114
14447.4 2.68014
14459.5 2.65935
14471.5 2.63878
14483.5 2.61841
14495.5 2.59826
14507.5 2.5783
14519.5 2.55856
14531.5 2.53901
14543.5 2.51965
14555.6 2.5005
14567.6 2.48153
14579.6 2.46276
14591.6 2.44417
14603.6 2.42577
14615.6 2.40755
14627.6 2.38951
14639.6 2.37165
14651.7 2.35397
14663.7 2.33646
14675.7 2.31913
14687.7 2.30196
14699.7 2.28496
14711.7 2.26813
14723.7 2.25146
14735.7 2.23496
14747.7 2.21861
14759.8 2.20242
14771.8 2.18639
14783.8 2.17051
14795.8 2.15479
14807.8 2.13922
14819.8 2.12379
14831.8 2.10851
14843.8 2.09338
14855.9 2.07839
14867.9 2.06355
14879.9 2.04884
14891.9 2.03427
14903.9 2.01984
14915.9 2.00555
14927.9 1.99139
14939.9 1.97736
14952 1.96346
14964 1.9497
14976 1.93605
14988 1.92254
15000 1.90915
15012 1.89589
15024 1.88274
15036 1.86972
15048 1.85681
15060.1 1.84403
15072.1 1.83136
15084.1 1.8188
15096.1 1.80636
15108.1 1.79404
15120.1 1.78182
15132.1 1.76971
15144.1 1.75772
15156.2 1.74583
15168.2 1.73404
15180.2 1.72237
15192.2 1.71079
15204.2 1.69932
15216.2 1.68795
15228.2 1.67668
15240.2 1.66551
15252.3 1.65444
15264.3 1.64347
15276.3 1.63259
15288.3 1.62181
15300.3 1.61112
15312.3 1.60053
15324.3 1.59003
15336.3 1.57962
15348.3 1.5693
15360.4 1.55907
15372.4 1.54892
15384.4 1.53887
15396.4 1.5289
15408.4 1.51901
15420.4 1.50921
15432.4 1.4995
15444.4 1.48986
15456.5 1.48031
15468.5 1.47084
15480.5 1.46145
15492.5 1.45214
15504.5 1.44291
15516.5 1.43375
15528.5 1.42467
15540.5 1.41567
15552.6 1.40674
15564.6 1.39789
15576.6 1.38911
15588.6 1.3804
15600.6 1.37177
15612.6 1.36321
15624.6 1.35471
15636.6 1.34629
15648.6 1.33794
15660.7 1.32965
15672.7 1.32144
15684.7 1.31329
15696.7 1.3052
15708.7 1.29719
15720.7 1.28923
15732.7 1.28134
15744.7 1.27352
15756.8 1.26576
15768.8 1.25806
15780.8 1.25042
15792.8 1.24284
15804.8 1.23533
15816.8 1.22787
15828.8 1.22048
15840.8 1.21314
15852.9 1.20586
15864.9 1.19864
15876.9 1.19147
15888.9 1.18436
15900.9 1.17731
15912.9 1.17031
15924.9 1.16337
15936.9 1.15648
15948.9 1.14965
15961 1.14287
15973 1.13614
15985 1.12946
15997 1.12284
16009 1.11627
16021 1.10974
16033 1.10327
16045 1.09685
16057.1 1.09048
16069.1 1.08415
16081.1 1.07788
16093.1 1.07165
16105.1 1.06547
16117.1 1.05933
16129.1 1.05324
16141.1 1.0472
16153.2 1.04121
16165.2 1.03526
16177.2 1.02935
16189.2 1.02349
16201.2 1.01767
16213.2 1.0119
16225.2 1.00616
16237.2 1.00048
16249.2 0.99483
16261.3 0.989225
16273.3 0.983662
16285.3 0.978141
16297.3 0.97266
16309.3 0.967219
16321.3 0.961818
16333.3 0.956457
16345.3 0.951135
16357.4 0.945852
16369.4 0.940608
16381.4 0.935402
16393.4 0.930233
16405.4 0.925103
16417.4 0.920009
16429.4 0.914952
16441.4 0.909932
16453.5 0.904947
16465.5 0.899999
16477.5 0.895086
16489.5 0.890208
16501.5 0.885365
16513.5 0.880557
16525.5 0.875783
16537.5 0.871043
16549.5 0.866336
16561.6 0.861663
16573.6 0.857023
16585.6 0.852416
16597.6 0.847841
16609.6 0.843298
16621.6 0.838787
16633.6 0.834308
16645.6 0.82986
16657.7 0.825443
16669.7 0.821057
16681.7 0.816702
16693.7 0.812376
16705.7 0.808081
16717.7 0.803816
16729.7 0.799579
16741.7 0.795373
16753.8 0.791195
16765.8 0.787045
16777.8 0.782925
16789.8 0.778832
16801.8 0.774768
16813.8 0.770731
16825.8 0.766722
16837.8 0.76274
16849.8 0.758785
16861.9 0.754856
16873.9 0.750955
16885.9 0.74708
16897.9 0.743231
16909.9 0.739407
16921.9 0.73561
16933.9 0.731838
16945.9 0.728091
16958 0.724369
16970 0.720672
16982 0.717
16994 0.713352
17006 0.709729
17018 0.706129
17030 0.702553
17042 0.699001
17054.1 0.695473
17066.1 0.691967
17078.1 0.688485
17090.1 0.685025
17102.1 0.681588
17114.1 0.678174
17126.1 0.674782
17138.1 0.671412
17150.2 0.668063
17162.2 0.664737
17174.2 0.661432
17186.2 0.658149
17198.2 0.654887
17210.2 0.651646
17222.2 0.648426
17234.2 0.645226
17246.2 0.642047
17258.3 0.638889
17270.3 0.635751
17282.3 0.632632
17294.3 0.629534
17306.3 0.626456
17318.3 0.623397
17330.3 0.620357
17342.3 0.617337
17354.4 0.614336
17366.4 0.611353
17378.4 0.60839
17390.4 0.605445
17402.4 0.602519
17414.4 0.599611
17426.4 0.596722
17438.4 0.59385
17450.5 0.590997
17462.5 0.588161
17474.5 0.585343
17486.5 0.582543
17498.5 0.579759
17510.5 0.576994
17522.5 0.574245
17534.5 0.571513
17546.5 0.568798
17558.6 0.5661
17570.6 0.563419
17582.6 0.560754
17594.6 0.558105
17606.6 0.555473
17618.6 0.552856
17630.6 0.550256
17642.6 0.547671
17654.7 0.545102
17666.7 0.542549
17678.7 0.540012
17690.7 0.537489
17702.7 0.534982
17714.7 0.53249
17726.7 0.530014
17738.7 0.527552
17750.8 0.525104
17762.8 0.522672
17774.8 0.520254
17786.8 0.517851
17798.8 0.515462
17810.8 0.513087
17822.8 0.510726
17834.8 0.50838
17846.8 0.506047
17858.9 0.503729
17870.9 0.501424
17882.9 0.499132
17894.9 0.496854
17906.9 0.49459
17918.9 0.492339
17930.9 0.490101
17942.9 0.487876
17955 0.485665
17967 0.483466
17979 0.48128
17991 0.479107
18003 0.476947
18015 0.474799
18027 0.472664
18039 0.470541
18051.1 0.46843
18063.1 0.466332
18075.1 0.464245
18087.1 0.462171
18099.1 0.460109
18111.1 0.458058
18123.1 0.45602
18135.1 0.453993
18147.1 0.451978
18159.2 0.449974
18171.2 0.447981
18183.2 0.446
18195.2 0.444031
18207.2 0.442072
18219.2 0.440125
18231.2 0.438189
18243.2 0.436263
18255.3 0.434349
18267.3 0.432445
18279.3 0.430552
18291.3 0.42867
18303.3 0.426799
18315.3 0.424937
18327.3 0.423087
18339.3 0.421246
18351.4 0.419416
18363.4 0.417597
18375.4 0.415787
18387.4 0.413987
18399.4 0.412198
18411.4 0.410418
18423.4 0.408649
18435.4 0.406889
18447.4 0.405139
18459.5 0.403398
18471.5 0.401667
18483.5 0.399946
18495.5 0.398234
18507.5 0.396531
18519.5 0.394838
18531.5 0.393154
18543.5 0.39148
18555.6 0.389814
18567.6 0.388158
18579.6 0.386511
18591.6 0.384872
18603.6 0.383243
18615.6 0.381622
18627.6 0.38001
18639.6 0.378407
18651.7 0.376813
18663.7 0.375227
18675.7 0.373649
18687.7 0.372081
18699.7 0.37052
18711.7 0.368968
18723.7 0.367425
18735.7 0.365889
18747.7 0.364362
18759.8 0.362843
18771.8 0.361332
18783.8 0.359829
18795.8 0.358335
18807.8 0.356848
18819.8 0.355369
18831.8 0.353898
18843.8 0.352434
18855.9 0.350979
18867.9 0.349531
18879.9 0.34809
18891.9 0.346658
18903.9 0.345232
18915.9 0.343815
18927.9 0.342404
18939.9 0.341002
18952 0.339606
18964 0.338218
18976 0.336837
18988 0.335463
19000 0.334097
