7000 -5.62986
7012.01 -5.72947
7024.02 -5.82951
7036.04 -5.92985
7048.05 -6.03036
7060.06 -6.13089
7072.07 -6.23129
7084.08 -6.33139
7096.1 -6.43102
7108.11 -6.52999
7120.12 -6.62813
7132.13 -6.72523
7144.14 -6.82108
7156.16 -6.91547
7168.17 -7.0082
7180.18 -7.09903
7192.19 -7.18774
7204.2 -7.2741
7216.22 -7.35789
7228.23 -7.43886
7240.24 -7.5168
7252.25 -7.59148
7264.26 -7.66267
7276.28 -7.73016
7288.29 -7.79374
7300.3 -7.85322
7312.31 -7.90839
7324.32 -7.95909
7336.34 -8.00514
7348.35 -8.04641
7360.36 -8.08276
7372.37 -8.11407
7384.38 -8.14024
7396.4 -8.16121
7408.41 -8.1769
7420.42 -8.18728
7432.43 -8.19234
7444.44 -8.19207
7456.46 -8.18651
7468.47 -8.17569
7480.48 -8.13337
7492.49 -8.06567
7504.5 -7.99281
7516.52 -7.91491
7528.53 -7.8321
7540.54 -7.74454
7552.55 -7.65239
7564.56 -7.55582
7576.58 -7.45502
7588.59 -7.41231
7600.6 -7.3813
7612.61 -7.34689
7624.62 -7.30931
7636.64 -7.26877
7648.65 -7.22548
7660.66 -7.17967
7672.67 -7.13155
7684.68 -7.07999
7696.7 -6.99375
7708.71 -6.90573
7720.72 -6.81612
7732.73 -6.72513
7744.74 -6.63293
7756.76 -6.53972
7768.77 -6.44567
7780.78 -6.35094
7792.79 -6.26491
7804.8 -6.20269
7816.82 -6.14036
7828.83 -6.07804
7840.84 -6.01588
7852.85 -5.95397
7864.86 -5.89245
7876.88 -5.8314
7888.89 -5.77092
7900.9 -5.70337
7912.91 -5.62917
7924.92 -5.55574
7936.94 -5.48314
7948.95 -5.41144
7960.96 -5.3407
7972.97 -5.27094
7984.98 -5.20223
7997 -5.1346
8009.01 -5.06351
8021.02 -4.99201
8033.03 -4.92166
8045.05 -4.85248
8057.06 -4.78447
8069.07 -4.71766
8081.08 -4.65205
8093.09 -4.58765
8105.11 -4.52446
8117.12 -4.47969
8129.13 -4.43641
8141.14 -4.3944
8153.15 -4.35364
8165.17 -4.31412
8177.18 -4.27585
8189.19 -4.23881
8201.2 -4.20299
8213.21 -4.14183
8225.23 -3.98933
8237.24 -3.83767
8249.25 -3.68682
8261.26 -3.53678
8273.27 -3.38752
8285.29 -3.23903
8297.3 -3.09129
8309.31 -2.94429
8321.32 -2.85602
8333.33 -2.83668
8345.35 -2.81839
8357.36 -2.80113
8369.37 -2.78487
8381.38 -2.7696
8393.39 -2.75531
8405.41 -2.74196
8417.42 -2.72955
8429.43 -2.6102
8441.44 -2.44461
8453.45 -2.27946
8465.47 -2.11474
8477.48 -1.95041
8489.49 -1.78648
8501.5 -1.62291
8513.51 -1.4597
8525.53 -1.29683
8537.54 -1.30886
8549.55 -1.33407
8561.56 -1.36009
8573.57 -1.38691
8585.59 -1.41452
8597.6 -1.44289
8609.61 -1.47202
8621.62 -1.50188
8633.63 -1.5217
8645.65 -1.48994
8657.66 -1.4587
8669.67 -1.42796
8681.68 -1.39772
8693.69 -1.36796
8705.71 -1.33866
8717.72 -1.30982
8729.73 -1.28143
8741.74 -1.25346
8753.75 -1.22591
8765.77 -1.19877
8777.78 -1.17203
8789.79 -1.14567
8801.8 -1.11968
8813.81 -1.09406
8825.83 -1.06879
8837.84 -1.04386
8849.85 -1.01926
8861.86 -0.994985
8873.87 -0.97102
8885.89 -0.947358
8897.9 -0.923988
8909.91 -0.900902
8921.92 -0.87809
8933.93 -0.855544
8945.95 -0.833254
8957.96 -0.811212
8969.97 -0.78941
8981.98 -0.767839
8993.99 -0.746492
9006.01 -0.725359
9018.02 -0.704433
9030.03 -0.683707
9042.04 -0.663173
9054.05 -0.642822
9066.07 -0.622648
9078.08 -0.602643
9090.09 -0.582801
9102.1 -0.563113
9114.11 -0.543573
9126.13 -0.524175
9138.14 -0.50491
9150.15 -0.485772
9162.16 -0.466756
9174.17 -0.447853
9186.19 -0.429058
9198.2 -0.410364
9210.21 -0.391764
9222.22 -0.373253
9234.23 -0.354824
9246.25 -0.336471
9258.26 -0.318187
9270.27 -0.299967
9282.28 -0.281805
9294.29 -0.263694
9306.31 -0.245628
9318.32 -0.227602
9330.33 -0.209609
9342.34 -0.191645
9354.35 -0.173702
9366.37 -0.155775
9378.38 -0.137858
9390.39 -0.119946
9402.4 -0.102033
9414.41 -0.084112
9426.43 -0.0661787
9438.44 -0.0482267
9450.45 -0.0302505
9462.46 -0.0122443
9474.47 0.00579764
9486.49 0.023881
9498.5 0.0420116
9510.51 0.0601952
9522.52 0.0784374
9534.53 0.096744
9546.55 0.115121
9558.56 0.133574
9570.57 0.152108
9582.58 0.170731
9594.59 0.189446
9606.61 0.208262
9618.62 0.227182
9630.63 0.246213
9642.64 0.265362
9654.65 0.284634
9666.67 0.304035
9678.68 0.323572
9690.69 0.343249
9702.7 0.363075
9714.71 0.383053
9726.73 0.403192
9738.74 0.423498
9750.75 0.443975
9762.76 0.464632
9774.77 0.485474
9786.79 0.506508
9798.8 0.527741
9810.81 0.549178
9822.82 0.570827
9834.83 0.592695
9846.85 0.614788
9858.86 0.637112
9870.87 0.659676
9882.88 0.682485
9894.89 0.705547
9906.91 0.728869
9918.92 0.752459
9930.93 0.776322
9942.94 0.800467
9954.95 0.8249
9966.97 0.84963
9978.98 0.874663
9990.99 0.900008
10003 0.92567
10015 0.95166
10027 0.977983
10039 1.00465
10051.1 1.03166
10063.1 1.05903
10075.1 1.08677
10087.1 1.11488
10099.1 1.14337
10111.1 1.17225
10123.1 1.20152
10135.1 1.2312
10147.1 1.26129
10159.2 1.29181
10171.2 1.32275
10183.2 1.35413
10195.2 1.38595
10207.2 1.41823
10219.2 1.45097
10231.2 1.48417
10243.2 1.51786
10255.3 1.55202
10267.3 1.58668
10279.3 1.62184
10291.3 1.65751
10303.3 1.69369
10315.3 1.7304
10327.3 1.76763
10339.3 1.8054
10351.4 1.84372
10363.4 1.88258
10375.4 1.922
10387.4 1.96198
10399.4 2.00253
10411.4 2.04366
10423.4 2.08536
10435.4 2.12765
10447.4 2.17053
10459.5 2.214
10471.5 2.25806
10483.5 2.30273
10495.5 2.34799
10507.5 2.39386
10519.5 2.44034
10531.5 2.48743
10543.5 2.53512
10555.6 2.58342
10567.6 2.63232
10579.6 2.68183
10591.6 2.73193
10603.6 2.78264
10615.6 2.83393
10627.6 2.88581
10639.6 2.93827
10651.7 2.99131
10663.7 3.0449
10675.7 3.09905
10687.7 3.15373
10699.7 3.20894
10711.7 3.26467
10723.7 3.32089
10735.7 3.37759
10747.7 3.43476
10759.8 3.49236
10771.8 3.55038
10783.8 3.60879
10795.8 3.66758
10807.8 3.7267
10819.8 3.78613
10831.8 3.84584
10843.8 3.9058
10855.9 3.96597
10867.9 4.02631
10879.9 4.08678
10891.9 4.14735
10903.9 4.20796
10915.9 4.26858
10927.9 4.32914
10939.9 4.38961
10952 4.44993
10964 4.51005
10976 4.56991
10988 4.62945
11000 4.6886
11012 4.74732
11024 4.80554
11036 4.86318
11048 4.92018
11060.1 4.97648
11072.1 5.03199
11084.1 5.08666
11096.1 5.14041
11108.1 5.18857
11120.1 5.22054
11132.1 5.25133
11144.1 5.28086
11156.2 5.30905
11168.2 5.33584
11180.2 5.36114
11192.2 5.38488
11204.2 5.407
11216.2 5.43639
11228.2 5.47393
11240.2 5.50967
11252.3 5.54355
11264.3 5.57549
11276.3 5.60544
11288.3 5.63334
11300.3 5.65913
11312.3 5.68276
11324.3 5.70849
11336.3 5.73374
11348.3 5.7567
11360.4 5.77733
11372.4 5.7956
11384.4 5.81149
11396.4 5.82496
11408.4 5.83599
11420.4 5.84457
11432.4 5.84716
11444.4 5.84706
11456.5 5.84448
11468.5 5.83942
11480.5 5.83189
11492.5 5.82191
11504.5 5.80948
11516.5 5.79464
11528.5 5.78155
11540.5 5.78429
11552.6 5.78475
11564.6 5.78297
11576.6 5.77899
11588.6 5.77285
11600.6 5.76461
11612.6 5.75432
11624.6 5.74203
11636.6 5.71019
11648.6 5.65202
11660.7 5.59195
11672.7 5.53004
11684.7 5.46636
11696.7 5.40097
11708.7 5.33395
11720.7 5.26536
11732.7 5.19526
11744.7 5.15176
11756.8 5.12132
11768.8 5.08968
11780.8 5.05691
11792.8 5.02308
11804.8 4.98827
11816.8 4.95254
11828.8 4.91595
11840.8 4.87859
11852.9 4.79956
11864.9 4.71501
11876.9 4.62977
11888.9 4.54391
11900.9 4.45749
11912.9 4.37057
11924.9 4.2832
11936.9 4.19544
11948.9 4.11176
11961 4.05767
11973 4.00341
11985 3.94904
11997 3.89458
12009 3.8401
12021 3.78562
12033 3.73119
12045 3.67685
12057.1 3.61595
12069.1 3.54387
12081.1 3.47193
12093.1 3.40018
12105.1 3.32864
12117.1 3.25734
12129.1 3.1863
12141.1 3.11555
12153.2 3.04511
12165.2 2.97468
12177.2 2.90439
12189.2 2.83447
12201.2 2.76493
12213.2 2.69579
12225.2 2.62706
12237.2 2.55874
12249.2 2.49087
12261.3 2.42343
12273.3 2.35992
12285.3 2.29755
12297.3 2.23566
12309.3 2.17424
12321.3 2.11332
12333.3 2.05288
12345.3 1.99295
12357.4 1.93351
12369.4 1.88074
12381.4 1.89875
12393.4 1.91742
12405.4 1.93674
12417.4 1.95671
12429.4 1.97734
12441.4 1.99861
12453.5 2.02054
12465.5 2.04311
12477.5 2.05121
12489.5 2.02694
12501.5 2.00322
12513.5 1.98004
12525.5 1.9574
12537.5 1.93529
12549.5 1.91372
12561.6 1.89267
12573.6 1.87214
12585.6 1.85912
12597.6 1.85219
12609.6 1.84579
12621.6 1.83992
12633.6 1.83457
12645.6 1.82973
12657.7 1.8254
12669.7 1.82157
12681.7 1.81824
12693.7 1.73147
12705.7 1.62273
12717.7 1.51428
12729.7 1.40609
12741.7 1.29817
12753.8 1.19051
12765.8 1.0831
12777.8 0.97594
12789.8 0.870485
12801.8 0.824675
12813.8 0.779207
12825.8 0.734076
12837.8 0.689274
12849.8 0.644797
12861.9 0.600637
12873.9 0.556789
12885.9 0.513248
12897.9 0.466187
12909.9 0.408875
12921.9 0.351825
12933.9 0.295031
12945.9 0.238487
12958 0.182187
12970 0.126125
12982 0.0702968
12994 0.0146958
13006 -0.0644804
13018 -0.167303
13030 -0.270003
13042 -0.372584
13054.1 -0.475053
13066.1 -0.577414
13078.1 -0.679673
13090.1 -0.781835
13102.1 -0.883904
13114.1 -0.928244
13126.1 -0.951463
13138.1 -0.97446
13150.2 -0.997241
13162.2 -1.01981
13174.2 -1.04217
13186.2 -1.06433
13198.2 -1.08629
13210.2 -1.10805
13222.2 -1.14556
13234.2 -1.1833
13246.2 -1.22089
13258.3 -1.25834
13270.3 -1.29564
13282.3 -1.3328
13294.3 -1.36983
13306.3 -1.40673
13318.3 -1.43728
13330.3 -1.4442
13342.3 -1.45096
13354.4 -1.45755
13366.4 -1.46397
13378.4 -1.47022
13390.4 -1.47633
13402.4 -1.48227
13414.4 -1.48807
13426.4 -1.48591
13438.4 -1.47377
13450.5 -1.46147
13462.5 -1.44899
13474.5 -1.43635
13486.5 -1.42355
13498.5 -1.41059
13510.5 -1.39747
13522.5 -1.3842
13534.5 -1.37814
13546.5 -1.37533
13558.6 -1.37238
13570.6 -1.36932
13582.6 -1.36614
13594.6 -1.36284
13606.6 -1.35943
13618.6 -1.3559
13630.6 -1.35227
13642.6 -1.36804
13654.7 -1.38545
13666.7 -1.4028
13678.7 -1.4201
13690.7 -1.43733
13702.7 -1.45451
13714.7 -1.47164
13726.7 -1.48871
13738.7 -1.51353
13750.8 -1.57882
13762.8 -1.64415
13774.8 -1.70953
13786.8 -1.77495
13798.8 -1.84042
13810.8 -1.90594
13822.8 -1.97151
13834.8 -2.03715
13846.8 -2.10349
13858.9 -2.17091
13870.9 -2.2384
13882.9 -2.30595
13894.9 -2.37357
13906.9 -2.44126
13918.9 -2.50903
13930.9 -2.57687
13942.9 -2.64479
13955 -2.71292
13967 -2.7812
13979 -2.84957
13991 -2.91802
14003 -2.98657
14015 -3.0552
14027 -3.12392
14039 -3.19274
14051.1 -3.26165
14063.1 -3.3
14075.1 -3.33386
14087.1 -3.36776
14099.1 -3.4017
14111.1 -3.43569
14123.1 -3.46972
14135.1 -3.5038
14147.1 -3.53793
14159.2 -3.56424
14171.2 -3.52334
14183.2 -3.48237
14195.2 -3.44132
14207.2 -3.40021
14219.2 -3.35902
14231.2 -3.31778
14243.2 -3.27646
14255.3 -3.23509
14267.3 -3.19814
14279.3 -3.16991
14291.3 -3.14165
14303.3 -3.11335
14315.3 -3.08502
14327.3 -3.05665
14339.3 -3.02826
14351.4 -2.99984
14363.4 -2.97139
14375.4 -2.96015
14387.4 -2.96136
14399.4 -2.9626
14411.4 -2.96387
14423.4 -2.96517
14435.4 -2.9665
14447.4 -2.96786
14459.5 -2.96926
14471.5 -2.97069
14483.5 -3.00257
14495.5 -3.04146
14507.5 -3.08045
14519.5 -3.11954
14531.5 -3.15874
14543.5 -3.19805
14555.6 -3.23746
14567.6 -3.27698
14579.6 -3.31721
14591.6 -3.3676
14603.6 -3.41813
14615.6 -3.46878
14627.6 -3.51957
14639.6 -3.57049
14651.7 -3.62154
14663.7 -3.67273
14675.7 -3.72405
14687.7 -3.77205
14699.7 -3.8117
14711.7 -3.85146
14723.7 -3.89135
14735.7 -3.93136
14747.7 -3.9715
14759.8 -4.01176
14771.8 -4.05215
14783.8 -4.09267
14795.8 -4.11715
14807.8 -4.12707
14819.8 -4.13706
14831.8 -4.14714
14843.8 -4.1573
14855.9 -4.16754
14867.9 -4.17787
14879.9 -4.18829
14891.9 -4.19879
14903.9 -4.15512
14915.9 -4.09488
14927.9 -4.03462
14939.9 -3.97433
14952 -3.91402
14964 -3.8537
14976 -3.79335
14988 -3.73298
15000 -3.6726
15012 -3.66683
15024 -3.66113
15036 -3.6555
15048 -3.64994
15060.1 -3.64446
15072.1 -3.63906
15084.1 -3.63373
15096.1 -3.62848
15108.1 -3.62859
15120.1 -3.64614
15132.1 -3.66381
15144.1 -3.68159
15156.2 -3.69949
15168.2 -3.71751
15180.2 -3.73564
15192.2 -3.7539
15204.2 -3.77227
15216.2 -3.81748
15228.2 -3.89228
15240.2 -3.9673
15252.3 -4.04252
15264.3 -4.11796
15276.3 -4.19361
15288.3 -4.26948
15300.3 -4.34556
15312.3 -4.42185
15324.3 -4.47602
15336.3 -4.52123
15348.3 -4.56661
15360.4 -4.61215
15372.4 -4.65786
15384.4 -4.70374
15396.4 -4.74978
15408.4 -4.79599
15420.4 -4.84238
15432.4 -4.94194
15444.4 -5.04494
15456.5 -5.14819
15468.5 -5.2517
15480.5 -5.35547
15492.5 -5.4595
15504.5 -5.56378
15516.5 -5.66833
15528.5 -5.75949
15540.5 -5.79097
15552.6 -5.8226
15564.6 -5.85436
15576.6 -5.88628
15588.6 -5.91834
15600.6 -5.95054
15612.6 -5.98289
15624.6 -6.01538
15636.6 -6.03254
15648.6 -6.02835
15660.7 -6.02424
15672.7 -6.02023
15684.7 -6.0163
15696.7 -6.01245
15708.7 -6.0087
15720.7 -6.00502
15732.7 -6.00144
15744.7 -6.01837
15756.8 -6.04588
15768.8 -6.07352
15780.8 -6.10129
15792.8 -6.12919
15804.8 -6.15722
15816.8 -6.18538
15828.8 -6.21366
15840.8 -6.24207
15852.9 -6.34305
15864.9 -6.45275
15876.9 -6.56269
15888.9 -6.67289
15900.9 -6.78332
15912.9 -6.894
15924.9 -7.00492
15936.9 -7.11608
15948.9 -7.22838
15961 -7.347
15973 -7.46586
15985 -7.58498
15997 -7.70433
16009 -7.82393
16021 -7.94377
16033 -8.06385
16045 -8.18416
16057.1 -8.30535
16069.1 -8.42786
16081.1 -8.5506
16093.1 -8.67358
16105.1 -8.79678
16117.1 -8.92022
16129.1 -9.04388
16141.1 -9.16777
16153.2 -9.29188
16165.2 -9.27676
16177.2 -9.17047
16189.2 -9.06405
16201.2 -8.95751
16213.2 -8.85083
16225.2 -8.74402
16237.2 -8.63707
16249.2 -8.52998
16261.3 -8.42274
16273.3 -8.44297
16285.3 -8.48781
16297.3 -8.53272
16309.3 -8.5777
16321.3 -8.62275
16333.3 -8.66787
16345.3 -8.71304
16357.4 -8.75827
16369.4 -8.80355
16381.4 -8.84889
16393.4 -8.89427
16405.4 -8.93969
16417.4 -8.98515
16429.4 -9.03065
16441.4 -9.07618
16453.5 -9.12173
16465.5 -9.16731
16477.5 -9.21291
16489.5 -9.25852
16501.5 -9.30414
16513.5 -9.34977
16525.5 -9.39541
16537.5 -9.44104
16549.5 -9.48666
16561.6 -9.53227
16573.6 -9.57787
16585.6 -9.62344
16597.6 -9.66899
16609.6 -9.71451
16621.6 -9.75999
16633.6 -9.80543
16645.6 -9.85082
16657.7 -9.89617
16669.7 -9.94146
16681.7 -9.98669
16693.7 -10.0318
16705.7 -10.0769
16717.7 -10.1219
16729.7 -10.1669
16741.7 -10.2117
16753.8 -10.2565
16765.8 -10.3011
16777.8 -10.3456
16789.8 -10.3901
16801.8 -10.4344
16813.8 -10.4786
16825.8 -10.5226
16837.8 -10.5665
16849.8 -10.6103
16861.9 -10.6539
16873.9 -10.6974
16885.9 -10.7407
16897.9 -10.7839
16909.9 -10.8268
16921.9 -10.8696
16933.9 -10.9122
16945.9 -10.9547
16958 -10.9969
16970 -11.0389
16982 -11.0807
16994 -11.1223
17006 -11.1636
17018 -11.2047
17030 -11.2456
17042 -11.2862
17054.1 -11.3266
17066.1 -11.3667
17078.1 -11.4066
17090.1 -11.4462
17102.1 -11.4855
17114.1 -11.5245
17126.1 -11.5632
17138.1 -11.6017
17150.2 -11.6398
17162.2 -11.6776
17174.2 -11.7151
17186.2 -11.7522
17198.2 -11.7891
17210.2 -11.8256
17222.2 -11.8617
17234.2 -11.8975
17246.2 -11.9329
17258.3 -11.968
17270.3 -12.0027
17282.3 -12.037
17294.3 -12.0709
17306.3 -12.1044
17318.3 -12.1375
17330.3 -12.1703
17342.3 -12.2026
17354.4 -12.2345
17366.4 -12.2659
17378.4 -12.297
17390.4 -12.3276
17402.4 -12.3577
17414.4 -12.3875
17426.4 -12.4167
17438.4 -12.4455
17450.5 -12.4738
17462.5 -12.5017
17474.5 -12.5291
17486.5 -12.556
17498.5 -12.5824
17510.5 -12.6083
17522.5 -12.6338
17534.5 -12.6587
17546.5 -12.6831
17558.6 -12.707
17570.6 -12.7304
17582.6 -12.7532
17594.6 -12.7756
17606.6 -12.7974
17618.6 -12.8187
17630.6 -12.8394
17642.6 -12.8596
17654.7 -12.8792
17666.7 -12.8983
17678.7 -12.9169
17690.7 -12.9348
17702.7 -12.9523
17714.7 -12.9691
17726.7 -12.9854
17738.7 -13.0011
17750.8 -13.0163
17762.8 -13.0309
17774.8 -13.0448
17786.8 -13.0583
17798.8 -13.0711
17810.8 -13.0833
17822.8 -13.095
17834.8 -13.1061
17846.8 -13.1166
17858.9 -13.1265
17870.9 -13.1358
17882.9 -13.1445
17894.9 -13.1526
17906.9 -13.1601
17918.9 -13.167
17930.9 -13.1734
17942.9 -13.1791
17955 -13.1842
17967 -13.1888
17979 -13.1927
17991 -13.1961
18003 -13.1988
18015 -13.201
18027 -13.2025
18039 -13.2035
18051.1 -13.2039
18063.1 -13.2037
18075.1 -13.2029
18087.1 -13.2015
18099.1 -13.1995
18111.1 -13.1969
18123.1 -13.1938
18135.1 -13.1901
18147.1 -13.1858
18159.2 -13.1809
18171.2 -13.1754
18183.2 -13.1694
18195.2 -13.1628
18207.2 -13.1557
18219.2 -13.148
18231.2 -13.1397
18243.2 -13.1309
18255.3 -13.1215
18267.3 -13.1116
18279.3 -13.1011
18291.3 -13.0901
18303.3 -13.0785
18315.3 -13.0665
18327.3 -13.0538
18339.3 -13.0407
18351.4 -13.0271
18363.4 -13.0129
18375.4 -12.9982
18387.4 -12.983
18399.4 -12.9674
18411.4 -12.9512
18423.4 -12.9345
18435.4 -12.9174
18447.4 -12.8997
18459.5 -12.8816
18471.5 -12.863
18483.5 -12.844
18495.5 -12.8245
18507.5 -12.8045
18519.5 -12.7841
18531.5 -12.7632
18543.5 -12.742
18555.6 -12.7202
18567.6 -12.6981
18579.6 -12.6755
18591.6 -12.6525
18603.6 -12.6291
18615.6 -12.6053
18627.6 -12.5811
18639.6 -12.5566
18651.7 -12.5316
18663.7 -12.5062
18675.7 -12.4805
18687.7 -12.4544
18699.7 -12.428
18711.7 -12.4012
18723.7 -12.3741
18735.7 -12.3466
18747.7 -12.3188
18759.8 -12.2906
18771.8 -12.2621
18783.8 -12.2333
18795.8 -12.2042
18807.8 -12.1748
18819.8 -12.1451
18831.8 -12.1151
18843.8 -12.0849
18855.9 -12.0543
18867.9 -12.0235
18879.9 -11.9924
18891.9 -11.961
18903.9 -11.9294
18915.9 -11.8975
18927.9 -11.8654
18939.9 -11.8331
18952 -11.8005
18964 -11.7677
18976 -11.7347
18988 -11.7015
19000 -11.668
