7000 -4.35632
7012.01 -4.57375
7024.02 -4.79205
7036.04 -5.01114
7048.05 -5.23096
7060.06 -5.45144
7072.07 -5.67249
7084.08 -5.89405
7096.1 -6.11603
7108.11 -6.33835
7120.12 -6.56091
7132.13 -6.78363
7144.14 -7.00641
7156.16 -7.22916
7168.17 -7.45178
7180.18 -7.67415
7192.19 -7.89619
7204.2 -8.11777
7216.22 -8.33879
7228.23 -8.55913
7240.24 -8.77868
7252.25 -8.99731
7264.26 -9.2149
7276.28 -9.43134
7288.29 -9.64649
7300.3 -9.86022
7312.31 -10.0724
7324.32 -10.2829
7336.34 -10.4916
7348.35 -10.6983
7360.36 -10.903
7372.37 -11.1054
7384.38 -11.3055
7396.4 -11.503
7408.41 -11.6979
7420.42 -11.89
7432.43 -12.0792
7444.44 -12.2653
7456.46 -12.4482
7468.47 -12.6278
7480.48 -12.8481
7492.49 -13.0989
7504.5 -13.3462
7516.52 -13.5899
7528.53 -13.8297
7540.54 -14.0657
7552.55 -14.2976
7564.56 -14.5253
7576.58 -14.7488
7588.59 -14.7326
7600.6 -14.6531
7612.61 -14.568
7624.62 -14.4772
7636.64 -14.3807
7648.65 -14.2783
7660.66 -14.1699
7672.67 -14.0555
7684.68 -13.9402
7696.7 -13.9448
7708.71 -13.9437
7720.72 -13.9365
7732.73 -13.9234
7744.74 -13.9042
7756.76 -13.8789
7768.77 -13.8474
7780.78 -13.8098
7792.79 -13.784
7804.8 -13.799
7816.82 -13.8081
7828.83 -13.811
7840.84 -13.8079
7852.85 -13.7988
7864.86 -13.7836
7876.88 -13.7624
7888.89 -13.7352
7900.9 -13.7233
7912.91 -13.7258
7924.92 -13.7226
7936.94 -13.7136
7948.95 -13.699
7960.96 -13.6788
7972.97 -13.653
7984.98 -13.6218
7997 -13.5852
8009.01 -13.548
8021.02 -13.5071
8033.03 -13.4611
8045.05 -13.41
8057.06 -13.3541
8069.07 -13.2933
8081.08 -13.2278
8093.09 -13.1577
8105.11 -13.0831
8117.12 -13.0828
8129.13 -13.0794
8141.14 -13.0722
8153.15 -13.0611
8165.17 -13.0464
8177.18 -13.0281
8189.19 -13.0064
8201.2 -12.9815
8213.21 -12.9301
8225.23 -12.7946
8237.24 -12.656
8249.25 -12.5142
8261.26 -12.3695
8273.27 -12.222
8285.29 -12.0717
8297.3 -11.9188
8309.31 -11.7635
8321.32 -11.6649
8333.33 -11.6333
8345.35 -11.6001
8357.36 -11.5652
8369.37 -11.5289
8381.38 -11.4912
8393.39 -11.4522
8405.41 -11.4121
8417.42 -11.371
8429.43 -11.2235
8441.44 -11.0292
8453.45 -10.8338
8465.47 -10.6373
8477.48 -10.4399
8489.49 -10.2416
8501.5 -10.0426
8513.51 -9.84286
8525.53 -9.6426
8537.54 -9.44785
8549.55 -9.25315
8561.56 -9.05814
8573.57 -8.86292
8585.59 -8.66755
8597.6 -8.47211
8609.61 -8.27667
8621.62 -8.0813
8633.63 -7.88808
8645.65 -7.7048
8657.66 -7.52181
8669.67 -7.33918
8681.68 -7.15697
8693.69 -6.97522
8705.71 -6.79399
8717.72 -6.61333
8729.73 -6.43328
8741.74 -6.2539
8753.75 -6.07523
8765.77 -5.89731
8777.78 -5.72017
8789.79 -5.54386
8801.8 -5.36842
8813.81 -5.19386
8825.83 -5.02024
8837.84 -4.84757
8849.85 -4.67589
8861.86 -4.50522
8873.87 -4.3356
8885.89 -4.16703
8897.9 -3.99954
8909.91 -3.83317
8921.92 -3.66791
8933.93 -3.5038
8945.95 -3.34084
8957.96 -3.17906
8969.97 -3.01847
8981.98 -2.85907
8993.99 -2.70089
9006.01 -2.54392
9018.02 -2.38819
9030.03 -2.2337
9042.04 -2.08046
9054.05 -1.92846
9066.07 -1.77773
9078.08 -1.62826
9090.09 -1.48006
9102.1 -1.33313
9114.11 -1.18747
9126.13 -1.04308
9138.14 -0.899968
9150.15 -0.758131
9162.16 -0.617568
9174.17 -0.478278
9186.19 -0.340259
9198.2 -0.203509
9210.21 -0.0680259
9222.22 0.0661947
9234.23 0.199156
9246.25 0.330862
9258.26 0.461318
9270.27 0.590528
9282.28 0.718498
9294.29 0.845234
9306.31 0.970742
9318.32 1.09503
9330.33 1.2181
9342.34 1.33996
9354.35 1.46062
9366.37 1.58009
9378.38 1.69837
9390.39 1.81547
9402.4 1.93141
9414.41 2.04618
9426.43 2.1598
9438.44 2.27227
9450.45 2.38361
9462.46 2.49382
9474.47 2.60291
9486.49 2.7109
9498.5 2.81778
9510.51 2.92357
9522.52 3.02829
9534.53 3.13193
9546.55 3.2345
9558.56 3.33603
9570.57 3.43651
9582.58 3.53596
9594.59 3.63438
9606.61 3.73179
9618.62 3.8282
9630.63 3.92361
9642.64 4.01803
9654.65 4.11148
9666.67 4.20396
9678.68 4.29549
9690.69 4.38607
9702.7 4.47571
9714.71 4.56442
9726.73 4.65222
9738.74 4.73911
9750.75 4.82509
9762.76 4.91019
9774.77 4.99441
9786.79 5.07776
9798.8 5.16024
9810.81 5.24187
9822.82 5.32266
9834.83 5.40262
9846.85 5.48175
9858.86 5.56006
9870.87 5.63756
9882.88 5.71427
9894.89 5.79019
9906.91 5.86533
9918.92 5.93969
9930.93 6.01329
9942.94 6.08614
9954.95 6.15824
9966.97 6.2296
9978.98 6.30023
9990.99 6.37014
10003 6.43933
10015 6.50782
10027 6.57562
10039 6.64272
10051.1 6.70914
10063.1 6.77489
10075.1 6.83997
10087.1 6.90439
10099.1 6.96816
10111.1 7.03129
10123.1 7.09378
10135.1 7.15564
10147.1 7.21688
10159.2 7.2775
10171.2 7.33752
10183.2 7.39694
10195.2 7.45576
10207.2 7.51399
10219.2 7.57165
10231.2 7.62873
10243.2 7.68525
10255.3 7.7412
10267.3 7.7966
10279.3 7.85146
10291.3 7.90577
10303.3 7.95954
10315.3 8.01279
10327.3 8.06552
10339.3 8.11773
10351.4 8.16943
10363.4 8.22062
10375.4 8.27131
10387.4 8.32151
10399.4 8.37123
10411.4 8.42046
10423.4 8.46921
10435.4 8.5175
10447.4 8.56531
10459.5 8.61267
10471.5 8.65957
10483.5 8.70603
10495.5 8.75203
10507.5 8.7976
10519.5 8.84274
10531.5 8.88744
10543.5 8.93172
10555.6 8.97558
10567.6 9.01902
10579.6 9.06206
10591.6 9.10469
10603.6 9.14691
10615.6 9.18874
10627.6 9.23018
10639.6 9.27123
10651.7 9.3119
10663.7 9.35219
10675.7 9.3921
10687.7 9.43164
10699.7 9.47082
10711.7 9.50963
10723.7 9.54809
10735.7 9.58619
10747.7 9.62394
10759.8 9.66134
10771.8 9.69841
10783.8 9.73513
10795.8 9.77152
10807.8 9.80757
10819.8 9.8433
10831.8 9.87871
10843.8 9.91379
10855.9 9.94856
10867.9 9.98302
10879.9 10.0172
10891.9 10.051
10903.9 10.0845
10915.9 10.1178
10927.9 10.1507
10939.9 10.1834
10952 10.2157
10964 10.2478
10976 10.2796
10988 10.3111
11000 10.3423
11012 10.3732
11024 10.4039
11036 10.4343
11048 10.4645
11060.1 10.4944
11072.1 10.524
11084.1 10.5533
11096.1 10.5824
11108.1 10.6113
11120.1 10.6399
11132.1 10.6683
11144.1 10.6964
11156.2 10.7242
11168.2 10.7519
11180.2 10.7793
11192.2 10.8064
11204.2 10.8334
11216.2 10.8601
11228.2 10.8865
11240.2 10.9128
11252.3 10.9388
11264.3 10.9646
11276.3 10.9902
11288.3 11.0156
11300.3 11.0408
11312.3 11.0657
11324.3 11.0905
11336.3 11.115
11348.3 11.1393
11360.4 11.1634
11372.4 11.1874
11384.4 11.2111
11396.4 11.2346
11408.4 11.258
11420.4 11.2811
11432.4 11.3041
11444.4 11.3268
11456.5 11.3494
11468.5 11.3718
11480.5 11.394
11492.5 11.4161
11504.5 11.4379
11516.5 11.4596
11528.5 11.4811
11540.5 11.5024
11552.6 11.5236
11564.6 11.5446
11576.6 11.5654
11588.6 11.586
11600.6 11.6065
11612.6 11.6268
11624.6 11.647
11636.6 11.667
11648.6 11.6868
11660.7 11.7065
11672.7 11.726
11684.7 11.7454
11696.7 11.7646
11708.7 11.7836
11720.7 11.8026
11732.7 11.8213
11744.7 11.8399
11756.8 11.8584
11768.8 11.8767
11780.8 11.8949
11792.8 11.9129
11804.8 11.9308
11816.8 11.9486
11828.8 11.9662
11840.8 11.9837
11852.9 12.0011
11864.9 12.0183
11876.9 12.0354
11888.9 12.0523
11900.9 12.0691
11912.9 12.0858
11924.9 12.1024
11936.9 12.1188
11948.9 12.1351
11961 12.1513
11973 12.1674
11985 12.1833
11997 12.1992
12009 12.2149
12021 12.2304
12033 12.2459
12045 12.2613
12057.1 12.2765
12069.1 12.2916
12081.1 12.3066
12093.1 12.3215
12105.1 12.3363
12117.1 12.351
12129.1 12.3655
12141.1 12.38
12153.2 12.3943
12165.2 12.4085
12177.2 12.4227
12189.2 12.4367
12201.2 12.4506
12213.2 12.4645
12225.2 12.4782
12237.2 12.4918
12249.2 12.5053
12261.3 12.5187
12273.3 12.5321
12285.3 12.5453
12297.3 12.5584
12309.3 12.5714
12321.3 12.5844
12333.3 12.5972
12345.3 12.61
12357.4 12.6226
12369.4 12.6352
12381.4 12.6476
12393.4 12.66
12405.4 12.6723
12417.4 12.6845
12429.4 12.6966
12441.4 12.7087
12453.5 12.7206
12465.5 12.7325
12477.5 12.7442
12489.5 12.7559
12501.5 12.7675
12513.5 12.7791
12525.5 12.7905
12537.5 12.8019
12549.5 12.8131
12561.6 12.8243
12573.6 12.8354
12585.6 12.8465
12597.6 12.8574
12609.6 12.8683
12621.6 12.8791
12633.6 12.8899
12645.6 12.9005
12657.7 12.9111
12669.7 12.9216
12681.7 12.932
12693.7 12.9424
12705.7 12.9527
12717.7 12.9629
12729.7 12.973
12741.7 12.9831
12753.8 12.9931
12765.8 13.003
12777.8 13.0129
12789.8 13.0227
12801.8 13.0324
12813.8 13.042
12825.8 13.0516
12837.8 13.0612
12849.8 13.0706
12861.9 13.08
12873.9 13.0893
12885.9 13.0986
12897.9 13.1078
12909.9 13.1169
12921.9 13.126
12933.9 13.135
12945.9 13.144
12958 13.1528
12970 13.1617
12982 13.1704
12994 13.1791
13006 13.1878
13018 13.1964
13030 13.2049
13042 13.2134
13054.1 13.2218
13066.1 13.2301
13078.1 13.2384
13090.1 13.2467
13102.1 13.2548
13114.1 13.263
13126.1 13.271
13138.1 13.2791
13150.2 13.287
13162.2 13.2949
13174.2 13.3028
13186.2 13.3106
13198.2 13.3184
13210.2 13.326
13222.2 13.3337
13234.2 13.3413
13246.2 13.3488
13258.3 13.3563
13270.3 13.3638
13282.3 13.3712
13294.3 13.3785
13306.3 13.3858
13318.3 13.393
13330.3 13.4002
13342.3 13.4074
13354.4 13.4145
13366.4 13.4215
13378.4 13.4285
13390.4 13.4355
13402.4 13.4424
13414.4 13.4493
13426.4 13.4561
13438.4 13.4629
13450.5 13.4696
13462.5 13.4763
13474.5 13.4829
13486.5 13.4895
13498.5 13.4961
13510.5 13.5026
13522.5 13.509
13534.5 13.5155
13546.5 13.5218
13558.6 13.5282
13570.6 13.5345
13582.6 13.5407
13594.6 13.5469
13606.6 13.5531
13618.6 13.5592
13630.6 13.5653
13642.6 13.5714
13654.7 13.5774
13666.7 13.5833
13678.7 13.5893
13690.7 13.5952
13702.7 13.601
13714.7 13.6068
13726.7 13.6126
13738.7 13.6183
13750.8 13.624
13762.8 13.6297
13774.8 13.6353
13786.8 13.6409
13798.8 13.6464
13810.8 13.6519
13822.8 13.6574
13834.8 13.6628
13846.8 13.6682
13858.9 13.6736
13870.9 13.6789
13882.9 13.6842
13894.9 13.6895
13906.9 13.6947
13918.9 13.6999
13930.9 13.7051
13942.9 13.7102
13955 13.7153
13967 13.7203
13979 13.7254
13991 13.7303
14003 13.7353
14015 13.7402
14027 13.7451
14039 13.75
14051.1 13.7548
14063.1 13.7596
14075.1 13.7643
14087.1 13.7691
14099.1 13.7738
14111.1 13.7784
14123.1 13.7831
14135.1 13.7877
14147.1 13.7923
14159.2 13.7968
14171.2 13.8013
14183.2 13.8058
14195.2 13.8103
14207.2 13.8147
14219.2 13.8191
14231.2 13.8235
14243.2 13.8278
14255.3 13.8321
14267.3 13.8364
14279.3 13.8406
14291.3 13.8449
14303.3 13.8491
14315.3 13.8532
14327.3 13.8574
14339.3 13.8615
14351.4 13.8656
14363.4 13.8696
14375.4 13.8737
14387.4 13.8777
14399.4 13.8816
14411.4 13.8856
14423.4 13.8895
14435.4 13.8934
14447.4 13.8973
14459.5 13.9011
14471.5 13.9049
14483.5 13.9087
14495.5 13.9125
14507.5 13.9163
14519.5 13.92
14531.5 13.9237
14543.5 13.9273
14555.6 13.931
14567.6 13.9346
14579.6 13.9382
14591.6 13.9418
14603.6 13.9453
14615.6 13.9488
14627.6 13.9523
14639.6 13.9558
14651.7 13.9593
14663.7 13.9627
14675.7 13.9661
14687.7 13.9695
14699.7 13.9729
14711.7 13.9762
14723.7 13.9795
14735.7 13.9828
14747.7 13.9861
14759.8 13.9893
14771.8 13.9925
14783.8 13.9957
14795.8 13.9989
14807.8 14.0021
14819.8 14.0052
14831.8 14.0083
14843.8 14.0114
14855.9 14.0145
14867.9 14.0176
14879.9 14.0206
14891.9 14.0236
14903.9 14.0266
14915.9 14.0296
14927.9 14.0325
14939.9 14.0354
14952 14.0383
14964 14.0412
14976 14.0441
14988 14.0469
15000 14.0498
15012 14.0526
15024 14.0554
15036 14.0581
15048 14.0609
15060.1 14.0636
15072.1 14.0663
15084.1 14.069
15096.1 14.0717
15108.1 14.0743
15120.1 14.077
15132.1 14.0796
15144.1 14.0822
15156.2 14.0848
15168.2 14.0873
15180.2 14.0899
15192.2 14.0924
15204.2 14.0949
15216.2 14.0974
15228.2 14.0998
15240.2 14.1023
15252.3 14.1047
15264.3 14.1071
15276.3 14.1095
15288.3 14.1119
15300.3 14.1143
15312.3 14.1166
15324.3 14.119
15336.3 14.1213
15348.3 14.1236
15360.4 14.1259
15372.4 14.1281
15384.4 14.1304
15396.4 14.1326
15408.4 14.1348
15420.4 14.137
15432.4 14.1392
15444.4 14.1413
15456.5 14.1435
15468.5 14.1456
15480.5 14.1477
15492.5 14.1498
15504.5 14.1519
15516.5 14.154
15528.5 14.156
15540.5 14.1581
15552.6 14.1601
15564.6 14.1621
15576.6 14.1641
15588.6 14.1661
15600.6 14.168
15612.6 14.17
15624.6 14.1719
15636.6 14.1738
15648.6 14.1757
15660.7 14.1776
15672.7 14.1795
15684.7 14.1813
15696.7 14.1832
15708.7 14.185
15720.7 14.1868
15732.7 14.1886
15744.7 14.1904
15756.8 14.1922
15768.8 14.1939
15780.8 14.1957
15792.8 14.1974
15804.8 14.1991
15816.8 14.2008
15828.8 14.2025
15840.8 14.2042
15852.9 14.2058
15864.9 14.2075
15876.9 14.2091
15888.9 14.2107
15900.9 14.2123
15912.9 14.2139
15924.9 14.2155
15936.9 14.2171
15948.9 14.2186
15961 14.2201
15973 14.2217
15985 14.2232
15997 14.2247
16009 14.2262
16021 14.2276
16033 14.2291
16045 14.2306
16057.1 14.232
16069.1 14.2334
16081.1 14.2348
16093.1 14.2362
16105.1 14.2376
16117.1 14.239
16129.1 14.2404
16141.1 14.2417
16153.2 14.243
16165.2 14.2444
16177.2 14.2457
16189.2 14.247
16201.2 14.2483
16213.2 14.2496
16225.2 14.2508
16237.2 14.2521
16249.2 14.2533
16261.3 14.2546
16273.3 14.2558
16285.3 14.257
16297.3 14.2582
16309.3 14.2594
16321.3 14.2606
16333.3 14.2617
16345.3 14.2629
16357.4 14.264
16369.4 14.2651
16381.4 14.2663
16393.4 14.2674
16405.4 14.2685
16417.4 14.2696
16429.4 14.2706
16441.4 14.2717
16453.5 14.2728
16465.5 14.2738
16477.5 14.2748
16489.5 14.2759
16501.5 14.2769
16513.5 14.2779
16525.5 14.2789
16537.5 14.2799
16549.5 14.2808
16561.6 14.2818
16573.6 14.2827
16585.6 14.2837
16597.6 14.2846
16609.6 14.2855
16621.6 14.2864
16633.6 14.2873
16645.6 14.2882
16657.7 14.2891
16669.7 14.29
16681.7 14.2908
16693.7 14.2917
16705.7 14.2925
16717.7 14.2934
16729.7 14.2942
16741.7 14.295
16753.8 14.2958
16765.8 14.2966
16777.8 14.2974
16789.8 14.2982
16801.8 14.2989
16813.8 14.2997
16825.8 14.3004
16837.8 14.3012
16849.8 14.3019
16861.9 14.3026
16873.9 14.3033
16885.9 14.304
16897.9 14.3047
16909.9 14.3054
16921.9 14.3061
16933.9 14.3067
16945.9 14.3074
16958 14.308
16970 14.3087
16982 14.3093
16994 14.3099
17006 14.3105
17018 14.3111
17030 14.3117
17042 14.3123
17054.1 14.3129
17066.1 14.3134
17078.1 14.314
17090.1 14.3146
17102.1 14.3151
17114.1 14.3156
17126.1 14.3162
17138.1 14.3167
17150.2 14.3172
17162.2 14.3177
17174.2 14.3182
17186.2 14.3187
17198.2 14.3191
17210.2 14.3196
17222.2 14.3201
17234.2 14.3205
17246.2 14.321
17258.3 14.3214
17270.3 14.3218
17282.3 14.3222
17294.3 14.3227
17306.3 14.3231
17318.3 14.3235
17330.3 14.3238
17342.3 14.3242
17354.4 14.3246
17366.4 14.325
17378.4 14.3253
17390.4 14.3257
17402.4 14.326
17414.4 14.3263
17426.4 14.3267
17438.4 14.327
17450.5 14.3273
17462.5 14.3276
17474.5 14.3279
17486.5 14.3282
17498.5 14.3285
17510.5 14.3288
17522.5 14.329
17534.5 14.3293
17546.5 14.3295
17558.6 14.3298
17570.6 14.33
17582.6 14.3303
17594.6 14.3305
17606.6 14.3307
17618.6 14.3309
17630.6 14.3311
17642.6 14.3313
17654.7 14.3315
17666.7 14.3317
17678.7 14.3319
17690.7 14.332
17702.7 14.3322
17714.7 14.3323
17726.7 14.3325
17738.7 14.3326
17750.8 14.3328
17762.8 14.3329
17774.8 14.333
17786.8 14.3331
17798.8 14.3332
17810.8 14.3333
17822.8 14.3334
17834.8 14.3335
17846.8 14.3336
17858.9 14.3337
17870.9 14.3338
17882.9 14.3338
17894.9 14.3339
17906.9 14.3339
17918.9 14.334
17930.9 14.334
17942.9 14.334
17955 14.3341
17967 14.3341
17979 14.3341
17991 14.3341
18003 14.3341
18015 14.3341
18027 14.3341
18039 14.334
18051.1 14.334
18063.1 14.334
18075.1 14.334
18087.1 14.3339
18099.1 14.3339
18111.1 14.3338
18123.1 14.3337
18135.1 14.3337
18147.1 14.3336
18159.2 14.3335
18171.2 14.3334
18183.2 14.3333
18195.2 14.3332
18207.2 14.3331
18219.2 14.333
18231.2 14.3329
18243.2 14.3328
18255.3 14.3327
18267.3 14.3325
18279.3 14.3324
18291.3 14.3322
18303.3 14.3321
18315.3 14.3319
18327.3 14.3318
18339.3 14.3316
18351.4 14.3314
18363.4 14.3313
18375.4 14.3311
18387.4 14.3309
18399.4 14.3307
18411.4 14.3305
18423.4 14.3303
18435.4 14.3301
18447.4 14.3299
18459.5 14.3296
18471.5 14.3294
18483.5 14.3292
18495.5 14.3289
18507.5 14.3287
18519.5 14.3284
18531.5 14.3282
18543.5 14.3279
18555.6 14.3277
18567.6 14.3274
18579.6 14.3271
18591.6 14.3268
18603.6 14.3265
18615.6 14.3263
18627.6 14.326
18639.6 14.3257
18651.7 14.3254
18663.7 14.325
18675.7 14.3247
18687.7 14.3244
18699.7 14.3241
18711.7 14.3237
18723.7 14.3234
18735.7 14.3231
18747.7 14.3227
18759.8 14.3224
18771.8 14.322
18783.8 14.3217
18795.8 14.3213
18807.8 14.3209
18819.8 14.3205
18831.8 14.3202
18843.8 14.3198
18855.9 14.3194
18867.9 14.319
18879.9 14.3186
18891.9 14.3182
18903.9 14.3178
18915.9 14.3174
18927.9 14.3169
18939.9 14.3165
18952 14.3161
18964 14.3156
18976 14.3152
18988 14.3148
19000 14.3143
