7000 -0.853763
7012.01 -0.842343
7024.02 -0.830832
7036.04 -0.819229
7048.05 -0.807534
7060.06 -0.795747
7072.07 -0.783865
7084.08 -0.771889
7096.1 -0.759817
7108.11 -0.747649
7120.12 -0.735385
7132.13 -0.723022
7144.14 -0.710561
7156.16 -0.698001
7168.17 -0.685341
7180.18 -0.67258
7192.19 -0.659717
7204.2 -0.646751
7216.22 -0.633683
7228.23 -0.620509
7240.24 -0.607231
7252.25 -0.593847
7264.26 -0.580356
7276.28 -0.566757
7288.29 -0.55305
7300.3 -0.539233
7312.31 -0.525306
7324.32 -0.511267
7336.34 -0.497117
7348.35 -0.482853
7360.36 -0.468475
7372.37 -0.453982
7384.38 -0.439374
7396.4 -0.424648
7408.41 -0.409805
7420.42 -0.394843
7432.43 -0.379761
7444.44 -0.364558
7456.46 -0.349234
7468.47 -0.333787
7480.48 -0.309731
7492.49 -0.27901
7504.5 -0.248114
7516.52 -0.217044
7528.53 -0.185798
7540.54 -0.154375
7552.55 -0.122774
7564.56 -0.0909933
7576.58 -0.0590328
7588.59 -0.0625977
7600.6 -0.0748997
7612.61 -0.0871591
7624.62 -0.0993749
7636.64 -0.111546
7648.65 -0.123671
7660.66 -0.135749
7672.67 -0.147778
7684.68 -0.15797
7696.7 -0.124566
7708.71 -0.0909695
7720.72 -0.0571783
7732.73 -0.0231916
7744.74 0.0109919
7756.76 0.0453733
7768.77 0.079954
7780.78 0.114735
7792.79 0.15066
7804.8 0.189259
7816.82 0.228073
7828.83 0.267103
7840.84 0.306349
7852.85 0.345815
7864.86 0.3855
7876.88 0.425406
7888.89 0.465534
7900.9 0.487756
7912.91 0.492904
7924.92 0.49817
7936.94 0.503557
7948.95 0.509065
7960.96 0.514697
7972.97 0.520452
7984.98 0.526333
7997 0.532342
8009.01 0.555793
8021.02 0.585207
8033.03 0.614821
8045.05 0.644637
8057.06 0.674657
8069.07 0.704882
8081.08 0.735313
8093.09 0.765951
8105.11 0.796799
8117.12 0.788181
8129.13 0.779138
8141.14 0.77019
8153.15 0.761339
8165.17 0.752585
8177.18 0.743931
8189.19 0.735378
8201.2 0.726927
8213.21 0.741058
8225.23 0.833625
8237.24 0.926594
8249.25 1.01997
8261.26 1.11374
8273.27 1.20793
8285.29 1.30252
8297.3 1.39752
8309.31 1.49293
8321.32 1.53755
8333.33 1.52237
8345.35 1.50728
8357.36 1.49228
8369.37 1.47739
8381.38 1.4626
8393.39 1.4479
8405.41 1.43331
8417.42 1.41883
8429.43 1.45666
8441.44 1.5174
8453.45 1.57847
8465.47 1.63987
8477.48 1.70159
8489.49 1.76364
8501.5 1.82602
8513.51 1.88874
8525.53 1.95178
8537.54 1.90536
8549.55 1.85118
8561.56 1.797
8573.57 1.74284
8585.59 1.68869
8597.6 1.63455
8609.61 1.58042
8621.62 1.52632
8633.63 1.48734
8645.65 1.52183
8657.66 1.55658
8669.67 1.5916
8681.68 1.6269
8693.69 1.66246
8705.71 1.69831
8717.72 1.73443
8729.73 1.77083
8741.74 1.80751
8753.75 1.84448
8765.77 1.88173
8777.78 1.91927
8789.79 1.95709
8801.8 1.99521
8813.81 2.03362
8825.83 2.07232
8837.84 2.11131
8849.85 2.15061
8861.86 2.1902
8873.87 2.2301
8885.89 2.27029
8897.9 2.31079
8909.91 2.3516
8921.92 2.39271
8933.93 2.43414
8945.95 2.47587
8957.96 2.51792
8969.97 2.56028
8981.98 2.60296
8993.99 2.64595
9006.01 2.68927
9018.02 2.7329
9030.03 2.77686
9042.04 2.82114
9054.05 2.86575
9066.07 2.91069
9078.08 2.95595
9090.09 3.00155
9102.1 3.04747
9114.11 3.09373
9126.13 3.14033
9138.14 3.18726
9150.15 3.23452
9162.16 3.28213
9174.17 3.33007
9186.19 3.37836
9198.2 3.42699
9210.21 3.47597
9222.22 3.52528
9234.23 3.57495
9246.25 3.62496
9258.26 3.67532
9270.27 3.72603
9282.28 3.77709
9294.29 3.8285
9306.31 3.88027
9318.32 3.93238
9330.33 3.98486
9342.34 4.03768
9354.35 4.09086
9366.37 4.1444
9378.38 4.19829
9390.39 4.25254
9402.4 4.30715
9414.41 4.36212
9426.43 4.41745
9438.44 4.47313
9450.45 4.52917
9462.46 4.58558
9474.47 4.64234
9486.49 4.69946
9498.5 4.75694
9510.51 4.81479
9522.52 4.87299
9534.53 4.93154
9546.55 4.99046
9558.56 5.04974
9570.57 5.10937
9582.58 5.16936
9594.59 5.22971
9606.61 5.29041
9618.62 5.35147
9630.63 5.41288
9642.64 5.47465
9654.65 5.53677
9666.67 5.59923
9678.68 5.66205
9690.69 5.72521
9702.7 5.78872
9714.71 5.85258
9726.73 5.91677
9738.74 5.98131
9750.75 6.04618
9762.76 6.1114
9774.77 6.17694
9786.79 6.24282
9798.8 6.30903
9810.81 6.37556
9822.82 6.44242
9834.83 6.50959
9846.85 6.57709
9858.86 6.6449
9870.87 6.71302
9882.88 6.78145
9894.89 6.85018
9906.91 6.91921
9918.92 6.98854
9930.93 7.05816
9942.94 7.12806
9954.95 7.19825
9966.97 7.26872
9978.98 7.33946
9990.99 7.41047
10003 7.48175
10015 7.55328
10027 7.62506
10039 7.69709
10051.1 7.76937
10063.1 7.84187
10075.1 7.91461
10087.1 7.98757
10099.1 8.06074
10111.1 8.13412
10123.1 8.20771
10135.1 8.28149
10147.1 8.35546
10159.2 8.4296
10171.2 8.50392
10183.2 8.57841
10195.2 8.65305
10207.2 8.72783
10219.2 8.80276
10231.2 8.87782
10243.2 8.95299
10255.3 9.02828
10267.3 9.10368
10279.3 9.17916
10291.3 9.25473
10303.3 9.33037
10315.3 9.40607
10327.3 9.48183
10339.3 9.55763
10351.4 9.63346
10363.4 9.70931
10375.4 9.78517
10387.4 9.86102
10399.4 9.93686
10411.4 10.0127
10423.4 10.0885
10435.4 10.1642
10447.4 10.2398
10459.5 10.3154
10471.5 10.3909
10483.5 10.4663
10495.5 10.5416
10507.5 10.6167
10519.5 10.6918
10531.5 10.7666
10543.5 10.8413
10555.6 10.9158
10567.6 10.9901
10579.6 11.0642
10591.6 11.138
10603.6 11.2117
10615.6 11.285
10627.6 11.3581
10639.6 11.4309
10651.7 11.5034
10663.7 11.5756
10675.7 11.6475
10687.7 11.719
10699.7 11.7901
10711.7 11.8608
10723.7 11.9312
10735.7 12.0012
10747.7 12.0707
10759.8 12.1397
10771.8 12.2084
10783.8 12.2765
10795.8 12.3441
10807.8 12.4113
10819.8 12.4779
10831.8 12.5439
10843.8 12.6094
10855.9 12.6743
10867.9 12.7387
10879.9 12.8024
10891.9 12.8655
10903.9 12.928
10915.9 12.9898
10927.9 13.0509
10939.9 13.1113
10952 13.171
10964 13.23
10976 13.2883
10988 13.3458
11000 13.4026
11012 13.4585
11024 13.5137
11036 13.5681
11048 13.6216
11060.1 13.6742
11072.1 13.726
11084.1 13.777
11096.1 13.827
11108.1 13.8765
11120.1 13.9259
11132.1 13.9743
11144.1 14.0219
11156.2 14.0685
11168.2 14.1141
11180.2 14.1587
11192.2 14.2024
11204.2 14.245
11216.2 14.2988
11228.2 14.3649
11240.2 14.43
11252.3 14.4941
11264.3 14.5573
11276.3 14.6194
11288.3 14.6805
11300.3 14.7405
11312.3 14.7995
11324.3 14.8563
11336.3 14.9115
11348.3 14.9657
11360.4 15.0187
11372.4 15.0707
11384.4 15.1216
11396.4 15.1714
11408.4 15.2202
11420.4 15.2678
11432.4 15.2654
11444.4 15.2588
11456.5 15.251
11468.5 15.242
11480.5 15.2318
11492.5 15.2203
11504.5 15.2076
11516.5 15.1936
11528.5 15.1877
11540.5 15.2211
11552.6 15.2535
11564.6 15.2846
11576.6 15.3147
11588.6 15.3436
11600.6 15.3713
11612.6 15.398
11624.6 15.4235
11636.6 15.4417
11648.6 15.4503
11660.7 15.4577
11672.7 15.464
11684.7 15.4692
11696.7 15.4732
11708.7 15.476
11720.7 15.4778
11732.7 15.4784
11744.7 15.4704
11756.8 15.4574
11768.8 15.4433
11780.8 15.4281
11792.8 15.4118
11804.8 15.3943
11816.8 15.3758
11828.8 15.3562
11840.8 15.3355
11852.9 15.2917
11864.9 15.2442
11876.9 15.1957
11888.9 15.146
11900.9 15.0953
11912.9 15.0435
11924.9 14.9906
11936.9 14.9367
11948.9 14.8874
11961 14.8753
11973 14.8623
11985 14.8484
11997 14.8335
12009 14.8178
12021 14.8012
12033 14.7838
12045 14.7655
12057.1 14.7481
12069.1 14.7328
12081.1 14.7167
12093.1 14.6998
12105.1 14.6822
12117.1 14.6638
12129.1 14.6446
12141.1 14.6247
12153.2 14.6042
12165.2 14.5438
12177.2 14.4571
12189.2 14.3696
12201.2 14.2813
12213.2 14.1923
12225.2 14.1025
12237.2 14.012
12249.2 13.9207
12261.3 13.8288
12273.3 13.8022
12285.3 13.7878
12297.3 13.7729
12309.3 13.7574
12321.3 13.7415
12333.3 13.7252
12345.3 13.7084
12357.4 13.6911
12369.4 13.6739
12381.4 13.6616
12393.4 13.6488
12405.4 13.6357
12417.4 13.6223
12429.4 13.6085
12441.4 13.5943
12453.5 13.5799
12465.5 13.5652
12477.5 13.5137
12489.5 13.3823
12501.5 13.2504
12513.5 13.118
12525.5 12.9852
12537.5 12.852
12549.5 12.7183
12561.6 12.5842
12573.6 12.4496
12585.6 12.3567
12597.6 12.2969
12609.6 12.237
12621.6 12.1768
12633.6 12.1164
12645.6 12.0558
12657.7 11.995
12669.7 11.9341
12681.7 11.873
12693.7 11.74
12705.7 11.5877
12717.7 11.4351
12729.7 11.2823
12741.7 11.1291
12753.8 10.9757
12765.8 10.822
12777.8 10.6681
12789.8 10.5155
12801.8 10.4255
12813.8 10.3355
12825.8 10.2454
12837.8 10.1552
12849.8 10.0649
12861.9 9.97455
12873.9 9.88415
12885.9 9.7937
12897.9 9.70974
12909.9 9.64381
12921.9 9.5779
12933.9 9.51201
12945.9 9.44616
12958 9.38035
12970 9.31459
12982 9.24889
12994 9.18325
13006 9.09574
13018 8.98631
13030 8.87688
13042 8.76745
13054.1 8.65804
13066.1 8.54864
13078.1 8.43927
13090.1 8.32993
13102.1 8.22063
13114.1 8.17297
13126.1 8.14784
13138.1 8.12292
13150.2 8.09821
13162.2 8.07371
13174.2 8.04943
13186.2 8.02538
13198.2 8.00155
13210.2 7.97795
13222.2 7.94368
13234.2 7.90936
13246.2 7.87526
13258.3 7.84139
13270.3 7.80775
13282.3 7.77434
13294.3 7.74117
13306.3 7.70824
13318.3 7.67651
13330.3 7.64864
13342.3 7.62103
13354.4 7.59368
13366.4 7.56659
13378.4 7.53977
13390.4 7.51322
13402.4 7.48693
13414.4 7.46092
13426.4 7.42036
13438.4 7.36141
13450.5 7.30269
13462.5 7.24419
13474.5 7.18591
13486.5 7.12785
13498.5 7.07002
13510.5 7.01241
13522.5 6.95504
13534.5 6.91214
13546.5 6.87604
13558.6 6.84021
13570.6 6.80466
13582.6 6.76937
13594.6 6.73436
13606.6 6.69962
13618.6 6.66516
13630.6 6.63097
13642.6 6.56505
13654.7 6.49653
13666.7 6.42823
13678.7 6.36014
13690.7 6.29228
13702.7 6.22463
13714.7 6.1572
13726.7 6.09
13738.7 6.02535
13750.8 5.97307
13762.8 5.92104
13774.8 5.86926
13786.8 5.81772
13798.8 5.76644
13810.8 5.71539
13822.8 5.6646
13834.8 5.61405
13846.8 5.57052
13858.9 5.53763
13870.9 5.50502
13882.9 5.47268
13894.9 5.44062
13906.9 5.40884
13918.9 5.37733
13930.9 5.34609
13942.9 5.31513
13955 5.28453
13967 5.25424
13979 5.22423
13991 5.19449
14003 5.16502
14015 5.13583
14027 5.10691
14039 5.07826
14051.1 5.04988
14063.1 5.05026
14075.1 5.05517
14087.1 5.06041
14099.1 5.06598
14111.1 5.07187
14123.1 5.07808
14135.1 5.08461
14147.1 5.09146
14159.2 5.09297
14171.2 5.04632
14183.2 4.9999
14195.2 4.95371
14207.2 4.90775
14219.2 4.862
14231.2 4.81649
14243.2 4.77119
14255.3 4.72612
14267.3 4.68215
14279.3 4.64011
14291.3 4.5983
14303.3 4.55671
14315.3 4.51534
14327.3 4.4742
14339.3 4.43327
14351.4 4.39256
14363.4 4.35207
14375.4 4.30777
14387.4 4.26076
14399.4 4.21396
14411.4 4.16736
14423.4 4.12096
14435.4 4.07476
14447.4 4.02876
14459.5 3.98296
14471.5 3.93735
14483.5 3.87577
14495.5 3.81067
14507.5 3.74573
14519.5 3.68095
14531.5 3.61633
14543.5 3.55187
14555.6 3.48756
14567.6 3.42341
14579.6 3.36131
14591.6 3.33105
14603.6 3.30099
14615.6 3.27113
14627.6 3.24149
14639.6 3.21205
14651.7 3.18281
14663.7 3.15377
14675.7 3.12494
14687.7 3.10111
14699.7 3.08922
14711.7 3.07756
14723.7 3.06613
14735.7 3.05491
14747.7 3.04392
14759.8 3.03316
14771.8 3.02261
14783.8 3.01228
14795.8 2.99948
14807.8 2.98447
14819.8 2.96966
14831.8 2.95505
14843.8 2.94066
14855.9 2.92646
14867.9 2.91247
14879.9 2.89869
14891.9 2.8851
14903.9 2.85595
14915.9 2.82216
14927.9 2.78854
14939.9 2.75508
14952 2.72178
14964 2.68864
14976 2.65567
14988 2.62285
15000 2.5902
15012 2.55277
15024 2.51549
15036 2.47836
15048 2.44138
15060.1 2.40454
15072.1 2.36785
15084.1 2.3313
15096.1 2.2949
15108.1 2.25745
15120.1 2.21623
15132.1 2.17514
15144.1 2.13418
15156.2 2.09335
15168.2 2.05266
15180.2 2.01209
15192.2 1.97164
15204.2 1.93133
15216.2 1.88457
15228.2 1.83068
15240.2 1.7769
15252.3 1.72322
15264.3 1.66963
15276.3 1.61615
15288.3 1.56276
15300.3 1.50948
15312.3 1.45628
15324.3 1.43567
15336.3 1.42849
15348.3 1.42149
15360.4 1.41465
15372.4 1.40797
15384.4 1.40145
15396.4 1.3951
15408.4 1.38891
15420.4 1.38287
15432.4 1.34421
15444.4 1.30369
15456.5 1.26327
15468.5 1.22296
15480.5 1.18274
15492.5 1.14263
15504.5 1.10262
15516.5 1.0627
15528.5 1.02773
15540.5 1.01409
15552.6 1.0006
15564.6 0.987244
15576.6 0.974022
15588.6 0.960936
15600.6 0.947984
15612.6 0.935165
15624.6 0.922479
15636.6 0.890903
15648.6 0.833065
15660.7 0.775287
15672.7 0.71757
15684.7 0.659911
15696.7 0.602311
15708.7 0.544769
15720.7 0.487284
15732.7 0.429855
15744.7 0.368733
15756.8 0.30574
15768.8 0.242792
15780.8 0.179889
15792.8 0.11703
15804.8 0.054214
15816.8 -0.00855907
15828.8 -0.0712901
15840.8 -0.13398
15852.9 -0.19625
15864.9 -0.258435
15876.9 -0.320581
15888.9 -0.382687
15900.9 -0.444755
15912.9 -0.506784
15924.9 -0.568777
15936.9 -0.630733
15948.9 -0.693552
15961 -0.76242
15973 -0.831264
15985 -0.900084
15997 -0.968882
16009 -1.03766
16021 -1.10641
16033 -1.17514
16045 -1.24385
16057.1 -1.29943
16069.1 -1.33272
16081.1 -1.36594
16093.1 -1.39909
16105.1 -1.43217
16117.1 -1.46518
16129.1 -1.49812
16141.1 -1.531
16153.2 -1.5638
16165.2 -1.50847
16177.2 -1.39537
16189.2 -1.28198
16201.2 -1.1683
16213.2 -1.05435
16225.2 -0.940116
16237.2 -0.825601
16249.2 -0.710806
16261.3 -0.595731
16273.3 -0.592321
16285.3 -0.610358
16297.3 -0.628315
16309.3 -0.646192
16321.3 -0.663989
16333.3 -0.681706
16345.3 -0.699345
16357.4 -0.716906
16369.4 -0.734388
16381.4 -0.751794
16393.4 -0.769123
16405.4 -0.786375
16417.4 -0.803552
16429.4 -0.820654
16441.4 -0.83768
16453.5 -0.854633
16465.5 -0.871511
16477.5 -0.888317
16489.5 -0.905049
16501.5 -0.921709
16513.5 -0.938296
16525.5 -0.954813
16537.5 -0.971258
16549.5 -0.987633
16561.6 -1.00394
16573.6 -1.02017
16585.6 -1.03634
16597.6 -1.05243
16609.6 -1.06846
16621.6 -1.08442
16633.6 -1.10031
16645.6 -1.11614
16657.7 -1.1319
16669.7 -1.14759
16681.7 -1.16322
16693.7 -1.17878
16705.7 -1.19427
16717.7 -1.20971
16729.7 -1.22507
16741.7 -1.24038
16753.8 -1.25562
16765.8 -1.27079
16777.8 -1.28591
16789.8 -1.30096
16801.8 -1.31595
16813.8 -1.33088
16825.8 -1.34575
16837.8 -1.36055
16849.8 -1.3753
16861.9 -1.38999
16873.9 -1.40461
16885.9 -1.41918
16897.9 -1.43369
16909.9 -1.44814
16921.9 -1.46253
16933.9 -1.47686
16945.9 -1.49114
16958 -1.50536
16970 -1.51952
16982 -1.53363
16994 -1.54768
17006 -1.56167
17018 -1.57561
17030 -1.5895
17042 -1.60333
17054.1 -1.6171
17066.1 -1.63082
17078.1 -1.64449
17090.1 -1.65811
17102.1 -1.67167
17114.1 -1.68518
17126.1 -1.69863
17138.1 -1.71203
17150.2 -1.72539
17162.2 -1.73869
17174.2 -1.75194
17186.2 -1.76513
17198.2 -1.77828
17210.2 -1.79138
17222.2 -1.80443
17234.2 -1.81742
17246.2 -1.83037
17258.3 -1.84327
17270.3 -1.85612
17282.3 -1.86893
17294.3 -1.88168
17306.3 -1.89439
17318.3 -1.90704
17330.3 -1.91965
17342.3 -1.93222
17354.4 -1.94474
17366.4 -1.95721
17378.4 -1.96963
17390.4 -1.98201
17402.4 -1.99434
17414.4 -2.00663
17426.4 -2.01887
17438.4 -2.03107
17450.5 -2.04322
17462.5 -2.05533
17474.5 -2.06739
17486.5 -2.07941
17498.5 -2.09139
17510.5 -2.10332
17522.5 -2.11521
17534.5 -2.12706
17546.5 -2.13886
17558.6 -2.15062
17570.6 -2.16234
17582.6 -2.17402
17594.6 -2.18566
17606.6 -2.19725
17618.6 -2.2088
17630.6 -2.22032
17642.6 -2.23179
17654.7 -2.24322
17666.7 -2.25461
17678.7 -2.26596
17690.7 -2.27727
17702.7 -2.28854
17714.7 -2.29978
17726.7 -2.31097
17738.7 -2.32212
17750.8 -2.33324
17762.8 -2.34432
17774.8 -2.35535
17786.8 -2.36636
17798.8 -2.37732
17810.8 -2.38824
17822.8 -2.39913
17834.8 -2.40998
17846.8 -2.4208
17858.9 -2.43157
17870.9 -2.44231
17882.9 -2.45302
17894.9 -2.46368
17906.9 -2.47432
17918.9 -2.48491
17930.9 -2.49547
17942.9 -2.506
17955 -2.51649
17967 -2.52694
17979 -2.53736
17991 -2.54775
18003 -2.5581
18015 -2.56842
18027 -2.5787
18039 -2.58895
18051.1 -2.59916
18063.1 -2.60934
18075.1 -2.61949
18087.1 -2.62961
18099.1 -2.63969
18111.1 -2.64974
18123.1 -2.65975
18135.1 -2.66974
18147.1 -2.67969
18159.2 -2.68961
18171.2 -2.6995
18183.2 -2.70936
18195.2 -2.71918
18207.2 -2.72897
18219.2 -2.73874
18231.2 -2.74847
18243.2 -2.75817
18255.3 -2.76784
18267.3 -2.77748
18279.3 -2.78708
18291.3 -2.79666
18303.3 -2.80621
18315.3 -2.81573
18327.3 -2.82522
18339.3 -2.83467
18351.4 -2.8441
18363.4 -2.8535
18375.4 -2.86287
18387.4 -2.87222
18399.4 -2.88153
18411.4 -2.89081
18423.4 -2.90007
18435.4 -2.9093
18447.4 -2.91849
18459.5 -2.92766
18471.5 -2.93681
18483.5 -2.94592
18495.5 -2.95501
18507.5 -2.96407
18519.5 -2.9731
18531.5 -2.98211
18543.5 -2.99108
18555.6 -3.00004
18567.6 -3.00896
18579.6 -3.01786
18591.6 -3.02673
18603.6 -3.03557
18615.6 -3.04439
18627.6 -3.05318
18639.6 -3.06195
18651.7 -3.07069
18663.7 -3.0794
18675.7 -3.08809
18687.7 -3.09675
18699.7 -3.10539
18711.7 -3.114
18723.7 -3.12259
18735.7 -3.13115
18747.7 -3.13969
18759.8 -3.1482
18771.8 -3.15669
18783.8 -3.16515
18795.8 -3.17359
18807.8 -3.182
18819.8 -3.19039
18831.8 -3.19876
18843.8 -3.2071
18855.9 -3.21542
18867.9 -3.22372
18879.9 -3.23199
18891.9 -3.24023
18903.9 -3.24846
18915.9 -3.25666
18927.9 -3.26484
18939.9 -3.27299
18952 -3.28112
18964 -3.28923
18976 -3.29732
18988 -3.30538
19000 -3.31343
