7000 -21.2877
7012.01 -21.3169
7024.02 -21.3447
7036.04 -21.3709
7048.05 -21.3954
7060.06 -21.4183
7072.07 -21.4395
7084.08 -21.4589
7096.1 -21.4765
7108.11 -21.4923
7120.12 -21.5061
7132.13 -21.518
7144.14 -21.528
7156.16 -21.5361
7168.17 -21.5421
7180.18 -21.5463
7192.19 -21.5485
7204.2 -21.5488
7216.22 -21.5474
7228.23 -21.5443
7240.24 -21.5396
7252.25 -21.5336
7264.26 -21.5265
7276.28 -21.5185
7288.29 -21.5101
7300.3 -21.5016
7312.31 -21.4937
7324.32 -21.4869
7336.34 -21.4822
7348.35 -21.4804
7360.36 -21.4827
7372.37 -21.4904
7384.38 -21.5051
7396.4 -21.5288
7408.41 -21.5636
7420.42 -21.6121
7432.43 -21.6774
7444.44 -21.763
7456.46 -21.8727
7468.47 -22.0114
7480.48 -22.184
7492.49 -22.3965
7504.5 -22.6552
7516.52 -22.9672
7528.53 -23.3402
7540.54 -23.782
7552.55 -24.301
7564.56 -24.9055
7576.58 -25.604
7588.59 -26.4049
7600.6 -27.3173
7612.61 -28.3538
7624.62 -29.5443
7636.64 -31.004
7648.65 -32.3331
7660.66 -33.6057
7672.67 -34.8429
7684.68 -36.035
7696.7 -37.1611
7708.71 -38.191
7720.72 -39.08
7732.73 -39.73
7744.74 -40.0079
7756.76 -40.5728
7768.77 -41.1851
7780.78 -41.7874
7792.79 -42.3571
7804.8 -42.8842
7816.82 -43.365
7828.83 -43.7989
7840.84 -44.1836
7852.85 -44.5284
7864.86 -44.863
7876.88 -45.1838
7888.89 -45.4968
7900.9 -45.8103
7912.91 -46.1345
7924.92 -46.484
7936.94 -46.8858
7948.95 -47.4679
7960.96 -47.9576
7972.97 -48.3269
7984.98 -48.6421
7997 -48.9232
8009.01 -49.1805
8021.02 -49.4202
8033.03 -49.6457
8045.05 -49.8561
8057.06 -50.0338
8069.07 -50.2471
8081.08 -50.4876
8093.09 -50.7524
8105.11 -51.0451
8117.12 -51.3728
8129.13 -51.7479
8141.14 -52.1954
8153.15 -52.7866
8165.17 -53.6599
8177.18 -54.1696
8189.19 -54.5225
8201.2 -54.7683
8213.21 -54.9219
8225.23 -54.984
8237.24 -54.9428
8249.25 -54.7632
8261.26 -54.3057
8273.27 -53.6103
8285.29 -53.3774
8297.3 -53.3143
8309.31 -53.3744
8321.32 -53.5464
8333.33 -53.8368
8345.35 -54.2734
8357.36 -54.9318
8369.37 -56.2622
8381.38 -57.3178
8393.39 -57.8262
8405.41 -58.0565
8417.42 -58.0644
8429.43 -57.8601
8441.44 -57.426
8453.45 -56.7064
8465.47 -55.5459
8477.48 -53.211
8489.49 -51.757
8501.5 -50.8722
8513.51 -50.2969
8525.53 -49.9512
8537.54 -49.8037
8549.55 -49.8482
8561.56 -50.1065
8573.57 -50.6711
8585.59 -51.7887
8597.6 -52.4363
8609.61 -52.9166
8621.62 -53.3161
8633.63 -53.6668
8645.65 -53.9853
8657.66 -54.2811
8669.67 -54.5604
8681.68 -54.8275
8693.69 -55.0852
8705.71 -55.3358
8717.72 -55.5809
8729.73 -55.8218
8741.74 -56.0595
8753.75 -56.2948
8765.77 -56.5282
8777.78 -56.7604
8789.79 -56.9917
8801.8 -57.2225
8813.81 -57.4531
8825.83 -57.6837
8837.84 -57.9145
8849.85 -58.1457
8861.86 -58.3774
8873.87 -58.6099
8885.89 -58.8431
8897.9 -59.0772
8909.91 -59.3123
8921.92 -59.5484
8933.93 -59.7856
8945.95 -60.024
8957.96 -60.2635
8969.97 -60.5043
8981.98 -60.7463
8993.99 -60.9896
9006.01 -61.2343
9018.02 -61.4803
9030.03 -61.7276
9042.04 -61.9763
9054.05 -62.2264
9066.07 -62.4779
9078.08 -62.7308
9090.09 -62.9851
9102.1 -63.2408
9114.11 -63.498
9126.13 -63.7565
9138.14 -64.0164
9150.15 -64.2777
9162.16 -64.5405
9174.17 -64.8046
9186.19 -65.0701
9198.2 -65.337
9210.21 -65.6052
9222.22 -65.8748
9234.23 -66.1458
9246.25 -66.418
9258.26 -66.6916
9270.27 -66.9664
9282.28 -67.2425
9294.29 -67.5199
9306.31 -67.7985
9318.32 -68.0783
9330.33 -68.3593
9342.34 -68.6415
9354.35 -68.9248
9366.37 -69.2092
9378.38 -69.4947
9390.39 -69.7812
9402.4 -70.0687
9414.41 -70.3572
9426.43 -70.6466
9438.44 -70.937
9450.45 -71.2282
9462.46 -71.5202
9474.47 -71.813
9486.49 -72.1066
9498.5 -72.4008
9510.51 -72.6956
9522.52 -72.9911
9534.53 -73.2871
9546.55 -73.5835
9558.56 -73.8803
9570.57 -74.1775
9582.58 -74.475
9594.59 -74.7727
9606.61 -75.0706
9618.62 -75.3685
9630.63 -75.6664
9642.64 -75.9643
9654.65 -76.262
9666.67 -76.5594
9678.68 -76.8565
9690.69 -77.1532
9702.7 -77.4493
9714.71 -77.7448
9726.73 -78.0396
9738.74 -78.3335
9750.75 -78.6265
9762.76 -78.9184
9774.77 -79.2091
9786.79 -79.4985
9798.8 -79.7865
9810.81 -80.0728
9822.82 -80.3574
9834.83 -80.6402
9846.85 -80.9209
9858.86 -81.1994
9870.87 -81.4756
9882.88 -81.7492
9894.89 -82.0202
9906.91 -82.2882
9918.92 -82.5532
9930.93 -82.8149
9942.94 -83.0731
9954.95 -83.3276
9966.97 -83.5782
9978.98 -83.8247
9990.99 -84.0668
10003 -84.3043
10015 -84.5369
10027 -84.7644
10039 -84.9864
10051.1 -85.2028
10063.1 -85.4133
10075.1 -85.6174
10087.1 -85.815
10099.1 -86.0057
10111.1 -86.1891
10123.1 -86.365
10135.1 -86.533
10147.1 -86.6926
10159.2 -86.8437
10171.2 -86.9856
10183.2 -87.1182
10195.2 -87.2409
10207.2 -87.3533
10219.2 -87.455
10231.2 -87.5455
10243.2 -87.6244
10255.3 -87.6912
10267.3 -87.7453
10279.3 -87.7864
10291.3 -87.8139
10303.3 -87.8272
10315.3 -87.8258
10327.3 -87.8092
10339.3 -87.7767
10351.4 -87.7277
10363.4 -87.6617
10375.4 -87.5781
10387.4 -87.4761
10399.4 -87.3552
10411.4 -87.2146
10423.4 -87.0537
10435.4 -86.8718
10447.4 -86.6681
10459.5 -86.442
10471.5 -86.1927
10483.5 -85.9194
10495.5 -85.6214
10507.5 -85.2978
10519.5 -84.9479
10531.5 -84.5708
10543.5 -84.1658
10555.6 -83.7319
10567.6 -83.2683
10579.6 -82.7742
10591.6 -82.2487
10603.6 -81.6908
10615.6 -81.0997
10627.6 -80.4746
10639.6 -79.8144
10651.7 -79.1182
10663.7 -78.3852
10675.7 -77.6143
10687.7 -76.8047
10699.7 -75.9554
10711.7 -75.0655
10723.7 -74.1339
10735.7 -73.1598
10747.7 -72.1422
10759.8 -71.0802
10771.8 -69.9727
10783.8 -68.8188
10795.8 -67.6176
10807.8 -66.3681
10819.8 -65.0692
10831.8 -63.7201
10843.8 -62.3197
10855.9 -60.867
10867.9 -59.3609
10879.9 -57.8005
10891.9 -56.1844
10903.9 -54.5117
10915.9 -52.781
10927.9 -50.9909
10939.9 -49.14
10952 -47.2265
10964 -45.2486
10976 -43.2039
10988 -41.0897
11000 -38.9027
11012 -36.6386
11024 -34.2919
11036 -31.8551
11048 -29.3178
11060.1 -26.6643
11072.1 -23.8693
11084.1 -20.8865
11096.1 -17.6061
11108.1 -13.4669
11120.1 -9.8947
11132.1 -6.7973
11144.1 -3.95221
11156.2 -1.29813
11168.2 1.18561
11180.2 3.49682
11192.2 5.60708
11204.2 7.41992
11216.2 8.61445
11228.2 10.3075
11240.2 12.2033
11252.3 14.1901
11264.3 16.2224
11276.3 18.2704
11288.3 20.3072
11300.3 22.2967
11312.3 24.1505
11324.3 25.7852
11336.3 27.7805
11348.3 29.9174
11360.4 32.1484
11372.4 34.4546
11384.4 36.8287
11396.4 39.2732
11408.4 41.8076
11420.4 44.5408
11432.4 47.3357
11444.4 49.8461
11456.5 52.2349
11468.5 54.5237
11480.5 56.7143
11492.5 58.797
11504.5 60.7479
11516.5 62.5079
11528.5 63.7642
11540.5 65.2605
11552.6 66.9971
11564.6 68.8322
11576.6 70.7227
11588.6 72.6463
11600.6 74.5887
11612.6 76.5389
11624.6 78.4844
11636.6 80.3976
11648.6 82.3492
11660.7 84.3205
11672.7 86.303
11684.7 88.2949
11696.7 90.2978
11708.7 92.3174
11720.7 94.368
11732.7 96.4962
11744.7 98.7685
11756.8 100.797
11768.8 102.716
11780.8 104.554
11792.8 106.323
11804.8 108.026
11816.8 109.663
11828.8 111.227
11840.8 112.683
11852.9 114.06
11864.9 115.5
11876.9 116.939
11888.9 118.369
11900.9 119.785
11912.9 121.187
11924.9 122.578
11936.9 123.965
11948.9 125.39
11961 126.761
11973 128.067
11985 129.331
11997 130.559
12009 131.754
12021 132.917
12033 134.049
12045 135.143
12057.1 136.163
12069.1 137.231
12081.1 138.33
12093.1 139.452
12105.1 140.603
12117.1 141.795
12129.1 143.049
12141.1 144.408
12153.2 145.996
12165.2 148.051
12177.2 149.465
12189.2 150.596
12201.2 151.532
12213.2 152.304
12225.2 152.92
12237.2 153.373
12249.2 153.629
12261.3 153.544
12273.3 153.155
12285.3 153.203
12297.3 153.379
12309.3 153.626
12321.3 153.927
12333.3 154.275
12345.3 154.674
12357.4 155.143
12369.4 155.82
12381.4 156.415
12393.4 156.848
12405.4 157.203
12417.4 157.5
12429.4 157.745
12441.4 157.941
12453.5 158.085
12465.5 158.162
12477.5 158.093
12489.5 158.105
12501.5 158.166
12513.5 158.248
12525.5 158.346
12537.5 158.458
12549.5 158.586
12561.6 158.739
12573.6 158.944
12585.6 159.263
12597.6 159.437
12609.6 159.545
12621.6 159.609
12633.6 159.638
12645.6 159.637
12657.7 159.606
12669.7 159.548
12681.7 159.458
12693.7 159.338
12705.7 159.208
12717.7 159.061
12729.7 158.894
12741.7 158.704
12753.8 158.489
12765.8 158.244
12777.8 157.959
12789.8 157.585
12801.8 157.211
12813.8 156.889
12825.8 156.58
12837.8 156.273
12849.8 155.964
12861.9 155.647
12873.9 155.315
12885.9 154.958
12897.9 154.529
12909.9 154.147
12921.9 153.8
12933.9 153.468
12945.9 153.143
12958 152.82
12970 152.493
12982 152.154
12994 151.782
13006 151.317
13018 150.977
13030 150.705
13042 150.482
13054.1 150.303
13066.1 150.172
13078.1 150.095
13090.1 150.093
13102.1 150.23
13114.1 150.556
13126.1 150.613
13138.1 150.572
13150.2 150.468
13162.2 150.312
13174.2 150.108
13186.2 149.853
13198.2 149.537
13210.2 149.094
13222.2 148.617
13234.2 148.258
13246.2 147.935
13258.3 147.632
13270.3 147.342
13282.3 147.061
13294.3 146.787
13306.3 146.517
13318.3 146.247
13330.3 145.983
13342.3 145.724
13354.4 145.468
13366.4 145.214
13378.4 144.959
13390.4 144.703
13402.4 144.444
13414.4 144.174
13426.4 143.878
13438.4 143.609
13450.5 143.353
13462.5 143.103
13474.5 142.856
13486.5 142.607
13498.5 142.352
13510.5 142.08
13522.5 141.764
13534.5 141.37
13546.5 141.118
13558.6 140.932
13570.6 140.796
13582.6 140.708
13594.6 140.668
13606.6 140.685
13618.6 140.78
13630.6 141.037
13642.6 141.377
13654.7 141.511
13666.7 141.578
13678.7 141.603
13690.7 141.594
13702.7 141.558
13714.7 141.494
13726.7 141.398
13738.7 141.23
13750.8 141.087
13762.8 140.975
13774.8 140.874
13786.8 140.779
13798.8 140.689
13810.8 140.6
13822.8 140.511
13834.8 140.419
13846.8 140.309
13858.9 140.223
13870.9 140.154
13882.9 140.097
13894.9 140.05
13906.9 140.014
13918.9 139.991
13930.9 139.982
13942.9 139.998
13955 140.052
13967 140.071
13979 140.081
13991 140.088
14003 140.096
14015 140.108
14027 140.127
14039 140.16
14051.1 140.231
14063.1 140.327
14075.1 140.354
14087.1 140.353
14099.1 140.332
14111.1 140.294
14123.1 140.239
14135.1 140.165
14147.1 140.068
14159.2 139.915
14171.2 139.777
14183.2 139.666
14195.2 139.566
14207.2 139.469
14219.2 139.374
14231.2 139.279
14243.2 139.181
14255.3 139.076
14267.3 138.949
14279.3 138.842
14291.3 138.745
14303.3 138.653
14315.3 138.564
14327.3 138.477
14339.3 138.389
14351.4 138.298
14363.4 138.196
14375.4 138.07
14387.4 137.98
14399.4 137.907
14411.4 137.845
14423.4 137.792
14435.4 137.748
14447.4 137.712
14459.5 137.685
14471.5 137.669
14483.5 137.663
14495.5 137.656
14507.5 137.654
14519.5 137.659
14531.5 137.671
14543.5 137.692
14555.6 137.726
14567.6 137.779
14579.6 137.886
14591.6 137.978
14603.6 138.029
14615.6 138.064
14627.6 138.087
14639.6 138.102
14651.7 138.11
14663.7 138.113
14675.7 138.112
14687.7 138.113
14699.7 138.102
14711.7 138.081
14723.7 138.051
14735.7 138.013
14747.7 137.967
14759.8 137.911
14771.8 137.843
14783.8 137.757
14795.8 137.637
14807.8 137.543
14819.8 137.457
14831.8 137.373
14843.8 137.289
14855.9 137.201
14867.9 137.109
14879.9 137.009
14891.9 136.891
14903.9 136.753
14915.9 136.644
14927.9 136.543
14939.9 136.446
14952 136.351
14964 136.255
14976 136.156
14988 136.051
15000 135.925
15012 135.8
15024 135.698
15036 135.604
15048 135.515
15060.1 135.429
15072.1 135.344
15084.1 135.258
15096.1 135.166
15108.1 135.049
15120.1 134.955
15132.1 134.88
15144.1 134.817
15156.2 134.763
15168.2 134.718
15180.2 134.681
15192.2 134.654
15204.2 134.642
15216.2 134.658
15228.2 134.65
15240.2 134.632
15252.3 134.609
15264.3 134.581
15276.3 134.55
15288.3 134.516
15300.3 134.477
15312.3 134.43
15324.3 134.373
15336.3 134.33
15348.3 134.294
15360.4 134.262
15372.4 134.234
15384.4 134.211
15396.4 134.195
15408.4 134.19
15420.4 134.214
15432.4 134.247
15444.4 134.231
15456.5 134.196
15468.5 134.144
15480.5 134.078
15492.5 133.996
15504.5 133.897
15516.5 133.775
15528.5 133.594
15540.5 133.438
15552.6 133.308
15564.6 133.187
15576.6 133.071
15588.6 132.956
15600.6 132.843
15612.6 132.728
15624.6 132.609
15636.6 132.479
15648.6 132.361
15660.7 132.248
15672.7 132.138
15684.7 132.03
15696.7 131.925
15708.7 131.82
15720.7 131.717
15732.7 131.613
15744.7 131.507
15756.8 131.413
15768.8 131.326
15780.8 131.248
15792.8 131.181
15804.8 131.128
15816.8 131.096
15828.8 131.098
15840.8 131.184
15852.9 131.321
15864.9 131.312
15876.9 131.25
15888.9 131.149
15900.9 131.019
15912.9 130.861
15924.9 130.68
15936.9 130.476
15948.9 130.248
15961 130.003
15973 129.741
15985 129.463
15997 129.167
16009 128.854
16021 128.522
16033 128.171
16045 127.798
16057.1 127.385
16069.1 126.983
16081.1 126.582
16093.1 126.178
16105.1 125.771
16117.1 125.361
16129.1 124.952
16141.1 124.552
16153.2 124.181
16165.2 123.884
16177.2 123.457
16189.2 122.966
16201.2 122.427
16213.2 121.843
16225.2 121.214
16237.2 120.539
16249.2 119.805
16261.3 118.972
16273.3 118.051
16285.3 117.247
16297.3 116.474
16309.3 115.717
16321.3 114.97
16333.3 114.234
16345.3 113.511
16357.4 112.812
16369.4 112.202
16381.4 111.544
16393.4 110.801
16405.4 110.012
16417.4 109.187
16429.4 108.33
16441.4 107.445
16453.5 106.53
16465.5 105.585
16477.5 104.594
16489.5 103.6
16501.5 102.597
16513.5 101.579
16525.5 100.545
16537.5 99.4945
16549.5 98.4264
16561.6 97.3391
16573.6 96.2285
16585.6 95.0837
16597.6 93.9519
16609.6 92.8201
16621.6 91.6857
16633.6 90.549
16645.6 89.4123
16657.7 88.2801
16669.7 87.1619
16681.7 86.0897
16693.7 85.0703
16705.7 83.9199
16717.7 82.7131
16729.7 81.464
16741.7 80.1786
16753.8 78.8598
16765.8 77.5087
16777.8 76.1247
16789.8 74.6992
16801.8 73.2489
16813.8 71.7834
16825.8 70.2946
16837.8 68.7789
16849.8 67.2329
16861.9 65.6511
16873.9 64.0242
16885.9 62.3301
16897.9 60.4622
16909.9 58.6991
16921.9 57.0109
16933.9 55.3562
16945.9 53.7214
16958 52.0994
16970 50.4856
16982 48.8758
16994 47.2647
17006 45.6402
17018 44.0383
17030 42.4474
17042 40.8624
17054.1 39.2806
17066.1 37.699
17078.1 36.1137
17090.1 34.5182
17102.1 32.8933
17114.1 31.2248
17126.1 29.6371
17138.1 28.0817
17150.2 26.5477
17162.2 25.0292
17174.2 23.5215
17186.2 22.0189
17198.2 20.5111
17210.2 18.9564
17222.2 17.4115
17234.2 15.9685
17246.2 14.5768
17258.3 13.2268
17270.3 11.9145
17282.3 10.6383
17294.3 9.39798
17306.3 8.19567
17318.3 7.04526
17330.3 5.91235
17342.3 4.79877
17354.4 3.71153
17366.4 2.65404
17378.4 1.62972
17390.4 0.643255
17402.4 -0.297141
17414.4 -1.17099
17426.4 -1.90835
17438.4 -2.73775
17450.5 -3.60306
17462.5 -4.48115
17474.5 -5.36413
17486.5 -6.24865
17498.5 -7.13406
17510.5 -8.02279
17522.5 -8.92639
17534.5 -9.85919
17546.5 -10.7236
17558.6 -11.5548
17570.6 -12.3608
17582.6 -13.1463
17594.6 -13.9156
17606.6 -14.6756
17618.6 -15.4406
17630.6 -16.2713
17642.6 -17.107
17654.7 -17.731
17666.7 -18.2394
17678.7 -18.6417
17690.7 -18.9326
17702.7 -19.095
17714.7 -19.0923
17726.7 -18.8362
17738.7 -17.8394
17750.8 -17.2405
17762.8 -17.0953
17774.8 -17.1754
17786.8 -17.4207
17798.8 -17.809
17810.8 -18.3376
17822.8 -19.0246
17834.8 -19.9373
17846.8 -21.3623
17858.9 -22.4023
17870.9 -23.2473
17882.9 -23.9946
17894.9 -24.6773
17906.9 -25.3124
17918.9 -25.9096
17930.9 -26.4754
17942.9 -27.0141
17955 -27.529
17967 -28.0226
17979 -28.4966
17991 -28.9527
18003 -29.3919
18015 -29.8154
18027 -30.2239
18039 -30.6182
18051.1 -30.999
18063.1 -31.3667
18075.1 -31.722
18087.1 -32.0652
18099.1 -32.3968
18111.1 -32.717
18123.1 -33.0264
18135.1 -33.3251
18147.1 -33.6135
18159.2 -33.8919
18171.2 -34.1605
18183.2 -34.4196
18195.2 -34.6695
18207.2 -34.9103
18219.2 -35.1423
18231.2 -35.3656
18243.2 -35.5806
18255.3 -35.7874
18267.3 -35.9861
18279.3 -36.1771
18291.3 -36.3604
18303.3 -36.5362
18315.3 -36.7047
18327.3 -36.8661
18339.3 -37.0206
18351.4 -37.1682
18363.4 -37.3092
18375.4 -37.4436
18387.4 -37.5718
18399.4 -37.6937
18411.4 -37.8095
18423.4 -37.9195
18435.4 -38.0236
18447.4 -38.1221
18459.5 -38.2151
18471.5 -38.3027
18483.5 -38.385
18495.5 -38.4621
18507.5 -38.5343
18519.5 -38.6015
18531.5 -38.664
18543.5 -38.7217
18555.6 -38.7749
18567.6 -38.8237
18579.6 -38.8681
18591.6 -38.9082
18603.6 -38.9442
18615.6 -38.9762
18627.6 -39.0042
18639.6 -39.0284
18651.7 -39.0488
18663.7 -39.0656
18675.7 -39.0788
18687.7 -39.0886
18699.7 -39.0949
18711.7 -39.0979
18723.7 -39.0978
18735.7 -39.0944
18747.7 -39.0881
18759.8 -39.0787
18771.8 -39.0664
18783.8 -39.0514
18795.8 -39.0335
18807.8 -39.013
18819.8 -38.9899
18831.8 -38.9642
18843.8 -38.9361
18855.9 -38.9055
18867.9 -38.8727
18879.9 -38.8375
18891.9 -38.8001
18903.9 -38.7606
18915.9 -38.719
18927.9 -38.6753
18939.9 -38.6297
18952 -38.5821
18964 -38.5327
18976 -38.4815
18988 -38.4285
19000 -38.3738
