7000 52.7078
7012.01 53.0751
7024.02 53.4448
7036.04 53.8163
7048.05 54.1889
7060.06 54.5615
7072.07 54.9332
7084.08 55.3026
7096.1 55.6686
7108.11 56.0293
7120.12 56.3831
7132.13 56.728
7144.14 57.0614
7156.16 57.3809
7168.17 57.6834
7180.18 57.9656
7192.19 58.2237
7204.2 58.4535
7216.22 58.6502
7228.23 58.8086
7240.24 58.9227
7252.25 58.986
7264.26 58.9912
7276.28 58.9306
7288.29 58.7952
7300.3 58.5756
7312.31 58.2614
7324.32 57.8416
7336.34 57.3041
7348.35 56.6363
7360.36 55.8249
7372.37 54.856
7384.38 53.7154
7396.4 52.389
7408.41 50.8624
7420.42 49.1224
7432.43 47.1561
7444.44 44.9526
7456.46 42.5029
7468.47 39.8003
7480.48 36.8416
7492.49 33.6272
7504.5 30.162
7516.52 26.4552
7528.53 22.5211
7540.54 18.379
7552.55 14.0527
7564.56 9.57053
7576.58 4.96402
7588.59 0.266891
7600.6 -4.48697
7612.61 -9.2672
7624.62 -14.0588
7636.64 -18.9147
7648.65 -23.5068
7660.66 -27.8684
7672.67 -31.9993
7684.68 -35.8827
7696.7 -39.499
7708.71 -42.8258
7720.72 -45.8326
7732.73 -48.4448
7744.74 -50.5595
7756.76 -52.7617
7768.77 -54.8562
7780.78 -56.805
7792.79 -58.5995
7804.8 -60.2404
7816.82 -61.7321
7828.83 -63.0781
7840.84 -64.2655
7852.85 -65.3246
7864.86 -66.365
7876.88 -67.3571
7888.89 -68.3089
7900.9 -69.2347
7912.91 -70.1545
7924.92 -71.0983
7936.94 -72.1235
7948.95 -73.5125
7960.96 -74.6564
7972.97 -75.4894
7984.98 -76.1561
7997 -76.6961
8009.01 -77.1257
8021.02 -77.4481
8033.03 -77.6522
8045.05 -77.6909
8057.06 -77.3432
8069.07 -77.2907
8081.08 -77.4079
8093.09 -77.6243
8105.11 -77.9237
8117.12 -78.3078
8129.13 -78.7948
8141.14 -79.4327
8153.15 -80.3768
8165.17 -81.9373
8177.18 -82.6158
8189.19 -82.8775
8201.2 -82.8228
8213.21 -82.4684
8225.23 -81.7924
8237.24 -80.7318
8249.25 -79.139
8261.26 -76.4802
8273.27 -72.8893
8285.29 -70.9567
8297.3 -69.5783
8309.31 -68.5652
8321.32 -67.8573
8333.33 -67.4591
8345.35 -67.4473
8357.36 -68.0583
8369.37 -70.7576
8381.38 -72.4386
8393.39 -72.2081
8405.41 -70.9517
8417.42 -68.8626
8429.43 -65.9971
8441.44 -62.337
8453.45 -57.7741
8465.47 -51.9698
8477.48 -43.2509
8489.49 -36.402
8501.5 -30.733
8513.51 -25.6762
8525.53 -21.0839
8537.54 -16.9219
8549.55 -13.2173
8561.56 -10.0633
8573.57 -7.72707
8585.59 -6.8534
8597.6 -4.93874
8609.61 -2.75906
8621.62 -0.550194
8633.63 1.5914
8645.65 3.61311
8657.66 5.48357
8669.67 7.18411
8681.68 8.70464
8693.69 10.0413
8705.71 11.1947
8717.72 12.1691
8729.73 12.971
8741.74 13.6088
8753.75 14.0922
8765.77 14.4314
8777.78 14.6372
8789.79 14.7201
8801.8 14.6908
8813.81 14.5593
8825.83 14.3354
8837.84 14.0283
8849.85 13.6465
8861.86 13.1979
8873.87 12.6899
8885.89 12.1291
8897.9 11.5218
8909.91 10.8733
8921.92 10.1888
8933.93 9.47281
8945.95 8.72931
8957.96 7.96197
8969.97 7.17406
8981.98 6.36846
8993.99 5.54774
9006.01 4.71419
9018.02 3.86984
9030.03 3.01646
9042.04 2.15563
9054.05 1.28873
9066.07 0.416971
9078.08 -0.458588
9090.09 -1.33702
9102.1 -2.21753
9114.11 -3.09941
9126.13 -3.98208
9138.14 -4.865
9150.15 -5.74775
9162.16 -6.62994
9174.17 -7.51126
9186.19 -8.39146
9198.2 -9.2703
9210.21 -10.1476
9222.22 -11.0232
9234.23 -11.8971
9246.25 -12.7691
9258.26 -13.6391
9270.27 -14.5072
9282.28 -15.3733
9294.29 -16.2373
9306.31 -17.0993
9318.32 -17.9593
9330.33 -18.8174
9342.34 -19.6735
9354.35 -20.5276
9366.37 -21.3799
9378.38 -22.2303
9390.39 -23.079
9402.4 -23.9259
9414.41 -24.771
9426.43 -25.6145
9438.44 -26.4564
9450.45 -27.2968
9462.46 -28.1356
9474.47 -28.9729
9486.49 -29.8087
9498.5 -30.6432
9510.51 -31.4762
9522.52 -32.3079
9534.53 -33.1383
9546.55 -33.9673
9558.56 -34.795
9570.57 -35.6214
9582.58 -36.4466
9594.59 -37.2704
9606.61 -38.0929
9618.62 -38.9141
9630.63 -39.734
9642.64 -40.5525
9654.65 -41.3696
9666.67 -42.1852
9678.68 -42.9994
9690.69 -43.812
9702.7 -44.623
9714.71 -45.4323
9726.73 -46.2398
9738.74 -47.0455
9750.75 -47.8493
9762.76 -48.651
9774.77 -49.4506
9786.79 -50.2479
9798.8 -51.0428
9810.81 -51.8351
9822.82 -52.6247
9834.83 -53.4115
9846.85 -54.1952
9858.86 -54.9757
9870.87 -55.7528
9882.88 -56.5262
9894.89 -57.2958
9906.91 -58.0613
9918.92 -58.8226
9930.93 -59.5792
9942.94 -60.331
9954.95 -61.0776
9966.97 -61.8189
9978.98 -62.5543
9990.99 -63.2838
10003 -64.0068
10015 -64.723
10027 -65.432
10039 -66.1335
10051.1 -66.8271
10063.1 -67.5122
10075.1 -68.1886
10087.1 -68.8556
10099.1 -69.5128
10111.1 -70.1597
10123.1 -70.7958
10135.1 -71.4204
10147.1 -72.0332
10159.2 -72.6334
10171.2 -73.2204
10183.2 -73.7936
10195.2 -74.3524
10207.2 -74.896
10219.2 -75.4237
10231.2 -75.9349
10243.2 -76.4286
10255.3 -76.9042
10267.3 -77.3608
10279.3 -77.7976
10291.3 -78.2136
10303.3 -78.6081
10315.3 -78.98
10327.3 -79.3285
10339.3 -79.6524
10351.4 -79.9508
10363.4 -80.2227
10375.4 -80.4669
10387.4 -80.6824
10399.4 -80.8681
10411.4 -81.0226
10423.4 -81.145
10435.4 -81.2338
10447.4 -81.2879
10459.5 -81.306
10471.5 -81.2868
10483.5 -81.2289
10495.5 -81.131
10507.5 -80.9916
10519.5 -80.8094
10531.5 -80.5829
10543.5 -80.3106
10555.6 -79.9911
10567.6 -79.6229
10579.6 -79.2044
10591.6 -78.7341
10603.6 -78.2105
10615.6 -77.6319
10627.6 -76.9969
10639.6 -76.3038
10651.7 -75.5511
10663.7 -74.7372
10675.7 -73.8605
10687.7 -72.9195
10699.7 -71.9125
10711.7 -70.8381
10723.7 -69.6947
10735.7 -68.4808
10747.7 -67.1949
10759.8 -65.8355
10771.8 -64.4013
10783.8 -62.8907
10795.8 -61.3024
10807.8 -59.635
10819.8 -57.8873
10831.8 -56.058
10843.8 -54.1457
10855.9 -52.1493
10867.9 -50.0676
10879.9 -47.8994
10891.9 -45.6434
10903.9 -43.2984
10915.9 -40.8632
10927.9 -38.3365
10939.9 -35.7167
10952 -33.0023
10964 -30.1912
10976 -27.2813
10988 -24.2697
11000 -21.1528
11012 -17.926
11024 -14.5829
11036 -11.1147
11048 -7.50866
11060.1 -3.74523
11072.1 0.207711
11084.1 4.41
11096.1 9.00511
11108.1 14.7309
11120.1 19.7086
11132.1 24.0586
11144.1 28.0729
11156.2 31.8316
11168.2 35.3616
11180.2 38.6608
11192.2 41.6941
11204.2 44.3445
11216.2 46.2237
11228.2 48.675
11240.2 51.3399
11252.3 54.0809
11264.3 56.8397
11276.3 59.5762
11288.3 62.2517
11300.3 64.812
11312.3 67.1216
11324.3 69.0525
11336.3 71.4915
11348.3 74.101
11360.4 76.8054
11372.4 79.5707
11384.4 82.3782
11396.4 85.2178
11408.4 88.0891
11420.4 91.0312
11432.4 93.9798
11444.4 96.7827
11456.5 99.5037
11468.5 102.147
11480.5 104.706
11492.5 107.172
11504.5 109.523
11516.5 111.715
11528.5 113.515
11540.5 115.469
11552.6 117.579
11564.6 119.739
11576.6 121.918
11588.6 124.101
11600.6 126.28
11612.6 128.45
11624.6 130.613
11636.6 132.782
11648.6 134.905
11660.7 136.993
11672.7 139.054
11684.7 141.092
11696.7 143.113
11708.7 145.128
11720.7 147.153
11732.7 149.24
11744.7 151.461
11756.8 153.417
11768.8 155.25
11780.8 156.996
11792.8 158.669
11804.8 160.28
11816.8 161.839
11828.8 163.358
11840.8 164.866
11852.9 166.349
11864.9 167.717
11876.9 169.016
11888.9 170.26
11900.9 171.457
11912.9 172.617
11924.9 173.748
11936.9 174.872
11948.9 176.077
11961 177.175
11973 178.145
11985 179.036
11997 179.863
12009 180.636
12021 181.361
12033 182.045
12045 182.698
12057.1 183.344
12069.1 183.93
12081.1 184.473
12093.1 184.984
12105.1 185.474
12117.1 185.953
12129.1 186.439
12141.1 186.96
12153.2 187.597
12165.2 188.502
12177.2 188.972
12189.2 189.237
12201.2 189.353
12213.2 189.342
12225.2 189.211
12237.2 188.959
12249.2 188.574
12261.3 187.997
12273.3 187.241
12285.3 186.608
12297.3 185.965
12309.3 185.288
12321.3 184.56
12333.3 183.766
12345.3 182.889
12357.4 181.893
12369.4 180.602
12381.4 179.365
12393.4 178.276
12405.4 177.222
12417.4 176.168
12429.4 175.091
12441.4 173.963
12453.5 172.746
12465.5 171.353
12477.5 169.402
12489.5 167.946
12501.5 166.825
12513.5 165.903
12525.5 165.141
12537.5 164.525
12549.5 164.056
12561.6 163.757
12573.6 163.704
12585.6 164.094
12597.6 164.119
12609.6 164.024
12621.6 163.881
12633.6 163.718
12645.6 163.554
12657.7 163.404
12669.7 163.291
12681.7 163.266
12693.7 163.345
12705.7 163.248
12717.7 163.091
12729.7 162.9
12741.7 162.685
12753.8 162.454
12765.8 162.212
12777.8 161.964
12789.8 161.721
12801.8 161.471
12813.8 161.211
12825.8 160.947
12837.8 160.685
12849.8 160.429
12861.9 160.185
12873.9 159.962
12885.9 159.781
12897.9 159.737
12909.9 159.581
12921.9 159.34
12933.9 159.051
12945.9 158.725
12958 158.365
12970 157.972
12982 157.542
12994 157.056
13006 156.456
13018 155.963
13030 155.521
13042 155.11
13054.1 154.729
13066.1 154.378
13078.1 154.066
13090.1 153.811
13102.1 153.673
13114.1 153.696
13126.1 153.467
13138.1 153.141
13150.2 152.751
13162.2 152.31
13174.2 151.825
13186.2 151.3
13198.2 150.741
13210.2 150.16
13222.2 149.539
13234.2 148.842
13246.2 148.083
13258.3 147.26
13270.3 146.366
13282.3 145.389
13294.3 144.307
13306.3 143.071
13318.3 141.432
13330.3 139.986
13342.3 138.707
13354.4 137.483
13366.4 136.273
13378.4 135.046
13390.4 133.77
13402.4 132.395
13414.4 130.803
13426.4 128.606
13438.4 127.069
13450.5 125.879
13462.5 124.908
13474.5 124.111
13486.5 123.469
13498.5 122.975
13510.5 122.64
13522.5 122.511
13534.5 122.652
13546.5 122.641
13558.6 122.63
13570.6 122.654
13582.6 122.731
13594.6 122.877
13606.6 123.112
13618.6 123.468
13630.6 124.067
13642.6 124.807
13654.7 125.298
13666.7 125.736
13678.7 126.161
13690.7 126.595
13702.7 127.058
13714.7 127.573
13726.7 128.183
13738.7 129.082
13750.8 129.834
13762.8 130.423
13774.8 130.944
13786.8 131.428
13798.8 131.897
13810.8 132.366
13822.8 132.859
13834.8 133.416
13846.8 134.188
13858.9 134.738
13870.9 135.164
13882.9 135.519
13894.9 135.825
13906.9 136.097
13918.9 136.35
13930.9 136.601
13942.9 136.897
13955 137.315
13967 137.485
13979 137.532
13991 137.487
14003 137.361
14015 137.16
14027 136.887
14039 136.544
14051.1 136.135
14063.1 135.654
14075.1 135.061
14087.1 134.362
14099.1 133.547
14111.1 132.597
14123.1 131.481
14135.1 130.146
14147.1 128.471
14159.2 125.805
14171.2 123.538
14183.2 121.928
14195.2 120.608
14207.2 119.481
14219.2 118.495
14231.2 117.621
14243.2 116.835
14255.3 116.107
14267.3 115.355
14279.3 114.787
14291.3 114.364
14303.3 114.06
14315.3 113.868
14327.3 113.789
14339.3 113.834
14351.4 114.026
14363.4 114.438
14375.4 115.233
14387.4 115.712
14399.4 116.096
14411.4 116.445
14423.4 116.786
14435.4 117.133
14447.4 117.499
14459.5 117.898
14471.5 118.36
14483.5 118.89
14495.5 119.364
14507.5 119.842
14519.5 120.342
14531.5 120.876
14543.5 121.461
14555.6 122.12
14567.6 122.899
14579.6 124.031
14591.6 125.069
14603.6 125.842
14615.6 126.511
14627.6 127.119
14639.6 127.693
14651.7 128.256
14663.7 128.835
14675.7 129.49
14687.7 130.472
14699.7 131.108
14711.7 131.488
14723.7 131.702
14735.7 131.778
14747.7 131.725
14759.8 131.54
14771.8 131.211
14783.8 130.692
14795.8 129.857
14807.8 129.174
14819.8 128.499
14831.8 127.782
14843.8 126.99
14855.9 126.093
14867.9 125.049
14879.9 123.779
14891.9 122.038
14903.9 119.72
14915.9 118.306
14927.9 117.21
14939.9 116.314
14952 115.566
14964 114.939
14976 114.415
14988 113.984
15000 113.643
15012 113.376
15024 113.173
15036 113.037
15048 112.966
15060.1 112.965
15072.1 113.035
15084.1 113.187
15096.1 113.44
15108.1 113.9
15120.1 114.304
15132.1 114.671
15144.1 115.047
15156.2 115.45
15168.2 115.893
15180.2 116.39
15192.2 116.965
15204.2 117.668
15216.2 118.657
15228.2 119.404
15240.2 120.053
15252.3 120.66
15264.3 121.25
15276.3 121.84
15288.3 122.446
15300.3 123.095
15312.3 123.852
15324.3 124.779
15336.3 125.445
15348.3 126.017
15360.4 126.532
15372.4 127.014
15384.4 127.479
15396.4 127.951
15408.4 128.474
15420.4 129.213
15432.4 129.98
15444.4 130.287
15456.5 130.371
15468.5 130.269
15480.5 129.988
15492.5 129.513
15504.5 128.812
15516.5 127.792
15528.5 125.964
15540.5 124.496
15552.6 123.385
15564.6 122.405
15576.6 121.484
15588.6 120.575
15600.6 119.637
15612.6 118.615
15624.6 117.392
15636.6 115.562
15648.6 114.387
15660.7 113.573
15672.7 112.985
15684.7 112.578
15696.7 112.331
15708.7 112.241
15720.7 112.321
15732.7 112.628
15744.7 113.252
15756.8 113.673
15768.8 114.076
15780.8 114.505
15792.8 114.986
15804.8 115.542
15816.8 116.203
15828.8 117.026
15840.8 118.207
15852.9 119.614
15864.9 120.51
15876.9 121.242
15888.9 121.877
15900.9 122.448
15912.9 122.98
15924.9 123.492
15936.9 124.017
15948.9 124.689
15961 125.231
15973 125.615
15985 125.911
15997 126.143
16009 126.326
16021 126.473
16033 126.603
16045 126.754
16057.1 127.07
16069.1 127.129
16081.1 127.017
16093.1 126.783
16105.1 126.444
16117.1 126.008
16129.1 125.48
16141.1 124.864
16153.2 124.169
16165.2 123.409
16177.2 122.494
16189.2 121.443
16201.2 120.253
16213.2 118.909
16225.2 117.386
16237.2 115.642
16249.2 113.585
16261.3 110.899
16273.3 107.653
16285.3 105.384
16297.3 103.432
16309.3 101.675
16321.3 100.064
16333.3 98.5741
16345.3 97.1964
16357.4 95.9423
16369.4 94.9323
16381.4 93.8944
16393.4 92.7525
16405.4 91.5837
16417.4 90.4079
16429.4 89.2365
16441.4 88.0796
16453.5 86.9509
16465.5 85.8786
16477.5 84.9807
16489.5 83.9396
16501.5 82.8076
16513.5 81.6305
16525.5 80.4267
16537.5 79.2099
16549.5 77.9941
16561.6 76.7994
16573.6 75.672
16585.6 74.7157
16597.6 73.5341
16609.6 72.2553
16621.6 70.9222
16633.6 69.5579
16645.6 68.1839
16657.7 66.8272
16669.7 65.5351
16681.7 64.453
16693.7 63.6137
16705.7 62.2036
16717.7 60.5553
16729.7 58.7336
16741.7 56.7667
16753.8 54.6699
16765.8 52.4527
16777.8 50.1213
16789.8 47.6862
16801.8 45.1315
16813.8 42.4444
16825.8 39.6256
16837.8 36.6665
16849.8 33.551
16861.9 30.2515
16873.9 26.7163
16885.9 22.821
16897.9 17.9617
16909.9 13.7192
16921.9 9.92394
16933.9 6.34132
16945.9 2.89529
16958 -0.453759
16970 -3.73205
16982 -6.96228
16994 -10.1775
17006 -13.4539
17018 -16.5443
17030 -19.5209
17042 -22.4091
17054.1 -25.2182
17066.1 -27.952
17078.1 -30.6107
17090.1 -33.19
17102.1 -35.6719
17114.1 -38.0426
17126.1 -40.4292
17138.1 -42.7819
17150.2 -45.0888
17162.2 -47.3431
17174.2 -49.5383
17186.2 -51.6668
17198.2 -53.7158
17210.2 -55.6387
17222.2 -57.4922
17234.2 -59.3691
17246.2 -61.2114
17258.3 -63.0024
17270.3 -64.7291
17282.3 -66.3763
17294.3 -67.9212
17306.3 -69.3158
17318.3 -70.3246
17330.3 -71.5154
17342.3 -72.8647
17354.4 -74.2696
17366.4 -75.6953
17378.4 -77.1208
17390.4 -78.5268
17402.4 -79.8883
17414.4 -81.1495
17426.4 -82.1246
17438.4 -83.4249
17450.5 -84.9052
17462.5 -86.5105
17474.5 -88.2297
17486.5 -90.07
17498.5 -92.0561
17510.5 -94.2469
17522.5 -96.8281
17534.5 -100.021
17546.5 -102.4
17558.6 -104.48
17570.6 -106.38
17582.6 -108.153
17594.6 -109.837
17606.6 -111.47
17618.6 -113.112
17630.6 -114.983
17642.6 -116.88
17654.7 -118.062
17666.7 -118.867
17678.7 -119.34
17690.7 -119.475
17702.7 -119.23
17714.7 -118.51
17726.7 -117.079
17738.7 -113.622
17750.8 -111.215
17762.8 -110.009
17774.8 -109.385
17786.8 -109.181
17798.8 -109.331
17810.8 -109.823
17822.8 -110.692
17834.8 -112.087
17846.8 -114.654
17858.9 -116.363
17870.9 -117.643
17882.9 -118.711
17894.9 -119.644
17906.9 -120.477
17918.9 -121.234
17930.9 -121.927
17942.9 -122.568
17955 -123.162
17967 -123.715
17979 -124.232
17991 -124.716
18003 -125.169
18015 -125.593
18027 -125.991
18039 -126.363
18051.1 -126.712
18063.1 -127.039
18075.1 -127.344
18087.1 -127.63
18099.1 -127.895
18111.1 -128.142
18123.1 -128.372
18135.1 -128.584
18147.1 -128.78
18159.2 -128.96
18171.2 -129.124
18183.2 -129.274
18195.2 -129.41
18207.2 -129.532
18219.2 -129.641
18231.2 -129.737
18243.2 -129.82
18255.3 -129.892
18267.3 -129.952
18279.3 -130.001
18291.3 -130.039
18303.3 -130.067
18315.3 -130.085
18327.3 -130.092
18339.3 -130.091
18351.4 -130.08
18363.4 -130.06
18375.4 -130.032
18387.4 -129.995
18399.4 -129.951
18411.4 -129.899
18423.4 -129.839
18435.4 -129.772
18447.4 -129.698
18459.5 -129.617
18471.5 -129.53
18483.5 -129.436
18495.5 -129.336
18507.5 -129.231
18519.5 -129.119
18531.5 -129.003
18543.5 -128.881
18555.6 -128.753
18567.6 -128.621
18579.6 -128.484
18591.6 -128.343
18603.6 -128.197
18615.6 -128.047
18627.6 -127.892
18639.6 -127.734
18651.7 -127.572
18663.7 -127.406
18675.7 -127.237
18687.7 -127.064
18699.7 -126.888
18711.7 -126.709
18723.7 -126.527
18735.7 -126.342
18747.7 -126.154
18759.8 -125.964
18771.8 -125.771
18783.8 -125.575
18795.8 -125.378
18807.8 -125.178
18819.8 -124.975
18831.8 -124.771
18843.8 -124.565
18855.9 -124.357
18867.9 -124.147
18879.9 -123.936
18891.9 -123.723
18903.9 -123.508
18915.9 -123.292
18927.9 -123.074
18939.9 -122.856
18952 -122.635
18964 -122.414
18976 -122.192
18988 -121.969
19000 -121.744
