7000 -3.03258
7012.01 -3.05501
7024.02 -3.07643
7036.04 -3.0967
7048.05 -3.11565
7060.06 -3.1331
7072.07 -3.14884
7084.08 -3.16267
7096.1 -3.17434
7108.11 -3.18362
7120.12 -3.19023
7132.13 -3.19389
7144.14 -3.1943
7156.16 -3.19114
7168.17 -3.18407
7180.18 -3.17277
7192.19 -3.15688
7204.2 -3.13604
7216.22 -3.1099
7228.23 -3.07812
7240.24 -3.04035
7252.25 -2.9963
7264.26 -2.94568
7276.28 -2.88826
7288.29 -2.82385
7300.3 -2.75232
7312.31 -2.67365
7324.32 -2.58786
7336.34 -2.4951
7348.35 -2.39561
7360.36 -2.28976
7372.37 -2.17801
7384.38 -2.06098
7396.4 -1.93937
7408.41 -1.814
7420.42 -1.68582
7432.43 -1.55583
7444.44 -1.42513
7456.46 -1.2949
7468.47 -1.16632
7480.48 -1.04066
7492.49 -0.919182
7504.5 -0.803194
7516.52 -0.694045
7528.53 -0.593159
7540.54 -0.502099
7552.55 -0.422685
7564.56 -0.357198
7576.58 -0.308774
7588.59 -0.282201
7600.6 -0.285738
7612.61 -0.336292
7624.62 -0.481692
7636.64 -0.910206
7648.65 -0.980683
7660.66 -0.810869
7672.67 -0.407079
7684.68 0.52499
7696.7 1.3733
7708.71 1.83378
7720.72 2.13691
7732.73 2.34471
7744.74 2.49417
7756.76 2.43758
7768.77 2.19343
7780.78 1.6811
7792.79 0.418473
7804.8 -0.245244
7816.82 -0.432006
7828.83 -0.267019
7840.84 0.422194
7852.85 1.45031
7864.86 1.92458
7876.88 2.25695
7888.89 2.56336
7900.9 3.02667
7912.91 2.98236
7924.92 2.5583
7936.94 1.6705
7948.95 -0.508738
7960.96 -2.00768
7972.97 -2.55881
7984.98 -2.52495
7997 -1.78642
8009.01 -0.250826
8021.02 0.587547
8033.03 1.33505
8045.05 2.23818
8057.06 3.99104
8069.07 4.51058
8081.08 4.09923
8093.09 2.75497
8105.11 -0.603257
8117.12 -4.13411
8129.13 -5.39242
8141.14 -5.60168
8153.15 -4.71653
8165.17 -2.274
8177.18 -0.838947
8189.19 0.461893
8201.2 2.03262
8213.21 5.17011
8225.23 6.63324
8237.24 6.4706
8249.25 4.92314
8261.26 1.08597
8273.27 -4.66901
8285.29 -7.01517
8297.3 -8.10942
8309.31 -8.19029
8321.32 -6.95539
8333.33 -5.86227
8345.35 -4.47221
8357.36 -2.38295
8369.37 2.13662
8381.38 5.4805
8393.39 6.56839
8405.41 6.30502
8417.42 4.49947
8429.43 0.767926
8441.44 -1.71772
8453.45 -4.24078
8465.47 -7.46309
8477.48 -13.6021
8489.49 -16.4691
8501.5 -16.8295
8513.51 -15.0524
8525.53 -9.61284
8537.54 -2.54548
8549.55 0.406072
8561.56 1.86531
8573.57 2.02053
8585.59 0.377802
8597.6 -0.159558
8609.61 -0.367098
8621.62 -0.447142
8633.63 -0.464396
8645.65 -0.447294
8657.66 -0.410321
8669.67 -0.361545
8681.68 -0.305733
8693.69 -0.245824
8705.71 -0.183689
8717.72 -0.120539
8729.73 -0.0571744
8741.74 0.00587499
8753.75 0.0682583
8765.77 0.129745
8777.78 0.190187
8789.79 0.249495
8801.8 0.307616
8813.81 0.364529
8825.83 0.420228
8837.84 0.474725
8849.85 0.528037
8861.86 0.580191
8873.87 0.631215
8885.89 0.681141
8897.9 0.730003
8909.91 0.777835
8921.92 0.824669
8933.93 0.87054
8945.95 0.915479
8957.96 0.959519
8969.97 1.00269
8981.98 1.04502
8993.99 1.08654
9006.01 1.12728
9018.02 1.16726
9030.03 1.2065
9042.04 1.24504
9054.05 1.28289
9066.07 1.32007
9078.08 1.35661
9090.09 1.39252
9102.1 1.42783
9114.11 1.46254
9126.13 1.49669
9138.14 1.53027
9150.15 1.56332
9162.16 1.59584
9174.17 1.62784
9186.19 1.65935
9198.2 1.69036
9210.21 1.72091
9222.22 1.75099
9234.23 1.78061
9246.25 1.80979
9258.26 1.83854
9270.27 1.86687
9282.28 1.89478
9294.29 1.92229
9306.31 1.9494
9318.32 1.97612
9330.33 2.00246
9342.34 2.02843
9354.35 2.05402
9366.37 2.07926
9378.38 2.10414
9390.39 2.12867
9402.4 2.15286
9414.41 2.17671
9426.43 2.20022
9438.44 2.22341
9450.45 2.24628
9462.46 2.26883
9474.47 2.29106
9486.49 2.31299
9498.5 2.33461
9510.51 2.35593
9522.52 2.37695
9534.53 2.39768
9546.55 2.41811
9558.56 2.43826
9570.57 2.45812
9582.58 2.4777
9594.59 2.497
9606.61 2.51603
9618.62 2.53478
9630.63 2.55326
9642.64 2.57147
9654.65 2.58941
9666.67 2.60708
9678.68 2.6245
9690.69 2.64165
9702.7 2.65854
9714.71 2.67518
9726.73 2.69155
9738.74 2.70768
9750.75 2.72355
9762.76 2.73916
9774.77 2.75453
9786.79 2.76964
9798.8 2.78451
9810.81 2.79913
9822.82 2.8135
9834.83 2.82762
9846.85 2.8415
9858.86 2.85514
9870.87 2.86853
9882.88 2.88167
9894.89 2.89457
9906.91 2.90723
9918.92 2.91965
9930.93 2.93182
9942.94 2.94375
9954.95 2.95544
9966.97 2.96689
9978.98 2.97809
9990.99 2.98905
10003 2.99977
10015 3.01025
10027 3.02048
10039 3.03047
10051.1 3.04022
10063.1 3.04972
10075.1 3.05898
10087.1 3.06799
10099.1 3.07675
10111.1 3.08527
10123.1 3.09354
10135.1 3.10156
10147.1 3.10934
10159.2 3.11686
10171.2 3.12413
10183.2 3.13115
10195.2 3.13791
10207.2 3.14442
10219.2 3.15068
10231.2 3.15667
10243.2 3.16241
10255.3 3.16789
10267.3 3.1731
10279.3 3.17805
10291.3 3.18273
10303.3 3.18715
10315.3 3.19129
10327.3 3.19517
10339.3 3.19877
10351.4 3.20209
10363.4 3.20514
10375.4 3.20791
10387.4 3.21039
10399.4 3.21258
10411.4 3.21449
10423.4 3.21611
10435.4 3.21743
10447.4 3.21845
10459.5 3.21918
10471.5 3.2196
10483.5 3.21971
10495.5 3.21951
10507.5 3.219
10519.5 3.21816
10531.5 3.21701
10543.5 3.21553
10555.6 3.21371
10567.6 3.21156
10579.6 3.20907
10591.6 3.20624
10603.6 3.20305
10615.6 3.1995
10627.6 3.19559
10639.6 3.19132
10651.7 3.18667
10663.7 3.18163
10675.7 3.17621
10687.7 3.1704
10699.7 3.16418
10711.7 3.15755
10723.7 3.15049
10735.7 3.14301
10747.7 3.1351
10759.8 3.12673
10771.8 3.1179
10783.8 3.1086
10795.8 3.09882
10807.8 3.08855
10819.8 3.07776
10831.8 3.06646
10843.8 3.05461
10855.9 3.0422
10867.9 3.02922
10879.9 3.01565
10891.9 3.00146
10903.9 2.98663
10915.9 2.97114
10927.9 2.95495
10939.9 2.93805
10952 2.92038
10964 2.90193
10976 2.88264
10988 2.86247
11000 2.84138
11012 2.81931
11024 2.79621
11036 2.77202
11048 2.74669
11060.1 2.72019
11072.1 2.6926
11084.1 2.66421
11096.1 2.63628
11108.1 2.61812
11120.1 2.58107
11132.1 2.52332
11144.1 2.44124
11156.2 2.30593
11168.2 2.13172
11180.2 2.06802
11192.2 2.05981
11204.2 2.11846
11216.2 2.31368
11228.2 2.3741
11240.2 2.36136
11252.3 2.28498
11264.3 2.06706
11276.3 1.89828
11288.3 1.82992
11300.3 1.82014
11312.3 1.88457
11324.3 2.04378
11336.3 2.08221
11348.3 2.06984
11360.4 2.00748
11372.4 1.83491
11384.4 1.74835
11396.4 1.72194
11408.4 1.74228
11420.4 1.84236
11432.4 1.97154
11444.4 2.00579
11456.5 1.99905
11468.5 1.94645
11480.5 1.81627
11492.5 1.76702
11504.5 1.75654
11516.5 1.78139
11528.5 1.88715
11540.5 1.94781
11552.6 1.9587
11564.6 1.93534
11576.6 1.86041
11588.6 1.7367
11600.6 1.70226
11612.6 1.708
11624.6 1.75764
11636.6 1.89782
11648.6 1.9623
11660.7 1.985
11672.7 1.97693
11684.7 1.91396
11696.7 1.85639
11708.7 1.83472
11720.7 1.8304
11732.7 1.84733
11744.7 1.89531
11756.8 1.89583
11768.8 1.87004
11780.8 1.81256
11792.8 1.67058
11804.8 1.59445
11816.8 1.57059
11828.8 1.58393
11840.8 1.65016
11852.9 1.75032
11864.9 1.79731
11876.9 1.82972
11888.9 1.85498
11900.9 1.87949
11912.9 1.88653
11924.9 1.87954
11936.9 1.85568
11948.9 1.7888
11961 1.74049
11973 1.7191
11985 1.7125
11997 1.72287
12009 1.75186
12021 1.75881
12033 1.7581
12045 1.7521
12057.1 1.74193
12069.1 1.72432
12081.1 1.6978
12093.1 1.65753
12105.1 1.57761
12117.1 1.4999
12129.1 1.48438
12141.1 1.50636
12153.2 1.5813
12165.2 1.74905
12177.2 1.79889
12189.2 1.79055
12201.2 1.7255
12213.2 1.53021
12225.2 1.41217
12237.2 1.36447
12249.2 1.36082
12261.3 1.41161
12273.3 1.50901
12285.3 1.55777
12297.3 1.59957
12309.3 1.64932
12321.3 1.7401
12333.3 1.75942
12345.3 1.72901
12357.4 1.64375
12369.4 1.4111
12381.4 1.24141
12393.4 1.1982
12405.4 1.23486
12417.4 1.37713
12429.4 1.66286
12441.4 1.77686
12453.5 1.82572
12465.5 1.82492
12477.5 1.75396
12489.5 1.68987
12501.5 1.61709
12513.5 1.51203
12525.5 1.30355
12537.5 1.07332
12549.5 1.05473
12561.6 1.15764
12573.6 1.42124
12585.6 1.98137
12597.6 2.2325
12609.6 2.34626
12621.6 2.35898
12633.6 2.22168
12645.6 2.09168
12657.7 1.97124
12669.7 1.81595
12681.7 1.55567
12693.7 1.17943
12705.7 1.08564
12717.7 1.13491
12729.7 1.34594
12741.7 1.89219
12753.8 2.17705
12765.8 2.32587
12777.8 2.39318
12789.8 2.37503
12801.8 2.31783
12813.8 2.24639
12825.8 2.13517
12837.8 1.9502
12849.8 1.64047
12861.9 1.46327
12873.9 1.32206
12885.9 1.17424
12897.9 0.885375
12909.9 0.821612
12921.9 0.970456
12933.9 1.33941
12945.9 2.15053
12958 3.23937
12970 3.5482
12982 3.49097
12994 3.0181
13006 1.77161
13018 1.22149
13030 1.00132
13042 1.02966
13054.1 1.5256
13066.1 1.86729
13078.1 1.94452
13090.1 1.8601
13102.1 1.53776
13114.1 0.918667
13126.1 0.828516
13138.1 1.01028
13150.2 1.51036
13162.2 2.76385
13174.2 3.38815
13186.2 3.60606
13198.2 3.52497
13210.2 2.97367
13222.2 2.29092
13234.2 1.99823
13246.2 1.83757
13258.3 1.79177
13270.3 1.90551
13282.3 1.84396
13294.3 1.67773
13306.3 1.37116
13318.3 0.598388
13330.3 0.235351
13342.3 0.291102
13354.4 0.698829
13366.4 1.70182
13378.4 3.22194
13390.4 3.74047
13402.4 3.83555
13414.4 3.49982
13426.4 2.35959
13438.4 1.8517
13450.5 1.66776
13462.5 1.72195
13474.5 2.24093
13486.5 2.63846
13498.5 2.69408
13510.5 2.54706
13522.5 2.13052
13534.5 1.33676
13546.5 1.01759
13558.6 0.891847
13570.6 0.929763
13582.6 1.25636
13594.6 1.4489
13606.6 1.56029
13618.6 1.6411
13630.6 1.71005
13642.6 1.76881
13654.7 1.80408
13666.7 1.82181
13678.7 1.81286
13690.7 1.74604
13702.7 1.77167
13714.7 1.86086
13726.7 2.03295
13738.7 2.47031
13750.8 2.71195
13762.8 2.71734
13774.8 2.53828
13786.8 2.06684
13798.8 1.27316
13810.8 1.01604
13822.8 0.992122
13834.8 1.20643
13846.8 1.90011
13858.9 2.22575
13870.9 2.34301
13882.9 2.31553
13894.9 2.0586
13906.9 1.7802
13918.9 1.62315
13930.9 1.4862
13942.9 1.3141
13955 1.03408
13967 1.03518
13979 1.22157
13991 1.64319
14003 2.72117
14015 3.28221
14027 3.38899
14039 3.14063
14051.1 2.30418
14063.1 1.07021
14075.1 0.751026
14087.1 0.844612
14099.1 1.41105
14111.1 2.90788
14123.1 3.50795
14135.1 3.64146
14147.1 3.39122
14159.2 2.3661
14171.2 1.57028
14183.2 1.21071
14195.2 1.06279
14207.2 1.12097
14219.2 1.40368
14231.2 1.53757
14243.2 1.66135
14255.3 1.82649
14267.3 2.17875
14279.3 2.29882
14291.3 2.24
14303.3 2.00829
14315.3 1.41218
14327.3 0.744612
14339.3 0.593902
14351.4 0.715037
14363.4 1.19183
14375.4 2.30397
14387.4 2.65788
14399.4 2.63305
14411.4 2.24239
14423.4 0.98408
14435.4 0.233371
14447.4 0.0194415
14459.5 0.171915
14471.5 0.857601
14483.5 2.03206
14495.5 2.37285
14507.5 2.36314
14519.5 1.98632
14531.5 0.882606
14543.5 0.397751
14555.6 0.249003
14567.6 0.357101
14579.6 0.946877
14591.6 1.46195
14603.6 1.67944
14615.6 1.76417
14627.6 1.72522
14639.6 1.53881
14651.7 1.44272
14663.7 1.35355
14675.7 1.23655
14687.7 0.980982
14699.7 0.894711
14711.7 0.954737
14723.7 1.1583
14735.7 1.65462
14747.7 2.2833
14759.8 2.42502
14771.8 2.3262
14783.8 1.93723
14795.8 1.00503
14807.8 0.6113
14819.8 0.475813
14831.8 0.54918
14843.8 1.03422
14855.9 1.36928
14867.9 1.49497
14879.9 1.51046
14891.9 1.40281
14903.9 1.16761
14915.9 1.07659
14927.9 1.03378
14939.9 1.03057
14952 1.09753
14964 1.11669
14976 1.10779
14988 1.0793
15000 1.01943
15012 0.954588
15024 0.910372
15036 0.871611
15048 0.834297
15060.1 0.795095
15072.1 0.76396
15084.1 0.737378
15096.1 0.71546
15108.1 0.706029
15120.1 0.683988
15132.1 0.64806
15144.1 0.59591
15156.2 0.505501
15168.2 0.388246
15180.2 0.359969
15192.2 0.379033
15204.2 0.456381
15216.2 0.652369
15228.2 0.735991
15240.2 0.761328
15252.3 0.739282
15264.3 0.617929
15276.3 0.52978
15288.3 0.511068
15300.3 0.534137
15312.3 0.612603
15324.3 0.763341
15336.3 0.819843
15348.3 0.837743
15360.4 0.820464
15372.4 0.733689
15384.4 0.693355
15396.4 0.684184
15408.4 0.697563
15420.4 0.748912
15432.4 0.813501
15444.4 0.831309
15456.5 0.828875
15468.5 0.805493
15480.5 0.750174
15492.5 0.717038
15504.5 0.689727
15516.5 0.662475
15528.5 0.624997
15540.5 0.59836
15552.6 0.58281
15564.6 0.575443
15576.6 0.580072
15588.6 0.595781
15600.6 0.590821
15612.6 0.575494
15624.6 0.546794
15636.6 0.485979
15648.6 0.457551
15660.7 0.448333
15672.7 0.454444
15684.7 0.488079
15696.7 0.520381
15708.7 0.536999
15720.7 0.547674
15732.7 0.553007
15744.7 0.551669
15756.8 0.55807
15768.8 0.567995
15780.8 0.581137
15792.8 0.599789
15804.8 0.617277
15816.8 0.634458
15828.8 0.652515
15840.8 0.672478
15852.9 0.694248
15864.9 0.715881
15876.9 0.738984
15888.9 0.764946
15900.9 0.796913
15912.9 0.824488
15924.9 0.85109
15936.9 0.878375
15948.9 0.909744
15961 0.939221
15973 0.966425
15985 0.993314
15997 1.02127
16009 1.05123
16021 1.07913
16033 1.10754
16045 1.13852
16057.1 1.17863
16069.1 1.20956
16081.1 1.23525
16093.1 1.25812
16105.1 1.27949
16117.1 1.2995
16129.1 1.31809
16141.1 1.33663
16153.2 1.35759
16165.2 1.38552
16177.2 1.39952
16189.2 1.4062
16201.2 1.40683
16213.2 1.4
16225.2 1.39064
16237.2 1.37817
16249.2 1.36089
16261.3 1.33507
16273.3 1.30124
16285.3 1.27611
16297.3 1.25187
16309.3 1.22581
16321.3 1.19292
16333.3 1.16804
16345.3 1.14731
16357.4 1.12957
16369.4 1.11717
16381.4 1.10319
16393.4 1.08541
16405.4 1.0651
16417.4 1.04127
16429.4 1.01254
16441.4 0.988742
16453.5 0.966188
16465.5 0.943771
16477.5 0.919639
16489.5 0.897973
16501.5 0.878097
16513.5 0.859603
16525.5 0.843262
16537.5 0.827836
16549.5 0.810064
16561.6 0.79146
16573.6 0.772355
16585.6 0.753124
16597.6 0.732245
16609.6 0.710031
16621.6 0.686362
16633.6 0.660381
16645.6 0.63359
16657.7 0.60562
16669.7 0.575235
16681.7 0.539325
16693.7 0.497281
16705.7 0.466892
16717.7 0.441291
16729.7 0.419854
16741.7 0.404703
16753.8 0.387654
16765.8 0.370836
16777.8 0.356221
16789.8 0.351217
16801.8 0.342019
16813.8 0.319652
16825.8 0.289074
16837.8 0.248808
16849.8 0.195064
16861.9 0.148853
16873.9 0.101951
16885.9 0.0501472
16897.9 -0.019595
16909.9 -0.0754711
16921.9 -0.12138
16933.9 -0.162758
16945.9 -0.203308
16958 -0.242537
16970 -0.271903
16982 -0.295516
16994 -0.313798
17006 -0.325862
17018 -0.335832
17030 -0.342166
17042 -0.343356
17054.1 -0.333019
17066.1 -0.324294
17078.1 -0.318485
17090.1 -0.311135
17102.1 -0.297454
17114.1 -0.274239
17126.1 -0.268693
17138.1 -0.270724
17150.2 -0.27902
17162.2 -0.296084
17174.2 -0.312269
17186.2 -0.329625
17198.2 -0.350427
17210.2 -0.381108
17222.2 -0.412866
17234.2 -0.431379
17246.2 -0.443944
17258.3 -0.450722
17270.3 -0.449602
17282.3 -0.45304
17294.3 -0.457323
17306.3 -0.461387
17318.3 -0.463978
17330.3 -0.467314
17342.3 -0.471278
17354.4 -0.475567
17366.4 -0.480801
17378.4 -0.486491
17390.4 -0.487386
17402.4 -0.484682
17414.4 -0.476733
17426.4 -0.456956
17438.4 -0.446771
17450.5 -0.440451
17462.5 -0.4347
17474.5 -0.422037
17486.5 -0.416221
17498.5 -0.422297
17510.5 -0.436546
17522.5 -0.460348
17534.5 -0.496245
17546.5 -0.526347
17558.6 -0.557851
17570.6 -0.594154
17582.6 -0.645005
17594.6 -0.685964
17606.6 -0.721243
17618.6 -0.755042
17630.6 -0.791331
17642.6 -0.828437
17654.7 -0.857944
17666.7 -0.884943
17678.7 -0.911678
17690.7 -0.941867
17702.7 -0.963022
17714.7 -0.978928
17726.7 -0.990274
17738.7 -0.993326
17750.8 -1.00003
17762.8 -1.01242
17774.8 -1.03135
17786.8 -1.06695
17798.8 -1.12189
17810.8 -1.12447
17822.8 -1.09847
17834.8 -1.03964
17846.8 -0.913089
17858.9 -0.83359
17870.9 -0.777337
17882.9 -0.732179
17894.9 -0.693982
17906.9 -0.660685
17918.9 -0.631075
17930.9 -0.604363
17942.9 -0.580001
17955 -0.557594
17967 -0.53684
17979 -0.517508
17991 -0.499413
18003 -0.482407
18015 -0.466366
18027 -0.451189
18039 -0.436789
18051.1 -0.423093
18063.1 -0.410037
18075.1 -0.397568
18087.1 -0.385638
18099.1 -0.374203
18111.1 -0.363228
18123.1 -0.35268
18135.1 -0.342528
18147.1 -0.332746
18159.2 -0.323311
18171.2 -0.314201
18183.2 -0.305396
18195.2 -0.296879
18207.2 -0.288633
18219.2 -0.280644
18231.2 -0.272897
18243.2 -0.265381
18255.3 -0.258082
18267.3 -0.250992
18279.3 -0.244099
18291.3 -0.237395
18303.3 -0.23087
18315.3 -0.224517
18327.3 -0.218328
18339.3 -0.212296
18351.4 -0.206415
18363.4 -0.200678
18375.4 -0.195079
18387.4 -0.189614
18399.4 -0.184276
18411.4 -0.179061
18423.4 -0.173965
18435.4 -0.168983
18447.4 -0.16411
18459.5 -0.159344
18471.5 -0.15468
18483.5 -0.150115
18495.5 -0.145645
18507.5 -0.141268
18519.5 -0.13698
18531.5 -0.132778
18543.5 -0.12866
18555.6 -0.124623
18567.6 -0.120665
18579.6 -0.116783
18591.6 -0.112975
18603.6 -0.109238
18615.6 -0.105571
18627.6 -0.101972
18639.6 -0.0984383
18651.7 -0.0949686
18663.7 -0.0915609
18675.7 -0.0882136
18687.7 -0.084925
18699.7 -0.0816937
18711.7 -0.078518
18723.7 -0.0753965
18735.7 -0.0723279
18747.7 -0.0693107
18759.8 -0.0663437
18771.8 -0.0634257
18783.8 -0.0605553
18795.8 -0.0577315
18807.8 -0.0549531
18819.8 -0.0522191
18831.8 -0.0495284
18843.8 -0.0468799
18855.9 -0.0442727
18867.9 -0.0417059
18879.9 -0.0391785
18891.9 -0.0366897
18903.9 -0.0342385
18915.9 -0.0318242
18927.9 -0.0294459
18939.9 -0.0271028
18952 -0.0247943
18964 -0.0225195
18976 -0.0202778
18988 -0.0180685
19000 -0.0158908
