7000 2.81508
7012.01 2.84996
7024.02 2.88507
7036.04 2.92037
7048.05 2.95579
7060.06 2.99126
7072.07 3.02671
7084.08 3.06204
7096.1 3.09715
7108.11 3.13191
7120.12 3.16618
7132.13 3.19983
7144.14 3.23265
7156.16 3.26447
7168.17 3.29505
7180.18 3.32415
7192.19 3.3515
7204.2 3.37678
7216.22 3.39967
7228.23 3.41978
7240.24 3.43673
7252.25 3.45007
7264.26 3.45934
7276.28 3.46405
7288.29 3.46368
7300.3 3.45771
7312.31 3.44558
7324.32 3.42676
7336.34 3.40073
7348.35 3.367
7360.36 3.32515
7372.37 3.27482
7384.38 3.21578
7396.4 3.1479
7408.41 3.07122
7420.42 2.98596
7432.43 2.89254
7444.44 2.79159
7456.46 2.68397
7468.47 2.57073
7480.48 2.45314
7492.49 2.33265
7504.5 2.21086
7516.52 2.08947
7528.53 1.97026
7540.54 1.85505
7552.55 1.74565
7564.56 1.64393
7576.58 1.5518
7588.59 1.47138
7600.6 1.40539
7612.61 1.35819
7624.62 1.34044
7636.64 1.39169
7648.65 1.38081
7660.66 1.33345
7672.67 1.2538
7684.68 1.09689
7696.7 0.959136
7708.71 0.888831
7720.72 0.851438
7732.73 0.843535
7744.74 0.868279
7756.76 0.879072
7768.77 0.887292
7780.78 0.889826
7792.79 0.858686
7804.8 0.87413
7816.82 0.92984
7828.83 1.02038
7840.84 1.16293
7852.85 1.3431
7864.86 1.48535
7876.88 1.62933
7888.89 1.79465
7900.9 2.02353
7912.91 2.16363
7924.92 2.25391
7936.94 2.29759
7948.95 2.23264
7960.96 2.2215
7972.97 2.28995
7984.98 2.41601
7997 2.63078
8009.01 2.95424
8021.02 3.12971
8033.03 3.25907
8045.05 3.3734
8057.06 3.53547
8069.07 3.57649
8081.08 3.52801
8093.09 3.40565
8105.11 3.21067
8117.12 2.9305
8129.13 2.54114
8141.14 2.00464
8153.15 1.20495
8165.17 -0.0843288
8177.18 -0.829886
8189.19 -1.37505
8201.2 -1.8206
8213.21 -2.27113
8225.23 -2.57631
8237.24 -2.7634
8249.25 -2.88646
8261.26 -3.04018
8273.27 -3.19256
8285.29 -2.87549
8297.3 -2.23174
8309.31 -1.16586
8321.32 0.739391
8333.33 2.02961
8345.35 3.07213
8357.36 4.01045
8369.37 4.88091
8381.38 5.77844
8393.39 6.76237
8405.41 7.88645
8417.42 9.3369
8429.43 11.3106
8441.44 12.4146
8453.45 13.1293
8465.47 13.4953
8477.48 13.2093
8489.49 13.3376
8501.5 13.789
8513.51 14.5562
8525.53 16.0972
8537.54 17.8298
8549.55 18.0906
8561.56 17.5521
8573.57 16.0456
8585.59 12.8763
8597.6 11.1069
8609.61 9.84471
8621.62 8.83627
8633.63 7.9879
8645.65 7.25174
8657.66 6.59938
8669.67 6.01234
8681.68 5.47781
8693.69 4.98653
8705.71 4.53154
8717.72 4.10746
8729.73 3.71008
8741.74 3.33598
8753.75 2.98239
8765.77 2.647
8777.78 2.32789
8789.79 2.02343
8801.8 1.73223
8813.81 1.45308
8825.83 1.18495
8837.84 0.926933
8849.85 0.678229
8861.86 0.438134
8873.87 0.206023
8885.89 -0.0186596
8897.9 -0.236413
8909.91 -0.447685
8921.92 -0.652881
8933.93 -0.852365
8945.95 -1.04647
8957.96 -1.2355
8969.97 -1.41973
8981.98 -1.59941
8993.99 -1.77477
9006.01 -1.94603
9018.02 -2.11339
9030.03 -2.27702
9042.04 -2.4371
9054.05 -2.59378
9066.07 -2.7472
9078.08 -2.8975
9090.09 -3.04481
9102.1 -3.18924
9114.11 -3.3309
9126.13 -3.4699
9138.14 -3.60633
9150.15 -3.74027
9162.16 -3.87183
9174.17 -4.00106
9186.19 -4.12806
9198.2 -4.25288
9210.21 -4.3756
9222.22 -4.49628
9234.23 -4.61498
9246.25 -4.73174
9258.26 -4.84664
9270.27 -4.95971
9282.28 -5.07101
9294.29 -5.18057
9306.31 -5.28845
9318.32 -5.39468
9330.33 -5.4993
9342.34 -5.60235
9354.35 -5.70386
9366.37 -5.80387
9378.38 -5.9024
9390.39 -5.99949
9402.4 -6.09516
9414.41 -6.18945
9426.43 -6.28237
9438.44 -6.37396
9450.45 -6.46423
9462.46 -6.55321
9474.47 -6.64092
9486.49 -6.72738
9498.5 -6.81261
9510.51 -6.89663
9522.52 -6.97946
9534.53 -7.0611
9546.55 -7.14159
9558.56 -7.22093
9570.57 -7.29914
9582.58 -7.37622
9594.59 -7.45221
9606.61 -7.5271
9618.62 -7.60091
9630.63 -7.67365
9642.64 -7.74534
9654.65 -7.81597
9666.67 -7.88557
9678.68 -7.95414
9690.69 -8.02168
9702.7 -8.08822
9714.71 -8.15374
9726.73 -8.21827
9738.74 -8.28181
9750.75 -8.34437
9762.76 -8.40594
9774.77 -8.46654
9786.79 -8.52618
9798.8 -8.58485
9810.81 -8.64256
9822.82 -8.69931
9834.83 -8.75512
9846.85 -8.80997
9858.86 -8.86388
9870.87 -8.91685
9882.88 -8.96888
9894.89 -9.01996
9906.91 -9.07011
9918.92 -9.11933
9930.93 -9.16761
9942.94 -9.21495
9954.95 -9.26136
9966.97 -9.30684
9978.98 -9.35138
9990.99 -9.39498
10003 -9.43765
10015 -9.47938
10027 -9.52017
10039 -9.56002
10051.1 -9.59893
10063.1 -9.63689
10075.1 -9.6739
10087.1 -9.70996
10099.1 -9.74506
10111.1 -9.7792
10123.1 -9.81237
10135.1 -9.84458
10147.1 -9.87581
10159.2 -9.90607
10171.2 -9.93534
10183.2 -9.96361
10195.2 -9.99089
10207.2 -10.0172
10219.2 -10.0424
10231.2 -10.0667
10243.2 -10.0899
10255.3 -10.1121
10267.3 -10.1332
10279.3 -10.1533
10291.3 -10.1723
10303.3 -10.1903
10315.3 -10.2072
10327.3 -10.2229
10339.3 -10.2376
10351.4 -10.2511
10363.4 -10.2636
10375.4 -10.2748
10387.4 -10.2849
10399.4 -10.2939
10411.4 -10.3016
10423.4 -10.3082
10435.4 -10.3135
10447.4 -10.3176
10459.5 -10.3204
10471.5 -10.322
10483.5 -10.3222
10495.5 -10.3212
10507.5 -10.3188
10519.5 -10.315
10531.5 -10.3099
10543.5 -10.3033
10555.6 -10.2954
10567.6 -10.2859
10579.6 -10.275
10591.6 -10.2625
10603.6 -10.2485
10615.6 -10.2329
10627.6 -10.2157
10639.6 -10.1968
10651.7 -10.1762
10663.7 -10.1539
10675.7 -10.1297
10687.7 -10.1038
10699.7 -10.0759
10711.7 -10.0462
10723.7 -10.0144
10735.7 -9.98053
10747.7 -9.94456
10759.8 -9.9064
10771.8 -9.86596
10783.8 -9.82317
10795.8 -9.77792
10807.8 -9.73014
10819.8 -9.6797
10831.8 -9.62649
10843.8 -9.57038
10855.9 -9.51123
10867.9 -9.44888
10879.9 -9.38314
10891.9 -9.31383
10903.9 -9.24071
10915.9 -9.16352
10927.9 -9.08196
10939.9 -8.99568
10952 -8.90428
10964 -8.80728
10976 -8.70407
10988 -8.59394
11000 -8.476
11012 -8.34908
11024 -8.21168
11036 -8.06171
11048 -7.89625
11060.1 -7.7108
11072.1 -7.49801
11084.1 -7.24389
11096.1 -6.91392
11108.1 -6.32312
11120.1 -5.95748
11132.1 -5.79791
11144.1 -5.79637
11156.2 -6.03656
11168.2 -6.46317
11180.2 -6.55804
11192.2 -6.52327
11204.2 -6.35679
11216.2 -5.94552
11228.2 -5.75839
11240.2 -5.69033
11252.3 -5.72328
11264.3 -5.974
11276.3 -6.15509
11288.3 -6.18988
11300.3 -6.14298
11312.3 -5.99531
11324.3 -5.72039
11336.3 -5.61392
11348.3 -5.58346
11360.4 -5.63536
11372.4 -5.88645
11384.4 -5.96571
11396.4 -5.92164
11408.4 -5.77717
11420.4 -5.45802
11432.4 -5.07288
11444.4 -4.88997
11456.5 -4.78711
11468.5 -4.76177
11480.5 -4.85127
11492.5 -4.85319
11504.5 -4.82311
11516.5 -4.77227
11528.5 -4.68458
11540.5 -4.6156
11552.6 -4.56848
11564.6 -4.53774
11576.6 -4.53285
11588.6 -4.55356
11600.6 -4.53439
11612.6 -4.50208
11624.6 -4.46302
11636.6 -4.42729
11648.6 -4.36209
11660.7 -4.26973
11672.7 -4.14112
11684.7 -3.90393
11696.7 -3.70622
11708.7 -3.6247
11720.7 -3.61653
11732.7 -3.70734
11744.7 -3.94538
11756.8 -4.00204
11768.8 -3.98025
11780.8 -3.88629
11792.8 -3.63921
11804.8 -3.489
11816.8 -3.41483
11828.8 -3.39253
11840.8 -3.44729
11852.9 -3.5475
11864.9 -3.54977
11876.9 -3.51071
11888.9 -3.42404
11900.9 -3.24531
11912.9 -3.17034
11924.9 -3.15351
11936.9 -3.19478
11948.9 -3.38371
11961 -3.49694
11973 -3.50076
11985 -3.4317
11997 -3.25953
12009 -2.96662
12021 -2.85228
12033 -2.81346
12045 -2.8483
12057.1 -3.02746
12069.1 -3.1111
12081.1 -3.14303
12093.1 -3.14849
12105.1 -3.13554
12117.1 -3.10634
12129.1 -3.06032
12141.1 -2.99611
12153.2 -2.90541
12165.2 -2.77088
12177.2 -2.6733
12189.2 -2.58514
12201.2 -2.49599
12213.2 -2.38126
12225.2 -2.29949
12237.2 -2.25007
12249.2 -2.23098
12261.3 -2.27075
12273.3 -2.35592
12285.3 -2.30977
12297.3 -2.18878
12309.3 -1.96409
12321.3 -1.49754
12333.3 -1.2974
12345.3 -1.25188
12357.4 -1.34225
12369.4 -1.71352
12381.4 -2.02278
12393.4 -2.17439
12405.4 -2.26655
12417.4 -2.33356
12429.4 -2.39647
12441.4 -2.33735
12453.5 -2.18079
12465.5 -1.88679
12477.5 -1.21748
12489.5 -0.873256
12501.5 -0.766016
12513.5 -0.840644
12525.5 -1.20296
12537.5 -1.69931
12549.5 -1.91282
12561.6 -2.04739
12573.6 -2.15563
12585.6 -2.30214
12597.6 -2.23768
12609.6 -2.0107
12621.6 -1.57487
12633.6 -0.544403
12645.6 0.120429
12657.7 0.367618
12669.7 0.343948
12681.7 -0.0232839
12693.7 -0.738528
12705.7 -1.08382
12717.7 -1.34918
12729.7 -1.6176
12741.7 -2.04835
12753.8 -2.17012
12765.8 -2.06663
12777.8 -1.72993
12789.8 -0.848962
12801.8 -0.0468255
12813.8 0.281666
12825.8 0.383214
12837.8 0.262833
12849.8 -0.13658
12861.9 -0.40124
12873.9 -0.682012
12885.9 -1.0539
12897.9 -1.76432
12909.9 -2.18359
12921.9 -2.37569
12933.9 -2.42602
12945.9 -2.34453
12958 -2.14145
12970 -1.85751
12982 -1.4363
12994 -0.774395
13006 0.430259
13018 1.09395
13030 1.52461
13042 1.85173
13054.1 2.32857
13066.1 2.41194
13078.1 1.97437
13090.1 1.0132
13102.1 -0.87896
13114.1 -3.99869
13126.1 -5.18391
13138.1 -5.55411
13150.2 -5.21387
13162.2 -3.74037
13174.2 -2.59317
13186.2 -1.46257
13198.2 -0.0317603
13210.2 2.52648
13222.2 5.05934
13234.2 5.67873
13246.2 5.23583
13258.3 3.48919
13270.3 -0.391022
13282.3 -2.34155
13294.3 -3.63398
13306.3 -4.65942
13318.3 -6.00411
13330.3 -6.4153
13342.3 -5.85747
13354.4 -4.32639
13366.4 -1.0397
13378.4 3.80788
13390.4 5.74566
13402.4 6.56313
13414.4 6.43854
13426.4 5.0083
13438.4 3.84825
13450.5 2.52485
13462.5 0.681163
13474.5 -3.03067
13486.5 -5.91552
13498.5 -6.99481
13510.5 -7.02045
13522.5 -5.85031
13534.5 -3.1545
13546.5 -1.57924
13558.6 -0.13344
13570.6 1.58154
13582.6 4.69175
13594.6 6.17841
13606.6 6.40403
13618.6 5.57685
13630.6 3.05149
13642.6 -0.404336
13654.7 -2.14614
13666.7 -3.45772
13678.7 -4.69849
13690.7 -6.36588
13702.7 -6.67664
13714.7 -6.05
13726.7 -4.35717
13738.7 -0.00164393
13750.8 3.06781
13762.8 4.62249
13774.8 5.40253
13786.8 5.52074
13798.8 5.01384
13810.8 4.3634
13822.8 3.29672
13834.8 1.49785
13846.8 -2.2378
13858.9 -4.12209
13870.9 -4.9
13882.9 -4.8521
13894.9 -3.44903
13906.9 -1.94044
13918.9 -1.20136
13930.9 -0.672472
13942.9 -0.192244
13955 0.378036
13967 0.463643
13979 0.201132
13991 -0.524991
14003 -2.60153
14015 -3.55748
14027 -3.52228
14039 -2.70615
14051.1 -0.661524
14063.1 2.28813
14075.1 3.75345
14087.1 4.81622
14099.1 5.78251
14111.1 7.16591
14123.1 7.22877
14135.1 6.30727
14147.1 4.25267
14159.2 -0.694291
14171.2 -4.5298
14183.2 -6.46907
14195.2 -7.48889
14207.2 -7.76802
14219.2 -7.33744
14231.2 -6.53868
14243.2 -5.12347
14255.3 -2.69447
14267.3 2.51615
14279.3 5.33357
14291.3 6.5792
14303.3 6.74834
14315.3 5.50928
14327.3 3.59537
14339.3 2.37671
14351.4 1.08906
14363.4 -0.641307
14375.4 -3.4453
14387.4 -4.70718
14399.4 -5.20914
14411.4 -5.0668
14423.4 -3.78486
14435.4 -2.80151
14447.4 -2.11425
14459.5 -1.45138
14471.5 -0.63208
14483.5 0.374711
14495.5 0.973754
14507.5 1.45068
14519.5 1.92047
14531.5 2.65179
14543.5 2.76552
14555.6 2.41668
14567.6 1.56482
14579.6 -0.48649
14591.6 -2.27712
14603.6 -3.24202
14615.6 -3.88133
14627.6 -4.36901
14639.6 -4.83103
14651.7 -4.60108
14663.7 -3.81261
14675.7 -2.25513
14687.7 1.3701
14699.7 3.38889
14711.7 4.21586
14723.7 4.24164
14735.7 3.24249
14747.7 1.58435
14759.8 0.569673
14771.8 -0.467177
14783.8 -1.84419
14795.8 -4.23226
14807.8 -5.09277
14819.8 -5.068
14831.8 -4.18155
14843.8 -1.35826
14855.9 0.681717
14867.9 1.68056
14879.9 2.17342
14891.9 2.23875
14903.9 1.90023
14915.9 1.52369
14927.9 0.925786
14939.9 -0.0740699
14952 -2.17431
14964 -3.22425
14976 -3.62
14988 -3.52172
15000 -2.62324
15012 -1.59119
15024 -1.07471
15036 -0.692461
15048 -0.341259
15060.1 0.0697314
15072.1 0.218575
15084.1 0.205644
15096.1 0.0225683
15108.1 -0.522287
15120.1 -0.903691
15132.1 -1.15476
15144.1 -1.36221
15156.2 -1.57588
15168.2 -1.79418
15180.2 -1.89083
15192.2 -1.91919
15204.2 -1.87503
15216.2 -1.71225
15228.2 -1.60897
15240.2 -1.51801
15252.3 -1.41767
15264.3 -1.27351
15276.3 -1.13746
15288.3 -1.01652
15300.3 -0.881589
15312.3 -0.687307
15324.3 -0.394334
15336.3 -0.32511
15348.3 -0.376807
15360.4 -0.560139
15372.4 -1.02175
15384.4 -1.31639
15396.4 -1.51812
15408.4 -1.6893
15420.4 -1.89152
15432.4 -2.07183
15444.4 -2.08116
15456.5 -1.97027
15468.5 -1.6847
15480.5 -1.06631
15492.5 -0.833895
15504.5 -0.789762
15516.5 -0.913046
15528.5 -1.38858
15540.5 -1.70667
15552.6 -1.85797
15564.6 -1.92982
15576.6 -1.94688
15588.6 -1.91396
15600.6 -1.80121
15612.6 -1.60055
15624.6 -1.2578
15636.6 -0.553963
15648.6 -0.212351
15660.7 -0.0813576
15672.7 -0.113048
15684.7 -0.422889
15696.7 -0.732486
15708.7 -0.907144
15720.7 -1.05191
15732.7 -1.20948
15744.7 -1.41926
15756.8 -1.49259
15768.8 -1.49018
15780.8 -1.40934
15792.8 -1.16261
15804.8 -1.00566
15816.8 -0.912715
15828.8 -0.850345
15840.8 -0.811674
15852.9 -0.790152
15864.9 -0.771909
15876.9 -0.7628
15888.9 -0.768128
15900.9 -0.802936
15912.9 -0.808109
15924.9 -0.799083
15936.9 -0.779037
15948.9 -0.739343
15961 -0.703831
15973 -0.675542
15985 -0.649056
15997 -0.622272
16009 -0.593907
16021 -0.566824
16033 -0.538196
16045 -0.50466
16057.1 -0.453858
16069.1 -0.421945
16081.1 -0.401724
16093.1 -0.388991
16105.1 -0.381565
16117.1 -0.381083
16129.1 -0.390696
16141.1 -0.41121
16153.2 -0.449169
16165.2 -0.517995
16177.2 -0.553895
16189.2 -0.577165
16201.2 -0.592454
16213.2 -0.598944
16225.2 -0.604592
16237.2 -0.609419
16249.2 -0.612187
16261.3 -0.610897
16273.3 -0.606235
16285.3 -0.608683
16297.3 -0.614676
16309.3 -0.625454
16321.3 -0.647644
16333.3 -0.656497
16345.3 -0.657376
16357.4 -0.651117
16369.4 -0.630715
16381.4 -0.612152
16393.4 -0.599512
16405.4 -0.58726
16417.4 -0.571086
16429.4 -0.54699
16441.4 -0.540326
16453.5 -0.54237
16465.5 -0.552391
16477.5 -0.575166
16489.5 -0.595613
16501.5 -0.61644
16513.5 -0.640917
16525.5 -0.675678
16537.5 -0.714438
16549.5 -0.738355
16561.6 -0.75664
16573.6 -0.770381
16585.6 -0.778751
16597.6 -0.788602
16609.6 -0.798097
16621.6 -0.806442
16633.6 -0.811044
16645.6 -0.818102
16657.7 -0.828011
16669.7 -0.83996
16681.7 -0.854824
16693.7 -0.872764
16705.7 -0.887104
16717.7 -0.90074
16729.7 -0.914804
16741.7 -0.932133
16753.8 -0.943831
16765.8 -0.95145
16777.8 -0.954872
16789.8 -0.948647
16801.8 -0.943519
16813.8 -0.946142
16825.8 -0.951727
16837.8 -0.958474
16849.8 -0.964677
16861.9 -0.979857
16873.9 -1.00208
16885.9 -1.03363
16897.9 -1.08929
16909.9 -1.12922
16921.9 -1.15756
16933.9 -1.18016
16945.9 -1.19941
16958 -1.21554
16970 -1.2257
16982 -1.23084
16994 -1.22946
17006 -1.21614
17018 -1.21126
17030 -1.20912
17042 -1.20747
17054.1 -1.20299
17066.1 -1.20141
17078.1 -1.20353
17090.1 -1.20805
17102.1 -1.21524
17114.1 -1.22547
17126.1 -1.23414
17138.1 -1.24324
17150.2 -1.25389
17162.2 -1.26978
17174.2 -1.28021
17186.2 -1.287
17198.2 -1.29105
17210.2 -1.29124
17222.2 -1.28976
17234.2 -1.28989
17246.2 -1.28938
17258.3 -1.28644
17270.3 -1.27776
17282.3 -1.27831
17294.3 -1.28371
17306.3 -1.29342
17318.3 -1.30983
17330.3 -1.32684
17342.3 -1.34537
17354.4 -1.36814
17366.4 -1.40131
17378.4 -1.44426
17390.4 -1.46802
17402.4 -1.48553
17414.4 -1.50049
17426.4 -1.51915
17438.4 -1.52332
17450.5 -1.51693
17462.5 -1.50013
17474.5 -1.46384
17486.5 -1.42754
17498.5 -1.39763
17510.5 -1.3669
17522.5 -1.33076
17534.5 -1.28487
17546.5 -1.25242
17558.6 -1.2246
17570.6 -1.19926
17582.6 -1.17511
17594.6 -1.1525
17606.6 -1.13084
17618.6 -1.10959
17630.6 -1.08782
17642.6 -1.06595
17654.7 -1.04605
17666.7 -1.02695
17678.7 -1.00846
17690.7 -0.990814
17702.7 -0.971832
17714.7 -0.951868
17726.7 -0.93099
17738.7 -0.910881
17750.8 -0.884836
17762.8 -0.850522
17774.8 -0.804637
17786.8 -0.732201
17798.8 -0.628716
17810.8 -0.592962
17822.8 -0.589926
17834.8 -0.620931
17846.8 -0.717038
17858.9 -0.771743
17870.9 -0.806602
17882.9 -0.832544
17894.9 -0.853177
17906.9 -0.870247
17918.9 -0.884752
17930.9 -0.897323
17942.9 -0.908383
17955 -0.918234
17967 -0.927096
17979 -0.935135
17991 -0.942481
18003 -0.949236
18015 -0.955481
18027 -0.961284
18039 -0.966698
18051.1 -0.971771
18063.1 -0.97654
18075.1 -0.981039
18087.1 -0.985295
18099.1 -0.989332
18111.1 -0.993173
18123.1 -0.996834
18135.1 -1.00033
18147.1 -1.00368
18159.2 -1.00689
18171.2 -1.00998
18183.2 -1.01295
18195.2 -1.01582
18207.2 -1.01858
18219.2 -1.02126
18231.2 -1.02384
18243.2 -1.02635
18255.3 -1.02879
18267.3 -1.03116
18279.3 -1.03346
18291.3 -1.0357
18303.3 -1.03789
18315.3 -1.04002
18327.3 -1.0421
18339.3 -1.04413
18351.4 -1.04612
18363.4 -1.04807
18375.4 -1.04997
18387.4 -1.05184
18399.4 -1.05368
18411.4 -1.05547
18423.4 -1.05724
18435.4 -1.05898
18447.4 -1.06068
18459.5 -1.06236
18471.5 -1.06401
18483.5 -1.06564
18495.5 -1.06724
18507.5 -1.06882
18519.5 -1.07037
18531.5 -1.07191
18543.5 -1.07342
18555.6 -1.07492
18567.6 -1.0764
18579.6 -1.07786
18591.6 -1.0793
18603.6 -1.08072
18615.6 -1.08213
18627.6 -1.08353
18639.6 -1.0849
18651.7 -1.08627
18663.7 -1.08762
18675.7 -1.08896
18687.7 -1.09028
18699.7 -1.0916
18711.7 -1.0929
18723.7 -1.09419
18735.7 -1.09547
18747.7 -1.09673
18759.8 -1.09799
18771.8 -1.09924
18783.8 -1.10048
18795.8 -1.1017
18807.8 -1.10292
18819.8 -1.10413
18831.8 -1.10533
18843.8 -1.10653
18855.9 -1.10771
18867.9 -1.10889
18879.9 -1.11006
18891.9 -1.11122
18903.9 -1.11238
18915.9 -1.11352
18927.9 -1.11466
18939.9 -1.1158
18952 -1.11693
18964 -1.11805
18976 -1.11916
18988 -1.12027
19000 -1.12138
