7000 19.6166
7012.01 19.8098
7024.02 19.9975
7036.04 20.1782
7048.05 20.3502
7060.06 20.5114
7072.07 20.6599
7084.08 20.793
7096.1 20.908
7108.11 21.002
7120.12 21.0714
7132.13 21.1124
7144.14 21.1208
7156.16 21.0919
7168.17 21.0206
7180.18 20.901
7192.19 20.7269
7204.2 20.4914
7216.22 20.1872
7228.23 19.8059
7240.24 19.339
7252.25 18.7769
7264.26 18.1099
7276.28 17.3272
7288.29 16.418
7300.3 15.3708
7312.31 14.174
7324.32 12.8159
7336.34 11.2851
7348.35 9.57054
7360.36 7.66189
7372.37 5.55006
7384.38 3.22748
7396.4 0.688551
7408.41 -2.06989
7420.42 -5.04815
7432.43 -8.24328
7444.44 -11.6487
7456.46 -15.254
7468.47 -19.0449
7480.48 -23.003
7492.49 -27.1063
7504.5 -31.3293
7516.52 -35.6439
7528.53 -40.0196
7540.54 -44.4248
7552.55 -48.8273
7564.56 -53.1955
7576.58 -57.4993
7588.59 -61.7108
7600.6 -65.8053
7612.61 -69.7626
7624.62 -73.5698
7636.64 -77.2338
7648.65 -80.6724
7660.66 -83.8936
7672.67 -86.9001
7684.68 -89.6922
7696.7 -92.2707
7708.71 -94.6362
7720.72 -96.7864
7732.73 -98.7016
7744.74 -100.35
7756.76 -101.973
7768.77 -103.502
7780.78 -104.929
7792.79 -106.259
7804.8 -107.5
7816.82 -108.664
7828.83 -109.763
7840.84 -110.826
7852.85 -111.847
7864.86 -112.765
7876.88 -113.621
7888.89 -114.429
7900.9 -115.202
7912.91 -115.95
7924.92 -116.689
7936.94 -117.443
7948.95 -118.323
7960.96 -119.092
7972.97 -119.723
7984.98 -120.274
7997 -120.759
8009.01 -121.182
8021.02 -121.542
8033.03 -121.829
8045.05 -122.013
8057.06 -121.956
8069.07 -122.069
8081.08 -122.273
8093.09 -122.522
8105.11 -122.803
8117.12 -123.113
8129.13 -123.457
8141.14 -123.856
8153.15 -124.387
8165.17 -125.206
8177.18 -125.531
8189.19 -125.599
8201.2 -125.454
8213.21 -125.097
8225.23 -124.505
8237.24 -123.631
8249.25 -122.371
8261.26 -120.356
8273.27 -117.677
8285.29 -116.09
8297.3 -114.845
8309.31 -113.812
8321.32 -112.954
8333.33 -112.277
8345.35 -111.846
8357.36 -111.845
8369.37 -113.41
8381.38 -114.146
8393.39 -113.367
8405.41 -111.764
8417.42 -109.493
8429.43 -106.605
8441.44 -103.099
8453.45 -98.9063
8465.47 -93.7973
8477.48 -86.6032
8489.49 -80.6942
8501.5 -75.5914
8513.51 -70.9014
8525.53 -66.5252
8537.54 -62.442
8549.55 -58.6724
8561.56 -55.2796
8573.57 -52.4367
8585.59 -50.5538
8597.6 -48.0633
8609.61 -45.4573
8621.62 -42.8884
8633.63 -40.4211
8645.65 -38.0919
8657.66 -35.9232
8669.67 -33.9291
8681.68 -32.1173
8693.69 -30.4914
8705.71 -29.051
8717.72 -27.7934
8729.73 -26.7135
8741.74 -25.8046
8753.75 -25.0589
8765.77 -24.4677
8777.78 -24.0217
8789.79 -23.7116
8801.8 -23.5276
8813.81 -23.4605
8825.83 -23.5009
8837.84 -23.6399
8849.85 -23.8691
8861.86 -24.1805
8873.87 -24.5664
8885.89 -25.0197
8897.9 -25.5339
8909.91 -26.1029
8921.92 -26.721
8933.93 -27.383
8945.95 -28.0843
8957.96 -28.8205
8969.97 -29.5877
8981.98 -30.3822
8993.99 -31.2009
9006.01 -32.0408
9018.02 -32.8992
9030.03 -33.7737
9042.04 -34.6621
9054.05 -35.5626
9066.07 -36.4734
9078.08 -37.3929
9090.09 -38.3197
9102.1 -39.2525
9114.11 -40.1903
9126.13 -41.1321
9138.14 -42.0768
9150.15 -43.0239
9162.16 -43.9725
9174.17 -44.922
9186.19 -45.8719
9198.2 -46.8216
9210.21 -47.7708
9222.22 -48.7191
9234.23 -49.6662
9246.25 -50.6117
9258.26 -51.5553
9270.27 -52.497
9282.28 -53.4364
9294.29 -54.3734
9306.31 -55.3078
9318.32 -56.2395
9330.33 -57.1685
9342.34 -58.0945
9354.35 -59.0176
9366.37 -59.9376
9378.38 -60.8545
9390.39 -61.7682
9402.4 -62.6787
9414.41 -63.5859
9426.43 -64.4898
9438.44 -65.3903
9450.45 -66.2875
9462.46 -67.1812
9474.47 -68.0714
9486.49 -68.9582
9498.5 -69.8414
9510.51 -70.721
9522.52 -71.5971
9534.53 -72.4694
9546.55 -73.3381
9558.56 -74.2031
9570.57 -75.0642
9582.58 -75.9215
9594.59 -76.7748
9606.61 -77.6242
9618.62 -78.4696
9630.63 -79.3108
9642.64 -80.1478
9654.65 -80.9805
9666.67 -81.8088
9678.68 -82.6326
9690.69 -83.4518
9702.7 -84.2662
9714.71 -85.0759
9726.73 -85.8805
9738.74 -86.68
9750.75 -87.4743
9762.76 -88.2632
9774.77 -89.0464
9786.79 -89.8239
9798.8 -90.5954
9810.81 -91.3609
9822.82 -92.1199
9834.83 -92.8724
9846.85 -93.6182
9858.86 -94.3569
9870.87 -95.0884
9882.88 -95.8123
9894.89 -96.5285
9906.91 -97.2366
9918.92 -97.9364
9930.93 -98.6275
9942.94 -99.3097
9954.95 -99.9826
9966.97 -100.646
9978.98 -101.299
9990.99 -101.942
10003 -102.574
10015 -103.195
10027 -103.805
10039 -104.402
10051.1 -104.987
10063.1 -105.559
10075.1 -106.118
10087.1 -106.663
10099.1 -107.194
10111.1 -107.71
10123.1 -108.211
10135.1 -108.695
10147.1 -109.163
10159.2 -109.614
10171.2 -110.047
10183.2 -110.462
10195.2 -110.858
10207.2 -111.235
10219.2 -111.59
10231.2 -111.925
10243.2 -112.239
10255.3 -112.529
10267.3 -112.797
10279.3 -113.04
10291.3 -113.259
10303.3 -113.452
10315.3 -113.619
10327.3 -113.758
10339.3 -113.869
10351.4 -113.951
10363.4 -114.003
10375.4 -114.024
10387.4 -114.013
10399.4 -113.969
10411.4 -113.892
10423.4 -113.78
10435.4 -113.631
10447.4 -113.446
10459.5 -113.223
10471.5 -112.961
10483.5 -112.659
10495.5 -112.316
10507.5 -111.93
10519.5 -111.501
10531.5 -111.028
10543.5 -110.509
10555.6 -109.943
10567.6 -109.329
10579.6 -108.665
10591.6 -107.952
10603.6 -107.187
10615.6 -106.369
10627.6 -105.498
10639.6 -104.571
10651.7 -103.589
10663.7 -102.549
10675.7 -101.45
10687.7 -100.293
10699.7 -99.0738
10711.7 -97.7933
10723.7 -96.4498
10735.7 -95.0423
10747.7 -93.5696
10759.8 -92.0307
10771.8 -90.4246
10783.8 -88.7503
10795.8 -87.0067
10807.8 -85.1928
10819.8 -83.3077
10831.8 -81.3505
10843.8 -79.32
10855.9 -77.2155
10867.9 -75.0359
10879.9 -72.7803
10891.9 -70.4476
10903.9 -68.0368
10915.9 -65.5468
10927.9 -62.9763
10939.9 -60.3241
10952 -57.5884
10964 -54.7676
10976 -51.8594
10988 -48.861
11000 -45.7691
11012 -42.5792
11024 -39.2854
11036 -35.8793
11048 -32.3492
11060.1 -28.6771
11072.1 -24.8338
11084.1 -20.7648
11096.1 -16.3404
11108.1 -10.8933
11120.1 -6.12193
11132.1 -1.91759
11144.1 1.98328
11156.2 5.65205
11168.2 9.11135
11180.2 12.3557
11192.2 15.3467
11204.2 17.9586
11216.2 19.7769
11228.2 22.239
11240.2 24.9629
11252.3 27.8038
11264.3 30.7019
11276.3 33.618
11288.3 36.5158
11300.3 39.3459
11312.3 41.9867
11324.3 44.3237
11336.3 47.1572
11348.3 50.1854
11360.4 53.3428
11372.4 56.6035
11384.4 59.9575
11396.4 63.4078
11408.4 66.9797
11420.4 70.814
11432.4 74.7347
11444.4 78.296
11456.5 81.7095
11468.5 85.005
11480.5 88.1876
11492.5 91.2492
11504.5 94.1662
11516.5 96.8789
11528.5 99.068
11540.5 101.494
11552.6 104.158
11564.6 106.916
11576.6 109.724
11588.6 112.559
11600.6 115.409
11612.6 118.265
11624.6 121.118
11636.6 123.957
11648.6 126.805
11660.7 129.654
11672.7 132.503
11684.7 135.354
11696.7 138.211
11708.7 141.085
11720.7 143.998
11732.7 147.016
11744.7 150.234
11756.8 153.11
11768.8 155.831
11780.8 158.443
11792.8 160.962
11804.8 163.397
11816.8 165.753
11828.8 168.029
11840.8 170.212
11852.9 172.317
11864.9 174.416
11876.9 176.48
11888.9 178.507
11900.9 180.498
11912.9 182.457
11924.9 184.389
11936.9 186.31
11948.9 188.29
11961 190.176
11973 191.951
11985 193.653
11997 195.294
12009 196.88
12021 198.415
12033 199.904
12045 201.345
12057.1 202.725
12069.1 204.107
12081.1 205.486
12093.1 206.865
12105.1 208.253
12117.1 209.665
12129.1 211.128
12141.1 212.694
12153.2 214.509
12165.2 216.855
12177.2 218.423
12189.2 219.638
12201.2 220.602
12213.2 221.353
12225.2 221.902
12237.2 222.239
12249.2 222.328
12261.3 222.011
12273.3 221.327
12285.3 221.084
12297.3 220.939
12309.3 220.831
12321.3 220.732
12333.3 220.627
12345.3 220.508
12357.4 220.366
12369.4 220.197
12381.4 219.996
12393.4 219.758
12405.4 219.479
12417.4 219.15
12429.4 218.763
12441.4 218.304
12453.5 217.746
12465.5 217.028
12477.5 215.873
12489.5 215.05
12501.5 214.444
12513.5 213.954
12525.5 213.551
12537.5 213.222
12549.5 212.965
12561.6 212.789
12573.6 212.731
12585.6 212.888
12597.6 212.856
12609.6 212.758
12621.6 212.627
12633.6 212.478
12645.6 212.318
12657.7 212.155
12669.7 211.995
12681.7 211.857
12693.7 211.746
12705.7 211.571
12717.7 211.37
12729.7 211.151
12741.7 210.918
12753.8 210.672
12765.8 210.415
12777.8 210.145
12789.8 209.853
12801.8 209.56
12813.8 209.281
12825.8 209.006
12837.8 208.736
12849.8 208.471
12861.9 208.212
12873.9 207.964
12885.9 207.733
12897.9 207.554
12909.9 207.337
12921.9 207.092
12933.9 206.832
12945.9 206.562
12958 206.283
12970 205.998
12982 205.704
12994 205.396
13006 205.054
13018 204.76
13030 204.493
13042 204.251
13054.1 204.035
13066.1 203.852
13078.1 203.714
13090.1 203.646
13102.1 203.727
13114.1 204.014
13126.1 203.967
13138.1 203.79
13150.2 203.523
13162.2 203.182
13174.2 202.77
13186.2 202.287
13198.2 201.721
13210.2 201.012
13222.2 200.246
13234.2 199.56
13246.2 198.876
13258.3 198.176
13270.3 197.447
13282.3 196.677
13294.3 195.848
13306.3 194.922
13318.3 193.718
13330.3 192.672
13342.3 191.763
13354.4 190.913
13366.4 190.093
13378.4 189.284
13390.4 188.47
13402.4 187.624
13414.4 186.691
13426.4 185.49
13438.4 184.608
13450.5 183.902
13462.5 183.309
13474.5 182.81
13486.5 182.395
13498.5 182.063
13510.5 181.818
13522.5 181.685
13534.5 181.695
13546.5 181.645
13558.6 181.612
13570.6 181.614
13582.6 181.664
13594.6 181.773
13606.6 181.96
13618.6 182.26
13630.6 182.803
13642.6 183.474
13654.7 183.842
13666.7 184.119
13678.7 184.343
13690.7 184.534
13702.7 184.705
13714.7 184.864
13726.7 185.023
13738.7 185.22
13750.8 185.38
13762.8 185.502
13774.8 185.604
13786.8 185.694
13798.8 185.774
13810.8 185.851
13822.8 185.927
13834.8 186.011
13846.8 186.13
13858.9 186.21
13870.9 186.268
13882.9 186.315
13894.9 186.356
13906.9 186.394
13918.9 186.435
13930.9 186.487
13942.9 186.57
13955 186.719
13967 186.763
13979 186.76
13991 186.725
14003 186.662
14015 186.577
14027 186.473
14039 186.353
14051.1 186.236
14063.1 186.11
14075.1 185.893
14087.1 185.618
14099.1 185.282
14111.1 184.88
14123.1 184.398
14135.1 183.809
14147.1 183.054
14159.2 181.805
14171.2 180.764
14183.2 180.065
14195.2 179.523
14207.2 179.088
14219.2 178.74
14231.2 178.463
14243.2 178.252
14255.3 178.102
14267.3 178.019
14279.3 177.978
14291.3 177.984
14303.3 178.039
14315.3 178.149
14327.3 178.317
14339.3 178.555
14351.4 178.879
14363.4 179.343
14375.4 180.056
14387.4 180.546
14399.4 180.964
14411.4 181.353
14423.4 181.73
14435.4 182.11
14447.4 182.503
14459.5 182.926
14471.5 183.418
14483.5 183.983
14495.5 184.429
14507.5 184.841
14519.5 185.238
14531.5 185.633
14543.5 186.035
14555.6 186.459
14567.6 186.931
14579.6 187.576
14591.6 188.154
14603.6 188.572
14615.6 188.917
14627.6 189.21
14639.6 189.465
14651.7 189.69
14663.7 189.897
14675.7 190.105
14687.7 190.401
14699.7 190.552
14711.7 190.587
14723.7 190.534
14735.7 190.401
14747.7 190.184
14759.8 189.874
14771.8 189.453
14783.8 188.862
14795.8 187.953
14807.8 187.282
14819.8 186.684
14831.8 186.1
14843.8 185.502
14855.9 184.864
14867.9 184.159
14879.9 183.332
14891.9 182.232
14903.9 180.789
14915.9 179.933
14927.9 179.296
14939.9 178.803
14952 178.425
14964 178.147
14976 177.961
14988 177.871
15000 177.917
15012 178.023
15024 178.111
15036 178.228
15048 178.384
15060.1 178.586
15072.1 178.843
15084.1 179.167
15096.1 179.587
15108.1 180.237
15120.1 180.783
15132.1 181.249
15144.1 181.693
15156.2 182.136
15168.2 182.591
15180.2 183.074
15192.2 183.604
15204.2 184.227
15216.2 185.081
15228.2 185.7
15240.2 186.211
15252.3 186.659
15264.3 187.065
15276.3 187.44
15288.3 187.791
15300.3 188.128
15312.3 188.47
15324.3 188.836
15336.3 189.112
15348.3 189.342
15360.4 189.538
15372.4 189.706
15384.4 189.851
15396.4 189.98
15408.4 190.109
15420.4 190.302
15432.4 190.481
15444.4 190.452
15456.5 190.303
15468.5 190.045
15480.5 189.672
15492.5 189.167
15504.5 188.496
15516.5 187.578
15528.5 185.982
15540.5 184.732
15552.6 183.828
15564.6 183.074
15576.6 182.408
15588.6 181.794
15600.6 181.205
15612.6 180.607
15624.6 179.939
15636.6 178.989
15648.6 178.408
15660.7 178.043
15672.7 177.827
15684.7 177.738
15696.7 177.772
15708.7 177.932
15720.7 178.242
15732.7 178.773
15744.7 179.633
15756.8 180.216
15768.8 180.738
15780.8 181.254
15792.8 181.793
15804.8 182.379
15816.8 183.047
15828.8 183.855
15840.8 185.011
15852.9 186.374
15864.9 187.169
15876.9 187.76
15888.9 188.215
15900.9 188.567
15912.9 188.835
15924.9 189.038
15936.9 189.194
15948.9 189.379
15961 189.439
15973 189.358
15985 189.174
15997 188.897
16009 188.531
16021 188.076
16033 187.529
16045 186.883
16057.1 186.102
16069.1 185.285
16081.1 184.41
16093.1 183.46
16105.1 182.426
16117.1 181.296
16129.1 180.058
16141.1 178.686
16153.2 177.124
16165.2 175.258
16177.2 173.566
16189.2 171.882
16201.2 170.152
16213.2 168.344
16225.2 166.424
16237.2 164.345
16249.2 162.019
16261.3 159.149
16273.3 155.798
16285.3 153.398
16297.3 151.336
16309.3 149.502
16321.3 147.855
16333.3 146.381
16345.3 145.09
16357.4 144.029
16369.4 143.512
16381.4 142.874
16393.4 141.935
16405.4 140.892
16417.4 139.797
16429.4 138.682
16441.4 137.573
16453.5 136.503
16465.5 135.536
16477.5 134.94
16489.5 133.996
16501.5 132.82
16513.5 131.512
16525.5 130.109
16537.5 128.636
16549.5 127.111
16561.6 125.56
16573.6 124.03
16585.6 122.627
16597.6 120.957
16609.6 119.146
16621.6 117.238
16633.6 115.255
16645.6 113.213
16657.7 111.135
16669.7 109.055
16681.7 107.081
16693.7 105.235
16705.7 102.923
16717.7 100.385
16729.7 97.6651
16741.7 94.7772
16753.8 91.7231
16765.8 88.4915
16777.8 85.048
16789.8 81.1956
16801.8 77.2916
16813.8 73.556
16825.8 69.8236
16837.8 66.0487
16849.8 62.1993
16861.9 58.2402
16873.9 54.1163
16885.9 49.7046
16897.9 44.4156
16909.9 39.7944
16921.9 35.6785
16933.9 31.8446
16945.9 28.2264
16958 24.7976
16970 21.5525
16982 18.5058
16994 15.7206
17006 13.3981
17018 10.8007
17030 8.13332
17042 5.46876
17054.1 2.83886
17066.1 0.266863
17078.1 -2.22263
17090.1 -4.59186
17102.1 -6.73814
17114.1 -8.58586
17126.1 -10.7902
17138.1 -13.0969
17150.2 -15.4512
17162.2 -17.8282
17174.2 -20.2128
17186.2 -22.5937
17198.2 -24.9601
17210.2 -27.2896
17222.2 -29.6018
17234.2 -31.9323
17246.2 -34.2566
17258.3 -36.5682
17270.3 -38.8628
17282.3 -41.1365
17294.3 -43.3854
17306.3 -45.6022
17318.3 -47.7539
17330.3 -49.9209
17342.3 -52.1009
17354.4 -54.2813
17366.4 -56.4595
17378.4 -58.6364
17390.4 -60.8147
17402.4 -63.0007
17414.4 -65.2085
17426.4 -67.4819
17438.4 -69.6936
17450.5 -71.8824
17462.5 -74.0707
17474.5 -76.2759
17486.5 -78.5196
17498.5 -80.8342
17510.5 -83.2816
17522.5 -86.0427
17534.5 -89.3308
17546.5 -91.7849
17558.6 -93.8969
17570.6 -95.7765
17582.6 -97.4694
17594.6 -99.0012
17606.6 -100.389
17618.6 -101.65
17630.6 -102.82
17642.6 -103.868
17654.7 -104.675
17666.7 -105.287
17678.7 -105.701
17690.7 -105.899
17702.7 -105.845
17714.7 -105.472
17726.7 -104.618
17738.7 -102.398
17750.8 -100.874
17762.8 -100.145
17774.8 -99.7969
17786.8 -99.7175
17798.8 -99.8632
17810.8 -100.223
17822.8 -100.819
17834.8 -101.745
17846.8 -103.409
17858.9 -104.523
17870.9 -105.359
17882.9 -106.055
17894.9 -106.66
17906.9 -107.195
17918.9 -107.676
17930.9 -108.111
17942.9 -108.506
17955 -108.867
17967 -109.196
17979 -109.497
17991 -109.771
18003 -110.02
18015 -110.247
18027 -110.452
18039 -110.636
18051.1 -110.801
18063.1 -110.947
18075.1 -111.076
18087.1 -111.187
18099.1 -111.283
18111.1 -111.363
18123.1 -111.428
18135.1 -111.479
18147.1 -111.517
18159.2 -111.541
18171.2 -111.552
18183.2 -111.551
18195.2 -111.539
18207.2 -111.515
18219.2 -111.481
18231.2 -111.436
18243.2 -111.381
18255.3 -111.316
18267.3 -111.242
18279.3 -111.159
18291.3 -111.067
18303.3 -110.967
18315.3 -110.859
18327.3 -110.744
18339.3 -110.621
18351.4 -110.491
18363.4 -110.354
18375.4 -110.21
18387.4 -110.061
18399.4 -109.905
18411.4 -109.743
18423.4 -109.576
18435.4 -109.404
18447.4 -109.226
18459.5 -109.044
18471.5 -108.856
18483.5 -108.665
18495.5 -108.468
18507.5 -108.268
18519.5 -108.064
18531.5 -107.856
18543.5 -107.645
18555.6 -107.43
18567.6 -107.212
18579.6 -106.99
18591.6 -106.766
18603.6 -106.539
18615.6 -106.309
18627.6 -106.077
18639.6 -105.842
18651.7 -105.605
18663.7 -105.366
18675.7 -105.124
18687.7 -104.881
18699.7 -104.636
18711.7 -104.389
18723.7 -104.14
18735.7 -103.89
18747.7 -103.639
18759.8 -103.386
18771.8 -103.132
18783.8 -102.877
18795.8 -102.621
18807.8 -102.364
18819.8 -102.106
18831.8 -101.847
18843.8 -101.587
18855.9 -101.327
18867.9 -101.066
18879.9 -100.804
18891.9 -100.542
18903.9 -100.279
18915.9 -100.017
18927.9 -99.7533
18939.9 -99.4899
18952 -99.2262
18964 -98.9624
18976 -98.6985
18988 -98.4346
19000 -98.1706
