7000 -19.6062
7012.01 -19.6593
7024.02 -19.7172
7036.04 -19.7801
7048.05 -19.8486
7060.06 -19.9231
7072.07 -20.0043
7084.08 -20.0928
7096.1 -20.189
7108.11 -20.2937
7120.12 -20.4077
7132.13 -20.5315
7144.14 -20.6661
7156.16 -20.8122
7168.17 -20.9707
7180.18 -21.1425
7192.19 -21.3285
7204.2 -21.5297
7216.22 -21.7471
7228.23 -21.9817
7240.24 -22.2347
7252.25 -22.507
7264.26 -22.7997
7276.28 -23.114
7288.29 -23.4509
7300.3 -23.8114
7312.31 -24.1966
7324.32 -24.6074
7336.34 -25.0447
7348.35 -25.5094
7360.36 -26.0021
7372.37 -26.5235
7384.38 -27.074
7396.4 -27.6539
7408.41 -28.2635
7420.42 -28.9025
7432.43 -29.5709
7444.44 -30.2681
7456.46 -30.9934
7468.47 -31.7459
7480.48 -32.5246
7492.49 -33.3279
7504.5 -34.1545
7516.52 -35.0025
7528.53 -35.8701
7540.54 -36.7555
7552.55 -37.6566
7564.56 -38.5717
7576.58 -39.4993
7588.59 -40.4385
7600.6 -41.39
7612.61 -42.3575
7624.62 -43.3555
7636.64 -44.4467
7648.65 -45.4188
7660.66 -46.3164
7672.67 -47.1572
7684.68 -47.9445
7696.7 -48.6761
7708.71 -49.3461
7720.72 -49.9413
7732.73 -50.423
7744.74 -50.7353
7756.76 -51.1871
7768.77 -51.6702
7780.78 -52.1594
7792.79 -52.6442
7804.8 -53.1185
7816.82 -53.5782
7828.83 -54.0187
7840.84 -54.429
7852.85 -54.816
7864.86 -55.219
7876.88 -55.6206
7888.89 -56.0185
7900.9 -56.4126
7912.91 -56.8043
7924.92 -57.1966
7936.94 -57.5959
7948.95 -58.0351
7960.96 -58.4433
7972.97 -58.8132
7984.98 -59.1622
7997 -59.4957
8009.01 -59.8168
8021.02 -60.1271
8033.03 -60.4275
8045.05 -60.7164
8057.06 -60.9804
8069.07 -61.268
8081.08 -61.573
8093.09 -61.8936
8105.11 -62.2325
8117.12 -62.5957
8129.13 -62.9931
8141.14 -63.4449
8153.15 -64.0083
8165.17 -64.7949
8177.18 -65.2858
8189.19 -65.6472
8201.2 -65.9188
8213.21 -66.1124
8225.23 -66.2281
8237.24 -66.255
8249.25 -66.1619
8261.26 -65.8248
8273.27 -65.2796
8285.29 -65.1508
8297.3 -65.1783
8309.31 -65.3216
8321.32 -65.5719
8333.33 -65.9373
8345.35 -66.4457
8357.36 -67.1723
8369.37 -68.5586
8381.38 -69.6784
8393.39 -70.266
8405.41 -70.5859
8417.42 -70.6936
8429.43 -70.6008
8441.44 -70.2924
8453.45 -69.7181
8465.47 -68.7343
8477.48 -66.6622
8489.49 -65.4072
8501.5 -64.6814
8513.51 -64.2446
8525.53 -64.024
8537.54 -63.9915
8549.55 -64.1436
8561.56 -64.5035
8573.57 -65.1662
8585.59 -66.3813
8597.6 -67.117
8609.61 -67.6793
8621.62 -68.1561
8633.63 -68.5801
8645.65 -68.9683
8657.66 -69.3306
8669.67 -69.6736
8681.68 -70.0016
8693.69 -70.3179
8705.71 -70.6249
8717.72 -70.9244
8729.73 -71.2177
8741.74 -71.5061
8753.75 -71.7904
8765.77 -72.0713
8777.78 -72.3495
8789.79 -72.6255
8801.8 -72.8997
8813.81 -73.1724
8825.83 -73.444
8837.84 -73.7148
8849.85 -73.9849
8861.86 -74.2546
8873.87 -74.524
8885.89 -74.7933
8897.9 -75.0626
8909.91 -75.332
8921.92 -75.6017
8933.93 -75.8717
8945.95 -76.1421
8957.96 -76.413
8969.97 -76.6845
8981.98 -76.9565
8993.99 -77.2291
9006.01 -77.5025
9018.02 -77.7765
9030.03 -78.0513
9042.04 -78.3269
9054.05 -78.6033
9066.07 -78.8805
9078.08 -79.1585
9090.09 -79.4373
9102.1 -79.717
9114.11 -79.9975
9126.13 -80.2789
9138.14 -80.5612
9150.15 -80.8443
9162.16 -81.1282
9174.17 -81.413
9186.19 -81.6986
9198.2 -81.9851
9210.21 -82.2723
9222.22 -82.5603
9234.23 -82.8491
9246.25 -83.1387
9258.26 -83.4289
9270.27 -83.7199
9282.28 -84.0116
9294.29 -84.3039
9306.31 -84.5968
9318.32 -84.8904
9330.33 -85.1844
9342.34 -85.4791
9354.35 -85.7742
9366.37 -86.0697
9378.38 -86.3657
9390.39 -86.662
9402.4 -86.9586
9414.41 -87.2555
9426.43 -87.5526
9438.44 -87.8499
9450.45 -88.1472
9462.46 -88.4447
9474.47 -88.7421
9486.49 -89.0395
9498.5 -89.3367
9510.51 -89.6337
9522.52 -89.9305
9534.53 -90.2269
9546.55 -90.5229
9558.56 -90.8183
9570.57 -91.1132
9582.58 -91.4075
9594.59 -91.701
9606.61 -91.9936
9618.62 -92.2853
9630.63 -92.5759
9642.64 -92.8654
9654.65 -93.1537
9666.67 -93.4406
9678.68 -93.7261
9690.69 -94.0099
9702.7 -94.292
9714.71 -94.5724
9726.73 -94.8507
9738.74 -95.1269
9750.75 -95.4009
9762.76 -95.6726
9774.77 -95.9417
9786.79 -96.2081
9798.8 -96.4716
9810.81 -96.7322
9822.82 -96.9896
9834.83 -97.2436
9846.85 -97.4941
9858.86 -97.7409
9870.87 -97.9837
9882.88 -98.2225
9894.89 -98.4569
9906.91 -98.6868
9918.92 -98.9119
9930.93 -99.1321
9942.94 -99.347
9954.95 -99.5565
9966.97 -99.7604
9978.98 -99.9582
9990.99 -100.15
10003 -100.335
10015 -100.513
10027 -100.685
10039 -100.849
10051.1 -101.005
10063.1 -101.154
10075.1 -101.294
10087.1 -101.425
10099.1 -101.548
10111.1 -101.661
10123.1 -101.765
10135.1 -101.858
10147.1 -101.941
10159.2 -102.014
10171.2 -102.075
10183.2 -102.125
10195.2 -102.162
10207.2 -102.187
10219.2 -102.2
10231.2 -102.199
10243.2 -102.184
10255.3 -102.155
10267.3 -102.111
10279.3 -102.051
10291.3 -101.977
10303.3 -101.885
10315.3 -101.777
10327.3 -101.652
10339.3 -101.509
10351.4 -101.347
10363.4 -101.167
10375.4 -100.966
10387.4 -100.746
10399.4 -100.505
10411.4 -100.242
10423.4 -99.9577
10435.4 -99.6504
10447.4 -99.3199
10459.5 -98.9655
10471.5 -98.5864
10483.5 -98.1821
10495.5 -97.7519
10507.5 -97.295
10519.5 -96.8109
10531.5 -96.2987
10543.5 -95.7579
10555.6 -95.1877
10567.6 -94.5873
10579.6 -93.9562
10591.6 -93.2935
10603.6 -92.5985
10615.6 -91.8706
10627.6 -91.1089
10639.6 -90.3129
10651.7 -89.4817
10663.7 -88.6146
10675.7 -87.711
10687.7 -86.77
10699.7 -85.791
10711.7 -84.7733
10723.7 -83.7161
10735.7 -82.6188
10747.7 -81.4806
10759.8 -80.3009
10771.8 -79.0789
10783.8 -77.814
10795.8 -76.5055
10807.8 -75.1526
10819.8 -73.7547
10831.8 -72.3111
10843.8 -70.8211
10855.9 -69.2839
10867.9 -67.6987
10879.9 -66.0649
10891.9 -64.3816
10903.9 -62.6478
10915.9 -60.8627
10927.9 -59.0252
10939.9 -57.134
10952 -55.1878
10964 -53.185
10976 -51.1237
10988 -49.0014
11000 -46.8152
11012 -44.5614
11024 -42.2348
11036 -39.8287
11048 -37.3334
11060.1 -34.7343
11072.1 -32.0079
11084.1 -29.1108
11096.1 -25.9401
11108.1 -21.9689
11120.1 -18.5365
11132.1 -15.5567
11144.1 -12.8208
11156.2 -10.2719
11168.2 -7.89155
11180.2 -5.68322
11192.2 -3.67665
11204.2 -1.9706
11216.2 -0.892716
11228.2 0.697968
11240.2 2.50003
11252.3 4.40022
11264.3 6.35328
11276.3 8.33096
11288.3 10.3087
11300.3 12.2553
11312.3 14.0967
11324.3 15.7635
11336.3 17.7358
11348.3 19.8325
11360.4 22.0145
11372.4 24.2674
11384.4 26.5866
11396.4 28.9773
11408.4 31.4623
11420.4 34.1588
11432.4 36.923
11444.4 39.389
11456.5 41.7314
11468.5 43.9751
11480.5 46.1242
11492.5 48.1715
11504.5 50.0961
11516.5 51.8453
11528.5 53.1347
11540.5 54.6418
11552.6 56.3671
11564.6 58.1819
11576.6 60.0471
11588.6 61.9423
11600.6 63.8543
11612.6 65.7723
11624.6 67.6828
11636.6 69.5517
11648.6 71.4726
11660.7 73.4219
11672.7 75.3895
11684.7 77.3732
11696.7 79.3745
11708.7 81.3999
11720.7 83.465
11732.7 85.6206
11744.7 87.9393
11756.8 89.9977
11768.8 91.9416
11780.8 93.803
11792.8 95.5932
11804.8 97.316
11816.8 98.9702
11828.8 100.547
11840.8 102.002
11852.9 103.371
11864.9 104.826
11876.9 106.289
11888.9 107.747
11900.9 109.195
11912.9 110.632
11924.9 112.057
11936.9 113.475
11948.9 114.915
11961 116.313
11973 117.661
11985 118.975
11997 120.259
12009 121.513
12021 122.739
12033 123.932
12045 125.084
12057.1 126.143
12069.1 127.275
12081.1 128.452
12093.1 129.665
12105.1 130.915
12117.1 132.215
12129.1 133.587
12141.1 135.075
12153.2 136.81
12165.2 139.047
12177.2 140.604
12189.2 141.863
12201.2 142.916
12213.2 143.795
12225.2 144.51
12237.2 145.05
12249.2 145.376
12261.3 145.325
12273.3 144.942
12285.3 145.056
12297.3 145.319
12309.3 145.671
12321.3 146.089
12333.3 146.566
12345.3 147.109
12357.4 147.742
12369.4 148.631
12381.4 149.425
12393.4 150.029
12405.4 150.544
12417.4 150.993
12429.4 151.388
12441.4 151.733
12453.5 152.027
12465.5 152.26
12477.5 152.373
12489.5 152.54
12501.5 152.735
12513.5 152.94
12525.5 153.15
12537.5 153.366
12549.5 153.59
12561.6 153.832
12573.6 154.117
12585.6 154.51
12597.6 154.751
12609.6 154.918
12621.6 155.034
12633.6 155.107
12645.6 155.14
12657.7 155.135
12669.7 155.089
12681.7 154.991
12693.7 154.839
12705.7 154.701
12717.7 154.55
12729.7 154.378
12741.7 154.181
12753.8 153.955
12765.8 153.692
12777.8 153.379
12789.8 152.948
12801.8 152.518
12813.8 152.166
12825.8 151.836
12837.8 151.513
12849.8 151.191
12861.9 150.862
12873.9 150.521
12885.9 150.153
12897.9 149.704
12909.9 149.312
12921.9 148.96
12933.9 148.626
12945.9 148.301
12958 147.981
12970 147.658
12982 147.324
12994 146.956
13006 146.494
13018 146.162
13030 145.9
13042 145.689
13054.1 145.525
13066.1 145.409
13078.1 145.35
13090.1 145.365
13102.1 145.52
13114.1 145.862
13126.1 145.941
13138.1 145.927
13150.2 145.853
13162.2 145.73
13174.2 145.562
13186.2 145.347
13198.2 145.073
13210.2 144.676
13222.2 144.25
13234.2 143.946
13246.2 143.682
13258.3 143.444
13270.3 143.225
13282.3 143.025
13294.3 142.841
13306.3 142.679
13318.3 142.563
13330.3 142.428
13342.3 142.276
13354.4 142.118
13366.4 141.957
13378.4 141.795
13390.4 141.634
13402.4 141.474
13414.4 141.32
13426.4 141.183
13438.4 141.022
13450.5 140.846
13462.5 140.659
13474.5 140.459
13486.5 140.244
13498.5 140.011
13510.5 139.747
13522.5 139.42
13534.5 138.99
13546.5 138.718
13558.6 138.513
13570.6 138.356
13582.6 138.243
13594.6 138.172
13606.6 138.152
13618.6 138.2
13630.6 138.39
13642.6 138.651
13654.7 138.728
13666.7 138.742
13678.7 138.714
13690.7 138.652
13702.7 138.56
13714.7 138.436
13726.7 138.269
13738.7 137.999
13750.8 137.772
13762.8 137.596
13774.8 137.441
13786.8 137.3
13798.8 137.167
13810.8 137.04
13822.8 136.916
13834.8 136.79
13846.8 136.643
13858.9 136.529
13870.9 136.437
13882.9 136.361
13894.9 136.299
13906.9 136.251
13918.9 136.218
13930.9 136.202
13942.9 136.21
13955 136.254
13967 136.274
13979 136.292
13991 136.313
14003 136.34
14015 136.377
14027 136.426
14039 136.495
14051.1 136.605
14063.1 136.747
14075.1 136.83
14087.1 136.896
14099.1 136.953
14111.1 137.005
14123.1 137.057
14135.1 137.112
14147.1 137.176
14159.2 137.283
14171.2 137.364
14183.2 137.406
14195.2 137.429
14207.2 137.435
14219.2 137.429
14231.2 137.409
14243.2 137.376
14255.3 137.328
14267.3 137.253
14279.3 137.185
14291.3 137.117
14303.3 137.045
14315.3 136.966
14327.3 136.879
14339.3 136.78
14351.4 136.664
14363.4 136.518
14375.4 136.311
14387.4 136.171
14399.4 136.057
14411.4 135.958
14423.4 135.87
14435.4 135.791
14447.4 135.718
14459.5 135.651
14471.5 135.587
14483.5 135.526
14495.5 135.475
14507.5 135.43
14519.5 135.391
14531.5 135.359
14543.5 135.333
14555.6 135.316
14567.6 135.309
14579.6 135.33
14591.6 135.345
14603.6 135.339
14615.6 135.323
14627.6 135.3
14639.6 135.27
14651.7 135.234
14663.7 135.188
14675.7 135.127
14687.7 135.023
14699.7 134.954
14711.7 134.908
14723.7 134.876
14735.7 134.855
14747.7 134.844
14759.8 134.841
14771.8 134.849
14783.8 134.87
14795.8 134.914
14807.8 134.945
14819.8 134.976
14831.8 135.009
14843.8 135.046
14855.9 135.091
14867.9 135.146
14879.9 135.218
14891.9 135.33
14903.9 135.489
14915.9 135.563
14927.9 135.604
14939.9 135.621
14952 135.619
14964 135.598
14976 135.556
14988 135.49
15000 135.375
15012 135.252
15024 135.159
15036 135.072
15048 134.985
15060.1 134.895
15072.1 134.799
15084.1 134.693
15096.1 134.57
15108.1 134.396
15120.1 134.253
15132.1 134.136
15144.1 134.031
15156.2 133.933
15168.2 133.838
15180.2 133.746
15192.2 133.655
15204.2 133.56
15216.2 133.456
15228.2 133.362
15240.2 133.273
15252.3 133.184
15264.3 133.095
15276.3 133.003
15288.3 132.905
15300.3 132.798
15312.3 132.667
15324.3 132.502
15336.3 132.391
15348.3 132.302
15360.4 132.227
15372.4 132.163
15384.4 132.109
15396.4 132.062
15408.4 132.024
15420.4 131.992
15432.4 131.968
15444.4 131.95
15456.5 131.941
15468.5 131.94
15480.5 131.947
15492.5 131.967
15504.5 132
15516.5 132.056
15528.5 132.178
15540.5 132.263
15552.6 132.312
15564.6 132.343
15576.6 132.364
15588.6 132.376
15600.6 132.383
15612.6 132.388
15624.6 132.396
15636.6 132.427
15648.6 132.421
15660.7 132.39
15672.7 132.342
15684.7 132.277
15696.7 132.197
15708.7 132.098
15720.7 131.978
15732.7 131.824
15744.7 131.618
15756.8 131.466
15768.8 131.332
15780.8 131.208
15792.8 131.092
15804.8 130.984
15816.8 130.886
15828.8 130.805
15840.8 130.769
15852.9 130.757
15864.9 130.659
15876.9 130.524
15888.9 130.362
15900.9 130.174
15912.9 129.962
15924.9 129.724
15936.9 129.454
15948.9 129.12
15961 128.794
15973 128.487
15985 128.18
15997 127.867
16009 127.546
16021 127.213
16033 126.863
16045 126.485
16057.1 126.036
16069.1 125.646
16081.1 125.29
16093.1 124.954
16105.1 124.636
16117.1 124.336
16129.1 124.06
16141.1 123.818
16153.2 123.644
16165.2 123.606
16177.2 123.392
16189.2 123.104
16201.2 122.767
16213.2 122.392
16225.2 121.983
16237.2 121.545
16249.2 121.079
16261.3 120.584
16273.3 120.062
16285.3 119.526
16297.3 118.973
16309.3 118.403
16321.3 117.817
16333.3 117.218
16345.3 116.608
16357.4 115.996
16369.4 115.425
16381.4 114.805
16393.4 114.112
16405.4 113.371
16417.4 112.589
16429.4 111.767
16441.4 110.906
16453.5 110.001
16465.5 109.045
16477.5 107.994
16489.5 106.969
16501.5 105.953
16513.5 104.929
16525.5 103.891
16537.5 102.837
16549.5 101.764
16561.6 100.668
16573.6 99.542
16585.6 98.3673
16597.6 97.2162
16609.6 96.0673
16621.6 94.9144
16633.6 93.756
16645.6 92.5919
16657.7 91.4231
16669.7 90.2529
16681.7 89.0929
16693.7 87.9457
16705.7 86.7436
16717.7 85.5141
16729.7 84.2626
16741.7 82.9915
16753.8 81.7019
16765.8 80.3943
16777.8 79.0681
16789.8 77.7159
16801.8 76.3534
16813.8 74.9906
16825.8 73.6218
16837.8 72.2464
16849.8 70.8649
16861.9 69.4785
16873.9 68.0893
16885.9 66.7026
16897.9 65.3427
16909.9 63.9466
16921.9 62.5211
16933.9 61.0757
16945.9 59.6133
16958 58.1349
16970 56.6409
16982 55.1305
16994 53.6006
17006 52.0412
17018 50.4876
17030 48.9293
17042 47.3617
17054.1 45.7817
17066.1 44.1857
17078.1 42.5681
17090.1 40.9182
17102.1 39.2037
17114.1 37.4007
17126.1 35.7227
17138.1 34.087
17150.2 32.4748
17162.2 30.8766
17174.2 29.2845
17186.2 27.6891
17198.2 26.0735
17210.2 24.3702
17222.2 22.6704
17234.2 21.1222
17246.2 19.6435
17258.3 18.2182
17270.3 16.8391
17282.3 15.5021
17294.3 14.2051
17306.3 12.9467
17318.3 11.7276
17330.3 10.5444
17342.3 9.39773
17354.4 8.28874
17366.4 7.21906
17378.4 6.19117
17390.4 5.2092
17402.4 4.28092
17414.4 3.42614
17426.4 2.71271
17438.4 1.91984
17450.5 1.10243
17462.5 0.283665
17474.5 -0.527492
17486.5 -1.3258
17498.5 -2.10721
17510.5 -2.86724
17522.5 -3.59672
17534.5 -4.28542
17546.5 -4.99316
17558.6 -5.69802
17570.6 -6.3954
17582.6 -7.0841
17594.6 -7.76483
17606.6 -8.44073
17618.6 -9.12074
17630.6 -9.84547
17642.6 -10.5733
17654.7 -11.1564
17666.7 -11.6602
17678.7 -12.0913
17690.7 -12.4464
17702.7 -12.7145
17714.7 -12.8719
17726.7 -12.8616
17738.7 -12.3678
17750.8 -12.1285
17762.8 -12.1798
17774.8 -12.3742
17786.8 -12.6729
17798.8 -13.0618
17810.8 -13.54
17822.8 -14.1202
17834.8 -14.8487
17846.8 -15.9211
17858.9 -16.7261
17870.9 -17.3933
17882.9 -17.9892
17894.9 -18.5367
17906.9 -19.0473
17918.9 -19.5279
17930.9 -19.983
17942.9 -20.4157
17955 -20.8284
17967 -21.2228
17979 -21.6003
17991 -21.962
18003 -22.3089
18015 -22.6417
18027 -22.9611
18039 -23.2678
18051.1 -23.5622
18063.1 -23.8448
18075.1 -24.1161
18087.1 -24.3764
18099.1 -24.6261
18111.1 -24.8656
18123.1 -25.0951
18135.1 -25.3149
18147.1 -25.5254
18159.2 -25.7268
18171.2 -25.9194
18183.2 -26.1033
18195.2 -26.2789
18207.2 -26.4464
18219.2 -26.6059
18231.2 -26.7577
18243.2 -26.902
18255.3 -27.039
18267.3 -27.1689
18279.3 -27.2919
18291.3 -27.4081
18303.3 -27.5178
18315.3 -27.6211
18327.3 -27.7181
18339.3 -27.8091
18351.4 -27.8941
18363.4 -27.9734
18375.4 -28.0472
18387.4 -28.1154
18399.4 -28.1784
18411.4 -28.2362
18423.4 -28.289
18435.4 -28.3369
18447.4 -28.38
18459.5 -28.4185
18471.5 -28.4525
18483.5 -28.4822
18495.5 -28.5075
18507.5 -28.5288
18519.5 -28.546
18531.5 -28.5593
18543.5 -28.5688
18555.6 -28.5745
18567.6 -28.5767
18579.6 -28.5755
18591.6 -28.5708
18603.6 -28.5628
18615.6 -28.5516
18627.6 -28.5374
18639.6 -28.5201
18651.7 -28.4999
18663.7 -28.4768
18675.7 -28.451
18687.7 -28.4225
18699.7 -28.3915
18711.7 -28.3579
18723.7 -28.3219
18735.7 -28.2835
18747.7 -28.2428
18759.8 -28.2
18771.8 -28.1549
18783.8 -28.1078
18795.8 -28.0587
18807.8 -28.0077
18819.8 -27.9547
18831.8 -27.9
18843.8 -27.8434
18855.9 -27.7852
18867.9 -27.7253
18879.9 -27.6638
18891.9 -27.6008
18903.9 -27.5363
18915.9 -27.4704
18927.9 -27.4031
18939.9 -27.3344
18952 -27.2645
18964 -27.1933
18976 -27.121
18988 -27.0474
19000 -26.9728
