7000 -0.610026
7012.01 -0.610749
7024.02 -0.611579
7036.04 -0.61253
7048.05 -0.613619
7060.06 -0.614865
7072.07 -0.616287
7084.08 -0.617906
7096.1 -0.619749
7108.11 -0.62184
7120.12 -0.624208
7132.13 -0.626886
7144.14 -0.629908
7156.16 -0.633311
7168.17 -0.637137
7180.18 -0.641431
7192.19 -0.646242
7204.2 -0.651622
7216.22 -0.65763
7228.23 -0.664328
7240.24 -0.671784
7252.25 -0.680071
7264.26 -0.689268
7276.28 -0.69946
7288.29 -0.710738
7300.3 -0.723199
7312.31 -0.736948
7324.32 -0.752097
7336.34 -0.768761
7348.35 -0.787067
7360.36 -0.807145
7372.37 -0.829133
7384.38 -0.853174
7396.4 -0.879418
7408.41 -0.908018
7420.42 -0.939135
7432.43 -0.972929
7444.44 -1.00957
7456.46 -1.04922
7468.47 -1.09206
7480.48 -1.13826
7492.49 -1.188
7504.5 -1.24147
7516.52 -1.29888
7528.53 -1.36046
7540.54 -1.4265
7552.55 -1.49736
7564.56 -1.57356
7576.58 -1.65588
7588.59 -1.74562
7600.6 -1.84514
7612.61 -1.95953
7624.62 -2.10349
7636.64 -2.33584
7648.65 -2.454
7660.66 -2.49346
7672.67 -2.45193
7684.68 -2.20663
7696.7 -2.0186
7708.71 -2.02484
7720.72 -2.15054
7732.73 -2.44351
7744.74 -2.99433
7756.76 -3.17963
7768.77 -3.18235
7780.78 -2.98875
7792.79 -2.31514
7804.8 -1.99929
7816.82 -1.97191
7828.83 -2.16519
7840.84 -2.72366
7852.85 -3.49332
7864.86 -3.73925
7876.88 -3.75498
7888.89 -3.51584
7900.9 -2.81648
7912.91 -2.52794
7924.92 -2.42413
7936.94 -2.44608
7948.95 -2.634
7960.96 -2.84854
7972.97 -3.08356
7984.98 -3.40246
7997 -3.94049
8009.01 -4.76436
8021.02 -4.93248
8033.03 -4.73849
8045.05 -4.09664
8057.06 -2.36276
8069.07 -1.62763
8081.08 -1.55457
8093.09 -2.03566
8105.11 -3.57871
8117.12 -5.24182
8129.13 -5.78478
8141.14 -5.80541
8153.15 -5.23714
8165.17 -3.76288
8177.18 -3.14349
8189.19 -2.84104
8201.2 -2.7312
8213.21 -2.7712
8225.23 -2.98367
8237.24 -3.39897
8249.25 -4.10682
8261.26 -5.49329
8273.27 -7.41079
8285.29 -7.76922
8297.3 -7.29103
8309.31 -5.73984
8321.32 -1.83177
8333.33 -0.35768
8345.35 -0.273689
8357.36 -1.4228
8369.37 -5.31442
8381.38 -8.34616
8393.39 -9.42123
8405.41 -9.39692
8417.42 -8.03895
8429.43 -4.94858
8441.44 -3.81887
8453.45 -3.40998
8465.47 -3.54786
8477.48 -4.4848
8489.49 -5.26643
8501.5 -6.05561
8513.51 -7.06271
8525.53 -8.774
8537.54 -10.6911
8549.55 -11.3183
8561.56 -11.3074
8573.57 -10.5853
8585.59 -8.70466
8597.6 -7.73158
8609.61 -7.0742
8621.62 -6.56747
8633.63 -6.1521
8645.65 -5.79869
8657.66 -5.49026
8669.67 -5.21603
8681.68 -4.96873
8693.69 -4.74321
8705.71 -4.53568
8717.72 -4.34328
8729.73 -4.16377
8741.74 -3.99539
8753.75 -3.83675
8765.77 -3.68666
8777.78 -3.54419
8789.79 -3.40851
8801.8 -3.27897
8813.81 -3.15498
8825.83 -3.03604
8837.84 -2.92172
8849.85 -2.81164
8861.86 -2.70548
8873.87 -2.60294
8885.89 -2.50377
8897.9 -2.40773
8909.91 -2.31463
8921.92 -2.22426
8933.93 -2.13648
8945.95 -2.05112
8957.96 -1.96804
8969.97 -1.88714
8981.98 -1.80828
8993.99 -1.73137
9006.01 -1.6563
9018.02 -1.583
9030.03 -1.51137
9042.04 -1.44135
9054.05 -1.37286
9066.07 -1.30584
9078.08 -1.24022
9090.09 -1.17596
9102.1 -1.113
9114.11 -1.05129
9126.13 -0.990777
9138.14 -0.931429
9150.15 -0.873201
9162.16 -0.816056
9174.17 -0.759958
9186.19 -0.704873
9198.2 -0.65077
9210.21 -0.597618
9222.22 -0.545389
9234.23 -0.494057
9246.25 -0.443595
9258.26 -0.39398
9270.27 -0.345189
9282.28 -0.2972
9294.29 -0.249993
9306.31 -0.203547
9318.32 -0.157845
9330.33 -0.112869
9342.34 -0.0686014
9354.35 -0.0250261
9366.37 0.0178722
9378.38 0.0601082
9390.39 0.101696
9402.4 0.142649
9414.41 0.18298
9426.43 0.222702
9438.44 0.261826
9450.45 0.300363
9462.46 0.338325
9474.47 0.375722
9486.49 0.412564
9498.5 0.44886
9510.51 0.484619
9522.52 0.519851
9534.53 0.554564
9546.55 0.588766
9558.56 0.622464
9570.57 0.655667
9582.58 0.688382
9594.59 0.720615
9606.61 0.752374
9618.62 0.783664
9630.63 0.814493
9642.64 0.844865
9654.65 0.874788
9666.67 0.904265
9678.68 0.933304
9690.69 0.961909
9702.7 0.990084
9714.71 1.01784
9726.73 1.04517
9738.74 1.07208
9750.75 1.09859
9762.76 1.12469
9774.77 1.15039
9786.79 1.17568
9798.8 1.20059
9810.81 1.2251
9822.82 1.24922
9834.83 1.27296
9846.85 1.29632
9858.86 1.3193
9870.87 1.3419
9882.88 1.36413
9894.89 1.38599
9906.91 1.40749
9918.92 1.42862
9930.93 1.44939
9942.94 1.4698
9954.95 1.48985
9966.97 1.50955
9978.98 1.5289
9990.99 1.54789
10003 1.56654
10015 1.58483
10027 1.60279
10039 1.6204
10051.1 1.63767
10063.1 1.65459
10075.1 1.67118
10087.1 1.68744
10099.1 1.70335
10111.1 1.71893
10123.1 1.73418
10135.1 1.7491
10147.1 1.76368
10159.2 1.77793
10171.2 1.79186
10183.2 1.80545
10195.2 1.81872
10207.2 1.83166
10219.2 1.84427
10231.2 1.85655
10243.2 1.86851
10255.3 1.88015
10267.3 1.89146
10279.3 1.90244
10291.3 1.9131
10303.3 1.92343
10315.3 1.93344
10327.3 1.94312
10339.3 1.95248
10351.4 1.96151
10363.4 1.97022
10375.4 1.9786
10387.4 1.98665
10399.4 1.99437
10411.4 2.00177
10423.4 2.00883
10435.4 2.01557
10447.4 2.02197
10459.5 2.02803
10471.5 2.03376
10483.5 2.03915
10495.5 2.04421
10507.5 2.04892
10519.5 2.05329
10531.5 2.05731
10543.5 2.06098
10555.6 2.06431
10567.6 2.06727
10579.6 2.06988
10591.6 2.07213
10603.6 2.07401
10615.6 2.07552
10627.6 2.07665
10639.6 2.07741
10651.7 2.07778
10663.7 2.07776
10675.7 2.07734
10687.7 2.07652
10699.7 2.07528
10711.7 2.07363
10723.7 2.07155
10735.7 2.06903
10747.7 2.06607
10759.8 2.06265
10771.8 2.05876
10783.8 2.05439
10795.8 2.04952
10807.8 2.04415
10819.8 2.03824
10831.8 2.0318
10843.8 2.02479
10855.9 2.01721
10867.9 2.00901
10879.9 2.00018
10891.9 1.9907
10903.9 1.98052
10915.9 1.96962
10927.9 1.95796
10939.9 1.9455
10952 1.93218
10964 1.91796
10976 1.90277
10988 1.88655
11000 1.86922
11012 1.85068
11024 1.83083
11036 1.80956
11048 1.78673
11060.1 1.7622
11072.1 1.73581
11084.1 1.70753
11096.1 1.67773
11108.1 1.65124
11120.1 1.61112
11132.1 1.55512
11144.1 1.47853
11156.2 1.35526
11168.2 1.19741
11180.2 1.13602
11192.2 1.12134
11204.2 1.16
11216.2 1.30205
11228.2 1.35115
11240.2 1.35299
11252.3 1.31749
11264.3 1.20774
11276.3 1.11803
11288.3 1.07308
11300.3 1.0503
11312.3 1.05023
11324.3 1.07631
11336.3 1.07964
11348.3 1.07608
11360.4 1.06682
11372.4 1.04321
11384.4 1.03632
11396.4 1.04357
11408.4 1.06607
11420.4 1.12314
11432.4 1.18929
11444.4 1.20012
11456.5 1.18221
11468.5 1.12839
11480.5 1.01104
11492.5 0.959209
11504.5 0.936652
11516.5 0.937263
11528.5 0.980944
11540.5 1.00784
11552.6 1.01585
11564.6 1.01331
11576.6 0.996811
11588.6 0.967493
11600.6 0.960995
11612.6 0.964695
11624.6 0.979177
11636.6 1.01445
11648.6 1.03578
11660.7 1.05126
11672.7 1.06556
11684.7 1.08759
11696.7 1.10156
11708.7 1.09894
11720.7 1.08349
11732.7 1.04954
11744.7 0.98766
11756.8 0.955487
11768.8 0.932935
11780.8 0.914824
11792.8 0.895657
11804.8 0.884597
11816.8 0.879965
11828.8 0.879831
11840.8 0.882186
11852.9 0.888795
11864.9 0.907966
11876.9 0.939205
11888.9 0.99014
11900.9 1.08423
11912.9 1.12939
11924.9 1.14932
11936.9 1.14767
11948.9 1.10141
11961 1.07136
11973 1.06633
11985 1.07505
11997 1.09983
12009 1.14257
12021 1.16626
12033 1.18504
12045 1.20321
12057.1 1.23061
12069.1 1.23687
12081.1 1.22497
12093.1 1.19124
12105.1 1.10113
12117.1 1.01242
12129.1 1.00736
12141.1 1.0519
12153.2 1.16563
12165.2 1.39993
12177.2 1.48513
12189.2 1.49909
12201.2 1.44681
12213.2 1.25122
12225.2 1.13399
12237.2 1.0881
12249.2 1.08594
12261.3 1.14046
12273.3 1.24156
12285.3 1.27316
12297.3 1.28075
12309.3 1.26951
12321.3 1.2352
12333.3 1.19738
12345.3 1.1475
12357.4 1.07382
12369.4 0.915082
12381.4 0.802887
12393.4 0.777041
12405.4 0.808804
12417.4 0.917819
12429.4 1.13195
12441.4 1.22458
12453.5 1.2736
12465.5 1.29301
12477.5 1.28247
12489.5 1.25335
12501.5 1.19787
12513.5 1.09712
12525.5 0.86763
12537.5 0.61117
12549.5 0.614818
12561.6 0.772111
12573.6 1.14095
12585.6 1.91208
12597.6 2.23485
12609.6 2.3455
12621.6 2.28303
12633.6 1.90723
12645.6 1.61539
12657.7 1.42243
12669.7 1.24501
12681.7 1.02153
12693.7 0.738985
12705.7 0.668001
12717.7 0.714131
12729.7 0.896256
12741.7 1.35914
12753.8 1.61321
12765.8 1.76508
12777.8 1.86741
12789.8 1.96188
12801.8 1.99876
12813.8 1.94002
12825.8 1.7909
12837.8 1.49644
12849.8 0.962922
12861.9 0.719453
12873.9 0.590597
12885.9 0.53951
12897.9 0.560724
12909.9 0.639797
12921.9 0.788854
12933.9 1.04122
12945.9 1.52954
12958 2.16637
12970 2.36446
12982 2.35916
12994 2.13356
13006 1.52123
13018 1.20446
13030 1.00335
13042 0.856198
13054.1 0.722347
13066.1 0.639232
13078.1 0.608966
13090.1 0.618131
13102.1 0.660083
13114.1 0.734788
13126.1 0.894014
13138.1 1.14498
13150.2 1.54574
13162.2 2.36505
13174.2 2.79419
13186.2 2.96913
13198.2 2.95849
13210.2 2.68193
13222.2 2.30465
13234.2 2.07661
13246.2 1.85521
13258.3 1.58086
13270.3 1.16442
13282.3 0.96848
13294.3 0.882233
13306.3 0.890537
13318.3 1.0704
13330.3 1.1924
13342.3 1.25898
13354.4 1.3027
13366.4 1.31845
13378.4 1.31834
13390.4 1.40395
13402.4 1.55668
13414.4 1.82121
13426.4 2.37945
13438.4 2.59474
13450.5 2.60133
13462.5 2.42105
13474.5 1.84805
13486.5 1.35575
13498.5 1.11341
13510.5 0.983106
13522.5 0.954973
13534.5 1.04222
13546.5 1.04493
13558.6 1.0228
13570.6 0.97817
13582.6 0.867629
13594.6 0.831741
13606.6 0.857306
13618.6 0.938948
13630.6 1.11786
13642.6 1.35015
13654.7 1.47998
13666.7 1.58528
13678.7 1.69044
13690.7 1.83188
13702.7 1.87879
13714.7 1.86384
13726.7 1.7816
13738.7 1.53461
13750.8 1.3712
13762.8 1.30988
13774.8 1.31408
13786.8 1.4125
13798.8 1.61071
13810.8 1.62709
13822.8 1.55274
13834.8 1.36902
13846.8 0.930049
13858.9 0.727473
13870.9 0.670711
13882.9 0.732372
13894.9 1.02518
13906.9 1.30293
13918.9 1.38775
13930.9 1.37543
13942.9 1.24596
13955 0.935279
13967 0.838123
13979 0.837521
13991 0.925443
14003 1.19891
14015 1.37031
14027 1.4586
14039 1.49979
14051.1 1.48858
14063.1 1.43756
14075.1 1.41839
14087.1 1.39503
14099.1 1.34365
14111.1 1.19672
14123.1 1.21455
14135.1 1.34763
14147.1 1.61438
14159.2 2.25343
14171.2 2.71013
14183.2 2.8665
14195.2 2.83331
14207.2 2.55365
14219.2 1.97151
14231.2 1.76601
14243.2 1.70768
14255.3 1.78552
14267.3 2.14818
14279.3 2.28965
14291.3 2.27681
14303.3 2.13859
14315.3 1.76889
14327.3 1.33958
14339.3 1.19159
14351.4 1.17284
14363.4 1.3033
14375.4 1.68071
14387.4 1.79951
14399.4 1.79981
14411.4 1.69578
14423.4 1.3658
14435.4 1.15205
14447.4 1.06012
14459.5 1.04242
14471.5 1.11966
14483.5 1.28265
14495.5 1.32311
14507.5 1.3172
14519.5 1.26485
14531.5 1.12016
14543.5 1.05891
14555.6 1.04524
14567.6 1.07071
14579.6 1.17496
14591.6 1.26446
14603.6 1.30154
14615.6 1.31321
14627.6 1.29718
14639.6 1.24426
14651.7 1.23327
14663.7 1.24012
14675.7 1.26341
14687.7 1.31917
14699.7 1.35948
14711.7 1.39111
14723.7 1.42272
14735.7 1.46611
14747.7 1.51306
14759.8 1.52731
14771.8 1.5247
14783.8 1.50443
14795.8 1.45695
14807.8 1.42385
14819.8 1.39344
14831.8 1.36173
14843.8 1.32619
14855.9 1.28624
14867.9 1.23929
14879.9 1.17967
14891.9 1.08882
14903.9 0.960152
14915.9 0.918274
14927.9 0.92189
14939.9 0.97877
14952 1.15639
14964 1.23238
14976 1.24639
14988 1.21468
15000 1.10844
15012 0.990807
15024 0.923388
15036 0.870541
15048 0.824447
15060.1 0.780205
15072.1 0.745716
15084.1 0.7166
15096.1 0.690698
15108.1 0.662703
15120.1 0.644863
15132.1 0.636757
15144.1 0.637652
15156.2 0.651722
15168.2 0.677201
15180.2 0.692795
15192.2 0.709124
15204.2 0.731584
15216.2 0.773528
15228.2 0.788098
15240.2 0.785612
15252.3 0.765931
15264.3 0.703679
15276.3 0.65783
15288.3 0.64379
15300.3 0.647429
15312.3 0.670096
15324.3 0.715147
15336.3 0.745258
15348.3 0.774029
15360.4 0.805141
15372.4 0.843426
15384.4 0.881423
15396.4 0.922973
15408.4 0.973983
15420.4 1.05484
15432.4 1.14205
15444.4 1.1746
15456.5 1.17966
15468.5 1.15451
15480.5 1.08237
15492.5 1.04212
15504.5 1.00937
15516.5 0.9748
15528.5 0.918886
15540.5 0.883182
15552.6 0.868034
15564.6 0.866924
15576.6 0.883232
15588.6 0.916088
15600.6 0.932375
15612.6 0.945085
15624.6 0.956714
15636.6 0.969352
15648.6 0.979104
15660.7 0.986916
15672.7 0.992751
15684.7 0.993152
15696.7 0.995803
15708.7 1.00476
15720.7 1.01806
15732.7 1.03762
15744.7 1.06668
15756.8 1.08382
15768.8 1.0958
15780.8 1.10304
15792.8 1.1003
15804.8 1.10348
15816.8 1.11093
15828.8 1.12035
15840.8 1.13005
15852.9 1.14085
15864.9 1.15771
15876.9 1.17902
15888.9 1.20595
15900.9 1.24268
15912.9 1.27395
15924.9 1.30463
15936.9 1.33726
15948.9 1.37857
15961 1.41521
15973 1.44579
15985 1.47373
15997 1.50021
16009 1.52585
16021 1.54965
16033 1.57224
16045 1.59342
16057.1 1.61099
16069.1 1.63363
16081.1 1.66077
16093.1 1.69352
16105.1 1.74054
16117.1 1.78884
16129.1 1.82021
16141.1 1.84523
16153.2 1.86701
16165.2 1.88868
16177.2 1.89742
16189.2 1.8961
16201.2 1.88238
16213.2 1.83799
16225.2 1.81089
16237.2 1.79883
16249.2 1.79463
16261.3 1.79754
16273.3 1.80643
16285.3 1.81436
16297.3 1.82459
16309.3 1.83935
16321.3 1.86518
16333.3 1.88044
16345.3 1.89071
16357.4 1.89831
16369.4 1.90503
16381.4 1.90908
16393.4 1.91006
16405.4 1.90867
16417.4 1.90496
16429.4 1.89883
16441.4 1.89152
16453.5 1.88253
16465.5 1.87168
16477.5 1.85883
16489.5 1.84344
16501.5 1.825
16513.5 1.8024
16525.5 1.77131
16537.5 1.7361
16549.5 1.70968
16561.6 1.68531
16573.6 1.66127
16585.6 1.63581
16597.6 1.61282
16609.6 1.59054
16621.6 1.56799
16633.6 1.54289
16645.6 1.51918
16657.7 1.49646
16669.7 1.47278
16681.7 1.44441
16693.7 1.41065
16705.7 1.39249
16717.7 1.38217
16729.7 1.37962
16741.7 1.38974
16753.8 1.39589
16765.8 1.40241
16777.8 1.41273
16789.8 1.43661
16801.8 1.45765
16813.8 1.46568
16825.8 1.46848
16837.8 1.4687
16849.8 1.4686
16861.9 1.45924
16873.9 1.44332
16885.9 1.42029
16897.9 1.38399
16909.9 1.35091
16921.9 1.31879
16933.9 1.28399
16945.9 1.24115
16958 1.19235
16970 1.15589
16982 1.12264
16994 1.08964
17006 1.05213
17018 1.02447
17030 1.00251
17042 0.985008
17054.1 0.972585
17066.1 0.96284
17078.1 0.955769
17090.1 0.952924
17102.1 0.957952
17114.1 0.973489
17126.1 0.975129
17138.1 0.972259
17150.2 0.967192
17162.2 0.962976
17174.2 0.952316
17186.2 0.936145
17198.2 0.914026
17210.2 0.879928
17222.2 0.84293
17234.2 0.81746
17246.2 0.795523
17258.3 0.775056
17270.3 0.754061
17282.3 0.739085
17294.3 0.72824
17306.3 0.721811
17318.3 0.724342
17330.3 0.724155
17342.3 0.72185
17354.4 0.719995
17366.4 0.72125
17378.4 0.725647
17390.4 0.723143
17402.4 0.718533
17414.4 0.713567
17426.4 0.711835
17438.4 0.702593
17450.5 0.688413
17462.5 0.670088
17474.5 0.64643
17486.5 0.620369
17498.5 0.592674
17510.5 0.561795
17522.5 0.525756
17534.5 0.482313
17546.5 0.443008
17558.6 0.40271
17570.6 0.358758
17582.6 0.303709
17594.6 0.25535
17606.6 0.210076
17618.6 0.16381
17630.6 0.109946
17642.6 0.0530279
17654.7 0.0115672
17666.7 -0.0240984
17678.7 -0.0566252
17690.7 -0.0890774
17702.7 -0.112527
17714.7 -0.129463
17726.7 -0.139467
17738.7 -0.133912
17750.8 -0.136102
17762.8 -0.148691
17774.8 -0.17043
17786.8 -0.211416
17798.8 -0.274249
17810.8 -0.283609
17822.8 -0.264733
17834.8 -0.213992
17846.8 -0.0981683
17858.9 -0.0271409
17870.9 0.0218186
17882.9 0.0603073
17894.9 0.0922587
17906.9 0.119631
17918.9 0.143576
17930.9 0.16484
17942.9 0.183939
17955 0.20125
17967 0.217052
17979 0.231567
17991 0.244966
18003 0.25739
18015 0.268952
18027 0.279749
18039 0.289861
18051.1 0.299356
18063.1 0.308292
18075.1 0.316721
18087.1 0.324685
18099.1 0.332225
18111.1 0.339373
18123.1 0.346161
18135.1 0.352614
18147.1 0.358757
18159.2 0.364613
18171.2 0.370199
18183.2 0.375534
18195.2 0.380634
18207.2 0.385514
18219.2 0.390186
18231.2 0.394663
18243.2 0.398956
18255.3 0.403076
18267.3 0.407032
18279.3 0.410833
18291.3 0.414486
18303.3 0.418
18315.3 0.421381
18327.3 0.424637
18339.3 0.427772
18351.4 0.430793
18363.4 0.433705
18375.4 0.436513
18387.4 0.439222
18399.4 0.441836
18411.4 0.444359
18423.4 0.446795
18435.4 0.449148
18447.4 0.45142
18459.5 0.453616
18471.5 0.455739
18483.5 0.457791
18495.5 0.459775
18507.5 0.461694
18519.5 0.463549
18531.5 0.465345
18543.5 0.467082
18555.6 0.468763
18567.6 0.47039
18579.6 0.471964
18591.6 0.473488
18603.6 0.474964
18615.6 0.476393
18627.6 0.477776
18639.6 0.479115
18651.7 0.480412
18663.7 0.481668
18675.7 0.482884
18687.7 0.484062
18699.7 0.485203
18711.7 0.486307
18723.7 0.487377
18735.7 0.488413
18747.7 0.489416
18759.8 0.490387
18771.8 0.491327
18783.8 0.492237
18795.8 0.493118
18807.8 0.493971
18819.8 0.494797
18831.8 0.495596
18843.8 0.496369
18855.9 0.497116
18867.9 0.49784
18879.9 0.498539
18891.9 0.499216
18903.9 0.49987
18915.9 0.500502
18927.9 0.501113
18939.9 0.501703
18952 0.502273
18964 0.502823
18976 0.503354
18988 0.503866
19000 0.50436
