7000 -31.0042
7012.01 -32.4757
7024.02 -33.9398
7036.04 -35.3952
7048.05 -36.8411
7060.06 -38.2764
7072.07 -39.7
7084.08 -41.1111
7096.1 -42.5087
7108.11 -43.8917
7120.12 -45.2594
7132.13 -46.6108
7144.14 -47.945
7156.16 -49.2613
7168.17 -50.5588
7180.18 -51.8367
7192.19 -53.0944
7204.2 -54.331
7216.22 -55.546
7228.23 -56.7386
7240.24 -57.9083
7252.25 -59.0544
7264.26 -60.1764
7276.28 -61.2738
7288.29 -62.3461
7300.3 -63.3928
7312.31 -64.4135
7324.32 -65.4078
7336.34 -66.3754
7348.35 -67.3159
7360.36 -68.229
7372.37 -69.1144
7384.38 -69.972
7396.4 -70.8014
7408.41 -71.6024
7420.42 -72.375
7432.43 -73.1189
7444.44 -73.8341
7456.46 -74.5205
7468.47 -75.1779
7480.48 -75.8063
7492.49 -76.4057
7504.5 -76.9761
7516.52 -77.5174
7528.53 -78.0298
7540.54 -78.5132
7552.55 -78.9678
7564.56 -79.3938
7576.58 -79.7913
7588.59 -80.1608
7600.6 -80.503
7612.61 -80.8195
7624.62 -81.1145
7636.64 -81.405
7648.65 -81.6346
7660.66 -81.815
7672.67 -81.9504
7684.68 -82.0402
7696.7 -82.0815
7708.71 -82.0684
7720.72 -81.9881
7732.73 -81.802
7744.74 -81.4542
7756.76 -81.2577
7768.77 -81.1037
7780.78 -80.9668
7792.79 -80.8363
7804.8 -80.7059
7816.82 -80.5701
7828.83 -80.4215
7840.84 -80.2361
7852.85 -80.0314
7864.86 -79.9015
7876.88 -79.8066
7888.89 -79.7434
7900.9 -79.7153
7912.91 -79.7316
7924.92 -79.8115
7936.94 -80.0005
7948.95 -80.5542
7960.96 -80.8973
7972.97 -80.9619
7984.98 -80.8755
7997 -80.6674
8009.01 -80.344
8021.02 -79.8964
8033.03 -79.2938
8045.05 -78.4446
8057.06 -76.9461
8069.07 -76.0212
8081.08 -75.4431
8093.09 -75.0856
8105.11 -74.9214
8117.12 -74.9579
8129.13 -75.2339
8141.14 -75.845
8153.15 -77.0859
8165.17 -79.539
8177.18 -80.46
8189.19 -80.7227
8201.2 -80.5345
8213.21 -79.9553
8225.23 -78.9856
8237.24 -77.5715
8249.25 -75.5574
8261.26 -72.333
8273.27 -68.0716
8285.29 -65.8307
8297.3 -64.3305
8309.31 -63.3664
8321.32 -62.8859
8333.33 -62.9141
8345.35 -63.5647
8357.36 -65.1514
8369.37 -69.54
8381.38 -72.8076
8393.39 -73.8271
8405.41 -73.7164
8417.42 -72.7087
8429.43 -70.8518
8441.44 -68.0792
8453.45 -64.1731
8465.47 -58.5163
8477.48 -48.1908
8489.49 -41.3874
8501.5 -36.8693
8513.51 -33.6052
8525.53 -31.2841
8537.54 -29.7883
8549.55 -29.1078
8561.56 -29.3529
8573.57 -30.9587
8585.59 -35.0649
8597.6 -36.9712
8609.61 -38.0734
8621.62 -38.7726
8633.63 -39.2193
8645.65 -39.4911
8657.66 -39.6342
8669.67 -39.6787
8681.68 -39.6454
8693.69 -39.5492
8705.71 -39.4015
8717.72 -39.2108
8729.73 -38.984
8741.74 -38.7263
8753.75 -38.4424
8765.77 -38.1357
8777.78 -37.8093
8789.79 -37.4659
8801.8 -37.1075
8813.81 -36.7361
8825.83 -36.3534
8837.84 -35.9607
8849.85 -35.5593
8861.86 -35.1503
8873.87 -34.7347
8885.89 -34.3135
8897.9 -33.8873
8909.91 -33.4569
8921.92 -33.0231
8933.93 -32.5863
8945.95 -32.1471
8957.96 -31.706
8969.97 -31.2635
8981.98 -30.8199
8993.99 -30.3757
9006.01 -29.9313
9018.02 -29.4868
9030.03 -29.0428
9042.04 -28.5994
9054.05 -28.1569
9066.07 -27.7156
9078.08 -27.2756
9090.09 -26.8373
9102.1 -26.4007
9114.11 -25.9661
9126.13 -25.5337
9138.14 -25.1037
9150.15 -24.6761
9162.16 -24.2511
9174.17 -23.8289
9186.19 -23.4095
9198.2 -22.9932
9210.21 -22.58
9222.22 -22.1699
9234.23 -21.7632
9246.25 -21.3599
9258.26 -20.96
9270.27 -20.5637
9282.28 -20.171
9294.29 -19.782
9306.31 -19.3967
9318.32 -19.0152
9330.33 -18.6376
9342.34 -18.2639
9354.35 -17.8941
9366.37 -17.5283
9378.38 -17.1666
9390.39 -16.8089
9402.4 -16.4552
9414.41 -16.1057
9426.43 -15.7603
9438.44 -15.419
9450.45 -15.082
9462.46 -14.7491
9474.47 -14.4204
9486.49 -14.0958
9498.5 -13.7756
9510.51 -13.4595
9522.52 -13.1476
9534.53 -12.84
9546.55 -12.5366
9558.56 -12.2374
9570.57 -11.9424
9582.58 -11.6517
9594.59 -11.3651
9606.61 -11.0828
9618.62 -10.8046
9630.63 -10.5306
9642.64 -10.2608
9654.65 -9.99518
9666.67 -9.73367
9678.68 -9.47629
9690.69 -9.22302
9702.7 -8.97385
9714.71 -8.72876
9726.73 -8.48774
9738.74 -8.25076
9750.75 -8.01781
9762.76 -7.78887
9774.77 -7.56392
9786.79 -7.34294
9798.8 -7.1259
9810.81 -6.9128
9822.82 -6.70361
9834.83 -6.4983
9846.85 -6.29685
9858.86 -6.09925
9870.87 -5.90548
9882.88 -5.7155
9894.89 -5.52931
9906.91 -5.34687
9918.92 -5.16817
9930.93 -4.99319
9942.94 -4.8219
9954.95 -4.65428
9966.97 -4.49031
9978.98 -4.32998
9990.99 -4.17325
10003 -4.02012
10015 -3.87056
10027 -3.72455
10039 -3.58207
10051.1 -3.4431
10063.1 -3.30763
10075.1 -3.17564
10087.1 -3.0471
10099.1 -2.92202
10111.1 -2.80035
10123.1 -2.6821
10135.1 -2.56725
10147.1 -2.45577
10159.2 -2.34767
10171.2 -2.24292
10183.2 -2.14152
10195.2 -2.04345
10207.2 -1.9487
10219.2 -1.85727
10231.2 -1.76913
10243.2 -1.6843
10255.3 -1.60275
10267.3 -1.52448
10279.3 -1.4495
10291.3 -1.37779
10303.3 -1.30935
10315.3 -1.24418
10327.3 -1.18228
10339.3 -1.12366
10351.4 -1.06831
10363.4 -1.01623
10375.4 -0.967445
10387.4 -0.921948
10399.4 -0.87975
10411.4 -0.840862
10423.4 -0.805295
10435.4 -0.773064
10447.4 -0.744183
10459.5 -0.718672
10471.5 -0.696549
10483.5 -0.677837
10495.5 -0.66256
10507.5 -0.650745
10519.5 -0.642422
10531.5 -0.637623
10543.5 -0.636383
10555.6 -0.638741
10567.6 -0.644738
10579.6 -0.65442
10591.6 -0.667836
10603.6 -0.685038
10615.6 -0.706084
10627.6 -0.731037
10639.6 -0.759962
10651.7 -0.792933
10663.7 -0.830028
10675.7 -0.871331
10687.7 -0.916933
10699.7 -0.966934
10711.7 -1.02144
10723.7 -1.08057
10735.7 -1.14444
10747.7 -1.2132
10759.8 -1.28699
10771.8 -1.36598
10783.8 -1.45033
10795.8 -1.54025
10807.8 -1.63595
10819.8 -1.73766
10831.8 -1.84564
10843.8 -1.96018
10855.9 -2.08159
10867.9 -2.21023
10879.9 -2.3465
10891.9 -2.49085
10903.9 -2.6438
10915.9 -2.80591
10927.9 -2.97788
10939.9 -3.16048
10952 -3.35463
10964 -3.56142
10976 -3.78215
10988 -4.01843
11000 -4.27223
11012 -4.54606
11024 -4.84319
11036 -5.16798
11048 -5.52657
11060.1 -5.92801
11072.1 -6.38682
11084.1 -6.9295
11096.1 -7.61871
11108.1 -8.77446
11120.1 -9.58321
11132.1 -10.097
11144.1 -10.4419
11156.2 -10.6511
11168.2 -10.7336
11180.2 -10.6829
11192.2 -10.472
11204.2 -10.0155
11216.2 -9.03255
11228.2 -8.50433
11240.2 -8.17363
11252.3 -7.94553
11264.3 -7.78426
11276.3 -7.66981
11288.3 -7.58736
11300.3 -7.52089
11312.3 -7.43613
11324.3 -7.30169
11336.3 -7.33651
11348.3 -7.45947
11360.4 -7.65453
11372.4 -7.91699
11384.4 -8.24716
11396.4 -8.64977
11408.4 -9.1372
11420.4 -9.75931
11432.4 -10.4658
11444.4 -11.1216
11456.5 -11.8032
11468.5 -12.5317
11480.5 -13.325
11492.5 -14.2041
11504.5 -15.202
11516.5 -16.3872
11528.5 -18.1011
11540.5 -19.5481
11552.6 -20.7331
11564.6 -21.8151
11576.6 -22.8493
11588.6 -23.8722
11600.6 -24.9197
11612.6 -26.0408
11624.6 -27.342
11636.6 -29.189
11648.6 -30.4533
11660.7 -31.4025
11672.7 -32.1628
11684.7 -32.783
11696.7 -33.2921
11708.7 -33.7132
11720.7 -34.0723
11732.7 -34.4239
11744.7 -34.8396
11756.8 -34.9414
11768.8 -34.8644
11780.8 -34.6399
11792.8 -34.2799
11804.8 -33.7895
11816.8 -33.169
11828.8 -32.4142
11840.8 -31.5052
11852.9 -30.4526
11864.9 -29.325
11876.9 -28.0826
11888.9 -26.7107
11900.9 -25.1943
11912.9 -23.5139
11924.9 -21.6382
11936.9 -19.5045
11948.9 -16.7987
11961 -14.1913
11973 -11.7521
11985 -9.30859
11997 -6.7994
12009 -4.17942
12021 -1.40067
12033 1.60587
12045 4.98638
12057.1 9.29102
12069.1 12.9493
12081.1 16.2944
12093.1 19.5312
12105.1 22.75
12117.1 26.0194
12129.1 29.4144
12141.1 33.0484
12153.2 37.2021
12165.2 42.4036
12177.2 46.3064
12189.2 49.6933
12201.2 52.7776
12213.2 55.6551
12225.2 58.3897
12237.2 61.0397
12249.2 63.6815
12261.3 66.5184
12273.3 69.5252
12285.3 71.8119
12297.3 73.7772
12309.3 75.5037
12321.3 77.0343
12333.3 78.4003
12345.3 79.6333
12357.4 80.7823
12369.4 82.0721
12381.4 83.0534
12393.4 83.6031
12405.4 83.8527
12417.4 83.8306
12429.4 83.5429
12441.4 82.9815
12453.5 82.1204
12465.5 80.8893
12477.5 78.9676
12489.5 77.2296
12501.5 75.5323
12513.5 73.7498
12525.5 71.8291
12537.5 69.7296
12549.5 67.4073
12561.6 64.797
12573.6 61.7488
12585.6 57.9237
12597.6 54.6084
12609.6 51.3848
12621.6 48.1119
12633.6 44.711
12645.6 41.1105
12657.7 37.2204
12669.7 32.8881
12681.7 27.6619
12693.7 21.4283
12705.7 16.6416
12717.7 12.2721
12729.7 8.09567
12741.7 3.98924
12753.8 -0.150348
12765.8 -4.44539
12777.8 -9.10851
12789.8 -15.1172
12801.8 -20.7654
12813.8 -24.9936
12825.8 -28.5871
12837.8 -31.7346
12849.8 -34.5313
12861.9 -37.04
12873.9 -39.3134
12885.9 -41.4189
12897.9 -43.5871
12909.9 -45.2666
12921.9 -46.5233
12933.9 -47.4418
12945.9 -48.0461
12958 -48.3409
12970 -48.3173
12982 -47.9464
12994 -47.1436
13006 -45.6591
13018 -44.3667
13030 -43.01
13042 -41.4882
13054.1 -39.7441
13066.1 -37.7223
13078.1 -35.3494
13090.1 -32.4968
13102.1 -28.793
13114.1 -23.9619
13126.1 -20.3973
13138.1 -17.1625
13150.2 -14.0446
13162.2 -10.9325
13174.2 -7.73727
13186.2 -4.35875
13198.2 -0.631926
13210.2 4.06611
13222.2 8.92875
13234.2 12.6381
13246.2 15.9541
13258.3 19.0438
13270.3 22.0036
13282.3 24.9139
13294.3 27.8695
13306.3 31.0408
13318.3 35.2098
13330.3 38.5145
13342.3 41.0331
13354.4 43.1012
13366.4 44.8257
13378.4 46.2631
13390.4 47.4505
13402.4 48.4186
13414.4 49.2085
13426.4 49.9258
13438.4 50.25
13450.5 50.2588
13462.5 49.9789
13474.5 49.4096
13486.5 48.5358
13498.5 47.3239
13510.5 45.7031
13522.5 43.4607
13534.5 40.3433
13546.5 37.9282
13558.6 35.6314
13570.6 33.3096
13582.6 30.8862
13594.6 28.297
13606.6 25.4657
13618.6 22.2629
13630.6 18.2456
13642.6 13.781
13654.7 10.2784
13666.7 7.0262
13678.7 3.87225
13690.7 0.725936
13702.7 -2.49354
13714.7 -5.88746
13726.7 -9.6438
13738.7 -14.6717
13750.8 -18.9244
13762.8 -22.3224
13774.8 -25.3049
13786.8 -28.0113
13798.8 -30.5224
13810.8 -32.9043
13822.8 -35.2329
13834.8 -37.6522
13846.8 -40.6635
13858.9 -42.7807
13870.9 -44.3314
13882.9 -45.4832
13894.9 -46.2928
13906.9 -46.7844
13918.9 -46.9639
13930.9 -46.8187
13942.9 -46.2916
13955 -45.2776
13967 -44.2808
13979 -43.1167
13991 -41.7241
14003 -40.0577
14015 -38.0644
14027 -35.6655
14039 -32.7113
14051.1 -28.695
14063.1 -23.8432
14075.1 -20.2335
14087.1 -16.8979
14099.1 -13.6297
14111.1 -10.3042
14123.1 -6.80645
14135.1 -2.98608
14147.1 1.44178
14159.2 7.91407
14171.2 13.4146
14183.2 17.394
14195.2 20.6611
14207.2 23.4433
14219.2 25.8604
14231.2 27.9966
14243.2 29.9321
14255.3 31.7924
14267.3 34.0243
14279.3 35.414
14291.3 36.1787
14303.3 36.4682
14315.3 36.3246
14327.3 35.7553
14339.3 34.742
14351.4 33.2287
14363.4 31.0452
14375.4 27.8177
14387.4 25.1062
14399.4 22.3945
14411.4 19.5177
14423.4 16.3795
14435.4 12.886
14447.4 8.91062
14459.5 4.22569
14471.5 -1.8857
14483.5 -9.44378
14495.5 -14.7801
14507.5 -19.4629
14519.5 -23.8166
14531.5 -28.0123
14543.5 -32.1854
14555.6 -36.4885
14567.6 -41.181
14579.6 -47.4876
14591.6 -53.0795
14603.6 -57.0681
14615.6 -60.2792
14627.6 -62.9254
14639.6 -65.1141
14651.7 -66.9156
14663.7 -68.3902
14675.7 -69.6209
14687.7 -70.9132
14699.7 -71.473
14711.7 -71.3982
14723.7 -70.7835
14735.7 -69.637
14747.7 -67.932
14759.8 -65.6041
14771.8 -62.5201
14783.8 -58.3218
14795.8 -52.0504
14807.8 -47.2315
14819.8 -42.807
14831.8 -38.4066
14843.8 -33.8413
14855.9 -28.9476
14867.9 -23.5217
14879.9 -17.2119
14891.9 -8.96569
14903.9 1.6821
14915.9 8.40257
14927.9 13.7147
14939.9 18.1254
14952 21.8558
14964 25.0312
14976 27.7328
14988 30.0219
15000 31.9812
15012 33.5549
15024 34.6773
15036 35.4013
15048 35.7326
15060.1 35.6597
15072.1 35.1518
15084.1 34.1426
15096.1 32.4686
15108.1 29.296
15120.1 26.7215
15132.1 24.594
15144.1 22.5643
15156.2 20.5126
15168.2 18.3655
15180.2 16.0594
15192.2 13.5161
15204.2 10.5819
15216.2 6.82558
15228.2 3.629
15240.2 0.593967
15252.3 -2.44862
15264.3 -5.59077
15276.3 -8.91652
15288.3 -12.5319
15300.3 -16.6164
15312.3 -21.6712
15324.3 -28.1758
15336.3 -32.7005
15348.3 -36.5472
15360.4 -40.0173
15372.4 -43.2629
15384.4 -46.403
15396.4 -49.5718
15408.4 -52.9968
15420.4 -57.5201
15432.4 -62.2275
15444.4 -64.7139
15456.5 -66.1852
15468.5 -66.8444
15480.5 -66.7564
15492.5 -65.9159
15504.5 -64.2452
15516.5 -61.5122
15528.5 -56.4171
15540.5 -52.0611
15552.6 -48.4333
15564.6 -44.9203
15576.6 -41.3044
15588.6 -37.4312
15600.6 -33.1352
15612.6 -28.1674
15624.6 -21.958
15636.6 -12.4957
15648.6 -6.05061
15660.7 -1.15069
15672.7 2.8893
15684.7 6.32509
15696.7 9.2987
15708.7 11.9098
15720.7 14.2518
15732.7 16.4848
15744.7 18.8093
15756.8 20.2207
15768.8 21.0792
15780.8 21.4627
15792.8 21.3907
15804.8 20.8533
15816.8 19.8089
15828.8 18.1532
15840.8 15.4838
15852.9 12.0712
15864.9 9.42185
15876.9 6.80447
15888.9 4.05563
15900.9 1.06665
15912.9 -2.27453
15924.9 -6.127
15936.9 -10.808
15948.9 -17.9359
15961 -23.991
15973 -28.5789
15985 -32.5578
15997 -36.1934
16009 -39.6479
16021 -43.0661
16033 -46.6371
16045 -50.7543
16057.1 -56.9304
16069.1 -60.7339
16081.1 -63.047
16093.1 -64.3746
16105.1 -64.8726
16117.1 -64.5927
16129.1 -63.521
16141.1 -61.5612
16153.2 -58.3789
16165.2 -53.3011
16177.2 -49.3961
16189.2 -45.6303
16201.2 -41.6992
16213.2 -37.4296
16225.2 -32.6555
16237.2 -27.1525
16249.2 -20.5077
16261.3 -11.3596
16273.3 0.0232
16285.3 7.14522
16297.3 12.8252
16309.3 17.6021
16321.3 21.7258
16333.3 25.3524
16345.3 28.6082
16357.4 31.6457
16369.4 35.0407
16381.4 37.7001
16393.4 39.331
16405.4 40.264
16417.4 40.5721
16429.4 40.2686
16441.4 39.3264
16453.5 37.6634
16465.5 35.057
16477.5 30.4887
16489.5 26.7439
16501.5 23.3674
16513.5 19.9575
16525.5 16.3406
16537.5 12.3773
16549.5 7.90324
16561.6 2.6529
16573.6 -4.03927
16585.6 -13.7324
16597.6 -20.2484
16609.6 -25.5028
16621.6 -30.0741
16633.6 -34.2154
16645.6 -38.0973
16657.7 -41.8829
16669.7 -45.8063
16681.7 -50.5216
16693.7 -56.1779
16705.7 -59.1816
16717.7 -60.987
16729.7 -61.8573
16741.7 -61.8792
16753.8 -61.0598
16765.8 -59.3334
16777.8 -56.4985
16789.8 -51.4353
16801.8 -46.1567
16813.8 -41.8994
16825.8 -37.7187
16837.8 -33.3483
16849.8 -28.5991
16861.9 -23.265
16873.9 -17.0353
16885.9 -9.23534
16897.9 3.29414
16909.9 12.3541
16921.9 18.837
16933.9 23.9671
16945.9 28.1414
16958 31.5617
16970 34.3519
16982 36.601
16994 38.4007
17006 39.913
17018 40.6645
17030 40.7888
17042 40.3164
17054.1 39.2309
17066.1 37.4809
17078.1 34.9633
17090.1 31.4597
17102.1 26.2842
17114.1 18.9285
17126.1 13.9703
17138.1 9.63635
17150.2 5.53236
17162.2 1.45672
17174.2 -2.75089
17186.2 -7.27475
17198.2 -12.4292
17210.2 -19.4477
17222.2 -26.6879
17234.2 -31.4786
17246.2 -35.3194
17258.3 -38.5108
17270.3 -41.198
17282.3 -43.4719
17294.3 -45.4036
17306.3 -47.0774
17318.3 -48.7955
17330.3 -49.8604
17342.3 -50.2927
17354.4 -50.1994
17366.4 -49.5878
17378.4 -48.4265
17390.4 -46.6403
17402.4 -44.0731
17414.4 -40.3137
17426.4 -33.9458
17438.4 -29.5685
17450.5 -26.0276
17462.5 -22.8234
17474.5 -19.7439
17486.5 -16.6383
17498.5 -13.3497
17510.5 -9.63788
17522.5 -4.86323
17534.5 1.71809
17546.5 5.42839
17558.6 7.95997
17570.6 9.68442
17582.6 10.7482
17594.6 11.2195
17606.6 11.1228
17618.6 10.4399
17630.6 9.02407
17642.6 7.0031
17654.7 4.86229
17666.7 2.31302
17678.7 -0.756489
17690.7 -4.47144
17702.7 -9.01595
17714.7 -14.7132
17726.7 -22.2969
17738.7 -35.7255
17750.8 -45.7891
17762.8 -52.0436
17774.8 -56.3419
17786.8 -59.1747
17798.8 -60.7258
17810.8 -61.018
17822.8 -59.9047
17834.8 -56.8352
17846.8 -49.4644
17858.9 -45.144
17870.9 -42.3187
17882.9 -40.1944
17894.9 -38.4991
17906.9 -37.0968
17918.9 -35.9083
17930.9 -34.8823
17942.9 -33.9841
17955 -33.1884
17967 -32.477
17979 -31.8356
17991 -31.2533
18003 -30.7214
18015 -30.233
18027 -29.7824
18039 -29.3648
18051.1 -28.9764
18063.1 -28.6138
18075.1 -28.2742
18087.1 -27.9553
18099.1 -27.655
18111.1 -27.3714
18123.1 -27.1031
18135.1 -26.8487
18147.1 -26.607
18159.2 -26.3769
18171.2 -26.1574
18183.2 -25.9478
18195.2 -25.7473
18207.2 -25.5553
18219.2 -25.371
18231.2 -25.194
18243.2 -25.0238
18255.3 -24.8599
18267.3 -24.7019
18279.3 -24.5494
18291.3 -24.4022
18303.3 -24.2598
18315.3 -24.122
18327.3 -23.9886
18339.3 -23.8592
18351.4 -23.7338
18363.4 -23.6119
18375.4 -23.4936
18387.4 -23.3785
18399.4 -23.2665
18411.4 -23.1575
18423.4 -23.0514
18435.4 -22.9479
18447.4 -22.8469
18459.5 -22.7484
18471.5 -22.6522
18483.5 -22.5583
18495.5 -22.4665
18507.5 -22.3767
18519.5 -22.2889
18531.5 -22.2029
18543.5 -22.1187
18555.6 -22.0362
18567.6 -21.9554
18579.6 -21.8762
18591.6 -21.7985
18603.6 -21.7223
18615.6 -21.6475
18627.6 -21.574
18639.6 -21.5019
18651.7 -21.431
18663.7 -21.3613
18675.7 -21.2929
18687.7 -21.2255
18699.7 -21.1593
18711.7 -21.0941
18723.7 -21.0299
18735.7 -20.9668
18747.7 -20.9046
18759.8 -20.8433
18771.8 -20.7829
18783.8 -20.7234
18795.8 -20.6648
18807.8 -20.607
18819.8 -20.55
18831.8 -20.4937
18843.8 -20.4382
18855.9 -20.3835
18867.9 -20.3294
18879.9 -20.2761
18891.9 -20.2234
18903.9 -20.1713
18915.9 -20.12
18927.9 -20.0692
18939.9 -20.019
18952 -19.9694
18964 -19.9204
18976 -19.8719
18988 -19.824
19000 -19.7766
