7000 -18.1733
7012.01 -18.2165
7024.02 -18.2633
7036.04 -18.3139
7048.05 -18.3689
7060.06 -18.4287
7072.07 -18.4939
7084.08 -18.5648
7096.1 -18.6422
7108.11 -18.7267
7120.12 -18.8189
7132.13 -18.9195
7144.14 -19.0293
7156.16 -19.1492
7168.17 -19.2799
7180.18 -19.4225
7192.19 -19.5778
7204.2 -19.7468
7216.22 -19.9307
7228.23 -20.1304
7240.24 -20.3472
7252.25 -20.5822
7264.26 -20.8366
7276.28 -21.1115
7288.29 -21.4082
7300.3 -21.7278
7312.31 -22.0715
7324.32 -22.4403
7336.34 -22.8354
7348.35 -23.2577
7360.36 -23.708
7372.37 -24.187
7384.38 -24.6953
7396.4 -25.2332
7408.41 -25.8009
7420.42 -26.3984
7432.43 -27.0251
7444.44 -27.6807
7456.46 -28.3642
7468.47 -29.0744
7480.48 -29.81
7492.49 -30.5691
7504.5 -31.35
7516.52 -32.1504
7528.53 -32.9679
7540.54 -33.8003
7552.55 -34.6451
7564.56 -35.5
7576.58 -36.363
7588.59 -37.233
7600.6 -38.1099
7612.61 -38.9971
7624.62 -39.9083
7636.64 -40.9032
7648.65 -41.7784
7660.66 -42.5765
7672.67 -43.3147
7684.68 -43.9961
7696.7 -44.6188
7708.71 -45.1771
7720.72 -45.658
7732.73 -46.0226
7744.74 -46.2145
7756.76 -46.5492
7768.77 -46.9171
7780.78 -47.2931
7792.79 -47.6672
7804.8 -48.0339
7816.82 -48.3895
7828.83 -48.7304
7840.84 -49.0467
7852.85 -49.3453
7864.86 -49.6635
7876.88 -49.9855
7888.89 -50.31
7900.9 -50.6379
7912.91 -50.972
7924.92 -51.317
7936.94 -51.6838
7948.95 -52.1283
7960.96 -52.5284
7972.97 -52.8711
7984.98 -53.1854
7997 -53.4796
8009.01 -53.758
8021.02 -54.0224
8033.03 -54.273
8045.05 -54.5055
8057.06 -54.6947
8069.07 -54.9251
8081.08 -55.1837
8093.09 -55.4644
8105.11 -55.7689
8117.12 -56.1025
8129.13 -56.475
8141.14 -56.9073
8153.15 -57.4588
8165.17 -58.2456
8177.18 -58.7262
8189.19 -59.074
8201.2 -59.3305
8213.21 -59.5078
8225.23 -59.6064
8237.24 -59.6156
8249.25 -59.5041
8261.26 -59.1478
8273.27 -58.5827
8285.29 -58.4326
8297.3 -58.4375
8309.31 -58.5566
8321.32 -58.7808
8333.33 -59.1175
8345.35 -59.5942
8357.36 -60.284
8369.37 -61.6203
8381.38 -62.6934
8393.39 -63.2422
8405.41 -63.5256
8417.42 -63.5977
8429.43 -63.469
8441.44 -63.1233
8453.45 -62.5085
8465.47 -61.4778
8477.48 -59.3376
8489.49 -58.0335
8501.5 -57.2715
8513.51 -56.806
8525.53 -56.5627
8537.54 -56.5127
8549.55 -56.6523
8561.56 -57.0056
8573.57 -57.6695
8585.59 -58.8998
8597.6 -59.6395
8609.61 -60.2022
8621.62 -60.6777
8633.63 -61.0996
8645.65 -61.4851
8657.66 -61.8446
8669.67 -62.1846
8681.68 -62.5096
8693.69 -62.8229
8705.71 -63.1269
8717.72 -63.4235
8729.73 -63.7142
8741.74 -63.9999
8753.75 -64.2817
8765.77 -64.5603
8777.78 -64.8364
8789.79 -65.1103
8801.8 -65.3826
8813.81 -65.6536
8825.83 -65.9236
8837.84 -66.1929
8849.85 -66.4618
8861.86 -66.7304
8873.87 -66.9989
8885.89 -67.2674
8897.9 -67.5361
8909.91 -67.8051
8921.92 -68.0745
8933.93 -68.3445
8945.95 -68.615
8957.96 -68.8861
8969.97 -69.158
8981.98 -69.4307
8993.99 -69.7042
9006.01 -69.9785
9018.02 -70.2538
9030.03 -70.53
9042.04 -70.8071
9054.05 -71.0853
9066.07 -71.3645
9078.08 -71.6448
9090.09 -71.9261
9102.1 -72.2085
9114.11 -72.492
9126.13 -72.7765
9138.14 -73.0622
9150.15 -73.349
9162.16 -73.6369
9174.17 -73.9259
9186.19 -74.216
9198.2 -74.5072
9210.21 -74.7995
9222.22 -75.0929
9234.23 -75.3873
9246.25 -75.6829
9258.26 -75.9795
9270.27 -76.2771
9282.28 -76.5758
9294.29 -76.8754
9306.31 -77.1761
9318.32 -77.4777
9330.33 -77.7802
9342.34 -78.0837
9354.35 -78.3881
9366.37 -78.6933
9378.38 -78.9994
9390.39 -79.3062
9402.4 -79.6138
9414.41 -79.9222
9426.43 -80.2312
9438.44 -80.5409
9450.45 -80.8512
9462.46 -81.1621
9474.47 -81.4734
9486.49 -81.7853
9498.5 -82.0975
9510.51 -82.4101
9522.52 -82.7231
9534.53 -83.0362
9546.55 -83.3496
9558.56 -83.6631
9570.57 -83.9766
9582.58 -84.2901
9594.59 -84.6035
9606.61 -84.9168
9618.62 -85.2298
9630.63 -85.5424
9642.64 -85.8547
9654.65 -86.1664
9666.67 -86.4776
9678.68 -86.7881
9690.69 -87.0977
9702.7 -87.4065
9714.71 -87.7142
9726.73 -88.0209
9738.74 -88.3263
9750.75 -88.6303
9762.76 -88.9328
9774.77 -89.2337
9786.79 -89.5329
9798.8 -89.8302
9810.81 -90.1254
9822.82 -90.4184
9834.83 -90.709
9846.85 -90.9972
9858.86 -91.2826
9870.87 -91.5652
9882.88 -91.8447
9894.89 -92.1209
9906.91 -92.3938
9918.92 -92.663
9930.93 -92.9283
9942.94 -93.1896
9954.95 -93.4466
9966.97 -93.699
9978.98 -93.9467
9990.99 -94.1894
10003 -94.4268
10015 -94.6587
10027 -94.8847
10039 -95.1047
10051.1 -95.3182
10063.1 -95.5251
10075.1 -95.7249
10087.1 -95.9174
10099.1 -96.1023
10111.1 -96.2791
10123.1 -96.4476
10135.1 -96.6073
10147.1 -96.7579
10159.2 -96.899
10171.2 -97.0302
10183.2 -97.151
10195.2 -97.2612
10207.2 -97.3601
10219.2 -97.4474
10231.2 -97.5226
10243.2 -97.5852
10255.3 -97.6347
10267.3 -97.6707
10279.3 -97.6926
10291.3 -97.6998
10303.3 -97.6919
10315.3 -97.6682
10327.3 -97.6282
10339.3 -97.5713
10351.4 -97.4969
10363.4 -97.4043
10375.4 -97.293
10387.4 -97.1623
10399.4 -97.0115
10411.4 -96.8399
10423.4 -96.6469
10435.4 -96.4317
10447.4 -96.1937
10459.5 -95.932
10471.5 -95.6459
10483.5 -95.3347
10495.5 -94.9975
10507.5 -94.6337
10519.5 -94.2423
10531.5 -93.8226
10543.5 -93.3737
10555.6 -92.8948
10567.6 -92.385
10579.6 -91.8435
10591.6 -91.2693
10603.6 -90.6617
10615.6 -90.0197
10627.6 -89.3424
10639.6 -88.6288
10651.7 -87.8782
10663.7 -87.0894
10675.7 -86.2618
10687.7 -85.3941
10699.7 -84.4857
10711.7 -83.5354
10723.7 -82.5424
10735.7 -81.5057
10747.7 -80.4243
10759.8 -79.2974
10771.8 -78.1239
10783.8 -76.9028
10795.8 -75.6332
10807.8 -74.3142
10819.8 -72.9447
10831.8 -71.5237
10843.8 -70.0503
10855.9 -68.5234
10867.9 -66.9418
10879.9 -65.3046
10891.9 -63.6106
10903.9 -61.8584
10915.9 -60.0469
10927.9 -58.1745
10939.9 -56.2397
10952 -54.2406
10964 -52.1753
10976 -50.0412
10988 -47.8355
11000 -45.5545
11012 -43.1938
11024 -40.7474
11036 -38.2073
11048 -35.5624
11060.1 -32.7959
11072.1 -29.8809
11084.1 -26.7683
11096.1 -23.3415
11108.1 -19.0055
11120.1 -15.2714
11132.1 -12.0414
11144.1 -9.07944
11156.2 -6.32025
11168.2 -3.74162
11180.2 -1.34552
11192.2 0.838442
11204.2 2.70902
11216.2 3.92861
11228.2 5.67362
11240.2 7.633
11252.3 9.68949
11264.3 11.7956
11276.3 13.9208
11288.3 16.0378
11300.3 18.1102
11312.3 20.0498
11324.3 21.7736
11336.3 23.859
11348.3 26.088
11360.4 28.4135
11372.4 30.8169
11384.4 33.2916
11396.4 35.8411
11408.4 38.487
11420.4 41.3472
11432.4 44.2745
11444.4 46.8965
11456.5 49.389
11468.5 51.7759
11480.5 54.0595
11492.5 56.2299
11504.5 58.2621
11516.5 60.0944
11528.5 61.3979
11540.5 62.9544
11552.6 64.7641
11564.6 66.678
11576.6 68.6507
11588.6 70.6584
11600.6 72.6858
11612.6 74.7203
11624.6 76.7466
11636.6 78.7277
11648.6 80.7636
11660.7 82.8285
11672.7 84.911
11684.7 87.0085
11696.7 89.1222
11708.7 91.2586
11720.7 93.4337
11732.7 95.7005
11744.7 98.1349
11756.8 100.293
11768.8 102.326
11780.8 104.269
11792.8 106.133
11804.8 107.92
11816.8 109.629
11828.8 111.246
11840.8 112.718
11852.9 114.085
11864.9 115.571
11876.9 117.076
11888.9 118.581
11900.9 120.082
11912.9 121.578
11924.9 123.07
11936.9 124.567
11948.9 126.125
11961 127.62
11973 129.039
11985 130.409
11997 131.74
12009 133.034
12021 134.291
12033 135.511
12045 136.682
12057.1 137.752
12069.1 138.894
12081.1 140.083
12093.1 141.304
12105.1 142.561
12117.1 143.867
12129.1 145.243
12141.1 146.734
12153.2 148.473
12165.2 150.714
12177.2 152.272
12189.2 153.531
12201.2 154.585
12213.2 155.466
12225.2 156.182
12237.2 156.724
12249.2 157.056
12261.3 157.017
12273.3 156.65
12285.3 156.772
12297.3 157.041
12309.3 157.397
12321.3 157.819
12333.3 158.302
12345.3 158.853
12357.4 159.497
12369.4 160.407
12381.4 161.22
12393.4 161.837
12405.4 162.364
12417.4 162.826
12429.4 163.235
12441.4 163.599
12453.5 163.917
12465.5 164.187
12477.5 164.375
12489.5 164.582
12501.5 164.796
12513.5 165.006
12525.5 165.21
12537.5 165.409
12549.5 165.606
12561.6 165.808
12573.6 166.031
12585.6 166.318
12597.6 166.5
12609.6 166.629
12621.6 166.72
12633.6 166.78
12645.6 166.811
12657.7 166.817
12669.7 166.798
12681.7 166.761
12693.7 166.705
12705.7 166.608
12717.7 166.477
12729.7 166.314
12741.7 166.116
12753.8 165.879
12765.8 165.598
12777.8 165.257
12789.8 164.778
12801.8 164.3
12813.8 163.912
12825.8 163.548
12837.8 163.194
12849.8 162.841
12861.9 162.483
12873.9 162.112
12885.9 161.715
12897.9 161.239
12909.9 160.819
12921.9 160.437
12933.9 160.072
12945.9 159.717
12958 159.365
12970 159.011
12982 158.646
12994 158.248
13006 157.759
13018 157.394
13030 157.096
13042 156.847
13054.1 156.642
13066.1 156.482
13078.1 156.377
13090.1 156.343
13102.1 156.446
13114.1 156.732
13126.1 156.755
13138.1 156.683
13150.2 156.547
13162.2 156.36
13174.2 156.125
13186.2 155.837
13198.2 155.484
13210.2 154.991
13222.2 154.465
13234.2 154.074
13246.2 153.727
13258.3 153.405
13270.3 153.102
13282.3 152.813
13294.3 152.535
13306.3 152.268
13318.3 152.011
13330.3 151.759
13342.3 151.511
13354.4 151.267
13366.4 151.027
13378.4 150.791
13390.4 150.557
13402.4 150.326
13414.4 150.095
13426.4 149.862
13438.4 149.635
13450.5 149.411
13462.5 149.187
13474.5 148.962
13486.5 148.734
13498.5 148.498
13510.5 148.245
13522.5 147.951
13534.5 147.584
13546.5 147.348
13558.6 147.171
13570.6 147.042
13582.6 146.955
13594.6 146.915
13606.6 146.928
13618.6 147.016
13630.6 147.26
13642.6 147.583
13654.7 147.704
13666.7 147.756
13678.7 147.764
13690.7 147.738
13702.7 147.682
13714.7 147.596
13726.7 147.474
13738.7 147.269
13750.8 147.094
13762.8 146.952
13774.8 146.823
13786.8 146.7
13798.8 146.58
13810.8 146.46
13822.8 146.336
13834.8 146.201
13846.8 146.026
13858.9 145.898
13870.9 145.798
13882.9 145.716
13894.9 145.651
13906.9 145.602
13918.9 145.57
13930.9 145.558
13942.9 145.576
13955 145.642
13967 145.668
13979 145.685
13991 145.699
14003 145.716
14015 145.738
14027 145.77
14039 145.819
14051.1 145.909
14063.1 146.028
14075.1 146.077
14087.1 146.099
14099.1 146.104
14111.1 146.095
14123.1 146.073
14135.1 146.039
14147.1 145.99
14159.2 145.914
14171.2 145.841
14183.2 145.777
14195.2 145.714
14207.2 145.649
14219.2 145.582
14231.2 145.512
14243.2 145.437
14255.3 145.354
14267.3 145.251
14279.3 145.161
14291.3 145.077
14303.3 144.995
14315.3 144.913
14327.3 144.829
14339.3 144.742
14351.4 144.648
14363.4 144.541
14375.4 144.404
14387.4 144.305
14399.4 144.223
14411.4 144.151
14423.4 144.087
14435.4 144.031
14447.4 143.983
14459.5 143.942
14471.5 143.912
14483.5 143.893
14495.5 143.867
14507.5 143.841
14519.5 143.818
14531.5 143.798
14543.5 143.783
14555.6 143.774
14567.6 143.775
14579.6 143.806
14591.6 143.828
14603.6 143.826
14615.6 143.814
14627.6 143.796
14639.6 143.772
14651.7 143.743
14663.7 143.711
14675.7 143.677
14687.7 143.646
14699.7 143.604
14711.7 143.551
14723.7 143.491
14735.7 143.422
14747.7 143.344
14759.8 143.255
14771.8 143.152
14783.8 143.026
14795.8 142.852
14807.8 142.722
14819.8 142.609
14831.8 142.504
14843.8 142.405
14855.9 142.309
14867.9 142.214
14879.9 142.12
14891.9 142.022
14903.9 141.919
14915.9 141.825
14927.9 141.733
14939.9 141.643
14952 141.553
14964 141.461
14976 141.368
14988 141.27
15000 141.16
15012 141.049
15024 140.95
15036 140.854
15048 140.758
15060.1 140.663
15072.1 140.566
15084.1 140.464
15096.1 140.355
15108.1 140.219
15120.1 140.102
15132.1 140.002
15144.1 139.912
15156.2 139.827
15168.2 139.748
15180.2 139.673
15192.2 139.604
15204.2 139.54
15216.2 139.49
15228.2 139.429
15240.2 139.361
15252.3 139.29
15264.3 139.216
15276.3 139.138
15288.3 139.055
15300.3 138.965
15312.3 138.862
15324.3 138.741
15336.3 138.645
15348.3 138.558
15360.4 138.477
15372.4 138.401
15384.4 138.329
15396.4 138.261
15408.4 138.2
15420.4 138.155
15432.4 138.114
15444.4 138.049
15456.5 137.974
15468.5 137.89
15480.5 137.797
15492.5 137.696
15504.5 137.585
15516.5 137.458
15528.5 137.293
15540.5 137.146
15552.6 137.017
15564.6 136.895
15576.6 136.778
15588.6 136.663
15600.6 136.55
15612.6 136.437
15624.6 136.324
15636.6 136.207
15648.6 136.095
15660.7 135.985
15672.7 135.876
15684.7 135.768
15696.7 135.66
15708.7 135.554
15720.7 135.448
15732.7 135.341
15744.7 135.233
15756.8 135.135
15768.8 135.045
15780.8 134.963
15792.8 134.892
15804.8 134.835
15816.8 134.798
15828.8 134.796
15840.8 134.878
15852.9 135.009
15864.9 134.997
15876.9 134.931
15888.9 134.827
15900.9 134.692
15912.9 134.532
15924.9 134.347
15936.9 134.14
15948.9 133.907
15961 133.659
15973 133.394
15985 133.113
15997 132.815
16009 132.499
16021 132.164
16033 131.81
16045 131.431
16057.1 131.006
16069.1 130.599
16081.1 130.198
16093.1 129.797
16105.1 129.395
16117.1 128.993
16129.1 128.594
16141.1 128.204
16153.2 127.845
16165.2 127.556
16177.2 127.148
16189.2 126.683
16201.2 126.176
16213.2 125.63
16225.2 125.048
16237.2 124.428
16249.2 123.763
16261.3 123.026
16273.3 122.224
16285.3 121.498
16297.3 120.79
16309.3 120.091
16321.3 119.397
16333.3 118.71
16345.3 118.034
16357.4 117.381
16369.4 116.822
16381.4 116.21
16393.4 115.506
16405.4 114.754
16417.4 113.963
16429.4 113.139
16441.4 112.286
16453.5 111.406
16465.5 110.499
16477.5 109.569
16489.5 108.612
16501.5 107.629
16513.5 106.621
16525.5 105.589
16537.5 104.531
16549.5 103.447
16561.6 102.335
16573.6 101.188
16585.6 99.9875
16597.6 98.8075
16609.6 97.6262
16621.6 96.438
16633.6 95.2414
16645.6 94.0362
16657.7 92.8238
16669.7 91.6075
16681.7 90.3993
16693.7 89.2019
16705.7 87.9447
16717.7 86.6563
16729.7 85.342
16741.7 84.004
16753.8 82.6435
16765.8 81.2607
16777.8 79.8552
16789.8 78.4235
16801.8 76.972
16813.8 75.5042
16825.8 74.0165
16837.8 72.5066
16849.8 70.972
16861.9 69.4088
16873.9 67.8097
16885.9 66.1579
16897.9 64.3709
16909.9 62.6642
16921.9 61.0149
16933.9 59.3908
16945.9 57.7819
16958 56.1827
16970 54.5899
16982 53.0009
16994 51.4126
17006 49.8194
17018 48.2365
17030 46.6585
17042 45.0829
17054.1 43.5077
17066.1 41.9312
17078.1 40.3506
17090.1 38.7613
17102.1 37.1501
17114.1 35.507
17126.1 33.9163
17138.1 32.3442
17150.2 30.7827
17162.2 29.2263
17174.2 27.6701
17186.2 26.1068
17198.2 24.5222
17210.2 22.857
17222.2 21.1924
17234.2 19.6595
17246.2 18.1858
17258.3 16.7572
17270.3 15.3672
17282.3 14.012
17294.3 12.6893
17306.3 11.3969
17318.3 10.1288
17330.3 8.89822
17342.3 7.70509
17354.4 6.54805
17366.4 5.42797
17378.4 4.34714
17390.4 3.30983
17402.4 2.32444
17414.4 1.4131
17426.4 0.652501
17438.4 -0.209413
17450.5 -1.11102
17462.5 -2.02704
17474.5 -2.94892
17486.5 -3.87313
17498.5 -4.79907
17510.5 -5.72953
17522.5 -6.67739
17534.5 -7.65857
17546.5 -8.56516
17558.6 -9.43592
17570.6 -10.28
17582.6 -11.1023
17594.6 -11.9075
17606.6 -12.7028
17618.6 -13.5028
17630.6 -14.3697
17642.6 -15.2417
17654.7 -15.8976
17666.7 -16.4357
17678.7 -16.866
17690.7 -17.1835
17702.7 -17.3713
17714.7 -17.393
17726.7 -17.1611
17738.7 -16.1917
17750.8 -15.615
17762.8 -15.4861
17774.8 -15.5783
17786.8 -15.8317
17798.8 -16.2235
17810.8 -16.7505
17822.8 -17.4294
17834.8 -18.3238
17846.8 -19.7056
17858.9 -20.7221
17870.9 -21.5537
17882.9 -22.2925
17894.9 -22.9703
17906.9 -23.6026
17918.9 -24.199
17930.9 -24.7654
17942.9 -25.3059
17955 -25.8236
17967 -26.3208
17979 -26.7991
17991 -27.26
18003 -27.7046
18015 -28.1339
18027 -28.5486
18039 -28.9495
18051.1 -29.337
18063.1 -29.7119
18075.1 -30.0744
18087.1 -30.4251
18099.1 -30.7643
18111.1 -31.0923
18123.1 -31.4095
18135.1 -31.7163
18147.1 -32.0128
18159.2 -32.2993
18171.2 -32.5761
18183.2 -32.8434
18195.2 -33.1015
18207.2 -33.3506
18219.2 -33.5909
18231.2 -33.8225
18243.2 -34.0458
18255.3 -34.2608
18267.3 -34.4679
18279.3 -34.667
18291.3 -34.8585
18303.3 -35.0425
18315.3 -35.2191
18327.3 -35.3886
18339.3 -35.5511
18351.4 -35.7067
18363.4 -35.8556
18375.4 -35.9979
18387.4 -36.1338
18399.4 -36.2635
18411.4 -36.387
18423.4 -36.5045
18435.4 -36.6162
18447.4 -36.7222
18459.5 -36.8226
18471.5 -36.9174
18483.5 -37.007
18495.5 -37.0913
18507.5 -37.1706
18519.5 -37.2448
18531.5 -37.3142
18543.5 -37.3788
18555.6 -37.4388
18567.6 -37.4943
18579.6 -37.5453
18591.6 -37.592
18603.6 -37.6345
18615.6 -37.6728
18627.6 -37.7072
18639.6 -37.7376
18651.7 -37.7641
18663.7 -37.787
18675.7 -37.8062
18687.7 -37.8218
18699.7 -37.834
18711.7 -37.8428
18723.7 -37.8483
18735.7 -37.8506
18747.7 -37.8498
18759.8 -37.8459
18771.8 -37.839
18783.8 -37.8292
18795.8 -37.8166
18807.8 -37.8013
18819.8 -37.7832
18831.8 -37.7626
18843.8 -37.7394
18855.9 -37.7137
18867.9 -37.6857
18879.9 -37.6552
18891.9 -37.6225
18903.9 -37.5876
18915.9 -37.5506
18927.9 -37.5114
18939.9 -37.4701
18952 -37.4269
18964 -37.3818
18976 -37.3348
18988 -37.2859
19000 -37.2353
