7000 -19.1706
7012.01 -19.1941
7024.02 -19.2188
7036.04 -19.2452
7048.05 -19.2734
7060.06 -19.3037
7072.07 -19.3365
7084.08 -19.372
7096.1 -19.4107
7108.11 -19.453
7120.12 -19.4992
7132.13 -19.55
7144.14 -19.6057
7156.16 -19.6671
7168.17 -19.7347
7180.18 -19.8093
7192.19 -19.8914
7204.2 -19.9821
7216.22 -20.082
7228.23 -20.1921
7240.24 -20.3134
7252.25 -20.4469
7264.26 -20.5938
7276.28 -20.7552
7288.29 -20.9323
7300.3 -21.1265
7312.31 -21.339
7324.32 -21.5714
7336.34 -21.825
7348.35 -22.1014
7360.36 -22.4019
7372.37 -22.7281
7384.38 -23.0815
7396.4 -23.4634
7408.41 -23.8753
7420.42 -24.3183
7432.43 -24.7937
7444.44 -25.3024
7456.46 -25.8451
7468.47 -26.4226
7480.48 -27.0351
7492.49 -27.6826
7504.5 -28.3649
7516.52 -29.0815
7528.53 -29.8316
7540.54 -30.614
7552.55 -31.4275
7564.56 -32.2706
7576.58 -33.1421
7588.59 -34.0412
7600.6 -34.9682
7612.61 -35.9271
7624.62 -36.9338
7636.64 -38.0581
7648.65 -39.0589
7660.66 -39.9853
7672.67 -40.8562
7684.68 -41.6735
7696.7 -42.4334
7708.71 -43.1272
7720.72 -43.7376
7732.73 -44.216
7744.74 -44.4929
7756.76 -44.9477
7768.77 -45.4469
7780.78 -45.9595
7792.79 -46.4728
7804.8 -46.9802
7816.82 -47.4783
7828.83 -47.9661
7840.84 -48.4469
7852.85 -48.917
7864.86 -49.3588
7876.88 -49.781
7888.89 -50.186
7900.9 -50.5757
7912.91 -50.9523
7924.92 -51.3184
7936.94 -51.6783
7948.95 -52.0493
7960.96 -52.3974
7972.97 -52.7199
7984.98 -53.0264
7997 -53.3204
8009.01 -53.6042
8021.02 -53.8794
8033.03 -54.1467
8045.05 -54.4051
8057.06 -54.6431
8069.07 -54.9038
8081.08 -55.182
8093.09 -55.4769
8105.11 -55.7916
8117.12 -56.1321
8129.13 -56.509
8141.14 -56.9428
8153.15 -57.4919
8165.17 -58.2701
8177.18 -58.7492
8189.19 -59.0987
8201.2 -59.3593
8213.21 -59.5433
8225.23 -59.6515
8237.24 -59.674
8249.25 -59.5813
8261.26 -59.2557
8273.27 -58.7314
8285.29 -58.6021
8297.3 -58.6207
8309.31 -58.7486
8321.32 -58.9774
8333.33 -59.3146
8345.35 -59.7868
8357.36 -60.465
8369.37 -61.7683
8381.38 -62.8172
8393.39 -63.3595
8405.41 -63.6456
8417.42 -63.7278
8429.43 -63.6164
8441.44 -63.2958
8453.45 -62.7157
8465.47 -61.7345
8477.48 -59.682
8489.49 -58.4383
8501.5 -57.7191
8513.51 -57.2876
8525.53 -57.072
8537.54 -57.0448
8549.55 -57.2029
8561.56 -57.5702
8573.57 -58.2427
8585.59 -59.4726
8597.6 -60.218
8609.61 -60.7882
8621.62 -61.2717
8633.63 -61.7019
8645.65 -62.0958
8657.66 -62.4634
8669.67 -62.8115
8681.68 -63.1444
8693.69 -63.4655
8705.71 -63.7772
8717.72 -64.0812
8729.73 -64.3791
8741.74 -64.672
8753.75 -64.9608
8765.77 -65.2461
8777.78 -65.5288
8789.79 -65.8092
8801.8 -66.0878
8813.81 -66.365
8825.83 -66.6411
8837.84 -66.9163
8849.85 -67.191
8861.86 -67.4652
8873.87 -67.7392
8885.89 -68.0131
8897.9 -68.2871
8909.91 -68.5612
8921.92 -68.8357
8933.93 -69.1105
8945.95 -69.3858
8957.96 -69.6616
8969.97 -69.938
8981.98 -70.2151
8993.99 -70.4929
9006.01 -70.7714
9018.02 -71.0507
9030.03 -71.3309
9042.04 -71.6119
9054.05 -71.8937
9066.07 -72.1765
9078.08 -72.4602
9090.09 -72.7448
9102.1 -73.0304
9114.11 -73.317
9126.13 -73.6045
9138.14 -73.893
9150.15 -74.1824
9162.16 -74.4728
9174.17 -74.7642
9186.19 -75.0566
9198.2 -75.35
9210.21 -75.6442
9222.22 -75.9395
9234.23 -76.2356
9246.25 -76.5327
9258.26 -76.8307
9270.27 -77.1296
9282.28 -77.4293
9294.29 -77.7299
9306.31 -78.0314
9318.32 -78.3336
9330.33 -78.6366
9342.34 -78.9403
9354.35 -79.2448
9366.37 -79.55
9378.38 -79.8558
9390.39 -80.1622
9402.4 -80.4692
9414.41 -80.7767
9426.43 -81.0848
9438.44 -81.3933
9450.45 -81.7022
9462.46 -82.0115
9474.47 -82.321
9486.49 -82.6309
9498.5 -82.9409
9510.51 -83.2511
9522.52 -83.5614
9534.53 -83.8716
9546.55 -84.1819
9558.56 -84.492
9570.57 -84.802
9582.58 -85.1117
9594.59 -85.421
9606.61 -85.7299
9618.62 -86.0384
9630.63 -86.3462
9642.64 -86.6534
9654.65 -86.9598
9666.67 -87.2653
9678.68 -87.5699
9690.69 -87.8734
9702.7 -88.1757
9714.71 -88.4767
9726.73 -88.7762
9738.74 -89.0743
9750.75 -89.3706
9762.76 -89.6652
9774.77 -89.9579
9786.79 -90.2484
9798.8 -90.5367
9810.81 -90.8227
9822.82 -91.1061
9834.83 -91.3869
9846.85 -91.6647
9858.86 -91.9396
9870.87 -92.2112
9882.88 -92.4794
9894.89 -92.744
9906.91 -93.0048
9918.92 -93.2615
9930.93 -93.5141
9942.94 -93.7622
9954.95 -94.0057
9966.97 -94.2442
9978.98 -94.4776
9990.99 -94.7056
10003 -94.9279
10015 -95.1442
10027 -95.3544
10039 -95.5581
10051.1 -95.7549
10063.1 -95.9447
10075.1 -96.127
10087.1 -96.3016
10099.1 -96.4681
10111.1 -96.6262
10123.1 -96.7755
10135.1 -96.9156
10147.1 -97.0463
10159.2 -97.167
10171.2 -97.2774
10183.2 -97.3771
10195.2 -97.4657
10207.2 -97.5426
10219.2 -97.6076
10231.2 -97.6601
10243.2 -97.6996
10255.3 -97.7256
10267.3 -97.7378
10279.3 -97.7354
10291.3 -97.7182
10303.3 -97.6854
10315.3 -97.6365
10327.3 -97.5711
10339.3 -97.4884
10351.4 -97.388
10363.4 -97.2692
10375.4 -97.1313
10387.4 -96.9739
10399.4 -96.7962
10411.4 -96.5975
10423.4 -96.3773
10435.4 -96.1348
10447.4 -95.8693
10459.5 -95.5801
10471.5 -95.2666
10483.5 -94.9279
10495.5 -94.5633
10507.5 -94.1721
10519.5 -93.7535
10531.5 -93.3068
10543.5 -92.8311
10555.6 -92.3256
10567.6 -91.7896
10579.6 -91.2222
10591.6 -90.6226
10603.6 -89.99
10615.6 -89.3236
10627.6 -88.6224
10639.6 -87.8857
10651.7 -87.1126
10663.7 -86.3023
10675.7 -85.4539
10687.7 -84.5665
10699.7 -83.6393
10711.7 -82.6714
10723.7 -81.6619
10735.7 -80.61
10747.7 -79.5149
10759.8 -78.3755
10771.8 -77.1912
10783.8 -75.961
10795.8 -74.684
10807.8 -73.3594
10819.8 -71.9863
10831.8 -70.5637
10843.8 -69.0909
10855.9 -67.5668
10867.9 -65.9905
10879.9 -64.361
10891.9 -62.6773
10903.9 -60.9383
10915.9 -59.1427
10927.9 -57.2894
10939.9 -55.3767
10952 -53.4032
10964 -51.3669
10976 -49.2655
10988 -47.0965
11000 -44.8563
11012 -42.5408
11024 -40.1445
11036 -37.6598
11048 -35.0762
11060.1 -32.3779
11072.1 -29.5394
11084.1 -26.5141
11096.1 -23.1915
11108.1 -19.0067
11120.1 -15.3944
11132.1 -12.2617
11144.1 -9.38448
11156.2 -6.70107
11168.2 -4.19045
11180.2 -1.85465
11192.2 0.277974
11204.2 2.11072
11216.2 3.32143
11228.2 5.03226
11240.2 6.94635
11252.3 8.95167
11264.3 11.0027
11276.3 13.07
11288.3 15.1268
11300.3 17.1373
11312.3 19.0134
11324.3 20.672
11336.3 22.6933
11348.3 24.8587
11360.4 27.1212
11372.4 29.4627
11384.4 31.8767
11396.4 34.3671
11408.4 36.9562
11420.4 39.7626
11432.4 42.6391
11444.4 45.212
11456.5 47.6587
11468.5 50.0039
11480.5 52.251
11492.5 54.3916
11504.5 56.4033
11516.5 58.2297
11528.5 59.5689
11540.5 61.1391
11552.6 62.9407
11564.6 64.8367
11576.6 66.7856
11588.6 68.7657
11600.6 70.7629
11612.6 72.7654
11624.6 74.7592
11636.6 76.709
11648.6 78.7106
11660.7 80.7399
11672.7 82.7862
11684.7 84.8469
11696.7 86.9239
11708.7 89.0237
11720.7 91.1627
11732.7 93.394
11744.7 95.7939
11756.8 97.9174
11768.8 99.9173
11780.8 101.827
11792.8 103.659
11804.8 105.415
11816.8 107.095
11828.8 108.686
11840.8 110.137
11852.9 111.489
11864.9 112.947
11876.9 114.417
11888.9 115.884
11900.9 117.342
11912.9 118.788
11924.9 120.223
11936.9 121.653
11948.9 123.106
11961 124.514
11973 125.87
11985 127.189
11997 128.476
12009 129.732
12021 130.957
12033 132.15
12045 133.3
12057.1 134.357
12069.1 135.484
12081.1 136.657
12093.1 137.862
12105.1 139.105
12117.1 140.397
12129.1 141.76
12141.1 143.239
12153.2 144.966
12165.2 147.196
12177.2 148.743
12189.2 149.99
12201.2 151.03
12213.2 151.895
12225.2 152.593
12237.2 153.115
12249.2 153.42
12261.3 153.342
12273.3 152.924
12285.3 153.021
12297.3 153.275
12309.3 153.624
12321.3 154.045
12333.3 154.533
12345.3 155.094
12357.4 155.757
12369.4 156.704
12381.4 157.55
12393.4 158.19
12405.4 158.735
12417.4 159.214
12429.4 159.637
12441.4 160.012
12453.5 160.34
12465.5 160.615
12477.5 160.796
12489.5 161.008
12501.5 161.234
12513.5 161.463
12525.5 161.691
12537.5 161.919
12549.5 162.152
12561.6 162.4
12573.6 162.687
12585.6 163.078
12597.6 163.316
12609.6 163.481
12621.6 163.592
12633.6 163.66
12645.6 163.686
12657.7 163.671
12669.7 163.614
12681.7 163.501
12693.7 163.33
12705.7 163.18
12717.7 163.018
12729.7 162.836
12741.7 162.631
12753.8 162.398
12765.8 162.13
12777.8 161.814
12789.8 161.387
12801.8 160.96
12813.8 160.605
12825.8 160.269
12837.8 159.939
12849.8 159.608
12861.9 159.27
12873.9 158.918
12885.9 158.539
12897.9 158.079
12909.9 157.674
12921.9 157.309
12933.9 156.961
12945.9 156.622
12958 156.286
12970 155.949
12982 155.6
12994 155.22
13006 154.75
13018 154.402
13030 154.119
13042 153.883
13054.1 153.689
13066.1 153.539
13078.1 153.441
13090.1 153.411
13102.1 153.511
13114.1 153.782
13126.1 153.808
13138.1 153.746
13150.2 153.624
13162.2 153.456
13174.2 153.242
13186.2 152.981
13198.2 152.659
13210.2 152.208
13222.2 151.727
13234.2 151.372
13246.2 151.059
13258.3 150.77
13270.3 150.5
13282.3 150.244
13294.3 150
13306.3 149.766
13318.3 149.542
13330.3 149.326
13342.3 149.117
13354.4 148.915
13366.4 148.721
13378.4 148.535
13390.4 148.358
13402.4 148.191
13414.4 148.041
13426.4 147.93
13438.4 147.783
13450.5 147.619
13462.5 147.443
13474.5 147.256
13486.5 147.057
13498.5 146.841
13510.5 146.599
13522.5 146.3
13534.5 145.908
13546.5 145.667
13558.6 145.491
13570.6 145.364
13582.6 145.282
13594.6 145.246
13606.6 145.265
13618.6 145.358
13630.6 145.608
13642.6 145.938
13654.7 146.062
13666.7 146.116
13678.7 146.124
13690.7 146.096
13702.7 146.035
13714.7 145.941
13726.7 145.806
13738.7 145.575
13750.8 145.38
13762.8 145.228
13774.8 145.092
13786.8 144.965
13798.8 144.844
13810.8 144.724
13822.8 144.604
13834.8 144.477
13846.8 144.321
13858.9 144.201
13870.9 144.105
13882.9 144.024
13894.9 143.957
13906.9 143.903
13918.9 143.862
13930.9 143.838
13942.9 143.837
13955 143.872
13967 143.881
13979 143.884
13991 143.888
14003 143.896
14015 143.91
14027 143.934
14039 143.973
14051.1 144.048
14063.1 144.149
14075.1 144.195
14087.1 144.223
14099.1 144.239
14111.1 144.248
14123.1 144.252
14135.1 144.252
14147.1 144.25
14159.2 144.257
14171.2 144.253
14183.2 144.235
14195.2 144.207
14207.2 144.171
14219.2 144.127
14231.2 144.075
14243.2 144.014
14255.3 143.94
14267.3 143.84
14279.3 143.754
14291.3 143.673
14303.3 143.593
14315.3 143.51
14327.3 143.425
14339.3 143.333
14351.4 143.232
14363.4 143.111
14375.4 142.95
14387.4 142.838
14399.4 142.745
14411.4 142.666
14423.4 142.596
14435.4 142.534
14447.4 142.481
14459.5 142.435
14471.5 142.401
14483.5 142.376
14495.5 142.346
14507.5 142.317
14519.5 142.29
14531.5 142.267
14543.5 142.248
14555.6 142.235
14567.6 142.231
14579.6 142.255
14591.6 142.271
14603.6 142.264
14615.6 142.247
14627.6 142.222
14639.6 142.192
14651.7 142.155
14663.7 142.113
14675.7 142.064
14687.7 142.003
14699.7 141.944
14711.7 141.885
14723.7 141.823
14735.7 141.759
14747.7 141.689
14759.8 141.614
14771.8 141.529
14783.8 141.428
14795.8 141.292
14807.8 141.192
14819.8 141.107
14831.8 141.032
14843.8 140.963
14855.9 140.9
14867.9 140.841
14879.9 140.789
14891.9 140.747
14903.9 140.716
14915.9 140.667
14927.9 140.611
14939.9 140.549
14952 140.482
14964 140.41
14976 140.33
14988 140.242
15000 140.132
15012 140.019
15024 139.923
15036 139.831
15048 139.739
15060.1 139.647
15072.1 139.553
15084.1 139.453
15096.1 139.344
15108.1 139.203
15120.1 139.085
15132.1 138.984
15144.1 138.892
15156.2 138.807
15168.2 138.726
15180.2 138.649
15192.2 138.577
15204.2 138.509
15216.2 138.452
15228.2 138.385
15240.2 138.313
15252.3 138.236
15264.3 138.155
15276.3 138.069
15288.3 137.977
15300.3 137.875
15312.3 137.754
15324.3 137.604
15336.3 137.494
15348.3 137.398
15360.4 137.312
15372.4 137.232
15384.4 137.158
15396.4 137.09
15408.4 137.029
15420.4 136.982
15432.4 136.94
15444.4 136.882
15456.5 136.819
15468.5 136.752
15480.5 136.681
15492.5 136.607
15504.5 136.529
15516.5 136.445
15528.5 136.349
15540.5 136.258
15552.6 136.172
15564.6 136.09
15576.6 136.008
15588.6 135.928
15600.6 135.849
15612.6 135.772
15624.6 135.699
15636.6 135.636
15648.6 135.562
15660.7 135.48
15672.7 135.394
15684.7 135.305
15696.7 135.212
15708.7 135.116
15720.7 135.018
15732.7 134.914
15744.7 134.804
15756.8 134.704
15768.8 134.611
15780.8 134.524
15792.8 134.446
15804.8 134.379
15816.8 134.329
15828.8 134.311
15840.8 134.371
15852.9 134.476
15864.9 134.441
15876.9 134.352
15888.9 134.224
15900.9 134.065
15912.9 133.876
15924.9 133.662
15936.9 133.421
15948.9 133.149
15961 132.86
15973 132.557
15985 132.236
15997 131.896
16009 131.535
16021 131.152
16033 130.742
16045 130.298
16057.1 129.78
16069.1 129.303
16081.1 128.845
16093.1 128.393
16105.1 127.945
16117.1 127.5
16129.1 127.06
16141.1 126.631
16153.2 126.232
16165.2 125.901
16177.2 125.46
16189.2 124.965
16201.2 124.43
16213.2 123.86
16225.2 123.256
16237.2 122.618
16249.2 121.938
16261.3 121.193
16273.3 120.39
16285.3 119.654
16297.3 118.933
16309.3 118.22
16321.3 117.512
16333.3 116.81
16345.3 116.119
16357.4 115.454
16369.4 114.887
16381.4 114.264
16393.4 113.542
16405.4 112.766
16417.4 111.948
16429.4 111.094
16441.4 110.204
16453.5 109.28
16465.5 108.319
16477.5 107.303
16489.5 106.285
16501.5 105.258
16513.5 104.216
16525.5 103.156
16537.5 102.078
16549.5 100.979
16561.6 99.8596
16573.6 98.7139
16585.6 97.5322
16597.6 96.3578
16609.6 95.1781
16621.6 93.99
16633.6 92.7931
16645.6 91.5878
16657.7 90.3761
16669.7 89.1619
16681.7 87.9594
16693.7 86.7715
16705.7 85.5165
16717.7 84.2273
16729.7 82.9098
16741.7 81.5663
16753.8 80.1971
16765.8 78.8013
16777.8 77.3752
16789.8 75.8967
16801.8 74.4066
16813.8 72.9301
16825.8 71.4487
16837.8 69.9578
16849.8 68.4545
16861.9 66.9357
16873.9 65.3973
16885.9 63.8296
16897.9 62.1879
16909.9 60.589
16921.9 59.0205
16933.9 57.4651
16945.9 55.9174
16958 54.3746
16970 52.8355
16982 51.2992
16994 49.7662
17006 48.2398
17018 46.7045
17030 45.1635
17042 43.6169
17054.1 42.0637
17066.1 40.5018
17078.1 38.9277
17090.1 37.3343
17102.1 35.6995
17114.1 34.0071
17126.1 32.4023
17138.1 30.8286
17150.2 29.2732
17162.2 27.7293
17174.2 26.191
17186.2 24.6513
17198.2 23.0971
17210.2 21.4761
17222.2 19.8592
17234.2 18.3611
17246.2 16.918
17258.3 15.5173
17270.3 14.153
17282.3 12.8216
17294.3 11.5204
17306.3 10.2463
17318.3 8.98868
17330.3 7.77222
17342.3 6.59624
17354.4 5.45711
17366.4 4.35474
17378.4 3.29048
17390.4 2.26737
17402.4 1.29169
17414.4 0.380048
17426.4 -0.409825
17438.4 -1.26713
17450.5 -2.14535
17462.5 -3.02517
17474.5 -3.89966
17486.5 -4.76548
17498.5 -5.62102
17510.5 -6.46614
17522.5 -7.30413
17534.5 -8.13936
17546.5 -8.93824
17558.6 -9.71253
17570.6 -10.465
17582.6 -11.1976
17594.6 -11.9126
17606.6 -12.6144
17618.6 -13.3134
17630.6 -14.0553
17642.6 -14.7927
17654.7 -15.3584
17666.7 -15.8248
17678.7 -16.1976
17690.7 -16.4703
17702.7 -16.626
17714.7 -16.6301
17726.7 -16.3994
17738.7 -15.4779
17750.8 -14.9308
17762.8 -14.8102
17774.8 -14.9026
17786.8 -15.1518
17798.8 -15.5373
17810.8 -16.057
17822.8 -16.729
17834.8 -17.6188
17846.8 -19.0048
17858.9 -20.0162
17870.9 -20.8378
17882.9 -21.5637
17894.9 -22.2265
17906.9 -22.8425
17918.9 -23.4212
17930.9 -23.969
17942.9 -24.4901
17955 -24.9877
17967 -25.4643
17979 -25.9216
17991 -26.3611
18003 -26.784
18015 -27.1913
18027 -27.5839
18039 -27.9626
18051.1 -28.3278
18063.1 -28.6802
18075.1 -29.0203
18087.1 -29.3485
18099.1 -29.6652
18111.1 -29.9709
18123.1 -30.2658
18135.1 -30.5503
18147.1 -30.8247
18159.2 -31.0892
18171.2 -31.3441
18183.2 -31.5898
18195.2 -31.8263
18207.2 -32.054
18219.2 -32.2731
18231.2 -32.4838
18243.2 -32.6862
18255.3 -32.8807
18267.3 -33.0673
18279.3 -33.2463
18291.3 -33.4179
18303.3 -33.5822
18315.3 -33.7394
18327.3 -33.8896
18339.3 -34.0331
18351.4 -34.17
18363.4 -34.3005
18375.4 -34.4246
18387.4 -34.5426
18399.4 -34.6545
18411.4 -34.7606
18423.4 -34.861
18435.4 -34.9557
18447.4 -35.0451
18459.5 -35.129
18471.5 -35.2078
18483.5 -35.2815
18495.5 -35.3502
18507.5 -35.4141
18519.5 -35.4733
18531.5 -35.5279
18543.5 -35.578
18555.6 -35.6236
18567.6 -35.665
18579.6 -35.7023
18591.6 -35.7355
18603.6 -35.7647
18615.6 -35.79
18627.6 -35.8116
18639.6 -35.8294
18651.7 -35.8438
18663.7 -35.8546
18675.7 -35.862
18687.7 -35.8661
18699.7 -35.8669
18711.7 -35.8646
18723.7 -35.8593
18735.7 -35.851
18747.7 -35.8397
18759.8 -35.8257
18771.8 -35.8089
18783.8 -35.7894
18795.8 -35.7673
18807.8 -35.7426
18819.8 -35.7155
18831.8 -35.686
18843.8 -35.6542
18855.9 -35.62
18867.9 -35.5837
18879.9 -35.5453
18891.9 -35.5047
18903.9 -35.4621
18915.9 -35.4176
18927.9 -35.3711
18939.9 -35.3228
18952 -35.2727
18964 -35.2209
18976 -35.1673
18988 -35.1121
19000 -35.0553
