7000 -161.3
7012.01 -164.016
7024.02 -166.787
7036.04 -169.61
7048.05 -172.486
7060.06 -175.412
7072.07 -178.389
7084.08 -181.414
7096.1 -184.487
7108.11 -187.605
7120.12 -190.768
7132.13 -193.975
7144.14 -197.222
7156.16 -200.508
7168.17 -203.832
7180.18 -207.192
7192.19 -210.584
7204.2 -214.008
7216.22 -217.461
7228.23 -220.94
7240.24 -224.443
7252.25 -227.968
7264.26 -231.512
7276.28 -235.073
7288.29 -238.648
7300.3 -242.233
7312.31 -245.828
7324.32 -249.428
7336.34 -253.032
7348.35 -256.636
7360.36 -260.239
7372.37 -263.836
7384.38 -267.426
7396.4 -271.005
7408.41 -274.572
7420.42 -278.123
7432.43 -281.657
7444.44 -285.17
7456.46 -288.66
7468.47 -292.125
7480.48 -295.563
7492.49 -298.971
7504.5 -302.347
7516.52 -305.689
7528.53 -308.995
7540.54 -312.263
7552.55 -315.491
7564.56 -318.678
7576.58 -321.82
7588.59 -324.917
7600.6 -327.967
7612.61 -330.965
7624.62 -333.908
7636.64 -336.776
7648.65 -339.624
7660.66 -342.439
7672.67 -345.216
7684.68 -347.954
7696.7 -350.654
7708.71 -353.32
7720.72 -355.961
7732.73 -358.606
7744.74 -361.3
7756.76 -363.788
7768.77 -366.157
7780.78 -368.423
7792.79 -370.592
7804.8 -372.662
7816.82 -374.626
7828.83 -376.468
7840.84 -378.117
7852.85 -379.623
7864.86 -381.254
7876.88 -382.884
7888.89 -384.49
7900.9 -386.06
7912.91 -387.585
7924.92 -389.056
7936.94 -390.454
7948.95 -391.689
7960.96 -392.96
7972.97 -394.288
7984.98 -395.63
7997 -396.973
8009.01 -398.315
8021.02 -399.657
8033.03 -401.002
8045.05 -402.363
8057.06 -403.792
8069.07 -405.142
8081.08 -406.445
8093.09 -407.724
8105.11 -408.991
8117.12 -410.26
8129.13 -411.553
8141.14 -412.904
8153.15 -414.419
8165.17 -416.3
8177.18 -417.603
8189.19 -418.628
8201.2 -419.446
8213.21 -420.076
8225.23 -420.511
8237.24 -420.725
8249.25 -420.643
8261.26 -419.98
8273.27 -418.817
8285.29 -418.583
8297.3 -418.68
8309.31 -419.016
8321.32 -419.568
8333.33 -420.355
8345.35 -421.439
8357.36 -422.993
8369.37 -426.038
8381.38 -428.423
8393.39 -429.53
8405.41 -429.964
8417.42 -429.848
8429.43 -429.196
8441.44 -427.953
8453.45 -425.966
8465.47 -422.812
8477.48 -416.505
8489.49 -412.615
8501.5 -410.304
8513.51 -408.871
8525.53 -408.109
8537.54 -407.945
8549.55 -408.383
8561.56 -409.521
8573.57 -411.716
8585.59 -415.891
8597.6 -418.256
8609.61 -419.94
8621.62 -421.268
8633.63 -422.363
8645.65 -423.29
8657.66 -424.086
8669.67 -424.778
8681.68 -425.381
8693.69 -425.909
8705.71 -426.372
8717.72 -426.777
8729.73 -427.129
8741.74 -427.434
8753.75 -427.695
8765.77 -427.915
8777.78 -428.097
8789.79 -428.244
8801.8 -428.356
8813.81 -428.436
8825.83 -428.485
8837.84 -428.504
8849.85 -428.494
8861.86 -428.457
8873.87 -428.392
8885.89 -428.302
8897.9 -428.185
8909.91 -428.043
8921.92 -427.877
8933.93 -427.686
8945.95 -427.472
8957.96 -427.233
8969.97 -426.972
8981.98 -426.687
8993.99 -426.38
9006.01 -426.049
9018.02 -425.697
9030.03 -425.322
9042.04 -424.925
9054.05 -424.505
9066.07 -424.064
9078.08 -423.6
9090.09 -423.115
9102.1 -422.607
9114.11 -422.078
9126.13 -421.527
9138.14 -420.954
9150.15 -420.359
9162.16 -419.742
9174.17 -419.103
9186.19 -418.442
9198.2 -417.759
9210.21 -417.053
9222.22 -416.326
9234.23 -415.576
9246.25 -414.804
9258.26 -414.01
9270.27 -413.193
9282.28 -412.354
9294.29 -411.492
9306.31 -410.607
9318.32 -409.699
9330.33 -408.769
9342.34 -407.815
9354.35 -406.838
9366.37 -405.838
9378.38 -404.815
9390.39 -403.768
9402.4 -402.698
9414.41 -401.604
9426.43 -400.486
9438.44 -399.344
9450.45 -398.178
9462.46 -396.989
9474.47 -395.775
9486.49 -394.537
9498.5 -393.274
9510.51 -391.987
9522.52 -390.675
9534.53 -389.338
9546.55 -387.977
9558.56 -386.591
9570.57 -385.18
9582.58 -383.744
9594.59 -382.282
9606.61 -380.796
9618.62 -379.284
9630.63 -377.747
9642.64 -376.184
9654.65 -374.595
9666.67 -372.982
9678.68 -371.342
9690.69 -369.677
9702.7 -367.986
9714.71 -366.269
9726.73 -364.527
9738.74 -362.758
9750.75 -360.964
9762.76 -359.144
9774.77 -357.298
9786.79 -355.426
9798.8 -353.528
9810.81 -351.604
9822.82 -349.654
9834.83 -347.678
9846.85 -345.676
9858.86 -343.649
9870.87 -341.596
9882.88 -339.517
9894.89 -337.412
9906.91 -335.281
9918.92 -333.125
9930.93 -330.944
9942.94 -328.737
9954.95 -326.505
9966.97 -324.247
9978.98 -321.965
9990.99 -319.657
10003 -317.325
10015 -314.968
10027 -312.586
10039 -310.18
10051.1 -307.749
10063.1 -305.295
10075.1 -302.816
10087.1 -300.314
10099.1 -297.789
10111.1 -295.24
10123.1 -292.668
10135.1 -290.073
10147.1 -287.456
10159.2 -284.816
10171.2 -282.154
10183.2 -279.471
10195.2 -276.766
10207.2 -274.039
10219.2 -271.292
10231.2 -268.524
10243.2 -265.736
10255.3 -262.928
10267.3 -260.101
10279.3 -257.254
10291.3 -254.388
10303.3 -251.504
10315.3 -248.602
10327.3 -245.682
10339.3 -242.744
10351.4 -239.79
10363.4 -236.82
10375.4 -233.834
10387.4 -230.832
10399.4 -227.815
10411.4 -224.783
10423.4 -221.738
10435.4 -218.679
10447.4 -215.607
10459.5 -212.522
10471.5 -209.426
10483.5 -206.318
10495.5 -203.199
10507.5 -200.07
10519.5 -196.932
10531.5 -193.784
10543.5 -190.628
10555.6 -187.465
10567.6 -184.294
10579.6 -181.117
10591.6 -177.934
10603.6 -174.746
10615.6 -171.553
10627.6 -168.357
10639.6 -165.158
10651.7 -161.958
10663.7 -158.755
10675.7 -155.553
10687.7 -152.351
10699.7 -149.15
10711.7 -145.952
10723.7 -142.756
10735.7 -139.565
10747.7 -136.379
10759.8 -133.199
10771.8 -130.026
10783.8 -126.862
10795.8 -123.708
10807.8 -120.564
10819.8 -117.433
10831.8 -114.315
10843.8 -111.212
10855.9 -108.127
10867.9 -105.059
10879.9 -102.012
10891.9 -98.9877
10903.9 -95.9877
10915.9 -93.0147
10927.9 -90.0715
10939.9 -87.161
10952 -84.2866
10964 -81.4522
10976 -78.6625
10988 -75.9226
11000 -73.2388
11012 -70.6191
11024 -68.073
11036 -65.613
11048 -63.2561
11060.1 -61.0261
11072.1 -58.9601
11084.1 -57.1232
11096.1 -55.6638
11108.1 -55.3202
11120.1 -54.2405
11132.1 -52.5541
11144.1 -50.5624
11156.2 -48.3603
11168.2 -45.9954
11180.2 -43.4955
11192.2 -40.8781
11204.2 -38.1502
11216.2 -35.2986
11228.2 -32.4204
11240.2 -29.5023
11252.3 -26.5461
11264.3 -23.5606
11276.3 -20.5608
11288.3 -17.5719
11300.3 -14.6465
11312.3 -11.9517
11324.3 -9.64455
11336.3 -6.47015
11348.3 -2.87182
11360.4 1.07644
11372.4 5.36904
11384.4 10.0389
11396.4 15.1681
11408.4 20.9502
11420.4 28.2029
11432.4 36.0075
11444.4 41.9692
11456.5 47.2907
11468.5 52.1864
11480.5 56.7442
11492.5 60.9987
11504.5 64.9447
11516.5 68.5087
11528.5 71.1821
11540.5 74.2421
11552.6 77.7054
11564.6 81.3472
11576.6 85.1101
11588.6 88.9737
11600.6 92.9352
11612.6 97.0072
11624.6 101.236
11636.6 105.797
11648.6 110.144
11660.7 114.41
11672.7 118.664
11684.7 122.942
11696.7 127.279
11708.7 131.719
11720.7 136.342
11732.7 141.371
11744.7 147.121
11756.8 151.821
11768.8 156.091
11780.8 160.069
11792.8 163.809
11804.8 167.332
11816.8 170.638
11828.8 173.698
11840.8 176.358
11852.9 178.742
11864.9 181.479
11876.9 184.286
11888.9 187.113
11900.9 189.941
11912.9 192.764
11924.9 195.579
11936.9 198.399
11948.9 201.306
11961 204.098
11973 206.743
11985 209.28
11997 211.712
12009 214.027
12021 216.204
12033 218.192
12045 219.86
12057.1 220.656
12069.1 222.248
12081.1 224.318
12093.1 226.691
12105.1 229.326
12117.1 232.226
12129.1 235.436
12141.1 239.068
12153.2 243.473
12165.2 249.344
12177.2 253.422
12189.2 256.751
12201.2 259.587
12213.2 262.011
12225.2 264.045
12237.2 265.66
12249.2 266.747
12261.3 266.864
12273.3 266.121
12285.3 266.766
12297.3 267.849
12309.3 269.197
12321.3 270.744
12333.3 272.453
12345.3 274.311
12357.4 276.317
12369.4 278.517
12381.4 280.815
12393.4 283.193
12405.4 285.697
12417.4 288.361
12429.4 291.23
12441.4 294.375
12453.5 297.926
12465.5 302.2
12477.5 308.633
12489.5 313.237
12501.5 316.616
12513.5 319.28
12525.5 321.382
12537.5 322.978
12549.5 324.071
12561.6 324.593
12573.6 324.296
12585.6 322.537
12597.6 321.988
12609.6 321.851
12621.6 321.898
12633.6 322.047
12645.6 322.256
12657.7 322.508
12669.7 322.802
12681.7 323.184
12693.7 323.655
12705.7 323.849
12717.7 323.898
12729.7 323.817
12741.7 323.602
12753.8 323.24
12765.8 322.698
12777.8 321.909
12789.8 320.525
12801.8 319.168
12813.8 318.227
12825.8 317.42
12837.8 316.679
12849.8 315.974
12861.9 315.285
12873.9 314.603
12885.9 313.929
12897.9 313.326
12909.9 312.58
12921.9 311.694
12933.9 310.679
12945.9 309.518
12958 308.178
12970 306.601
12982 304.677
12994 302.109
13006 298.025
13018 295.578
13030 293.906
13042 292.724
13054.1 291.942
13066.1 291.535
13078.1 291.526
13090.1 292.014
13102.1 293.373
13114.1 295.877
13126.1 296.818
13138.1 297.199
13150.2 297.206
13162.2 296.895
13174.2 296.269
13186.2 295.28
13198.2 293.784
13210.2 291.086
13222.2 288.175
13234.2 286.648
13246.2 285.639
13258.3 284.989
13270.3 284.634
13282.3 284.546
13294.3 284.722
13306.3 285.196
13318.3 286.189
13330.3 287.149
13342.3 288.102
13354.4 289.161
13366.4 290.381
13378.4 291.815
13390.4 293.541
13402.4 295.698
13414.4 298.637
13426.4 303.572
13438.4 306.516
13450.5 308.439
13462.5 309.733
13474.5 310.523
13486.5 310.847
13498.5 310.688
13510.5 309.946
13522.5 308.245
13534.5 305.134
13546.5 303.659
13558.6 302.743
13570.6 302.162
13582.6 301.835
13594.6 301.734
13606.6 301.87
13618.6 302.305
13630.6 303.36
13642.6 304.718
13654.7 305.236
13666.7 305.449
13678.7 305.443
13690.7 305.247
13702.7 304.862
13714.7 304.262
13726.7 303.373
13738.7 301.75
13750.8 300.435
13762.8 299.479
13774.8 298.668
13786.8 297.938
13798.8 297.259
13810.8 296.609
13822.8 295.971
13834.8 295.327
13846.8 294.64
13858.9 293.981
13870.9 293.321
13882.9 292.636
13894.9 291.904
13906.9 291.096
13918.9 290.164
13930.9 289.02
13942.9 287.408
13955 284.889
13967 283.674
13979 283.029
13991 282.784
14003 282.884
14015 283.316
14027 284.104
14039 285.327
14051.1 287.314
14063.1 289.895
14075.1 291.635
14087.1 293.181
14099.1 294.657
14111.1 296.127
14123.1 297.639
14135.1 299.245
14147.1 301.031
14159.2 303.404
14171.2 305.53
14183.2 307.263
14195.2 308.832
14207.2 310.308
14219.2 311.733
14231.2 313.143
14243.2 314.583
14255.3 316.143
14267.3 318.175
14279.3 319.696
14291.3 320.882
14303.3 321.854
14315.3 322.652
14327.3 323.291
14339.3 323.772
14351.4 324.082
14363.4 324.156
14375.4 323.854
14387.4 323.806
14399.4 323.815
14411.4 323.825
14423.4 323.813
14435.4 323.76
14447.4 323.651
14459.5 323.46
14471.5 323.115
14483.5 322.611
14495.5 322.3
14507.5 322.027
14519.5 321.757
14531.5 321.47
14543.5 321.145
14555.6 320.757
14567.6 320.259
14579.6 319.421
14591.6 318.677
14603.6 318.192
14615.6 317.807
14627.6 317.475
14639.6 317.168
14651.7 316.854
14663.7 316.495
14675.7 316
14687.7 314.972
14699.7 314.481
14711.7 314.387
14723.7 314.548
14735.7 314.921
14747.7 315.496
14759.8 316.278
14771.8 317.294
14783.8 318.636
14795.8 320.558
14807.8 322.106
14819.8 323.562
14831.8 325.022
14843.8 326.532
14855.9 328.132
14867.9 329.867
14879.9 331.811
14891.9 334.188
14903.9 337.097
14915.9 339.229
14927.9 341.114
14939.9 342.863
14952 344.533
14964 346.168
14976 347.813
14988 349.544
15000 351.678
15012 353.718
15024 355.16
15036 356.314
15048 357.239
15060.1 357.956
15072.1 358.466
15084.1 358.748
15096.1 358.734
15108.1 358.056
15120.1 357.657
15132.1 357.471
15144.1 357.344
15156.2 357.223
15168.2 357.073
15180.2 356.865
15192.2 356.556
15204.2 356.052
15216.2 355.074
15228.2 354.561
15240.2 354.26
15252.3 354.074
15264.3 353.965
15276.3 353.91
15288.3 353.89
15300.3 353.888
15312.3 353.867
15324.3 353.795
15336.3 353.861
15348.3 353.987
15360.4 354.147
15372.4 354.324
15384.4 354.496
15396.4 354.632
15408.4 354.667
15420.4 354.329
15432.4 353.927
15444.4 354.26
15456.5 354.937
15468.5 355.899
15480.5 357.135
15492.5 358.66
15504.5 360.524
15516.5 362.852
15528.5 366.33
15540.5 369.332
15552.6 371.863
15564.6 374.241
15576.6 376.575
15588.6 378.936
15600.6 381.396
15612.6 384.053
15624.6 387.131
15636.6 391.406
15648.6 394.456
15660.7 396.846
15672.7 398.837
15684.7 400.522
15696.7 401.943
15708.7 403.121
15720.7 404.054
15732.7 404.694
15744.7 404.965
15756.8 405.347
15768.8 405.671
15780.8 405.895
15792.8 405.992
15804.8 405.935
15816.8 405.683
15828.8 405.158
15840.8 404.075
15852.9 402.629
15864.9 401.895
15876.9 401.367
15888.9 400.951
15900.9 400.6
15912.9 400.285
15924.9 399.978
15936.9 399.647
15948.9 399.164
15961 398.782
15973 398.524
15985 398.323
15997 398.153
16009 397.997
16021 397.836
16033 397.645
16045 397.366
16057.1 396.781
16069.1 396.532
16081.1 396.488
16093.1 396.577
16105.1 396.773
16117.1 397.064
16129.1 397.446
16141.1 397.919
16153.2 398.49
16165.2 399.172
16177.2 399.925
16189.2 400.773
16201.2 401.738
16213.2 402.844
16225.2 404.13
16237.2 405.663
16249.2 407.579
16261.3 410.355
16273.3 413.887
16285.3 415.847
16297.3 417.234
16309.3 418.227
16321.3 418.902
16333.3 419.294
16345.3 419.414
16357.4 419.25
16369.4 418.657
16381.4 417.952
16393.4 417.22
16405.4 416.362
16417.4 415.345
16429.4 414.139
16441.4 412.71
16453.5 411.007
16465.5 408.915
16477.5 405.952
16489.5 403.41
16501.5 401.071
16513.5 398.748
16525.5 396.359
16537.5 393.842
16549.5 391.13
16561.6 388.119
16573.6 384.564
16585.6 379.899
16597.6 376.337
16609.6 373.184
16621.6 370.229
16633.6 367.375
16645.6 364.559
16657.7 361.719
16669.7 358.774
16681.7 355.515
16693.7 351.885
16705.7 348.983
16717.7 346.349
16729.7 343.892
16741.7 341.571
16753.8 339.365
16765.8 337.268
16777.8 335.292
16789.8 333.555
16801.8 331.823
16813.8 329.954
16825.8 328.049
16837.8 326.138
16849.8 324.242
16861.9 322.387
16873.9 320.62
16885.9 319.043
16897.9 318.153
16909.9 316.662
16921.9 314.712
16933.9 312.499
16945.9 310.093
16958 307.534
16970 304.86
16982 302.112
16994 299.381
17006 296.898
17018 293.874
17030 290.54
17042 286.981
17054.1 283.236
17066.1 279.331
17078.1 275.285
17090.1 271.122
17102.1 266.872
17114.1 262.564
17126.1 258.087
17138.1 253.502
17150.2 248.83
17162.2 244.087
17174.2 239.289
17186.2 234.449
17198.2 229.576
17210.2 224.67
17222.2 219.766
17234.2 214.914
17246.2 210.109
17258.3 205.362
17270.3 200.687
17282.3 196.101
17294.3 191.622
17306.3 187.281
17318.3 183.177
17330.3 179.112
17342.3 175.108
17354.4 171.218
17366.4 167.472
17378.4 163.899
17390.4 160.536
17402.4 157.44
17414.4 154.746
17426.4 152.896
17438.4 150.471
17450.5 147.83
17462.5 145.124
17474.5 142.414
17486.5 139.737
17498.5 137.124
17510.5 134.612
17522.5 132.292
17534.5 130.264
17546.5 127.904
17558.6 125.437
17570.6 122.915
17582.6 120.359
17594.6 117.781
17606.6 115.198
17618.6 112.644
17630.6 110.28
17642.6 107.921
17654.7 104.931
17666.7 101.557
17678.7 97.7908
17690.7 93.5662
17702.7 88.7538
17714.7 83.1082
17726.7 76.0586
17738.7 64.5089
17750.8 55.6652
17762.8 49.874
17774.8 45.6835
17786.8 42.7078
17798.8 40.8006
17810.8 39.9416
17822.8 40.2428
17834.8 42.1321
17846.8 47.4409
17858.9 50.4175
17870.9 52.2756
17882.9 53.6337
17894.9 54.7021
17906.9 55.5847
17918.9 56.3414
17930.9 57.0098
17942.9 57.6152
17955 58.175
17967 58.7019
17979 59.2049
17991 59.6908
18003 60.1646
18015 60.6303
18027 61.0905
18039 61.5475
18051.1 62.003
18063.1 62.4581
18075.1 62.9138
18087.1 63.3706
18099.1 63.8291
18111.1 64.2894
18123.1 64.7517
18135.1 65.2161
18147.1 65.6826
18159.2 66.151
18171.2 66.6213
18183.2 67.0932
18195.2 67.5667
18207.2 68.0414
18219.2 68.5171
18231.2 68.9937
18243.2 69.4709
18255.3 69.9484
18267.3 70.4261
18279.3 70.9036
18291.3 71.3807
18303.3 71.8573
18315.3 72.3331
18327.3 72.8079
18339.3 73.2814
18351.4 73.7536
18363.4 74.2242
18375.4 74.693
18387.4 75.1599
18399.4 75.6247
18411.4 76.0872
18423.4 76.5474
18435.4 77.005
18447.4 77.46
18459.5 77.9122
18471.5 78.3615
18483.5 78.8079
18495.5 79.2511
18507.5 79.6912
18519.5 80.1281
18531.5 80.5616
18543.5 80.9917
18555.6 81.4184
18567.6 81.8415
18579.6 82.261
18591.6 82.6769
18603.6 83.0892
18615.6 83.4977
18627.6 83.9025
18639.6 84.3035
18651.7 84.7007
18663.7 85.0941
18675.7 85.4836
18687.7 85.8693
18699.7 86.2511
18711.7 86.629
18723.7 87.003
18735.7 87.3731
18747.7 87.7393
18759.8 88.1016
18771.8 88.4601
18783.8 88.8146
18795.8 89.1652
18807.8 89.512
18819.8 89.8549
18831.8 90.1939
18843.8 90.5291
18855.9 90.8605
18867.9 91.1881
18879.9 91.5119
18891.9 91.8319
18903.9 92.1481
18915.9 92.4606
18927.9 92.7695
18939.9 93.0746
18952 93.376
18964 93.6739
18976 93.9681
18988 94.2587
19000 94.5458
