7000 -145.898
7012.01 -149.336
7024.02 -152.769
7036.04 -156.194
7048.05 -159.609
7060.06 -163.011
7072.07 -166.398
7084.08 -169.768
7096.1 -173.118
7108.11 -176.446
7120.12 -179.749
7132.13 -183.027
7144.14 -186.276
7156.16 -189.495
7168.17 -192.682
7180.18 -195.835
7192.19 -198.953
7204.2 -202.034
7216.22 -205.077
7228.23 -208.079
7240.24 -211.041
7252.25 -213.96
7264.26 -216.836
7276.28 -219.668
7288.29 -222.454
7300.3 -225.194
7312.31 -227.887
7324.32 -230.533
7336.34 -233.132
7348.35 -235.681
7360.36 -238.182
7372.37 -240.634
7384.38 -243.036
7396.4 -245.389
7408.41 -247.692
7420.42 -249.945
7432.43 -252.149
7444.44 -254.304
7456.46 -256.409
7468.47 -258.465
7480.48 -260.472
7492.49 -262.43
7504.5 -264.341
7516.52 -266.204
7528.53 -268.019
7540.54 -269.788
7552.55 -271.512
7564.56 -273.191
7576.58 -274.826
7588.59 -276.42
7600.6 -277.975
7612.61 -279.497
7624.62 -280.999
7636.64 -282.53
7648.65 -283.931
7660.66 -285.239
7672.67 -286.467
7684.68 -287.618
7696.7 -288.691
7708.71 -289.679
7720.72 -290.567
7732.73 -291.303
7744.74 -291.814
7756.76 -292.517
7768.77 -293.267
7780.78 -294.033
7792.79 -294.803
7804.8 -295.57
7816.82 -296.334
7828.83 -297.098
7840.84 -297.883
7852.85 -298.671
7864.86 -299.373
7876.88 -300.027
7888.89 -300.64
7900.9 -301.214
7912.91 -301.746
7924.92 -302.234
7936.94 -302.665
7948.95 -302.97
7960.96 -303.308
7972.97 -303.696
7984.98 -304.102
7997 -304.519
8009.01 -304.944
8021.02 -305.383
8033.03 -305.842
8045.05 -306.345
8057.06 -306.982
8069.07 -307.491
8081.08 -307.928
8093.09 -308.328
8105.11 -308.708
8117.12 -309.083
8129.13 -309.476
8141.14 -309.922
8153.15 -310.526
8165.17 -311.487
8177.18 -311.872
8189.19 -311.979
8201.2 -311.878
8213.21 -311.587
8225.23 -311.103
8237.24 -310.4
8249.25 -309.412
8261.26 -307.874
8273.27 -305.861
8285.29 -304.696
8297.3 -303.828
8309.31 -303.173
8321.32 -302.713
8333.33 -302.471
8345.35 -302.515
8357.36 -303.028
8369.37 -305.091
8381.38 -306.43
8393.39 -306.39
8405.41 -305.613
8417.42 -304.227
8429.43 -302.25
8441.44 -299.622
8453.45 -296.184
8465.47 -291.494
8477.48 -283.474
8489.49 -277.945
8501.5 -274.028
8513.51 -270.99
8525.53 -268.611
8537.54 -266.81
8549.55 -265.585
8561.56 -265.023
8573.57 -265.458
8585.59 -267.763
8597.6 -268.352
8609.61 -268.291
8621.62 -267.888
8633.63 -267.259
8645.65 -266.464
8657.66 -265.54
8669.67 -264.511
8681.68 -263.394
8693.69 -262.201
8705.71 -260.942
8717.72 -259.626
8729.73 -258.258
8741.74 -256.845
8753.75 -255.39
8765.77 -253.898
8777.78 -252.372
8789.79 -250.816
8801.8 -249.234
8813.81 -247.627
8825.83 -245.999
8837.84 -244.353
8849.85 -242.69
8861.86 -241.013
8873.87 -239.325
8885.89 -237.627
8897.9 -235.922
8909.91 -234.212
8921.92 -232.499
8933.93 -230.785
8945.95 -229.071
8957.96 -227.36
8969.97 -225.654
8981.98 -223.953
8993.99 -222.261
9006.01 -220.578
9018.02 -218.906
9030.03 -217.247
9042.04 -215.602
9054.05 -213.973
9066.07 -212.361
9078.08 -210.767
9090.09 -209.192
9102.1 -207.638
9114.11 -206.106
9126.13 -204.597
9138.14 -203.112
9150.15 -201.651
9162.16 -200.216
9174.17 -198.808
9186.19 -197.426
9198.2 -196.073
9210.21 -194.748
9222.22 -193.452
9234.23 -192.186
9246.25 -190.95
9258.26 -189.744
9270.27 -188.568
9282.28 -187.424
9294.29 -186.311
9306.31 -185.229
9318.32 -184.179
9330.33 -183.16
9342.34 -182.172
9354.35 -181.216
9366.37 -180.291
9378.38 -179.398
9390.39 -178.535
9402.4 -177.703
9414.41 -176.902
9426.43 -176.131
9438.44 -175.39
9450.45 -174.678
9462.46 -173.996
9474.47 -173.342
9486.49 -172.717
9498.5 -172.119
9510.51 -171.549
9522.52 -171.006
9534.53 -170.489
9546.55 -169.998
9558.56 -169.531
9570.57 -169.09
9582.58 -168.672
9594.59 -168.278
9606.61 -167.906
9618.62 -167.557
9630.63 -167.228
9642.64 -166.921
9654.65 -166.633
9666.67 -166.365
9678.68 -166.115
9690.69 -165.883
9702.7 -165.669
9714.71 -165.471
9726.73 -165.289
9738.74 -165.121
9750.75 -164.968
9762.76 -164.829
9774.77 -164.702
9786.79 -164.588
9798.8 -164.485
9810.81 -164.393
9822.82 -164.31
9834.83 -164.237
9846.85 -164.172
9858.86 -164.115
9870.87 -164.064
9882.88 -164.02
9894.89 -163.982
9906.91 -163.948
9918.92 -163.917
9930.93 -163.891
9942.94 -163.866
9954.95 -163.844
9966.97 -163.822
9978.98 -163.801
9990.99 -163.779
10003 -163.755
10015 -163.73
10027 -163.702
10039 -163.671
10051.1 -163.635
10063.1 -163.594
10075.1 -163.548
10087.1 -163.495
10099.1 -163.435
10111.1 -163.367
10123.1 -163.29
10135.1 -163.204
10147.1 -163.108
10159.2 -163
10171.2 -162.881
10183.2 -162.749
10195.2 -162.604
10207.2 -162.446
10219.2 -162.272
10231.2 -162.083
10243.2 -161.877
10255.3 -161.655
10267.3 -161.414
10279.3 -161.156
10291.3 -160.877
10303.3 -160.579
10315.3 -160.26
10327.3 -159.919
10339.3 -159.556
10351.4 -159.17
10363.4 -158.759
10375.4 -158.324
10387.4 -157.864
10399.4 -157.377
10411.4 -156.864
10423.4 -156.322
10435.4 -155.753
10447.4 -155.154
10459.5 -154.524
10471.5 -153.865
10483.5 -153.173
10495.5 -152.45
10507.5 -151.694
10519.5 -150.903
10531.5 -150.079
10543.5 -149.219
10555.6 -148.324
10567.6 -147.392
10579.6 -146.423
10591.6 -145.416
10603.6 -144.371
10615.6 -143.287
10627.6 -142.163
10639.6 -140.998
10651.7 -139.792
10663.7 -138.545
10675.7 -137.256
10687.7 -135.924
10699.7 -134.549
10711.7 -133.131
10723.7 -131.668
10735.7 -130.161
10747.7 -128.608
10759.8 -127.01
10771.8 -125.367
10783.8 -123.677
10795.8 -121.94
10807.8 -120.157
10819.8 -118.328
10831.8 -116.45
10843.8 -114.526
10855.9 -112.554
10867.9 -110.534
10879.9 -108.467
10891.9 -106.352
10903.9 -104.189
10915.9 -101.979
10927.9 -99.7206
10939.9 -97.4154
10952 -95.063
10964 -92.6636
10976 -90.2176
10988 -87.7251
11000 -85.1867
11012 -82.6025
11024 -79.9731
11036 -77.2987
11048 -74.5796
11060.1 -71.816
11072.1 -69.0076
11084.1 -66.1534
11096.1 -63.2494
11108.1 -60.2717
11120.1 -57.2858
11132.1 -54.289
11144.1 -51.273
11156.2 -48.2366
11168.2 -45.1808
11180.2 -42.1076
11192.2 -39.02
11204.2 -35.9227
11216.2 -32.8238
11228.2 -29.7147
11240.2 -26.6059
11252.3 -23.508
11264.3 -20.4346
11276.3 -17.4055
11288.3 -14.4535
11300.3 -11.6438
11312.3 -9.17707
11324.3 -7.24419
11336.3 -4.38491
11348.3 -1.13019
11360.4 2.41691
11372.4 6.22644
11384.4 10.3012
11396.4 14.6763
11408.4 19.4514
11420.4 25.073
11432.4 31.0289
11444.4 35.9915
11456.5 40.6231
11468.5 45.0402
11480.5 49.2905
11492.5 53.3935
11504.5 57.3502
11516.5 61.1323
11528.5 64.5383
11540.5 68.0729
11552.6 71.7408
11564.6 75.4505
11576.6 79.1759
11588.6 82.9042
11600.6 86.627
11612.6 90.3373
11624.6 94.0246
11636.6 97.658
11648.6 101.332
11660.7 105.025
11672.7 108.729
11684.7 112.446
11696.7 116.18
11708.7 119.945
11720.7 123.766
11732.7 127.729
11744.7 131.953
11756.8 135.739
11768.8 139.328
11780.8 142.772
11792.8 146.085
11804.8 149.273
11816.8 152.327
11828.8 155.221
11840.8 157.84
11852.9 160.271
11864.9 162.961
11876.9 165.705
11888.9 168.469
11900.9 171.238
11912.9 174.011
11924.9 176.789
11936.9 179.595
11948.9 182.56
11961 185.375
11973 188.001
11985 190.502
11997 192.891
12009 195.168
12021 197.322
12033 199.327
12045 201.112
12057.1 202.373
12069.1 204.025
12081.1 205.893
12093.1 207.88
12105.1 209.959
12117.1 212.131
12129.1 214.413
12141.1 216.86
12153.2 219.64
12165.2 223.095
12177.2 225.608
12189.2 227.689
12201.2 229.457
12213.2 230.94
12225.2 232.132
12237.2 232.987
12249.2 233.386
12261.3 232.883
12273.3 231.585
12285.3 231.726
12297.3 232.361
12309.3 233.325
12321.3 234.557
12333.3 236.039
12345.3 237.786
12357.4 239.867
12369.4 242.72
12381.4 245.428
12393.4 247.744
12405.4 249.946
12417.4 252.117
12429.4 254.311
12441.4 256.583
12453.5 259.011
12465.5 261.767
12477.5 265.599
12489.5 268.454
12501.5 270.648
12513.5 272.449
12525.5 273.942
12537.5 275.163
12549.5 276.122
12561.6 276.807
12573.6 277.143
12585.6 276.935
12597.6 276.997
12609.6 277.078
12621.6 277.101
12633.6 277.026
12645.6 276.815
12657.7 276.419
12669.7 275.746
12681.7 274.5
12693.7 272.619
12705.7 271.802
12717.7 271.366
12729.7 271.187
12741.7 271.223
12753.8 271.464
12765.8 271.93
12777.8 272.696
12789.8 274.204
12801.8 275.633
12813.8 276.47
12825.8 277.076
12837.8 277.531
12849.8 277.873
12861.9 278.123
12873.9 278.296
12885.9 278.412
12897.9 278.535
12909.9 278.5
12921.9 278.324
12933.9 278.021
12945.9 277.59
12958 277.013
12970 276.262
12982 275.273
12994 273.874
13006 271.55
13018 270.172
13030 269.231
13042 268.563
13054.1 268.116
13066.1 267.882
13078.1 267.883
13090.1 268.196
13102.1 269.098
13114.1 270.792
13126.1 271.282
13138.1 271.306
13150.2 271
13162.2 270.403
13174.2 269.512
13186.2 268.285
13198.2 266.604
13210.2 263.915
13222.2 260.992
13234.2 259.083
13246.2 257.494
13258.3 256.081
13270.3 254.768
13282.3 253.489
13294.3 252.168
13306.3 250.652
13318.3 248.196
13330.3 246.635
13342.3 245.917
13354.4 245.743
13366.4 246.049
13378.4 246.836
13390.4 248.158
13402.4 250.154
13414.4 253.211
13426.4 258.698
13438.4 262.108
13450.5 264.544
13462.5 266.468
13474.5 268.048
13486.5 269.371
13498.5 270.496
13510.5 271.469
13522.5 272.356
13534.5 273.225
13546.5 273.729
13558.6 273.997
13570.6 274.049
13582.6 273.884
13594.6 273.481
13606.6 272.795
13618.6 271.716
13630.6 269.804
13642.6 267.467
13654.7 266.206
13666.7 265.303
13678.7 264.63
13690.7 264.135
13702.7 263.795
13714.7 263.611
13726.7 263.612
13738.7 264.042
13750.8 264.305
13762.8 264.364
13774.8 264.331
13786.8 264.231
13798.8 264.069
13810.8 263.834
13822.8 263.498
13834.8 262.977
13846.8 261.927
13858.9 261.426
13870.9 261.253
13882.9 261.3
13894.9 261.542
13906.9 261.982
13918.9 262.651
13930.9 263.622
13942.9 265.121
13955 267.546
13967 268.892
13979 269.829
13991 270.518
14003 271.019
14015 271.365
14027 271.567
14039 271.625
14051.1 271.507
14063.1 271.233
14075.1 270.964
14087.1 270.618
14099.1 270.17
14111.1 269.592
14123.1 268.845
14135.1 267.858
14147.1 266.476
14159.2 263.843
14171.2 261.807
14183.2 260.719
14195.2 260.108
14207.2 259.858
14219.2 259.93
14231.2 260.322
14243.2 261.074
14255.3 262.319
14267.3 264.689
14279.3 266.363
14291.3 267.657
14303.3 268.798
14315.3 269.867
14327.3 270.914
14339.3 271.977
14351.4 273.109
14363.4 274.42
14375.4 276.135
14387.4 277.322
14399.4 278.28
14411.4 279.094
14423.4 279.799
14435.4 280.412
14447.4 280.946
14459.5 281.408
14471.5 281.801
14483.5 282.13
14495.5 282.405
14507.5 282.625
14519.5 282.787
14531.5 282.89
14543.5 282.927
14555.6 282.89
14567.6 282.758
14579.6 282.416
14591.6 282.085
14603.6 281.85
14615.6 281.631
14627.6 281.406
14639.6 281.16
14651.7 280.879
14663.7 280.543
14675.7 280.114
14687.7 279.412
14699.7 278.91
14711.7 278.543
14723.7 278.245
14735.7 277.995
14747.7 277.782
14759.8 277.601
14771.8 277.453
14783.8 277.35
14795.8 277.335
14807.8 277.223
14819.8 277.062
14831.8 276.86
14843.8 276.616
14855.9 276.322
14867.9 275.961
14879.9 275.498
14891.9 274.817
14903.9 273.869
14915.9 273.361
14927.9 273.014
14939.9 272.771
14952 272.608
14964 272.51
14976 272.467
14988 272.469
15000 272.483
15012 272.555
15024 272.731
15036 272.984
15048 273.309
15060.1 273.706
15072.1 274.18
15084.1 274.737
15096.1 275.396
15108.1 276.234
15120.1 277.069
15132.1 277.923
15144.1 278.835
15156.2 279.829
15168.2 280.929
15180.2 282.171
15192.2 283.617
15204.2 285.418
15216.2 288.044
15228.2 289.904
15240.2 291.427
15252.3 292.78
15264.3 294.036
15276.3 295.247
15288.3 296.468
15300.3 297.786
15312.3 299.437
15324.3 301.647
15336.3 302.741
15348.3 303.334
15360.4 303.545
15372.4 303.415
15384.4 302.945
15396.4 302.109
15408.4 300.825
15420.4 298.732
15432.4 296.226
15444.4 294.342
15456.5 292.536
15468.5 290.686
15480.5 288.714
15492.5 286.538
15504.5 284.041
15516.5 280.98
15528.5 276.127
15540.5 272.387
15552.6 269.761
15564.6 267.7
15576.6 266.044
15588.6 264.719
15600.6 263.687
15612.6 262.942
15624.6 262.519
15636.6 262.617
15648.6 262.556
15660.7 262.487
15672.7 262.48
15684.7 262.563
15696.7 262.757
15708.7 263.087
15720.7 263.596
15732.7 264.401
15744.7 265.668
15756.8 266.485
15768.8 267.178
15780.8 267.826
15792.8 268.467
15804.8 269.13
15816.8 269.843
15828.8 270.649
15840.8 271.678
15852.9 272.855
15864.9 273.731
15876.9 274.533
15888.9 275.314
15900.9 276.113
15912.9 276.972
15924.9 277.954
15936.9 279.187
15948.9 281.342
15961 282.94
15973 283.808
15985 284.293
15997 284.492
16009 284.452
16021 284.203
16033 283.766
16045 283.171
16057.1 282.519
16069.1 281.507
16081.1 280.185
16093.1 278.571
16105.1 276.652
16117.1 274.394
16129.1 271.738
16141.1 268.562
16153.2 264.528
16165.2 258.979
16177.2 254.892
16189.2 251.28
16201.2 247.875
16213.2 244.551
16225.2 241.218
16237.2 237.78
16249.2 234.086
16261.3 229.675
16273.3 224.633
16285.3 221.141
16297.3 218.262
16309.3 215.829
16321.3 213.781
16333.3 212.104
16345.3 210.827
16357.4 210.055
16369.4 210.446
16381.4 210.615
16393.4 210.185
16405.4 209.567
16417.4 208.874
16429.4 208.168
16441.4 207.499
16453.5 206.928
16465.5 206.57
16477.5 206.884
16489.5 206.645
16501.5 206.054
16513.5 205.286
16525.5 204.409
16537.5 203.469
16549.5 202.509
16561.6 201.586
16573.6 200.822
16585.6 200.494
16597.6 199.548
16609.6 198.322
16621.6 196.923
16633.6 195.407
16645.6 193.817
16657.7 192.205
16669.7 190.658
16681.7 189.436
16693.7 188.596
16705.7 186.665
16717.7 184.237
16729.7 181.417
16741.7 178.24
16753.8 174.705
16765.8 170.782
16777.8 166.38
16789.8 160.985
16801.8 155.527
16813.8 150.579
16825.8 145.712
16837.8 140.811
16849.8 135.798
16861.9 130.594
16873.9 125.08
16885.9 118.995
16897.9 111.11
16909.9 104.633
16921.9 99.2232
16933.9 94.4125
16945.9 90.0586
16958 86.1012
16970 82.5204
16982 79.3327
16994 76.633
17006 74.7346
17018 72.4849
17030 70.2073
17042 68.0209
17054.1 65.9848
17066.1 64.1503
17078.1 62.5821
17090.1 61.3922
17102.1 60.905
17114.1 61.3598
17126.1 60.6365
17138.1 59.5548
17150.2 58.2919
17162.2 56.9309
17174.2 55.5279
17186.2 54.1343
17198.2 52.8214
17210.2 51.8315
17222.2 50.8594
17234.2 49.4033
17246.2 47.751
17258.3 45.9621
17270.3 44.066
17282.3 42.081
17294.3 40.0212
17306.3 37.9034
17318.3 35.7914
17330.3 33.5306
17342.3 31.1218
17354.4 28.5836
17366.4 25.911
17378.4 23.0878
17390.4 20.0836
17402.4 16.8397
17414.4 13.2084
17426.4 8.69066
17438.4 4.88665
17450.5 1.38711
17462.5 -1.99052
17474.5 -5.33109
17486.5 -8.70281
17498.5 -12.1856
17510.5 -15.9112
17522.5 -20.2437
17534.5 -25.6086
17546.5 -29.3154
17558.6 -32.337
17570.6 -34.8871
17582.6 -37.0507
17594.6 -38.8677
17606.6 -40.3515
17618.6 -41.4876
17630.6 -42.1602
17642.6 -42.4865
17654.7 -42.886
17666.7 -43.1464
17678.7 -43.2141
17690.7 -43.0444
17702.7 -42.5796
17714.7 -41.7239
17726.7 -40.2639
17738.7 -37.0569
17750.8 -34.7552
17762.8 -33.4846
17774.8 -32.7076
17786.8 -32.2784
17798.8 -32.137
17810.8 -32.2653
17822.8 -32.684
17834.8 -33.4974
17846.8 -35.1708
17858.9 -36.2298
17870.9 -36.9833
17882.9 -37.5887
17894.9 -38.0992
17906.9 -38.541
17918.9 -38.9293
17930.9 -39.274
17942.9 -39.5816
17955 -39.857
17967 -40.1038
17979 -40.3247
17991 -40.5219
18003 -40.6972
18015 -40.8523
18027 -40.9883
18039 -41.1064
18051.1 -41.2075
18063.1 -41.2927
18075.1 -41.3625
18087.1 -41.4179
18099.1 -41.4593
18111.1 -41.4876
18123.1 -41.5031
18135.1 -41.5066
18147.1 -41.4984
18159.2 -41.479
18171.2 -41.449
18183.2 -41.4088
18195.2 -41.3587
18207.2 -41.2992
18219.2 -41.2307
18231.2 -41.1534
18243.2 -41.0678
18255.3 -40.9743
18267.3 -40.873
18279.3 -40.7644
18291.3 -40.6488
18303.3 -40.5263
18315.3 -40.3974
18327.3 -40.2623
18339.3 -40.1212
18351.4 -39.9745
18363.4 -39.8223
18375.4 -39.6648
18387.4 -39.5024
18399.4 -39.3352
18411.4 -39.1635
18423.4 -38.9874
18435.4 -38.8072
18447.4 -38.623
18459.5 -38.4351
18471.5 -38.2436
18483.5 -38.0486
18495.5 -37.8504
18507.5 -37.6492
18519.5 -37.445
18531.5 -37.2381
18543.5 -37.0285
18555.6 -36.8165
18567.6 -36.6021
18579.6 -36.3855
18591.6 -36.1668
18603.6 -35.9462
18615.6 -35.7238
18627.6 -35.4996
18639.6 -35.2738
18651.7 -35.0465
18663.7 -34.8178
18675.7 -34.5879
18687.7 -34.3567
18699.7 -34.1244
18711.7 -33.8911
18723.7 -33.6569
18735.7 -33.4218
18747.7 -33.186
18759.8 -32.9495
18771.8 -32.7124
18783.8 -32.4748
18795.8 -32.2366
18807.8 -31.9981
18819.8 -31.7593
18831.8 -31.5202
18843.8 -31.2809
18855.9 -31.0414
18867.9 -30.8019
18879.9 -30.5623
18891.9 -30.3227
18903.9 -30.0831
18915.9 -29.8437
18927.9 -29.6045
18939.9 -29.3654
18952 -29.1266
18964 -28.8881
18976 -28.6499
18988 -28.412
19000 -28.1746
