7000 -19.2431
7012.01 -19.3306
7024.02 -19.4248
7036.04 -19.5262
7048.05 -19.6353
7060.06 -19.7527
7072.07 -19.879
7084.08 -20.0149
7096.1 -20.1609
7108.11 -20.3179
7120.12 -20.4864
7132.13 -20.6672
7144.14 -20.8611
7156.16 -21.0689
7168.17 -21.2914
7180.18 -21.5293
7192.19 -21.7836
7204.2 -22.0551
7216.22 -22.3446
7228.23 -22.6529
7240.24 -22.9808
7252.25 -23.3292
7264.26 -23.6989
7276.28 -24.0904
7288.29 -24.5046
7300.3 -24.942
7312.31 -25.4032
7324.32 -25.8885
7336.34 -26.3985
7348.35 -26.9332
7360.36 -27.4928
7372.37 -28.0774
7384.38 -28.6866
7396.4 -29.3202
7408.41 -29.9778
7420.42 -30.6586
7432.43 -31.3619
7444.44 -32.0866
7456.46 -32.8317
7468.47 -33.5957
7480.48 -34.3774
7492.49 -35.175
7504.5 -35.987
7516.52 -36.8116
7528.53 -37.6471
7540.54 -38.4916
7552.55 -39.3436
7564.56 -40.2015
7576.58 -41.0643
7588.59 -41.9315
7600.6 -42.8039
7612.61 -43.6851
7624.62 -44.5883
7636.64 -45.5678
7648.65 -46.4406
7660.66 -47.2455
7672.67 -47.9986
7684.68 -48.7028
7696.7 -49.3567
7708.71 -49.9552
7720.72 -50.4865
7732.73 -50.9153
7744.74 -51.1903
7756.76 -51.598
7768.77 -52.0388
7780.78 -52.4898
7792.79 -52.9419
7804.8 -53.3905
7816.82 -53.8331
7828.83 -54.2685
7840.84 -54.6979
7852.85 -55.1194
7864.86 -55.5255
7876.88 -55.9198
7888.89 -56.3034
7900.9 -56.6771
7912.91 -57.0422
7924.92 -57.4
7936.94 -57.7529
7948.95 -58.1113
7960.96 -58.4546
7972.97 -58.7812
7984.98 -59.0965
7997 -59.4027
8009.01 -59.7009
8021.02 -59.9915
8033.03 -60.2741
8045.05 -60.5457
8057.06 -60.7881
8069.07 -61.0623
8081.08 -61.3596
8093.09 -61.6763
8105.11 -62.0148
8117.12 -62.3806
8129.13 -62.784
8141.14 -63.2456
8153.15 -63.8253
8165.17 -64.6393
8177.18 -65.1447
8189.19 -65.5151
8201.2 -65.792
8213.21 -65.9874
8225.23 -66.1011
8237.24 -66.1214
8249.25 -66.0151
8261.26 -65.6504
8273.27 -65.0653
8285.29 -64.9224
8297.3 -64.9456
8309.31 -65.0917
8321.32 -65.3512
8333.33 -65.7323
8345.35 -66.2644
8357.36 -67.0263
8369.37 -68.4812
8381.38 -69.6569
8393.39 -70.2742
8405.41 -70.6106
8417.42 -70.7245
8429.43 -70.6279
8441.44 -70.3048
8453.45 -69.7017
8465.47 -68.6669
8477.48 -66.4819
8489.49 -65.1634
8501.5 -64.4068
8513.51 -63.9581
8525.53 -63.7407
8537.54 -63.7251
8549.55 -63.9084
8561.56 -64.3167
8573.57 -65.0543
8585.59 -66.3947
8597.6 -67.2087
8609.61 -67.8315
8621.62 -68.3594
8633.63 -68.8283
8645.65 -69.2569
8657.66 -69.6562
8669.67 -70.0334
8681.68 -70.3933
8693.69 -70.7397
8705.71 -71.075
8717.72 -71.4014
8729.73 -71.7204
8741.74 -72.0333
8753.75 -72.3411
8765.77 -72.6446
8777.78 -72.9446
8789.79 -73.2415
8801.8 -73.536
8813.81 -73.8283
8825.83 -74.1189
8837.84 -74.4081
8849.85 -74.6962
8861.86 -74.9833
8873.87 -75.2697
8885.89 -75.5555
8897.9 -75.841
8909.91 -76.1262
8921.92 -76.4113
8933.93 -76.6963
8945.95 -76.9815
8957.96 -77.2668
8969.97 -77.5523
8981.98 -77.8382
8993.99 -78.1244
9006.01 -78.411
9018.02 -78.6982
9030.03 -78.9858
9042.04 -79.274
9054.05 -79.5627
9066.07 -79.8521
9078.08 -80.1421
9090.09 -80.4327
9102.1 -80.724
9114.11 -81.016
9126.13 -81.3086
9138.14 -81.602
9150.15 -81.896
9162.16 -82.1907
9174.17 -82.4862
9186.19 -82.7823
9198.2 -83.0791
9210.21 -83.3766
9222.22 -83.6747
9234.23 -83.9735
9246.25 -84.2729
9258.26 -84.5729
9270.27 -84.8735
9282.28 -85.1747
9294.29 -85.4765
9306.31 -85.7787
9318.32 -86.0815
9330.33 -86.3847
9342.34 -86.6884
9354.35 -86.9924
9366.37 -87.2968
9378.38 -87.6016
9390.39 -87.9066
9402.4 -88.2118
9414.41 -88.5172
9426.43 -88.8228
9438.44 -89.1285
9450.45 -89.4342
9462.46 -89.7398
9474.47 -90.0454
9486.49 -90.3509
9498.5 -90.6562
9510.51 -90.9612
9522.52 -91.2658
9534.53 -91.5701
9546.55 -91.8738
9558.56 -92.1771
9570.57 -92.4796
9582.58 -92.7815
9594.59 -93.0825
9606.61 -93.3826
9618.62 -93.6818
9630.63 -93.9798
9642.64 -94.2767
9654.65 -94.5722
9666.67 -94.8664
9678.68 -95.159
9690.69 -95.45
9702.7 -95.7392
9714.71 -96.0265
9726.73 -96.3118
9738.74 -96.595
9750.75 -96.8759
9762.76 -97.1544
9774.77 -97.4302
9786.79 -97.7034
9798.8 -97.9736
9810.81 -98.2408
9822.82 -98.5048
9834.83 -98.7654
9846.85 -99.0223
9858.86 -99.2755
9870.87 -99.5248
9882.88 -99.7699
9894.89 -100.011
9906.91 -100.247
9918.92 -100.478
9930.93 -100.704
9942.94 -100.925
9954.95 -101.141
9966.97 -101.351
9978.98 -101.554
9990.99 -101.752
10003 -101.943
10015 -102.127
10027 -102.304
10039 -102.474
10051.1 -102.636
10063.1 -102.79
10075.1 -102.935
10087.1 -103.072
10099.1 -103.2
10111.1 -103.318
10123.1 -103.427
10135.1 -103.526
10147.1 -103.614
10159.2 -103.691
10171.2 -103.757
10183.2 -103.811
10195.2 -103.854
10207.2 -103.883
10219.2 -103.9
10231.2 -103.903
10243.2 -103.892
10255.3 -103.867
10267.3 -103.827
10279.3 -103.772
10291.3 -103.701
10303.3 -103.613
10315.3 -103.509
10327.3 -103.387
10339.3 -103.247
10351.4 -103.088
10363.4 -102.91
10375.4 -102.713
10387.4 -102.495
10399.4 -102.256
10411.4 -101.995
10423.4 -101.713
10435.4 -101.407
10447.4 -101.078
10459.5 -100.725
10471.5 -100.347
10483.5 -99.9431
10495.5 -99.5133
10507.5 -99.0566
10519.5 -98.5723
10531.5 -98.0597
10543.5 -97.5181
10555.6 -96.9468
10567.6 -96.345
10579.6 -95.712
10591.6 -95.0471
10603.6 -94.3496
10615.6 -93.6186
10627.6 -92.8536
10639.6 -92.0536
10651.7 -91.218
10663.7 -90.346
10675.7 -89.4369
10687.7 -88.49
10699.7 -87.5044
10711.7 -86.4796
10723.7 -85.4146
10735.7 -84.3088
10747.7 -83.1616
10759.8 -81.972
10771.8 -80.7394
10783.8 -79.4632
10795.8 -78.1424
10807.8 -76.7765
10819.8 -75.3647
10831.8 -73.9063
10843.8 -72.4004
10855.9 -70.8463
10867.9 -69.2433
10879.9 -67.5905
10891.9 -65.8869
10903.9 -64.1318
10915.9 -62.3239
10927.9 -60.4623
10939.9 -58.5457
10952 -56.5725
10964 -54.5411
10976 -52.4494
10988 -50.295
11000 -48.0747
11012 -45.7847
11024 -43.4195
11036 -40.9722
11048 -38.4328
11060.1 -35.7861
11072.1 -33.0078
11084.1 -30.0533
11096.1 -26.8165
11108.1 -22.7552
11120.1 -19.2472
11132.1 -16.2034
11144.1 -13.409
11156.2 -10.8051
11168.2 -8.37192
11180.2 -6.11241
11192.2 -4.05548
11204.2 -2.29841
11216.2 -1.16476
11228.2 0.472245
11240.2 2.3147
11252.3 4.25039
11264.3 6.23401
11276.3 8.23665
11288.3 10.2324
11300.3 12.1869
11312.3 14.0164
11324.3 15.6423
11336.3 17.6154
11348.3 19.7284
11360.4 21.9372
11372.4 24.2251
11384.4 26.5872
11396.4 29.0286
11408.4 31.5738
11420.4 34.3486
11432.4 37.199
11444.4 39.7325
11456.5 42.1368
11468.5 44.4389
11480.5 46.6438
11492.5 48.7445
11504.5 50.7201
11516.5 52.517
11528.5 53.8466
11540.5 55.397
11552.6 57.1687
11564.6 59.031
11576.6 60.944
11588.6 62.8868
11600.6 64.8458
11612.6 66.8095
11624.6 68.7627
11636.6 70.6662
11648.6 72.6304
11660.7 74.6278
11672.7 76.6467
11684.7 78.6844
11696.7 80.7426
11708.7 82.8281
11720.7 84.9581
11732.7 87.1879
11744.7 89.5967
11756.8 91.7221
11768.8 93.7231
11780.8 95.6345
11792.8 97.4684
11804.8 99.2286
11816.8 100.913
11828.8 102.51
11840.8 103.968
11852.9 105.327
11864.9 106.795
11876.9 108.279
11888.9 109.761
11900.9 111.235
11912.9 112.7
11924.9 114.155
11936.9 115.605
11948.9 117.079
11961 118.51
11973 119.89
11985 121.234
11997 122.547
12009 123.829
12021 125.08
12033 126.296
12045 127.467
12057.1 128.532
12069.1 129.681
12081.1 130.882
12093.1 132.122
12105.1 133.402
12117.1 134.733
12129.1 136.139
12141.1 137.664
12153.2 139.44
12165.2 141.724
12177.2 143.323
12189.2 144.62
12201.2 145.712
12213.2 146.629
12225.2 147.38
12237.2 147.955
12249.2 148.316
12261.3 148.296
12273.3 147.939
12285.3 148.091
12297.3 148.397
12309.3 148.794
12321.3 149.263
12333.3 149.796
12345.3 150.4
12357.4 151.103
12369.4 152.081
12381.4 152.961
12393.4 153.639
12405.4 154.223
12417.4 154.741
12429.4 155.206
12441.4 155.623
12453.5 155.993
12465.5 156.313
12477.5 156.547
12489.5 156.803
12501.5 157.068
12513.5 157.329
12525.5 157.586
12537.5 157.839
12549.5 158.092
12561.6 158.352
12573.6 158.641
12585.6 159.012
12597.6 159.253
12609.6 159.429
12621.6 159.557
12633.6 159.644
12645.6 159.694
12657.7 159.707
12669.7 159.683
12681.7 159.612
12693.7 159.493
12705.7 159.377
12717.7 159.242
12729.7 159.083
12741.7 158.896
12753.8 158.678
12765.8 158.419
12777.8 158.108
12789.8 157.673
12801.8 157.239
12813.8 156.882
12825.8 156.545
12837.8 156.214
12849.8 155.882
12861.9 155.54
12873.9 155.181
12885.9 154.791
12897.9 154.304
12909.9 153.884
12921.9 153.51
12933.9 153.158
12945.9 152.818
12958 152.483
12970 152.147
12982 151.802
12994 151.426
13006 150.961
13018 150.62
13030 150.345
13042 150.118
13054.1 149.935
13066.1 149.797
13078.1 149.712
13090.1 149.698
13102.1 149.814
13114.1 150.105
13126.1 150.15
13138.1 150.106
13150.2 150.004
13162.2 149.855
13174.2 149.663
13186.2 149.425
13198.2 149.128
13210.2 148.706
13222.2 148.255
13234.2 147.929
13246.2 147.644
13258.3 147.386
13270.3 147.147
13282.3 146.926
13294.3 146.72
13306.3 146.532
13318.3 146.375
13330.3 146.212
13342.3 146.043
13354.4 145.876
13366.4 145.711
13378.4 145.55
13390.4 145.396
13402.4 145.25
13414.4 145.12
13426.4 145.03
13438.4 144.898
13450.5 144.745
13462.5 144.576
13474.5 144.392
13486.5 144.193
13498.5 143.973
13510.5 143.724
13522.5 143.411
13534.5 142.997
13546.5 142.74
13558.6 142.547
13570.6 142.403
13582.6 142.302
13594.6 142.244
13606.6 142.236
13618.6 142.296
13630.6 142.499
13642.6 142.775
13654.7 142.865
13666.7 142.893
13678.7 142.881
13690.7 142.836
13702.7 142.761
13714.7 142.657
13726.7 142.515
13738.7 142.283
13750.8 142.086
13762.8 141.93
13774.8 141.791
13786.8 141.661
13798.8 141.537
13810.8 141.415
13822.8 141.292
13834.8 141.163
13846.8 141.003
13858.9 140.883
13870.9 140.787
13882.9 140.707
13894.9 140.642
13906.9 140.592
13918.9 140.555
13930.9 140.536
13942.9 140.54
13955 140.58
13967 140.595
13979 140.608
13991 140.622
14003 140.642
14015 140.669
14027 140.707
14039 140.762
14051.1 140.85
14063.1 140.965
14075.1 141.034
14087.1 141.089
14099.1 141.139
14111.1 141.187
14123.1 141.236
14135.1 141.29
14147.1 141.357
14159.2 141.47
14171.2 141.557
14183.2 141.605
14195.2 141.632
14207.2 141.645
14219.2 141.644
14231.2 141.631
14243.2 141.605
14255.3 141.566
14267.3 141.502
14279.3 141.444
14291.3 141.386
14303.3 141.326
14315.3 141.26
14327.3 141.186
14339.3 141.103
14351.4 141.006
14363.4 140.884
14375.4 140.712
14387.4 140.595
14399.4 140.5
14411.4 140.417
14423.4 140.343
14435.4 140.276
14447.4 140.215
14459.5 140.16
14471.5 140.11
14483.5 140.064
14495.5 140.021
14507.5 139.981
14519.5 139.944
14531.5 139.911
14543.5 139.882
14555.6 139.857
14567.6 139.839
14579.6 139.838
14591.6 139.833
14603.6 139.815
14615.6 139.79
14627.6 139.762
14639.6 139.73
14651.7 139.693
14663.7 139.651
14675.7 139.601
14687.7 139.528
14699.7 139.472
14711.7 139.428
14723.7 139.389
14735.7 139.355
14747.7 139.325
14759.8 139.297
14771.8 139.273
14783.8 139.253
14795.8 139.236
14807.8 139.22
14819.8 139.206
14831.8 139.195
14843.8 139.186
14855.9 139.182
14867.9 139.184
14879.9 139.195
14891.9 139.227
14903.9 139.287
14915.9 139.297
14927.9 139.287
14939.9 139.263
14952 139.226
14964 139.177
14976 139.113
14988 139.033
15000 138.917
15012 138.795
15024 138.696
15036 138.602
15048 138.507
15060.1 138.41
15072.1 138.308
15084.1 138.197
15096.1 138.072
15108.1 137.904
15120.1 137.763
15132.1 137.644
15144.1 137.536
15156.2 137.434
15168.2 137.336
15180.2 137.241
15192.2 137.147
15204.2 137.053
15216.2 136.957
15228.2 136.863
15240.2 136.769
15252.3 136.674
15264.3 136.576
15276.3 136.474
15288.3 136.366
15300.3 136.248
15312.3 136.107
15324.3 135.935
15336.3 135.809
15348.3 135.7
15360.4 135.602
15372.4 135.512
15384.4 135.427
15396.4 135.348
15408.4 135.272
15420.4 135.197
15432.4 135.125
15444.4 135.062
15456.5 135.004
15468.5 134.951
15480.5 134.904
15492.5 134.862
15504.5 134.826
15516.5 134.8
15528.5 134.798
15540.5 134.785
15552.6 134.76
15564.6 134.731
15576.6 134.699
15588.6 134.667
15600.6 134.637
15612.6 134.61
15624.6 134.594
15636.6 134.61
15648.6 134.588
15660.7 134.543
15672.7 134.483
15684.7 134.411
15696.7 134.326
15708.7 134.229
15720.7 134.117
15732.7 133.982
15744.7 133.811
15756.8 133.678
15768.8 133.559
15780.8 133.448
15792.8 133.346
15804.8 133.252
15816.8 133.173
15828.8 133.116
15840.8 133.118
15852.9 133.153
15864.9 133.078
15876.9 132.959
15888.9 132.807
15900.9 132.627
15912.9 132.419
15924.9 132.183
15936.9 131.915
15948.9 131.585
15961 131.26
15973 130.948
15985 130.634
15997 130.313
16009 129.983
16021 129.64
16033 129.282
16045 128.902
16057.1 128.471
16069.1 128.074
16081.1 127.696
16093.1 127.327
16105.1 126.967
16117.1 126.615
16129.1 126.277
16141.1 125.961
16153.2 125.694
16165.2 125.531
16177.2 125.221
16189.2 124.846
16201.2 124.425
16213.2 123.968
16225.2 123.476
16237.2 122.952
16249.2 122.393
16261.3 121.787
16273.3 121.139
16285.3 120.516
16297.3 119.891
16309.3 119.261
16321.3 118.624
16333.3 117.984
16345.3 117.344
16357.4 116.716
16369.4 116.16
16381.4 115.55
16393.4 114.851
16405.4 114.1
16417.4 113.307
16429.4 112.475
16441.4 111.605
16453.5 110.698
16465.5 109.748
16477.5 108.733
16489.5 107.719
16501.5 106.697
16513.5 105.656
16525.5 104.594
16537.5 103.509
16549.5 102.397
16561.6 101.254
16573.6 100.068
16585.6 98.8082
16597.6 97.5965
16609.6 96.3965
16621.6 95.1982
16633.6 93.9985
16645.6 92.7964
16657.7 91.5931
16669.7 90.3922
16681.7 89.2074
16693.7 88.0416
16705.7 86.8135
16717.7 85.5561
16729.7 84.2759
16741.7 82.9756
16753.8 81.6569
16765.8 80.3207
16777.8 78.9676
16789.8 77.5968
16801.8 76.2114
16813.8 74.8133
16825.8 73.4016
16837.8 71.9761
16849.8 70.5365
16861.9 69.0823
16873.9 67.612
16885.9 66.1222
16897.9 64.5948
16909.9 63.0778
16921.9 61.5662
16933.9 60.0529
16945.9 58.5356
16958 57.0128
16970 55.4831
16982 53.9446
16994 52.393
17006 50.8165
17018 49.256
17030 47.6993
17042 46.1417
17054.1 44.5803
17066.1 43.0124
17078.1 41.434
17090.1 39.8379
17102.1 38.203
17114.1 36.5135
17126.1 34.908
17138.1 33.3323
17150.2 31.7741
17162.2 30.2266
17174.2 28.6839
17186.2 27.1387
17198.2 25.5775
17210.2 23.9454
17222.2 22.3165
17234.2 20.8117
17246.2 19.3637
17258.3 17.959
17270.3 16.5913
17282.3 15.2564
17294.3 13.9506
17306.3 12.669
17318.3 11.3901
17330.3 10.1652
17342.3 8.99287
17354.4 7.86515
17366.4 6.78094
17378.4 5.74148
17390.4 4.75035
17402.4 3.8153
17414.4 2.95719
17426.4 2.24864
17438.4 1.4515
17450.5 0.624432
17462.5 -0.208106
17474.5 -1.03716
17486.5 -1.85804
17498.5 -2.66795
17510.5 -3.46509
17522.5 -4.24859
17534.5 -5.01804
17546.5 -5.76926
17558.6 -6.50318
17570.6 -7.22006
17582.6 -7.92051
17594.6 -8.6059
17606.6 -9.27936
17618.6 -9.94883
17630.6 -10.65
17642.6 -11.3457
17654.7 -11.9051
17666.7 -12.3849
17678.7 -12.7896
17690.7 -13.1145
17702.7 -13.3465
17714.7 -13.4593
17726.7 -13.3891
17738.7 -12.7864
17750.8 -12.4679
17762.8 -12.4735
17774.8 -12.6397
17786.8 -12.9237
17798.8 -13.3097
17810.8 -13.7966
17822.8 -14.3985
17834.8 -15.1668
17846.8 -16.3183
17858.9 -17.1748
17870.9 -17.8802
17882.9 -18.5082
17894.9 -19.084
17906.9 -19.6205
17918.9 -20.1252
17930.9 -20.6031
17942.9 -21.0576
17955 -21.4913
17967 -21.906
17979 -22.3034
17991 -22.6845
18003 -23.0505
18015 -23.402
18027 -23.74
18039 -24.0649
18051.1 -24.3773
18063.1 -24.6778
18075.1 -24.9668
18087.1 -25.2446
18099.1 -25.5117
18111.1 -25.7683
18123.1 -26.0149
18135.1 -26.2516
18147.1 -26.4789
18159.2 -26.697
18171.2 -26.906
18183.2 -27.1063
18195.2 -27.2982
18207.2 -27.4817
18219.2 -27.6572
18231.2 -27.8248
18243.2 -27.9848
18255.3 -28.1374
18267.3 -28.2827
18279.3 -28.4209
18291.3 -28.5522
18303.3 -28.6768
18315.3 -28.7949
18327.3 -28.9066
18339.3 -29.012
18351.4 -29.1114
18363.4 -29.2049
18375.4 -29.2926
18387.4 -29.3747
18399.4 -29.4514
18411.4 -29.5227
18423.4 -29.5889
18435.4 -29.6499
18447.4 -29.7061
18459.5 -29.7574
18471.5 -29.8041
18483.5 -29.8463
18495.5 -29.884
18507.5 -29.9174
18519.5 -29.9466
18531.5 -29.9717
18543.5 -29.9928
18555.6 -30.0101
18567.6 -30.0236
18579.6 -30.0334
18591.6 -30.0397
18603.6 -30.0425
18615.6 -30.042
18627.6 -30.0381
18639.6 -30.0311
18651.7 -30.021
18663.7 -30.0079
18675.7 -29.9918
18687.7 -29.9729
18699.7 -29.9513
18711.7 -29.927
18723.7 -29.9001
18735.7 -29.8706
18747.7 -29.8387
18759.8 -29.8044
18771.8 -29.7679
18783.8 -29.729
18795.8 -29.688
18807.8 -29.6449
18819.8 -29.5998
18831.8 -29.5527
18843.8 -29.5036
18855.9 -29.4527
18867.9 -29.4
18879.9 -29.3456
18891.9 -29.2895
18903.9 -29.2317
18915.9 -29.1724
18927.9 -29.1115
18939.9 -29.0492
18952 -28.9854
18964 -28.9203
18976 -28.8538
18988 -28.786
19000 -28.717
