7000 -85.3737
7012.01 -84.9421
7024.02 -84.4932
7036.04 -84.0267
7048.05 -83.5424
7060.06 -83.04
7072.07 -82.5192
7084.08 -81.9797
7096.1 -81.4213
7108.11 -80.8436
7120.12 -80.2464
7132.13 -79.6293
7144.14 -78.9922
7156.16 -78.3346
7168.17 -77.6563
7180.18 -76.957
7192.19 -76.2364
7204.2 -75.4942
7216.22 -74.7301
7228.23 -73.9439
7240.24 -73.1351
7252.25 -72.3036
7264.26 -71.4489
7276.28 -70.5709
7288.29 -69.6692
7300.3 -68.7435
7312.31 -67.7935
7324.32 -66.819
7336.34 -65.8195
7348.35 -64.7949
7360.36 -63.7448
7372.37 -62.6689
7384.38 -61.567
7396.4 -60.4387
7408.41 -59.2837
7420.42 -58.1019
7432.43 -56.8927
7444.44 -55.6561
7456.46 -54.3917
7468.47 -53.0992
7480.48 -52.6272
7492.49 -52.7807
7504.5 -52.9102
7516.52 -53.0154
7528.53 -53.0959
7540.54 -53.1516
7552.55 -53.1822
7564.56 -53.1875
7576.58 -53.1672
7588.59 -50.3364
7600.6 -46.784
7612.61 -43.1943
7624.62 -39.5672
7636.64 -35.9024
7648.65 -32.1996
7660.66 -28.4588
7672.67 -24.6797
7684.68 -20.9204
7696.7 -18.5399
7708.71 -16.1252
7720.72 -13.6762
7732.73 -11.1927
7744.74 -8.67462
7756.76 -6.1218
7768.77 -3.53413
7780.78 -0.911522
7792.79 1.68954
7804.8 4.17737
7816.82 6.69974
7828.83 9.25669
7840.84 11.8483
7852.85 14.4745
7864.86 17.1354
7876.88 19.8309
7888.89 22.561
7900.9 25.1769
7912.91 27.6852
7924.92 30.2272
7936.94 32.8026
7948.95 35.4114
7960.96 38.0535
7972.97 40.7288
7984.98 43.437
7997 46.178
8009.01 48.6513
8021.02 51.0558
8033.03 53.4913
8045.05 55.9575
8057.06 58.4541
8069.07 60.9808
8081.08 63.5374
8093.09 66.1234
8105.11 68.7385
8117.12 71.8126
8129.13 74.9219
8141.14 78.0603
8153.15 81.2275
8165.17 84.4228
8177.18 87.6459
8189.19 90.8962
8201.2 94.1731
8213.21 97.2705
8225.23 99.677
8237.24 102.106
8249.25 104.556
8261.26 107.027
8273.27 109.518
8285.29 112.028
8297.3 114.557
8309.31 117.103
8321.32 120.287
8333.33 124.216
8345.35 128.164
8357.36 132.131
8369.37 136.115
8381.38 140.115
8393.39 144.131
8405.41 148.161
8417.42 152.204
8429.43 153.982
8441.44 154.776
8453.45 155.571
8465.47 156.365
8477.48 157.159
8489.49 157.949
8501.5 158.736
8513.51 159.518
8525.53 160.294
8537.54 165.611
8549.55 171.255
8561.56 176.902
8573.57 182.552
8585.59 188.203
8597.6 193.854
8609.61 199.503
8621.62 205.149
8633.63 209.886
8645.65 210.224
8657.66 210.54
8669.67 210.833
8681.68 211.101
8693.69 211.343
8705.71 211.557
8717.72 211.741
8729.73 211.895
8741.74 213.416
8753.75 216.938
8765.77 220.434
8777.78 223.903
8789.79 227.344
8801.8 230.754
8813.81 234.132
8825.83 237.477
8837.84 240.787
8849.85 244.06
8861.86 247.296
8873.87 250.493
8885.89 253.649
8897.9 256.763
8909.91 259.834
8921.92 262.859
8933.93 265.838
8945.95 268.77
8957.96 271.652
8969.97 274.484
8981.98 277.265
8993.99 279.992
9006.01 282.665
9018.02 285.283
9030.03 287.844
9042.04 290.347
9054.05 292.791
9066.07 295.175
9078.08 297.497
9090.09 299.757
9102.1 301.954
9114.11 304.087
9126.13 306.155
9138.14 308.156
9150.15 310.091
9162.16 311.958
9174.17 313.756
9186.19 315.485
9198.2 317.144
9210.21 318.733
9222.22 320.25
9234.23 321.696
9246.25 323.069
9258.26 324.37
9270.27 325.598
9282.28 326.752
9294.29 327.832
9306.31 328.839
9318.32 329.771
9330.33 330.629
9342.34 331.413
9354.35 332.122
9366.37 332.756
9378.38 333.316
9390.39 333.802
9402.4 334.213
9414.41 334.55
9426.43 334.814
9438.44 335.003
9450.45 335.12
9462.46 335.164
9474.47 335.136
9486.49 335.035
9498.5 334.864
9510.51 334.621
9522.52 334.309
9534.53 333.926
9546.55 333.476
9558.56 332.957
9570.57 332.371
9582.58 331.718
9594.59 331
9606.61 330.217
9618.62 329.371
9630.63 328.462
9642.64 327.491
9654.65 326.46
9666.67 325.369
9678.68 324.22
9690.69 323.014
9702.7 321.751
9714.71 320.434
9726.73 319.063
9738.74 317.64
9750.75 316.166
9762.76 314.642
9774.77 313.07
9786.79 311.451
9798.8 309.786
9810.81 308.077
9822.82 306.326
9834.83 304.533
9846.85 302.699
9858.86 300.828
9870.87 298.92
9882.88 296.976
9894.89 294.998
9906.91 292.987
9918.92 290.946
9930.93 288.875
9942.94 286.776
9954.95 284.651
9966.97 282.501
9978.98 280.328
9990.99 278.132
10003 275.917
10015 273.683
10027 271.431
10039 269.164
10051.1 266.883
10063.1 264.589
10075.1 262.285
10087.1 259.97
10099.1 257.648
10111.1 255.318
10123.1 252.984
10135.1 250.646
10147.1 248.307
10159.2 245.966
10171.2 243.626
10183.2 241.289
10195.2 238.955
10207.2 236.626
10219.2 234.303
10231.2 231.988
10243.2 229.683
10255.3 227.388
10267.3 225.105
10279.3 222.835
10291.3 220.58
10303.3 218.34
10315.3 216.118
10327.3 213.914
10339.3 211.729
10351.4 209.566
10363.4 207.424
10375.4 205.306
10387.4 203.211
10399.4 201.143
10411.4 199.1
10423.4 197.086
10435.4 195.1
10447.4 193.144
10459.5 191.219
10471.5 189.326
10483.5 187.465
10495.5 185.639
10507.5 183.847
10519.5 182.09
10531.5 180.371
10543.5 178.688
10555.6 177.044
10567.6 175.438
10579.6 173.873
10591.6 172.348
10603.6 170.864
10615.6 169.422
10627.6 168.022
10639.6 166.666
10651.7 165.353
10663.7 164.085
10675.7 162.861
10687.7 161.682
10699.7 160.549
10711.7 159.462
10723.7 158.421
10735.7 157.426
10747.7 156.478
10759.8 155.578
10771.8 154.724
10783.8 153.917
10795.8 153.158
10807.8 152.446
10819.8 151.78
10831.8 151.162
10843.8 150.59
10855.9 150.064
10867.9 149.585
10879.9 149.15
10891.9 148.761
10903.9 148.532
10915.9 148.383
10927.9 148.277
10939.9 148.213
10952 148.191
10964 148.209
10976 148.267
10988 148.362
11000 148.495
11012 148.624
11024 148.786
11036 148.981
11048 149.206
11060.1 149.46
11072.1 149.741
11084.1 150.047
11096.1 150.376
11108.1 150.667
11120.1 150.782
11132.1 150.912
11144.1 151.056
11156.2 151.21
11168.2 151.373
11180.2 151.54
11192.2 151.709
11204.2 151.879
11216.2 152.026
11228.2 152.147
11240.2 152.258
11252.3 152.356
11264.3 152.44
11276.3 152.504
11288.3 152.547
11300.3 152.564
11312.3 152.554
11324.3 152.577
11336.3 152.591
11348.3 152.569
11360.4 152.506
11372.4 152.402
11384.4 152.251
11396.4 152.053
11408.4 151.804
11420.4 151.502
11432.4 150.4
11444.4 149.194
11456.5 147.927
11468.5 146.597
11480.5 145.202
11492.5 143.741
11504.5 142.213
11516.5 140.616
11528.5 139.061
11540.5 137.923
11552.6 136.716
11564.6 135.44
11576.6 134.093
11588.6 132.678
11600.6 131.193
11612.6 129.639
11624.6 128.017
11636.6 126.432
11648.6 124.926
11660.7 123.355
11672.7 121.722
11684.7 120.027
11696.7 118.273
11708.7 116.462
11720.7 114.595
11732.7 112.675
11744.7 110.567
11756.8 108.339
11768.8 106.065
11780.8 103.747
11792.8 101.386
11804.8 98.9866
11816.8 96.5505
11828.8 94.0803
11840.8 91.5789
11852.9 89.2192
11864.9 86.8537
11876.9 84.4653
11888.9 82.0564
11900.9 79.6296
11912.9 77.1874
11924.9 74.7324
11936.9 72.267
11948.9 69.7819
11961 67.2128
11973 64.64
11985 62.0656
11997 59.4918
12009 56.9205
12021 54.3536
12033 51.7931
12045 49.2407
12057.1 46.7246
12069.1 44.2647
12081.1 41.8178
12093.1 39.3855
12105.1 36.969
12117.1 34.5697
12129.1 32.1887
12141.1 29.8272
12153.2 27.4862
12165.2 24.6067
12177.2 21.3821
12189.2 18.1789
12201.2 14.9978
12213.2 11.8397
12225.2 8.70497
12237.2 5.59434
12249.2 2.50829
12261.3 -0.552718
12273.3 -3.25407
12285.3 -5.86457
12297.3 -8.44819
12309.3 -11.0047
12321.3 -13.5338
12333.3 -16.0354
12345.3 -18.5093
12357.4 -20.9554
12369.4 -23.3452
12381.4 -25.3814
12393.4 -27.389
12405.4 -29.3681
12417.4 -31.3188
12429.4 -33.2411
12441.4 -35.1351
12453.5 -37.001
12465.5 -38.839
12477.5 -40.3448
12489.5 -41.1584
12501.5 -41.9427
12513.5 -42.698
12525.5 -43.4245
12537.5 -44.1223
12549.5 -44.7919
12561.6 -45.4334
12573.6 -46.0472
12585.6 -47.0022
12597.6 -48.2249
12609.6 -49.4219
12621.6 -50.5936
12633.6 -51.7403
12645.6 -52.8623
12657.7 -53.96
12669.7 -55.0335
12681.7 -56.0834
12693.7 -57.0928
12705.7 -58.0747
12717.7 -59.0337
12729.7 -59.9703
12741.7 -60.8848
12753.8 -61.7775
12765.8 -62.6487
12777.8 -63.4988
12789.8 -64.339
12801.8 -65.6005
12813.8 -66.8427
12825.8 -68.066
12837.8 -69.2705
12849.8 -70.4568
12861.9 -71.625
12873.9 -72.7755
12885.9 -73.9086
12897.9 -74.9024
12909.9 -75.5417
12921.9 -76.1637
12933.9 -76.7687
12945.9 -77.3569
12958 -77.9287
12970 -78.4843
12982 -79.0241
12994 -79.5482
13006 -80.3428
13018 -81.4088
13030 -82.4612
13042 -83.5001
13054.1 -84.5258
13066.1 -85.5386
13078.1 -86.5388
13090.1 -87.5266
13102.1 -88.5023
13114.1 -89.4745
13126.1 -90.4382
13138.1 -91.3905
13150.2 -92.3316
13162.2 -93.2618
13174.2 -94.1814
13186.2 -95.0905
13198.2 -95.9893
13210.2 -96.8782
13222.2 -97.8533
13234.2 -98.8214
13246.2 -99.7803
13258.3 -100.73
13270.3 -101.671
13282.3 -102.604
13294.3 -103.528
13306.3 -104.444
13318.3 -105.328
13330.3 -106.112
13342.3 -106.889
13354.4 -107.658
13366.4 -108.419
13378.4 -109.173
13390.4 -109.92
13402.4 -110.66
13414.4 -111.393
13426.4 -111.453
13438.4 -110.668
13450.5 -109.874
13462.5 -109.071
13474.5 -108.259
13486.5 -107.439
13498.5 -106.611
13510.5 -105.774
13522.5 -104.93
13534.5 -104.542
13546.5 -104.36
13558.6 -104.171
13570.6 -103.977
13582.6 -103.776
13594.6 -103.57
13606.6 -103.358
13618.6 -103.14
13630.6 -102.917
13642.6 -103.083
13654.7 -103.28
13666.7 -103.472
13678.7 -103.66
13690.7 -103.845
13702.7 -104.025
13714.7 -104.201
13726.7 -104.374
13738.7 -104.624
13750.8 -105.293
13762.8 -105.96
13774.8 -106.625
13786.8 -107.287
13798.8 -107.948
13810.8 -108.606
13822.8 -109.262
13834.8 -109.917
13846.8 -110.749
13858.9 -111.852
13870.9 -112.955
13882.9 -114.058
13894.9 -115.16
13906.9 -116.262
13918.9 -117.363
13930.9 -118.465
13942.9 -119.567
13955 -120.82
13967 -122.162
13979 -123.506
13991 -124.85
14003 -126.195
14015 -127.541
14027 -128.889
14039 -130.238
14051.1 -131.588
14063.1 -132.992
14075.1 -134.404
14087.1 -135.819
14099.1 -137.236
14111.1 -138.654
14123.1 -140.075
14135.1 -141.498
14147.1 -142.923
14159.2 -144.167
14171.2 -143.837
14183.2 -143.507
14195.2 -143.177
14207.2 -142.847
14219.2 -142.516
14231.2 -142.186
14243.2 -141.855
14255.3 -141.525
14267.3 -141.133
14279.3 -140.618
14291.3 -140.103
14303.3 -139.589
14315.3 -139.075
14327.3 -138.562
14339.3 -138.049
14351.4 -137.537
14363.4 -137.026
14375.4 -136.964
14387.4 -137.228
14399.4 -137.495
14411.4 -137.764
14423.4 -138.036
14435.4 -138.311
14447.4 -138.589
14459.5 -138.87
14471.5 -139.154
14483.5 -139.587
14495.5 -140.058
14507.5 -140.532
14519.5 -141.01
14531.5 -141.492
14543.5 -141.978
14555.6 -142.469
14567.6 -142.964
14579.6 -143.502
14591.6 -144.687
14603.6 -145.878
14615.6 -147.075
14627.6 -148.278
14639.6 -149.487
14651.7 -150.703
14663.7 -151.925
14675.7 -153.154
14687.7 -154.575
14699.7 -156.453
14711.7 -158.34
14723.7 -160.236
14735.7 -162.139
14747.7 -164.052
14759.8 -165.973
14771.8 -167.903
14783.8 -169.842
14795.8 -171.452
14807.8 -172.764
14819.8 -174.084
14831.8 -175.412
14843.8 -176.75
14855.9 -178.097
14867.9 -179.452
14879.9 -180.818
14891.9 -182.192
14903.9 -182.23
14915.9 -181.864
14927.9 -181.505
14939.9 -181.154
14952 -180.81
14964 -180.474
14976 -180.146
14988 -179.827
15000 -179.515
15012 -179.276
15024 -179.046
15036 -178.825
15048 -178.613
15060.1 -178.411
15072.1 -178.219
15084.1 -178.037
15096.1 -177.865
15108.1 -177.795
15120.1 -178.04
15132.1 -178.296
15144.1 -178.563
15156.2 -178.843
15168.2 -179.135
15180.2 -179.44
15192.2 -179.758
15204.2 -180.089
15216.2 -180.752
15228.2 -181.781
15240.2 -182.825
15252.3 -183.884
15264.3 -184.959
15276.3 -186.049
15288.3 -187.156
15300.3 -188.279
15312.3 -189.419
15324.3 -190.909
15336.3 -192.553
15348.3 -194.215
15360.4 -195.896
15372.4 -197.596
15384.4 -199.315
15396.4 -201.054
15408.4 -202.812
15420.4 -204.591
15432.4 -207.108
15444.4 -209.69
15456.5 -212.294
15468.5 -214.921
15480.5 -217.571
15492.5 -220.244
15504.5 -222.94
15516.5 -225.661
15528.5 -228.066
15540.5 -229.003
15552.6 -229.962
15564.6 -230.944
15576.6 -231.948
15588.6 -232.975
15600.6 -234.026
15612.6 -235.1
15624.6 -236.198
15636.6 -236.66
15648.6 -236.23
15660.7 -235.823
15672.7 -235.438
15684.7 -235.077
15696.7 -234.738
15708.7 -234.423
15720.7 -234.132
15732.7 -233.865
15744.7 -233.959
15756.8 -234.25
15768.8 -234.567
15780.8 -234.91
15792.8 -235.278
15804.8 -235.671
15816.8 -236.091
15828.8 -236.536
15840.8 -237.008
15852.9 -238.635
15864.9 -240.422
15876.9 -242.237
15888.9 -244.08
15900.9 -245.95
15912.9 -247.848
15924.9 -249.773
15936.9 -251.725
15948.9 -253.745
15961 -256.066
15973 -258.414
15985 -260.788
15997 -263.187
16009 -265.612
16021 -268.061
16033 -270.533
16045 -273.029
16057.1 -275.688
16069.1 -278.607
16081.1 -281.548
16093.1 -284.509
16105.1 -287.488
16117.1 -290.484
16129.1 -293.497
16141.1 -296.525
16153.2 -299.567
16165.2 -302.449
16177.2 -305.229
16189.2 -308.017
16201.2 -310.812
16213.2 -313.611
16225.2 -316.413
16237.2 -319.214
16249.2 -322.014
16261.3 -324.809
16273.3 -325.404
16285.3 -325.564
16297.3 -325.708
16309.3 -325.834
16321.3 -325.939
16333.3 -326.02
16345.3 -326.075
16357.4 -326.1
16369.4 -326.16
16381.4 -326.966
16393.4 -327.734
16405.4 -328.461
16417.4 -329.144
16429.4 -329.779
16441.4 -330.363
16453.5 -330.893
16465.5 -331.366
16477.5 -332.101
16489.5 -333.476
16501.5 -334.786
16513.5 -336.027
16525.5 -337.196
16537.5 -338.289
16549.5 -339.303
16561.6 -340.236
16573.6 -341.085
16585.6 -342.465
16597.6 -344.249
16609.6 -345.942
16621.6 -347.543
16633.6 -349.048
16645.6 -350.457
16657.7 -351.767
16669.7 -352.976
16681.7 -354.084
16693.7 -356.5
16705.7 -359.188
16717.7 -361.775
16729.7 -364.258
16741.7 -366.638
16753.8 -368.914
16765.8 -371.087
16777.8 -373.157
16789.8 -375.126
16801.8 -377.07
16813.8 -378.913
16825.8 -380.657
16837.8 -382.301
16849.8 -383.849
16861.9 -385.302
16873.9 -386.661
16885.9 -387.928
16897.9 -388.497
16909.9 -387.297
16921.9 -386.008
16933.9 -384.635
16945.9 -383.179
16958 -381.644
16970 -380.032
16982 -378.347
16994 -376.591
17006 -374.818
17018 -373.031
17030 -371.182
17042 -369.276
17054.1 -367.315
17066.1 -365.303
17078.1 -363.243
17090.1 -361.138
17102.1 -358.991
17114.1 -357.115
17126.1 -355.316
17138.1 -353.484
17150.2 -351.624
17162.2 -349.738
17174.2 -347.828
17186.2 -345.898
17198.2 -343.95
17210.2 -341.987
17222.2 -340.068
17234.2 -338.141
17246.2 -336.206
17258.3 -334.266
17270.3 -332.322
17282.3 -330.377
17294.3 -328.433
17306.3 -326.492
17318.3 -324.643
17330.3 -323.13
17342.3 -321.626
17354.4 -320.132
17366.4 -318.65
17378.4 -317.18
17390.4 -315.725
17402.4 -314.285
17414.4 -312.862
17426.4 -311.422
17438.4 -309.956
17450.5 -308.511
17462.5 -307.085
17474.5 -305.681
17486.5 -304.298
17498.5 -302.939
17510.5 -301.602
17522.5 -300.289
17534.5 -297.083
17546.5 -293.018
17558.6 -288.974
17570.6 -284.952
17582.6 -280.952
17594.6 -276.974
17606.6 -273.019
17618.6 -269.086
17630.6 -265.177
17642.6 -261.084
17654.7 -256.995
17666.7 -252.929
17678.7 -248.886
17690.7 -244.866
17702.7 -240.869
17714.7 -236.895
17726.7 -232.943
17738.7 -229.067
17750.8 -225.49
17762.8 -221.936
17774.8 -218.404
17786.8 -214.895
17798.8 -211.408
17810.8 -207.944
17822.8 -204.501
17834.8 -201.081
17846.8 -198.212
17858.9 -196.176
17870.9 -194.164
17882.9 -192.175
17894.9 -190.208
17906.9 -188.263
17918.9 -186.34
17930.9 -184.439
17942.9 -182.56
17955 -181.032
17967 -179.719
17979 -178.429
17991 -177.159
18003 -175.91
18015 -174.682
18027 -173.474
18039 -172.286
18051.1 -171.118
18063.1 -169.41
18075.1 -167.638
18087.1 -165.884
18099.1 -164.147
18111.1 -162.429
18123.1 -160.727
18135.1 -159.043
18147.1 -157.376
18159.2 -155.638
18171.2 -153.175
18183.2 -150.727
18195.2 -148.294
18207.2 -145.876
18219.2 -143.471
18231.2 -141.081
18243.2 -138.704
18255.3 -136.34
18267.3 -133.887
18279.3 -131.246
18291.3 -128.617
18303.3 -126
18315.3 -123.395
18327.3 -120.802
18339.3 -118.22
18351.4 -115.649
18363.4 -113.089
18375.4 -111.004
18387.4 -109.266
18399.4 -107.539
18411.4 -105.824
18423.4 -104.119
18435.4 -102.425
18447.4 -100.742
18459.5 -99.0696
18471.5 -97.4071
18483.5 -96.0536
18495.5 -94.7785
18507.5 -93.5137
18519.5 -92.2588
18531.5 -91.0138
18543.5 -89.7784
18555.6 -88.5525
18567.6 -87.3359
18579.6 -86.1429
18591.6 -85.1977
18603.6 -84.2618
18615.6 -83.3349
18627.6 -82.4168
18639.6 -81.5075
18651.7 -80.6068
18663.7 -79.7145
18675.7 -78.8306
18687.7 -78.1498
18699.7 -77.954
18711.7 -77.7669
18723.7 -77.5885
18735.7 -77.4187
18747.7 -77.2572
18759.8 -77.1039
18771.8 -76.9589
18783.8 -76.8218
18795.8 -76.2043
18807.8 -75.1501
18819.8 -74.1025
18831.8 -73.0613
18843.8 -72.0263
18855.9 -70.9975
18867.9 -69.9748
18879.9 -68.958
18891.9 -67.947
18903.9 -66.7021
18915.9 -65.3894
18927.9 -64.0818
18939.9 -62.7793
18952 -61.4817
18964 -60.1891
18976 -58.9012
18988 -57.6181
19000 -56.3396
