7000 -134.246
7012.01 -133.909
7024.02 -133.553
7036.04 -133.178
7048.05 -132.783
7060.06 -132.369
7072.07 -131.935
7084.08 -131.48
7096.1 -131.005
7108.11 -130.509
7120.12 -129.992
7132.13 -129.454
7144.14 -128.893
7156.16 -128.311
7168.17 -127.707
7180.18 -127.08
7192.19 -126.43
7204.2 -125.758
7216.22 -125.062
7228.23 -124.342
7240.24 -123.598
7252.25 -122.831
7264.26 -122.038
7276.28 -121.222
7288.29 -120.38
7300.3 -119.513
7312.31 -118.62
7324.32 -117.702
7336.34 -116.757
7348.35 -115.787
7360.36 -114.789
7372.37 -113.765
7384.38 -112.714
7396.4 -111.636
7408.41 -110.53
7420.42 -109.397
7432.43 -108.235
7444.44 -107.045
7456.46 -105.827
7468.47 -104.58
7480.48 -103.883
7492.49 -103.604
7504.5 -103.298
7516.52 -102.966
7528.53 -102.607
7540.54 -102.222
7552.55 -101.811
7564.56 -101.372
7576.58 -100.906
7588.59 -98.2621
7600.6 -95.0534
7612.61 -91.8086
7624.62 -88.5277
7636.64 -85.2106
7648.65 -81.857
7660.66 -78.4669
7672.67 -75.0403
7684.68 -71.6288
7696.7 -69.4419
7708.71 -67.2224
7720.72 -64.9701
7732.73 -62.6849
7744.74 -60.3668
7756.76 -58.0159
7768.77 -55.632
7780.78 -53.2153
7792.79 -50.8305
7804.8 -48.5832
7816.82 -46.3037
7828.83 -43.9921
7840.84 -41.6485
7852.85 -39.273
7864.86 -36.8657
7876.88 -34.4265
7888.89 -31.9558
7900.9 -29.5626
7912.91 -27.2422
7924.92 -24.8912
7936.94 -22.5099
7948.95 -20.0983
7960.96 -17.6568
7972.97 -15.1856
7984.98 -12.6848
7997 -10.1548
8009.01 -7.82146
8021.02 -5.53543
8033.03 -3.22192
8045.05 -0.881254
8057.06 1.48622
8069.07 3.88015
8081.08 6.30015
8093.09 8.74584
8105.11 11.2168
8117.12 14.0295
8129.13 16.8717
8141.14 19.7387
8153.15 22.6301
8165.17 25.5454
8177.18 28.4841
8189.19 31.4456
8201.2 34.4293
8213.21 37.3464
8225.23 39.9768
8237.24 42.6265
8249.25 45.2949
8261.26 47.9813
8273.27 50.6851
8285.29 53.4055
8297.3 56.142
8309.31 58.8937
8321.32 61.9718
8333.33 65.4304
8345.35 68.904
8357.36 72.3918
8369.37 75.8929
8381.38 79.4066
8393.39 82.9319
8405.41 86.4681
8417.42 90.0142
8429.43 92.0391
8441.44 93.4035
8453.45 94.7688
8465.47 96.1343
8477.48 97.4989
8489.49 98.8618
8501.5 100.222
8513.51 101.578
8525.53 102.93
8537.54 107.534
8549.55 112.372
8561.56 117.212
8573.57 122.052
8585.59 126.893
8597.6 131.733
8609.61 136.571
8621.62 141.406
8633.63 145.51
8645.65 146.082
8657.66 146.635
8669.67 147.17
8681.68 147.684
8693.69 148.177
8705.71 148.647
8717.72 149.094
8729.73 149.517
8741.74 151.118
8753.75 154.446
8765.77 157.754
8777.78 161.041
8789.79 164.307
8801.8 167.55
8813.81 170.769
8825.83 173.963
8837.84 177.132
8849.85 180.274
8861.86 183.387
8873.87 186.472
8885.89 189.527
8897.9 192.551
8909.91 195.544
8921.92 198.504
8933.93 201.43
8945.95 204.321
8957.96 207.178
8969.97 209.998
8981.98 212.78
8993.99 215.525
9006.01 218.231
9018.02 220.898
9030.03 223.524
9042.04 226.109
9054.05 228.653
9066.07 231.154
9078.08 233.611
9090.09 236.025
9102.1 238.395
9114.11 240.719
9126.13 242.998
9138.14 245.231
9150.15 247.417
9162.16 249.556
9174.17 251.647
9186.19 253.69
9198.2 255.685
9210.21 257.631
9222.22 259.528
9234.23 261.376
9246.25 263.173
9258.26 264.921
9270.27 266.619
9282.28 268.266
9294.29 269.863
9306.31 271.409
9318.32 272.904
9330.33 274.348
9342.34 275.742
9354.35 277.085
9366.37 278.377
9378.38 279.618
9390.39 280.808
9402.4 281.948
9414.41 283.038
9426.43 284.077
9438.44 285.067
9450.45 286.006
9462.46 286.897
9474.47 287.738
9486.49 288.53
9498.5 289.274
9510.51 289.969
9522.52 290.617
9534.53 291.218
9546.55 291.772
9558.56 292.28
9570.57 292.742
9582.58 293.158
9594.59 293.531
9606.61 293.859
9618.62 294.143
9630.63 294.385
9642.64 294.585
9654.65 294.744
9666.67 294.861
9678.68 294.939
9690.69 294.978
9702.7 294.978
9714.71 294.94
9726.73 294.865
9738.74 294.755
9750.75 294.609
9762.76 294.428
9774.77 294.214
9786.79 293.968
9798.8 293.69
9810.81 293.381
9822.82 293.042
9834.83 292.674
9846.85 292.278
9858.86 291.855
9870.87 291.405
9882.88 290.931
9894.89 290.432
9906.91 289.911
9918.92 289.367
9930.93 288.802
9942.94 288.216
9954.95 287.612
9966.97 286.989
9978.98 286.349
9990.99 285.694
10003 285.023
10015 284.338
10027 283.64
10039 282.93
10051.1 282.209
10063.1 281.479
10075.1 280.739
10087.1 279.992
10099.1 279.238
10111.1 278.478
10123.1 277.713
10135.1 276.945
10147.1 276.174
10159.2 275.401
10171.2 274.628
10183.2 273.855
10195.2 273.084
10207.2 272.315
10219.2 271.549
10231.2 270.787
10243.2 270.031
10255.3 269.281
10267.3 268.539
10279.3 267.804
10291.3 267.079
10303.3 266.364
10315.3 265.659
10327.3 264.967
10339.3 264.287
10351.4 263.621
10363.4 262.97
10375.4 262.333
10387.4 261.713
10399.4 261.111
10411.4 260.525
10423.4 259.959
10435.4 259.412
10447.4 258.885
10459.5 258.379
10471.5 257.895
10483.5 257.433
10495.5 256.994
10507.5 256.579
10519.5 256.188
10531.5 255.822
10543.5 255.481
10555.6 255.166
10567.6 254.878
10579.6 254.617
10591.6 254.384
10603.6 254.178
10615.6 254.001
10627.6 253.853
10639.6 253.734
10651.7 253.644
10663.7 253.584
10675.7 253.554
10687.7 253.554
10699.7 253.584
10711.7 253.645
10723.7 253.735
10735.7 253.857
10747.7 254.009
10759.8 254.191
10771.8 254.403
10783.8 254.645
10795.8 254.917
10807.8 255.219
10819.8 255.549
10831.8 255.908
10843.8 256.296
10855.9 256.711
10867.9 257.153
10879.9 257.621
10891.9 258.115
10903.9 258.29
10915.9 258.383
10927.9 258.498
10939.9 258.634
10952 258.789
10964 258.963
10976 259.155
10988 259.363
11000 259.586
11012 260.042
11024 260.511
11036 260.991
11048 261.479
11060.1 261.974
11072.1 262.475
11084.1 262.979
11096.1 263.484
11108.1 263.974
11120.1 264.414
11132.1 264.848
11144.1 265.275
11156.2 265.692
11168.2 266.098
11180.2 266.489
11192.2 266.863
11204.2 267.219
11216.2 267.692
11228.2 268.296
11240.2 268.874
11252.3 269.423
11264.3 269.941
11276.3 270.426
11288.3 270.875
11300.3 271.285
11312.3 271.655
11324.3 272.158
11336.3 272.687
11348.3 273.169
11360.4 273.601
11372.4 273.982
11384.4 274.309
11396.4 274.58
11408.4 274.793
11420.4 274.947
11432.4 273.927
11444.4 272.776
11456.5 271.559
11468.5 270.273
11480.5 268.918
11492.5 267.493
11504.5 265.997
11516.5 264.428
11528.5 262.939
11540.5 262.045
11552.6 261.079
11564.6 260.041
11576.6 258.931
11588.6 257.75
11600.6 256.497
11612.6 255.174
11624.6 253.781
11636.6 252.374
11648.6 250.978
11660.7 249.514
11672.7 247.985
11684.7 246.39
11696.7 244.732
11708.7 243.012
11720.7 241.231
11732.7 239.392
11744.7 237.172
11756.8 234.731
11768.8 232.237
11780.8 229.69
11792.8 227.093
11804.8 224.448
11816.8 221.758
11828.8 219.024
11840.8 216.249
11852.9 213.775
11864.9 211.304
11876.9 208.8
11888.9 206.265
11900.9 203.701
11912.9 201.11
11924.9 198.494
11936.9 195.856
11948.9 193.19
11961 190.447
11973 187.689
11985 184.918
11997 182.134
12009 179.341
12021 176.54
12033 173.733
12045 170.922
12057.1 168.197
12069.1 165.622
12081.1 163.049
12093.1 160.478
12105.1 157.913
12117.1 155.354
12129.1 152.803
12141.1 150.262
12153.2 147.73
12165.2 144.434
12177.2 140.643
12189.2 136.862
12201.2 133.094
12213.2 129.34
12225.2 125.601
12237.2 121.876
12249.2 118.168
12261.3 114.478
12273.3 111.668
12285.3 109.045
12297.3 106.444
12309.3 103.864
12321.3 101.306
12333.3 98.7715
12345.3 96.2598
12357.4 93.7719
12369.4 91.3057
12381.4 88.8391
12393.4 86.3971
12405.4 83.9799
12417.4 81.5878
12429.4 79.221
12441.4 76.8796
12453.5 74.5638
12465.5 72.2737
12477.5 70.2486
12489.5 68.7717
12501.5 67.3221
12513.5 65.8999
12525.5 64.505
12537.5 63.1374
12549.5 61.797
12561.6 60.4838
12573.6 59.1977
12585.6 57.5866
12597.6 55.721
12609.6 53.8809
12621.6 52.0662
12633.6 50.2768
12645.6 48.5124
12657.7 46.7731
12669.7 45.0584
12681.7 43.3684
12693.7 41.7326
12705.7 40.129
12717.7 38.5495
12729.7 36.9937
12741.7 35.4615
12753.8 33.9527
12765.8 32.4669
12777.8 31.0041
12789.8 29.5528
12801.8 27.6775
12813.8 25.8235
12825.8 23.9906
12837.8 22.1784
12849.8 20.3867
12861.9 18.6154
12873.9 16.864
12885.9 15.1324
12897.9 13.5973
12909.9 12.5704
12921.9 11.5638
12933.9 10.5771
12945.9 9.61011
12958 8.66258
12970 7.73425
12982 6.82485
12994 5.93415
13006 4.74101
13018 3.24429
13030 1.76432
13042 0.300849
13054.1 -1.14636
13066.1 -2.57756
13078.1 -3.993
13090.1 -5.3929
13102.1 -6.77752
13114.1 -8.23086
13126.1 -9.69997
13138.1 -11.1547
13150.2 -12.5953
13162.2 -14.022
13174.2 -15.4349
13186.2 -16.8345
13198.2 -18.2207
13210.2 -19.594
13222.2 -20.8955
13234.2 -22.1829
13246.2 -23.4578
13258.3 -24.7204
13270.3 -25.9709
13282.3 -27.2096
13294.3 -28.4366
13306.3 -29.6521
13318.3 -30.8508
13330.3 -32.0177
13342.3 -33.1736
13354.4 -34.3188
13366.4 -35.4535
13378.4 -36.5778
13390.4 -37.6919
13402.4 -38.7959
13414.4 -39.8902
13426.4 -40.343
13438.4 -39.9915
13450.5 -39.6281
13462.5 -39.2531
13474.5 -38.8665
13486.5 -38.4686
13498.5 -38.0595
13510.5 -37.6394
13522.5 -37.2085
13534.5 -37.1512
13546.5 -37.2605
13558.6 -37.3604
13570.6 -37.4511
13582.6 -37.5327
13594.6 -37.6054
13606.6 -37.6693
13618.6 -37.7245
13630.6 -37.7713
13642.6 -38.2964
13654.7 -38.8569
13666.7 -39.4103
13678.7 -39.9566
13690.7 -40.4961
13702.7 -41.0289
13714.7 -41.555
13726.7 -42.0747
13738.7 -42.6482
13750.8 -43.529
13762.8 -44.4043
13774.8 -45.2742
13786.8 -46.139
13798.8 -46.9988
13810.8 -47.8535
13822.8 -48.7035
13834.8 -49.5488
13846.8 -50.4772
13858.9 -51.5357
13870.9 -52.5902
13882.9 -53.6409
13894.9 -54.6879
13906.9 -55.7312
13918.9 -56.771
13930.9 -57.8074
13942.9 -58.8405
13955 -60.0411
13967 -61.3398
13979 -62.6359
13991 -63.9296
14003 -65.221
14015 -66.5103
14027 -67.7974
14039 -69.0826
14051.1 -70.3659
14063.1 -71.7958
14075.1 -73.2464
14087.1 -74.6956
14099.1 -76.1437
14111.1 -77.5907
14123.1 -79.0367
14135.1 -80.4818
14147.1 -81.9262
14159.2 -83.2432
14171.2 -83.4772
14183.2 -83.7086
14195.2 -83.9375
14207.2 -84.1641
14219.2 -84.3885
14231.2 -84.6107
14243.2 -84.8309
14255.3 -85.0491
14267.3 -85.151
14279.3 -85.0274
14291.3 -84.9015
14303.3 -84.7734
14315.3 -84.6433
14327.3 -84.5113
14339.3 -84.3774
14351.4 -84.2417
14363.4 -84.1044
14375.4 -84.203
14387.4 -84.4722
14399.4 -84.7407
14411.4 -85.0086
14423.4 -85.2761
14435.4 -85.5431
14447.4 -85.8098
14459.5 -86.0763
14471.5 -86.3428
14483.5 -86.7584
14495.5 -87.2085
14507.5 -87.659
14519.5 -88.1101
14531.5 -88.562
14543.5 -89.0146
14555.6 -89.4682
14567.6 -89.9228
14579.6 -90.3975
14591.6 -91.1914
14603.6 -91.9871
14615.6 -92.7848
14627.6 -93.5847
14639.6 -94.3867
14651.7 -95.191
14663.7 -95.9978
14675.7 -96.8071
14687.7 -97.7339
14699.7 -98.9448
14711.7 -100.159
14723.7 -101.377
14735.7 -102.599
14747.7 -103.825
14759.8 -105.054
14771.8 -106.288
14783.8 -107.526
14795.8 -108.719
14807.8 -109.871
14819.8 -111.028
14831.8 -112.189
14843.8 -113.355
14855.9 -114.526
14867.9 -115.702
14879.9 -116.883
14891.9 -118.069
14903.9 -118.452
14915.9 -118.591
14927.9 -118.734
14939.9 -118.881
14952 -119.033
14964 -119.189
14976 -119.349
14988 -119.515
15000 -119.685
15012 -119.698
15024 -119.716
15036 -119.739
15048 -119.767
15060.1 -119.801
15072.1 -119.84
15084.1 -119.886
15096.1 -119.937
15108.1 -120.012
15120.1 -120.15
15132.1 -120.294
15144.1 -120.446
15156.2 -120.604
15168.2 -120.77
15180.2 -120.943
15192.2 -121.124
15204.2 -121.312
15216.2 -121.648
15228.2 -122.147
15240.2 -122.654
15252.3 -123.17
15264.3 -123.696
15276.3 -124.231
15288.3 -124.776
15300.3 -125.331
15312.3 -125.897
15324.3 -126.624
15336.3 -127.425
15348.3 -128.236
15360.4 -129.06
15372.4 -129.895
15384.4 -130.743
15396.4 -131.603
15408.4 -132.476
15420.4 -133.362
15432.4 -134.82
15444.4 -136.326
15456.5 -137.847
15468.5 -139.384
15480.5 -140.935
15492.5 -142.503
15504.5 -144.086
15516.5 -145.686
15528.5 -147.181
15540.5 -148.161
15552.6 -149.158
15564.6 -150.171
15576.6 -151.201
15588.6 -152.248
15600.6 -153.313
15612.6 -154.395
15624.6 -155.496
15636.6 -156.336
15648.6 -156.807
15660.7 -157.296
15672.7 -157.803
15684.7 -158.33
15696.7 -158.875
15708.7 -159.441
15720.7 -160.026
15732.7 -160.631
15744.7 -161.346
15756.8 -162.127
15768.8 -162.93
15780.8 -163.754
15792.8 -164.601
15804.8 -165.469
15816.8 -166.361
15828.8 -167.276
15840.8 -168.213
15852.9 -169.721
15864.9 -171.317
15876.9 -172.938
15888.9 -174.584
15900.9 -176.256
15912.9 -177.953
15924.9 -179.676
15936.9 -181.426
15948.9 -183.197
15961 -184.97
15973 -186.77
15985 -188.596
15997 -190.448
16009 -192.327
16021 -194.233
16033 -196.164
16045 -198.122
16057.1 -200.108
16069.1 -202.122
16081.1 -204.162
16093.1 -206.227
16105.1 -208.317
16117.1 -210.432
16129.1 -212.571
16141.1 -214.734
16153.2 -216.919
16165.2 -219.18
16177.2 -221.498
16189.2 -223.836
16201.2 -226.194
16213.2 -228.571
16225.2 -230.966
16237.2 -233.379
16249.2 -235.806
16261.3 -238.248
16273.3 -239.497
16285.3 -240.523
16297.3 -241.557
16309.3 -242.596
16321.3 -243.639
16333.3 -244.684
16345.3 -245.729
16357.4 -246.772
16369.4 -247.84
16381.4 -249.243
16393.4 -250.636
16405.4 -252.018
16417.4 -253.386
16429.4 -254.737
16441.4 -256.067
16453.5 -257.375
16465.5 -258.656
16477.5 -260.02
16489.5 -261.595
16501.5 -263.134
16513.5 -264.635
16525.5 -266.094
16537.5 -267.507
16549.5 -268.872
16561.6 -270.184
16573.6 -271.441
16585.6 -272.817
16597.6 -274.274
16609.6 -275.665
16621.6 -276.987
16633.6 -278.237
16645.6 -279.412
16657.7 -280.509
16669.7 -281.524
16681.7 -282.455
16693.7 -284.107
16705.7 -285.885
16717.7 -287.573
16729.7 -289.169
16741.7 -290.67
16753.8 -292.076
16765.8 -293.383
16777.8 -294.592
16789.8 -295.71
16801.8 -297.064
16813.8 -298.316
16825.8 -299.468
16837.8 -300.518
16849.8 -301.468
16861.9 -302.316
16873.9 -303.065
16885.9 -303.714
16897.9 -304.053
16909.9 -303.708
16921.9 -303.267
16933.9 -302.732
16945.9 -302.104
16958 -301.386
16970 -300.58
16982 -299.688
16994 -298.714
17006 -297.867
17018 -297.152
17030 -296.364
17042 -295.505
17054.1 -294.579
17066.1 -293.589
17078.1 -292.538
17090.1 -291.43
17102.1 -290.268
17114.1 -289.158
17126.1 -288.039
17138.1 -286.876
17150.2 -285.673
17162.2 -284.432
17174.2 -283.157
17186.2 -281.852
17198.2 -280.519
17210.2 -279.161
17222.2 -277.55
17234.2 -275.913
17246.2 -274.26
17258.3 -272.594
17270.3 -270.916
17282.3 -269.23
17294.3 -267.538
17306.3 -265.842
17318.3 -264.142
17330.3 -262.436
17342.3 -260.732
17354.4 -259.033
17366.4 -257.34
17378.4 -255.654
17390.4 -253.978
17402.4 -252.313
17414.4 -250.661
17426.4 -249.013
17438.4 -247.369
17450.5 -245.74
17462.5 -244.129
17474.5 -242.536
17486.5 -240.962
17498.5 -239.408
17510.5 -237.874
17522.5 -236.362
17534.5 -234.007
17546.5 -231.277
17558.6 -228.568
17570.6 -225.881
17582.6 -223.215
17594.6 -220.572
17606.6 -217.952
17618.6 -215.354
17630.6 -212.78
17642.6 -210.158
17654.7 -207.553
17666.7 -204.971
17678.7 -202.412
17690.7 -199.877
17702.7 -197.366
17714.7 -194.877
17726.7 -192.412
17738.7 -189.946
17750.8 -187.374
17762.8 -184.826
17774.8 -182.3
17786.8 -179.796
17798.8 -177.315
17810.8 -174.856
17822.8 -172.419
17834.8 -170.003
17846.8 -167.813
17858.9 -165.957
17870.9 -164.122
17882.9 -162.309
17894.9 -160.518
17906.9 -158.746
17918.9 -156.996
17930.9 -155.266
17942.9 -153.556
17955 -151.89
17967 -150.257
17979 -148.645
17991 -147.051
18003 -145.475
18015 -143.919
18027 -142.38
18039 -140.859
18051.1 -139.355
18063.1 -137.418
18075.1 -135.431
18087.1 -133.459
18099.1 -131.503
18111.1 -129.563
18123.1 -127.637
18135.1 -125.727
18147.1 -123.831
18159.2 -121.954
18171.2 -120.124
18183.2 -118.309
18195.2 -116.507
18207.2 -114.718
18219.2 -112.942
18231.2 -111.18
18243.2 -109.43
18255.3 -107.692
18267.3 -106.033
18279.3 -104.518
18291.3 -103.014
18303.3 -101.522
18315.3 -100.042
18327.3 -98.5725
18339.3 -97.1143
18351.4 -95.667
18363.4 -94.2304
18375.4 -92.9828
18387.4 -91.8748
18399.4 -90.7772
18411.4 -89.6898
18423.4 -88.6125
18435.4 -87.5451
18447.4 -86.4873
18459.5 -85.439
18471.5 -84.4001
18483.5 -83.2908
18495.5 -82.1724
18507.5 -81.0626
18519.5 -79.9614
18531.5 -78.8685
18543.5 -77.7837
18555.6 -76.7071
18567.6 -75.6382
18579.6 -74.5781
18591.6 -73.5402
18603.6 -72.5099
18615.6 -71.4868
18627.6 -70.4709
18639.6 -69.4621
18651.7 -68.4602
18663.7 -67.465
18675.7 -66.4765
18687.7 -65.6099
18699.7 -65.032
18711.7 -64.4609
18723.7 -63.8964
18735.7 -63.3385
18747.7 -62.787
18759.8 -62.2419
18771.8 -61.703
18783.8 -61.1702
18795.8 -60.4563
18807.8 -59.5781
18819.8 -58.7053
18831.8 -57.8377
18843.8 -56.9752
18855.9 -56.1178
18867.9 -55.2653
18879.9 -54.4177
18891.9 -53.5749
18903.9 -52.9827
18915.9 -52.4704
18927.9 -51.963
18939.9 -51.4605
18952 -50.9627
18964 -50.4696
18976 -49.9811
18988 -49.4971
19000 -49.0176
