7000 -33.1265
7012.01 -33.5998
7024.02 -34.0648
7036.04 -34.5206
7048.05 -34.9665
7060.06 -35.4015
7072.07 -35.8249
7084.08 -36.2358
7096.1 -36.6334
7108.11 -37.0169
7120.12 -37.3854
7132.13 -37.7381
7144.14 -38.074
7156.16 -38.3925
7168.17 -38.6926
7180.18 -38.9736
7192.19 -39.2347
7204.2 -39.475
7216.22 -39.6939
7228.23 -39.8905
7240.24 -40.0643
7252.25 -40.2145
7264.26 -40.3404
7276.28 -40.4416
7288.29 -40.5173
7300.3 -40.5672
7312.31 -40.5906
7324.32 -40.5872
7336.34 -40.5566
7348.35 -40.4984
7360.36 -40.4123
7372.37 -40.2981
7384.38 -40.1556
7396.4 -39.9846
7408.41 -39.7851
7420.42 -39.557
7432.43 -39.3004
7444.44 -39.0153
7456.46 -38.7018
7468.47 -38.3602
7480.48 -37.9949
7492.49 -37.6052
7504.5 -37.1881
7516.52 -36.7441
7528.53 -36.2735
7540.54 -35.7767
7552.55 -35.2543
7564.56 -34.7067
7576.58 -34.1346
7588.59 -33.1768
7600.6 -32.1052
7612.61 -31.0095
7624.62 -29.8903
7636.64 -28.7483
7648.65 -27.5842
7660.66 -26.3986
7672.67 -25.1925
7684.68 -23.9898
7696.7 -23.3379
7708.71 -22.6695
7720.72 -21.9853
7732.73 -21.286
7744.74 -20.5724
7756.76 -19.8451
7768.77 -19.1051
7780.78 -18.3529
7792.79 -17.5527
7804.8 -16.646
7816.82 -15.7289
7828.83 -14.8021
7840.84 -13.8662
7852.85 -12.9219
7864.86 -11.9698
7876.88 -11.0105
7888.89 -10.0446
7900.9 -9.24455
7912.91 -8.60311
7924.92 -7.95776
7936.94 -7.309
7948.95 -6.65732
7960.96 -6.0032
7972.97 -5.34708
7984.98 -4.68939
7997 -4.03054
8009.01 -3.02853
8021.02 -1.91077
8033.03 -0.791589
8045.05 0.328697
8057.06 1.44978
8069.07 2.57136
8081.08 3.69317
8093.09 4.81497
8105.11 5.9365
8117.12 6.52625
8129.13 7.1068
8141.14 7.68488
8153.15 8.26033
8165.17 8.83297
8177.18 9.40268
8189.19 9.96931
8201.2 10.5328
8213.21 11.3069
8225.23 12.8233
8237.24 14.339
8249.25 15.854
8261.26 17.3682
8273.27 18.8815
8285.29 20.3939
8297.3 21.9054
8309.31 23.4159
8321.32 24.4699
8333.33 24.9872
8345.35 25.5006
8357.36 26.0102
8369.37 26.5159
8381.38 27.0178
8393.39 27.5158
8405.41 28.0101
8417.42 28.5006
8429.43 29.6564
8441.44 31.1008
8453.45 32.5442
8465.47 33.9868
8477.48 35.4286
8489.49 36.8696
8501.5 38.3099
8513.51 39.7495
8525.53 41.1886
8537.54 41.7465
8549.55 42.2391
8561.56 42.7286
8573.57 43.2151
8585.59 43.6986
8597.6 44.1793
8609.61 44.6572
8621.62 45.1324
8633.63 45.8964
8645.65 48.0743
8657.66 50.2544
8669.67 52.4368
8681.68 54.6216
8693.69 56.8088
8705.71 58.9985
8717.72 61.1908
8729.73 63.3858
8741.74 65.0493
8753.75 65.9381
8765.77 66.8262
8777.78 67.7137
8789.79 68.6005
8801.8 69.4868
8813.81 70.3727
8825.83 71.2582
8837.84 72.1433
8849.85 73.0282
8861.86 73.9129
8873.87 74.7974
8885.89 75.6819
8897.9 76.5664
8909.91 77.4509
8921.92 78.3355
8933.93 79.2203
8945.95 80.1053
8957.96 80.9906
8969.97 81.8762
8981.98 82.7622
8993.99 83.6486
9006.01 84.5355
9018.02 85.423
9030.03 86.311
9042.04 87.1996
9054.05 88.0889
9066.07 88.9789
9078.08 89.8696
9090.09 90.7612
9102.1 91.6535
9114.11 92.5467
9126.13 93.4408
9138.14 94.3358
9150.15 95.2318
9162.16 96.1288
9174.17 97.0268
9186.19 97.9258
9198.2 98.8258
9210.21 99.727
9222.22 100.629
9234.23 101.533
9246.25 102.437
9258.26 103.343
9270.27 104.25
9282.28 105.158
9294.29 106.067
9306.31 106.977
9318.32 107.889
9330.33 108.801
9342.34 109.715
9354.35 110.631
9366.37 111.547
9378.38 112.464
9390.39 113.383
9402.4 114.303
9414.41 115.224
9426.43 116.146
9438.44 117.07
9450.45 117.994
9462.46 118.92
9474.47 119.846
9486.49 120.774
9498.5 121.702
9510.51 122.632
9522.52 123.562
9534.53 124.494
9546.55 125.426
9558.56 126.359
9570.57 127.293
9582.58 128.228
9594.59 129.164
9606.61 130.1
9618.62 131.036
9630.63 131.974
9642.64 132.911
9654.65 133.849
9666.67 134.788
9678.68 135.727
9690.69 136.666
9702.7 137.605
9714.71 138.544
9726.73 139.483
9738.74 140.423
9750.75 141.362
9762.76 142.3
9774.77 143.239
9786.79 144.177
9798.8 145.114
9810.81 146.051
9822.82 146.987
9834.83 147.922
9846.85 148.857
9858.86 149.79
9870.87 150.722
9882.88 151.653
9894.89 152.583
9906.91 153.511
9918.92 154.437
9930.93 155.362
9942.94 156.284
9954.95 157.205
9966.97 158.123
9978.98 159.04
9990.99 159.953
10003 160.864
10015 161.773
10027 162.678
10039 163.58
10051.1 164.48
10063.1 165.375
10075.1 166.267
10087.1 167.156
10099.1 168.04
10111.1 168.921
10123.1 169.797
10135.1 170.668
10147.1 171.535
10159.2 172.398
10171.2 173.255
10183.2 174.107
10195.2 174.953
10207.2 175.794
10219.2 176.629
10231.2 177.458
10243.2 178.281
10255.3 179.098
10267.3 179.907
10279.3 180.71
10291.3 181.506
10303.3 182.294
10315.3 183.075
10327.3 183.848
10339.3 184.613
10351.4 185.369
10363.4 186.117
10375.4 186.857
10387.4 187.587
10399.4 188.308
10411.4 189.02
10423.4 189.722
10435.4 190.414
10447.4 191.096
10459.5 191.767
10471.5 192.427
10483.5 193.077
10495.5 193.715
10507.5 194.342
10519.5 194.956
10531.5 195.559
10543.5 196.15
10555.6 196.728
10567.6 197.293
10579.6 197.845
10591.6 198.384
10603.6 198.909
10615.6 199.42
10627.6 199.917
10639.6 200.399
10651.7 200.867
10663.7 201.32
10675.7 201.757
10687.7 202.179
10699.7 202.586
10711.7 202.976
10723.7 203.35
10735.7 203.707
10747.7 204.048
10759.8 204.372
10771.8 204.678
10783.8 204.967
10795.8 205.238
10807.8 205.491
10819.8 205.725
10831.8 205.941
10843.8 206.139
10855.9 206.317
10867.9 206.476
10879.9 206.616
10891.9 206.736
10903.9 206.056
10915.9 205.116
10927.9 204.154
10939.9 203.169
10952 202.161
10964 201.129
10976 200.075
10988 198.997
11000 197.895
11012 197.67
11024 197.422
11036 197.153
11048 196.861
11060.1 196.546
11072.1 196.209
11084.1 195.849
11096.1 195.467
11108.1 195.139
11120.1 195.043
11132.1 194.925
11144.1 194.784
11156.2 194.621
11168.2 194.435
11180.2 194.226
11192.2 193.994
11204.2 193.74
11216.2 193.704
11228.2 193.911
11240.2 194.097
11252.3 194.261
11264.3 194.402
11276.3 194.522
11288.3 194.62
11300.3 194.697
11312.3 194.751
11324.3 194.862
11336.3 194.984
11348.3 195.084
11360.4 195.163
11372.4 195.221
11384.4 195.258
11396.4 195.274
11408.4 195.269
11420.4 195.243
11432.4 194.378
11444.4 193.443
11456.5 192.485
11468.5 191.505
11480.5 190.503
11492.5 189.48
11504.5 188.436
11516.5 187.37
11528.5 186.366
11540.5 185.705
11552.6 185.025
11564.6 184.325
11576.6 183.606
11588.6 182.868
11600.6 182.112
11612.6 181.338
11624.6 180.546
11636.6 179.698
11648.6 178.78
11660.7 177.845
11672.7 176.893
11684.7 175.924
11696.7 174.94
11708.7 173.939
11720.7 172.923
11732.7 171.893
11744.7 170.475
11756.8 168.852
11768.8 167.214
11780.8 165.561
11792.8 163.894
11804.8 162.213
11816.8 160.518
11828.8 158.811
11840.8 157.09
11852.9 155.464
11864.9 153.839
11876.9 152.202
11888.9 150.555
11900.9 148.897
11912.9 147.23
11924.9 145.553
11936.9 143.867
11948.9 142.154
11961 140.301
11973 138.441
11985 136.573
11997 134.698
12009 132.816
12021 130.929
12033 129.035
12045 127.137
12057.1 125.285
12069.1 123.514
12081.1 121.741
12093.1 119.964
12105.1 118.184
12117.1 116.402
12129.1 114.618
12141.1 112.832
12153.2 111.046
12165.2 108.687
12177.2 105.953
12189.2 103.217
12201.2 100.48
12213.2 97.7425
12225.2 95.0042
12237.2 92.2658
12249.2 89.5278
12261.3 86.7905
12273.3 84.6303
12285.3 82.5838
12297.3 80.5404
12309.3 78.5005
12321.3 76.4646
12333.3 74.4329
12345.3 72.4058
12357.4 70.3836
12369.4 68.3888
12381.4 66.6525
12393.4 64.9225
12405.4 63.1993
12417.4 61.4831
12429.4 59.7743
12441.4 58.073
12453.5 56.3796
12465.5 54.6944
12477.5 53.3288
12489.5 52.6515
12501.5 51.985
12513.5 51.3296
12525.5 50.6855
12537.5 50.0529
12549.5 49.432
12561.6 48.823
12573.6 48.2262
12585.6 47.3749
12597.6 46.3227
12609.6 45.2824
12621.6 44.2539
12633.6 43.2376
12645.6 42.2335
12657.7 41.2418
12669.7 40.2627
12681.7 39.2961
12693.7 38.4101
12705.7 37.5551
12717.7 36.7133
12729.7 35.8847
12741.7 35.0695
12753.8 34.2677
12765.8 33.4794
12777.8 32.7048
12789.8 31.9339
12801.8 30.7802
12813.8 29.6395
12825.8 28.5118
12837.8 27.3972
12849.8 26.2956
12861.9 25.2073
12873.9 24.132
12885.9 23.07
12897.9 22.178
12909.9 21.7324
12921.9 21.3012
12933.9 20.8841
12945.9 20.4813
12958 20.0927
12970 19.7183
12982 19.3581
12994 19.012
13006 18.3631
13018 17.4106
13030 16.4708
13042 15.5438
13054.1 14.6295
13066.1 13.7279
13078.1 12.8388
13090.1 11.9622
13102.1 11.098
13114.1 10.1328
13126.1 9.1385
13138.1 8.15606
13150.2 7.18543
13162.2 6.22652
13174.2 5.27923
13186.2 4.34347
13198.2 3.41914
13210.2 2.50612
13222.2 1.54843
13234.2 0.600357
13246.2 -0.336818
13258.3 -1.26321
13270.3 -2.17893
13282.3 -3.0841
13294.3 -3.97883
13306.3 -4.86325
13318.3 -5.7919
13330.3 -6.91591
13342.3 -8.03045
13354.4 -9.13563
13366.4 -10.2316
13378.4 -11.3185
13390.4 -12.3964
13402.4 -13.4654
13414.4 -14.5258
13426.4 -15.0112
13438.4 -14.7754
13450.5 -14.5291
13462.5 -14.2724
13474.5 -14.0053
13486.5 -13.728
13498.5 -13.4407
13510.5 -13.1435
13522.5 -12.8366
13534.5 -12.6424
13546.5 -12.4951
13558.6 -12.3388
13570.6 -12.1736
13582.6 -11.9997
13594.6 -11.8171
13606.6 -11.626
13618.6 -11.4266
13630.6 -11.219
13642.6 -11.2904
13654.7 -11.3797
13666.7 -11.4617
13678.7 -11.5366
13690.7 -11.6045
13702.7 -11.6655
13714.7 -11.7199
13726.7 -11.7677
13738.7 -11.8475
13750.8 -12.1214
13762.8 -12.3896
13774.8 -12.6521
13786.8 -12.9092
13798.8 -13.1609
13810.8 -13.4073
13822.8 -13.6487
13834.8 -13.8852
13846.8 -14.2561
13858.9 -14.8362
13870.9 -15.4122
13882.9 -15.9845
13894.9 -16.553
13906.9 -17.1179
13918.9 -17.6794
13930.9 -18.2375
13942.9 -18.7924
13955 -19.4993
13967 -20.2949
13979 -21.0881
13991 -21.879
14003 -22.6677
14015 -23.4543
14027 -24.239
14039 -25.0219
14051.1 -25.803
14063.1 -26.7366
14075.1 -27.6916
14087.1 -28.6457
14099.1 -29.5988
14111.1 -30.551
14123.1 -31.5025
14135.1 -32.4534
14147.1 -33.4038
14159.2 -34.2902
14171.2 -34.6328
14183.2 -34.9742
14195.2 -35.3145
14207.2 -35.6538
14219.2 -35.9923
14231.2 -36.3299
14243.2 -36.6669
14255.3 -37.0033
14267.3 -37.2642
14279.3 -37.3777
14291.3 -37.4906
14303.3 -37.603
14315.3 -37.715
14327.3 -37.8266
14339.3 -37.938
14351.4 -38.0494
14363.4 -38.1607
14375.4 -38.3515
14387.4 -38.6
14399.4 -38.8491
14411.4 -39.0988
14423.4 -39.3492
14435.4 -39.6004
14447.4 -39.8525
14459.5 -40.1056
14471.5 -40.3599
14483.5 -40.5935
14495.5 -40.8233
14507.5 -41.0545
14519.5 -41.2872
14531.5 -41.5214
14543.5 -41.7573
14555.6 -41.9949
14567.6 -42.2344
14579.6 -42.4934
14591.6 -43.0475
14603.6 -43.6042
14615.6 -44.1637
14627.6 -44.726
14639.6 -45.2913
14651.7 -45.8596
14663.7 -46.431
14675.7 -47.0057
14687.7 -47.6465
14699.7 -48.4445
14711.7 -49.2464
14723.7 -50.0522
14735.7 -50.8621
14747.7 -51.6762
14759.8 -52.4946
14771.8 -53.3174
14783.8 -54.1446
14795.8 -54.9889
14807.8 -55.8494
14819.8 -56.7147
14831.8 -57.5849
14843.8 -58.4601
14855.9 -59.3405
14867.9 -60.226
14879.9 -61.1169
14891.9 -62.0133
14903.9 -62.4699
14915.9 -62.7955
14927.9 -63.1258
14939.9 -63.4611
14952 -63.8015
14964 -64.1469
14976 -64.4976
14988 -64.8537
15000 -65.2153
15012 -65.3234
15024 -65.4369
15036 -65.5558
15048 -65.6801
15060.1 -65.8101
15072.1 -65.9457
15084.1 -66.0872
15096.1 -66.2347
15108.1 -66.355
15120.1 -66.3725
15132.1 -66.3961
15144.1 -66.4259
15156.2 -66.462
15168.2 -66.5045
15180.2 -66.5536
15192.2 -66.6093
15204.2 -66.6717
15216.2 -66.8263
15228.2 -67.0819
15240.2 -67.345
15252.3 -67.6156
15264.3 -67.8938
15276.3 -68.1798
15288.3 -68.4737
15300.3 -68.7757
15312.3 -69.0857
15324.3 -69.4132
15336.3 -69.7528
15348.3 -70.1009
15360.4 -70.4576
15372.4 -70.8231
15384.4 -71.1975
15396.4 -71.5808
15408.4 -71.9732
15420.4 -72.3748
15432.4 -73.1954
15444.4 -74.0507
15456.5 -74.9162
15468.5 -75.792
15480.5 -76.6782
15492.5 -77.5749
15504.5 -78.4823
15516.5 -79.4004
15528.5 -80.292
15540.5 -81.0305
15552.6 -81.7797
15564.6 -82.5397
15576.6 -83.3105
15588.6 -84.0923
15600.6 -84.8851
15612.6 -85.6889
15624.6 -86.5039
15636.6 -87.2109
15648.6 -87.7638
15660.7 -88.3275
15672.7 -88.9022
15684.7 -89.4877
15696.7 -90.0842
15708.7 -90.6916
15720.7 -91.3099
15732.7 -91.9392
15744.7 -92.415
15756.8 -92.8172
15768.8 -93.2298
15780.8 -93.6529
15792.8 -94.0863
15804.8 -94.5301
15816.8 -94.9841
15828.8 -95.4482
15840.8 -95.9223
15852.9 -96.5718
15864.9 -97.2507
15876.9 -97.9394
15888.9 -98.6378
15900.9 -99.3457
15912.9 -100.063
15924.9 -100.789
15936.9 -101.524
15948.9 -102.271
15961 -103.048
15973 -103.834
15985 -104.627
15997 -105.427
16009 -106.234
16021 -107.048
16033 -107.868
16045 -108.693
16057.1 -109.578
16069.1 -110.561
16081.1 -111.548
16093.1 -112.538
16105.1 -113.532
16117.1 -114.528
16129.1 -115.526
16141.1 -116.525
16153.2 -117.525
16165.2 -118.784
16177.2 -120.211
16189.2 -121.637
16201.2 -123.061
16213.2 -124.483
16225.2 -125.901
16237.2 -127.314
16249.2 -128.722
16261.3 -130.123
16273.3 -131.126
16285.3 -132.045
16297.3 -132.954
16309.3 -133.851
16321.3 -134.737
16333.3 -135.609
16345.3 -136.467
16357.4 -137.31
16369.4 -138.145
16381.4 -139.069
16393.4 -139.975
16405.4 -140.861
16417.4 -141.727
16429.4 -142.57
16441.4 -143.391
16453.5 -144.187
16465.5 -144.958
16477.5 -145.681
16489.5 -146.33
16501.5 -146.951
16513.5 -147.541
16525.5 -148.101
16537.5 -148.63
16549.5 -149.126
16561.6 -149.588
16573.6 -150.016
16585.6 -150.475
16597.6 -150.949
16609.6 -151.387
16621.6 -151.787
16633.6 -152.15
16645.6 -152.474
16657.7 -152.759
16669.7 -153.004
16681.7 -153.209
16693.7 -153.801
16705.7 -154.466
16717.7 -155.091
16729.7 -155.675
16741.7 -156.219
16753.8 -156.722
16765.8 -157.184
16777.8 -157.606
16789.8 -157.994
16801.8 -158.643
16813.8 -159.253
16825.8 -159.823
16837.8 -160.354
16849.8 -160.847
16861.9 -161.301
16873.9 -161.718
16885.9 -162.097
16897.9 -162.387
16909.9 -162.494
16921.9 -162.565
16933.9 -162.602
16945.9 -162.605
16958 -162.575
16970 -162.514
16982 -162.421
16994 -162.298
17006 -162.063
17018 -161.716
17030 -161.341
17042 -160.94
17054.1 -160.514
17066.1 -160.063
17078.1 -159.59
17090.1 -159.095
17102.1 -158.578
17114.1 -157.794
17126.1 -156.9
17138.1 -155.988
17150.2 -155.059
17162.2 -154.114
17174.2 -153.154
17186.2 -152.18
17198.2 -151.193
17210.2 -150.194
17222.2 -148.915
17234.2 -147.618
17246.2 -146.312
17258.3 -144.998
17270.3 -143.676
17282.3 -142.347
17294.3 -141.012
17306.3 -139.673
17318.3 -138.357
17330.3 -137.145
17342.3 -135.931
17354.4 -134.715
17366.4 -133.498
17378.4 -132.28
17390.4 -131.063
17402.4 -129.846
17414.4 -128.632
17426.4 -127.546
17438.4 -126.623
17450.5 -125.704
17462.5 -124.789
17474.5 -123.878
17486.5 -122.972
17498.5 -122.072
17510.5 -121.177
17522.5 -120.289
17534.5 -119.205
17546.5 -118.034
17558.6 -116.87
17570.6 -115.713
17582.6 -114.564
17594.6 -113.422
17606.6 -112.288
17618.6 -111.163
17630.6 -110.046
17642.6 -108.618
17654.7 -107.171
17666.7 -105.732
17678.7 -104.302
17690.7 -102.88
17702.7 -101.468
17714.7 -100.064
17726.7 -98.6693
17738.7 -97.2268
17750.8 -95.4974
17762.8 -93.7769
17774.8 -92.0651
17786.8 -90.3623
17798.8 -88.6683
17810.8 -86.9833
17822.8 -85.3072
17834.8 -83.6401
17846.8 -82.1044
17858.9 -80.7653
17870.9 -79.4356
17882.9 -78.1152
17894.9 -76.8041
17906.9 -75.5022
17918.9 -74.2096
17930.9 -72.9262
17942.9 -71.6519
17955 -70.481
17967 -69.3749
17979 -68.278
17991 -67.1902
18003 -66.1114
18015 -65.0416
18027 -63.9808
18039 -62.9287
18051.1 -61.8854
18063.1 -60.8924
18075.1 -59.9141
18087.1 -58.9445
18099.1 -57.9833
18111.1 -57.0305
18123.1 -56.0861
18135.1 -55.1499
18147.1 -54.2218
18159.2 -53.3243
18171.2 -52.6271
18183.2 -51.938
18195.2 -51.257
18207.2 -50.584
18219.2 -49.9189
18231.2 -49.2615
18243.2 -48.6119
18255.3 -47.9699
18267.3 -47.3116
18279.3 -46.6144
18291.3 -45.9244
18303.3 -45.2415
18315.3 -44.5657
18327.3 -43.8969
18339.3 -43.235
18351.4 -42.5798
18363.4 -41.9314
18375.4 -41.2705
18387.4 -40.6025
18399.4 -39.9408
18411.4 -39.2854
18423.4 -38.6363
18435.4 -37.9933
18447.4 -37.3563
18459.5 -36.7254
18471.5 -36.1003
18483.5 -35.415
18495.5 -34.7203
18507.5 -34.0311
18519.5 -33.3474
18531.5 -32.6691
18543.5 -31.996
18555.6 -31.3282
18567.6 -30.6655
18579.6 -30.0147
18591.6 -29.4811
18603.6 -28.9527
18615.6 -28.4292
18627.6 -27.9107
18639.6 -27.397
18651.7 -26.8881
18663.7 -26.384
18675.7 -25.8845
18687.7 -25.4694
18699.7 -25.2543
18711.7 -25.0439
18723.7 -24.8383
18735.7 -24.6374
18747.7 -24.4411
18759.8 -24.2493
18771.8 -24.062
18783.8 -23.8792
18795.8 -23.6628
18807.8 -23.4161
18819.8 -23.1735
18831.8 -22.9351
18843.8 -22.7007
18855.9 -22.4704
18867.9 -22.2439
18879.9 -22.0214
18891.9 -21.8027
18903.9 -21.6136
18915.9 -21.4363
18927.9 -21.2626
18939.9 -21.0927
18952 -20.9263
18964 -20.7636
18976 -20.6043
18988 -20.4486
19000 -20.2963
