7000 -49.0271
7012.01 -48.9132
7024.02 -48.7917
7036.04 -48.6627
7048.05 -48.5258
7060.06 -48.3809
7072.07 -48.228
7084.08 -48.0668
7096.1 -47.8973
7108.11 -47.7193
7120.12 -47.5326
7132.13 -47.337
7144.14 -47.1325
7156.16 -46.9189
7168.17 -46.696
7180.18 -46.4637
7192.19 -46.2218
7204.2 -45.9701
7216.22 -45.7085
7228.23 -45.4369
7240.24 -45.155
7252.25 -44.8627
7264.26 -44.5598
7276.28 -44.2463
7288.29 -43.9218
7300.3 -43.5862
7312.31 -43.2394
7324.32 -42.8811
7336.34 -42.5113
7348.35 -42.1297
7360.36 -41.7361
7372.37 -41.3304
7384.38 -40.9124
7396.4 -40.4819
7408.41 -40.0387
7420.42 -39.5826
7432.43 -39.1135
7444.44 -38.6312
7456.46 -38.1354
7468.47 -37.626
7480.48 -37.7799
7492.49 -38.4416
7504.5 -39.0929
7516.52 -39.7337
7528.53 -40.3637
7540.54 -40.9829
7552.55 -41.5908
7564.56 -42.1875
7576.58 -42.7727
7588.59 -41.0933
7600.6 -38.8392
7612.61 -36.5642
7624.62 -34.2679
7636.64 -31.9503
7648.65 -29.611
7660.66 -27.2499
7672.67 -24.8668
7684.68 -22.5101
7696.7 -21.3145
7708.71 -20.1
7720.72 -18.8666
7732.73 -17.614
7744.74 -16.342
7756.76 -15.0505
7768.77 -13.7392
7780.78 -12.4079
7792.79 -11.0443
7804.8 -9.62849
7816.82 -8.192
7828.83 -6.73459
7840.84 -5.25608
7852.85 -3.75627
7864.86 -2.23496
7876.88 -0.691963
7888.89 0.872922
7900.9 2.20732
7912.91 3.32298
7924.92 4.4596
7936.94 5.61737
7948.95 6.79647
7960.96 7.99709
7972.97 9.2194
7984.98 10.4636
7997 11.7298
8009.01 13.1757
8021.02 14.697
8033.03 16.2415
8045.05 17.8094
8057.06 19.4008
8069.07 21.0159
8081.08 22.6549
8093.09 24.3178
8105.11 26.0049
8117.12 27.1588
8129.13 28.3283
8141.14 29.5206
8153.15 30.736
8165.17 31.9746
8177.18 33.2365
8189.19 34.5218
8201.2 35.8308
8213.21 37.2895
8225.23 39.2115
8237.24 41.1591
8249.25 43.1323
8261.26 45.1312
8273.27 47.156
8285.29 49.2067
8297.3 51.2834
8309.31 53.3861
8321.32 55.0015
8333.33 56.039
8345.35 57.0995
8357.36 58.1832
8369.37 59.2899
8381.38 60.4198
8393.39 61.5728
8405.41 62.749
8417.42 63.9485
8429.43 65.4087
8441.44 66.996
8453.45 68.6074
8465.47 70.243
8477.48 71.9027
8489.49 73.5865
8501.5 75.2943
8513.51 77.0261
8525.53 78.7818
8537.54 79.8658
8549.55 80.9222
8561.56 82.0003
8573.57 83.0998
8585.59 84.2208
8597.6 85.363
8609.61 86.5264
8621.62 87.7109
8633.63 89.0279
8645.65 90.9085
8657.66 92.8114
8669.67 94.7366
8681.68 96.6838
8693.69 98.6529
8705.71 100.644
8717.72 102.656
8729.73 104.689
8741.74 107.118
8753.75 110.112
8765.77 113.13
8777.78 116.17
8789.79 119.233
8801.8 122.318
8813.81 125.424
8825.83 128.553
8837.84 131.702
8849.85 134.872
8861.86 138.063
8873.87 141.275
8885.89 144.506
8897.9 147.756
8909.91 151.026
8921.92 154.314
8933.93 157.621
8945.95 160.946
8957.96 164.288
8969.97 167.647
8981.98 171.022
8993.99 174.414
9006.01 177.821
9018.02 181.244
9030.03 184.681
9042.04 188.133
9054.05 191.598
9066.07 195.076
9078.08 198.567
9090.09 202.07
9102.1 205.585
9114.11 209.111
9126.13 212.647
9138.14 216.193
9150.15 219.748
9162.16 223.313
9174.17 226.885
9186.19 230.465
9198.2 234.051
9210.21 237.644
9222.22 241.243
9234.23 244.847
9246.25 248.455
9258.26 252.067
9270.27 255.682
9282.28 259.3
9294.29 262.919
9306.31 266.54
9318.32 270.161
9330.33 273.782
9342.34 277.402
9354.35 281.021
9366.37 284.637
9378.38 288.251
9390.39 291.861
9402.4 295.467
9414.41 299.067
9426.43 302.663
9438.44 306.252
9450.45 309.833
9462.46 313.408
9474.47 316.974
9486.49 320.53
9498.5 324.077
9510.51 327.614
9522.52 331.139
9534.53 334.653
9546.55 338.154
9558.56 341.642
9570.57 345.116
9582.58 348.576
9594.59 352.02
9606.61 355.449
9618.62 358.861
9630.63 362.256
9642.64 365.633
9654.65 368.992
9666.67 372.331
9678.68 375.651
9690.69 378.951
9702.7 382.23
9714.71 385.488
9726.73 388.723
9738.74 391.936
9750.75 395.125
9762.76 398.291
9774.77 401.433
9786.79 404.549
9798.8 407.641
9810.81 410.706
9822.82 413.745
9834.83 416.758
9846.85 419.743
9858.86 422.7
9870.87 425.628
9882.88 428.529
9894.89 431.4
9906.91 434.241
9918.92 437.053
9930.93 439.834
9942.94 442.585
9954.95 445.305
9966.97 447.993
9978.98 450.65
9990.99 453.275
10003 455.868
10015 458.428
10027 460.956
10039 463.451
10051.1 465.912
10063.1 468.34
10075.1 470.735
10087.1 473.096
10099.1 475.423
10111.1 477.716
10123.1 479.975
10135.1 482.2
10147.1 484.391
10159.2 486.547
10171.2 488.669
10183.2 490.757
10195.2 492.811
10207.2 494.83
10219.2 496.815
10231.2 498.766
10243.2 500.683
10255.3 502.566
10267.3 504.415
10279.3 506.231
10291.3 508.012
10303.3 509.761
10315.3 511.476
10327.3 513.159
10339.3 514.808
10351.4 516.425
10363.4 518.01
10375.4 519.563
10387.4 521.085
10399.4 522.575
10411.4 524.034
10423.4 525.463
10435.4 526.862
10447.4 528.231
10459.5 529.57
10471.5 530.881
10483.5 532.163
10495.5 533.418
10507.5 534.645
10519.5 535.845
10531.5 537.018
10543.5 538.166
10555.6 539.288
10567.6 540.386
10579.6 541.459
10591.6 542.509
10603.6 543.537
10615.6 544.541
10627.6 545.525
10639.6 546.487
10651.7 547.429
10663.7 548.352
10675.7 549.256
10687.7 550.141
10699.7 551.01
10711.7 551.861
10723.7 552.697
10735.7 553.518
10747.7 554.324
10759.8 555.117
10771.8 555.897
10783.8 556.665
10795.8 557.422
10807.8 558.169
10819.8 558.906
10831.8 559.634
10843.8 560.355
10855.9 561.069
10867.9 561.776
10879.9 562.478
10891.9 563.176
10903.9 563.445
10915.9 563.58
10927.9 563.713
10939.9 563.842
10952 563.97
10964 564.096
10976 564.223
10988 564.349
11000 564.477
11012 564.552
11024 564.629
11036 564.709
11048 564.793
11060.1 564.88
11072.1 564.972
11084.1 565.068
11096.1 565.169
11108.1 565.362
11120.1 565.843
11132.1 566.331
11144.1 566.825
11156.2 567.326
11168.2 567.834
11180.2 568.348
11192.2 568.868
11204.2 569.394
11216.2 570.26
11228.2 571.5
11240.2 572.745
11252.3 573.995
11264.3 575.249
11276.3 576.506
11288.3 577.764
11300.3 579.022
11312.3 580.279
11324.3 581.72
11336.3 583.232
11348.3 584.738
11360.4 586.235
11372.4 587.722
11384.4 589.195
11396.4 590.653
11408.4 592.091
11420.4 593.509
11432.4 592.324
11444.4 590.951
11456.5 589.541
11468.5 588.091
11480.5 586.597
11492.5 585.055
11504.5 583.462
11516.5 581.814
11528.5 580.393
11540.5 580.166
11552.6 579.877
11564.6 579.519
11576.6 579.091
11588.6 578.587
11600.6 578.004
11612.6 577.339
11624.6 576.589
11636.6 575.823
11648.6 575.068
11660.7 574.218
11672.7 573.271
11684.7 572.224
11696.7 571.075
11708.7 569.823
11720.7 568.465
11732.7 567.001
11744.7 564.963
11756.8 562.577
11768.8 560.082
11780.8 557.478
11792.8 554.765
11804.8 551.944
11816.8 549.018
11828.8 545.986
11840.8 542.852
11852.9 540.871
11864.9 538.942
11876.9 536.92
11888.9 534.809
11900.9 532.612
11912.9 530.331
11924.9 527.971
11936.9 525.536
11948.9 523.068
11961 520.794
11973 518.457
11985 516.062
11997 513.612
12009 511.112
12021 508.565
12033 505.977
12045 503.351
12057.1 501.013
12069.1 499.19
12081.1 497.344
12093.1 495.477
12105.1 493.594
12117.1 491.698
12129.1 489.792
12141.1 487.88
12153.2 485.965
12165.2 482.423
12177.2 477.815
12189.2 473.208
12201.2 468.604
12213.2 464.005
12225.2 459.414
12237.2 454.832
12249.2 450.263
12261.3 445.707
12273.3 443.402
12285.3 441.55
12297.3 439.721
12309.3 437.917
12321.3 436.14
12333.3 434.39
12345.3 432.669
12357.4 430.977
12369.4 429.11
12381.4 424.926
12393.4 420.77
12405.4 416.64
12417.4 412.538
12429.4 408.465
12441.4 404.42
12453.5 400.404
12465.5 396.416
12477.5 392.187
12489.5 387.396
12501.5 382.632
12513.5 377.895
12525.5 373.187
12537.5 368.506
12549.5 363.853
12561.6 359.228
12573.6 354.629
12585.6 350.046
12597.6 345.481
12609.6 340.943
12621.6 336.431
12633.6 331.945
12645.6 327.485
12657.7 323.051
12669.7 318.643
12681.7 314.259
12693.7 310.702
12705.7 307.384
12717.7 304.092
12729.7 300.826
12741.7 297.586
12753.8 294.37
12765.8 291.18
12777.8 288.013
12789.8 284.871
12801.8 281.722
12813.8 278.596
12825.8 275.494
12837.8 272.414
12849.8 269.357
12861.9 266.321
12873.9 263.308
12885.9 260.315
12897.9 257.78
12909.9 256.471
12921.9 255.185
12933.9 253.922
12945.9 252.682
12958 251.465
12970 250.269
12982 249.096
12994 247.944
13006 246.674
13018 245.287
13030 243.919
13042 242.571
13054.1 241.243
13066.1 239.935
13078.1 238.645
13090.1 237.374
13102.1 236.122
13114.1 234.759
13126.1 233.368
13138.1 231.993
13150.2 230.636
13162.2 229.296
13174.2 227.973
13186.2 226.666
13198.2 225.376
13210.2 224.101
13222.2 223.104
13234.2 222.13
13246.2 221.172
13258.3 220.229
13270.3 219.302
13282.3 218.39
13294.3 217.493
13306.3 216.611
13318.3 215.827
13330.3 215.373
13342.3 214.933
13354.4 214.509
13366.4 214.099
13378.4 213.704
13390.4 213.323
13402.4 212.956
13414.4 212.603
13426.4 211.075
13438.4 208.065
13450.5 205.064
13462.5 202.071
13474.5 199.086
13486.5 196.109
13498.5 193.141
13510.5 190.18
13522.5 187.227
13534.5 185.705
13546.5 184.847
13558.6 184
13570.6 183.164
13582.6 182.338
13594.6 181.523
13606.6 180.718
13618.6 179.924
13630.6 179.139
13642.6 177.012
13654.7 174.773
13666.7 172.541
13678.7 170.316
13690.7 168.098
13702.7 165.887
13714.7 163.683
13726.7 161.485
13738.7 159.415
13750.8 157.985
13762.8 156.563
13774.8 155.148
13786.8 153.74
13798.8 152.339
13810.8 150.946
13822.8 149.559
13834.8 148.18
13846.8 147.541
13858.9 148.034
13870.9 148.537
13882.9 149.05
13894.9 149.573
13906.9 150.105
13918.9 150.646
13930.9 151.197
13942.9 151.757
13955 151.142
13967 149.835
13979 148.534
13991 147.239
14003 145.949
14015 144.664
14027 143.385
14039 142.111
14051.1 140.842
14063.1 141.425
14075.1 142.289
14087.1 143.163
14099.1 144.044
14111.1 144.934
14123.1 145.832
14135.1 146.739
14147.1 147.653
14159.2 148.252
14171.2 146.095
14183.2 143.941
14195.2 141.789
14207.2 139.639
14219.2 137.492
14231.2 135.347
14243.2 133.204
14255.3 131.064
14267.3 128.949
14279.3 126.883
14291.3 124.819
14303.3 122.757
14315.3 120.697
14327.3 118.639
14339.3 116.582
14351.4 114.526
14363.4 112.472
14375.4 111.211
14387.4 110.524
14399.4 109.841
14411.4 109.161
14423.4 108.484
14435.4 107.811
14447.4 107.141
14459.5 106.473
14471.5 105.809
14483.5 103.876
14495.5 101.654
14507.5 99.4312
14519.5 97.209
14531.5 94.9868
14543.5 92.7644
14555.6 90.5419
14567.6 88.3192
14579.6 86.2019
14591.6 85.8493
14603.6 85.4993
14615.6 85.1517
14627.6 84.8067
14639.6 84.4639
14651.7 84.1234
14663.7 83.7851
14675.7 83.4489
14687.7 83.2859
14699.7 83.5439
14711.7 83.8047
14723.7 84.0682
14735.7 84.3344
14747.7 84.6031
14759.8 84.8742
14771.8 85.1477
14783.8 85.4236
14795.8 85.1106
14807.8 84.2619
14819.8 83.4134
14831.8 82.5649
14843.8 81.7165
14855.9 80.868
14867.9 80.0193
14879.9 79.1703
14891.9 78.321
14903.9 77.7034
14915.9 77.1564
14927.9 76.6092
14939.9 76.0618
14952 75.5141
14964 74.9659
14976 74.4172
14988 73.8679
15000 73.3178
15012 71.3866
15024 69.4522
15036 67.5145
15048 65.5736
15060.1 63.6291
15072.1 61.6812
15084.1 59.7295
15096.1 57.7741
15108.1 56.0525
15120.1 55.1066
15132.1 54.1584
15144.1 53.2075
15156.2 52.2539
15168.2 51.2976
15180.2 50.3383
15192.2 49.376
15204.2 48.4105
15216.2 47.3542
15228.2 46.1978
15240.2 45.0376
15252.3 43.8735
15264.3 42.7054
15276.3 41.5331
15288.3 40.3566
15300.3 39.1757
15312.3 37.9902
15324.3 37.3862
15336.3 37.0182
15348.3 36.6467
15360.4 36.2714
15372.4 35.8923
15384.4 35.5092
15396.4 35.122
15408.4 34.7305
15420.4 34.3346
15432.4 34.1769
15444.4 34.0294
15456.5 33.8776
15468.5 33.7212
15480.5 33.5602
15492.5 33.3943
15504.5 33.2235
15516.5 33.0476
15528.5 32.743
15540.5 31.8902
15552.6 31.0309
15564.6 30.1648
15576.6 29.292
15588.6 28.4121
15600.6 27.5252
15612.6 26.631
15624.6 25.7294
15636.6 24.4009
15648.6 22.483
15660.7 20.5558
15672.7 18.619
15684.7 16.6725
15696.7 14.7162
15708.7 12.75
15720.7 10.7736
15732.7 8.78702
15744.7 6.83242
15756.8 4.88906
15768.8 2.93512
15780.8 0.970479
15792.8 -1.00501
15804.8 -2.99148
15816.8 -4.98907
15828.8 -6.9979
15840.8 -9.01811
15852.9 -10.9368
15864.9 -12.8537
15876.9 -14.7822
15888.9 -16.7223
15900.9 -18.6742
15912.9 -20.638
15924.9 -22.6138
15936.9 -24.6017
15948.9 -26.5615
15961 -28.2611
15973 -29.9725
15985 -31.696
15997 -33.4315
16009 -35.1791
16021 -36.9388
16033 -38.7108
16045 -40.495
16057.1 -42.0896
16069.1 -43.3535
16081.1 -44.6289
16093.1 -45.9158
16105.1 -47.2143
16117.1 -48.5242
16129.1 -49.8456
16141.1 -51.1783
16153.2 -52.5224
16165.2 -53.9944
16177.2 -55.5541
16189.2 -57.1251
16201.2 -58.7073
16213.2 -60.3007
16225.2 -61.905
16237.2 -63.5201
16249.2 -65.1457
16261.3 -66.7818
16273.3 -68.9613
16285.3 -71.2541
16297.3 -73.5575
16309.3 -75.8711
16321.3 -78.1948
16333.3 -80.528
16345.3 -82.8704
16357.4 -85.2217
16369.4 -87.5902
16381.4 -90.0658
16393.4 -92.5491
16405.4 -95.0395
16417.4 -97.5366
16429.4 -100.04
16441.4 -102.548
16453.5 -105.062
16465.5 -107.579
16477.5 -109.964
16489.5 -112.055
16501.5 -114.147
16513.5 -116.239
16525.5 -118.332
16537.5 -120.423
16549.5 -122.513
16561.6 -124.6
16573.6 -126.683
16585.6 -128.485
16597.6 -130.06
16609.6 -131.628
16621.6 -133.187
16633.6 -134.737
16645.6 -136.276
16657.7 -137.803
16669.7 -139.317
16681.7 -140.817
16693.7 -141.958
16705.7 -142.99
16717.7 -144.003
16729.7 -144.997
16741.7 -145.97
16753.8 -146.92
16765.8 -147.846
16777.8 -148.748
16789.8 -149.62
16801.8 -150.337
16813.8 -151.025
16825.8 -151.682
16837.8 -152.307
16849.8 -152.9
16861.9 -153.458
16873.9 -153.98
16885.9 -154.465
16897.9 -155.098
16909.9 -156.201
16921.9 -157.265
16933.9 -158.289
16945.9 -159.27
16958 -160.209
16970 -161.103
16982 -161.953
16994 -162.757
17006 -163.61
17018 -164.512
17030 -165.365
17042 -166.17
17054.1 -166.925
17066.1 -167.631
17078.1 -168.286
17090.1 -168.889
17102.1 -169.442
17114.1 -169.786
17126.1 -170.021
17138.1 -170.203
17150.2 -170.333
17162.2 -170.411
17174.2 -170.436
17186.2 -170.409
17198.2 -170.33
17210.2 -170.198
17222.2 -169.745
17234.2 -169.234
17246.2 -168.672
17258.3 -168.06
17270.3 -167.397
17282.3 -166.686
17294.3 -165.926
17306.3 -165.118
17318.3 -164.262
17330.3 -163.353
17342.3 -162.398
17354.4 -161.4
17366.4 -160.359
17378.4 -159.276
17390.4 -158.152
17402.4 -156.988
17414.4 -155.786
17426.4 -154.641
17438.4 -153.58
17450.5 -152.485
17462.5 -151.356
17474.5 -150.195
17486.5 -149.003
17498.5 -147.781
17510.5 -146.531
17522.5 -145.254
17534.5 -144.367
17546.5 -143.648
17558.6 -142.906
17570.6 -142.142
17582.6 -141.359
17594.6 -140.558
17606.6 -139.738
17618.6 -138.903
17630.6 -138.053
17642.6 -137.312
17654.7 -136.569
17666.7 -135.815
17678.7 -135.05
17690.7 -134.276
17702.7 -133.494
17714.7 -132.705
17726.7 -131.91
17738.7 -131.054
17750.8 -129.906
17762.8 -128.753
17774.8 -127.598
17786.8 -126.44
17798.8 -125.282
17810.8 -124.122
17822.8 -122.963
17834.8 -121.805
17846.8 -120.662
17858.9 -119.539
17870.9 -118.42
17882.9 -117.305
17894.9 -116.193
17906.9 -115.087
17918.9 -113.986
17930.9 -112.89
17942.9 -111.801
17955 -110.628
17967 -109.409
17979 -108.197
17991 -106.992
18003 -105.796
18015 -104.608
18027 -103.429
18039 -102.26
18051.1 -101.099
18063.1 -99.7694
18075.1 -98.4229
18087.1 -97.0862
18099.1 -95.7595
18111.1 -94.443
18123.1 -93.1368
18135.1 -91.841
18147.1 -90.5559
18159.2 -89.322
18171.2 -88.4449
18183.2 -87.5791
18195.2 -86.7249
18207.2 -85.8823
18219.2 -85.0514
18231.2 -84.2322
18243.2 -83.4247
18255.3 -82.629
18267.3 -81.9015
18279.3 -81.2959
18291.3 -80.7024
18303.3 -80.1209
18315.3 -79.5514
18327.3 -78.9939
18339.3 -78.4483
18351.4 -77.9147
18363.4 -77.3929
18375.4 -76.7887
18387.4 -76.1281
18399.4 -75.479
18411.4 -74.8414
18423.4 -74.2151
18435.4 -73.6002
18447.4 -72.9965
18459.5 -72.4039
18471.5 -71.8225
18483.5 -71.1235
18495.5 -70.4059
18507.5 -69.699
18519.5 -69.0026
18531.5 -68.3166
18543.5 -67.641
18555.6 -66.9756
18567.6 -66.3204
18579.6 -65.6661
18591.6 -64.8678
18603.6 -64.0792
18615.6 -63.3001
18627.6 -62.5304
18639.6 -61.7701
18651.7 -61.019
18663.7 -60.2771
18675.7 -59.5442
18687.7 -58.859
18699.7 -58.2777
18711.7 -57.7052
18723.7 -57.1415
18735.7 -56.5865
18747.7 -56.04
18759.8 -55.502
18771.8 -54.9724
18783.8 -54.451
18795.8 -53.8742
18807.8 -53.2476
18819.8 -52.6288
18831.8 -52.0177
18843.8 -51.4141
18855.9 -50.8181
18867.9 -50.2294
18879.9 -49.6481
18891.9 -49.0739
18903.9 -48.626
18915.9 -48.2217
18927.9 -47.8245
18939.9 -47.4342
18952 -47.0509
18964 -46.6744
18976 -46.3047
18988 -45.9416
19000 -45.585
