7000 -99.4162
7012.01 -98.3463
7024.02 -97.257
7036.04 -96.1483
7048.05 -95.02
7060.06 -93.8722
7072.07 -92.7047
7084.08 -91.5175
7096.1 -90.3104
7108.11 -89.0835
7120.12 -87.8366
7132.13 -86.5697
7144.14 -85.2827
7156.16 -83.9757
7168.17 -82.6484
7180.18 -81.301
7192.19 -79.9332
7204.2 -78.5452
7216.22 -77.1368
7228.23 -75.7081
7240.24 -74.259
7252.25 -72.7894
7264.26 -71.2994
7276.28 -69.7889
7288.29 -68.2579
7300.3 -66.7065
7312.31 -65.1346
7324.32 -63.5421
7336.34 -61.9292
7348.35 -60.2958
7360.36 -58.6419
7372.37 -56.9676
7384.38 -55.2728
7396.4 -53.5576
7408.41 -51.8221
7420.42 -50.0662
7432.43 -48.29
7444.44 -46.4936
7456.46 -44.6769
7468.47 -42.8401
7480.48 -41.0142
7492.49 -39.1922
7504.5 -37.3504
7516.52 -35.4889
7528.53 -33.6078
7540.54 -31.7071
7552.55 -29.787
7564.56 -27.8476
7576.58 -25.8889
7588.59 -23.3231
7600.6 -20.5915
7612.61 -17.8387
7624.62 -15.0648
7636.64 -12.2699
7648.65 -9.45413
7660.66 -6.6177
7672.67 -3.76071
7684.68 -0.909045
7696.7 1.33661
7708.71 3.60031
7720.72 5.88188
7732.73 8.18114
7744.74 10.4979
7756.76 12.832
7768.77 15.1833
7780.78 17.5515
7792.79 19.8713
7804.8 22.0368
7816.82 24.2179
7828.83 26.4143
7840.84 28.6259
7852.85 30.8524
7864.86 33.0936
7876.88 35.3491
7888.89 37.6189
7900.9 39.898
7912.91 42.1866
7924.92 44.4885
7936.94 46.8035
7948.95 49.1313
7960.96 51.4716
7972.97 53.8242
7984.98 56.1887
7997 58.5648
8009.01 60.8937
8021.02 63.2139
8033.03 65.5446
8045.05 67.8855
8057.06 70.2361
8069.07 72.5963
8081.08 74.9657
8093.09 77.3438
8105.11 79.7305
8117.12 82.4435
8129.13 85.1694
8141.14 87.9036
8153.15 90.6459
8165.17 93.3958
8177.18 96.153
8189.19 98.9171
8201.2 101.688
8213.21 104.475
8225.23 107.304
8237.24 110.138
8249.25 112.977
8261.26 115.822
8273.27 118.67
8285.29 121.522
8297.3 124.378
8309.31 127.237
8321.32 130.132
8333.33 133.068
8345.35 136.007
8357.36 138.947
8369.37 141.888
8381.38 144.83
8393.39 147.772
8405.41 150.715
8417.42 153.656
8429.43 155.769
8441.44 157.519
8453.45 159.264
8465.47 161.003
8477.48 162.736
8489.49 164.463
8501.5 166.182
8513.51 167.895
8525.53 169.6
8537.54 173.26
8549.55 177.057
8561.56 180.851
8573.57 184.641
8585.59 188.427
8597.6 192.209
8609.61 195.986
8621.62 199.758
8633.63 203.047
8645.65 204.008
8657.66 204.956
8669.67 205.889
8681.68 206.807
8693.69 207.709
8705.71 208.596
8717.72 209.466
8729.73 210.32
8741.74 211.913
8753.75 214.589
8765.77 217.253
8777.78 219.903
8789.79 222.541
8801.8 225.164
8813.81 227.773
8825.83 230.367
8837.84 232.947
8849.85 235.511
8861.86 238.059
8873.87 240.592
8885.89 243.108
8897.9 245.607
8909.91 248.09
8921.92 250.555
8933.93 253.002
8945.95 255.432
8957.96 257.843
8969.97 260.236
8981.98 262.61
8993.99 264.965
9006.01 267.3
9018.02 269.616
9030.03 271.912
9042.04 274.187
9054.05 276.443
9066.07 278.677
9078.08 280.891
9090.09 283.084
9102.1 285.255
9114.11 287.405
9126.13 289.533
9138.14 291.64
9150.15 293.724
9162.16 295.786
9174.17 297.826
9186.19 299.843
9198.2 301.838
9210.21 303.81
9222.22 305.758
9234.23 307.684
9246.25 309.587
9258.26 311.466
9270.27 313.322
9282.28 315.155
9294.29 316.964
9306.31 318.75
9318.32 320.512
9330.33 322.251
9342.34 323.965
9354.35 325.657
9366.37 327.324
9378.38 328.968
9390.39 330.588
9402.4 332.185
9414.41 333.758
9426.43 335.307
9438.44 336.833
9450.45 338.335
9462.46 339.814
9474.47 341.269
9486.49 342.701
9498.5 344.111
9510.51 345.497
9522.52 346.86
9534.53 348.2
9546.55 349.518
9558.56 350.813
9570.57 352.085
9582.58 353.336
9594.59 354.564
9606.61 355.771
9618.62 356.956
9630.63 358.119
9642.64 359.261
9654.65 360.382
9666.67 361.482
9678.68 362.562
9690.69 363.621
9702.7 364.66
9714.71 365.68
9726.73 366.68
9738.74 367.66
9750.75 368.622
9762.76 369.565
9774.77 370.489
9786.79 371.395
9798.8 372.284
9810.81 373.155
9822.82 374.01
9834.83 374.847
9846.85 375.668
9858.86 376.473
9870.87 377.263
9882.88 378.037
9894.89 378.797
9906.91 379.542
9918.92 380.273
9930.93 380.99
9942.94 381.694
9954.95 382.385
9966.97 383.064
9978.98 383.731
9990.99 384.387
10003 385.031
10015 385.665
10027 386.289
10039 386.903
10051.1 387.508
10063.1 388.105
10075.1 388.693
10087.1 389.274
10099.1 389.848
10111.1 390.415
10123.1 390.976
10135.1 391.531
10147.1 392.082
10159.2 392.627
10171.2 393.169
10183.2 393.708
10195.2 394.244
10207.2 394.777
10219.2 395.309
10231.2 395.839
10243.2 396.369
10255.3 396.899
10267.3 397.43
10279.3 397.961
10291.3 398.495
10303.3 399.03
10315.3 399.569
10327.3 400.111
10339.3 400.657
10351.4 401.208
10363.4 401.764
10375.4 402.327
10387.4 402.895
10399.4 403.471
10411.4 404.054
10423.4 404.646
10435.4 405.246
10447.4 405.856
10459.5 406.476
10471.5 407.107
10483.5 407.749
10495.5 408.402
10507.5 409.068
10519.5 409.747
10531.5 410.439
10543.5 411.146
10555.6 411.867
10567.6 412.603
10579.6 413.354
10591.6 414.122
10603.6 414.906
10615.6 415.707
10627.6 416.526
10639.6 417.362
10651.7 418.217
10663.7 419.091
10675.7 419.984
10687.7 420.896
10699.7 421.827
10711.7 422.779
10723.7 423.751
10735.7 424.744
10747.7 425.757
10759.8 426.791
10771.8 427.845
10783.8 428.921
10795.8 430.018
10807.8 431.136
10819.8 432.274
10831.8 433.434
10843.8 434.614
10855.9 435.814
10867.9 437.034
10879.9 438.274
10891.9 439.533
10903.9 440.402
10915.9 441.163
10927.9 441.941
10939.9 442.735
10952 443.543
10964 444.365
10976 445.2
10988 446.046
11000 446.903
11012 447.763
11024 448.631
11036 449.505
11048 450.384
11060.1 451.266
11072.1 452.151
11084.1 453.035
11096.1 453.917
11108.1 454.816
11120.1 455.777
11132.1 456.729
11144.1 457.671
11156.2 458.6
11168.2 459.513
11180.2 460.408
11192.2 461.282
11204.2 462.132
11216.2 463.288
11228.2 464.78
11240.2 466.24
11252.3 467.667
11264.3 469.057
11276.3 470.406
11288.3 471.713
11300.3 472.972
11312.3 474.182
11324.3 475.714
11336.3 477.345
11348.3 478.917
11360.4 480.429
11372.4 481.875
11384.4 483.255
11396.4 484.563
11408.4 485.799
11420.4 486.958
11432.4 486.172
11444.4 485.19
11456.5 484.119
11468.5 482.958
11480.5 481.705
11492.5 480.357
11504.5 478.913
11516.5 477.372
11528.5 475.993
11540.5 475.669
11552.6 475.247
11564.6 474.725
11576.6 474.104
11588.6 473.382
11600.6 472.56
11612.6 471.638
11624.6 470.616
11636.6 469.541
11648.6 468.431
11660.7 467.225
11672.7 465.921
11684.7 464.523
11696.7 463.032
11708.7 461.448
11720.7 459.775
11732.7 458.014
11744.7 455.599
11756.8 452.808
11768.8 449.934
11780.8 446.981
11792.8 443.951
11804.8 440.847
11816.8 437.671
11828.8 434.427
11840.8 431.118
11852.9 428.291
11864.9 425.47
11876.9 422.594
11888.9 419.667
11900.9 416.691
11912.9 413.671
11924.9 410.609
11936.9 407.508
11948.9 404.361
11961 401.108
11973 397.826
11985 394.517
11997 391.184
12009 387.831
12021 384.459
12033 381.072
12045 377.672
12057.1 374.406
12069.1 371.378
12081.1 368.345
12093.1 365.309
12105.1 362.274
12117.1 359.24
12129.1 356.21
12141.1 353.187
12153.2 350.171
12165.2 345.827
12177.2 340.617
12189.2 335.415
12201.2 330.223
12213.2 325.042
12225.2 319.874
12237.2 314.72
12249.2 309.58
12261.3 304.456
12273.3 301.189
12285.3 298.297
12297.3 295.428
12309.3 292.583
12321.3 289.763
12333.3 286.968
12345.3 284.199
12357.4 281.456
12369.4 278.691
12381.4 275.397
12393.4 272.129
12405.4 268.888
12417.4 265.675
12429.4 262.489
12441.4 259.33
12453.5 256.2
12465.5 253.097
12477.5 250.294
12489.5 248.111
12501.5 245.959
12513.5 243.836
12525.5 241.743
12537.5 239.68
12549.5 237.647
12561.6 235.644
12573.6 233.67
12585.6 231.329
12597.6 228.699
12609.6 226.098
12621.6 223.525
12633.6 220.979
12645.6 218.46
12657.7 215.968
12669.7 213.504
12681.7 211.066
12693.7 208.67
12705.7 206.304
12717.7 203.964
12729.7 201.65
12741.7 199.361
12753.8 197.098
12765.8 194.86
12777.8 192.646
12789.8 190.447
12801.8 187.872
12813.8 185.32
12825.8 182.791
12837.8 180.285
12849.8 177.8
12861.9 175.338
12873.9 172.898
12885.9 170.479
12897.9 168.306
12909.9 166.778
12921.9 165.272
12933.9 163.787
12945.9 162.324
12958 160.883
12970 159.462
12982 158.062
12994 156.683
13006 154.929
13018 152.8
13030 150.689
13042 148.596
13054.1 146.521
13066.1 144.463
13078.1 142.422
13090.1 140.398
13102.1 138.39
13114.1 136.299
13126.1 134.186
13138.1 132.089
13150.2 130.008
13162.2 127.942
13174.2 125.891
13186.2 123.854
13198.2 121.832
13210.2 119.824
13222.2 118.311
13234.2 116.824
13246.2 115.352
13258.3 113.895
13270.3 112.451
13282.3 111.021
13294.3 109.604
13306.3 108.201
13318.3 106.826
13330.3 105.516
13342.3 104.22
13354.4 102.936
13366.4 101.664
13378.4 100.405
13390.4 99.1582
13402.4 97.9232
13414.4 96.6998
13426.4 95.9419
13438.4 95.7663
13450.5 95.6038
13462.5 95.4541
13474.5 95.3171
13486.5 95.1926
13498.5 95.0804
13510.5 94.9804
13522.5 94.8924
13534.5 94.4122
13546.5 93.7575
13558.6 93.1133
13570.6 92.4793
13582.6 91.8556
13594.6 91.2419
13606.6 90.638
13618.6 90.0439
13630.6 89.4593
13642.6 88.1504
13654.7 86.785
13666.7 85.4274
13678.7 84.0774
13690.7 82.7348
13702.7 81.3996
13714.7 80.0715
13726.7 78.7506
13738.7 77.421
13750.8 76.0178
13762.8 74.6211
13774.8 73.2307
13786.8 71.8466
13798.8 70.4686
13810.8 69.0967
13822.8 67.7306
13834.8 66.3702
13846.8 64.9993
13858.9 63.6092
13870.9 62.2244
13882.9 60.8448
13894.9 59.4702
13906.9 58.1007
13918.9 56.736
13930.9 55.3761
13942.9 54.0208
13955 52.5881
13967 51.1112
13979 49.6384
13991 48.1695
14003 46.7046
14015 45.2433
14027 43.7858
14039 42.3318
14051.1 40.8812
14063.1 39.4041
14075.1 37.9257
14087.1 36.4503
14099.1 34.978
14111.1 33.5085
14123.1 32.0417
14135.1 30.5777
14147.1 29.1162
14159.2 27.7458
14171.2 27.1358
14183.2 26.5295
14195.2 25.9268
14207.2 25.3276
14219.2 24.7318
14231.2 24.1393
14243.2 23.55
14255.3 22.9638
14267.3 22.4459
14279.3 22.0586
14291.3 21.6744
14303.3 21.2933
14315.3 20.9151
14327.3 20.5398
14339.3 20.1672
14351.4 19.7973
14363.4 19.43
14375.4 18.8493
14387.4 18.1147
14399.4 17.3818
14411.4 16.6504
14423.4 15.9205
14435.4 15.1919
14447.4 14.4646
14459.5 13.7385
14471.5 13.0134
14483.5 11.8273
14495.5 10.536
14507.5 9.24447
14519.5 7.95271
14531.5 6.66059
14543.5 5.36801
14555.6 4.07486
14567.6 2.78105
14579.6 1.473
14591.6 -0.0606869
14603.6 -1.59573
14615.6 -3.13224
14627.6 -4.67031
14639.6 -6.21004
14651.7 -7.75153
14663.7 -9.2949
14675.7 -10.8402
14687.7 -12.4151
14699.7 -14.0593
14711.7 -15.7059
14723.7 -17.3551
14735.7 -19.007
14747.7 -20.6616
14759.8 -22.3191
14771.8 -23.9796
14783.8 -25.6431
14795.8 -27.1284
14807.8 -28.4518
14819.8 -29.778
14831.8 -31.1072
14843.8 -32.4395
14855.9 -33.775
14867.9 -35.1138
14879.9 -36.4561
14891.9 -37.8019
14903.9 -38.1691
14915.9 -38.2385
14927.9 -38.3097
14939.9 -38.3829
14952 -38.4582
14964 -38.5357
14976 -38.6155
14988 -38.6977
15000 -38.7826
15012 -38.8896
15024 -38.9995
15036 -39.1124
15048 -39.2284
15060.1 -39.3477
15072.1 -39.4703
15084.1 -39.5965
15096.1 -39.7262
15108.1 -39.9693
15120.1 -40.5755
15132.1 -41.1866
15144.1 -41.8026
15156.2 -42.4236
15168.2 -43.0498
15180.2 -43.6814
15192.2 -44.3184
15204.2 -44.9611
15216.2 -45.827
15228.2 -46.9387
15240.2 -48.0573
15252.3 -49.1827
15264.3 -50.3152
15276.3 -51.4549
15288.3 -52.6019
15300.3 -53.7565
15312.3 -54.9186
15324.3 -56.2378
15336.3 -57.6262
15348.3 -59.0231
15360.4 -60.4285
15372.4 -61.8426
15384.4 -63.2656
15396.4 -64.6976
15408.4 -66.1387
15420.4 -67.5891
15432.4 -69.4315
15444.4 -71.3071
15456.5 -73.193
15468.5 -75.0895
15480.5 -76.9966
15492.5 -78.9145
15504.5 -80.8434
15516.5 -82.7834
15528.5 -84.5144
15540.5 -85.289
15552.6 -86.0732
15564.6 -86.8673
15576.6 -87.6714
15588.6 -88.4855
15600.6 -89.3098
15612.6 -90.1445
15624.6 -90.9896
15636.6 -91.5283
15648.6 -91.6381
15660.7 -91.7574
15672.7 -91.8866
15684.7 -92.0255
15696.7 -92.1745
15708.7 -92.3334
15720.7 -92.5025
15732.7 -92.6818
15744.7 -93.25
15756.8 -94.023
15768.8 -94.8073
15780.8 -95.603
15792.8 -96.41
15804.8 -97.2285
15816.8 -98.0584
15828.8 -98.8998
15840.8 -99.7526
15852.9 -101.385
15864.9 -103.119
15876.9 -104.866
15888.9 -106.626
15900.9 -108.399
15912.9 -110.184
15924.9 -111.981
15936.9 -113.791
15948.9 -115.657
15961 -117.831
15973 -120.017
15985 -122.215
15997 -124.426
16009 -126.649
16021 -128.883
16033 -131.129
16045 -133.387
16057.1 -135.682
16069.1 -138.035
16081.1 -140.398
16093.1 -142.771
16105.1 -145.154
16117.1 -147.547
16129.1 -149.948
16141.1 -152.358
16153.2 -154.776
16165.2 -156.975
16177.2 -159.034
16189.2 -161.098
16201.2 -163.168
16213.2 -165.243
16225.2 -167.321
16237.2 -169.403
16249.2 -171.487
16261.3 -173.574
16273.3 -174.502
16285.3 -175.206
16297.3 -175.908
16309.3 -176.606
16321.3 -177.299
16333.3 -177.988
16345.3 -178.67
16357.4 -179.345
16369.4 -180.063
16381.4 -181.367
16393.4 -182.66
16405.4 -183.944
16417.4 -185.215
16429.4 -186.474
16441.4 -187.719
16453.5 -188.948
16465.5 -190.161
16477.5 -191.53
16489.5 -193.26
16501.5 -194.97
16513.5 -196.66
16525.5 -198.327
16537.5 -199.971
16549.5 -201.591
16561.6 -203.184
16573.6 -204.75
16585.6 -206.436
16597.6 -208.211
16609.6 -209.954
16621.6 -211.666
16633.6 -213.344
16645.6 -214.987
16657.7 -216.594
16669.7 -218.163
16681.7 -219.694
16693.7 -221.462
16705.7 -223.263
16717.7 -225.022
16729.7 -226.739
16741.7 -228.413
16753.8 -230.041
16765.8 -231.624
16777.8 -233.16
16789.8 -234.639
16801.8 -235.68
16813.8 -236.673
16825.8 -237.614
16837.8 -238.505
16849.8 -239.345
16861.9 -240.133
16873.9 -240.869
16885.9 -241.552
16897.9 -241.968
16909.9 -241.74
16921.9 -241.459
16933.9 -241.122
16945.9 -240.732
16958 -240.287
16970 -239.788
16982 -239.235
16994 -238.629
17006 -238.215
17018 -237.996
17030 -237.724
17042 -237.402
17054.1 -237.029
17066.1 -236.606
17078.1 -236.135
17090.1 -235.615
17102.1 -235.048
17114.1 -234.677
17126.1 -234.35
17138.1 -233.979
17150.2 -233.565
17162.2 -233.109
17174.2 -232.611
17186.2 -232.075
17198.2 -231.499
17210.2 -230.886
17222.2 -230.268
17234.2 -229.616
17246.2 -228.931
17258.3 -228.213
17270.3 -227.464
17282.3 -226.685
17294.3 -225.877
17306.3 -225.042
17318.3 -224.196
17330.3 -223.377
17342.3 -222.534
17354.4 -221.67
17366.4 -220.785
17378.4 -219.88
17390.4 -218.957
17402.4 -218.017
17414.4 -217.062
17426.4 -216.078
17438.4 -215.063
17450.5 -214.037
17462.5 -212.999
17474.5 -211.95
17486.5 -210.893
17498.5 -209.828
17510.5 -208.755
17522.5 -207.677
17534.5 -206.13
17546.5 -204.366
17558.6 -202.599
17570.6 -200.827
17582.6 -199.054
17594.6 -197.278
17606.6 -195.502
17618.6 -193.725
17630.6 -191.95
17642.6 -190.105
17654.7 -188.255
17666.7 -186.409
17678.7 -184.565
17690.7 -182.725
17702.7 -180.89
17714.7 -179.059
17726.7 -177.233
17738.7 -175.405
17750.8 -173.544
17762.8 -171.688
17774.8 -169.84
17786.8 -167.999
17798.8 -166.166
17810.8 -164.341
17822.8 -162.524
17834.8 -160.716
17846.8 -159.1
17858.9 -157.772
17870.9 -156.455
17882.9 -155.148
17894.9 -153.851
17906.9 -152.565
17918.9 -151.291
17930.9 -150.027
17942.9 -148.774
17955 -147.589
17967 -146.449
17979 -145.32
17991 -144.203
18003 -143.098
18015 -142.005
18027 -140.924
18039 -139.854
18051.1 -138.797
18063.1 -137.519
18075.1 -136.217
18087.1 -134.928
18099.1 -133.65
18111.1 -132.384
18123.1 -131.129
18135.1 -129.887
18147.1 -128.656
18159.2 -127.435
18171.2 -126.217
18183.2 -125.01
18195.2 -123.815
18207.2 -122.631
18219.2 -121.458
18231.2 -120.297
18243.2 -119.147
18255.3 -118.008
18267.3 -116.812
18279.3 -115.496
18291.3 -114.19
18303.3 -112.895
18315.3 -111.611
18327.3 -110.336
18339.3 -109.072
18351.4 -107.819
18363.4 -106.575
18375.4 -105.471
18387.4 -104.469
18399.4 -103.479
18411.4 -102.498
18423.4 -101.526
18435.4 -100.565
18447.4 -99.6136
18459.5 -98.6715
18471.5 -97.739
18483.5 -96.885
18495.5 -96.0562
18507.5 -95.2366
18519.5 -94.4262
18531.5 -93.6249
18543.5 -92.8325
18555.6 -92.0489
18567.6 -91.2741
18579.6 -90.5157
18591.6 -89.8942
18603.6 -89.2813
18615.6 -88.6769
18627.6 -88.0809
18639.6 -87.4932
18651.7 -86.9137
18663.7 -86.3422
18675.7 -85.7788
18687.7 -85.3462
18699.7 -85.2221
18711.7 -85.1063
18723.7 -84.9986
18735.7 -84.899
18747.7 -84.8073
18759.8 -84.7234
18771.8 -84.6474
18783.8 -84.5789
18795.8 -84.2383
18807.8 -83.6505
18819.8 -83.0694
18831.8 -82.495
18843.8 -81.9271
18855.9 -81.3656
18867.9 -80.8105
18879.9 -80.2616
18891.9 -79.7189
18903.9 -79.0148
18915.9 -78.2654
18927.9 -77.5216
18939.9 -76.7834
18952 -76.0506
18964 -75.3233
18976 -74.6013
18988 -73.8846
19000 -73.1731
