7000 -21.9801
7012.01 -21.6458
7024.02 -21.308
7036.04 -20.9666
7048.05 -20.6216
7060.06 -20.273
7072.07 -19.921
7084.08 -19.5654
7096.1 -19.2063
7108.11 -18.8438
7120.12 -18.4779
7132.13 -18.1085
7144.14 -17.7358
7156.16 -17.3597
7168.17 -16.9802
7180.18 -16.5974
7192.19 -16.2113
7204.2 -15.8218
7216.22 -15.4291
7228.23 -15.0332
7240.24 -14.634
7252.25 -14.2315
7264.26 -13.8259
7276.28 -13.4171
7288.29 -13.005
7300.3 -12.5899
7312.31 -12.1716
7324.32 -11.7501
7336.34 -11.3255
7348.35 -10.8978
7360.36 -10.4671
7372.37 -10.0332
7384.38 -9.59628
7396.4 -9.15628
7408.41 -8.71324
7420.42 -8.26715
7432.43 -7.81803
7444.44 -7.36589
7456.46 -6.91073
7468.47 -6.45256
7480.48 -6.0032
7492.49 -5.55994
7504.5 -5.11376
7516.52 -4.66466
7528.53 -4.21264
7540.54 -3.75771
7552.55 -3.29987
7564.56 -2.83912
7576.58 -2.37547
7588.59 -1.67496
7600.6 -0.913095
7612.61 -0.147407
7624.62 0.622111
7636.64 1.39546
7648.65 2.17264
7660.66 2.95366
7672.67 3.73851
7684.68 4.51428
7696.7 4.979
7708.71 5.44656
7720.72 5.91695
7732.73 6.39018
7744.74 6.86627
7756.76 7.34521
7768.77 7.82703
7780.78 8.31172
7792.79 8.82088
7804.8 9.38953
7816.82 9.96133
7828.83 10.5363
7840.84 11.1144
7852.85 11.6958
7864.86 12.2803
7876.88 12.868
7888.89 13.459
7900.9 13.9603
7912.91 14.3763
7924.92 14.795
7936.94 15.2164
7948.95 15.6406
7960.96 16.0676
7972.97 16.4974
7984.98 16.93
7997 17.3655
8009.01 18.0242
8021.02 18.7601
8033.03 19.4997
8045.05 20.2431
8057.06 20.9904
8069.07 21.7415
8081.08 22.4966
8093.09 23.2555
8105.11 24.0183
8117.12 24.3789
8129.13 24.737
8141.14 25.0979
8153.15 25.4616
8165.17 25.8282
8177.18 26.1976
8189.19 26.5699
8201.2 26.9452
8213.21 27.465
8225.23 28.4813
8237.24 29.5025
8249.25 30.5286
8261.26 31.5596
8273.27 32.5956
8285.29 33.6366
8297.3 34.6826
8309.31 35.7337
8321.32 36.4107
8333.33 36.6467
8345.35 36.8855
8357.36 37.1271
8369.37 37.3717
8381.38 37.6191
8393.39 37.8695
8405.41 38.1228
8417.42 38.3792
8429.43 39.0954
8441.44 40.0143
8453.45 40.9383
8465.47 41.8672
8477.48 42.8013
8489.49 43.7404
8501.5 44.6847
8513.51 45.6342
8525.53 46.589
8537.54 46.7727
8549.55 46.9046
8561.56 47.0394
8573.57 47.1773
8585.59 47.3184
8597.6 47.4625
8609.61 47.6099
8621.62 47.7605
8633.63 48.1399
8645.65 49.618
8657.66 51.1032
8669.67 52.5955
8681.68 54.0949
8693.69 55.6014
8705.71 57.1152
8717.72 58.6362
8729.73 60.1646
8741.74 61.4442
8753.75 62.3585
8765.77 63.2785
8777.78 64.2043
8789.79 65.1359
8801.8 66.0733
8813.81 67.0167
8825.83 67.966
8837.84 68.9213
8849.85 69.8826
8861.86 70.85
8873.87 71.8235
8885.89 72.8032
8897.9 73.7892
8909.91 74.7813
8921.92 75.7798
8933.93 76.7847
8945.95 77.7959
8957.96 78.8136
8969.97 79.8378
8981.98 80.8685
8993.99 81.9058
9006.01 82.9497
9018.02 84.0003
9030.03 85.0575
9042.04 86.1215
9054.05 87.1923
9066.07 88.27
9078.08 89.3545
9090.09 90.4459
9102.1 91.5443
9114.11 92.6496
9126.13 93.762
9138.14 94.8814
9150.15 96.008
9162.16 97.1417
9174.17 98.2826
9186.19 99.4307
9198.2 100.586
9210.21 101.749
9222.22 102.919
9234.23 104.096
9246.25 105.281
9258.26 106.473
9270.27 107.672
9282.28 108.879
9294.29 110.094
9306.31 111.316
9318.32 112.545
9330.33 113.782
9342.34 115.027
9354.35 116.279
9366.37 117.539
9378.38 118.807
9390.39 120.082
9402.4 121.365
9414.41 122.655
9426.43 123.953
9438.44 125.259
9450.45 126.573
9462.46 127.894
9474.47 129.223
9486.49 130.56
9498.5 131.905
9510.51 133.257
9522.52 134.617
9534.53 135.984
9546.55 137.36
9558.56 138.743
9570.57 140.133
9582.58 141.532
9594.59 142.938
9606.61 144.351
9618.62 145.772
9630.63 147.201
9642.64 148.637
9654.65 150.08
9666.67 151.531
9678.68 152.99
9690.69 154.456
9702.7 155.929
9714.71 157.409
9726.73 158.896
9738.74 160.391
9750.75 161.893
9762.76 163.401
9774.77 164.917
9786.79 166.439
9798.8 167.968
9810.81 169.504
9822.82 171.047
9834.83 172.596
9846.85 174.151
9858.86 175.713
9870.87 177.281
9882.88 178.855
9894.89 180.434
9906.91 182.02
9918.92 183.612
9930.93 185.209
9942.94 186.811
9954.95 188.419
9966.97 190.032
9978.98 191.65
9990.99 193.273
10003 194.9
10015 196.532
10027 198.168
10039 199.809
10051.1 201.453
10063.1 203.101
10075.1 204.753
10087.1 206.408
10099.1 208.066
10111.1 209.727
10123.1 211.391
10135.1 213.057
10147.1 214.725
10159.2 216.395
10171.2 218.067
10183.2 219.741
10195.2 221.415
10207.2 223.091
10219.2 224.767
10231.2 226.443
10243.2 228.119
10255.3 229.795
10267.3 231.47
10279.3 233.144
10291.3 234.817
10303.3 236.489
10315.3 238.158
10327.3 239.825
10339.3 241.49
10351.4 243.151
10363.4 244.809
10375.4 246.463
10387.4 248.113
10399.4 249.758
10411.4 251.398
10423.4 253.033
10435.4 254.662
10447.4 256.285
10459.5 257.901
10471.5 259.51
10483.5 261.111
10495.5 262.704
10507.5 264.289
10519.5 265.864
10531.5 267.431
10543.5 268.987
10555.6 270.533
10567.6 272.068
10579.6 273.591
10591.6 275.103
10603.6 276.602
10615.6 278.088
10627.6 279.561
10639.6 281.02
10651.7 282.464
10663.7 283.893
10675.7 285.307
10687.7 286.704
10699.7 288.085
10711.7 289.449
10723.7 290.794
10735.7 292.122
10747.7 293.43
10759.8 294.719
10771.8 295.988
10783.8 297.237
10795.8 298.464
10807.8 299.67
10819.8 300.853
10831.8 302.014
10843.8 303.151
10855.9 304.265
10867.9 305.353
10879.9 306.417
10891.9 307.456
10903.9 307.153
10915.9 306.419
10927.9 305.654
10939.9 304.857
10952 304.029
10964 303.168
10976 302.274
10988 301.346
11000 300.384
11012 300.298
11024 300.178
11036 300.025
11048 299.839
11060.1 299.617
11072.1 299.361
11084.1 299.069
11096.1 298.742
11108.1 298.514
11120.1 298.694
11132.1 298.838
11144.1 298.946
11156.2 299.018
11168.2 299.053
11180.2 299.051
11192.2 299.012
11204.2 298.935
11216.2 299.156
11228.2 299.709
11240.2 300.226
11252.3 300.705
11264.3 301.147
11276.3 301.552
11288.3 301.919
11300.3 302.248
11312.3 302.54
11324.3 303.028
11336.3 303.576
11348.3 304.086
11360.4 304.558
11372.4 304.993
11384.4 305.391
11396.4 305.751
11408.4 306.075
11420.4 306.361
11432.4 305.467
11444.4 304.466
11456.5 303.425
11468.5 302.345
11480.5 301.226
11492.5 300.068
11504.5 298.871
11516.5 297.636
11528.5 296.515
11540.5 296.022
11552.6 295.493
11564.6 294.929
11576.6 294.33
11588.6 293.696
11600.6 293.027
11612.6 292.325
11624.6 291.59
11636.6 290.788
11648.6 289.907
11660.7 288.993
11672.7 288.048
11684.7 287.072
11696.7 286.065
11708.7 285.029
11720.7 283.963
11732.7 282.868
11744.7 281.29
11756.8 279.45
11768.8 277.581
11780.8 275.685
11792.8 273.762
11804.8 271.812
11816.8 269.837
11828.8 267.837
11840.8 265.813
11852.9 264.083
11864.9 262.368
11876.9 260.632
11888.9 258.876
11900.9 257.099
11912.9 255.304
11924.9 253.49
11936.9 251.658
11948.9 249.807
11961 247.923
11973 246.022
11985 244.107
11997 242.179
12009 240.237
12021 238.283
12033 236.317
12045 234.341
12057.1 232.479
12069.1 230.818
12081.1 229.15
12093.1 227.475
12105.1 225.793
12117.1 224.105
12129.1 222.413
12141.1 220.717
12153.2 219.017
12165.2 216.434
12177.2 213.273
12189.2 210.107
12201.2 206.937
12213.2 203.765
12225.2 200.59
12237.2 197.414
12249.2 194.237
12261.3 191.059
12273.3 189.105
12285.3 187.39
12297.3 185.679
12309.3 183.973
12321.3 182.273
12333.3 180.578
12345.3 178.89
12357.4 177.209
12369.4 175.49
12381.4 173.265
12393.4 171.048
12405.4 168.838
12417.4 166.637
12429.4 164.444
12441.4 162.261
12453.5 160.087
12465.5 157.923
12477.5 155.813
12489.5 153.809
12501.5 151.816
12513.5 149.835
12525.5 147.866
12537.5 145.909
12549.5 143.965
12561.6 142.034
12573.6 140.116
12585.6 138.054
12597.6 135.881
12609.6 133.721
12621.6 131.575
12633.6 129.442
12645.6 127.324
12657.7 125.219
12669.7 123.129
12681.7 121.053
12693.7 119.201
12705.7 117.418
12717.7 115.651
12729.7 113.9
12741.7 112.163
12753.8 110.443
12765.8 108.738
12777.8 107.049
12789.8 105.371
12801.8 103.542
12813.8 101.729
12825.8 99.9307
12837.8 98.1483
12849.8 96.3815
12861.9 94.6302
12873.9 92.8945
12885.9 91.1742
12897.9 89.7207
12909.9 88.976
12921.9 88.2486
12933.9 87.5382
12945.9 86.8449
12958 86.1687
12970 85.5093
12982 84.8669
12994 84.2412
13006 83.3599
13018 82.2223
13030 81.1002
13042 79.9934
13054.1 78.902
13066.1 77.8258
13078.1 76.7646
13090.1 75.7184
13102.1 74.6871
13114.1 73.6326
13126.1 72.579
13138.1 71.5397
13150.2 70.5146
13162.2 69.5036
13174.2 68.5066
13186.2 67.5233
13198.2 66.5537
13210.2 65.5976
13222.2 64.9296
13234.2 64.282
13246.2 63.648
13258.3 63.0274
13270.3 62.4201
13282.3 61.8259
13294.3 61.2445
13306.3 60.676
13318.3 60.0108
13330.3 58.9456
13342.3 57.8916
13354.4 56.8489
13366.4 55.8172
13378.4 54.7963
13390.4 53.7862
13402.4 52.7865
13414.4 51.7973
13426.4 50.9943
13438.4 50.4231
13450.5 49.8624
13462.5 49.3121
13474.5 48.7721
13486.5 48.2422
13498.5 47.7222
13510.5 47.2119
13522.5 46.7113
13534.5 46.1658
13546.5 45.6046
13558.6 45.0523
13570.6 44.5089
13582.6 43.9741
13594.6 43.4478
13606.6 42.9299
13618.6 42.4201
13630.6 41.9184
13642.6 41.1269
13654.7 40.3164
13666.7 39.5129
13678.7 38.7163
13690.7 37.9263
13702.7 37.1429
13714.7 36.3659
13726.7 35.5951
13738.7 34.8462
13750.8 34.1858
13762.8 33.5312
13774.8 32.8826
13786.8 32.2396
13798.8 31.6022
13810.8 30.9702
13822.8 30.3434
13834.8 29.7218
13846.8 29.1026
13858.9 28.4842
13870.9 27.8706
13882.9 27.2615
13894.9 26.6569
13906.9 26.0566
13918.9 25.4604
13930.9 24.8684
13942.9 24.2803
13955 23.6964
13967 23.1165
13979 22.5402
13991 21.9673
14003 21.3977
14015 20.8313
14027 20.268
14039 19.7076
14051.1 19.15
14063.1 18.5657
14075.1 17.9796
14087.1 17.3959
14099.1 16.8146
14111.1 16.2354
14123.1 15.6583
14135.1 15.0831
14147.1 14.5099
14159.2 13.9263
14171.2 13.242
14183.2 12.559
14195.2 11.8772
14207.2 11.1966
14219.2 10.5169
14231.2 9.83816
14243.2 9.1602
14255.3 8.48292
14267.3 7.80017
14279.3 7.10606
14291.3 6.41229
14303.3 5.71877
14315.3 5.02538
14327.3 4.33203
14339.3 3.63861
14351.4 2.94503
14363.4 2.25117
14375.4 1.56891
14387.4 0.894843
14399.4 0.22024
14411.4 -0.455
14423.4 -1.13097
14435.4 -1.80778
14447.4 -2.48553
14459.5 -3.1643
14471.5 -3.84421
14483.5 -4.56712
14495.5 -5.30096
14507.5 -6.03632
14519.5 -6.77328
14531.5 -7.51195
14543.5 -8.25242
14555.6 -8.9948
14567.6 -9.73918
14579.6 -10.4832
14591.6 -11.189
14603.6 -11.897
14615.6 -12.6073
14627.6 -13.32
14639.6 -14.0352
14651.7 -14.7531
14663.7 -15.4737
14675.7 -16.1971
14687.7 -16.8838
14699.7 -17.4769
14711.7 -18.0729
14723.7 -18.6718
14735.7 -19.2739
14747.7 -19.8791
14759.8 -20.4877
14771.8 -21.0996
14783.8 -21.715
14795.8 -22.3023
14807.8 -22.8643
14819.8 -23.43
14831.8 -23.9996
14843.8 -24.573
14855.9 -25.1505
14867.9 -25.7321
14879.9 -26.318
14891.9 -26.9082
14903.9 -27.5997
14915.9 -28.3256
14927.9 -29.0563
14939.9 -29.792
14952 -30.5328
14964 -31.2787
14976 -32.03
14988 -32.7867
15000 -33.5489
15012 -34.2665
15024 -34.9898
15036 -35.7189
15048 -36.4539
15060.1 -37.1949
15072.1 -37.942
15084.1 -38.6953
15096.1 -39.455
15108.1 -40.2087
15120.1 -40.928
15132.1 -41.6539
15144.1 -42.3865
15156.2 -43.126
15168.2 -43.8725
15180.2 -44.6261
15192.2 -45.3868
15204.2 -46.1549
15216.2 -46.9108
15228.2 -47.6525
15240.2 -48.4018
15252.3 -49.1589
15264.3 -49.9238
15276.3 -50.6967
15288.3 -51.4777
15300.3 -52.2669
15312.3 -53.0645
15324.3 -53.7563
15336.3 -54.4098
15348.3 -55.0717
15360.4 -55.7421
15372.4 -56.4213
15384.4 -57.1092
15396.4 -57.8061
15408.4 -58.512
15420.4 -59.227
15432.4 -59.9723
15444.4 -60.7283
15456.5 -61.4939
15468.5 -62.269
15480.5 -63.0538
15492.5 -63.8485
15504.5 -64.6531
15516.5 -65.4677
15528.5 -66.2763
15540.5 -67.024
15552.6 -67.7818
15564.6 -68.5499
15576.6 -69.3284
15588.6 -70.1172
15600.6 -70.9165
15612.6 -71.7264
15624.6 -72.5469
15636.6 -73.3979
15648.6 -74.2872
15660.7 -75.1872
15672.7 -76.0982
15684.7 -77.0201
15696.7 -77.953
15708.7 -78.8969
15720.7 -79.8518
15732.7 -80.8177
15744.7 -81.7452
15756.8 -82.6583
15768.8 -83.5824
15780.8 -84.5173
15792.8 -85.4629
15804.8 -86.4194
15816.8 -87.3866
15828.8 -88.3643
15840.8 -89.3527
15852.9 -90.514
15864.9 -91.7049
15876.9 -92.9063
15888.9 -94.118
15900.9 -95.34
15912.9 -96.572
15924.9 -97.8139
15936.9 -99.0654
15948.9 -100.307
15961 -101.431
15973 -102.563
15985 -103.703
15997 -104.852
16009 -106.008
16021 -107.172
16033 -108.343
16045 -109.521
16057.1 -110.632
16069.1 -111.625
16081.1 -112.623
16093.1 -113.626
16105.1 -114.633
16117.1 -115.644
16129.1 -116.658
16141.1 -117.675
16153.2 -118.694
16165.2 -119.908
16177.2 -121.25
16189.2 -122.593
16201.2 -123.936
16213.2 -125.279
16225.2 -126.619
16237.2 -127.958
16249.2 -129.294
16261.3 -130.625
16273.3 -131.906
16285.3 -133.172
16297.3 -134.432
16309.3 -135.684
16321.3 -136.928
16333.3 -138.163
16345.3 -139.387
16357.4 -140.6
16369.4 -141.826
16381.4 -143.312
16393.4 -144.784
16405.4 -146.241
16417.4 -147.683
16429.4 -149.107
16441.4 -150.514
16453.5 -151.901
16465.5 -153.268
16477.5 -154.608
16489.5 -155.916
16501.5 -157.201
16513.5 -158.461
16525.5 -159.695
16537.5 -160.902
16549.5 -162.081
16561.6 -163.231
16573.6 -164.352
16585.6 -165.446
16597.6 -166.513
16609.6 -167.547
16621.6 -168.548
16633.6 -169.513
16645.6 -170.442
16657.7 -171.335
16669.7 -172.191
16681.7 -173.008
16693.7 -174.023
16705.7 -175.062
16717.7 -176.061
16729.7 -177.02
16741.7 -177.937
16753.8 -178.813
16765.8 -179.648
16777.8 -180.439
16789.8 -181.189
16801.8 -181.896
16813.8 -182.561
16825.8 -183.182
16837.8 -183.759
16849.8 -184.294
16861.9 -184.784
16873.9 -185.231
16885.9 -185.635
16897.9 -185.936
16909.9 -186.029
16921.9 -186.079
16933.9 -186.086
16945.9 -186.052
16958 -185.975
16970 -185.857
16982 -185.699
16994 -185.5
17006 -185.31
17018 -185.129
17030 -184.91
17042 -184.654
17054.1 -184.362
17066.1 -184.034
17078.1 -183.672
17090.1 -183.275
17102.1 -182.846
17114.1 -182.282
17126.1 -181.649
17138.1 -180.986
17150.2 -180.295
17162.2 -179.574
17174.2 -178.827
17186.2 -178.054
17198.2 -177.255
17210.2 -176.433
17222.2 -175.319
17234.2 -174.177
17246.2 -173.013
17258.3 -171.829
17270.3 -170.626
17282.3 -169.405
17294.3 -168.167
17306.3 -166.912
17318.3 -165.655
17330.3 -164.428
17342.3 -163.188
17354.4 -161.936
17366.4 -160.673
17378.4 -159.4
17390.4 -158.118
17402.4 -156.827
17414.4 -155.529
17426.4 -154.305
17438.4 -153.177
17450.5 -152.044
17462.5 -150.908
17474.5 -149.768
17486.5 -148.625
17498.5 -147.481
17510.5 -146.335
17522.5 -145.19
17534.5 -143.88
17546.5 -142.496
17558.6 -141.113
17570.6 -139.732
17582.6 -138.352
17594.6 -136.976
17606.6 -135.603
17618.6 -134.233
17630.6 -132.867
17642.6 -131.469
17654.7 -130.073
17666.7 -128.681
17678.7 -127.296
17690.7 -125.916
17702.7 -124.543
17714.7 -123.177
17726.7 -121.817
17738.7 -120.43
17750.8 -118.87
17762.8 -117.318
17774.8 -115.773
17786.8 -114.236
17798.8 -112.707
17810.8 -111.187
17822.8 -109.675
17834.8 -108.171
17846.8 -106.787
17858.9 -105.579
17870.9 -104.38
17882.9 -103.191
17894.9 -102.012
17906.9 -100.842
17918.9 -99.6822
17930.9 -98.5321
17942.9 -97.392
17955 -96.2609
17967 -95.1394
17979 -94.0278
17991 -92.9262
18003 -91.8347
18015 -90.7533
18027 -89.6819
18039 -88.6206
18051.1 -87.5693
18063.1 -86.3209
18075.1 -85.0516
18087.1 -83.7919
18099.1 -82.5419
18111.1 -81.3014
18123.1 -80.0704
18135.1 -78.849
18147.1 -77.637
18159.2 -76.4554
18171.2 -75.463
18183.2 -74.48
18195.2 -73.5066
18207.2 -72.5425
18219.2 -71.5878
18231.2 -70.6424
18243.2 -69.7062
18255.3 -68.7791
18267.3 -67.8717
18279.3 -66.9941
18291.3 -66.1255
18303.3 -65.2657
18315.3 -64.4147
18327.3 -63.5724
18339.3 -62.7387
18351.4 -61.9135
18363.4 -61.0968
18375.4 -60.3667
18387.4 -59.7015
18399.4 -59.0447
18411.4 -58.3961
18423.4 -57.7558
18435.4 -57.1235
18447.4 -56.4992
18459.5 -55.8829
18471.5 -55.2744
18483.5 -54.6213
18495.5 -53.9638
18507.5 -53.3139
18519.5 -52.6713
18531.5 -52.0361
18543.5 -51.408
18555.6 -50.7871
18567.6 -50.1733
18579.6 -49.5658
18591.6 -48.9554
18603.6 -48.3519
18615.6 -47.755
18627.6 -47.1647
18639.6 -46.581
18651.7 -46.0037
18663.7 -45.4327
18675.7 -44.8681
18687.7 -44.3572
18699.7 -43.9686
18711.7 -43.5863
18723.7 -43.2101
18735.7 -42.8401
18747.7 -42.4761
18759.8 -42.118
18771.8 -41.7658
18783.8 -41.4194
18795.8 -40.9664
18807.8 -40.4168
18819.8 -39.8724
18831.8 -39.3333
18843.8 -38.7994
18855.9 -38.2706
18867.9 -37.7468
18879.9 -37.2279
18891.9 -36.7139
18903.9 -36.3463
18915.9 -36.0267
18927.9 -35.7122
18939.9 -35.4024
18952 -35.0975
18964 -34.7973
18976 -34.5018
18988 -34.2109
19000 -33.9245
