7000 -13.7611
7012.01 -13.4949
7024.02 -13.2262
7036.04 -12.9552
7048.05 -12.6818
7060.06 -12.4059
7072.07 -12.1276
7084.08 -11.8469
7096.1 -11.5638
7108.11 -11.2781
7120.12 -10.9901
7132.13 -10.6995
7144.14 -10.4065
7156.16 -10.1109
7168.17 -9.81291
7180.18 -9.51236
7192.19 -9.20928
7204.2 -8.90367
7216.22 -8.59551
7228.23 -8.28479
7240.24 -7.97151
7252.25 -7.65564
7264.26 -7.33718
7276.28 -7.01611
7288.29 -6.69242
7300.3 -6.36611
7312.31 -6.03715
7324.32 -5.70553
7336.34 -5.37125
7348.35 -5.03428
7360.36 -4.69462
7372.37 -4.35225
7384.38 -4.00715
7396.4 -3.65932
7408.41 -3.30874
7420.42 -2.95538
7432.43 -2.59925
7444.44 -2.24032
7456.46 -1.87858
7468.47 -1.51401
7480.48 -1.26464
7492.49 -1.1034
7504.5 -0.939961
7516.52 -0.774296
7528.53 -0.60639
7540.54 -0.436228
7552.55 -0.263792
7564.56 -0.0890645
7576.58 0.0879728
7588.59 0.766149
7600.6 1.57127
7612.61 2.38073
7624.62 3.19454
7636.64 4.01271
7648.65 4.83528
7660.66 5.66226
7672.67 6.49367
7684.68 7.31507
7696.7 7.7891
7708.71 8.26648
7720.72 8.74722
7732.73 9.23135
7744.74 9.7189
7756.76 10.2099
7768.77 10.7043
7780.78 11.2022
7792.79 11.7236
7804.8 12.3007
7816.82 12.8816
7828.83 13.4662
7840.84 14.0547
7852.85 14.647
7864.86 15.2432
7876.88 15.8433
7888.89 16.4473
7900.9 16.9476
7912.91 17.3491
7924.92 17.754
7936.94 18.1623
7948.95 18.574
7960.96 18.9891
7972.97 19.4077
7984.98 19.8297
7997 20.2553
8009.01 20.9271
8021.02 21.6841
8033.03 22.4457
8045.05 23.2119
8057.06 23.9827
8069.07 24.7582
8081.08 25.5384
8093.09 26.3233
8105.11 27.1129
8117.12 27.4495
8129.13 27.7836
8141.14 28.1211
8153.15 28.4622
8165.17 28.8068
8177.18 29.1549
8189.19 29.5067
8201.2 29.862
8213.21 30.3721
8225.23 31.4121
8237.24 32.4577
8249.25 33.5092
8261.26 34.5663
8273.27 35.6293
8285.29 36.6982
8297.3 37.7729
8309.31 38.8535
8321.32 39.5408
8333.33 39.7644
8345.35 39.9916
8357.36 40.2222
8369.37 40.4565
8381.38 40.6944
8393.39 40.936
8405.41 41.1812
8417.42 41.4303
8429.43 42.1745
8441.44 43.1373
8453.45 44.1059
8465.47 45.0805
8477.48 46.061
8489.49 47.0475
8501.5 48.04
8513.51 49.0385
8525.53 50.0432
8537.54 50.1483
8549.55 50.1929
8561.56 50.2409
8573.57 50.2925
8585.59 50.3476
8597.6 50.4064
8609.61 50.4688
8621.62 50.5349
8633.63 50.8619
8645.65 52.4421
8657.66 54.0303
8669.67 55.6265
8681.68 57.2309
8693.69 58.8433
8705.71 60.464
8717.72 62.0928
8729.73 63.7299
8741.74 65.037
8753.75 65.86
8765.77 66.6891
8777.78 67.5243
8789.79 68.3658
8801.8 69.2135
8813.81 70.0674
8825.83 70.9277
8837.84 71.7943
8849.85 72.6674
8861.86 73.5469
8873.87 74.4328
8885.89 75.3253
8897.9 76.2244
8909.91 77.13
8921.92 78.0423
8933.93 78.9613
8945.95 79.8871
8957.96 80.8196
8969.97 81.7589
8981.98 82.7051
8993.99 83.6582
9006.01 84.6182
9018.02 85.5851
9030.03 86.5591
9042.04 87.5401
9054.05 88.5282
9066.07 89.5235
9078.08 90.5258
9090.09 91.5354
9102.1 92.5522
9114.11 93.5763
9126.13 94.6077
9138.14 95.6464
9150.15 96.6924
9162.16 97.7459
9174.17 98.8068
9186.19 99.8751
9198.2 100.951
9210.21 102.034
9222.22 103.125
9234.23 104.224
9246.25 105.33
9258.26 106.443
9270.27 107.565
9282.28 108.694
9294.29 109.83
9306.31 110.975
9318.32 112.127
9330.33 113.287
9342.34 114.454
9354.35 115.63
9366.37 116.813
9378.38 118.004
9390.39 119.202
9402.4 120.409
9414.41 121.623
9426.43 122.846
9438.44 124.076
9450.45 125.314
9462.46 126.559
9474.47 127.813
9486.49 129.074
9498.5 130.343
9510.51 131.62
9522.52 132.905
9534.53 134.198
9546.55 135.498
9558.56 136.806
9570.57 138.122
9582.58 139.445
9594.59 140.776
9606.61 142.115
9618.62 143.461
9630.63 144.815
9642.64 146.177
9654.65 147.545
9666.67 148.922
9678.68 150.305
9690.69 151.696
9702.7 153.095
9714.71 154.5
9726.73 155.913
9738.74 157.333
9750.75 158.76
9762.76 160.193
9774.77 161.634
9786.79 163.081
9798.8 164.535
9810.81 165.996
9822.82 167.463
9834.83 168.937
9846.85 170.416
9858.86 171.902
9870.87 173.395
9882.88 174.893
9894.89 176.396
9906.91 177.906
9918.92 179.421
9930.93 180.942
9942.94 182.467
9954.95 183.998
9966.97 185.534
9978.98 187.075
9990.99 188.62
10003 190.17
10015 191.724
10027 193.282
10039 194.844
10051.1 196.41
10063.1 197.979
10075.1 199.552
10087.1 201.127
10099.1 202.706
10111.1 204.287
10123.1 205.87
10135.1 207.455
10147.1 209.043
10159.2 210.632
10171.2 212.222
10183.2 213.813
10195.2 215.405
10207.2 216.998
10219.2 218.591
10231.2 220.184
10243.2 221.776
10255.3 223.368
10267.3 224.958
10279.3 226.547
10291.3 228.135
10303.3 229.72
10315.3 231.303
10327.3 232.884
10339.3 234.461
10351.4 236.034
10363.4 237.604
10375.4 239.169
10387.4 240.73
10399.4 242.285
10411.4 243.835
10423.4 245.379
10435.4 246.917
10447.4 248.448
10459.5 249.972
10471.5 251.488
10483.5 252.995
10495.5 254.495
10507.5 255.985
10519.5 257.465
10531.5 258.936
10543.5 260.396
10555.6 261.845
10567.6 263.282
10579.6 264.708
10591.6 266.121
10603.6 267.52
10615.6 268.907
10627.6 270.279
10639.6 271.637
10651.7 272.979
10663.7 274.306
10675.7 275.616
10687.7 276.91
10699.7 278.187
10711.7 279.445
10723.7 280.685
10735.7 281.906
10747.7 283.108
10759.8 284.29
10771.8 285.451
10783.8 286.59
10795.8 287.708
10807.8 288.804
10819.8 289.877
10831.8 290.926
10843.8 291.952
10855.9 292.952
10867.9 293.928
10879.9 294.878
10891.9 295.802
10903.9 295.504
10915.9 294.81
10927.9 294.085
10939.9 293.328
10952 292.539
10964 291.717
10976 290.862
10988 289.973
11000 289.05
11012 288.976
11024 288.869
11036 288.729
11048 288.554
11060.1 288.344
11072.1 288.1
11084.1 287.82
11096.1 287.505
11108.1 287.284
11120.1 287.456
11132.1 287.593
11144.1 287.694
11156.2 287.758
11168.2 287.786
11180.2 287.777
11192.2 287.73
11204.2 287.646
11216.2 287.856
11228.2 288.396
11240.2 288.899
11252.3 289.365
11264.3 289.794
11276.3 290.185
11288.3 290.54
11300.3 290.857
11312.3 291.136
11324.3 291.578
11336.3 292.065
11348.3 292.515
11360.4 292.927
11372.4 293.303
11384.4 293.641
11396.4 293.943
11408.4 294.208
11420.4 294.436
11432.4 293.575
11444.4 292.613
11456.5 291.612
11468.5 290.572
11480.5 289.495
11492.5 288.379
11504.5 287.225
11516.5 286.035
11528.5 284.94
11540.5 284.393
11552.6 283.812
11564.6 283.196
11576.6 282.545
11588.6 281.861
11600.6 281.144
11612.6 280.394
11624.6 279.611
11636.6 278.772
11648.6 277.869
11660.7 276.934
11672.7 275.969
11684.7 274.974
11696.7 273.949
11708.7 272.896
11720.7 271.815
11732.7 270.706
11744.7 269.115
11756.8 267.264
11768.8 265.386
11780.8 263.481
11792.8 261.551
11804.8 259.596
11816.8 257.617
11828.8 255.614
11840.8 253.589
11852.9 251.858
11864.9 250.144
11876.9 248.411
11888.9 246.658
11900.9 244.886
11912.9 243.097
11924.9 241.292
11936.9 239.47
11948.9 237.625
11961 235.712
11973 233.785
11985 231.845
11997 229.892
12009 227.928
12021 225.953
12033 223.968
12045 221.974
12057.1 220.08
12069.1 218.365
12081.1 216.642
12093.1 214.915
12105.1 213.182
12117.1 211.445
12129.1 209.704
12141.1 207.96
12153.2 206.215
12165.2 203.666
12177.2 200.591
12189.2 197.514
12201.2 194.434
12213.2 191.353
12225.2 188.271
12237.2 185.189
12249.2 182.108
12261.3 179.027
12273.3 177.064
12285.3 175.321
12297.3 173.583
12309.3 171.851
12321.3 170.125
12333.3 168.406
12345.3 166.695
12357.4 164.991
12369.4 163.253
12381.4 161.033
12393.4 158.821
12405.4 156.617
12417.4 154.423
12429.4 152.238
12441.4 150.063
12453.5 147.898
12465.5 145.745
12477.5 143.678
12489.5 141.79
12501.5 139.915
12513.5 138.052
12525.5 136.201
12537.5 134.364
12549.5 132.54
12561.6 130.729
12573.6 128.932
12585.6 126.978
12597.6 124.902
12609.6 122.839
12621.6 120.79
12633.6 118.755
12645.6 116.735
12657.7 114.729
12669.7 112.737
12681.7 110.761
12693.7 109.014
12705.7 107.34
12717.7 105.682
12729.7 104.039
12741.7 102.412
12753.8 100.801
12765.8 99.2051
12777.8 97.6254
12789.8 96.057
12801.8 94.3191
12813.8 92.5967
12825.8 90.8899
12837.8 89.1987
12849.8 87.5229
12861.9 85.8627
12873.9 84.2179
12885.9 82.5886
12897.9 81.2117
12909.9 80.5045
12921.9 79.8142
12933.9 79.1407
12945.9 78.4841
12958 77.8441
12970 77.2208
12982 76.6141
12994 76.0237
13006 75.1859
13018 74.0999
13030 73.029
13042 71.9732
13054.1 70.9323
13066.1 69.9061
13078.1 68.8946
13090.1 67.8977
13102.1 66.9152
13114.1 65.867
13126.1 64.8039
13138.1 63.7545
13150.2 62.7188
13162.2 61.6966
13174.2 60.6877
13186.2 59.6921
13198.2 58.7094
13210.2 57.7397
13222.2 57.0883
13234.2 56.4577
13246.2 55.84
13258.3 55.2351
13270.3 54.6429
13282.3 54.0632
13294.3 53.4958
13306.3 52.9406
13318.3 52.2869
13330.3 51.2279
13342.3 50.1796
13354.4 49.1419
13366.4 48.1146
13378.4 47.0975
13390.4 46.0904
13402.4 45.0932
13414.4 44.1057
13426.4 43.3275
13438.4 42.8101
13450.5 42.3026
13462.5 41.8051
13474.5 41.3172
13486.5 40.8389
13498.5 40.3699
13510.5 39.9101
13522.5 39.4593
13534.5 38.9522
13546.5 38.4238
13558.6 37.9037
13570.6 37.3919
13582.6 36.8881
13594.6 36.3922
13606.6 35.9041
13618.6 35.4236
13630.6 34.9505
13642.6 34.1805
13654.7 33.3904
13666.7 32.6066
13678.7 31.8291
13690.7 31.0577
13702.7 30.2923
13714.7 29.5327
13726.7 28.7787
13738.7 28.0475
13750.8 27.4115
13762.8 26.7809
13774.8 26.1556
13786.8 25.5355
13798.8 24.9203
13810.8 24.31
13822.8 23.7044
13834.8 23.1034
13846.8 22.4873
13858.9 21.8455
13870.9 21.2078
13882.9 20.5741
13894.9 19.9443
13906.9 19.3181
13918.9 18.6956
13930.9 18.0765
13942.9 17.4607
13955 16.8493
13967 16.2417
13979 15.637
13991 15.0352
14003 14.4362
14015 13.8397
14027 13.2457
14039 12.6541
14051.1 12.0648
14063.1 11.4539
14075.1 10.8415
14087.1 10.2309
14099.1 9.62207
14111.1 9.0149
14123.1 8.40927
14135.1 7.80507
14147.1 7.20219
14159.2 6.59293
14171.2 5.91996
14183.2 5.24786
14195.2 4.57652
14207.2 3.90584
14219.2 3.23572
14231.2 2.56605
14243.2 1.89672
14255.3 1.22764
14267.3 0.555233
14279.3 -0.123906
14291.3 -0.803127
14303.3 -1.48253
14315.3 -2.16222
14327.3 -2.84229
14339.3 -3.52284
14351.4 -4.20398
14363.4 -4.8858
14375.4 -5.56124
14387.4 -6.23237
14399.4 -6.90446
14411.4 -7.5776
14423.4 -8.2519
14435.4 -8.92745
14447.4 -9.60435
14459.5 -10.2827
14471.5 -10.9626
14483.5 -11.6667
14495.5 -12.3777
14507.5 -13.0906
14519.5 -13.8055
14531.5 -14.5224
14543.5 -15.2415
14555.6 -15.9629
14567.6 -16.6867
14579.6 -17.4121
14591.6 -18.1275
14603.6 -18.8456
14615.6 -19.5663
14627.6 -20.2899
14639.6 -21.0165
14651.7 -21.746
14663.7 -22.4787
14675.7 -23.2146
14687.7 -23.9215
14699.7 -24.5528
14711.7 -25.1874
14723.7 -25.8255
14735.7 -26.4671
14747.7 -27.1123
14759.8 -27.7612
14771.8 -28.414
14783.8 -29.0707
14795.8 -29.7002
14807.8 -30.3052
14819.8 -30.9144
14831.8 -31.5279
14843.8 -32.1456
14855.9 -32.7679
14867.9 -33.3947
14879.9 -34.0261
14891.9 -34.6623
14903.9 -35.353
14915.9 -36.0639
14927.9 -36.78
14939.9 -37.5014
14952 -38.2282
14964 -38.9605
14976 -39.6984
14988 -40.442
15000 -41.1914
15012 -41.8897
15024 -42.5939
15036 -43.3042
15048 -44.0207
15060.1 -44.7434
15072.1 -45.4726
15084.1 -46.2082
15096.1 -46.9505
15108.1 -47.6812
15120.1 -48.3589
15132.1 -49.0434
15144.1 -49.7349
15156.2 -50.4334
15168.2 -51.1391
15180.2 -51.8521
15192.2 -52.5724
15204.2 -53.3002
15216.2 -54.0251
15228.2 -54.7462
15240.2 -55.4751
15252.3 -56.2118
15264.3 -56.9566
15276.3 -57.7095
15288.3 -58.4706
15300.3 -59.2401
15312.3 -60.018
15324.3 -60.696
15336.3 -61.338
15348.3 -61.9886
15360.4 -62.6478
15372.4 -63.3157
15384.4 -63.9924
15396.4 -64.6781
15408.4 -65.3728
15420.4 -66.0767
15432.4 -66.7805
15444.4 -67.4932
15456.5 -68.2152
15468.5 -68.9467
15480.5 -69.6877
15492.5 -70.4383
15504.5 -71.1987
15516.5 -71.9688
15528.5 -72.751
15540.5 -73.5525
15552.6 -74.364
15564.6 -75.1856
15576.6 -76.0173
15588.6 -76.8591
15600.6 -77.711
15612.6 -78.5732
15624.6 -79.4457
15636.6 -80.344
15648.6 -81.2744
15660.7 -82.2152
15672.7 -83.1662
15684.7 -84.1276
15696.7 -85.0994
15708.7 -86.0814
15720.7 -87.0738
15732.7 -88.0763
15744.7 -89.0318
15756.8 -89.9681
15768.8 -90.9142
15780.8 -91.8702
15792.8 -92.8359
15804.8 -93.8113
15816.8 -94.7961
15828.8 -95.7903
15840.8 -96.7938
15852.9 -98.007
15864.9 -99.2529
15876.9 -100.508
15888.9 -101.772
15900.9 -103.044
15912.9 -104.325
15924.9 -105.614
15936.9 -106.91
15948.9 -108.195
15961 -109.357
15973 -110.525
15985 -111.699
15997 -112.879
16009 -114.065
16021 -115.256
16033 -116.452
16045 -117.652
16057.1 -118.803
16069.1 -119.869
16081.1 -120.937
16093.1 -122.007
16105.1 -123.079
16117.1 -124.152
16129.1 -125.225
16141.1 -126.298
16153.2 -127.37
16165.2 -128.604
16177.2 -129.943
16189.2 -131.279
16201.2 -132.612
16213.2 -133.941
16225.2 -135.265
16237.2 -136.583
16249.2 -137.895
16261.3 -139.199
16273.3 -140.313
16285.3 -141.382
16297.3 -142.441
16309.3 -143.489
16321.3 -144.524
16333.3 -145.546
16345.3 -146.554
16357.4 -147.547
16369.4 -148.549
16381.4 -149.826
16393.4 -151.085
16405.4 -152.325
16417.4 -153.546
16429.4 -154.746
16441.4 -155.924
16453.5 -157.08
16465.5 -158.212
16477.5 -159.316
16489.5 -160.386
16501.5 -161.429
16513.5 -162.445
16525.5 -163.432
16537.5 -164.389
16549.5 -165.317
16561.6 -166.213
16573.6 -167.076
16585.6 -167.937
16597.6 -168.787
16609.6 -169.603
16621.6 -170.384
16633.6 -171.128
16645.6 -171.836
16657.7 -172.507
16669.7 -173.14
16681.7 -173.734
16693.7 -174.521
16705.7 -175.33
16717.7 -176.1
16729.7 -176.83
16741.7 -177.52
16753.8 -178.169
16765.8 -178.778
16777.8 -179.346
16789.8 -179.876
16801.8 -180.458
16813.8 -180.999
16825.8 -181.499
16837.8 -181.958
16849.8 -182.377
16861.9 -182.756
16873.9 -183.094
16885.9 -183.393
16897.9 -183.642
16909.9 -183.826
16921.9 -183.971
16933.9 -184.078
16945.9 -184.147
16958 -184.179
16970 -184.174
16982 -184.133
16994 -184.057
17006 -183.955
17018 -183.829
17030 -183.669
17042 -183.478
17054.1 -183.255
17066.1 -183.001
17078.1 -182.717
17090.1 -182.405
17102.1 -182.065
17114.1 -181.559
17126.1 -180.976
17138.1 -180.367
17150.2 -179.734
17162.2 -179.078
17174.2 -178.399
17186.2 -177.698
17198.2 -176.977
17210.2 -176.237
17222.2 -175.211
17234.2 -174.161
17246.2 -173.093
17258.3 -172.009
17270.3 -170.911
17282.3 -169.797
17294.3 -168.671
17306.3 -167.532
17318.3 -166.372
17330.3 -165.166
17342.3 -163.951
17354.4 -162.726
17366.4 -161.494
17378.4 -160.253
17390.4 -159.006
17402.4 -157.753
17414.4 -156.495
17426.4 -155.306
17438.4 -154.205
17450.5 -153.101
17462.5 -151.996
17474.5 -150.888
17486.5 -149.78
17498.5 -148.671
17510.5 -147.563
17522.5 -146.455
17534.5 -145.189
17546.5 -143.85
17558.6 -142.514
17570.6 -141.18
17582.6 -139.85
17594.6 -138.522
17606.6 -137.199
17618.6 -135.88
17630.6 -134.565
17642.6 -133.112
17654.7 -131.651
17666.7 -130.196
17678.7 -128.746
17690.7 -127.303
17702.7 -125.866
17714.7 -124.435
17726.7 -123.011
17738.7 -121.554
17750.8 -119.892
17762.8 -118.237
17774.8 -116.589
17786.8 -114.949
17798.8 -113.317
17810.8 -111.692
17822.8 -110.075
17834.8 -108.467
17846.8 -107
17858.9 -105.745
17870.9 -104.5
17882.9 -103.264
17894.9 -102.036
17906.9 -100.818
17918.9 -99.6085
17930.9 -98.4084
17942.9 -97.2175
17955 -96.0591
17967 -94.9238
17979 -93.7978
17991 -92.6812
18003 -91.5739
18015 -90.4759
18027 -89.3872
18039 -88.3079
18051.1 -87.2379
18063.1 -86.0019
18075.1 -84.749
18087.1 -83.505
18099.1 -82.2699
18111.1 -81.0438
18123.1 -79.8265
18135.1 -78.6179
18147.1 -77.4181
18159.2 -76.2462
18171.2 -75.2467
18183.2 -74.2559
18195.2 -73.274
18207.2 -72.3007
18219.2 -71.3361
18231.2 -70.3801
18243.2 -69.4326
18255.3 -68.4935
18267.3 -67.6002
18279.3 -66.7883
18291.3 -65.9848
18303.3 -65.1896
18315.3 -64.4027
18327.3 -63.6238
18339.3 -62.8531
18351.4 -62.0903
18363.4 -61.3354
18375.4 -60.6214
18387.4 -59.9389
18399.4 -59.2643
18411.4 -58.5972
18423.4 -57.9378
18435.4 -57.2859
18447.4 -56.6414
18459.5 -56.0043
18471.5 -55.3744
18483.5 -54.7107
18495.5 -54.0447
18507.5 -53.3857
18519.5 -52.7335
18531.5 -52.0881
18543.5 -51.4495
18555.6 -50.8175
18567.6 -50.1921
18579.6 -49.5752
18591.6 -49.0004
18603.6 -48.4319
18615.6 -47.8697
18627.6 -47.3138
18639.6 -46.7639
18651.7 -46.2202
18663.7 -45.6825
18675.7 -45.1507
18687.7 -44.6623
18699.7 -44.2716
18711.7 -43.8868
18723.7 -43.5078
18735.7 -43.1345
18747.7 -42.7669
18759.8 -42.4049
18771.8 -42.0484
18783.8 -41.6973
18795.8 -41.2643
18807.8 -40.7572
18819.8 -40.2551
18831.8 -39.758
18843.8 -39.2658
18855.9 -38.7784
18867.9 -38.2958
18879.9 -37.8179
18891.9 -37.3447
18903.9 -37.0529
18915.9 -36.8199
18927.9 -36.5916
18939.9 -36.368
18952 -36.149
18964 -35.9347
18976 -35.7249
18988 -35.5196
19000 -35.3187
