7000 -51.2697
7012.01 -52.3967
7024.02 -53.5303
7036.04 -54.6692
7048.05 -55.8121
7060.06 -56.9573
7072.07 -58.1033
7084.08 -59.2485
7096.1 -60.3909
7108.11 -61.5288
7120.12 -62.6601
7132.13 -63.7827
7144.14 -64.8944
7156.16 -65.9931
7168.17 -67.0763
7180.18 -68.1416
7192.19 -69.1867
7204.2 -70.2088
7216.22 -71.2055
7228.23 -72.1742
7240.24 -73.1121
7252.25 -74.0167
7264.26 -74.8853
7276.28 -75.7153
7288.29 -76.504
7300.3 -77.2489
7312.31 -77.9476
7324.32 -78.5975
7336.34 -79.1965
7348.35 -79.7421
7360.36 -80.2325
7372.37 -80.6656
7384.38 -81.0397
7396.4 -81.353
7408.41 -81.6043
7420.42 -81.7922
7432.43 -81.9157
7444.44 -81.9739
7456.46 -81.9663
7468.47 -81.8923
7480.48 -81.807
7492.49 -81.6975
7504.5 -81.5223
7516.52 -81.2816
7528.53 -80.9763
7540.54 -80.6071
7552.55 -80.1753
7564.56 -79.682
7576.58 -79.1288
7588.59 -77.8754
7600.6 -76.4051
7612.61 -74.8776
7624.62 -73.2949
7636.64 -71.6593
7648.65 -69.9729
7660.66 -68.2381
7672.67 -66.4573
7684.68 -64.6709
7696.7 -63.7721
7708.71 -62.8376
7720.72 -61.8698
7732.73 -60.8713
7744.74 -59.8446
7756.76 -58.792
7768.77 -57.7159
7780.78 -56.6188
7792.79 -55.4788
7804.8 -54.2597
7816.82 -53.0258
7828.83 -51.7792
7840.84 -50.5219
7852.85 -49.2558
7864.86 -47.9828
7876.88 -46.7045
7888.89 -45.4226
7900.9 -44.282
7912.91 -43.2775
7924.92 -42.2748
7936.94 -41.2749
7948.95 -40.2793
7960.96 -39.2889
7972.97 -38.3049
7984.98 -37.3282
7997 -36.3596
8009.01 -35.0354
8021.02 -33.5982
8033.03 -32.1699
8045.05 -30.7512
8057.06 -29.3425
8069.07 -27.9444
8081.08 -26.5573
8093.09 -25.1816
8105.11 -23.8176
8117.12 -22.8459
8129.13 -21.8925
8141.14 -20.9527
8153.15 -20.0266
8165.17 -19.1143
8177.18 -18.2159
8189.19 -17.3315
8201.2 -16.4611
8213.21 -15.3663
8225.23 -13.4549
8237.24 -11.5543
8249.25 -9.66436
8261.26 -7.78511
8273.27 -5.91639
8285.29 -4.05808
8297.3 -2.21005
8309.31 -0.37216
8321.32 1.05301
8333.33 1.99466
8345.35 2.92416
8357.36 3.84169
8369.37 4.74744
8381.38 5.64162
8393.39 6.52443
8405.41 7.39607
8417.42 8.25676
8429.43 9.79076
8441.44 11.6132
8453.45 13.4281
8465.47 15.2357
8477.48 17.0362
8489.49 18.83
8501.5 20.6171
8513.51 22.3979
8525.53 24.1725
8537.54 25.277
8549.55 26.327
8561.56 27.3694
8573.57 28.4045
8585.59 29.4326
8597.6 30.4539
8609.61 31.4685
8621.62 32.4767
8633.63 33.7339
8645.65 36.2243
8657.66 38.7132
8669.67 41.2006
8681.68 43.6867
8693.69 46.1719
8705.71 48.6562
8717.72 51.1399
8729.73 53.6231
8741.74 55.3926
8753.75 56.1239
8765.77 56.8504
8777.78 57.5725
8789.79 58.2902
8801.8 59.0037
8813.81 59.7132
8825.83 60.4189
8837.84 61.121
8849.85 61.8196
8861.86 62.5148
8873.87 63.2069
8885.89 63.896
8897.9 64.5822
8909.91 65.2658
8921.92 65.9467
8933.93 66.6253
8945.95 67.3016
8957.96 67.9758
8969.97 68.6481
8981.98 69.3185
8993.99 69.9872
9006.01 70.6543
9018.02 71.32
9030.03 71.9844
9042.04 72.6476
9054.05 73.3097
9066.07 73.971
9078.08 74.6314
9090.09 75.2911
9102.1 75.9503
9114.11 76.609
9126.13 77.2674
9138.14 77.9255
9150.15 78.5835
9162.16 79.2415
9174.17 79.8996
9186.19 80.5579
9198.2 81.2164
9210.21 81.8754
9222.22 82.5348
9234.23 83.1948
9246.25 83.8555
9258.26 84.5169
9270.27 85.1792
9282.28 85.8425
9294.29 86.5067
9306.31 87.1721
9318.32 87.8386
9330.33 88.5064
9342.34 89.1755
9354.35 89.8461
9366.37 90.5181
9378.38 91.1917
9390.39 91.8668
9402.4 92.5437
9414.41 93.2223
9426.43 93.9027
9438.44 94.585
9450.45 95.2691
9462.46 95.9552
9474.47 96.6434
9486.49 97.3335
9498.5 98.0258
9510.51 98.7202
9522.52 99.4168
9534.53 100.116
9546.55 100.817
9558.56 101.52
9570.57 102.226
9582.58 102.934
9594.59 103.644
9606.61 104.356
9618.62 105.071
9630.63 105.789
9642.64 106.508
9654.65 107.23
9666.67 107.955
9678.68 108.682
9690.69 109.411
9702.7 110.142
9714.71 110.876
9726.73 111.612
9738.74 112.351
9750.75 113.091
9762.76 113.834
9774.77 114.579
9786.79 115.326
9798.8 116.076
9810.81 116.827
9822.82 117.58
9834.83 118.335
9846.85 119.092
9858.86 119.85
9870.87 120.611
9882.88 121.373
9894.89 122.136
9906.91 122.9
9918.92 123.666
9930.93 124.433
9942.94 125.202
9954.95 125.971
9966.97 126.74
9978.98 127.511
9990.99 128.282
10003 129.053
10015 129.825
10027 130.597
10039 131.368
10051.1 132.14
10063.1 132.91
10075.1 133.681
10087.1 134.45
10099.1 135.218
10111.1 135.985
10123.1 136.751
10135.1 137.515
10147.1 138.277
10159.2 139.036
10171.2 139.794
10183.2 140.549
10195.2 141.3
10207.2 142.049
10219.2 142.794
10231.2 143.536
10243.2 144.273
10255.3 145.006
10267.3 145.735
10279.3 146.459
10291.3 147.177
10303.3 147.89
10315.3 148.597
10327.3 149.298
10339.3 149.992
10351.4 150.68
10363.4 151.36
10375.4 152.033
10387.4 152.697
10399.4 153.354
10411.4 154.001
10423.4 154.64
10435.4 155.269
10447.4 155.888
10459.5 156.497
10471.5 157.096
10483.5 157.683
10495.5 158.259
10507.5 158.823
10519.5 159.375
10531.5 159.914
10543.5 160.44
10555.6 160.952
10567.6 161.451
10579.6 161.935
10591.6 162.404
10603.6 162.859
10615.6 163.297
10627.6 163.72
10639.6 164.126
10651.7 164.515
10663.7 164.887
10675.7 165.241
10687.7 165.577
10699.7 165.895
10711.7 166.193
10723.7 166.473
10735.7 166.732
10747.7 166.971
10759.8 167.19
10771.8 167.388
10783.8 167.565
10795.8 167.719
10807.8 167.852
10819.8 167.963
10831.8 168.05
10843.8 168.115
10855.9 168.156
10867.9 168.174
10879.9 168.167
10891.9 168.136
10903.9 167.249
10915.9 166.081
10927.9 164.885
10939.9 163.662
10952 162.41
10964 161.13
10976 159.822
10988 158.485
11000 157.119
11012 156.797
11024 156.448
11036 156.072
11048 155.669
11060.1 155.239
11072.1 154.781
11084.1 154.296
11096.1 153.784
11108.1 153.344
11120.1 153.206
11132.1 153.041
11144.1 152.85
11156.2 152.632
11168.2 152.387
11180.2 152.116
11192.2 151.818
11204.2 151.494
11216.2 151.328
11228.2 151.34
11240.2 151.328
11252.3 151.29
11264.3 151.227
11276.3 151.139
11288.3 151.027
11300.3 150.891
11312.3 150.731
11324.3 150.666
11336.3 150.628
11348.3 150.566
11360.4 150.482
11372.4 150.375
11384.4 150.247
11396.4 150.096
11408.4 149.925
11420.4 149.732
11432.4 148.888
11444.4 147.985
11456.5 147.06
11468.5 146.115
11480.5 145.149
11492.5 144.162
11504.5 143.157
11516.5 142.132
11528.5 141.144
11540.5 140.385
11552.6 139.609
11564.6 138.817
11576.6 138.007
11588.6 137.182
11600.6 136.342
11612.6 135.487
11624.6 134.618
11636.6 133.676
11648.6 132.638
11660.7 131.588
11672.7 130.525
11684.7 129.449
11696.7 128.363
11708.7 127.265
11720.7 126.156
11732.7 125.037
11744.7 123.58
11756.8 121.943
11768.8 120.297
11780.8 118.641
11792.8 116.978
11804.8 115.306
11816.8 113.626
11828.8 111.94
11840.8 110.247
11852.9 108.465
11864.9 106.669
11876.9 104.867
11888.9 103.061
11900.9 101.25
11912.9 99.4353
11924.9 97.6172
11936.9 95.7962
11948.9 93.9435
11961 91.8907
11973 89.8359
11985 87.7796
11997 85.722
12009 83.6638
12021 81.6052
12033 79.5467
12045 77.4887
12057.1 75.4062
12069.1 73.2818
12081.1 71.159
12093.1 69.0381
12105.1 66.9194
12117.1 64.8034
12129.1 62.6903
12141.1 60.5806
12153.2 58.4746
12165.2 55.9198
12177.2 53.0723
12189.2 50.2279
12201.2 47.387
12213.2 44.5499
12225.2 41.7167
12237.2 38.8879
12249.2 36.0637
12261.3 33.2443
12273.3 30.7209
12285.3 28.2594
12297.3 25.8042
12309.3 23.3555
12321.3 20.9136
12333.3 18.4786
12345.3 16.0507
12357.4 13.6302
12369.4 11.2775
12381.4 9.62001
12393.4 7.97184
12405.4 6.33321
12417.4 4.70429
12429.4 3.08524
12441.4 1.4762
12453.5 -0.122685
12465.5 -1.71127
12477.5 -2.76193
12489.5 -2.64999
12501.5 -2.52416
12513.5 -2.38433
12525.5 -2.23039
12537.5 -2.06225
12549.5 -1.87981
12561.6 -1.683
12573.6 -1.47173
12585.6 -1.65794
12597.6 -2.15889
12609.6 -2.64659
12621.6 -3.121
12633.6 -3.58206
12645.6 -4.02973
12657.7 -4.46397
12669.7 -4.88474
12681.7 -5.29202
12693.7 -5.70461
12705.7 -6.1087
12717.7 -6.49929
12729.7 -6.87636
12741.7 -7.23991
12753.8 -7.58994
12765.8 -7.92645
12777.8 -8.24945
12789.8 -8.57311
12801.8 -9.45644
12813.8 -10.3274
12825.8 -11.1861
12837.8 -12.0324
12849.8 -12.8665
12861.9 -13.6883
12873.9 -14.4979
12885.9 -15.2953
12897.9 -15.9883
12909.9 -16.4144
12921.9 -16.8278
12933.9 -17.2286
12945.9 -17.6169
12958 -17.9926
12970 -18.3559
12982 -18.7069
12994 -19.0455
13006 -19.7239
13018 -20.7432
13030 -21.7517
13042 -22.7495
13054.1 -23.7367
13066.1 -24.7133
13078.1 -25.6794
13090.1 -26.6352
13102.1 -27.5806
13114.1 -28.6868
13126.1 -29.8453
13138.1 -30.9942
13150.2 -32.1336
13162.2 -33.2635
13174.2 -34.3842
13186.2 -35.4955
13198.2 -36.5978
13210.2 -37.691
13222.2 -39.002
13234.2 -40.3102
13246.2 -41.6101
13258.3 -42.9018
13270.3 -44.1854
13282.3 -45.4609
13294.3 -46.7286
13306.3 -47.9884
13318.3 -49.241
13330.3 -50.4876
13342.3 -51.7267
13354.4 -52.9584
13366.4 -54.1829
13378.4 -55.4002
13390.4 -56.6105
13402.4 -57.8138
13414.4 -59.0103
13426.4 -59.3829
13438.4 -58.7209
13450.5 -58.0491
13462.5 -57.3676
13474.5 -56.6766
13486.5 -55.976
13498.5 -55.2661
13510.5 -54.547
13522.5 -53.8187
13534.5 -53.2656
13546.5 -52.7885
13558.6 -52.3031
13570.6 -51.8094
13582.6 -51.3076
13594.6 -50.7978
13606.6 -50.2802
13618.6 -49.7547
13630.6 -49.2216
13642.6 -49.0226
13654.7 -48.8467
13666.7 -48.6642
13678.7 -48.475
13690.7 -48.2794
13702.7 -48.0774
13714.7 -47.8692
13726.7 -47.6548
13738.7 -47.5087
13750.8 -47.7438
13762.8 -47.9738
13774.8 -48.1989
13786.8 -48.4192
13798.8 -48.6347
13810.8 -48.8457
13822.8 -49.0521
13834.8 -49.2541
13846.8 -49.6699
13858.9 -50.4158
13870.9 -51.1587
13882.9 -51.8984
13894.9 -52.6353
13906.9 -53.3693
13918.9 -54.1005
13930.9 -54.8291
13942.9 -55.5552
13955 -56.5162
13967 -57.6154
13979 -58.713
13991 -59.8091
14003 -60.9038
14015 -61.9972
14027 -63.0894
14039 -64.1804
14051.1 -65.2704
14063.1 -66.5588
14075.1 -67.8762
14087.1 -69.1932
14099.1 -70.5099
14111.1 -71.8265
14123.1 -73.1431
14135.1 -74.4596
14147.1 -75.7763
14159.2 -76.9588
14171.2 -76.9931
14183.2 -77.0256
14195.2 -77.0564
14207.2 -77.0855
14219.2 -77.1132
14231.2 -77.1395
14243.2 -77.1644
14255.3 -77.1881
14267.3 -77.0656
14279.3 -76.6584
14291.3 -76.2494
14303.3 -75.8389
14315.3 -75.4268
14327.3 -75.0133
14339.3 -74.5985
14351.4 -74.1825
14363.4 -73.7653
14375.4 -73.5362
14387.4 -73.4432
14399.4 -73.3499
14411.4 -73.2563
14423.4 -73.1626
14435.4 -73.0688
14447.4 -72.9749
14459.5 -72.8812
14471.5 -72.7877
14483.5 -72.7269
14495.5 -72.674
14507.5 -72.6216
14519.5 -72.5698
14531.5 -72.5186
14543.5 -72.4683
14555.6 -72.4189
14567.6 -72.3704
14579.6 -72.3509
14591.6 -72.7981
14603.6 -73.2473
14615.6 -73.6987
14627.6 -74.1523
14639.6 -74.6082
14651.7 -75.0666
14663.7 -75.5274
14675.7 -75.9909
14687.7 -76.6142
14699.7 -77.6247
14711.7 -78.639
14723.7 -79.6571
14735.7 -80.6792
14747.7 -81.7054
14759.8 -82.7358
14771.8 -83.7705
14783.8 -84.8095
14795.8 -85.7973
14807.8 -86.7391
14819.8 -87.6854
14831.8 -88.6363
14843.8 -89.5919
14855.9 -90.5523
14867.9 -91.5176
14879.9 -92.4879
14891.9 -93.4634
14903.9 -93.7207
14915.9 -93.7614
14927.9 -93.8059
14939.9 -93.8545
14952 -93.9073
14964 -93.9644
14976 -94.0259
14988 -94.0918
15000 -94.1624
15012 -93.9606
15024 -93.7631
15036 -93.5703
15048 -93.382
15060.1 -93.1986
15072.1 -93.0201
15084.1 -92.8467
15096.1 -92.6784
15108.1 -92.4971
15120.1 -92.2612
15132.1 -92.0306
15144.1 -91.8057
15156.2 -91.5864
15168.2 -91.373
15180.2 -91.1656
15192.2 -90.9644
15204.2 -90.7694
15216.2 -90.7152
15228.2 -90.8158
15240.2 -90.9236
15252.3 -91.0387
15264.3 -91.1613
15276.3 -91.2914
15288.3 -91.4293
15300.3 -91.5751
15312.3 -91.7289
15324.3 -92.1379
15336.3 -92.6568
15348.3 -93.1847
15360.4 -93.7219
15372.4 -94.2685
15384.4 -94.8246
15396.4 -95.3904
15408.4 -95.966
15420.4 -96.5517
15432.4 -97.5846
15444.4 -98.6547
15456.5 -99.7361
15468.5 -100.829
15480.5 -101.933
15492.5 -103.049
15504.5 -104.177
15516.5 -105.317
15528.5 -106.387
15540.5 -107.109
15552.6 -107.843
15564.6 -108.59
15576.6 -109.348
15588.6 -110.118
15600.6 -110.901
15612.6 -111.697
15624.6 -112.505
15636.6 -113.009
15648.6 -113.088
15660.7 -113.178
15672.7 -113.28
15684.7 -113.395
15696.7 -113.522
15708.7 -113.661
15720.7 -113.813
15732.7 -113.977
15744.7 -114.063
15756.8 -114.114
15768.8 -114.177
15780.8 -114.253
15792.8 -114.342
15804.8 -114.444
15816.8 -114.559
15828.8 -114.686
15840.8 -114.826
15852.9 -115.324
15864.9 -115.876
15876.9 -116.44
15888.9 -117.018
15900.9 -117.609
15912.9 -118.213
15924.9 -118.83
15936.9 -119.459
15948.9 -120.123
15961 -120.948
15973 -121.786
15985 -122.635
15997 -123.496
16009 -124.368
16021 -125.252
16033 -126.146
16045 -127.05
16057.1 -128.083
16069.1 -129.325
16081.1 -130.577
16093.1 -131.838
16105.1 -133.107
16117.1 -134.383
16129.1 -135.665
16141.1 -136.954
16153.2 -138.247
16165.2 -139.764
16177.2 -141.428
16189.2 -143.095
16201.2 -144.763
16213.2 -146.433
16225.2 -148.103
16237.2 -149.772
16249.2 -151.439
16261.3 -153.103
16273.3 -153.9
16285.3 -154.524
16297.3 -155.139
16309.3 -155.744
16321.3 -156.338
16333.3 -156.919
16345.3 -157.486
16357.4 -158.037
16369.4 -158.58
16381.4 -159.209
16393.4 -159.818
16405.4 -160.405
16417.4 -160.968
16429.4 -161.507
16441.4 -162.02
16453.5 -162.504
16465.5 -162.959
16477.5 -163.436
16489.5 -163.996
16501.5 -164.522
16513.5 -165.012
16525.5 -165.465
16537.5 -165.88
16549.5 -166.255
16561.6 -166.589
16573.6 -166.88
16585.6 -167.333
16597.6 -167.904
16609.6 -168.43
16621.6 -168.909
16633.6 -169.34
16645.6 -169.724
16657.7 -170.058
16669.7 -170.342
16681.7 -170.576
16693.7 -171.469
16705.7 -172.5
16717.7 -173.48
16729.7 -174.41
16741.7 -175.29
16753.8 -176.118
16765.8 -176.897
16777.8 -177.625
16789.8 -178.31
16801.8 -179.255
16813.8 -180.152
16825.8 -181.001
16837.8 -181.802
16849.8 -182.557
16861.9 -183.266
16873.9 -183.93
16885.9 -184.551
16897.9 -184.921
16909.9 -184.676
16921.9 -184.39
16933.9 -184.064
16945.9 -183.699
16958 -183.297
16970 -182.859
16982 -182.386
16994 -181.88
17006 -181.24
17018 -180.465
17030 -179.661
17042 -178.83
17054.1 -177.973
17066.1 -177.092
17078.1 -176.189
17090.1 -175.264
17102.1 -174.32
17114.1 -173.227
17126.1 -172.069
17138.1 -170.897
17150.2 -169.709
17162.2 -168.51
17174.2 -167.299
17186.2 -166.078
17198.2 -164.848
17210.2 -163.611
17222.2 -162.246
17234.2 -160.872
17246.2 -159.495
17258.3 -158.114
17270.3 -156.731
17282.3 -155.348
17294.3 -153.964
17306.3 -152.581
17318.3 -151.256
17330.3 -150.145
17342.3 -149.038
17354.4 -147.935
17366.4 -146.838
17378.4 -145.746
17390.4 -144.661
17402.4 -143.583
17414.4 -142.513
17426.4 -141.594
17438.4 -140.864
17450.5 -140.143
17462.5 -139.432
17474.5 -138.732
17486.5 -138.042
17498.5 -137.364
17510.5 -136.697
17522.5 -136.042
17534.5 -134.748
17546.5 -133.168
17558.6 -131.598
17570.6 -130.04
17582.6 -128.494
17594.6 -126.958
17606.6 -125.435
17618.6 -123.924
17630.6 -122.424
17642.6 -120.459
17654.7 -118.464
17666.7 -116.48
17678.7 -114.507
17690.7 -112.546
17702.7 -110.596
17714.7 -108.658
17726.7 -106.731
17738.7 -104.798
17750.8 -102.787
17762.8 -100.787
17774.8 -98.7981
17786.8 -96.8201
17798.8 -94.8531
17810.8 -92.8969
17822.8 -90.9514
17834.8 -89.0165
17846.8 -87.3111
17858.9 -85.9515
17870.9 -84.6031
17882.9 -83.2656
17894.9 -81.939
17906.9 -80.6231
17918.9 -79.3179
17930.9 -78.0232
17942.9 -76.7389
17955 -75.7035
17967 -74.8194
17979 -73.9459
17991 -73.0827
18003 -72.2298
18015 -71.387
18027 -70.5542
18039 -69.7313
18051.1 -68.9182
18063.1 -68.1418
18075.1 -67.3789
18087.1 -66.6255
18099.1 -65.8813
18111.1 -65.1462
18123.1 -64.4201
18135.1 -63.7028
18147.1 -62.9943
18159.2 -62.2797
18171.2 -61.4473
18183.2 -60.6232
18195.2 -59.807
18207.2 -58.9988
18219.2 -58.1984
18231.2 -57.4057
18243.2 -56.6205
18255.3 -55.8427
18267.3 -54.9721
18279.3 -53.9126
18291.3 -52.8599
18303.3 -51.8138
18315.3 -50.7741
18327.3 -49.7407
18339.3 -48.7137
18351.4 -47.6928
18363.4 -46.6779
18375.4 -45.7619
18387.4 -44.919
18399.4 -44.082
18411.4 -43.2509
18423.4 -42.4256
18435.4 -41.6058
18447.4 -40.7917
18459.5 -39.9829
18471.5 -39.1795
18483.5 -38.4145
18495.5 -37.6623
18507.5 -36.9152
18519.5 -36.1731
18531.5 -35.436
18543.5 -34.7038
18555.6 -33.9764
18567.6 -33.2537
18579.6 -32.5548
18591.6 -32.1794
18603.6 -31.8089
18615.6 -31.4432
18627.6 -31.0823
18639.6 -30.7261
18651.7 -30.3745
18663.7 -30.0275
18675.7 -29.6849
18687.7 -29.4563
18699.7 -29.4999
18711.7 -29.5483
18723.7 -29.6014
18735.7 -29.6592
18747.7 -29.7215
18759.8 -29.7883
18771.8 -29.8595
18783.8 -29.9351
18795.8 -29.8012
18807.8 -29.477
18819.8 -29.1564
18831.8 -28.8395
18843.8 -28.5262
18855.9 -28.2163
18867.9 -27.91
18879.9 -27.607
18891.9 -27.3074
18903.9 -26.8873
18915.9 -26.4325
18927.9 -25.9808
18939.9 -25.532
18952 -25.0861
18964 -24.643
18976 -24.2028
18988 -23.7653
19000 -23.3306
