7000 -15.2538
7012.01 -15.4352
7024.02 -15.6029
7036.04 -15.7562
7048.05 -15.8943
7060.06 -16.0166
7072.07 -16.1222
7084.08 -16.2107
7096.1 -16.2812
7108.11 -16.3333
7120.12 -16.3664
7132.13 -16.38
7144.14 -16.3735
7156.16 -16.3466
7168.17 -16.2988
7180.18 -16.2299
7192.19 -16.1396
7204.2 -16.0276
7216.22 -15.8938
7228.23 -15.738
7240.24 -15.5603
7252.25 -15.3606
7264.26 -15.139
7276.28 -14.8956
7288.29 -14.6306
7300.3 -14.3441
7312.31 -14.0366
7324.32 -13.7082
7336.34 -13.3595
7348.35 -12.9907
7360.36 -12.6024
7372.37 -12.1951
7384.38 -11.7692
7396.4 -11.3254
7408.41 -10.8643
7420.42 -10.3863
7432.43 -9.89231
7444.44 -9.38281
7456.46 -8.8585
7468.47 -8.32007
7480.48 -7.67437
7492.49 -6.94359
7504.5 -6.20019
7516.52 -5.44485
7528.53 -4.67824
7540.54 -3.90102
7552.55 -3.11385
7564.56 -2.31737
7576.58 -1.51222
7588.59 -0.737845
7600.6 0.0342988
7612.61 0.813188
7624.62 1.59827
7636.64 2.38901
7648.65 3.18489
7660.66 3.98542
7672.67 4.79014
7684.68 5.58666
7696.7 6.09582
7708.71 6.60695
7720.72 7.11969
7732.73 7.63367
7744.74 8.14856
7756.76 8.66406
7768.77 9.17987
7780.78 9.69573
7792.79 10.2578
7804.8 10.9411
7816.82 11.6244
7828.83 12.3073
7840.84 12.9898
7852.85 13.6716
7864.86 14.3527
7876.88 15.0328
7888.89 15.712
7900.9 16.2856
7912.91 16.7583
7924.92 17.2291
7936.94 17.698
7948.95 18.165
7960.96 18.63
7972.97 19.093
7984.98 19.554
7997 20.013
8009.01 20.7681
8021.02 21.6216
8033.03 22.4743
8045.05 23.3263
8057.06 24.1776
8069.07 25.0282
8081.08 25.8781
8093.09 26.7275
8105.11 27.5764
8117.12 27.9434
8129.13 28.3023
8141.14 28.6594
8153.15 29.0149
8165.17 29.3686
8177.18 29.7209
8189.19 30.0716
8201.2 30.421
8213.21 30.9549
8225.23 32.1351
8237.24 33.3166
8249.25 34.4995
8261.26 35.6839
8273.27 36.8698
8285.29 38.0574
8297.3 39.2468
8309.31 40.438
8321.32 41.1983
8333.33 41.4517
8345.35 41.7045
8357.36 41.9568
8369.37 42.2087
8381.38 42.4603
8393.39 42.7117
8405.41 42.963
8417.42 43.2142
8429.43 44.0313
8441.44 45.0959
8453.45 46.163
8465.47 47.2328
8477.48 48.3053
8489.49 49.3807
8501.5 50.4591
8513.51 51.5406
8525.53 52.6251
8537.54 52.7855
8549.55 52.8808
8561.56 52.9767
8573.57 53.0734
8585.59 53.1709
8597.6 53.2692
8609.61 53.3686
8621.62 53.469
8633.63 53.8316
8645.65 55.4635
8657.66 57.101
8669.67 58.7441
8681.68 60.3931
8693.69 62.0478
8705.71 63.7085
8717.72 65.3752
8729.73 67.0481
8741.74 68.3496
8753.75 69.1082
8765.77 69.8705
8777.78 70.6368
8789.79 71.407
8801.8 72.1813
8813.81 72.9596
8825.83 73.7423
8837.84 74.5291
8849.85 75.3204
8861.86 76.1161
8873.87 76.9163
8885.89 77.7211
8897.9 78.5306
8909.91 79.3449
8921.92 80.1639
8933.93 80.9879
8945.95 81.8168
8957.96 82.6507
8969.97 83.4898
8981.98 84.3341
8993.99 85.1836
9006.01 86.0384
9018.02 86.8986
9030.03 87.7643
9042.04 88.6355
9054.05 89.5123
9066.07 90.3948
9078.08 91.2829
9090.09 92.1769
9102.1 93.0767
9114.11 93.9825
9126.13 94.8942
9138.14 95.8119
9150.15 96.7358
9162.16 97.6658
9174.17 98.602
9186.19 99.5445
9198.2 100.493
9210.21 101.449
9222.22 102.41
9234.23 103.378
9246.25 104.353
9258.26 105.334
9270.27 106.322
9282.28 107.317
9294.29 108.318
9306.31 109.326
9318.32 110.341
9330.33 111.363
9342.34 112.392
9354.35 113.427
9366.37 114.47
9378.38 115.52
9390.39 116.577
9402.4 117.64
9414.41 118.711
9426.43 119.789
9438.44 120.875
9450.45 121.967
9462.46 123.067
9474.47 124.174
9486.49 125.288
9498.5 126.41
9510.51 127.539
9522.52 128.675
9534.53 129.819
9546.55 130.969
9558.56 132.128
9570.57 133.293
9582.58 134.466
9594.59 135.647
9606.61 136.834
9618.62 138.029
9630.63 139.232
9642.64 140.441
9654.65 141.658
9666.67 142.882
9678.68 144.114
9690.69 145.353
9702.7 146.599
9714.71 147.852
9726.73 149.112
9738.74 150.379
9750.75 151.654
9762.76 152.935
9774.77 154.224
9786.79 155.519
9798.8 156.821
9810.81 158.13
9822.82 159.446
9834.83 160.768
9846.85 162.097
9858.86 163.432
9870.87 164.774
9882.88 166.122
9894.89 167.476
9906.91 168.836
9918.92 170.202
9930.93 171.575
9942.94 172.953
9954.95 174.336
9966.97 175.725
9978.98 177.12
9990.99 178.519
10003 179.924
10015 181.334
10027 182.748
10039 184.167
10051.1 185.591
10063.1 187.019
10075.1 188.45
10087.1 189.886
10099.1 191.326
10111.1 192.768
10123.1 194.215
10135.1 195.664
10147.1 197.116
10159.2 198.571
10171.2 200.028
10183.2 201.487
10195.2 202.948
10207.2 204.41
10219.2 205.874
10231.2 207.339
10243.2 208.805
10255.3 210.271
10267.3 211.737
10279.3 213.203
10291.3 214.669
10303.3 216.134
10315.3 217.598
10327.3 219.06
10339.3 220.52
10351.4 221.979
10363.4 223.434
10375.4 224.887
10387.4 226.337
10399.4 227.783
10411.4 229.224
10423.4 230.662
10435.4 232.094
10447.4 233.521
10459.5 234.943
10471.5 236.358
10483.5 237.766
10495.5 239.168
10507.5 240.562
10519.5 241.948
10531.5 243.325
10543.5 244.694
10555.6 246.053
10567.6 247.402
10579.6 248.741
10591.6 250.069
10603.6 251.385
10615.6 252.689
10627.6 253.981
10639.6 255.26
10651.7 256.525
10663.7 257.777
10675.7 259.013
10687.7 260.235
10699.7 261.44
10711.7 262.63
10723.7 263.802
10735.7 264.957
10747.7 266.095
10759.8 267.213
10771.8 268.313
10783.8 269.393
10795.8 270.452
10807.8 271.491
10819.8 272.509
10831.8 273.504
10843.8 274.478
10855.9 275.428
10867.9 276.354
10879.9 277.256
10891.9 278.133
10903.9 277.935
10915.9 277.387
10927.9 276.81
10939.9 276.203
10952 275.566
10964 274.897
10976 274.197
10988 273.465
11000 272.7
11012 272.605
11024 272.477
11036 272.317
11048 272.124
11060.1 271.898
11072.1 271.637
11084.1 271.343
11096.1 271.013
11108.1 270.781
11120.1 270.948
11132.1 271.08
11144.1 271.177
11156.2 271.239
11168.2 271.265
11180.2 271.255
11192.2 271.208
11204.2 271.125
11216.2 271.338
11228.2 271.882
11240.2 272.39
11252.3 272.862
11264.3 273.298
11276.3 273.697
11288.3 274.06
11300.3 274.386
11312.3 274.675
11324.3 275.06
11336.3 275.463
11348.3 275.83
11360.4 276.16
11372.4 276.454
11384.4 276.711
11396.4 276.931
11408.4 277.115
11420.4 277.263
11432.4 276.355
11444.4 275.347
11456.5 274.301
11468.5 273.217
11480.5 272.095
11492.5 270.936
11504.5 269.739
11516.5 268.506
11528.5 267.362
11540.5 266.74
11552.6 266.082
11564.6 265.39
11576.6 264.665
11588.6 263.906
11600.6 263.114
11612.6 262.29
11624.6 261.433
11636.6 260.544
11648.6 259.622
11660.7 258.67
11672.7 257.688
11684.7 256.676
11696.7 255.636
11708.7 254.567
11720.7 253.471
11732.7 252.348
11744.7 250.706
11756.8 248.786
11768.8 246.838
11780.8 244.865
11792.8 242.867
11804.8 240.845
11816.8 238.798
11828.8 236.729
11840.8 234.638
11852.9 232.867
11864.9 231.116
11876.9 229.345
11888.9 227.556
11900.9 225.75
11912.9 223.927
11924.9 222.087
11936.9 220.232
11948.9 218.357
11961 216.425
11973 214.48
11985 212.523
11997 210.554
12009 208.575
12021 206.585
12033 204.587
12045 202.579
12057.1 200.655
12069.1 198.878
12081.1 197.095
12093.1 195.306
12105.1 193.514
12117.1 191.718
12129.1 189.919
12141.1 188.118
12153.2 186.316
12165.2 183.763
12177.2 180.717
12189.2 177.669
12201.2 174.62
12213.2 171.57
12225.2 168.521
12237.2 165.472
12249.2 162.424
12261.3 159.379
12273.3 157.36
12285.3 155.543
12297.3 153.733
12309.3 151.929
12321.3 150.132
12333.3 148.343
12345.3 146.561
12357.4 144.789
12369.4 142.996
12381.4 140.874
12393.4 138.763
12405.4 136.66
12417.4 134.568
12429.4 132.486
12441.4 130.415
12453.5 128.356
12465.5 126.307
12477.5 124.362
12489.5 122.63
12501.5 120.911
12513.5 119.204
12525.5 117.512
12537.5 115.833
12549.5 114.169
12561.6 112.518
12573.6 110.883
12585.6 109.087
12597.6 107.167
12609.6 105.261
12621.6 103.37
12633.6 101.493
12645.6 99.6321
12657.7 97.786
12669.7 95.9551
12681.7 94.1395
12693.7 92.5255
12705.7 90.9767
12717.7 89.4441
12729.7 87.9275
12741.7 86.4271
12753.8 84.9429
12765.8 83.475
12777.8 82.0233
12789.8 80.5821
12801.8 78.9233
12813.8 77.2803
12825.8 75.653
12837.8 74.0416
12849.8 72.4459
12861.9 70.866
12873.9 69.3017
12885.9 67.7531
12897.9 66.4534
12909.9 65.8137
12921.9 65.191
12933.9 64.5853
12945.9 63.9965
12958 63.4245
12970 62.8692
12982 62.3305
12994 61.8083
13006 60.9999
13018 59.9042
13030 58.8236
13042 57.7579
13054.1 56.7069
13066.1 55.6707
13078.1 54.6489
13090.1 53.6415
13102.1 52.6484
13114.1 51.6557
13126.1 50.6719
13138.1 49.7019
13150.2 48.7456
13162.2 47.8026
13174.2 46.873
13186.2 45.9566
13198.2 45.0531
13210.2 44.1625
13222.2 43.4616
13234.2 42.7779
13246.2 42.107
13258.3 41.4485
13270.3 40.8023
13282.3 40.1683
13294.3 39.5463
13306.3 38.9362
13318.3 38.252
13330.3 37.2561
13342.3 36.2707
13354.4 35.2957
13366.4 34.331
13378.4 33.3763
13390.4 32.4316
13402.4 31.4966
13414.4 30.5712
13426.4 29.9174
13438.4 29.6029
13450.5 29.2986
13462.5 29.0041
13474.5 28.7195
13486.5 28.4445
13498.5 28.1789
13510.5 27.9227
13522.5 27.6755
13534.5 27.2873
13546.5 26.8387
13558.6 26.3984
13570.6 25.9662
13582.6 25.5419
13594.6 25.1254
13606.6 24.7165
13618.6 24.3151
13630.6 23.921
13642.6 23.2984
13654.7 22.6616
13666.7 22.0313
13678.7 21.4072
13690.7 20.7892
13702.7 20.1772
13714.7 19.571
13726.7 18.9704
13738.7 18.3648
13750.8 17.7098
13762.8 17.0599
13774.8 16.415
13786.8 15.7749
13798.8 15.1395
13810.8 14.5087
13822.8 13.8823
13834.8 13.2602
13846.8 12.6741
13858.9 12.1407
13870.9 11.6114
13882.9 11.086
13894.9 10.5644
13906.9 10.0465
13918.9 9.53204
13930.9 9.02102
13942.9 8.51329
13955 7.89403
13967 7.20991
13979 6.52839
13991 5.84935
14003 5.17267
14015 4.49824
14027 3.82594
14039 3.15565
14051.1 2.48725
14063.1 1.86121
14075.1 1.24292
14087.1 0.626267
14099.1 0.011142
14111.1 -0.602565
14123.1 -1.21496
14135.1 -1.82616
14147.1 -2.43627
14159.2 -3.04215
14171.2 -3.6194
14183.2 -4.19583
14195.2 -4.77154
14207.2 -5.34664
14219.2 -5.92122
14231.2 -6.49539
14243.2 -7.06925
14255.3 -7.64291
14267.3 -8.21448
14279.3 -8.78218
14291.3 -9.34996
14303.3 -9.91793
14315.3 -10.4862
14327.3 -11.0548
14339.3 -11.6239
14351.4 -12.1936
14363.4 -12.764
14375.4 -13.3226
14387.4 -13.873
14399.4 -14.4243
14411.4 -14.9766
14423.4 -15.5301
14435.4 -16.0848
14447.4 -16.6408
14459.5 -17.1982
14471.5 -17.7571
14483.5 -18.4107
14495.5 -19.0874
14507.5 -19.766
14519.5 -20.4467
14531.5 -21.1296
14543.5 -21.8148
14555.6 -22.5023
14567.6 -23.1922
14579.6 -23.8834
14591.6 -24.5539
14603.6 -25.2272
14615.6 -25.9032
14627.6 -26.5821
14639.6 -27.2641
14651.7 -27.949
14663.7 -28.6372
14675.7 -29.3286
14687.7 -30.0192
14699.7 -30.703
14711.7 -31.3904
14723.7 -32.0813
14735.7 -32.776
14747.7 -33.4745
14759.8 -34.177
14771.8 -34.8834
14783.8 -35.594
14795.8 -36.2638
14807.8 -36.897
14819.8 -37.5345
14831.8 -38.1763
14843.8 -38.8226
14855.9 -39.4735
14867.9 -40.129
14879.9 -40.7894
14891.9 -41.4545
14903.9 -42.0699
14915.9 -42.6734
14927.9 -43.2821
14939.9 -43.8959
14952 -44.5149
14964 -45.1394
14976 -45.7693
14988 -46.4047
15000 -47.0459
15012 -47.6371
15024 -48.2342
15036 -48.8371
15048 -49.4461
15060.1 -50.0612
15072.1 -50.6825
15084.1 -51.3101
15096.1 -51.9442
15108.1 -52.5792
15120.1 -53.2025
15132.1 -53.8325
15144.1 -54.4694
15156.2 -55.1132
15168.2 -55.7641
15180.2 -56.4221
15192.2 -57.0873
15204.2 -57.7599
15216.2 -58.4336
15228.2 -59.1077
15240.2 -59.7895
15252.3 -60.4791
15264.3 -61.1765
15276.3 -61.8819
15288.3 -62.5954
15300.3 -63.3171
15312.3 -64.0471
15324.3 -64.6982
15336.3 -65.3219
15348.3 -65.954
15360.4 -66.5946
15372.4 -67.2439
15384.4 -67.9018
15396.4 -68.5685
15408.4 -69.2441
15420.4 -69.9287
15432.4 -70.698
15444.4 -71.4811
15456.5 -72.2736
15468.5 -73.0756
15480.5 -73.8871
15492.5 -74.7082
15504.5 -75.5389
15516.5 -76.3794
15528.5 -77.2078
15540.5 -77.9494
15552.6 -78.7007
15564.6 -79.4618
15576.6 -80.2329
15588.6 -81.0138
15600.6 -81.8046
15612.6 -82.6055
15624.6 -83.4164
15636.6 -84.2354
15648.6 -85.0619
15660.7 -85.8985
15672.7 -86.7451
15684.7 -87.6018
15696.7 -88.4685
15708.7 -89.3453
15720.7 -90.2321
15732.7 -91.1288
15744.7 -91.9767
15756.8 -92.8044
15768.8 -93.6417
15780.8 -94.4886
15792.8 -95.345
15804.8 -96.2108
15816.8 -97.0859
15828.8 -97.9702
15840.8 -98.8635
15852.9 -100.018
15864.9 -101.211
15876.9 -102.412
15888.9 -103.623
15900.9 -104.842
15912.9 -106.07
15924.9 -107.306
15936.9 -108.549
15948.9 -109.786
15961 -110.931
15973 -112.084
15985 -113.243
15997 -114.408
16009 -115.579
16021 -116.755
16033 -117.936
16045 -119.122
16057.1 -120.263
16069.1 -121.324
16081.1 -122.388
16093.1 -123.455
16105.1 -124.523
16117.1 -125.593
16129.1 -126.664
16141.1 -127.736
16153.2 -128.807
16165.2 -130.054
16177.2 -131.416
16189.2 -132.775
16201.2 -134.132
16213.2 -135.486
16225.2 -136.837
16237.2 -138.182
16249.2 -139.522
16261.3 -140.856
16273.3 -141.931
16285.3 -142.95
16297.3 -143.959
16309.3 -144.958
16321.3 -145.947
16333.3 -146.923
16345.3 -147.887
16357.4 -148.838
16369.4 -149.798
16381.4 -151.028
16393.4 -152.241
16405.4 -153.437
16417.4 -154.615
16429.4 -155.775
16441.4 -156.915
16453.5 -158.033
16465.5 -159.13
16477.5 -160.198
16489.5 -161.225
16501.5 -162.229
16513.5 -163.206
16525.5 -164.158
16537.5 -165.081
16549.5 -165.977
16561.6 -166.843
16573.6 -167.679
16585.6 -168.53
16597.6 -169.387
16609.6 -170.212
16621.6 -171.004
16633.6 -171.761
16645.6 -172.484
16657.7 -173.172
16669.7 -173.824
16681.7 -174.44
16693.7 -175.278
16705.7 -176.149
16717.7 -176.982
16729.7 -177.777
16741.7 -178.533
16753.8 -179.252
16765.8 -179.931
16777.8 -180.571
16789.8 -181.174
16801.8 -181.809
16813.8 -182.405
16825.8 -182.962
16837.8 -183.479
16849.8 -183.957
16861.9 -184.395
16873.9 -184.795
16885.9 -185.155
16897.9 -185.414
16909.9 -185.458
16921.9 -185.463
16933.9 -185.431
16945.9 -185.362
16958 -185.255
16970 -185.112
16982 -184.933
16994 -184.719
17006 -184.524
17018 -184.349
17030 -184.141
17042 -183.9
17054.1 -183.628
17066.1 -183.325
17078.1 -182.991
17090.1 -182.629
17102.1 -182.237
17114.1 -181.717
17126.1 -181.133
17138.1 -180.523
17150.2 -179.888
17162.2 -179.228
17174.2 -178.546
17186.2 -177.84
17198.2 -177.114
17210.2 -176.366
17222.2 -175.361
17234.2 -174.331
17246.2 -173.283
17258.3 -172.218
17270.3 -171.137
17282.3 -170.04
17294.3 -168.928
17306.3 -167.803
17318.3 -166.669
17330.3 -165.54
17342.3 -164.4
17354.4 -163.249
17366.4 -162.089
17378.4 -160.921
17390.4 -159.744
17402.4 -158.561
17414.4 -157.371
17426.4 -156.253
17438.4 -155.227
17450.5 -154.196
17462.5 -153.162
17474.5 -152.126
17486.5 -151.088
17498.5 -150.049
17510.5 -149.009
17522.5 -147.968
17534.5 -146.674
17546.5 -145.265
17558.6 -143.856
17570.6 -142.449
17582.6 -141.043
17594.6 -139.64
17606.6 -138.24
17618.6 -136.843
17630.6 -135.45
17642.6 -133.953
17654.7 -132.45
17666.7 -130.952
17678.7 -129.459
17690.7 -127.971
17702.7 -126.488
17714.7 -125.012
17726.7 -123.541
17738.7 -122.056
17750.8 -120.465
17762.8 -118.881
17774.8 -117.304
17786.8 -115.734
17798.8 -114.171
17810.8 -112.616
17822.8 -111.067
17834.8 -109.527
17846.8 -108.115
17858.9 -106.897
17870.9 -105.687
17882.9 -104.485
17894.9 -103.292
17906.9 -102.108
17918.9 -100.933
17930.9 -99.7661
17942.9 -98.6085
17955 -97.4893
17967 -96.3967
17979 -95.3132
17991 -94.2388
18003 -93.1735
18015 -92.1173
18027 -91.0703
18039 -90.0325
18051.1 -89.0038
18063.1 -87.7985
18075.1 -86.5746
18087.1 -85.3595
18099.1 -84.1532
18111.1 -82.9557
18123.1 -81.7669
18135.1 -80.5868
18147.1 -79.4154
18159.2 -78.2747
18171.2 -77.3322
18183.2 -76.3984
18195.2 -75.4734
18207.2 -74.557
18219.2 -73.6494
18231.2 -72.7503
18243.2 -71.8597
18255.3 -70.9776
18267.3 -70.1051
18279.3 -69.243
18291.3 -68.3892
18303.3 -67.5436
18315.3 -66.7061
18327.3 -65.8767
18339.3 -65.0553
18351.4 -64.2418
18363.4 -63.4362
18375.4 -62.6846
18387.4 -61.9743
18399.4 -61.2716
18411.4 -60.5767
18423.4 -59.8893
18435.4 -59.2094
18447.4 -58.5369
18459.5 -57.8718
18471.5 -57.214
18483.5 -56.5837
18495.5 -55.9652
18507.5 -55.3538
18519.5 -54.7493
18531.5 -54.1518
18543.5 -53.5612
18555.6 -52.9772
18567.6 -52.4
18579.6 -51.8334
18591.6 -51.3392
18603.6 -50.8516
18615.6 -50.3705
18627.6 -49.8957
18639.6 -49.4273
18651.7 -48.9651
18663.7 -48.5092
18675.7 -48.0593
18687.7 -47.6449
18699.7 -47.3084
18711.7 -46.978
18723.7 -46.6536
18735.7 -46.335
18747.7 -46.0223
18759.8 -45.7153
18771.8 -45.4139
18783.8 -45.1182
18795.8 -44.7376
18807.8 -44.2802
18819.8 -43.828
18831.8 -43.3809
18843.8 -42.9389
18855.9 -42.5019
18867.9 -42.0698
18879.9 -41.6426
18891.9 -41.2202
18903.9 -40.9236
18915.9 -40.6687
18927.9 -40.4187
18939.9 -40.1735
18952 -39.9329
18964 -39.697
18976 -39.4657
18988 -39.239
19000 -39.0167
