7000 -0.00223209
7012.01 -0.00221474
7024.02 -0.0021972
7036.04 -0.00217924
7048.05 -0.00216145
7060.06 -0.00214386
7072.07 -0.0021263
7084.08 -0.00210871
7096.1 -0.00209104
7108.11 -0.00207323
7120.12 -0.00205521
7132.13 -0.00203683
7144.14 -0.00201767
7156.16 -0.00199934
7168.17 -0.00198129
7180.18 -0.00196333
7192.19 -0.00194536
7204.2 -0.0019273
7216.22 -0.00190907
7228.23 -0.00189053
7240.24 -0.00187136
7252.25 -0.00185171
7264.26 -0.00183316
7276.28 -0.00181487
7288.29 -0.00179663
7300.3 -0.00177833
7312.31 -0.00175986
7324.32 -0.00174105
7336.34 -0.00172162
7348.35 -0.00170022
7360.36 -0.00168067
7372.37 -0.0016626
7384.38 -0.00164527
7396.4 -0.00162845
7408.41 -0.00161207
7420.42 -0.0015961
7432.43 -0.0015806
7444.44 -0.0015658
7456.46 -0.00155227
7468.47 -0.00153594
7480.48 -0.00152617
7492.49 -0.00152447
7504.5 -0.00152334
7516.52 -0.00152265
7528.53 -0.00152244
7540.54 -0.00152285
7552.55 -0.00152427
7564.56 -0.00152689
7576.58 -0.00153122
7588.59 -0.00150099
7600.6 -0.00145586
7612.61 -0.00140823
7624.62 -0.00135872
7636.64 -0.00130755
7648.65 -0.00125488
7660.66 -0.00120099
7672.67 -0.00114436
7684.68 -0.00108461
7696.7 -0.0010502
7708.71 -0.00101676
7720.72 -0.000983012
7732.73 -0.000948584
7744.74 -0.000913183
7756.76 -0.000876279
7768.77 -0.000837273
7780.78 -0.000801154
7792.79 -0.000764675
7804.8 -0.000723945
7816.82 -0.000682769
7828.83 -0.000641197
7840.84 -0.000599229
7852.85 -0.000556891
7864.86 -0.000514402
7876.88 -0.000471005
7888.89 -0.000425431
7900.9 -0.000385504
7912.91 -0.000354123
7924.92 -0.000322823
7936.94 -0.000291306
7948.95 -0.000259417
7960.96 -0.000226955
7972.97 -0.000193141
7984.98 -0.000161492
7997 -0.000131652
8009.01 -8.54721e-05
8021.02 -3.05511e-05
8033.03 2.55537e-05
8045.05 8.25831e-05
8057.06 0.000140478
8069.07 0.000199293
8081.08 0.000259132
8093.09 0.000319813
8105.11 0.000383099
8117.12 0.000412634
8129.13 0.000438597
8141.14 0.000463123
8153.15 0.000486361
8165.17 0.000508075
8177.18 0.000527076
8189.19 0.000546366
8201.2 0.000567532
8213.21 0.000596219
8225.23 0.000668108
8237.24 0.000743758
8249.25 0.000821714
8261.26 0.000901501
8273.27 0.000982824
8285.29 0.00106522
8297.3 0.00115154
8309.31 0.00124172
8321.32 0.00130923
8333.33 0.00133693
8345.35 0.00136235
8357.36 0.00138655
8369.37 0.00140981
8381.38 0.00143211
8393.39 0.00145349
8405.41 0.00147463
8417.42 0.00149386
8429.43 0.00154636
8441.44 0.00162013
8453.45 0.00169626
8465.47 0.00177408
8477.48 0.00185334
8489.49 0.00193382
8501.5 0.00201635
8513.51 0.00210151
8525.53 0.00219126
8537.54 0.00221589
8549.55 0.00222998
8561.56 0.00224185
8573.57 0.00225197
8585.59 0.00226025
8597.6 0.00226607
8609.61 0.00227293
8621.62 0.00227801
8633.63 0.0022942
8645.65 0.00240853
8657.66 0.00252924
8669.67 0.00265356
8681.68 0.00278069
8693.69 0.00291036
8705.71 0.00304226
8717.72 0.00317596
8729.73 0.00331238
8741.74 0.00342919
8753.75 0.00350663
8765.77 0.00358269
8777.78 0.00365827
8789.79 0.0037336
8801.8 0.00380862
8813.81 0.00388458
8825.83 0.00396128
8837.84 0.00403844
8849.85 0.00411603
8861.86 0.00419404
8873.87 0.0042725
8885.89 0.00435145
8897.9 0.00443101
8909.91 0.00451123
8921.92 0.00458996
8933.93 0.00466849
8945.95 0.00474701
8957.96 0.00482558
8969.97 0.00490422
8981.98 0.0049829
8993.99 0.00506161
9006.01 0.00514017
9018.02 0.00521931
9030.03 0.00529987
9042.04 0.00538092
9054.05 0.00546237
9066.07 0.00554419
9078.08 0.00562637
9090.09 0.00570893
9102.1 0.00579194
9114.11 0.00587581
9126.13 0.00595789
9138.14 0.00603948
9150.15 0.00612095
9162.16 0.00620241
9174.17 0.0062839
9186.19 0.00636547
9198.2 0.00644717
9210.21 0.00652913
9222.22 0.00661112
9234.23 0.00669106
9246.25 0.00677057
9258.26 0.00684983
9270.27 0.00692892
9282.28 0.00700787
9294.29 0.00708673
9306.31 0.00716554
9318.32 0.00724443
9330.33 0.00732256
9342.34 0.0073997
9354.35 0.00747655
9366.37 0.00755319
9378.38 0.00762967
9390.39 0.00770605
9402.4 0.00778239
9414.41 0.00785883
9426.43 0.00793588
9438.44 0.0080082
9450.45 0.00807934
9462.46 0.00814983
9474.47 0.00821982
9486.49 0.00828937
9498.5 0.00835855
9510.51 0.00842739
9522.52 0.00849597
9534.53 0.0085641
9546.55 0.00863128
9558.56 0.00869809
9570.57 0.00876461
9582.58 0.00883091
9594.59 0.00889703
9606.61 0.00896307
9618.62 0.00902919
9630.63 0.00909592
9642.64 0.00915638
9654.65 0.00921193
9666.67 0.00926637
9678.68 0.00932001
9690.69 0.00937297
9702.7 0.00942536
9714.71 0.00947724
9726.73 0.00952864
9738.74 0.00957963
9750.75 0.00963021
9762.76 0.00968044
9774.77 0.00973034
9786.79 0.00977996
9798.8 0.00982933
9810.81 0.00987851
9822.82 0.00992759
9834.83 0.00997675
9846.85 0.0100235
9858.86 0.0100648
9870.87 0.0101053
9882.88 0.0101453
9894.89 0.0101849
9906.91 0.010224
9918.92 0.0102628
9930.93 0.0103012
9942.94 0.0103392
9954.95 0.010379
9966.97 0.0104198
9978.98 0.0104605
9990.99 0.0105012
10003 0.0105419
10015 0.0105826
10027 0.0106233
10039 0.0106642
10051.1 0.0107049
10063.1 0.0107387
10075.1 0.0107718
10087.1 0.0108045
10099.1 0.0108368
10111.1 0.0108688
10123.1 0.0109005
10135.1 0.0109317
10147.1 0.0109621
10159.2 0.0109973
10171.2 0.0110412
10183.2 0.0110859
10195.2 0.011131
10207.2 0.0111765
10219.2 0.0112221
10231.2 0.011268
10243.2 0.0113138
10255.3 0.0113594
10267.3 0.01141
10279.3 0.0114627
10291.3 0.0115159
10303.3 0.0115695
10315.3 0.0116233
10327.3 0.0116771
10339.3 0.0117308
10351.4 0.0117838
10363.4 0.011838
10375.4 0.011917
10387.4 0.0119993
10399.4 0.0120837
10411.4 0.0121699
10423.4 0.0122577
10435.4 0.012347
10447.4 0.0124378
10459.5 0.0125298
10471.5 0.0126253
10483.5 0.0127254
10495.5 0.0128276
10507.5 0.0129316
10519.5 0.0130373
10531.5 0.0131448
10543.5 0.0132539
10555.6 0.0133645
10567.6 0.0134758
10579.6 0.0136015
10591.6 0.0137339
10603.6 0.0138697
10615.6 0.0140087
10627.6 0.0141508
10639.6 0.014296
10651.7 0.0144443
10663.7 0.014596
10675.7 0.0147497
10687.7 0.0148976
10699.7 0.0150475
10711.7 0.0151998
10723.7 0.0153547
10735.7 0.0155123
10747.7 0.0156727
10759.8 0.0158359
10771.8 0.0160022
10783.8 0.0161671
10795.8 0.0163303
10807.8 0.0164959
10819.8 0.0166643
10831.8 0.0168356
10843.8 0.0170101
10855.9 0.0171883
10867.9 0.0173707
10879.9 0.017559
10891.9 0.0177281
10903.9 0.0178334
10915.9 0.0178952
10927.9 0.0179485
10939.9 0.0179959
10952 0.0180379
10964 0.0180747
10976 0.0181057
10988 0.0181254
11000 0.0181222
11012 0.0181708
11024 0.0182256
11036 0.0182809
11048 0.0183353
11060.1 0.0183878
11072.1 0.0184377
11084.1 0.0184837
11096.1 0.0185122
11108.1 0.0185343
11120.1 0.0185864
11132.1 0.0186405
11144.1 0.0186944
11156.2 0.0187471
11168.2 0.018798
11180.2 0.0188463
11192.2 0.0188906
11204.2 0.0189236
11216.2 0.0189681
11228.2 0.0190422
11240.2 0.0191185
11252.3 0.0191951
11264.3 0.0192713
11276.3 0.0193463
11288.3 0.0194196
11300.3 0.0194867
11312.3 0.0195463
11324.3 0.0196158
11336.3 0.0196937
11348.3 0.0197724
11360.4 0.0198515
11372.4 0.0199309
11384.4 0.0200109
11396.4 0.0200921
11408.4 0.0201769
11420.4 0.0202694
11432.4 0.0202978
11444.4 0.0203076
11456.5 0.0203109
11468.5 0.020309
11480.5 0.0203025
11492.5 0.0202917
11504.5 0.020277
11516.5 0.0202603
11528.5 0.0202393
11540.5 0.0202569
11552.6 0.0202772
11564.6 0.0202978
11576.6 0.0203181
11588.6 0.0203383
11600.6 0.0203588
11612.6 0.0203864
11624.6 0.020417
11636.6 0.0204435
11648.6 0.0204648
11660.7 0.0204839
11672.7 0.0205013
11684.7 0.0205174
11696.7 0.0205329
11708.7 0.0205489
11720.7 0.0205718
11732.7 0.020596
11744.7 0.0205959
11756.8 0.0205688
11768.8 0.0205355
11780.8 0.0204976
11792.8 0.020456
11804.8 0.0204115
11816.8 0.0203669
11828.8 0.0203255
11840.8 0.0202746
11852.9 0.0202376
11864.9 0.0202042
11876.9 0.0201692
11888.9 0.0201325
11900.9 0.0200943
11912.9 0.0200551
11924.9 0.0200184
11936.9 0.0199805
11948.9 0.0199395
11961 0.019892
11973 0.0198416
11985 0.0197889
11997 0.0197341
12009 0.0196777
12021 0.0196207
12033 0.0195679
12045 0.0195097
12057.1 0.0194513
12069.1 0.0194066
12081.1 0.0193625
12093.1 0.0193186
12105.1 0.0192751
12117.1 0.0192325
12129.1 0.0191927
12141.1 0.0191569
12153.2 0.0191272
12165.2 0.0190603
12177.2 0.018937
12189.2 0.0188033
12201.2 0.0186623
12213.2 0.0185153
12225.2 0.0183633
12237.2 0.0182103
12249.2 0.0180477
12261.3 0.0178686
12273.3 0.0177488
12285.3 0.0176608
12297.3 0.0175779
12309.3 0.0174981
12321.3 0.017421
12333.3 0.0173475
12345.3 0.017281
12357.4 0.0172142
12369.4 0.0171508
12381.4 0.017051
12393.4 0.0169448
12405.4 0.0168355
12417.4 0.0167241
12429.4 0.0166115
12441.4 0.0165006
12453.5 0.0163888
12465.5 0.0162719
12477.5 0.0161543
12489.5 0.0160493
12501.5 0.0159451
12513.5 0.0158412
12525.5 0.0157378
12537.5 0.0156354
12549.5 0.0155373
12561.6 0.0154378
12573.6 0.015338
12585.6 0.0152292
12597.6 0.0151048
12609.6 0.0149771
12621.6 0.014847
12633.6 0.0147152
12645.6 0.0145822
12657.7 0.014449
12669.7 0.0143119
12681.7 0.0141709
12693.7 0.014041
12705.7 0.0139186
12717.7 0.0137971
12729.7 0.0136764
12741.7 0.0135569
12753.8 0.0134425
12765.8 0.0133272
12777.8 0.0132086
12789.8 0.0130895
12801.8 0.0129546
12813.8 0.0128151
12825.8 0.0126725
12837.8 0.0125268
12849.8 0.0123779
12861.9 0.0122247
12873.9 0.0120686
12885.9 0.0119076
12897.9 0.0117502
12909.9 0.0116495
12921.9 0.011556
12933.9 0.0114662
12945.9 0.0113792
12958 0.0112946
12970 0.0112121
12982 0.0111321
12994 0.0110556
13006 0.0109668
13018 0.0108512
13030 0.0107319
13042 0.01061
13054.1 0.010485
13066.1 0.0103527
13078.1 0.0102229
13090.1 0.0100967
13102.1 0.00997264
13114.1 0.00984443
13126.1 0.00971316
13138.1 0.00958176
13150.2 0.00945026
13162.2 0.00931865
13174.2 0.00918683
13186.2 0.00905444
13198.2 0.00892111
13210.2 0.00878518
13222.2 0.00867189
13234.2 0.00856235
13246.2 0.00845363
13258.3 0.00834476
13270.3 0.00823338
13282.3 0.00812108
13294.3 0.00801691
13306.3 0.00791735
13318.3 0.00781675
13330.3 0.00768249
13342.3 0.0075462
13354.4 0.00740929
13366.4 0.00727206
13378.4 0.00713443
13390.4 0.00699675
13402.4 0.00685873
13414.4 0.00671964
13426.4 0.00659224
13438.4 0.00648818
13450.5 0.00638635
13462.5 0.00628565
13474.5 0.00618514
13486.5 0.00608368
13498.5 0.00598707
13510.5 0.00589305
13522.5 0.00580118
13534.5 0.00570645
13546.5 0.00560999
13558.6 0.0055144
13570.6 0.00541962
13582.6 0.00532524
13594.6 0.005232
13606.6 0.00514095
13618.6 0.00505157
13630.6 0.00496443
13642.6 0.00485582
13654.7 0.00474375
13666.7 0.00463144
13678.7 0.00451889
13690.7 0.00440537
13702.7 0.00429384
13714.7 0.00418351
13726.7 0.00407389
13738.7 0.00396575
13750.8 0.00386522
13762.8 0.00376548
13774.8 0.00366612
13786.8 0.00356649
13798.8 0.00346643
13810.8 0.00337046
13822.8 0.00327638
13834.8 0.00318374
13846.8 0.00309102
13858.9 0.00299693
13870.9 0.00290365
13882.9 0.0028111
13894.9 0.00271903
13906.9 0.00262799
13918.9 0.00253816
13930.9 0.00244919
13942.9 0.00236096
13955 0.00227346
13967 0.00218656
13979 0.00210003
13991 0.00201355
14003 0.00192619
14015 0.00184249
14027 0.0017607
14039 0.00168027
14051.1 0.00160102
14063.1 0.00152115
14075.1 0.00144197
14087.1 0.00136376
14099.1 0.00128665
14111.1 0.00121041
14123.1 0.00113383
14135.1 0.00105759
14147.1 0.000981739
14159.2 0.00090581
14171.2 0.000825619
14183.2 0.00074563
14195.2 0.000665718
14207.2 0.000585129
14219.2 0.000506569
14231.2 0.000429703
14243.2 0.000353802
14255.3 0.000278691
14267.3 0.000204037
14279.3 0.000129539
14291.3 5.56077e-05
14303.3 -1.78187e-05
14315.3 -9.08192e-05
14327.3 -0.000163042
14339.3 -0.000234702
14351.4 -0.000305876
14363.4 -0.000376614
14375.4 -0.000446484
14387.4 -0.000515697
14399.4 -0.000584714
14411.4 -0.000653836
14423.4 -0.000722412
14435.4 -0.000788953
14447.4 -0.000854654
14459.5 -0.000919714
14471.5 -0.000984244
14483.5 -0.00104982
14495.5 -0.00111533
14507.5 -0.00118057
14519.5 -0.00124602
14531.5 -0.00130969
14543.5 -0.00137227
14555.6 -0.00143412
14567.6 -0.00149537
14579.6 -0.00155601
14591.6 -0.00161534
14603.6 -0.00167422
14615.6 -0.00173268
14627.6 -0.00179074
14639.6 -0.00184834
14651.7 -0.00190555
14663.7 -0.00196237
14675.7 -0.00201882
14687.7 -0.00207274
14699.7 -0.00212154
14711.7 -0.00217029
14723.7 -0.00221912
14735.7 -0.00226738
14747.7 -0.00231441
14759.8 -0.00236093
14771.8 -0.00240704
14783.8 -0.00245275
14795.8 -0.0024961
14807.8 -0.00253749
14819.8 -0.00257863
14831.8 -0.00261936
14843.8 -0.00266059
14855.9 -0.00270196
14867.9 -0.00274334
14879.9 -0.00278475
14891.9 -0.00282622
14903.9 -0.00287084
14915.9 -0.00291631
14927.9 -0.00296194
14939.9 -0.00300759
14952 -0.00305144
14964 -0.00309475
14976 -0.00313771
14988 -0.00318037
15000 -0.00322271
15012 -0.00326145
15024 -0.00330012
15036 -0.00333863
15048 -0.00337724
15060.1 -0.00341608
15072.1 -0.00345495
15084.1 -0.00349382
15096.1 -0.00353267
15108.1 -0.00357033
15120.1 -0.00360472
15132.1 -0.00363939
15144.1 -0.00367445
15156.2 -0.00370854
15168.2 -0.00374241
15180.2 -0.00377622
15192.2 -0.00381002
15204.2 -0.00384382
15216.2 -0.00387704
15228.2 -0.00390974
15240.2 -0.00394263
15252.3 -0.00397555
15264.3 -0.00400794
15276.3 -0.00404026
15288.3 -0.00407258
15300.3 -0.00410489
15312.3 -0.00413714
15324.3 -0.00416317
15336.3 -0.00418729
15348.3 -0.00421185
15360.4 -0.00423628
15372.4 -0.00426055
15384.4 -0.00428496
15396.4 -0.00430954
15408.4 -0.0043343
15420.4 -0.00435927
15432.4 -0.00438398
15444.4 -0.00440897
15456.5 -0.00443436
15468.5 -0.00445901
15480.5 -0.00448364
15492.5 -0.00450837
15504.5 -0.00453324
15516.5 -0.00455825
15528.5 -0.00458356
15540.5 -0.0046095
15552.6 -0.00463552
15564.6 -0.00466188
15576.6 -0.00468912
15588.6 -0.00471671
15600.6 -0.00474463
15612.6 -0.00477286
15624.6 -0.00480143
15636.6 -0.00483121
15648.6 -0.00486242
15660.7 -0.00489409
15672.7 -0.00492511
15684.7 -0.0049557
15696.7 -0.00498635
15708.7 -0.0050171
15720.7 -0.00504797
15732.7 -0.00507894
15744.7 -0.005107
15756.8 -0.00513387
15768.8 -0.00516097
15780.8 -0.00518875
15792.8 -0.00521688
15804.8 -0.00524531
15816.8 -0.00527406
15828.8 -0.00530314
15840.8 -0.00533267
15852.9 -0.00537281
15864.9 -0.00541424
15876.9 -0.00545513
15888.9 -0.00549453
15900.9 -0.0055337
15912.9 -0.00557277
15924.9 -0.00561176
15936.9 -0.00565069
15948.9 -0.00568851
15961 -0.00571988
15973 -0.00575134
15985 -0.00578304
15997 -0.00581486
16009 -0.00584674
16021 -0.00587866
16033 -0.00591059
16045 -0.00594252
16057.1 -0.00597183
16069.1 -0.00599689
16081.1 -0.00602196
16093.1 -0.00604626
16105.1 -0.00607037
16117.1 -0.00609432
16129.1 -0.0061181
16141.1 -0.00614169
16153.2 -0.00616505
16165.2 -0.00619604
16177.2 -0.00623183
16189.2 -0.00626758
16201.2 -0.00630343
16213.2 -0.00633903
16225.2 -0.00637433
16237.2 -0.00640932
16249.2 -0.00644397
16261.3 -0.0064783
16273.3 -0.00650365
16285.3 -0.00652674
16297.3 -0.00654969
16309.3 -0.00657222
16321.3 -0.0065942
16333.3 -0.00661559
16345.3 -0.00663632
16357.4 -0.00665629
16369.4 -0.00667643
16381.4 -0.00670956
16393.4 -0.00674219
16405.4 -0.00677445
16417.4 -0.00680602
16429.4 -0.00683683
16441.4 -0.00686683
16453.5 -0.00689599
16465.5 -0.00692426
16477.5 -0.00695144
16489.5 -0.00697718
16501.5 -0.00700289
16513.5 -0.00702861
16525.5 -0.00705344
16537.5 -0.00707729
16549.5 -0.00710011
16561.6 -0.00712182
16573.6 -0.00714238
16585.6 -0.00716301
16597.6 -0.00718364
16609.6 -0.0072034
16621.6 -0.00722199
16633.6 -0.00723931
16645.6 -0.00725531
16657.7 -0.00726991
16669.7 -0.00728297
16681.7 -0.00729418
16693.7 -0.00731382
16705.7 -0.00733649
16717.7 -0.00736034
16729.7 -0.00738326
16741.7 -0.00740509
16753.8 -0.00742577
16765.8 -0.00744524
16777.8 -0.00746342
16789.8 -0.0074802
16801.8 -0.00750001
16813.8 -0.00751877
16825.8 -0.00753636
16837.8 -0.00755284
16849.8 -0.00756821
16861.9 -0.00758247
16873.9 -0.00759564
16885.9 -0.00760775
16897.9 -0.0076185
16909.9 -0.00762684
16921.9 -0.00763705
16933.9 -0.0076463
16945.9 -0.00765455
16958 -0.00766181
16970 -0.0076681
16982 -0.00767342
16994 -0.0076778
17006 -0.0076816
17018 -0.0076851
17030 -0.00768793
17042 -0.00769005
17054.1 -0.00769152
17066.1 -0.00769239
17078.1 -0.00769278
17090.1 -0.00769284
17102.1 -0.00769295
17114.1 -0.00768732
17126.1 -0.00767989
17138.1 -0.00767231
17150.2 -0.007664
17162.2 -0.00765512
17174.2 -0.00764579
17186.2 -0.00763619
17198.2 -0.00762656
17210.2 -0.0076179
17222.2 -0.00759739
17234.2 -0.00757472
17246.2 -0.00755095
17258.3 -0.00752633
17270.3 -0.00750102
17282.3 -0.00747509
17294.3 -0.00744866
17306.3 -0.00742181
17318.3 -0.00739445
17330.3 -0.00736531
17342.3 -0.00733592
17354.4 -0.00730598
17366.4 -0.00727555
17378.4 -0.00724465
17390.4 -0.00721328
17402.4 -0.00718139
17414.4 -0.00714878
17426.4 -0.00711784
17438.4 -0.00709304
17450.5 -0.00706902
17462.5 -0.0070454
17474.5 -0.00702219
17486.5 -0.00699942
17498.5 -0.00697721
17510.5 -0.00695577
17522.5 -0.00693569
17534.5 -0.00691075
17546.5 -0.00688073
17558.6 -0.00685009
17570.6 -0.00681922
17582.6 -0.0067883
17594.6 -0.0067575
17606.6 -0.00672697
17618.6 -0.00669696
17630.6 -0.00666822
17642.6 -0.00663487
17654.7 -0.00660007
17666.7 -0.00656469
17678.7 -0.00652903
17690.7 -0.00649324
17702.7 -0.00645748
17714.7 -0.00642194
17726.7 -0.00638698
17738.7 -0.0063527
17750.8 -0.00630622
17762.8 -0.00625766
17774.8 -0.00620796
17786.8 -0.00615728
17798.8 -0.00610564
17810.8 -0.00605297
17822.8 -0.00599903
17834.8 -0.0059432
17846.8 -0.00588901
17858.9 -0.00584773
17870.9 -0.00580804
17882.9 -0.00576914
17894.9 -0.00573074
17906.9 -0.00569268
17918.9 -0.00565486
17930.9 -0.00561716
17942.9 -0.00557938
17955 -0.0055416
17967 -0.00550494
17979 -0.0054689
17991 -0.00543336
18003 -0.00539832
18015 -0.00536379
18027 -0.00532987
18039 -0.00529681
18051.1 -0.00526553
18063.1 -0.00522774
18075.1 -0.00518596
18087.1 -0.00514309
18099.1 -0.0050994
18111.1 -0.00505495
18123.1 -0.00500972
18135.1 -0.00496356
18147.1 -0.00491611
18159.2 -0.00486597
18171.2 -0.00482324
18183.2 -0.00478228
18195.2 -0.00474197
18207.2 -0.00470201
18219.2 -0.0046622
18231.2 -0.00462241
18243.2 -0.00458245
18255.3 -0.004542
18267.3 -0.00450153
18279.3 -0.00446588
18291.3 -0.00443116
18303.3 -0.00439697
18315.3 -0.00436312
18327.3 -0.0043295
18339.3 -0.00429601
18351.4 -0.0042625
18363.4 -0.00422865
18375.4 -0.00419478
18387.4 -0.00416342
18399.4 -0.00413278
18411.4 -0.00410266
18423.4 -0.00407299
18435.4 -0.00404371
18447.4 -0.00401482
18459.5 -0.00398632
18471.5 -0.00395814
18483.5 -0.00392839
18495.5 -0.00389769
18507.5 -0.00386691
18519.5 -0.00383611
18531.5 -0.0038053
18543.5 -0.00377446
18555.6 -0.00374354
18567.6 -0.00371245
18579.6 -0.00368077
18591.6 -0.00365099
18603.6 -0.00362168
18615.6 -0.00359257
18627.6 -0.00356354
18639.6 -0.00353451
18651.7 -0.00350538
18663.7 -0.00347599
18675.7 -0.00344596
18687.7 -0.00341536
18699.7 -0.00339128
18711.7 -0.00336868
18723.7 -0.00334702
18735.7 -0.00332616
18747.7 -0.00330603
18759.8 -0.00328668
18771.8 -0.00326824
18783.8 -0.00325107
18795.8 -0.00323235
18807.8 -0.00320709
18819.8 -0.0031807
18831.8 -0.0031536
18843.8 -0.0031259
18855.9 -0.00309757
18867.9 -0.00306848
18879.9 -0.00303826
18891.9 -0.00300528
18903.9 -0.00297874
18915.9 -0.00295935
18927.9 -0.00294172
18939.9 -0.00292536
18952 -0.00291006
18964 -0.00289579
18976 -0.00288259
18988 -0.00287065
19000 -0.00286116
