7000 -0.00209049
7012.01 -0.00207804
7024.02 -0.00206537
7036.04 -0.00205225
7048.05 -0.00203923
7060.06 -0.00202633
7072.07 -0.0020134
7084.08 -0.00200038
7096.1 -0.00198723
7108.11 -0.00197391
7120.12 -0.00196033
7132.13 -0.00194637
7144.14 -0.00193163
7156.16 -0.00191759
7168.17 -0.00190374
7180.18 -0.00188991
7192.19 -0.00187601
7204.2 -0.00186198
7216.22 -0.00184773
7228.23 -0.00183314
7240.24 -0.00181792
7252.25 -0.00180218
7264.26 -0.00178738
7276.28 -0.00177276
7288.29 -0.00175812
7300.3 -0.00174338
7312.31 -0.0017284
7324.32 -0.00171306
7336.34 -0.00169709
7348.35 -0.00167923
7360.36 -0.00166294
7372.37 -0.00164796
7384.38 -0.00163357
7396.4 -0.00161958
7408.41 -0.0016059
7420.42 -0.0015925
7432.43 -0.00157942
7444.44 -0.00156684
7456.46 -0.00155524
7468.47 -0.00154068
7480.48 -0.00153618
7492.49 -0.00154373
7504.5 -0.00155225
7516.52 -0.00156146
7528.53 -0.00157136
7540.54 -0.0015821
7552.55 -0.00159408
7564.56 -0.00160756
7576.58 -0.00162333
7588.59 -0.0015996
7600.6 -0.00155896
7612.61 -0.00151563
7624.62 -0.00147033
7636.64 -0.00142334
7648.65 -0.00137483
7660.66 -0.00132512
7672.67 -0.00127286
7684.68 -0.00121774
7696.7 -0.00118257
7708.71 -0.00114785
7720.72 -0.00111256
7732.73 -0.00107639
7744.74 -0.00103907
7756.76 -0.00100007
7768.77 -0.000958777
7780.78 -0.000919845
7792.79 -0.000881483
7804.8 -0.000843871
7816.82 -0.000806107
7828.83 -0.000768082
7840.84 -0.000729747
7852.85 -0.000691114
7864.86 -0.000652391
7876.88 -0.000612903
7888.89 -0.000571494
7900.9 -0.000533602
7912.91 -0.000501195
7924.92 -0.000468585
7936.94 -0.000435562
7948.95 -0.000402003
7960.96 -0.000367718
7972.97 -0.00033194
7984.98 -0.000297991
7997 -0.000265446
8009.01 -0.000220218
8021.02 -0.000168143
8033.03 -0.000115034
8045.05 -6.10812e-05
8057.06 -6.31789e-06
8069.07 4.93196e-05
8081.08 0.000105935
8093.09 0.000163341
8105.11 0.000223152
8117.12 0.00025228
8129.13 0.000278193
8141.14 0.000302831
8153.15 0.00032632
8165.17 0.00034843
8177.18 0.000368016
8189.19 0.00038792
8201.2 0.00040978
8213.21 0.000438566
8225.23 0.000506511
8237.24 0.000577947
8249.25 0.000651552
8261.26 0.000726887
8273.27 0.000803675
8285.29 0.000881456
8297.3 0.000962951
8309.31 0.00104808
8321.32 0.00111268
8333.33 0.00114114
8345.35 0.00116761
8357.36 0.00119306
8369.37 0.00121773
8381.38 0.0012416
8393.39 0.0012647
8405.41 0.00128773
8417.42 0.00130917
8429.43 0.00136014
8441.44 0.00143002
8453.45 0.00150205
8465.47 0.00157567
8477.48 0.00165061
8489.49 0.00172669
8501.5 0.00180467
8513.51 0.0018851
8525.53 0.00196967
8537.54 0.00199657
8549.55 0.0020142
8561.56 0.00202991
8573.57 0.0020441
8585.59 0.00205668
8597.6 0.00206702
8609.61 0.00207855
8621.62 0.00208862
8633.63 0.00210892
8645.65 0.00221865
8657.66 0.00233428
8669.67 0.0024533
8681.68 0.00257497
8693.69 0.00269905
8705.71 0.00282526
8717.72 0.00295314
8729.73 0.00308357
8741.74 0.00319642
8753.75 0.00327392
8765.77 0.00335027
8777.78 0.00342625
8789.79 0.00350209
8801.8 0.0035777
8813.81 0.00365429
8825.83 0.00373167
8837.84 0.00380957
8849.85 0.00388795
8861.86 0.00396681
8873.87 0.00404616
8885.89 0.00412604
8897.9 0.00420658
8909.91 0.00428784
8921.92 0.00436768
8933.93 0.00444737
8945.95 0.00452709
8957.96 0.0046069
8969.97 0.00468682
8981.98 0.00476682
8993.99 0.00484688
9006.01 0.00492683
9018.02 0.00500738
9030.03 0.00508937
9042.04 0.00517188
9054.05 0.00525483
9066.07 0.00533818
9078.08 0.00542192
9090.09 0.00550607
9102.1 0.00559071
9114.11 0.00567624
9126.13 0.00576006
9138.14 0.0058434
9150.15 0.00592666
9162.16 0.00600993
9174.17 0.00609326
9186.19 0.0061767
9198.2 0.0062603
9210.21 0.00634419
9222.22 0.00642813
9234.23 0.00651008
9246.25 0.00659162
9258.26 0.00667293
9270.27 0.00675408
9282.28 0.00683512
9294.29 0.00691608
9306.31 0.00699702
9318.32 0.00707806
9330.33 0.00715837
9342.34 0.0072377
9354.35 0.00731676
9366.37 0.00739563
9378.38 0.00747435
9390.39 0.00755299
9402.4 0.0076316
9414.41 0.00771033
9426.43 0.00778969
9438.44 0.00786437
9450.45 0.00793788
9462.46 0.00801073
9474.47 0.00808309
9486.49 0.00815502
9498.5 0.00822657
9510.51 0.00829781
9522.52 0.00836877
9534.53 0.0084393
9546.55 0.00850888
9558.56 0.00857811
9570.57 0.00864704
9582.58 0.00871575
9594.59 0.00878428
9606.61 0.00885274
9618.62 0.0089213
9630.63 0.00899046
9642.64 0.00905342
9654.65 0.00911146
9666.67 0.00916836
9678.68 0.00922444
9690.69 0.00927984
9702.7 0.00933466
9714.71 0.00938895
9726.73 0.00944276
9738.74 0.00949613
9750.75 0.0095491
9762.76 0.00960171
9774.77 0.00965398
9786.79 0.00970595
9798.8 0.00975767
9810.81 0.00980919
9822.82 0.0098606
9834.83 0.00991209
9846.85 0.00996115
9858.86 0.0100048
9870.87 0.0100476
9882.88 0.0100899
9894.89 0.0101317
9906.91 0.0101731
9918.92 0.0102141
9930.93 0.0102548
9942.94 0.0102949
9954.95 0.010337
9966.97 0.0103799
9978.98 0.0104228
9990.99 0.0104656
10003 0.0105084
10015 0.0105513
10027 0.0105941
10039 0.0106371
10051.1 0.01068
10063.1 0.0107159
10075.1 0.010751
10087.1 0.0107858
10099.1 0.0108202
10111.1 0.0108542
10123.1 0.0108879
10135.1 0.0109211
10147.1 0.0109534
10159.2 0.0109906
10171.2 0.0110364
10183.2 0.0110831
10195.2 0.0111302
10207.2 0.0111776
10219.2 0.0112252
10231.2 0.011273
10243.2 0.0113208
10255.3 0.0113683
10267.3 0.0114208
10279.3 0.0114755
10291.3 0.0115307
10303.3 0.0115862
10315.3 0.011642
10327.3 0.0116978
10339.3 0.0117535
10351.4 0.0118084
10363.4 0.0118645
10375.4 0.0119455
10387.4 0.0120299
10399.4 0.0121164
10411.4 0.0122047
10423.4 0.0122946
10435.4 0.0123861
10447.4 0.012479
10459.5 0.0125732
10471.5 0.0126709
10483.5 0.0127733
10495.5 0.0128777
10507.5 0.012984
10519.5 0.0130921
10531.5 0.0132019
10543.5 0.0133134
10555.6 0.0134263
10567.6 0.01354
10579.6 0.0136682
10591.6 0.0138032
10603.6 0.0139416
10615.6 0.0140832
10627.6 0.014228
10639.6 0.0143759
10651.7 0.014527
10663.7 0.0146815
10675.7 0.014838
10687.7 0.0149888
10699.7 0.0151416
10711.7 0.0152968
10723.7 0.0154547
10735.7 0.0156153
10747.7 0.0157787
10759.8 0.015945
10771.8 0.0161144
10783.8 0.0162825
10795.8 0.0164489
10807.8 0.0166178
10819.8 0.0167895
10831.8 0.0169642
10843.8 0.0171422
10855.9 0.0173238
10867.9 0.0175099
10879.9 0.0177019
10891.9 0.0178748
10903.9 0.0179824
10915.9 0.0180454
10927.9 0.0180999
10939.9 0.0181482
10952 0.0181911
10964 0.0182287
10976 0.0182604
10988 0.0182806
11000 0.0182776
11012 0.0183276
11024 0.0183839
11036 0.0184408
11048 0.0184967
11060.1 0.0185509
11072.1 0.0186024
11084.1 0.0186501
11096.1 0.0186802
11108.1 0.0187038
11120.1 0.0187561
11132.1 0.0188102
11144.1 0.018864
11156.2 0.0189166
11168.2 0.0189672
11180.2 0.019015
11192.2 0.0190589
11204.2 0.0190912
11216.2 0.0191352
11228.2 0.0192094
11240.2 0.0192857
11252.3 0.0193624
11264.3 0.0194385
11276.3 0.0195135
11288.3 0.0195866
11300.3 0.0196533
11312.3 0.0197122
11324.3 0.0197825
11336.3 0.0198624
11348.3 0.0199433
11360.4 0.0200247
11372.4 0.0201065
11384.4 0.020189
11396.4 0.0202728
11408.4 0.0203603
11420.4 0.0204559
11432.4 0.0204852
11444.4 0.0204954
11456.5 0.0204988
11468.5 0.020497
11480.5 0.0204904
11492.5 0.0204794
11504.5 0.0204643
11516.5 0.0204472
11528.5 0.0204256
11540.5 0.0204446
11552.6 0.0204666
11564.6 0.0204889
11576.6 0.020511
11588.6 0.020533
11600.6 0.0205555
11612.6 0.0205852
11624.6 0.0206181
11636.6 0.0206465
11648.6 0.0206686
11660.7 0.0206883
11672.7 0.0207062
11684.7 0.0207227
11696.7 0.0207385
11708.7 0.0207548
11720.7 0.0207779
11732.7 0.0208022
11744.7 0.0208025
11756.8 0.0207763
11768.8 0.020744
11780.8 0.020707
11792.8 0.0206663
11804.8 0.0206227
11816.8 0.020579
11828.8 0.0205386
11840.8 0.0204887
11852.9 0.0204526
11864.9 0.02042
11876.9 0.0203859
11888.9 0.02035
11900.9 0.0203126
11912.9 0.020274
11924.9 0.0202381
11936.9 0.0202008
11948.9 0.0201604
11961 0.0201138
11973 0.0200643
11985 0.0200124
11997 0.0199585
12009 0.0199029
12021 0.0198467
12033 0.0197947
12045 0.0197371
12057.1 0.0196795
12069.1 0.0196367
12081.1 0.0195946
12093.1 0.0195528
12105.1 0.0195114
12117.1 0.019471
12129.1 0.0194334
12141.1 0.0194
12153.2 0.0193729
12165.2 0.019308
12177.2 0.0191862
12189.2 0.0190538
12201.2 0.018914
12213.2 0.0187683
12225.2 0.0186176
12237.2 0.0184659
12249.2 0.0183045
12261.3 0.0181266
12273.3 0.0180082
12285.3 0.0179219
12297.3 0.0178406
12309.3 0.0177626
12321.3 0.0176873
12333.3 0.0176156
12345.3 0.0175512
12357.4 0.0174864
12369.4 0.0174253
12381.4 0.0173264
12393.4 0.0172208
12405.4 0.0171121
12417.4 0.0170013
12429.4 0.0168894
12441.4 0.0167792
12453.5 0.0166683
12465.5 0.0165525
12477.5 0.0164355
12489.5 0.016328
12501.5 0.0162208
12513.5 0.0161135
12525.5 0.0160064
12537.5 0.0159002
12549.5 0.0157982
12561.6 0.0156945
12573.6 0.0155904
12585.6 0.0154771
12597.6 0.015348
12609.6 0.0152154
12621.6 0.0150804
12633.6 0.0149433
12645.6 0.014805
12657.7 0.0146663
12669.7 0.0145235
12681.7 0.0143764
12693.7 0.0142415
12705.7 0.0141147
12717.7 0.0139888
12729.7 0.0138637
12741.7 0.0137398
12753.8 0.013621
12765.8 0.0135012
12777.8 0.0133778
12789.8 0.0132534
12801.8 0.0131156
12813.8 0.0129736
12825.8 0.0128286
12837.8 0.0126807
12849.8 0.0125296
12861.9 0.0123742
12873.9 0.012216
12885.9 0.0120532
12897.9 0.0118937
12909.9 0.0117891
12921.9 0.0116915
12933.9 0.0115976
12945.9 0.0115062
12958 0.0114171
12970 0.0113301
12982 0.0112453
12994 0.0111639
13006 0.0110706
13018 0.0109517
13030 0.0108291
13042 0.0107038
13054.1 0.0105755
13066.1 0.0104398
13078.1 0.0103067
13090.1 0.0101772
13102.1 0.0100497
13114.1 0.00991903
13126.1 0.00978594
13138.1 0.00965285
13150.2 0.00951978
13162.2 0.00938668
13174.2 0.00925346
13186.2 0.00911977
13198.2 0.00898526
13210.2 0.00884841
13222.2 0.00873209
13234.2 0.00861914
13246.2 0.0085069
13258.3 0.00839441
13270.3 0.00827928
13282.3 0.00816319
13294.3 0.00805528
13306.3 0.00795192
13318.3 0.00784771
13330.3 0.00771149
13342.3 0.00757342
13354.4 0.00743483
13366.4 0.00729598
13378.4 0.00715679
13390.4 0.0070176
13402.4 0.0068781
13414.4 0.00673754
13426.4 0.00660904
13438.4 0.00650458
13450.5 0.00640246
13462.5 0.00630155
13474.5 0.00620088
13486.5 0.00609931
13498.5 0.00600274
13510.5 0.00590887
13522.5 0.00581729
13534.5 0.00572166
13546.5 0.00562349
13558.6 0.00552615
13570.6 0.0054296
13582.6 0.00533343
13594.6 0.00523841
13606.6 0.00514561
13618.6 0.00505447
13630.6 0.00496559
13642.6 0.00485563
13654.7 0.00474231
13666.7 0.00462878
13678.7 0.00451504
13690.7 0.00440034
13702.7 0.0042877
13714.7 0.00417629
13726.7 0.00406565
13738.7 0.00395642
13750.8 0.00385414
13762.8 0.00375264
13774.8 0.00365152
13786.8 0.00355011
13798.8 0.00344828
13810.8 0.00335061
13822.8 0.00325483
13834.8 0.00316049
13846.8 0.00306675
13858.9 0.0029729
13870.9 0.00287994
13882.9 0.00278776
13894.9 0.00269611
13906.9 0.00260553
13918.9 0.00251621
13930.9 0.00242778
13942.9 0.00234015
13955 0.00225245
13967 0.00216479
13979 0.00207751
13991 0.00199027
14003 0.00190214
14015 0.00181774
14027 0.00173528
14039 0.00165421
14051.1 0.00157437
14063.1 0.00149281
14075.1 0.00141175
14087.1 0.00133167
14099.1 0.00125269
14111.1 0.0011746
14123.1 0.00109617
14135.1 0.00101807
14147.1 0.000940376
14159.2 0.000862814
14171.2 0.000783029
14183.2 0.000703486
14195.2 0.00062404
14207.2 0.000543922
14219.2 0.000465878
14231.2 0.000389558
14243.2 0.000314222
14255.3 0.00023969
14267.3 0.000165584
14279.3 9.15539e-05
14291.3 1.81008e-05
14303.3 -5.48403e-05
14315.3 -0.000127349
14327.3 -0.000199071
14339.3 -0.000270224
14351.4 -0.000340888
14363.4 -0.000411116
14375.4 -0.000481511
14387.4 -0.000551986
14399.4 -0.000622261
14411.4 -0.00069264
14423.4 -0.00076246
14435.4 -0.000830211
14447.4 -0.000897109
14459.5 -0.000963353
14471.5 -0.00102906
14483.5 -0.00109587
14495.5 -0.00116262
14507.5 -0.0012291
14519.5 -0.00129579
14531.5 -0.00136067
14543.5 -0.00142442
14555.6 -0.00148745
14567.6 -0.00154986
14579.6 -0.00161165
14591.6 -0.00167216
14603.6 -0.00173221
14615.6 -0.00179183
14627.6 -0.00185104
14639.6 -0.00190978
14651.7 -0.00196811
14663.7 -0.00202605
14675.7 -0.00208362
14687.7 -0.00213865
14699.7 -0.00218856
14711.7 -0.00223841
14723.7 -0.00228834
14735.7 -0.00233768
14747.7 -0.00238577
14759.8 -0.00243333
14771.8 -0.00248047
14783.8 -0.0025272
14795.8 -0.00257105
14807.8 -0.00261255
14819.8 -0.00265381
14831.8 -0.00269466
14843.8 -0.00273604
14855.9 -0.00277756
14867.9 -0.00281911
14879.9 -0.0028607
14891.9 -0.00290239
14903.9 -0.00294843
14915.9 -0.00299564
14927.9 -0.00304298
14939.9 -0.00309034
14952 -0.00313585
14964 -0.00318081
14976 -0.0032254
14988 -0.00326969
15000 -0.00331366
15012 -0.00335436
15024 -0.00339496
15036 -0.00343539
15048 -0.00347591
15060.1 -0.00351666
15072.1 -0.00355742
15084.1 -0.00359818
15096.1 -0.00363891
15108.1 -0.00367832
15120.1 -0.00371414
15132.1 -0.00375024
15144.1 -0.00378675
15156.2 -0.00382227
15168.2 -0.00385756
15180.2 -0.00389279
15192.2 -0.00392802
15204.2 -0.00396327
15216.2 -0.0039985
15228.2 -0.00403375
15240.2 -0.00406915
15252.3 -0.00410456
15264.3 -0.00413941
15276.3 -0.00417419
15288.3 -0.00420894
15300.3 -0.00424367
15312.3 -0.00427831
15324.3 -0.00430651
15336.3 -0.00433272
15348.3 -0.00435935
15360.4 -0.00438585
15372.4 -0.00441218
15384.4 -0.00443864
15396.4 -0.00446526
15408.4 -0.00449207
15420.4 -0.0045191
15432.4 -0.00454658
15444.4 -0.00457435
15456.5 -0.00460249
15468.5 -0.00462984
15480.5 -0.00465715
15492.5 -0.00468453
15504.5 -0.004712
15516.5 -0.00473956
15528.5 -0.00476647
15540.5 -0.00479068
15552.6 -0.00481509
15564.6 -0.00483989
15576.6 -0.00486561
15588.6 -0.00489173
15600.6 -0.00491819
15612.6 -0.00494498
15624.6 -0.00497209
15636.6 -0.0049992
15648.6 -0.00502629
15660.7 -0.00505391
15672.7 -0.00508092
15684.7 -0.00510757
15696.7 -0.00513432
15708.7 -0.00516122
15720.7 -0.00518828
15732.7 -0.00521549
15744.7 -0.00524036
15756.8 -0.00526429
15768.8 -0.00528847
15780.8 -0.00531335
15792.8 -0.00533861
15804.8 -0.0053642
15816.8 -0.00539012
15828.8 -0.0054164
15840.8 -0.00544316
15852.9 -0.00548055
15864.9 -0.00551926
15876.9 -0.00555743
15888.9 -0.00559413
15900.9 -0.00563063
15912.9 -0.00566703
15924.9 -0.00570339
15936.9 -0.0057397
15948.9 -0.00577501
15961 -0.00580438
15973 -0.00583384
15985 -0.00586355
15997 -0.00589339
16009 -0.00592329
16021 -0.00595323
16033 -0.00598319
16045 -0.00601315
16057.1 -0.00604002
16069.1 -0.00606188
16081.1 -0.00608375
16093.1 -0.00610486
16105.1 -0.00612579
16117.1 -0.00614655
16129.1 -0.00616713
16141.1 -0.00618751
16153.2 -0.00620766
16165.2 -0.00623699
16177.2 -0.00627215
16189.2 -0.00630724
16201.2 -0.0063424
16213.2 -0.00637728
16225.2 -0.00641184
16237.2 -0.00644605
16249.2 -0.00647988
16261.3 -0.00651335
16273.3 -0.00653967
16285.3 -0.00656409
16297.3 -0.00658833
16309.3 -0.00661212
16321.3 -0.00663532
16333.3 -0.00665788
16345.3 -0.00667974
16357.4 -0.00670079
16369.4 -0.00672205
16381.4 -0.00675757
16393.4 -0.00679259
16405.4 -0.00682719
16417.4 -0.00686106
16429.4 -0.00689412
16441.4 -0.00692634
16453.5 -0.00695765
16465.5 -0.00698802
16477.5 -0.00701768
16489.5 -0.007047
16501.5 -0.00707629
16513.5 -0.0071056
16525.5 -0.00713398
16537.5 -0.00716137
16549.5 -0.0071877
16561.6 -0.00721291
16573.6 -0.00723694
16585.6 -0.00726071
16597.6 -0.00728413
16609.6 -0.00730666
16621.6 -0.00732798
16633.6 -0.00734801
16645.6 -0.0073667
16657.7 -0.00738397
16669.7 -0.0073997
16681.7 -0.00741359
16693.7 -0.00743543
16705.7 -0.00746014
16717.7 -0.00748604
16729.7 -0.007511
16741.7 -0.00753487
16753.8 -0.0075576
16765.8 -0.00757915
16777.8 -0.00759947
16789.8 -0.0076185
16801.8 -0.00763823
16813.8 -0.00765675
16825.8 -0.00767404
16837.8 -0.00769018
16849.8 -0.00770519
16861.9 -0.00771908
16873.9 -0.00773189
16885.9 -0.00774369
16897.9 -0.00775381
16909.9 -0.00776002
16921.9 -0.00776799
16933.9 -0.00777491
16945.9 -0.00778076
16958 -0.00778554
16970 -0.00778927
16982 -0.00779194
16994 -0.00779354
17006 -0.00779532
17018 -0.00779807
17030 -0.00780026
17042 -0.00780179
17054.1 -0.00780272
17066.1 -0.00780312
17078.1 -0.00780308
17090.1 -0.00780279
17102.1 -0.00780268
17114.1 -0.00779602
17126.1 -0.00778705
17138.1 -0.00777788
17150.2 -0.00776795
17162.2 -0.00775744
17174.2 -0.00774648
17186.2 -0.00773525
17198.2 -0.00772403
17210.2 -0.00771385
17222.2 -0.00769111
17234.2 -0.00766605
17246.2 -0.00763986
17258.3 -0.00761277
17270.3 -0.00758494
17282.3 -0.00755646
17294.3 -0.00752741
17306.3 -0.00749784
17318.3 -0.00746781
17330.3 -0.0074374
17342.3 -0.00740693
17354.4 -0.00737599
17366.4 -0.00734464
17378.4 -0.0073129
17390.4 -0.00728078
17402.4 -0.00724823
17414.4 -0.00721509
17426.4 -0.00718337
17438.4 -0.00715691
17450.5 -0.00713113
17462.5 -0.00710573
17474.5 -0.00708071
17486.5 -0.00705612
17498.5 -0.0070321
17510.5 -0.00700885
17522.5 -0.00698702
17534.5 -0.00696005
17546.5 -0.00692772
17558.6 -0.00689471
17570.6 -0.00686141
17582.6 -0.00682804
17594.6 -0.00679473
17606.6 -0.00676165
17618.6 -0.00672902
17630.6 -0.00669757
17642.6 -0.00666192
17654.7 -0.00662495
17666.7 -0.00658741
17678.7 -0.00654957
17690.7 -0.00651158
17702.7 -0.0064736
17714.7 -0.00643578
17726.7 -0.00639848
17738.7 -0.00636177
17750.8 -0.00631353
17762.8 -0.00626332
17774.8 -0.006212
17786.8 -0.00615972
17798.8 -0.00610649
17810.8 -0.00605223
17822.8 -0.00599668
17834.8 -0.00593918
17846.8 -0.0058834
17858.9 -0.00584099
17870.9 -0.00580023
17882.9 -0.0057603
17894.9 -0.0057209
17906.9 -0.00568187
17918.9 -0.00564308
17930.9 -0.00560441
17942.9 -0.00556566
17955 -0.00552699
17967 -0.00548958
17979 -0.00545284
17991 -0.00541662
18003 -0.00538092
18015 -0.00534575
18027 -0.00531122
18039 -0.00527756
18051.1 -0.00524572
18063.1 -0.00520723
18075.1 -0.00516466
18087.1 -0.00512097
18099.1 -0.00507643
18111.1 -0.00503109
18123.1 -0.0049849
18135.1 -0.0049377
18147.1 -0.00488904
18159.2 -0.00483734
18171.2 -0.00479521
18183.2 -0.00475535
18195.2 -0.00471643
18207.2 -0.00467809
18219.2 -0.00464015
18231.2 -0.00460248
18243.2 -0.00456498
18255.3 -0.00452751
18267.3 -0.00449002
18279.3 -0.00445376
18291.3 -0.00441781
18303.3 -0.00438202
18315.3 -0.00434631
18327.3 -0.00431058
18339.3 -0.00427473
18351.4 -0.00423857
18363.4 -0.0042016
18375.4 -0.00416526
18387.4 -0.00413321
18399.4 -0.00410217
18411.4 -0.00407181
18423.4 -0.00404201
18435.4 -0.00401268
18447.4 -0.0039838
18459.5 -0.00395538
18471.5 -0.00392734
18483.5 -0.00389772
18495.5 -0.00386713
18507.5 -0.00383648
18519.5 -0.00380585
18531.5 -0.00377524
18543.5 -0.00374463
18555.6 -0.003714
18567.6 -0.00368327
18579.6 -0.00365212
18591.6 -0.00362216
18603.6 -0.00359251
18615.6 -0.00356295
18627.6 -0.0035334
18639.6 -0.00350378
18651.7 -0.00347398
18663.7 -0.00344381
18675.7 -0.00341281
18687.7 -0.00338116
18699.7 -0.00335741
18711.7 -0.00333541
18723.7 -0.00331448
18735.7 -0.00329444
18747.7 -0.00327521
18759.8 -0.0032568
18771.8 -0.00323931
18783.8 -0.00322303
18795.8 -0.00320553
18807.8 -0.00318254
18819.8 -0.00315869
18831.8 -0.00313437
18843.8 -0.00310966
18855.9 -0.00308455
18867.9 -0.00305892
18879.9 -0.00303246
18891.9 -0.00300374
18903.9 -0.00298055
18915.9 -0.00296349
18927.9 -0.00294811
18939.9 -0.002934
18952 -0.00292105
18964 -0.00290927
18976 -0.00289879
18988 -0.00288999
19000 -0.00288487
