7000 -0.005955
7012.01 -0.00594338
7024.02 -0.00593105
7036.04 -0.0059176
7048.05 -0.00590373
7060.06 -0.00588971
7072.07 -0.00587527
7084.08 -0.00586031
7096.1 -0.00584475
7108.11 -0.0058285
7120.12 -0.00581144
7132.13 -0.0057933
7144.14 -0.00577323
7156.16 -0.00575369
7168.17 -0.00573407
7180.18 -0.00571407
7192.19 -0.00569352
7204.2 -0.0056723
7216.22 -0.00565026
7228.23 -0.00562719
7240.24 -0.00560252
7252.25 -0.00557605
7264.26 -0.00555064
7276.28 -0.00552505
7288.29 -0.00549896
7300.3 -0.00547218
7312.31 -0.00544449
7324.32 -0.00541562
7336.34 -0.00538508
7348.35 -0.00535048
7360.36 -0.0053172
7372.37 -0.00528569
7384.38 -0.00525468
7396.4 -0.0052238
7408.41 -0.00519287
7420.42 -0.00516181
7432.43 -0.00513062
7444.44 -0.00509957
7456.46 -0.00506978
7468.47 -0.00503371
7480.48 -0.00502535
7492.49 -0.00504985
7504.5 -0.00507674
7516.52 -0.00510524
7528.53 -0.00513529
7540.54 -0.00516719
7552.55 -0.0052019
7564.56 -0.00524063
7576.58 -0.00528627
7588.59 -0.00521916
7600.6 -0.00510357
7612.61 -0.00498
7624.62 -0.00485044
7636.64 -0.00471563
7648.65 -0.00457594
7660.66 -0.00443196
7672.67 -0.00428094
7684.68 -0.00412148
7696.7 -0.00402675
7708.71 -0.00393394
7720.72 -0.00383978
7732.73 -0.00374335
7744.74 -0.00364397
7756.76 -0.00354057
7768.77 -0.00343144
7780.78 -0.00332533
7792.79 -0.00322038
7804.8 -0.00312055
7816.82 -0.00301985
7828.83 -0.00291788
7840.84 -0.00281448
7852.85 -0.00270963
7864.86 -0.0026037
7876.88 -0.00249557
7888.89 -0.00238288
7900.9 -0.00227566
7912.91 -0.00217753
7924.92 -0.00207794
7936.94 -0.00197646
7948.95 -0.00187283
7960.96 -0.00176663
7972.97 -0.00165626
7984.98 -0.0015476
7997 -0.00143947
8009.01 -0.00132308
8021.02 -0.00120164
8033.03 -0.00107845
8045.05 -0.000953552
8057.06 -0.00082691
8069.07 -0.000698399
8081.08 -0.000567882
8093.09 -0.00043595
8105.11 -0.00030082
8117.12 -0.000195842
8129.13 -9.33728e-05
8141.14 8.47241e-06
8153.15 0.000109695
8165.17 0.000209805
8177.18 0.00030673
8189.19 0.000405738
8201.2 0.000510485
8213.21 0.000623865
8225.23 0.000776925
8237.24 0.000934748
8249.25 0.00109591
8261.26 0.00125986
8273.27 0.00142615
8285.29 0.00159388
8297.3 0.00176773
8309.31 0.00194685
8321.32 0.00210629
8333.33 0.00223001
8345.35 0.0023528
8357.36 0.00247559
8369.37 0.00259861
8381.38 0.00272176
8393.39 0.00284526
8405.41 0.00297077
8417.42 0.00309706
8429.43 0.00322899
8441.44 0.00336473
8453.45 0.00350147
8465.47 0.00363899
8477.48 0.00377712
8489.49 0.00391544
8501.5 0.00405509
8513.51 0.0041961
8525.53 0.00433783
8537.54 0.00448021
8549.55 0.00462299
8561.56 0.00476598
8573.57 0.00490896
8585.59 0.00505149
8597.6 0.00519277
8609.61 0.00533933
8621.62 0.00548788
8633.63 0.00563611
8645.65 0.00577344
8657.66 0.00591045
8669.67 0.00604732
8681.68 0.00618401
8693.69 0.00632047
8705.71 0.00645618
8717.72 0.00659006
8729.73 0.00672198
8741.74 0.00687331
8753.75 0.00706289
8765.77 0.00725411
8777.78 0.00744597
8789.79 0.00763796
8801.8 0.00782947
8813.81 0.00802233
8825.83 0.00821582
8837.84 0.0084093
8849.85 0.00860256
8861.86 0.00879548
8873.87 0.00898796
8885.89 0.00917995
8897.9 0.00937154
8909.91 0.00956253
8921.92 0.00974949
8933.93 0.00993458
8945.95 0.010118
8957.96 0.0102998
8969.97 0.01048
8981.98 0.0106584
8993.99 0.0108349
9006.01 0.0110093
9018.02 0.0111829
9030.03 0.0113566
9042.04 0.0115289
9054.05 0.0116995
9066.07 0.0118684
9078.08 0.0120355
9090.09 0.0122008
9102.1 0.0123643
9114.11 0.0125264
9126.13 0.0126829
9138.14 0.0128362
9150.15 0.0129869
9162.16 0.013135
9174.17 0.0132806
9186.19 0.0134236
9198.2 0.0135642
9210.21 0.0137023
9222.22 0.0138373
9234.23 0.0139665
9246.25 0.0140926
9258.26 0.0142156
9270.27 0.0143358
9282.28 0.014453
9294.29 0.0145674
9306.31 0.014679
9318.32 0.0147879
9330.33 0.0148926
9342.34 0.0149933
9354.35 0.015091
9366.37 0.0151858
9378.38 0.0152777
9390.39 0.0153668
9402.4 0.0154531
9414.41 0.0155367
9426.43 0.0156177
9438.44 0.0156891
9450.45 0.015757
9462.46 0.0158219
9474.47 0.0158839
9486.49 0.0159431
9498.5 0.0159996
9510.51 0.0160534
9522.52 0.0161046
9534.53 0.0161528
9546.55 0.0161977
9558.56 0.0162401
9570.57 0.0162801
9582.58 0.0163176
9594.59 0.0163529
9606.61 0.0163859
9618.62 0.0164167
9630.63 0.0164454
9642.64 0.0164617
9654.65 0.0164721
9666.67 0.0164804
9678.68 0.0164869
9690.69 0.0164916
9702.7 0.0164947
9714.71 0.0164962
9726.73 0.0164961
9738.74 0.0164946
9750.75 0.0164917
9762.76 0.0164875
9774.77 0.0164821
9786.79 0.0164754
9798.8 0.0164677
9810.81 0.0164589
9822.82 0.016449
9834.83 0.0164381
9846.85 0.0164217
9858.86 0.0163996
9870.87 0.0163771
9882.88 0.0163541
9894.89 0.0163308
9906.91 0.0163071
9918.92 0.0162832
9930.93 0.0162591
9942.94 0.016235
9954.95 0.0162139
9966.97 0.0161932
9978.98 0.0161725
9990.99 0.0161516
10003 0.0161308
10015 0.01611
10027 0.0160893
10039 0.0160687
10051.1 0.0160467
10063.1 0.0160173
10075.1 0.0159887
10087.1 0.0159608
10099.1 0.0159336
10111.1 0.015907
10123.1 0.0158811
10135.1 0.0158561
10147.1 0.0158319
10159.2 0.0158171
10171.2 0.015811
10183.2 0.0158052
10195.2 0.0158
10207.2 0.0157955
10219.2 0.0157917
10231.2 0.0157887
10243.2 0.0157865
10255.3 0.0157853
10267.3 0.0157913
10279.3 0.0157994
10291.3 0.0158085
10303.3 0.0158185
10315.3 0.0158296
10327.3 0.0158417
10339.3 0.0158549
10351.4 0.0158691
10363.4 0.0158894
10375.4 0.0159375
10387.4 0.0159874
10399.4 0.016039
10411.4 0.0160924
10423.4 0.0161476
10435.4 0.0162048
10447.4 0.016264
10459.5 0.0163251
10471.5 0.0163913
10483.5 0.0164628
10495.5 0.0165368
10507.5 0.0166133
10519.5 0.0166923
10531.5 0.016774
10543.5 0.0168583
10555.6 0.0169453
10567.6 0.0170346
10579.6 0.0171423
10591.6 0.0172568
10603.6 0.0173752
10615.6 0.0174975
10627.6 0.0176239
10639.6 0.0177544
10651.7 0.017889
10663.7 0.0180281
10675.7 0.0181695
10687.7 0.0183056
10699.7 0.0184454
10711.7 0.0185893
10723.7 0.0187373
10735.7 0.0188896
10747.7 0.0190463
10759.8 0.0192074
10771.8 0.019373
10783.8 0.0195378
10795.8 0.0197022
10807.8 0.0198708
10819.8 0.0200437
10831.8 0.0202209
10843.8 0.0204024
10855.9 0.0205882
10867.9 0.0207785
10879.9 0.0209733
10891.9 0.0211382
10903.9 0.0212918
10915.9 0.0214407
10927.9 0.021591
10939.9 0.0217432
10952 0.0218973
10964 0.0220534
10976 0.0222113
10988 0.0223655
11000 0.0225094
11012 0.0226425
11024 0.0227747
11036 0.0229068
11048 0.023039
11060.1 0.0231708
11072.1 0.0233018
11084.1 0.0234311
11096.1 0.0235422
11108.1 0.0236462
11120.1 0.0237656
11132.1 0.0238867
11144.1 0.0240081
11156.2 0.0241293
11168.2 0.0242496
11180.2 0.0243682
11192.2 0.024484
11204.2 0.0245879
11216.2 0.0247019
11228.2 0.0248408
11240.2 0.0249818
11252.3 0.0251233
11264.3 0.0252644
11276.3 0.0254045
11288.3 0.0255426
11300.3 0.0256729
11312.3 0.0257933
11324.3 0.0259293
11336.3 0.0260782
11348.3 0.0262288
11360.4 0.0263806
11372.4 0.0265334
11384.4 0.0266875
11396.4 0.0268438
11408.4 0.0270059
11420.4 0.0271809
11432.4 0.0272527
11444.4 0.0272949
11456.5 0.0273267
11468.5 0.0273504
11480.5 0.0273667
11492.5 0.0273762
11504.5 0.0273794
11516.5 0.0273789
11528.5 0.0273713
11540.5 0.0274146
11552.6 0.0274602
11564.6 0.027505
11576.6 0.0275482
11588.6 0.0275899
11600.6 0.0276308
11612.6 0.0276801
11624.6 0.0277317
11636.6 0.0277762
11648.6 0.0278126
11660.7 0.0278444
11672.7 0.0278722
11684.7 0.0278965
11696.7 0.027918
11708.7 0.0279385
11720.7 0.0279662
11732.7 0.0279926
11744.7 0.0279896
11756.8 0.0279544
11768.8 0.0279099
11780.8 0.0278579
11792.8 0.0277994
11804.8 0.0277354
11816.8 0.0276697
11828.8 0.0276061
11840.8 0.0275264
11852.9 0.0274729
11864.9 0.0274262
11876.9 0.0273768
11888.9 0.0273239
11900.9 0.0272677
11912.9 0.0272086
11924.9 0.0271516
11936.9 0.0270905
11948.9 0.027023
11961 0.0269573
11973 0.026888
11985 0.026815
11997 0.0267384
12009 0.0266587
12021 0.0265771
12033 0.0264996
12045 0.0264122
12057.1 0.0263265
12069.1 0.0262744
12081.1 0.0262245
12093.1 0.0261753
12105.1 0.0261266
12117.1 0.0260791
12129.1 0.0260349
12141.1 0.0259955
12153.2 0.0259628
12165.2 0.0258855
12177.2 0.0257409
12189.2 0.0255834
12201.2 0.0254169
12213.2 0.0252428
12225.2 0.0250622
12237.2 0.0248804
12249.2 0.0246851
12261.3 0.0244658
12273.3 0.0243408
12285.3 0.024267
12297.3 0.0242026
12309.3 0.0241445
12321.3 0.0240919
12333.3 0.0240462
12345.3 0.0240122
12357.4 0.02398
12369.4 0.0239559
12381.4 0.0238689
12393.4 0.0237723
12405.4 0.023672
12417.4 0.02357
12429.4 0.0234678
12441.4 0.0233699
12453.5 0.0232735
12465.5 0.0231745
12477.5 0.023071
12489.5 0.0229441
12501.5 0.0228129
12513.5 0.0226794
12525.5 0.0225446
12537.5 0.0224101
12549.5 0.0222808
12561.6 0.0221484
12573.6 0.0220151
12585.6 0.0218679
12597.6 0.0216972
12609.6 0.0215212
12621.6 0.0213416
12633.6 0.0211591
12645.6 0.0209748
12657.7 0.0207902
12669.7 0.0206004
12681.7 0.020406
12693.7 0.0202184
12705.7 0.0200349
12717.7 0.0198512
12729.7 0.0196676
12741.7 0.0194849
12753.8 0.019309
12765.8 0.0191312
12777.8 0.0189481
12789.8 0.018765
12801.8 0.0185474
12813.8 0.0183206
12825.8 0.0180876
12837.8 0.0178488
12849.8 0.017604
12861.9 0.0173517
12873.9 0.0170945
12885.9 0.0168295
12897.9 0.0165677
12909.9 0.0163796
12921.9 0.0161995
12933.9 0.0160231
12945.9 0.0158488
12958 0.0156762
12970 0.0155049
12982 0.0153349
12994 0.0151674
13006 0.0149866
13018 0.0147779
13030 0.0145642
13042 0.014346
13054.1 0.0141226
13066.1 0.0138875
13078.1 0.0136554
13090.1 0.0134267
13102.1 0.0131977
13114.1 0.0129858
13126.1 0.0127864
13138.1 0.0125892
13150.2 0.0123931
13162.2 0.0121979
13174.2 0.0120031
13186.2 0.011808
13198.2 0.0116122
13210.2 0.0114133
13222.2 0.0112424
13234.2 0.0110762
13246.2 0.0109108
13258.3 0.0107448
13270.3 0.0105747
13282.3 0.0104032
13294.3 0.0102427
13306.3 0.0100869
13318.3 0.00993423
13330.3 0.00978062
13342.3 0.00962908
13354.4 0.00947949
13366.4 0.0093317
13378.4 0.00918536
13390.4 0.00904096
13402.4 0.00889832
13414.4 0.00875732
13426.4 0.00861601
13438.4 0.00847257
13450.5 0.0083297
13462.5 0.00818716
13474.5 0.008044
13486.5 0.00789901
13498.5 0.00776085
13510.5 0.00762621
13522.5 0.00749457
13534.5 0.00735755
13546.5 0.00721721
13558.6 0.00707806
13570.6 0.00694011
13582.6 0.00680286
13594.6 0.00666764
13606.6 0.00653612
13618.6 0.00640794
13630.6 0.00628561
13642.6 0.00608519
13654.7 0.00587085
13666.7 0.00565439
13678.7 0.00543636
13690.7 0.00521601
13702.7 0.00499805
13714.7 0.00478128
13726.7 0.00456508
13738.7 0.00435047
13750.8 0.00414549
13762.8 0.00394128
13774.8 0.00373726
13786.8 0.00353252
13798.8 0.0033271
13810.8 0.0031276
13822.8 0.00293043
13834.8 0.00273461
13846.8 0.00255464
13858.9 0.00240315
13870.9 0.0022543
13882.9 0.0021074
13894.9 0.00196188
13906.9 0.00181854
13918.9 0.00167751
13930.9 0.0015383
13942.9 0.00140092
13955 0.00124993
13967 0.00108964
13979 0.000929749
13991 0.000769943
14003 0.000609139
14015 0.000454049
14027 0.000301802
14039 0.000151564
14051.1 2.80384e-06
14063.1 -0.000118928
14075.1 -0.00023429
14087.1 -0.000347672
14099.1 -0.000459043
14111.1 -0.00056892
14123.1 -0.000678959
14135.1 -0.00078824
14147.1 -0.000896751
14159.2 -0.00100058
14171.2 -0.00106587
14183.2 -0.00112992
14195.2 -0.00119328
14207.2 -0.0012571
14219.2 -0.00131744
14231.2 -0.00137517
14243.2 -0.00143132
14255.3 -0.00148612
14267.3 -0.00155699
14279.3 -0.00166127
14291.3 -0.00176477
14303.3 -0.00186747
14315.3 -0.00196941
14327.3 -0.00207008
14339.3 -0.00216978
14351.4 -0.00226861
14363.4 -0.00236661
14375.4 -0.00245208
14387.4 -0.00252854
14399.4 -0.0026046
14411.4 -0.00268071
14423.4 -0.0027558
14435.4 -0.002828
14447.4 -0.00289904
14459.5 -0.00296929
14471.5 -0.0030391
14483.5 -0.00315214
14495.5 -0.00327378
14507.5 -0.00339463
14519.5 -0.00351537
14531.5 -0.00363307
14543.5 -0.00374889
14555.6 -0.00386335
14567.6 -0.0039766
14579.6 -0.00408842
14591.6 -0.0041952
14603.6 -0.00430104
14615.6 -0.00440597
14627.6 -0.00450999
14639.6 -0.00461303
14651.7 -0.00471515
14663.7 -0.00481638
14675.7 -0.0049167
14687.7 -0.00501229
14699.7 -0.00509854
14711.7 -0.00518435
14723.7 -0.00526988
14735.7 -0.00535402
14747.7 -0.00543602
14759.8 -0.00551685
14771.8 -0.00559655
14783.8 -0.00567492
14795.8 -0.00572884
14807.8 -0.00576304
14819.8 -0.0057972
14831.8 -0.00583093
14843.8 -0.00586545
14855.9 -0.00590006
14867.9 -0.00593456
14879.9 -0.00596886
14891.9 -0.00600274
14903.9 -0.0060184
14915.9 -0.00602967
14927.9 -0.00604163
14939.9 -0.00605382
14952 -0.00606391
14964 -0.00607369
14976 -0.0060834
14988 -0.00609318
15000 -0.0061033
15012 -0.00612474
15024 -0.00614583
15036 -0.00616676
15048 -0.00618802
15060.1 -0.00620979
15072.1 -0.00623185
15084.1 -0.00625428
15096.1 -0.00627727
15108.1 -0.0063087
15120.1 -0.00636251
15132.1 -0.00641586
15144.1 -0.00646931
15156.2 -0.00652108
15168.2 -0.00657238
15180.2 -0.00662348
15192.2 -0.00667454
15204.2 -0.00672575
15216.2 -0.00678549
15228.2 -0.00685324
15240.2 -0.00692069
15252.3 -0.00698773
15264.3 -0.00705367
15276.3 -0.00711924
15288.3 -0.00718453
15300.3 -0.00724956
15312.3 -0.00731425
15324.3 -0.00736966
15336.3 -0.00742205
15348.3 -0.00747485
15360.4 -0.0075272
15372.4 -0.00757918
15384.4 -0.0076312
15396.4 -0.00768331
15408.4 -0.00773559
15420.4 -0.00778818
15432.4 -0.00784867
15444.4 -0.00790945
15456.5 -0.00797032
15468.5 -0.00802972
15480.5 -0.00808873
15492.5 -0.00814745
15504.5 -0.00820583
15516.5 -0.0082636
15528.5 -0.0083081
15540.5 -0.00830546
15552.6 -0.00830455
15564.6 -0.00830505
15576.6 -0.00830736
15588.6 -0.00831063
15600.6 -0.00831474
15612.6 -0.00831959
15624.6 -0.00832506
15636.6 -0.00832304
15648.6 -0.00831189
15660.7 -0.00830215
15672.7 -0.00829209
15684.7 -0.0082822
15696.7 -0.00827306
15708.7 -0.00826475
15720.7 -0.00825733
15732.7 -0.00825101
15744.7 -0.00826637
15756.8 -0.00829165
15768.8 -0.00831711
15780.8 -0.00834352
15792.8 -0.00837051
15804.8 -0.00839807
15816.8 -0.00842626
15828.8 -0.0084552
15840.8 -0.00848527
15852.9 -0.00855382
15864.9 -0.00862626
15876.9 -0.00869763
15888.9 -0.0087669
15900.9 -0.00883588
15912.9 -0.00890475
15924.9 -0.00897358
15936.9 -0.0090424
15948.9 -0.00911076
15961 -0.00917619
15973 -0.00924171
15985 -0.00930761
15997 -0.00937372
16009 -0.00943997
16021 -0.00950632
16033 -0.00957277
16045 -0.00963929
16057.1 -0.00970041
16069.1 -0.00975273
16081.1 -0.00980515
16093.1 -0.00985661
16105.1 -0.00990798
16117.1 -0.0099593
16129.1 -0.0100105
16141.1 -0.0100617
16153.2 -0.0101127
16165.2 -0.0101566
16177.2 -0.0101957
16189.2 -0.0102351
16201.2 -0.0102748
16213.2 -0.0103143
16225.2 -0.0103536
16237.2 -0.0103927
16249.2 -0.0104316
16261.3 -0.0104703
16273.3 -0.0104669
16285.3 -0.0104542
16297.3 -0.0104413
16309.3 -0.0104277
16321.3 -0.0104131
16333.3 -0.0103976
16345.3 -0.0103808
16357.4 -0.0103625
16369.4 -0.0103457
16381.4 -0.0103706
16393.4 -0.0103948
16405.4 -0.0104183
16417.4 -0.0104404
16429.4 -0.0104611
16441.4 -0.0104801
16453.5 -0.0104973
16465.5 -0.0105124
16477.5 -0.0105341
16489.5 -0.0105761
16501.5 -0.0106183
16513.5 -0.0106601
16525.5 -0.0107003
16537.5 -0.0107387
16549.5 -0.0107752
16561.6 -0.0108096
16573.6 -0.0108417
16585.6 -0.010878
16597.6 -0.0109183
16609.6 -0.0109571
16621.6 -0.010994
16633.6 -0.0110286
16645.6 -0.0110611
16657.7 -0.0110912
16669.7 -0.0111187
16681.7 -0.0111431
16693.7 -0.0111827
16705.7 -0.0112278
16717.7 -0.0112745
16729.7 -0.0113196
16741.7 -0.0113632
16753.8 -0.0114051
16765.8 -0.0114454
16777.8 -0.0114844
16789.8 -0.0115224
16801.8 -0.0115429
16813.8 -0.0115603
16825.8 -0.0115755
16837.8 -0.0115888
16849.8 -0.0116005
16861.9 -0.0116107
16873.9 -0.0116197
16885.9 -0.0116283
16897.9 -0.0116291
16909.9 -0.011597
16921.9 -0.0115652
16933.9 -0.0115302
16945.9 -0.0114924
16958 -0.0114519
16970 -0.0114087
16982 -0.0113627
16994 -0.0113132
17006 -0.0112721
17018 -0.0112461
17030 -0.0112199
17042 -0.0111929
17054.1 -0.0111648
17066.1 -0.0111358
17078.1 -0.0111056
17090.1 -0.0110741
17102.1 -0.011041
17114.1 -0.011015
17126.1 -0.0109964
17138.1 -0.0109788
17150.2 -0.010961
17162.2 -0.0109431
17174.2 -0.0109251
17186.2 -0.0109072
17198.2 -0.0108896
17210.2 -0.0108731
17222.2 -0.0108477
17234.2 -0.0108212
17246.2 -0.0107943
17258.3 -0.0107672
17270.3 -0.0107402
17282.3 -0.0107133
17294.3 -0.0106867
17306.3 -0.0106607
17318.3 -0.010635
17330.3 -0.0106047
17342.3 -0.0105749
17354.4 -0.0105452
17366.4 -0.0105159
17378.4 -0.0104872
17390.4 -0.0104592
17402.4 -0.0104322
17414.4 -0.0104066
17426.4 -0.0103801
17438.4 -0.0103501
17450.5 -0.0103205
17462.5 -0.0102917
17474.5 -0.0102641
17486.5 -0.0102381
17498.5 -0.0102143
17510.5 -0.0101936
17522.5 -0.0101789
17534.5 -0.0101394
17546.5 -0.0100735
17558.6 -0.0100037
17570.6 -0.00993143
17582.6 -0.00985745
17594.6 -0.00978204
17606.6 -0.00970533
17618.6 -0.00962728
17630.6 -0.00954728
17642.6 -0.00947545
17654.7 -0.00940649
17666.7 -0.00933738
17678.7 -0.00926801
17690.7 -0.00919828
17702.7 -0.00912812
17714.7 -0.00905741
17726.7 -0.00898595
17738.7 -0.00891353
17750.8 -0.00884364
17762.8 -0.00877415
17774.8 -0.00870467
17786.8 -0.00863495
17798.8 -0.00856476
17810.8 -0.0084938
17822.8 -0.00842161
17834.8 -0.00834701
17846.8 -0.0082759
17858.9 -0.00822731
17870.9 -0.00818221
17882.9 -0.00813923
17894.9 -0.0080979
17906.9 -0.00805797
17918.9 -0.00801933
17930.9 -0.00798192
17942.9 -0.00794575
17955 -0.00790864
17967 -0.00787083
17979 -0.00783413
17991 -0.00779863
18003 -0.00776445
18015 -0.0077318
18027 -0.007701
18039 -0.00767276
18051.1 -0.00764963
18063.1 -0.00760938
18075.1 -0.007559
18087.1 -0.00750638
18099.1 -0.00745237
18111.1 -0.00739732
18123.1 -0.00734142
18135.1 -0.00728478
18147.1 -0.00722742
18159.2 -0.00716872
18171.2 -0.00710632
18183.2 -0.00704331
18195.2 -0.00697967
18207.2 -0.00691534
18219.2 -0.00685023
18231.2 -0.0067842
18243.2 -0.00671704
18255.3 -0.00664823
18267.3 -0.00657864
18279.3 -0.00651675
18291.3 -0.0064557
18303.3 -0.00639471
18315.3 -0.00633342
18327.3 -0.00627153
18339.3 -0.00620867
18351.4 -0.00614426
18363.4 -0.00607676
18375.4 -0.00601318
18387.4 -0.00596423
18399.4 -0.00591804
18411.4 -0.0058735
18423.4 -0.00583013
18435.4 -0.00578767
18447.4 -0.0057459
18459.5 -0.00570464
18471.5 -0.00566324
18483.5 -0.005623
18495.5 -0.00558433
18507.5 -0.00554646
18519.5 -0.00550928
18531.5 -0.00547271
18543.5 -0.00543674
18555.6 -0.00540138
18567.6 -0.00536671
18579.6 -0.00533305
18591.6 -0.00529573
18603.6 -0.00525771
18615.6 -0.00521943
18627.6 -0.00518095
18639.6 -0.00514221
18651.7 -0.00510309
18663.7 -0.00506333
18675.7 -0.00502222
18687.7 -0.00498015
18699.7 -0.00495163
18711.7 -0.00492621
18723.7 -0.00490283
18735.7 -0.00488123
18747.7 -0.00486141
18759.8 -0.00484358
18771.8 -0.00482827
18783.8 -0.00481691
18795.8 -0.00480053
18807.8 -0.0047633
18819.8 -0.00472236
18831.8 -0.00467919
18843.8 -0.00463429
18855.9 -0.00458784
18867.9 -0.00453984
18879.9 -0.00448997
18891.9 -0.00443646
18903.9 -0.00438833
18915.9 -0.00434629
18927.9 -0.0043053
18939.9 -0.00426484
18952 -0.00422471
18964 -0.00418478
18976 -0.00414496
18988 -0.00410515
19000 -0.00406511
