7000 -0.00284391
7012.01 -0.00288764
7024.02 -0.00293094
7036.04 -0.00297365
7048.05 -0.00301578
7060.06 -0.00305746
7072.07 -0.00309858
7084.08 -0.00313905
7096.1 -0.00317879
7108.11 -0.00321773
7120.12 -0.00325577
7132.13 -0.00329276
7144.14 -0.00332827
7156.16 -0.00336292
7168.17 -0.00339665
7180.18 -0.00342932
7192.19 -0.00346082
7204.2 -0.00349107
7216.22 -0.00351995
7228.23 -0.00354735
7240.24 -0.00357301
7252.25 -0.00359652
7264.26 -0.00361901
7276.28 -0.00364012
7288.29 -0.0036597
7300.3 -0.00367766
7312.31 -0.00369387
7324.32 -0.00370821
7336.34 -0.00372045
7348.35 -0.00372954
7360.36 -0.00373694
7372.37 -0.00374354
7384.38 -0.00374885
7396.4 -0.00375276
7408.41 -0.00375521
7420.42 -0.00375622
7432.43 -0.00375585
7444.44 -0.00375434
7456.46 -0.00375267
7468.47 -0.00374819
7480.48 -0.00374164
7492.49 -0.00373331
7504.5 -0.00372304
7516.52 -0.00371093
7528.53 -0.00369708
7540.54 -0.00368163
7552.55 -0.00366494
7564.56 -0.00364741
7576.58 -0.00362915
7588.59 -0.00358384
7600.6 -0.00352576
7612.61 -0.0034639
7624.62 -0.0033987
7636.64 -0.00333033
7648.65 -0.00325886
7660.66 -0.00318447
7672.67 -0.00310586
7684.68 -0.003022
7696.7 -0.00297891
7708.71 -0.00293708
7720.72 -0.0028945
7732.73 -0.00285068
7744.74 -0.00280529
7756.76 -0.00275789
7768.77 -0.00270751
7780.78 -0.00265852
7792.79 -0.00260758
7804.8 -0.00254806
7816.82 -0.00248714
7828.83 -0.00242504
7840.84 -0.00236183
7852.85 -0.00229759
7864.86 -0.00223251
7876.88 -0.00216616
7888.89 -0.00209704
7900.9 -0.00203717
7912.91 -0.00199116
7924.92 -0.00194553
7936.94 -0.00189985
7948.95 -0.00185397
7960.96 -0.00180773
7972.97 -0.00176042
7984.98 -0.001715
7997 -0.00167189
8009.01 -0.00160578
8021.02 -0.00152748
8033.03 -0.00144774
8045.05 -0.00136699
8057.06 -0.00128537
8069.07 -0.00120287
8081.08 -0.00111939
8093.09 -0.00103506
8105.11 -0.000947952
8117.12 -0.000900294
8129.13 -0.000857087
8141.14 -0.000815867
8153.15 -0.000776466
8165.17 -0.000739123
8177.18 -0.000704981
8189.19 -0.000672082
8201.2 -0.000638807
8213.21 -0.000595916
8225.23 -0.000492679
8237.24 -0.000384915
8249.25 -0.000274649
8261.26 -0.000162528
8273.27 -4.89127e-05
8285.29 6.57039e-05
8297.3 0.000183837
8309.31 0.000305783
8321.32 0.000401316
8333.33 0.000450887
8345.35 0.000497297
8357.36 0.000541741
8369.37 0.000584536
8381.38 0.00062565
8393.39 0.000665011
8405.41 0.000703076
8417.42 0.00073786
8429.43 0.000817276
8441.44 0.000924967
8453.45 0.0010352
8465.47 0.00114706
8477.48 0.00126017
8489.49 0.00137428
8501.5 0.00149006
8513.51 0.00160805
8525.53 0.00173017
8537.54 0.00178862
8549.55 0.00183645
8561.56 0.00188173
8573.57 0.00192491
8585.59 0.0019659
8597.6 0.00200412
8609.61 0.00204247
8621.62 0.00207826
8633.63 0.00212617
8645.65 0.00228492
8657.66 0.0024505
8669.67 0.00261975
8681.68 0.00279182
8693.69 0.0029664
8705.71 0.00314323
8717.72 0.0033221
8729.73 0.00350426
8741.74 0.00365447
8753.75 0.00374154
8765.77 0.00382552
8777.78 0.00390782
8789.79 0.00398893
8801.8 0.00406892
8813.81 0.00414895
8825.83 0.00422882
8837.84 0.00430834
8849.85 0.00438752
8861.86 0.00446637
8873.87 0.00454493
8885.89 0.00462324
8897.9 0.00470139
8909.91 0.00477934
8921.92 0.00485547
8933.93 0.00493088
8945.95 0.00500573
8957.96 0.00508007
8969.97 0.00515392
8981.98 0.00522727
8993.99 0.00530011
9006.01 0.00537233
9018.02 0.00544463
9030.03 0.00551747
9042.04 0.00559012
9054.05 0.00566254
9066.07 0.00573469
9078.08 0.00580657
9090.09 0.00587819
9102.1 0.0059496
9114.11 0.00602103
9126.13 0.00609041
9138.14 0.00615897
9150.15 0.00622697
9162.16 0.00629448
9174.17 0.00636151
9186.19 0.0064281
9198.2 0.00649429
9210.21 0.00656014
9222.22 0.0066253
9234.23 0.00668847
9246.25 0.00675091
9258.26 0.00681274
9270.27 0.006874
9282.28 0.00693472
9294.29 0.00699491
9306.31 0.00705462
9318.32 0.00711389
9330.33 0.00717202
9342.34 0.00722905
9354.35 0.00728547
9366.37 0.00734133
9378.38 0.00739666
9390.39 0.00745148
9402.4 0.00750581
9414.41 0.00755972
9426.43 0.00761333
9438.44 0.0076629
9450.45 0.0077115
9462.46 0.00775938
9474.47 0.00780661
9486.49 0.00785323
9498.5 0.00789927
9510.51 0.00794475
9522.52 0.0079897
9534.53 0.00803391
9546.55 0.00807716
9558.56 0.00811985
9570.57 0.00816202
9582.58 0.00820369
9594.59 0.00824487
9606.61 0.0082856
9618.62 0.0083259
9630.63 0.0083659
9642.64 0.0084001
9654.65 0.00843142
9666.67 0.00846212
9678.68 0.00849226
9690.69 0.00852192
9702.7 0.00855111
9714.71 0.00857988
9726.73 0.00860825
9738.74 0.00863622
9750.75 0.00866383
9762.76 0.00869109
9774.77 0.00871801
9786.79 0.00874462
9798.8 0.00877092
9810.81 0.00879692
9822.82 0.00882265
9834.83 0.00884809
9846.85 0.00887086
9858.86 0.00889039
9870.87 0.00890973
9882.88 0.00892891
9894.89 0.00894794
9906.91 0.00896685
9918.92 0.00898566
9930.93 0.00900439
9942.94 0.00902306
9954.95 0.00904344
9966.97 0.00906417
9978.98 0.00908484
9990.99 0.00910547
10003 0.00912606
10015 0.00914663
10027 0.00916718
10039 0.00918771
10051.1 0.00920736
10063.1 0.00922256
10075.1 0.00923799
10087.1 0.00925361
10099.1 0.00926943
10111.1 0.00928545
10123.1 0.0093017
10135.1 0.00931823
10147.1 0.00933509
10159.2 0.0093573
10171.2 0.00938451
10183.2 0.00941179
10195.2 0.00943923
10207.2 0.00946686
10219.2 0.00949473
10231.2 0.00952286
10243.2 0.00955129
10255.3 0.00958008
10267.3 0.00961306
10279.3 0.00964701
10291.3 0.00968126
10303.3 0.00971587
10315.3 0.00975087
10327.3 0.00978629
10339.3 0.00982218
10351.4 0.00985859
10363.4 0.00989923
10375.4 0.00995612
10387.4 0.0100134
10399.4 0.0100712
10411.4 0.0101297
10423.4 0.0101888
10435.4 0.0102485
10447.4 0.0103091
10459.5 0.0103704
10471.5 0.0104344
10483.5 0.0105009
10495.5 0.0105683
10507.5 0.0106365
10519.5 0.0107057
10531.5 0.0107758
10543.5 0.0108469
10555.6 0.010919
10567.6 0.0109923
10579.6 0.0110765
10591.6 0.011163
10603.6 0.0112506
10615.6 0.0113394
10627.6 0.0114294
10639.6 0.0115205
10651.7 0.0116127
10663.7 0.0117059
10675.7 0.0117984
10687.7 0.0118865
10699.7 0.0119759
10711.7 0.0120663
10723.7 0.0121578
10735.7 0.0122503
10747.7 0.0123437
10759.8 0.012438
10771.8 0.012533
10783.8 0.0126251
10795.8 0.0127159
10807.8 0.0128077
10819.8 0.0129004
10831.8 0.0129939
10843.8 0.0130883
10855.9 0.0131836
10867.9 0.0132797
10879.9 0.013376
10891.9 0.0134562
10903.9 0.0134973
10915.9 0.0135104
10927.9 0.0135176
10939.9 0.0135203
10952 0.0135186
10964 0.0135122
10976 0.0135004
10988 0.0134774
11000 0.0134369
11012 0.0134507
11024 0.0134719
11036 0.0134945
11048 0.0135171
11060.1 0.0135388
11072.1 0.0135585
11084.1 0.0135751
11096.1 0.0135782
11108.1 0.0135795
11120.1 0.0135996
11132.1 0.0136214
11144.1 0.0136433
11156.2 0.0136646
11168.2 0.0136848
11180.2 0.0137032
11192.2 0.0137186
11204.2 0.0137263
11216.2 0.0137435
11228.2 0.0137826
11240.2 0.0138238
11252.3 0.0138657
11264.3 0.0139077
11276.3 0.0139493
11288.3 0.0139899
11300.3 0.0140259
11312.3 0.0140587
11324.3 0.0140964
11336.3 0.014138
11348.3 0.0141805
11360.4 0.0142237
11372.4 0.0142677
11384.4 0.0143126
11396.4 0.0143591
11408.4 0.0144089
11420.4 0.0144651
11432.4 0.014472
11444.4 0.0144652
11456.5 0.0144539
11468.5 0.0144394
11480.5 0.0144221
11492.5 0.0144023
11504.5 0.0143807
11516.5 0.0143582
11528.5 0.0143328
11540.5 0.0143315
11552.6 0.0143321
11564.6 0.0143333
11576.6 0.0143347
11588.6 0.0143367
11600.6 0.0143399
11612.6 0.0143498
11624.6 0.0143608
11636.6 0.0143679
11648.6 0.0143692
11660.7 0.0143688
11672.7 0.0143675
11684.7 0.0143655
11696.7 0.0143637
11708.7 0.0143631
11720.7 0.0143682
11732.7 0.014374
11744.7 0.0143603
11756.8 0.0143251
11768.8 0.0142856
11780.8 0.0142429
11792.8 0.0141981
11804.8 0.0141517
11816.8 0.0141068
11828.8 0.0140639
11840.8 0.0140148
11852.9 0.0139685
11864.9 0.0139222
11876.9 0.0138742
11888.9 0.0138248
11900.9 0.0137744
11912.9 0.0137234
11924.9 0.0136748
11936.9 0.0136248
11948.9 0.0135729
11961 0.0135095
11973 0.0134429
11985 0.013374
11997 0.0133035
12009 0.0132316
12021 0.0131596
12033 0.0130905
12045 0.0130164
12057.1 0.012941
12069.1 0.012871
12081.1 0.0128005
12093.1 0.0127294
12105.1 0.012658
12117.1 0.0125869
12129.1 0.0125174
12141.1 0.0124501
12153.2 0.0123864
12165.2 0.0122957
12177.2 0.0121643
12189.2 0.0120251
12201.2 0.0118804
12213.2 0.0117313
12225.2 0.0115785
12237.2 0.0114253
12249.2 0.0112642
12261.3 0.0110923
12273.3 0.0109492
12285.3 0.0108207
12297.3 0.010693
12309.3 0.0105651
12321.3 0.0104369
12333.3 0.0103087
12345.3 0.010182
12357.4 0.0100498
12369.4 0.0099126
12381.4 0.00979158
12393.4 0.00967158
12405.4 0.00955109
12417.4 0.00942973
12429.4 0.00930745
12441.4 0.00918579
12453.5 0.00906055
12465.5 0.0089277
12477.5 0.00879927
12489.5 0.00872844
12501.5 0.00866562
12513.5 0.00860744
12525.5 0.00855306
12537.5 0.00850255
12549.5 0.00845784
12561.6 0.00841432
12573.6 0.00837413
12585.6 0.00832294
12597.6 0.00825021
12609.6 0.00817491
12621.6 0.00809842
12633.6 0.00802138
12645.6 0.00794447
12657.7 0.0078682
12669.7 0.00779024
12681.7 0.00771119
12693.7 0.00763603
12705.7 0.00756373
12717.7 0.00749245
12729.7 0.00742236
12741.7 0.00735405
12753.8 0.0072904
12765.8 0.00722639
12777.8 0.00716155
12789.8 0.00709983
12801.8 0.00700785
12813.8 0.00690992
12825.8 0.00680884
12837.8 0.0067052
12849.8 0.00659906
12861.9 0.00648988
12873.9 0.00637903
12885.9 0.00626507
12897.9 0.00615358
12909.9 0.00607993
12921.9 0.00601133
12933.9 0.00594559
12945.9 0.00588214
12958 0.00582081
12970 0.00576169
12982 0.00570517
12994 0.00565273
13006 0.00558556
13018 0.00548633
13030 0.00538294
13042 0.00527677
13054.1 0.00516787
13066.1 0.00505347
13078.1 0.00494193
13090.1 0.00483321
13102.1 0.00472647
13114.1 0.00461324
13126.1 0.00449527
13138.1 0.00437687
13150.2 0.00425831
13162.2 0.00413967
13174.2 0.00402103
13186.2 0.0039023
13198.2 0.00378359
13210.2 0.00366515
13222.2 0.00354231
13234.2 0.00341837
13246.2 0.00329365
13258.3 0.00316779
13270.3 0.00303923
13282.3 0.00291066
13294.3 0.00278757
13306.3 0.00266703
13318.3 0.00254606
13330.3 0.00240848
13342.3 0.00226977
13354.4 0.00213053
13366.4 0.00199076
13378.4 0.00185023
13390.4 0.00170889
13402.4 0.00156597
13414.4 0.00141954
13426.4 0.0013059
13438.4 0.00125823
13450.5 0.00121695
13462.5 0.0011795
13474.5 0.00114454
13486.5 0.00111143
13498.5 0.00108363
13510.5 0.0010592
13522.5 0.0010379
13534.5 0.00101057
13546.5 0.000979485
13558.6 0.000949663
13570.6 0.000921148
13582.6 0.000893696
13594.6 0.00086801
13606.6 0.000844576
13618.6 0.000823069
13630.6 0.000804089
13642.6 0.00076526
13654.7 0.000723607
13666.7 0.000682209
13678.7 0.00064115
13690.7 0.000600081
13702.7 0.000561106
13714.7 0.000523555
13726.7 0.000487299
13738.7 0.000450163
13750.8 0.000398092
13762.8 0.000345838
13774.8 0.000293675
13786.8 0.000241352
13798.8 0.000189186
13810.8 0.000140098
13822.8 9.25456e-05
13834.8 4.64583e-05
13846.8 -7.68831e-06
13858.9 -7.81252e-05
13870.9 -0.000148571
13882.9 -0.000218759
13894.9 -0.00028873
13906.9 -0.000357932
13918.9 -0.000426279
13930.9 -0.000493923
13942.9 -0.000560769
13955 -0.000637845
13967 -0.000721975
13979 -0.000806108
13991 -0.000890318
14003 -0.000974974
14015 -0.00105683
14027 -0.00113736
14039 -0.00121688
14051.1 -0.00129539
14063.1 -0.00138401
14075.1 -0.0014739
14087.1 -0.00156318
14099.1 -0.00165171
14111.1 -0.00173977
14123.1 -0.00182805
14135.1 -0.00191606
14147.1 -0.00200381
14159.2 -0.00208727
14171.2 -0.00213173
14183.2 -0.00217527
14195.2 -0.00221832
14207.2 -0.00226143
14219.2 -0.00230258
14231.2 -0.00234248
14243.2 -0.00238159
14255.3 -0.00242006
14267.3 -0.00245285
14279.3 -0.00247487
14291.3 -0.00249637
14303.3 -0.00251746
14315.3 -0.00253817
14327.3 -0.00255832
14339.3 -0.00257808
14351.4 -0.00259754
14363.4 -0.00261673
14375.4 -0.00264111
14387.4 -0.00266915
14399.4 -0.00269706
14411.4 -0.00272502
14423.4 -0.00275239
14435.4 -0.00277849
14447.4 -0.00280412
14459.5 -0.00282939
14471.5 -0.00285438
14483.5 -0.00287767
14495.5 -0.0029005
14507.5 -0.00292326
14519.5 -0.00294622
14531.5 -0.002968
14543.5 -0.0029893
14555.6 -0.00301035
14567.6 -0.00303128
14579.6 -0.00305352
14591.6 -0.00309451
14603.6 -0.00313503
14615.6 -0.00317526
14627.6 -0.00321524
14639.6 -0.00325496
14651.7 -0.0032945
14663.7 -0.00333389
14675.7 -0.00337322
14687.7 -0.00341674
14699.7 -0.00346961
14711.7 -0.00352216
14723.7 -0.00357456
14735.7 -0.00362628
14747.7 -0.00367708
14759.8 -0.00372746
14771.8 -0.00377748
14783.8 -0.00382718
14795.8 -0.00387737
14807.8 -0.0039279
14819.8 -0.00397806
14831.8 -0.00402779
14843.8 -0.0040777
14855.9 -0.00412741
14867.9 -0.0041768
14879.9 -0.00422574
14891.9 -0.0042739
14903.9 -0.00429397
14915.9 -0.00430704
14927.9 -0.00432066
14939.9 -0.00433439
14952 -0.00434717
14964 -0.00435986
14976 -0.00437252
14988 -0.00438509
15000 -0.00439729
15012 -0.00439415
15024 -0.00439166
15036 -0.0043895
15048 -0.00438783
15060.1 -0.00438661
15072.1 -0.00438569
15084.1 -0.00438505
15096.1 -0.00438464
15108.1 -0.00438229
15120.1 -0.00437417
15132.1 -0.00436667
15144.1 -0.00435974
15156.2 -0.00435253
15168.2 -0.00434562
15180.2 -0.00433912
15192.2 -0.00433306
15204.2 -0.00432754
15216.2 -0.0043277
15228.2 -0.00433318
15240.2 -0.00433887
15252.3 -0.0043447
15264.3 -0.00435043
15276.3 -0.00435639
15288.3 -0.00436265
15300.3 -0.00436921
15312.3 -0.00437612
15324.3 -0.00438392
15336.3 -0.00439227
15348.3 -0.00440104
15360.4 -0.00440987
15372.4 -0.00441889
15384.4 -0.00442829
15396.4 -0.00443814
15408.4 -0.00444856
15420.4 -0.00445996
15432.4 -0.00449437
15444.4 -0.00452948
15456.5 -0.00456453
15468.5 -0.0045989
15480.5 -0.0046332
15492.5 -0.00466751
15504.5 -0.00470184
15516.5 -0.00473618
15528.5 -0.00476824
15540.5 -0.00479191
15552.6 -0.00481601
15564.6 -0.00484065
15576.6 -0.00486603
15588.6 -0.00489177
15600.6 -0.00491782
15612.6 -0.00494414
15624.6 -0.00497064
15636.6 -0.00499072
15648.6 -0.00500302
15660.7 -0.00501608
15672.7 -0.00502893
15684.7 -0.00504192
15696.7 -0.0050553
15708.7 -0.00506905
15720.7 -0.00508314
15732.7 -0.00509748
15744.7 -0.00510344
15756.8 -0.00510592
15768.8 -0.00510905
15780.8 -0.00511302
15792.8 -0.00511757
15804.8 -0.00512266
15816.8 -0.00512829
15828.8 -0.00513445
15840.8 -0.00514123
15852.9 -0.00515697
15864.9 -0.00517393
15876.9 -0.00519058
15888.9 -0.00520659
15900.9 -0.0052228
15912.9 -0.00523924
15924.9 -0.00525593
15936.9 -0.00527288
15948.9 -0.00529025
15961 -0.00530896
15973 -0.00532786
15985 -0.00534711
15997 -0.0053666
16009 -0.00538628
16021 -0.00540614
16033 -0.00542618
16045 -0.00544637
16057.1 -0.00546942
16069.1 -0.00549705
16081.1 -0.00552461
16093.1 -0.00555168
16105.1 -0.00557868
16117.1 -0.00560564
16129.1 -0.00563252
16141.1 -0.00565931
16153.2 -0.00568597
16165.2 -0.00572493
16177.2 -0.0057718
16189.2 -0.00581869
16201.2 -0.00586562
16213.2 -0.00591236
16225.2 -0.00595888
16237.2 -0.00600518
16249.2 -0.00605128
16261.3 -0.00609725
16273.3 -0.00612453
16285.3 -0.00614768
16297.3 -0.00617071
16309.3 -0.00619333
16321.3 -0.00621549
16333.3 -0.00623714
16345.3 -0.00625824
16357.4 -0.00627873
16369.4 -0.00629893
16381.4 -0.00632348
16393.4 -0.0063475
16405.4 -0.00637105
16417.4 -0.00639389
16429.4 -0.00641597
16441.4 -0.00643726
16453.5 -0.00645773
16465.5 -0.00647736
16477.5 -0.0064952
16489.5 -0.00650982
16501.5 -0.00652429
16513.5 -0.00653825
16525.5 -0.00655111
16537.5 -0.00656281
16549.5 -0.0065733
16561.6 -0.00658251
16573.6 -0.00659035
16585.6 -0.00659959
16597.6 -0.00661016
16609.6 -0.00661971
16621.6 -0.00662789
16633.6 -0.00663463
16645.6 -0.00663985
16657.7 -0.00664343
16669.7 -0.00664518
16681.7 -0.00664455
16693.7 -0.00666064
16705.7 -0.00668296
16717.7 -0.00670586
16729.7 -0.00672764
16741.7 -0.0067482
16753.8 -0.00676745
16765.8 -0.00678531
16777.8 -0.00680163
16789.8 -0.00681602
16801.8 -0.00684286
16813.8 -0.00686933
16825.8 -0.00689503
16837.8 -0.00691992
16849.8 -0.00694402
16861.9 -0.00696735
16873.9 -0.00699001
16885.9 -0.00701217
16897.9 -0.00703219
16909.9 -0.00704447
16921.9 -0.00705788
16933.9 -0.0070701
16945.9 -0.00708136
16958 -0.00709179
16970 -0.0071015
16982 -0.00711063
16994 -0.00711942
17006 -0.00712476
17018 -0.00712497
17030 -0.00712429
17042 -0.00712292
17054.1 -0.00712101
17066.1 -0.00711873
17078.1 -0.00711625
17090.1 -0.00711386
17102.1 -0.00711226
17114.1 -0.00710121
17126.1 -0.00708573
17138.1 -0.00706931
17150.2 -0.00705194
17162.2 -0.00703389
17174.2 -0.00701535
17186.2 -0.00699652
17198.2 -0.00697769
17210.2 -0.00695986
17222.2 -0.00693011
17234.2 -0.00689811
17246.2 -0.00686497
17258.3 -0.00683096
17270.3 -0.00679619
17282.3 -0.00676072
17294.3 -0.00672455
17306.3 -0.0066876
17318.3 -0.00665043
17330.3 -0.00661871
17342.3 -0.00658747
17354.4 -0.00655612
17366.4 -0.00652462
17378.4 -0.00649292
17390.4 -0.00646095
17402.4 -0.00642858
17414.4 -0.0063954
17426.4 -0.00636556
17438.4 -0.00634609
17450.5 -0.00632804
17462.5 -0.00631099
17474.5 -0.00629487
17486.5 -0.00627973
17498.5 -0.00626569
17510.5 -0.006253
17522.5 -0.00624243
17534.5 -0.00622609
17546.5 -0.00620357
17558.6 -0.00618064
17570.6 -0.00615781
17582.6 -0.00613535
17594.6 -0.0061135
17606.6 -0.00609255
17618.6 -0.00607298
17630.6 -0.00605637
17642.6 -0.00602852
17654.7 -0.0059965
17666.7 -0.00596335
17678.7 -0.00592965
17690.7 -0.00589571
17702.7 -0.00586177
17714.7 -0.00582812
17726.7 -0.00579528
17738.7 -0.00576337
17750.8 -0.00571489
17762.8 -0.00566377
17774.8 -0.00561113
17786.8 -0.00555724
17798.8 -0.00550215
17810.8 -0.00544582
17822.8 -0.00538806
17834.8 -0.0053283
17846.8 -0.00526985
17858.9 -0.0052228
17870.9 -0.00517677
17882.9 -0.00513105
17894.9 -0.00508534
17906.9 -0.00503945
17918.9 -0.0049932
17930.9 -0.00494633
17942.9 -0.00489825
17955 -0.00485164
17967 -0.00480947
17979 -0.00476817
17991 -0.00472734
18003 -0.00468676
18015 -0.00464631
18027 -0.00460589
18039 -0.00456537
18051.1 -0.00452449
18063.1 -0.00448526
18075.1 -0.00444681
18087.1 -0.00440842
18099.1 -0.00436993
18111.1 -0.00433122
18123.1 -0.00429213
18135.1 -0.00425244
18147.1 -0.00421166
18159.2 -0.00416815
18171.2 -0.0041343
18183.2 -0.00410303
18195.2 -0.00407304
18207.2 -0.00404398
18219.2 -0.00401568
18231.2 -0.00398806
18243.2 -0.0039611
18255.3 -0.00393489
18267.3 -0.00390884
18279.3 -0.00388014
18291.3 -0.00385124
18303.3 -0.00382235
18315.3 -0.0037935
18327.3 -0.00376473
18339.3 -0.00373602
18351.4 -0.00370737
18363.4 -0.00367869
18375.4 -0.00364873
18387.4 -0.00361812
18399.4 -0.00358756
18411.4 -0.00355706
18423.4 -0.00352662
18435.4 -0.00349625
18447.4 -0.00346596
18459.5 -0.00343582
18471.5 -0.00340586
18483.5 -0.00337325
18495.5 -0.00333862
18507.5 -0.00330341
18519.5 -0.0032677
18531.5 -0.00323149
18543.5 -0.00319472
18555.6 -0.00315728
18567.6 -0.0031189
18579.6 -0.00307859
18591.6 -0.0030439
18603.6 -0.00301028
18615.6 -0.00297688
18627.6 -0.00294341
18639.6 -0.00290967
18651.7 -0.00287544
18663.7 -0.00284036
18675.7 -0.00280365
18687.7 -0.00276593
18699.7 -0.0027416
18711.7 -0.00271997
18723.7 -0.00269987
18735.7 -0.00268091
18747.7 -0.00266291
18759.8 -0.00264578
18771.8 -0.00262951
18783.8 -0.00261412
18795.8 -0.00259849
18807.8 -0.00258046
18819.8 -0.00256235
18831.8 -0.00254432
18843.8 -0.00252641
18855.9 -0.00250862
18867.9 -0.00249091
18879.9 -0.00247314
18891.9 -0.00245467
18903.9 -0.00243773
18915.9 -0.00242234
18927.9 -0.00240766
18939.9 -0.00239363
18952 -0.00238024
18964 -0.00236754
18976 -0.00235564
18988 -0.00234482
19000 -0.00233636
