7000 -0.00334261
7012.01 -0.00332863
7024.02 -0.0033142
7036.04 -0.00329907
7048.05 -0.00328376
7060.06 -0.00326841
7072.07 -0.00325285
7084.08 -0.003237
7096.1 -0.00322083
7108.11 -0.00320428
7120.12 -0.00318726
7132.13 -0.00316963
7144.14 -0.00315086
7156.16 -0.00313263
7168.17 -0.00311448
7180.18 -0.00309621
7192.19 -0.0030777
7204.2 -0.0030589
7216.22 -0.0030397
7228.23 -0.00301997
7240.24 -0.00299935
7252.25 -0.00297785
7264.26 -0.00295728
7276.28 -0.00293681
7288.29 -0.00291621
7300.3 -0.00289538
7312.31 -0.00287419
7324.32 -0.00285247
7336.34 -0.00282992
7348.35 -0.00280502
7360.36 -0.0027816
7372.37 -0.00275968
7384.38 -0.00273845
7396.4 -0.0027177
7408.41 -0.00269737
7420.42 -0.00267746
7432.43 -0.00265809
7444.44 -0.0026396
7456.46 -0.00262295
7468.47 -0.00260411
7480.48 -0.00258206
7492.49 -0.00255688
7504.5 -0.00253095
7516.52 -0.00250446
7528.53 -0.00247752
7540.54 -0.00245027
7552.55 -0.00242304
7564.56 -0.0023958
7576.58 -0.00236802
7588.59 -0.00232611
7600.6 -0.00227767
7612.61 -0.00222749
7624.62 -0.00217579
7636.64 -0.00212265
7648.65 -0.00206813
7660.66 -0.0020125
7672.67 -0.00195413
7684.68 -0.00189251
7696.7 -0.00185787
7708.71 -0.0018243
7720.72 -0.00179044
7732.73 -0.00175589
7744.74 -0.00172032
7756.76 -0.00168317
7768.77 -0.00164362
7780.78 -0.00160721
7792.79 -0.00156977
7804.8 -0.0015247
7816.82 -0.0014789
7828.83 -0.00143254
7840.84 -0.00138563
7852.85 -0.00133824
7864.86 -0.0012906
7876.88 -0.00124198
7888.89 -0.00119089
7900.9 -0.00114638
7912.91 -0.00111182
7924.92 -0.00107736
7936.94 -0.00104265
7948.95 -0.00100751
7960.96 -0.000971703
7972.97 -0.000934332
7984.98 -0.000899141
7997 -0.00086586
8009.01 -0.000815757
8021.02 -0.000756653
8033.03 -0.000696332
8045.05 -0.00063506
8057.06 -0.000572901
8069.07 -0.000509797
8081.08 -0.00044563
8093.09 -0.000380642
8105.11 -0.000313051
8117.12 -0.000279498
8129.13 -0.00024958
8141.14 -0.000221156
8153.15 -0.000194097
8165.17 -0.000168677
8177.18 -0.000146216
8189.19 -0.00012372
8201.2 -9.90295e-05
8213.21 -6.67545e-05
8225.23 8.58737e-06
8237.24 8.76896e-05
8249.25 0.000169081
8261.26 0.00025226
8273.27 0.000336899
8285.29 0.000422417
8297.3 0.000511837
8309.31 0.000605032
8321.32 0.000677352
8333.33 0.000712899
8345.35 0.000746404
8357.36 0.000778832
8369.37 0.000810431
8381.38 0.000841149
8393.39 0.000870991
8405.41 0.0009008
8417.42 0.000928988
8429.43 0.000986605
8441.44 0.00106301
8453.45 0.0011415
8465.47 0.00122145
8477.48 0.0013026
8489.49 0.00138471
8501.5 0.00146856
8513.51 0.00155469
8525.53 0.00164452
8537.54 0.00168298
8549.55 0.00171312
8561.56 0.00174147
8573.57 0.00176833
8585.59 0.00179355
8597.6 0.00181633
8609.61 0.00184061
8621.62 0.00186359
8633.63 0.00189675
8645.65 0.00201848
8657.66 0.00214606
8669.67 0.00227698
8681.68 0.00241051
8693.69 0.0025464
8705.71 0.00268436
8717.72 0.00282383
8729.73 0.00296567
8741.74 0.00309088
8753.75 0.00318263
8765.77 0.00327326
8777.78 0.00336348
8789.79 0.0034535
8801.8 0.00354317
8813.81 0.00363381
8825.83 0.00372525
8837.84 0.00381716
8849.85 0.00390948
8861.86 0.0040022
8873.87 0.00409534
8885.89 0.00418894
8897.9 0.00428313
8909.91 0.004378
8921.92 0.00447114
8933.93 0.00456393
8945.95 0.00465658
8957.96 0.00474915
8969.97 0.00484165
8981.98 0.00493407
8993.99 0.00502637
9006.01 0.00511835
9018.02 0.00521078
9030.03 0.00530462
9042.04 0.00539887
9054.05 0.00549342
9066.07 0.00558822
9078.08 0.00568326
9090.09 0.00577857
9102.1 0.00587422
9114.11 0.00597067
9126.13 0.00606505
9138.14 0.00615868
9150.15 0.006252
9162.16 0.00634513
9174.17 0.00643811
9186.19 0.00653099
9198.2 0.00662384
9210.21 0.0067168
9222.22 0.00680963
9234.23 0.00690005
9246.25 0.00698979
9258.26 0.00707905
9270.27 0.00716792
9282.28 0.00725645
9294.29 0.00734467
9306.31 0.00743265
9318.32 0.00752052
9330.33 0.00760739
9342.34 0.00769297
9354.35 0.00777802
9366.37 0.00786264
9378.38 0.00794689
9390.39 0.00803082
9402.4 0.00811451
9414.41 0.00819812
9426.43 0.00828222
9438.44 0.00836105
9450.45 0.00843835
9462.46 0.00851473
9474.47 0.00859034
9486.49 0.00866528
9498.5 0.00873961
9510.51 0.00881337
9522.52 0.00888663
9534.53 0.00895923
9546.55 0.00903059
9558.56 0.00910136
9570.57 0.00917162
9582.58 0.00924143
9594.59 0.00931086
9606.61 0.00938002
9618.62 0.0094491
9630.63 0.00951866
9642.64 0.00958143
9654.65 0.00963869
9666.67 0.00969453
9678.68 0.00974929
9690.69 0.00980315
9702.7 0.00985619
9714.71 0.0099085
9726.73 0.00996013
9738.74 0.0100111
9750.75 0.0100615
9762.76 0.0101113
9774.77 0.0101606
9786.79 0.0102095
9798.8 0.0102579
9810.81 0.0103059
9822.82 0.0103537
9834.83 0.0104014
9846.85 0.0104465
9858.86 0.0104856
9870.87 0.0105237
9882.88 0.0105611
9894.89 0.0105979
9906.91 0.010634
9918.92 0.0106696
9930.93 0.0107047
9942.94 0.0107392
9954.95 0.0107755
9966.97 0.0108125
9978.98 0.0108495
9990.99 0.0108862
10003 0.0109228
10015 0.0109593
10027 0.0109957
10039 0.0110322
10051.1 0.0110684
10063.1 0.0110972
10075.1 0.0111251
10087.1 0.0111524
10099.1 0.0111793
10111.1 0.0112057
10123.1 0.0112315
10135.1 0.0112568
10147.1 0.011281
10159.2 0.01131
10171.2 0.011348
10183.2 0.0113867
10195.2 0.0114258
10207.2 0.011465
10219.2 0.0115044
10231.2 0.0115438
10243.2 0.0115831
10255.3 0.011622
10267.3 0.0116658
10279.3 0.0117118
10291.3 0.0117582
10303.3 0.0118048
10315.3 0.0118515
10327.3 0.0118981
10339.3 0.0119444
10351.4 0.0119898
10363.4 0.012036
10375.4 0.0121076
10387.4 0.0121825
10399.4 0.0122596
10411.4 0.0123384
10423.4 0.0124188
10435.4 0.0125005
10447.4 0.0125836
10459.5 0.0126678
10471.5 0.0127554
10483.5 0.0128476
10495.5 0.0129418
10507.5 0.0130377
10519.5 0.0131353
10531.5 0.0132345
10543.5 0.0133352
10555.6 0.0134373
10567.6 0.0135398
10579.6 0.0136568
10591.6 0.0137806
10603.6 0.0139079
10615.6 0.0140382
10627.6 0.0141717
10639.6 0.0143082
10651.7 0.0144479
10663.7 0.0145909
10675.7 0.0147361
10687.7 0.0148753
10699.7 0.0150165
10711.7 0.0151601
10723.7 0.0153062
10735.7 0.0154551
10747.7 0.0156067
10759.8 0.0157613
10771.8 0.015919
10783.8 0.0160756
10795.8 0.0162304
10807.8 0.0163878
10819.8 0.016548
10831.8 0.0167114
10843.8 0.0168782
10855.9 0.0170489
10867.9 0.0172244
10879.9 0.0174065
10891.9 0.0175704
10903.9 0.0176663
10915.9 0.0177159
10927.9 0.0177568
10939.9 0.0177913
10952 0.0178203
10964 0.017844
10976 0.017862
10988 0.0178687
11000 0.0178516
11012 0.0178913
11024 0.0179381
11036 0.0179859
11048 0.0180332
11060.1 0.0180792
11072.1 0.018123
11084.1 0.0181636
11096.1 0.0181877
11108.1 0.0182052
11120.1 0.01825
11132.1 0.0182966
11144.1 0.0183431
11156.2 0.0183886
11168.2 0.0184324
11180.2 0.0184738
11192.2 0.0185117
11204.2 0.0185383
11216.2 0.0185775
11228.2 0.0186484
11240.2 0.0187221
11252.3 0.0187966
11264.3 0.0188712
11276.3 0.0189452
11288.3 0.019018
11300.3 0.0190855
11312.3 0.0191458
11324.3 0.0192153
11336.3 0.0192926
11348.3 0.019371
11360.4 0.0194501
11372.4 0.0195298
11384.4 0.0196104
11396.4 0.0196926
11408.4 0.0197787
11420.4 0.0198733
11432.4 0.0199019
11444.4 0.0199118
11456.5 0.0199153
11468.5 0.0199137
11480.5 0.0199077
11492.5 0.0198976
11504.5 0.0198835
11516.5 0.0198675
11528.5 0.0198475
11540.5 0.0198698
11552.6 0.0198954
11564.6 0.0199217
11576.6 0.0199483
11588.6 0.0199749
11600.6 0.0200022
11612.6 0.0200365
11624.6 0.0200748
11636.6 0.020109
11648.6 0.0201367
11660.7 0.0201622
11672.7 0.0201863
11684.7 0.0202093
11696.7 0.0202317
11708.7 0.0202548
11720.7 0.0202848
11732.7 0.0203166
11744.7 0.0203246
11756.8 0.0203062
11768.8 0.020282
11780.8 0.0202533
11792.8 0.0202211
11804.8 0.020186
11816.8 0.0201507
11828.8 0.020119
11840.8 0.0200785
11852.9 0.0200517
11864.9 0.0200284
11876.9 0.0200038
11888.9 0.0199776
11900.9 0.0199499
11912.9 0.0199211
11924.9 0.0198948
11936.9 0.0198676
11948.9 0.0198374
11961 0.019802
11973 0.0197638
11985 0.0197234
11997 0.0196811
12009 0.0196372
12021 0.0195927
12033 0.0195522
12045 0.0195067
12057.1 0.0194614
12069.1 0.0194305
12081.1 0.0194005
12093.1 0.0193708
12105.1 0.0193416
12117.1 0.0193134
12129.1 0.0192878
12141.1 0.0192666
12153.2 0.0192518
12165.2 0.0191989
12177.2 0.0190883
12189.2 0.0189671
12201.2 0.0188383
12213.2 0.0187034
12225.2 0.0185631
12237.2 0.0184214
12249.2 0.0182705
12261.3 0.018103
12273.3 0.0179951
12285.3 0.0179192
12297.3 0.0178483
12309.3 0.0177805
12321.3 0.0177152
12333.3 0.0176533
12345.3 0.0175983
12357.4 0.0175434
12369.4 0.0174921
12381.4 0.0174022
12393.4 0.0173054
12405.4 0.0172052
12417.4 0.0171027
12429.4 0.0169987
12441.4 0.0168959
12453.5 0.0167924
12465.5 0.0166841
12477.5 0.0165745
12489.5 0.0164748
12501.5 0.0163753
12513.5 0.0162756
12525.5 0.0161758
12537.5 0.0160766
12549.5 0.0159813
12561.6 0.0158844
12573.6 0.0157869
12585.6 0.0156803
12597.6 0.0155583
12609.6 0.0154327
12621.6 0.0153044
12633.6 0.0151739
12645.6 0.0150418
12657.7 0.0149091
12669.7 0.014772
12681.7 0.0146299
12693.7 0.0145027
12705.7 0.0143854
12717.7 0.0142692
12729.7 0.0141538
12741.7 0.0140395
12753.8 0.0139299
12765.8 0.0138199
12777.8 0.0137065
12789.8 0.0135921
12801.8 0.0134654
12813.8 0.0133348
12825.8 0.0132014
12837.8 0.0130651
12849.8 0.0129257
12861.9 0.0127821
12873.9 0.0126356
12885.9 0.0124842
12897.9 0.0123364
12909.9 0.0122457
12921.9 0.0121622
12933.9 0.0120825
12945.9 0.0120056
12958 0.0119311
12970 0.0118588
12982 0.0117888
12994 0.0117223
13006 0.0116444
13018 0.0115415
13030 0.0114353
13042 0.0113266
13054.1 0.0112152
13066.1 0.011097
13078.1 0.0109806
13090.1 0.0108677
13102.1 0.010757
13114.1 0.010642
13126.1 0.0105241
13138.1 0.010406
13150.2 0.0102879
13162.2 0.0101698
13174.2 0.0100517
13186.2 0.00993308
13198.2 0.00981374
13210.2 0.00969217
13222.2 0.00959092
13234.2 0.0094931
13246.2 0.00939612
13258.3 0.00929908
13270.3 0.00919979
13282.3 0.00909915
13294.3 0.0090064
13306.3 0.00891842
13318.3 0.00882874
13330.3 0.00869866
13342.3 0.00856587
13354.4 0.00843211
13366.4 0.00829778
13378.4 0.00816288
13390.4 0.00802779
13402.4 0.00789229
13414.4 0.00775579
13426.4 0.00762909
13438.4 0.00752206
13450.5 0.00741681
13462.5 0.0073124
13474.5 0.00720794
13486.5 0.00710217
13498.5 0.00700071
13510.5 0.0069015
13522.5 0.00680394
13534.5 0.00670795
13546.5 0.0066133
13558.6 0.00651975
13570.6 0.00642711
13582.6 0.00633496
13594.6 0.00624386
13606.6 0.0061549
13618.6 0.00606754
13630.6 0.00598228
13642.6 0.00587869
13654.7 0.00577224
13666.7 0.00566568
13678.7 0.00555897
13690.7 0.00545134
13702.7 0.00534555
13714.7 0.00524093
13726.7 0.00513698
13738.7 0.00503496
13750.8 0.00494449
13762.8 0.00485507
13774.8 0.00476616
13786.8 0.00467711
13798.8 0.00458755
13810.8 0.00450191
13822.8 0.00441814
13834.8 0.00433582
13846.8 0.00425379
13858.9 0.00417109
13870.9 0.00408925
13882.9 0.00400818
13894.9 0.00392762
13906.9 0.00384804
13918.9 0.00376966
13930.9 0.00369216
13942.9 0.00361543
13955 0.00353862
13967 0.00346184
13979 0.00338542
13991 0.00330904
14003 0.00323169
14015 0.0031577
14027 0.00308556
14039 0.00301476
14051.1 0.00294513
14063.1 0.00287353
14075.1 0.00280236
14087.1 0.00273212
14099.1 0.00266294
14111.1 0.00259467
14123.1 0.00252611
14135.1 0.00245787
14147.1 0.00239003
14159.2 0.00232092
14171.2 0.00223595
14183.2 0.00215099
14195.2 0.00206601
14207.2 0.00198027
14219.2 0.00189627
14231.2 0.00181393
14243.2 0.00173252
14255.3 0.00165189
14267.3 0.00157139
14279.3 0.00149043
14291.3 0.00141002
14303.3 0.00133013
14315.3 0.00125065
14327.3 0.00117195
14339.3 0.00109384
14351.4 0.00101623
14363.4 0.000939102
14375.4 0.000866637
14387.4 0.000797546
14399.4 0.000728661
14411.4 0.000659681
14423.4 0.000591113
14435.4 0.000524541
14447.4 0.000458826
14459.5 0.000393773
14471.5 0.000329281
14483.5 0.000265441
14495.5 0.000202035
14507.5 0.000138902
14519.5 7.5555e-05
14531.5 1.38427e-05
14543.5 -4.67468e-05
14555.6 -0.000106595
14567.6 -0.000165798
14579.6 -0.000224
14591.6 -0.00027599
14603.6 -0.000327609
14615.6 -0.000378846
14627.6 -0.000429719
14639.6 -0.000480163
14651.7 -0.000530231
14663.7 -0.000579939
14675.7 -0.000629275
14687.7 -0.000675063
14699.7 -0.000713461
14711.7 -0.0007519
14723.7 -0.000790511
14735.7 -0.000828748
14747.7 -0.000865859
14759.8 -0.000902543
14771.8 -0.000938911
14783.8 -0.000975022
14795.8 -0.00101197
14807.8 -0.00104954
14819.8 -0.00108683
14831.8 -0.00112371
14843.8 -0.00116105
14855.9 -0.00119858
14867.9 -0.00123621
14879.9 -0.00127397
14891.9 -0.00131206
14903.9 -0.00136354
14915.9 -0.00141842
14927.9 -0.00147327
14939.9 -0.00152812
14952 -0.00158111
14964 -0.00163342
14976 -0.00168526
14988 -0.00173668
15000 -0.00178767
15012 -0.00183485
15024 -0.00188185
15036 -0.00192858
15048 -0.00197527
15060.1 -0.00202208
15072.1 -0.00206881
15084.1 -0.00211542
15096.1 -0.00216186
15108.1 -0.00220566
15120.1 -0.00224241
15132.1 -0.00227949
15144.1 -0.00231699
15156.2 -0.00235357
15168.2 -0.00238986
15180.2 -0.00242601
15192.2 -0.00246207
15204.2 -0.00249801
15216.2 -0.00253042
15228.2 -0.00255958
15240.2 -0.00258901
15252.3 -0.00261858
15264.3 -0.00264765
15276.3 -0.00267666
15288.3 -0.00270567
15300.3 -0.00273465
15312.3 -0.00276355
15324.3 -0.00278512
15336.3 -0.00280441
15348.3 -0.00282418
15360.4 -0.0028439
15372.4 -0.00286348
15384.4 -0.00288318
15396.4 -0.00290304
15408.4 -0.00292305
15420.4 -0.00294316
15432.4 -0.00295795
15444.4 -0.00297299
15456.5 -0.00298862
15468.5 -0.00300369
15480.5 -0.00301884
15492.5 -0.0030342
15504.5 -0.00304983
15516.5 -0.00306581
15528.5 -0.00308503
15540.5 -0.00311522
15552.6 -0.00314517
15564.6 -0.00317522
15576.6 -0.00320603
15588.6 -0.00323715
15600.6 -0.00326855
15612.6 -0.00330025
15624.6 -0.00333232
15636.6 -0.0033684
15648.6 -0.0034093
15660.7 -0.00345052
15672.7 -0.00349111
15684.7 -0.00353114
15696.7 -0.0035711
15708.7 -0.00361105
15720.7 -0.00365102
15732.7 -0.00369095
15744.7 -0.00372372
15756.8 -0.00375339
15768.8 -0.00378332
15780.8 -0.00381395
15792.8 -0.00384496
15804.8 -0.0038763
15816.8 -0.00390797
15828.8 -0.00393997
15840.8 -0.00397234
15852.9 -0.0040071
15864.9 -0.00404254
15876.9 -0.00407782
15888.9 -0.00411175
15900.9 -0.00414555
15912.9 -0.00417934
15924.9 -0.00421316
15936.9 -0.00424702
15948.9 -0.00427962
15961 -0.0043044
15973 -0.00432939
15985 -0.00435473
15997 -0.00438034
16009 -0.00440612
16021 -0.00443207
16033 -0.00445817
16045 -0.0044844
16057.1 -0.00450734
16069.1 -0.00452485
16081.1 -0.00454258
16093.1 -0.00455974
16105.1 -0.00457684
16117.1 -0.0045939
16129.1 -0.00461093
16141.1 -0.00462789
16153.2 -0.00464476
16165.2 -0.0046729
16177.2 -0.00470827
16189.2 -0.00474363
16201.2 -0.00477922
16213.2 -0.0048147
16225.2 -0.00485
16237.2 -0.00488511
16249.2 -0.00491999
16261.3 -0.00495461
16273.3 -0.00498909
16285.3 -0.00502323
16297.3 -0.00505736
16309.3 -0.00509125
16321.3 -0.0051248
16333.3 -0.00515794
16345.3 -0.00519062
16357.4 -0.00522279
16369.4 -0.00525499
16381.4 -0.00529541
16393.4 -0.00533543
16405.4 -0.00537523
16417.4 -0.00541454
16429.4 -0.00545328
16441.4 -0.00549142
16453.5 -0.00552892
16465.5 -0.00556577
16477.5 -0.00560068
16489.5 -0.00563165
16501.5 -0.00566251
16513.5 -0.00569359
16525.5 -0.005724
16537.5 -0.00575363
16549.5 -0.00578244
16561.6 -0.00581038
16573.6 -0.00583743
16585.6 -0.00586256
16597.6 -0.00588574
16609.6 -0.00590809
16621.6 -0.00592936
16633.6 -0.00594949
16645.6 -0.0059684
16657.7 -0.00598603
16669.7 -0.00600228
16681.7 -0.00601691
16693.7 -0.00603607
16705.7 -0.00605658
16717.7 -0.00607808
16729.7 -0.00609864
16741.7 -0.0061181
16753.8 -0.00613634
16765.8 -0.00615329
16777.8 -0.00616884
16789.8 -0.00618279
16801.8 -0.00620176
16813.8 -0.00621974
16825.8 -0.00623646
16837.8 -0.00625194
16849.8 -0.00626614
16861.9 -0.00627902
16873.9 -0.00629052
16885.9 -0.00630053
16897.9 -0.00631019
16909.9 -0.00632343
16921.9 -0.00633851
16933.9 -0.00635287
16945.9 -0.0063663
16958 -0.00637877
16970 -0.00639024
16982 -0.00640073
16994 -0.0064102
17006 -0.00641907
17018 -0.0064276
17030 -0.00643538
17042 -0.00644237
17054.1 -0.00644861
17066.1 -0.00645418
17078.1 -0.00645916
17090.1 -0.00646372
17102.1 -0.00646826
17114.1 -0.00646624
17126.1 -0.00646152
17138.1 -0.00645657
17150.2 -0.00645082
17162.2 -0.00644441
17174.2 -0.00643748
17186.2 -0.0064302
17198.2 -0.00642288
17210.2 -0.00641665
17222.2 -0.00639623
17234.2 -0.00637307
17246.2 -0.00634855
17258.3 -0.00632294
17270.3 -0.00629638
17282.3 -0.00626896
17294.3 -0.00624076
17306.3 -0.00621181
17318.3 -0.00618222
17330.3 -0.00615262
17342.3 -0.00612284
17354.4 -0.00609247
17366.4 -0.00606156
17378.4 -0.00603009
17390.4 -0.00599808
17402.4 -0.00596547
17414.4 -0.00593211
17426.4 -0.00589983
17438.4 -0.00587215
17450.5 -0.00584493
17462.5 -0.00581782
17474.5 -0.00579081
17486.5 -0.00576392
17498.5 -0.00573717
17510.5 -0.00571067
17522.5 -0.00568464
17534.5 -0.00565693
17546.5 -0.00562758
17558.6 -0.00559804
17570.6 -0.00556846
17582.6 -0.00553896
17594.6 -0.0055096
17606.6 -0.00548047
17618.6 -0.00545173
17630.6 -0.00542379
17642.6 -0.00539382
17654.7 -0.00536347
17666.7 -0.00533298
17678.7 -0.00530254
17690.7 -0.00527226
17702.7 -0.00524231
17714.7 -0.00521287
17726.7 -0.00518438
17738.7 -0.00515694
17750.8 -0.00511652
17762.8 -0.00507402
17774.8 -0.0050305
17786.8 -0.00498621
17798.8 -0.00494123
17810.8 -0.00489556
17822.8 -0.0048491
17834.8 -0.00480151
17846.8 -0.00475485
17858.9 -0.00471551
17870.9 -0.004677
17882.9 -0.0046389
17894.9 -0.00460105
17906.9 -0.00456337
17918.9 -0.0045258
17930.9 -0.0044883
17942.9 -0.00445075
17955 -0.00441288
17967 -0.00437535
17979 -0.00433816
17991 -0.00430125
18003 -0.00426461
18015 -0.00422826
18027 -0.00419227
18039 -0.00415679
18051.1 -0.00412243
18063.1 -0.00408371
18075.1 -0.00404228
18087.1 -0.00400003
18099.1 -0.00395713
18111.1 -0.00391361
18123.1 -0.00386939
18135.1 -0.00382431
18147.1 -0.00377799
18159.2 -0.00372908
18171.2 -0.00368885
18183.2 -0.00365061
18195.2 -0.0036132
18207.2 -0.0035763
18219.2 -0.00353973
18231.2 -0.00350335
18243.2 -0.00346704
18255.3 -0.00343057
18267.3 -0.00339421
18279.3 -0.00336111
18291.3 -0.00332875
18303.3 -0.00329686
18315.3 -0.00326532
18327.3 -0.00323406
18339.3 -0.00320302
18351.4 -0.00317209
18363.4 -0.00314109
18375.4 -0.00311
18387.4 -0.00308036
18399.4 -0.00305128
18411.4 -0.00302263
18423.4 -0.00299437
18435.4 -0.00296649
18447.4 -0.00293899
18459.5 -0.00291191
18471.5 -0.00288528
18483.5 -0.00285711
18495.5 -0.00282792
18507.5 -0.00279868
18519.5 -0.00276946
18531.5 -0.00274029
18543.5 -0.00271119
18555.6 -0.00268216
18567.6 -0.0026532
18579.6 -0.00262426
18591.6 -0.00259502
18603.6 -0.00256576
18615.6 -0.00253651
18627.6 -0.00250725
18639.6 -0.00247797
18651.7 -0.00244864
18663.7 -0.0024192
18675.7 -0.00238952
18687.7 -0.00235948
18699.7 -0.00233119
18711.7 -0.00230327
18723.7 -0.00227557
18735.7 -0.00224802
18747.7 -0.00222058
18759.8 -0.00219322
18771.8 -0.00216592
18783.8 -0.00213859
18795.8 -0.00211112
18807.8 -0.00208329
18819.8 -0.00205534
18831.8 -0.00202724
18843.8 -0.00199893
18855.9 -0.0019703
18867.9 -0.0019412
18879.9 -0.00191128
18891.9 -0.00187924
18903.9 -0.0018529
18915.9 -0.00183283
18927.9 -0.00181434
18939.9 -0.00179698
18952 -0.00178057
18964 -0.00176506
18976 -0.00175042
18988 -0.00173679
19000 -0.00172487
