7000 -0.0120835
7012.01 -0.0120706
7024.02 -0.0120565
7036.04 -0.0120405
7048.05 -0.0120232
7060.06 -0.0120054
7072.07 -0.0119865
7084.08 -0.0119666
7096.1 -0.0119456
7108.11 -0.0119233
7120.12 -0.0118995
7132.13 -0.0118739
7144.14 -0.0118451
7156.16 -0.0118161
7168.17 -0.0117866
7180.18 -0.0117562
7192.19 -0.0117248
7204.2 -0.011692
7216.22 -0.0116578
7228.23 -0.0116219
7240.24 -0.0115834
7252.25 -0.0115414
7264.26 -0.0115002
7276.28 -0.0114584
7288.29 -0.0114155
7300.3 -0.0113714
7312.31 -0.0113256
7324.32 -0.0112779
7336.34 -0.0112275
7348.35 -0.0111711
7360.36 -0.0111144
7372.37 -0.0110597
7384.38 -0.0110053
7396.4 -0.0109507
7408.41 -0.0108957
7420.42 -0.0108402
7432.43 -0.0107841
7444.44 -0.010728
7456.46 -0.010674
7468.47 -0.0106122
7480.48 -0.0105835
7492.49 -0.0105942
7504.5 -0.0106073
7516.52 -0.0106217
7528.53 -0.0106375
7540.54 -0.0106551
7552.55 -0.0106757
7564.56 -0.0107013
7576.58 -0.0107355
7588.59 -0.0106204
7600.6 -0.0104407
7612.61 -0.0102499
7624.62 -0.0100503
7636.64 -0.00984313
7648.65 -0.00962873
7660.66 -0.00940794
7672.67 -0.0091773
7684.68 -0.00893445
7696.7 -0.00878129
7708.71 -0.00863032
7720.72 -0.00847696
7732.73 -0.00831993
7744.74 -0.00815828
7756.76 -0.00799051
7768.77 -0.00781353
7780.78 -0.00763907
7792.79 -0.00746684
7804.8 -0.00730678
7816.82 -0.00714544
7828.83 -0.00698208
7840.84 -0.00681646
7852.85 -0.00664852
7864.86 -0.00647877
7876.88 -0.00630619
7888.89 -0.00612742
7900.9 -0.00595116
7912.91 -0.00578039
7924.92 -0.00560652
7936.94 -0.00542915
7948.95 -0.00524794
7960.96 -0.00506229
7972.97 -0.0048698
7984.98 -0.00467766
7997 -0.00448394
8009.01 -0.00430394
8021.02 -0.00413015
8033.03 -0.00395533
8045.05 -0.00377912
8057.06 -0.00360138
8069.07 -0.00342201
8081.08 -0.00324099
8093.09 -0.00305975
8105.11 -0.00287896
8117.12 -0.00267349
8129.13 -0.00246441
8141.14 -0.00225347
8153.15 -0.0020413
8165.17 -0.00182871
8177.18 -0.00161841
8189.19 -0.001404
8201.2 -0.00117873
8213.21 -0.000952655
8225.23 -0.000747852
8237.24 -0.0005419
8249.25 -0.000334423
8261.26 -0.000125608
8273.27 8.40472e-05
8285.29 0.000293062
8297.3 0.000506688
8309.31 0.000722098
8321.32 0.000958926
8333.33 0.00123013
8345.35 0.00150614
8357.36 0.00178594
8369.37 0.00206911
8381.38 0.0023554
8393.39 0.00264529
8405.41 0.0029419
8417.42 0.00324721
8429.43 0.00345106
8441.44 0.00359049
8453.45 0.00372401
8465.47 0.00385336
8477.48 0.00397887
8489.49 0.00409997
8501.5 0.00421734
8513.51 0.00432919
8525.53 0.00442639
8537.54 0.0047591
8549.55 0.0051304
8561.56 0.00550977
8573.57 0.00589466
8585.59 0.00628376
8597.6 0.00667614
8609.61 0.00708071
8621.62 0.00749585
8633.63 0.00788296
8645.65 0.00799538
8657.66 0.00809167
8669.67 0.00817932
8681.68 0.00826027
8693.69 0.00833529
8705.71 0.00840399
8717.72 0.0084649
8729.73 0.00851644
8741.74 0.0086381
8753.75 0.00890005
8765.77 0.00916676
8777.78 0.00943478
8789.79 0.00970274
8801.8 0.00996952
8813.81 0.010237
8825.83 0.010504
8837.84 0.0107697
8849.85 0.0110338
8861.86 0.011296
8873.87 0.0115561
8885.89 0.011814
8897.9 0.0120697
8909.91 0.0123227
8921.92 0.0125694
8933.93 0.0128122
8945.95 0.0130513
8957.96 0.0132866
8969.97 0.0135181
8981.98 0.0137458
8993.99 0.0139694
9006.01 0.0141886
9018.02 0.0144052
9030.03 0.0146196
9042.04 0.0148303
9054.05 0.0150369
9066.07 0.0152395
9078.08 0.0154378
9090.09 0.0156318
9102.1 0.0158216
9114.11 0.0160073
9126.13 0.0161844
9138.14 0.0163561
9150.15 0.0165227
9162.16 0.0166843
9174.17 0.0168409
9186.19 0.0169925
9198.2 0.0171391
9210.21 0.0172807
9222.22 0.0174164
9234.23 0.0175438
9246.25 0.0176659
9258.26 0.0177826
9270.27 0.0178942
9282.28 0.0180006
9294.29 0.0181019
9306.31 0.0181981
9318.32 0.0182892
9330.33 0.0183737
9342.34 0.0184522
9354.35 0.0185257
9366.37 0.0185942
9378.38 0.0186577
9390.39 0.0187164
9402.4 0.0187702
9414.41 0.0188191
9426.43 0.0188628
9438.44 0.0188948
9450.45 0.0189224
9462.46 0.0189456
9474.47 0.0189644
9486.49 0.018979
9498.5 0.0189894
9510.51 0.0189957
9522.52 0.018998
9534.53 0.0189957
9546.55 0.0189889
9558.56 0.0189784
9570.57 0.0189642
9582.58 0.0189464
9594.59 0.0189249
9606.61 0.0188999
9618.62 0.0188711
9630.63 0.018838
9642.64 0.0187904
9654.65 0.0187388
9666.67 0.0186855
9678.68 0.0186302
9690.69 0.0185731
9702.7 0.018514
9714.71 0.0184532
9726.73 0.0183907
9738.74 0.0183265
9750.75 0.0182607
9762.76 0.0181935
9774.77 0.0181248
9786.79 0.0180547
9798.8 0.0179833
9810.81 0.0179106
9822.82 0.0178365
9834.83 0.0177608
9846.85 0.0176783
9858.86 0.0175926
9870.87 0.0175077
9882.88 0.0174231
9894.89 0.0173387
9906.91 0.0172547
9918.92 0.0171711
9930.93 0.017088
9942.94 0.0170057
9954.95 0.016927
9966.97 0.0168483
9978.98 0.0167696
9990.99 0.0166911
10003 0.0166129
10015 0.016535
10027 0.0164574
10039 0.0163799
10051.1 0.0163
10063.1 0.0162158
10075.1 0.0161343
10087.1 0.0160549
10099.1 0.0159775
10111.1 0.015902
10123.1 0.0158287
10135.1 0.0157577
10147.1 0.0156899
10159.2 0.0156341
10171.2 0.0155828
10183.2 0.0155311
10195.2 0.01548
10207.2 0.0154297
10219.2 0.0153807
10231.2 0.015333
10243.2 0.015287
10255.3 0.0152434
10267.3 0.0152072
10279.3 0.0151719
10291.3 0.0151376
10303.3 0.0151048
10315.3 0.0150738
10327.3 0.0150448
10339.3 0.0150183
10351.4 0.0149952
10363.4 0.014984
10375.4 0.0149915
10387.4 0.0149967
10399.4 0.0150019
10411.4 0.0150076
10423.4 0.0150142
10435.4 0.0150222
10447.4 0.0150316
10459.5 0.015043
10471.5 0.0150593
10483.5 0.0150787
10495.5 0.0150994
10507.5 0.015122
10519.5 0.0151466
10531.5 0.0151734
10543.5 0.0152026
10555.6 0.0152347
10567.6 0.0152705
10579.6 0.0153221
10591.6 0.0153751
10603.6 0.0154297
10615.6 0.0154863
10627.6 0.0155451
10639.6 0.0156061
10651.7 0.0156694
10663.7 0.015735
10675.7 0.0157997
10687.7 0.0158613
10699.7 0.0159267
10711.7 0.0159955
10723.7 0.0160676
10735.7 0.0161429
10747.7 0.0162213
10759.8 0.0163027
10771.8 0.0163868
10783.8 0.0164688
10795.8 0.0165523
10807.8 0.0166396
10819.8 0.0167304
10831.8 0.0168246
10843.8 0.016922
10855.9 0.0170223
10867.9 0.017125
10879.9 0.017228
10891.9 0.0173088
10903.9 0.0173785
10915.9 0.0174404
10927.9 0.0175038
10939.9 0.0175689
10952 0.0176355
10964 0.0177033
10976 0.0177714
10988 0.0178335
11000 0.0178877
11012 0.0179592
11024 0.0180355
11036 0.0181148
11048 0.0181963
11060.1 0.0182794
11072.1 0.0183633
11084.1 0.0184467
11096.1 0.0185165
11108.1 0.018586
11120.1 0.0186551
11132.1 0.0187258
11144.1 0.0187975
11156.2 0.0188699
11168.2 0.0189425
11180.2 0.0190147
11192.2 0.0190849
11204.2 0.0191477
11216.2 0.0192174
11228.2 0.0193005
11240.2 0.0193851
11252.3 0.0194701
11264.3 0.0195548
11276.3 0.0196386
11288.3 0.0197205
11300.3 0.0197952
11312.3 0.0198647
11324.3 0.0199439
11336.3 0.020031
11348.3 0.020119
11360.4 0.0202074
11372.4 0.020296
11384.4 0.0203849
11396.4 0.0204748
11408.4 0.0205679
11420.4 0.0206682
11432.4 0.0206997
11444.4 0.0207107
11456.5 0.0207135
11468.5 0.0207097
11480.5 0.0206997
11492.5 0.0206838
11504.5 0.0206626
11516.5 0.020637
11528.5 0.0206043
11540.5 0.0206139
11552.6 0.0206248
11564.6 0.0206341
11576.6 0.0206412
11588.6 0.0206464
11600.6 0.0206502
11612.6 0.0206605
11624.6 0.0206678
11636.6 0.0206698
11648.6 0.0206729
11660.7 0.0206721
11672.7 0.0206676
11684.7 0.0206596
11696.7 0.0206488
11708.7 0.0206367
11720.7 0.0206295
11732.7 0.0206181
11744.7 0.0205858
11756.8 0.0205312
11768.8 0.0204693
11780.8 0.0204013
11792.8 0.0203283
11804.8 0.0202513
11816.8 0.0201744
11828.8 0.0200975
11840.8 0.0200077
11852.9 0.0199308
11864.9 0.0198561
11876.9 0.0197785
11888.9 0.0196978
11900.9 0.0196144
11912.9 0.0195292
11924.9 0.0194464
11936.9 0.0193596
11948.9 0.0192682
11961 0.0191689
11973 0.0190656
11985 0.0189592
11997 0.0188503
12009 0.0187395
12021 0.0186284
12033 0.0185215
12045 0.018407
12057.1 0.0182908
12069.1 0.0181847
12081.1 0.0180784
12093.1 0.0179717
12105.1 0.0178651
12117.1 0.0177593
12129.1 0.0176566
12141.1 0.0175573
12153.2 0.0174636
12165.2 0.0173339
12177.2 0.0171498
12189.2 0.0169559
12201.2 0.0167556
12213.2 0.0165504
12225.2 0.0163415
12237.2 0.0161334
12249.2 0.0159152
12261.3 0.0156827
12273.3 0.0154952
12285.3 0.0153317
12297.3 0.0151716
12309.3 0.0150136
12321.3 0.0148575
12333.3 0.0147044
12345.3 0.0145564
12357.4 0.0144041
12369.4 0.0142504
12381.4 0.0140939
12393.4 0.0139364
12405.4 0.0137783
12417.4 0.01362
12429.4 0.0134618
12441.4 0.0133069
12453.5 0.0131493
12465.5 0.012985
12477.5 0.0128241
12489.5 0.0127079
12501.5 0.0125984
12513.5 0.0124934
12525.5 0.0123925
12537.5 0.0122963
12549.5 0.0122079
12561.6 0.0121202
12573.6 0.0120363
12585.6 0.0119378
12597.6 0.0118106
12609.6 0.0116801
12621.6 0.0115481
12633.6 0.0114154
12645.6 0.0112833
12657.7 0.0111524
12669.7 0.0110192
12681.7 0.0108851
12693.7 0.0107526
12705.7 0.0106216
12717.7 0.0104915
12729.7 0.0103628
12741.7 0.0102364
12753.8 0.0101168
12765.8 0.0099954
12777.8 0.00987172
12789.8 0.00975077
12801.8 0.00959512
12813.8 0.00943222
12825.8 0.00926525
12837.8 0.00909486
12849.8 0.00892107
12861.9 0.0087431
12873.9 0.00856325
12885.9 0.00837964
12897.9 0.00819849
12909.9 0.00805967
12921.9 0.00792614
12933.9 0.00779541
12945.9 0.00766678
12958 0.00754002
12970 0.00741516
12982 0.00729254
12994 0.00717361
13006 0.00703925
13018 0.00687184
13030 0.00669953
13042 0.00652357
13054.1 0.00634361
13066.1 0.00615527
13078.1 0.00597195
13090.1 0.00579263
13102.1 0.00561552
13114.1 0.00543401
13126.1 0.00524919
13138.1 0.00506413
13150.2 0.00487892
13162.2 0.00469356
13174.2 0.00450801
13186.2 0.00432198
13198.2 0.00413541
13210.2 0.0039479
13222.2 0.0037642
13234.2 0.00358048
13246.2 0.00339588
13258.3 0.00320962
13270.3 0.00301912
13282.3 0.00282903
13294.3 0.00264685
13306.3 0.00246739
13318.3 0.00228995
13330.3 0.00211564
13342.3 0.00194252
13354.4 0.00177021
13366.4 0.00159835
13378.4 0.00142645
13390.4 0.00125448
13402.4 0.00108143
13414.4 0.000905044
13426.4 0.000765754
13438.4 0.00070052
13450.5 0.000642824
13462.5 0.000589734
13474.5 0.000539586
13486.5 0.000491802
13498.5 0.000451915
13510.5 0.000417014
13522.5 0.000387317
13534.5 0.000334533
13546.5 0.000266229
13558.6 0.000198421
13570.6 0.000131556
13582.6 6.54324e-05
13594.6 1.38282e-06
13606.6 -5.98446e-05
13618.6 -0.000118685
13630.6 -0.000174053
13642.6 -0.00026383
13654.7 -0.000359108
13666.7 -0.000454619
13678.7 -0.000550173
13690.7 -0.000646212
13702.7 -0.000739303
13714.7 -0.000830627
13726.7 -0.000920358
13738.7 -0.00101188
13750.8 -0.00112716
13762.8 -0.00124311
13774.8 -0.00135927
13786.8 -0.00147603
13798.8 -0.00159259
13810.8 -0.00170458
13822.8 -0.00181461
13834.8 -0.00192296
13846.8 -0.00203574
13858.9 -0.00215819
13870.9 -0.0022801
13882.9 -0.00240135
13894.9 -0.00252211
13906.9 -0.0026415
13918.9 -0.00275953
13930.9 -0.00287647
13942.9 -0.00299224
13955 -0.00311902
13967 -0.00325333
13979 -0.00338745
13991 -0.00352152
14003 -0.00365596
14015 -0.00378579
14027 -0.00391357
14039 -0.00403979
14051.1 -0.00416451
14063.1 -0.00429848
14075.1 -0.0044332
14087.1 -0.00456684
14099.1 -0.00469927
14111.1 -0.00483099
14123.1 -0.00496298
14135.1 -0.00509447
14147.1 -0.00522552
14159.2 -0.00534809
14171.2 -0.00539305
14183.2 -0.00543624
14195.2 -0.00547844
14207.2 -0.00552048
14219.2 -0.00555916
14231.2 -0.00559591
14243.2 -0.00563141
14255.3 -0.00566588
14267.3 -0.00569162
14279.3 -0.00570093
14291.3 -0.0057094
14303.3 -0.00571718
14315.3 -0.00572434
14327.3 -0.0057306
14339.3 -0.00573626
14351.4 -0.00574143
14363.4 -0.00574621
14375.4 -0.00576679
14387.4 -0.00579859
14399.4 -0.00583012
14411.4 -0.00586162
14423.4 -0.00589199
14435.4 -0.00592041
14447.4 -0.0059481
14459.5 -0.00597524
14471.5 -0.00600198
14483.5 -0.0060383
14495.5 -0.00607638
14507.5 -0.00611415
14519.5 -0.006152
14531.5 -0.00618776
14543.5 -0.00622263
14555.6 -0.00625696
14567.6 -0.00629089
14579.6 -0.00632599
14591.6 -0.0063812
14603.6 -0.00643567
14615.6 -0.00648961
14627.6 -0.00654305
14639.6 -0.006596
14651.7 -0.00664855
14663.7 -0.00670079
14675.7 -0.00675283
14687.7 -0.00681245
14699.7 -0.00688907
14711.7 -0.00696497
14723.7 -0.00704043
14735.7 -0.00711454
14747.7 -0.00718709
14759.8 -0.00725882
14771.8 -0.0073298
14783.8 -0.00740003
14795.8 -0.00746636
14807.8 -0.00752943
14819.8 -0.00759192
14831.8 -0.0076537
14843.8 -0.00771571
14855.9 -0.00777727
14867.9 -0.00783819
14879.9 -0.00789827
14891.9 -0.00795687
14903.9 -0.00796437
14915.9 -0.00795909
14927.9 -0.00795473
14939.9 -0.00795047
14952 -0.00794485
14964 -0.00793923
14976 -0.00793368
14988 -0.00792819
15000 -0.00792257
15012 -0.00790747
15024 -0.00789289
15036 -0.00787863
15048 -0.00786504
15060.1 -0.00785203
15072.1 -0.00783944
15084.1 -0.00782728
15096.1 -0.00781557
15108.1 -0.00780546
15120.1 -0.00779899
15132.1 -0.0077929
15144.1 -0.00778728
15156.2 -0.00778089
15168.2 -0.00777473
15180.2 -0.00776895
15192.2 -0.00776365
15204.2 -0.00775899
15216.2 -0.00776337
15228.2 -0.00777624
15240.2 -0.00778922
15252.3 -0.00780219
15264.3 -0.00781483
15276.3 -0.0078277
15288.3 -0.00784089
15300.3 -0.00785449
15312.3 -0.00786867
15324.3 -0.00789205
15336.3 -0.00791874
15348.3 -0.00794569
15360.4 -0.00797236
15372.4 -0.00799902
15384.4 -0.00802602
15396.4 -0.00805346
15408.4 -0.00808151
15420.4 -0.00811073
15432.4 -0.00817125
15444.4 -0.00823257
15456.5 -0.00829363
15468.5 -0.00835345
15480.5 -0.00841303
15492.5 -0.00847246
15504.5 -0.00853175
15516.5 -0.00859076
15528.5 -0.0086421
15540.5 -0.00866596
15552.6 -0.00869097
15564.6 -0.00871712
15576.6 -0.00874461
15588.6 -0.00877281
15600.6 -0.00880162
15612.6 -0.00883095
15624.6 -0.0088606
15636.6 -0.00887508
15648.6 -0.00887121
15660.7 -0.00886896
15672.7 -0.00886668
15684.7 -0.00886505
15696.7 -0.00886441
15708.7 -0.00886478
15720.7 -0.00886619
15732.7 -0.00886868
15744.7 -0.00887691
15756.8 -0.00888822
15768.8 -0.00890046
15780.8 -0.00891413
15792.8 -0.00892883
15804.8 -0.00894459
15816.8 -0.00896143
15828.8 -0.00897945
15840.8 -0.00899893
15852.9 -0.00904743
15864.9 -0.00909941
15876.9 -0.00915089
15888.9 -0.00920147
15900.9 -0.00925261
15912.9 -0.00930441
15924.9 -0.00935695
15936.9 -0.00941024
15948.9 -0.00946412
15961 -0.00951759
15973 -0.00957191
15985 -0.00962733
15997 -0.00968371
16009 -0.00974099
16021 -0.00979918
16033 -0.00985829
16045 -0.00991831
16057.1 -0.00997933
16069.1 -0.0100414
16081.1 -0.0101043
16093.1 -0.0101671
16105.1 -0.0102308
16117.1 -0.0102953
16129.1 -0.0103607
16141.1 -0.0104269
16153.2 -0.0104939
16165.2 -0.0105643
16177.2 -0.0106372
16189.2 -0.0107113
16201.2 -0.0107867
16213.2 -0.010863
16225.2 -0.0109401
16237.2 -0.0110181
16249.2 -0.011097
16261.3 -0.0111772
16273.3 -0.0112013
16285.3 -0.0112145
16297.3 -0.0112286
16309.3 -0.0112431
16321.3 -0.0112579
16333.3 -0.0112729
16345.3 -0.011288
16357.4 -0.0113031
16369.4 -0.0113191
16381.4 -0.011351
16393.4 -0.0113831
16405.4 -0.0114153
16417.4 -0.0114471
16429.4 -0.0114784
16441.4 -0.011509
16453.5 -0.0115388
16465.5 -0.0115675
16477.5 -0.0115997
16489.5 -0.0116425
16501.5 -0.0116859
16513.5 -0.0117292
16525.5 -0.0117711
16537.5 -0.0118114
16549.5 -0.0118499
16561.6 -0.0118864
16573.6 -0.0119207
16585.6 -0.0119602
16597.6 -0.0120047
16609.6 -0.0120476
16621.6 -0.012088
16633.6 -0.0121258
16645.6 -0.0121607
16657.7 -0.0121924
16669.7 -0.0122205
16681.7 -0.0122439
16693.7 -0.0122985
16705.7 -0.0123645
16717.7 -0.0124311
16729.7 -0.0124951
16741.7 -0.0125563
16753.8 -0.0126144
16765.8 -0.0126694
16777.8 -0.0127209
16789.8 -0.0127684
16801.8 -0.0128282
16813.8 -0.0128855
16825.8 -0.0129402
16837.8 -0.0129921
16849.8 -0.0130413
16861.9 -0.013088
16873.9 -0.0131323
16885.9 -0.013175
16897.9 -0.0132092
16909.9 -0.0132123
16921.9 -0.0132148
16933.9 -0.0132126
16945.9 -0.0132065
16958 -0.0131965
16970 -0.0131827
16982 -0.0131651
16994 -0.0131433
17006 -0.0131255
17018 -0.0131162
17030 -0.0131052
17042 -0.0130921
17054.1 -0.0130769
17066.1 -0.0130596
17078.1 -0.0130403
17090.1 -0.0130191
17102.1 -0.0129958
17114.1 -0.0129753
17126.1 -0.0129596
17138.1 -0.0129433
17150.2 -0.0129257
17162.2 -0.012907
17174.2 -0.0128873
17186.2 -0.012867
17198.2 -0.0128463
17210.2 -0.0128262
17222.2 -0.0127957
17234.2 -0.0127634
17246.2 -0.0127301
17258.3 -0.012696
17270.3 -0.0126616
17282.3 -0.0126268
17294.3 -0.0125919
17306.3 -0.012557
17318.3 -0.0125224
17330.3 -0.0124884
17342.3 -0.0124552
17354.4 -0.0124222
17366.4 -0.0123898
17378.4 -0.012358
17390.4 -0.012327
17402.4 -0.012297
17414.4 -0.0122682
17426.4 -0.0122406
17438.4 -0.0122151
17450.5 -0.0121911
17462.5 -0.0121685
17474.5 -0.012148
17486.5 -0.0121297
17498.5 -0.0121145
17510.5 -0.0121034
17522.5 -0.0120996
17534.5 -0.0120692
17546.5 -0.0120103
17558.6 -0.0119476
17570.6 -0.0118832
17582.6 -0.0118177
17594.6 -0.0117517
17606.6 -0.0116855
17618.6 -0.0116194
17630.6 -0.0115541
17642.6 -0.011488
17654.7 -0.0114214
17666.7 -0.0113541
17678.7 -0.0112865
17690.7 -0.0112187
17702.7 -0.0111509
17714.7 -0.011083
17726.7 -0.0110154
17738.7 -0.010948
17750.8 -0.0108719
17762.8 -0.010795
17774.8 -0.0107176
17786.8 -0.0106397
17798.8 -0.0105611
17810.8 -0.0104816
17822.8 -0.010401
17834.8 -0.0103181
17846.8 -0.0102386
17858.9 -0.0101794
17870.9 -0.010123
17882.9 -0.0100683
17894.9 -0.0100149
17906.9 -0.0099625
17918.9 -0.00991096
17930.9 -0.00986012
17942.9 -0.00980964
17955 -0.00975896
17967 -0.0097103
17979 -0.00966327
17991 -0.00961767
18003 -0.00957353
18015 -0.00953096
18027 -0.00949025
18039 -0.00945205
18051.1 -0.00941881
18063.1 -0.00936912
18075.1 -0.00930961
18087.1 -0.00924782
18099.1 -0.00918457
18111.1 -0.00912013
18123.1 -0.00905463
18135.1 -0.00898806
18147.1 -0.00892023
18159.2 -0.00884968
18171.2 -0.00877907
18183.2 -0.00870893
18195.2 -0.00863864
18207.2 -0.00856799
18219.2 -0.0084968
18231.2 -0.00842488
18243.2 -0.00835196
18255.3 -0.00827749
18267.3 -0.00820226
18279.3 -0.00813506
18291.3 -0.00806889
18303.3 -0.00800294
18315.3 -0.00793684
18327.3 -0.0078703
18339.3 -0.00780299
18351.4 -0.00773437
18363.4 -0.00766305
18375.4 -0.00759394
18387.4 -0.00753652
18399.4 -0.00748141
18411.4 -0.0074277
18423.4 -0.00737501
18435.4 -0.00732312
18447.4 -0.00727192
18459.5 -0.00722136
18471.5 -0.00717117
18483.5 -0.00711803
18495.5 -0.00706297
18507.5 -0.00700765
18519.5 -0.00695215
18531.5 -0.00689646
18543.5 -0.00684055
18555.6 -0.00678435
18567.6 -0.00672776
18579.6 -0.00667035
18591.6 -0.00661346
18603.6 -0.00655642
18615.6 -0.00649901
18627.6 -0.00644108
18639.6 -0.00638243
18651.7 -0.0063228
18663.7 -0.00626172
18675.7 -0.00619806
18687.7 -0.00613255
18699.7 -0.00608635
18711.7 -0.00604402
18723.7 -0.0060039
18735.7 -0.00596547
18747.7 -0.00592857
18759.8 -0.00589321
18771.8 -0.00585962
18783.8 -0.00582859
18795.8 -0.00579416
18807.8 -0.00574558
18819.8 -0.00569441
18831.8 -0.00564158
18843.8 -0.00558735
18855.9 -0.0055317
18867.9 -0.00547445
18879.9 -0.005415
18891.9 -0.00535081
18903.9 -0.00529551
18915.9 -0.00524986
18927.9 -0.00520632
18939.9 -0.00516411
18952 -0.00512295
18964 -0.00508269
18976 -0.00504331
18988 -0.00500491
19000 -0.00496836
