7000 -0.0109105
7012.01 -0.0108415
7024.02 -0.0107711
7036.04 -0.0106984
7048.05 -0.0106249
7060.06 -0.0105512
7072.07 -0.0104766
7084.08 -0.0104011
7096.1 -0.0103244
7108.11 -0.0102464
7120.12 -0.0101668
7132.13 -0.0100852
7144.14 -0.0100001
7156.16 -0.00991614
7168.17 -0.0098322
7180.18 -0.00974763
7192.19 -0.00966214
7204.2 -0.00957549
7216.22 -0.00948742
7228.23 -0.00939753
7240.24 -0.00930479
7252.25 -0.00920907
7264.26 -0.00911569
7276.28 -0.00902221
7288.29 -0.00892805
7300.3 -0.00883284
7312.31 -0.00873623
7324.32 -0.00863775
7336.34 -0.00853648
7348.35 -0.0084281
7360.36 -0.00832332
7372.37 -0.00822238
7384.38 -0.00812293
7396.4 -0.00802435
7408.41 -0.00792642
7420.42 -0.00782914
7432.43 -0.00773274
7444.44 -0.00763815
7456.46 -0.0075479
7468.47 -0.0074503
7480.48 -0.00735115
7492.49 -0.00725185
7504.5 -0.00715081
7516.52 -0.00704824
7528.53 -0.00694437
7540.54 -0.00683955
7552.55 -0.00673469
7564.56 -0.00662972
7576.58 -0.00652334
7588.59 -0.0063737
7600.6 -0.00620414
7612.61 -0.00602933
7624.62 -0.00585
7636.64 -0.00566648
7648.65 -0.00547899
7660.66 -0.0052885
7672.67 -0.00509082
7684.68 -0.00488531
7696.7 -0.00472285
7708.71 -0.00456002
7720.72 -0.00439449
7732.73 -0.00422545
7744.74 -0.00405214
7756.76 -0.00387294
7768.77 -0.00368569
7780.78 -0.00350488
7792.79 -0.00332803
7804.8 -0.00316492
7816.82 -0.00300201
7828.83 -0.00283861
7840.84 -0.0026745
7852.85 -0.00250973
7864.86 -0.00234503
7876.88 -0.00217856
7888.89 -0.00200735
7900.9 -0.00183362
7912.91 -0.00165774
7924.92 -0.00147939
7936.94 -0.00129852
7948.95 -0.0011149
7960.96 -0.000927994
7972.97 -0.000735375
7984.98 -0.000546749
7997 -0.000359192
8009.01 -0.000175666
8021.02 6.04116e-06
8033.03 0.000187904
8045.05 0.000370043
8057.06 0.000552495
8069.07 0.000735311
8081.08 0.000918341
8093.09 0.00109993
8105.11 0.00127952
8117.12 0.00148233
8129.13 0.00168716
8141.14 0.00189216
8153.15 0.00209661
8165.17 0.00229949
8177.18 0.00249753
8189.19 0.00270026
8201.2 0.00291317
8213.21 0.00313019
8225.23 0.00335261
8237.24 0.00357711
8249.25 0.00380317
8261.26 0.00403031
8273.27 0.00425789
8285.29 0.00448448
8297.3 0.00471694
8309.31 0.00495213
8321.32 0.00519127
8333.33 0.00543539
8345.35 0.00568113
8357.36 0.00592823
8369.37 0.00617647
8381.38 0.00642556
8393.39 0.00667612
8405.41 0.00693111
8417.42 0.00719062
8429.43 0.00739487
8441.44 0.00756382
8453.45 0.00772905
8465.47 0.00789142
8477.48 0.00805098
8489.49 0.00820715
8501.5 0.00836135
8513.51 0.00851237
8525.53 0.00865426
8537.54 0.00893771
8549.55 0.00924394
8561.56 0.0095545
8573.57 0.00986773
8585.59 0.0101826
8597.6 0.0104983
8609.61 0.0108252
8621.62 0.0111595
8633.63 0.0114755
8645.65 0.0116107
8657.66 0.0117351
8669.67 0.0118538
8681.68 0.0119679
8693.69 0.012078
8705.71 0.0121837
8717.72 0.0122835
8729.73 0.0123769
8741.74 0.0125139
8753.75 0.0127386
8765.77 0.0129659
8777.78 0.0131936
8789.79 0.0134208
8801.8 0.0136466
8813.81 0.0138737
8825.83 0.0141007
8837.84 0.014327
8849.85 0.0145521
8861.86 0.014776
8873.87 0.0149985
8885.89 0.0152196
8897.9 0.0154395
8909.91 0.0156577
8921.92 0.0158697
8933.93 0.0160786
8945.95 0.0162848
8957.96 0.0164883
8969.97 0.0166892
8981.98 0.0168874
8993.99 0.0170827
9006.01 0.0172749
9018.02 0.017466
9030.03 0.0176571
9042.04 0.0178459
9054.05 0.0180325
9066.07 0.0182165
9078.08 0.0183981
9090.09 0.0185771
9102.1 0.0187537
9114.11 0.0189284
9126.13 0.0190953
9138.14 0.0192582
9150.15 0.0194178
9162.16 0.019574
9174.17 0.0197272
9186.19 0.0198771
9198.2 0.0200241
9210.21 0.0201681
9222.22 0.020308
9234.23 0.0204406
9246.25 0.0205694
9258.26 0.0206946
9270.27 0.0208165
9282.28 0.020935
9294.29 0.0210502
9306.31 0.0211621
9318.32 0.021271
9330.33 0.0213748
9342.34 0.0214739
9354.35 0.0215696
9366.37 0.021662
9378.38 0.0217512
9390.39 0.0218372
9402.4 0.0219202
9414.41 0.0220002
9426.43 0.0220774
9438.44 0.022142
9450.45 0.0222029
9462.46 0.0222605
9474.47 0.0223149
9486.49 0.0223663
9498.5 0.0224148
9510.51 0.0224604
9522.52 0.0225032
9534.53 0.0225427
9546.55 0.0225785
9558.56 0.0226115
9570.57 0.022642
9582.58 0.0226699
9594.59 0.0226954
9606.61 0.0227185
9618.62 0.0227392
9630.63 0.0227577
9642.64 0.0227596
9654.65 0.0227543
9666.67 0.022747
9678.68 0.0227377
9690.69 0.0227266
9702.7 0.0227138
9714.71 0.0226994
9726.73 0.0226835
9738.74 0.022666
9750.75 0.0226471
9762.76 0.0226269
9774.77 0.0226054
9786.79 0.0225826
9798.8 0.0225587
9810.81 0.0225337
9822.82 0.0225075
9834.83 0.0224802
9846.85 0.0224456
9858.86 0.0224035
9870.87 0.0223611
9882.88 0.0223183
9894.89 0.0222751
9906.91 0.0222317
9918.92 0.022188
9930.93 0.0221442
9942.94 0.0221003
9954.95 0.0220606
9966.97 0.0220216
9978.98 0.0219824
9990.99 0.0219431
10003 0.0219037
10015 0.0218643
10027 0.021825
10039 0.0217856
10051.1 0.0217441
10063.1 0.0216926
10075.1 0.0216419
10087.1 0.0215921
10099.1 0.0215429
10111.1 0.0214944
10123.1 0.0214466
10135.1 0.0213997
10147.1 0.0213538
10159.2 0.0213202
10171.2 0.0212979
10183.2 0.0212758
10195.2 0.0212541
10207.2 0.0212329
10219.2 0.0212123
10231.2 0.0211924
10243.2 0.0211732
10255.3 0.0211548
10267.3 0.0211457
10279.3 0.021139
10291.3 0.021133
10303.3 0.0211278
10315.3 0.0211235
10327.3 0.0211202
10339.3 0.0211177
10351.4 0.021116
10363.4 0.0211222
10375.4 0.0211645
10387.4 0.0212083
10399.4 0.0212538
10411.4 0.021301
10423.4 0.0213499
10435.4 0.0214007
10447.4 0.0214534
10459.5 0.021508
10471.5 0.0215684
10483.5 0.0216351
10495.5 0.0217043
10507.5 0.021776
10519.5 0.0218503
10531.5 0.0219273
10543.5 0.0220069
10555.6 0.0220892
10567.6 0.0221739
10579.6 0.0222816
10591.6 0.0223973
10603.6 0.0225172
10615.6 0.0226415
10627.6 0.0227701
10639.6 0.0229033
10651.7 0.0230411
10663.7 0.0231838
10675.7 0.0233288
10687.7 0.0234662
10699.7 0.0236079
10711.7 0.0237542
10723.7 0.0239053
10735.7 0.0240613
10747.7 0.0242224
10759.8 0.0243887
10771.8 0.0245606
10783.8 0.0247311
10795.8 0.0249009
10807.8 0.0250759
10819.8 0.0252562
10831.8 0.025442
10843.8 0.0256335
10855.9 0.0258308
10867.9 0.0260343
10879.9 0.0262443
10891.9 0.0264185
10903.9 0.0265715
10915.9 0.0267137
10927.9 0.0268572
10939.9 0.0270029
10952 0.027151
10964 0.0273016
10976 0.0274546
10988 0.0276033
11000 0.0277374
11012 0.0278738
11024 0.0280125
11036 0.0281534
11048 0.0282962
11060.1 0.0284407
11072.1 0.0285863
11084.1 0.0287323
11096.1 0.028859
11108.1 0.0289772
11120.1 0.0291022
11132.1 0.029229
11144.1 0.0293568
11156.2 0.0294852
11168.2 0.0296136
11180.2 0.0297411
11192.2 0.0298664
11204.2 0.0299783
11216.2 0.0301033
11228.2 0.0302595
11240.2 0.0304192
11252.3 0.0305805
11264.3 0.0307423
11276.3 0.0309037
11288.3 0.0310638
11300.3 0.0312154
11312.3 0.0313551
11324.3 0.0315145
11336.3 0.0316903
11348.3 0.0318686
11360.4 0.0320483
11372.4 0.0322292
11384.4 0.0324115
11396.4 0.0325962
11408.4 0.0327868
11420.4 0.0329914
11432.4 0.0330817
11444.4 0.0331387
11456.5 0.0331833
11468.5 0.0332177
11480.5 0.0332427
11492.5 0.0332584
11504.5 0.0332652
11516.5 0.0332659
11528.5 0.0332572
11540.5 0.0333236
11552.6 0.0333937
11564.6 0.0334624
11576.6 0.0335285
11588.6 0.0335917
11600.6 0.0336526
11612.6 0.0337214
11624.6 0.0337924
11636.6 0.0338568
11648.6 0.0339198
11660.7 0.0339775
11672.7 0.03403
11684.7 0.0340776
11696.7 0.0341212
11708.7 0.0341625
11720.7 0.0342115
11732.7 0.0342587
11744.7 0.0342715
11756.8 0.034247
11768.8 0.0342111
11780.8 0.0341659
11792.8 0.0341125
11804.8 0.0340522
11816.8 0.0339895
11828.8 0.0339305
11840.8 0.0338542
11852.9 0.0338001
11864.9 0.0337506
11876.9 0.033697
11888.9 0.0336391
11900.9 0.033577
11912.9 0.0335117
11924.9 0.0334493
11936.9 0.0333837
11948.9 0.0333121
11961 0.0332298
11973 0.0331419
11985 0.0330495
11997 0.032953
12009 0.0328535
12021 0.0327525
12033 0.0326583
12045 0.0325556
12057.1 0.0324517
12069.1 0.0323649
12081.1 0.0322784
12093.1 0.0321918
12105.1 0.0321056
12117.1 0.0320209
12129.1 0.0319407
12141.1 0.0318675
12153.2 0.0318047
12165.2 0.0316801
12177.2 0.0314616
12189.2 0.0312261
12201.2 0.0309788
12213.2 0.0307219
12225.2 0.0304571
12237.2 0.0301907
12249.2 0.0299093
12261.3 0.0296015
12273.3 0.0293917
12285.3 0.0292349
12297.3 0.0290868
12309.3 0.0289443
12321.3 0.0288065
12333.3 0.0286745
12345.3 0.0285539
12357.4 0.0284326
12369.4 0.0283152
12381.4 0.0281569
12393.4 0.0279917
12405.4 0.0278233
12417.4 0.0276529
12429.4 0.0274815
12441.4 0.0273132
12453.5 0.027144
12465.5 0.0269659
12477.5 0.0267908
12489.5 0.0266655
12501.5 0.026547
12513.5 0.0264329
12525.5 0.0263227
12537.5 0.0262172
12549.5 0.0261216
12561.6 0.0260273
12573.6 0.0259366
12585.6 0.0258284
12597.6 0.0256873
12609.6 0.0255416
12621.6 0.0253934
12633.6 0.025244
12645.6 0.0250945
12657.7 0.0249471
12669.7 0.0247964
12681.7 0.0246441
12693.7 0.0244917
12705.7 0.0243394
12717.7 0.0241872
12729.7 0.0240358
12741.7 0.0238861
12753.8 0.0237447
12765.8 0.0236032
12777.8 0.0234573
12789.8 0.023312
12801.8 0.0231341
12813.8 0.0229482
12825.8 0.0227571
12837.8 0.0225614
12849.8 0.022361
12861.9 0.0221542
12873.9 0.021944
12885.9 0.0217285
12897.9 0.0215154
12909.9 0.0213556
12921.9 0.0212018
12933.9 0.0210508
12945.9 0.0209017
12958 0.0207541
12970 0.0206081
12982 0.020464
12994 0.0203235
13006 0.0201632
13018 0.0199613
13030 0.0197523
13042 0.0195377
13054.1 0.0193168
13066.1 0.0190827
13078.1 0.0188503
13090.1 0.0186224
13102.1 0.0183965
13114.1 0.0181645
13126.1 0.0179276
13138.1 0.0176894
13150.2 0.0174501
13162.2 0.0172093
13174.2 0.0169671
13186.2 0.0167227
13198.2 0.0164755
13210.2 0.016223
13222.2 0.0160047
13234.2 0.0157908
13246.2 0.0155767
13258.3 0.0153607
13270.3 0.0151387
13282.3 0.0149124
13294.3 0.0146968
13306.3 0.0144849
13318.3 0.014276
13330.3 0.0140736
13342.3 0.013873
13354.4 0.0136738
13366.4 0.0134753
13378.4 0.0132771
13390.4 0.0130793
13402.4 0.0128811
13414.4 0.0126808
13426.4 0.0125072
13438.4 0.0123869
13450.5 0.0122719
13462.5 0.0121599
13474.5 0.0120491
13486.5 0.0119373
13498.5 0.0118339
13510.5 0.0117358
13522.5 0.0116428
13534.5 0.0115253
13546.5 0.011391
13558.6 0.0112569
13570.6 0.0111232
13582.6 0.0109897
13594.6 0.0108574
13606.6 0.0107285
13618.6 0.0106022
13630.6 0.0104802
13642.6 0.0103053
13654.7 0.0101212
13666.7 0.00993579
13678.7 0.00974926
13690.7 0.00956044
13702.7 0.00937429
13714.7 0.0091898
13726.7 0.00900639
13738.7 0.00882298
13750.8 0.00863378
13762.8 0.00844451
13774.8 0.008255
13786.8 0.00806432
13798.8 0.00787197
13810.8 0.00768584
13822.8 0.00750241
13834.8 0.00732099
13846.8 0.00714014
13858.9 0.00695874
13870.9 0.0067785
13882.9 0.0065993
13894.9 0.0064207
13906.9 0.00624359
13918.9 0.00606839
13930.9 0.00589455
13942.9 0.00572198
13955 0.00554471
13967 0.00536429
13979 0.00518424
13991 0.00500407
14003 0.00482216
14015 0.00464615
14027 0.00447331
14039 0.00430275
14051.1 0.00413417
14063.1 0.00396527
14075.1 0.00379768
14087.1 0.00363179
14099.1 0.00346779
14111.1 0.00330537
14123.1 0.00314247
14135.1 0.00298014
14147.1 0.0028184
14159.2 0.00266287
14171.2 0.00256194
14183.2 0.00246241
14195.2 0.00236357
14207.2 0.00226401
14219.2 0.00216788
14231.2 0.00207478
14243.2 0.00198348
14255.3 0.00189365
14267.3 0.00180955
14279.3 0.0017355
14291.3 0.00166255
14303.3 0.00159052
14315.3 0.00151925
14327.3 0.00144926
14339.3 0.00138021
14351.4 0.00131194
14363.4 0.00124431
14375.4 0.00116257
14387.4 0.00107082
14399.4 0.000979402
14411.4 0.000887804
14423.4 0.000796881
14435.4 0.000709259
14447.4 0.000622998
14459.5 0.000537716
14471.5 0.000453088
14483.5 0.000338325
14495.5 0.000217735
14507.5 9.78376e-05
14519.5 -2.22387e-05
14531.5 -0.000139342
14543.5 -0.000254378
14555.6 -0.000368028
14567.6 -0.000480516
14579.6 -0.000593007
14591.6 -0.000718936
14603.6 -0.000843594
14615.6 -0.000967145
14627.6 -0.00108966
14639.6 -0.00121105
14651.7 -0.00133143
14663.7 -0.00145086
14675.7 -0.00156941
14687.7 -0.00168897
14699.7 -0.00181184
14711.7 -0.00193389
14723.7 -0.00205544
14735.7 -0.00217553
14747.7 -0.00229289
14759.8 -0.00240872
14771.8 -0.00252313
14783.8 -0.00263606
14795.8 -0.00273589
14807.8 -0.00282499
14819.8 -0.00291323
14831.8 -0.00300021
14843.8 -0.00308735
14855.9 -0.00317397
14867.9 -0.00325974
14879.9 -0.00334439
14891.9 -0.00342717
14903.9 -0.00344787
14915.9 -0.00345305
14927.9 -0.00345945
14939.9 -0.0034666
14952 -0.00347138
14964 -0.00347567
14976 -0.00347974
14988 -0.00348366
15000 -0.00348752
15012 -0.00349247
15024 -0.00349731
15036 -0.00350201
15048 -0.003507
15060.1 -0.00351257
15072.1 -0.00351845
15084.1 -0.00352469
15096.1 -0.00353146
15108.1 -0.00354595
15120.1 -0.00358088
15132.1 -0.00361547
15144.1 -0.00365038
15156.2 -0.00368358
15168.2 -0.00371621
15180.2 -0.00374863
15192.2 -0.00378103
15204.2 -0.00381368
15216.2 -0.00385973
15228.2 -0.00391832
15240.2 -0.00397642
15252.3 -0.00403411
15264.3 -0.00409048
15276.3 -0.00414633
15288.3 -0.00420186
15300.3 -0.00425716
15312.3 -0.00431245
15324.3 -0.00437626
15336.3 -0.00444281
15348.3 -0.00450918
15360.4 -0.00457473
15372.4 -0.00463932
15384.4 -0.00470352
15396.4 -0.00476746
15408.4 -0.0048313
15420.4 -0.00489544
15432.4 -0.00498052
15444.4 -0.00506574
15456.5 -0.00515062
15468.5 -0.00523332
15480.5 -0.00531495
15492.5 -0.00539568
15504.5 -0.00547549
15516.5 -0.0055541
15528.5 -0.00561805
15540.5 -0.00563123
15552.6 -0.0056457
15564.6 -0.00566099
15576.6 -0.00567783
15588.6 -0.00569527
15600.6 -0.00571313
15612.6 -0.00573127
15624.6 -0.00574943
15636.6 -0.00575007
15648.6 -0.00572958
15660.7 -0.00571079
15672.7 -0.00569176
15684.7 -0.0056725
15696.7 -0.00565374
15708.7 -0.00563556
15720.7 -0.00561804
15732.7 -0.00560138
15744.7 -0.00560546
15756.8 -0.00561891
15768.8 -0.00563225
15780.8 -0.00564642
15792.8 -0.00566103
15804.8 -0.00567608
15816.8 -0.00569163
15828.8 -0.00570781
15840.8 -0.00572503
15852.9 -0.00578211
15864.9 -0.00584323
15876.9 -0.00590361
15888.9 -0.00596126
15900.9 -0.00601826
15912.9 -0.00607489
15924.9 -0.00613128
15936.9 -0.00618754
15948.9 -0.00624607
15961 -0.00631896
15973 -0.0063914
15985 -0.00646385
15997 -0.0065363
16009 -0.00660867
16021 -0.00668097
16033 -0.00675324
16045 -0.00682549
16057.1 -0.00689912
16069.1 -0.00697504
16081.1 -0.00705104
16093.1 -0.00712578
16105.1 -0.00720021
16117.1 -0.00727444
16129.1 -0.00734853
16141.1 -0.0074225
16153.2 -0.00749638
16165.2 -0.00755929
16177.2 -0.00761499
16189.2 -0.00767099
16201.2 -0.00772771
16213.2 -0.00778461
16225.2 -0.00784164
16237.2 -0.00789881
16249.2 -0.00795619
16261.3 -0.00801404
16273.3 -0.00801741
16285.3 -0.00800945
16297.3 -0.00800175
16309.3 -0.00799401
16321.3 -0.00798603
16333.3 -0.0079777
16345.3 -0.00796893
16357.4 -0.00795954
16369.4 -0.00795139
16381.4 -0.00797064
16393.4 -0.00798975
16405.4 -0.0080089
16417.4 -0.00802757
16429.4 -0.00804562
16441.4 -0.00806292
16453.5 -0.00807931
16465.5 -0.00809454
16477.5 -0.00811581
16489.5 -0.00815414
16501.5 -0.00819307
16513.5 -0.00823316
16525.5 -0.00827282
16537.5 -0.00831181
16549.5 -0.00834999
16561.6 -0.0083872
16573.6 -0.00842321
16585.6 -0.00846441
16597.6 -0.00851055
16609.6 -0.00855631
16621.6 -0.00860121
16633.6 -0.00864507
16645.6 -0.00868777
16657.7 -0.00872918
16669.7 -0.00876911
16681.7 -0.00880712
16693.7 -0.00885542
16705.7 -0.0089073
16717.7 -0.00896212
16729.7 -0.0090167
16741.7 -0.00907071
16753.8 -0.00912406
16765.8 -0.00917676
16777.8 -0.00922895
16789.8 -0.00928107
16801.8 -0.00931457
16813.8 -0.00934564
16825.8 -0.00937494
16837.8 -0.00940281
16849.8 -0.00942939
16861.9 -0.00945481
16873.9 -0.0094793
16885.9 -0.00950338
16897.9 -0.00952009
16909.9 -0.00950568
16921.9 -0.00949192
16933.9 -0.00947603
16945.9 -0.0094578
16958 -0.0094372
16970 -0.00941413
16982 -0.00938839
16994 -0.00935946
17006 -0.00933665
17018 -0.00932532
17030 -0.00931324
17042 -0.00929981
17054.1 -0.00928482
17066.1 -0.00926811
17078.1 -0.00924953
17090.1 -0.00922884
17102.1 -0.0092054
17114.1 -0.00918928
17126.1 -0.00918016
17138.1 -0.00917225
17150.2 -0.00916367
17162.2 -0.00915422
17174.2 -0.0091438
17186.2 -0.00913237
17198.2 -0.00911987
17210.2 -0.0091062
17222.2 -0.00909284
17234.2 -0.00907923
17246.2 -0.0090648
17258.3 -0.00904952
17270.3 -0.00903339
17282.3 -0.00901642
17294.3 -0.00899861
17306.3 -0.0089799
17318.3 -0.00896056
17330.3 -0.00894357
17342.3 -0.00892714
17354.4 -0.00891046
17366.4 -0.0088935
17378.4 -0.00887629
17390.4 -0.00885888
17402.4 -0.00884134
17414.4 -0.00882377
17426.4 -0.00880577
17438.4 -0.0087878
17450.5 -0.00877036
17462.5 -0.00875319
17474.5 -0.00873646
17486.5 -0.00872037
17498.5 -0.00870526
17510.5 -0.00869173
17522.5 -0.00868146
17534.5 -0.00865624
17546.5 -0.00861533
17558.6 -0.00857193
17570.6 -0.00852702
17582.6 -0.008481
17594.6 -0.00843415
17606.6 -0.00838663
17618.6 -0.00833864
17630.6 -0.00829054
17642.6 -0.00824001
17654.7 -0.00818933
17666.7 -0.00813798
17678.7 -0.00808606
17690.7 -0.00803362
17702.7 -0.00798073
17714.7 -0.00792742
17726.7 -0.00787378
17738.7 -0.00781987
17750.8 -0.00776218
17762.8 -0.0077032
17774.8 -0.00764342
17786.8 -0.00758281
17798.8 -0.00752128
17810.8 -0.00745866
17822.8 -0.00739457
17834.8 -0.00732808
17846.8 -0.00726383
17858.9 -0.00721766
17870.9 -0.00717412
17882.9 -0.00713201
17894.9 -0.00709092
17906.9 -0.00705063
17918.9 -0.00701099
17930.9 -0.00697185
17942.9 -0.00693292
17955 -0.0068955
17967 -0.00686056
17979 -0.00682682
17991 -0.00679414
18003 -0.00676252
18015 -0.00673204
18027 -0.00670285
18039 -0.00667528
18051.1 -0.00665059
18063.1 -0.00661781
18075.1 -0.00658042
18087.1 -0.00654232
18099.1 -0.00650393
18111.1 -0.00646545
18123.1 -0.00642701
18135.1 -0.00638868
18147.1 -0.00635055
18159.2 -0.00631236
18171.2 -0.00627218
18183.2 -0.00623212
18195.2 -0.00619229
18207.2 -0.00615274
18219.2 -0.00611357
18231.2 -0.00607487
18243.2 -0.00603683
18255.3 -0.00599989
18267.3 -0.00596272
18279.3 -0.0059168
18291.3 -0.00586926
18303.3 -0.00582074
18315.3 -0.00577141
18327.3 -0.00572129
18339.3 -0.0056703
18351.4 -0.00561822
18363.4 -0.00556436
18375.4 -0.00551196
18387.4 -0.00546702
18399.4 -0.00542329
18411.4 -0.0053802
18423.4 -0.00533749
18435.4 -0.00529501
18447.4 -0.00525262
18459.5 -0.00521012
18471.5 -0.00516688
18483.5 -0.00512563
18495.5 -0.00508664
18507.5 -0.0050482
18519.5 -0.0050101
18531.5 -0.0049722
18543.5 -0.00493436
18555.6 -0.00489641
18567.6 -0.00485806
18579.6 -0.00481815
18591.6 -0.00478505
18603.6 -0.00475368
18615.6 -0.00472308
18627.6 -0.00469293
18639.6 -0.004663
18651.7 -0.00463299
18663.7 -0.00460247
18675.7 -0.00457045
18687.7 -0.00453765
18699.7 -0.00452588
18711.7 -0.00451904
18723.7 -0.00451549
18735.7 -0.0045148
18747.7 -0.00451691
18759.8 -0.00452199
18771.8 -0.0045306
18783.8 -0.00454434
18795.8 -0.0045538
18807.8 -0.00454297
18819.8 -0.00452939
18831.8 -0.00451471
18843.8 -0.00449959
18855.9 -0.00448443
18867.9 -0.0044696
18879.9 -0.00445558
18891.9 -0.00444276
18903.9 -0.00442349
18915.9 -0.00439776
18927.9 -0.00437072
18939.9 -0.00434293
18952 -0.0043147
18964 -0.00428624
18976 -0.00425781
18988 -0.00422983
19000 -0.00420401
