7000 -61.9024
7012.01 -62.5038
7024.02 -63.1012
7036.04 -63.6943
7048.05 -64.283
7060.06 -64.8672
7072.07 -65.4467
7084.08 -66.0214
7096.1 -66.5911
7108.11 -67.1556
7120.12 -67.7147
7132.13 -68.2684
7144.14 -68.8165
7156.16 -69.3588
7168.17 -69.8952
7180.18 -70.4254
7192.19 -70.9495
7204.2 -71.4672
7216.22 -71.9784
7228.23 -72.483
7240.24 -72.9809
7252.25 -73.4719
7264.26 -73.9559
7276.28 -74.4328
7288.29 -74.9026
7300.3 -75.3651
7312.31 -75.8203
7324.32 -76.2682
7336.34 -76.7087
7348.35 -77.1419
7360.36 -77.5678
7372.37 -77.9865
7384.38 -78.3981
7396.4 -78.803
7408.41 -79.2013
7420.42 -79.5935
7432.43 -79.9803
7444.44 -80.3626
7456.46 -80.7416
7468.47 -81.1192
7480.48 -81.4984
7492.49 -81.8839
7504.5 -82.2848
7516.52 -82.7224
7528.53 -83.3135
7540.54 -83.7764
7552.55 -84.1074
7564.56 -84.3568
7576.58 -84.5358
7588.59 -84.6462
7600.6 -84.6826
7612.61 -84.63
7624.62 -84.4452
7636.64 -83.9657
7648.65 -83.7092
7660.66 -83.5563
7672.67 -83.4525
7684.68 -83.3784
7696.7 -83.3241
7708.71 -83.2835
7720.72 -83.2525
7732.73 -83.2273
7744.74 -83.2043
7756.76 -83.1927
7768.77 -83.1884
7780.78 -83.1903
7792.79 -83.1984
7804.8 -83.2132
7816.82 -83.2365
7828.83 -83.2721
7840.84 -83.3349
7852.85 -83.4149
7864.86 -83.4562
7876.88 -83.4855
7888.89 -83.5083
7900.9 -83.5279
7912.91 -83.5472
7924.92 -83.5697
7936.94 -83.6016
7948.95 -83.6729
7960.96 -83.7198
7972.97 -83.7355
7984.98 -83.7358
7997 -83.7254
8009.01 -83.7068
8021.02 -83.6815
8033.03 -83.6501
8045.05 -83.6106
8057.06 -83.5494
8069.07 -83.5159
8081.08 -83.504
8093.09 -83.5122
8105.11 -83.5438
8117.12 -83.6057
8129.13 -83.7101
8141.14 -83.881
8153.15 -84.1874
8165.17 -84.7631
8177.18 -84.9861
8189.19 -85.0565
8201.2 -85.0231
8213.21 -84.9017
8225.23 -84.6953
8237.24 -84.397
8249.25 -83.9825
8261.26 -83.3535
8273.27 -82.5369
8285.29 -82.0232
8297.3 -81.6037
8309.31 -81.2411
8321.32 -80.92
8333.33 -80.633
8345.35 -80.377
8357.36 -80.1535
8369.37 -79.9871
8381.38 -79.8209
8393.39 -79.6385
8405.41 -79.4555
8417.42 -79.2754
8429.43 -79.0997
8441.44 -78.9294
8453.45 -78.7648
8465.47 -78.6064
8477.48 -78.4543
8489.49 -78.3088
8501.5 -78.1699
8513.51 -78.0379
8525.53 -77.9129
8537.54 -77.7949
8549.55 -77.684
8561.56 -77.5804
8573.57 -77.4842
8585.59 -77.3953
8597.6 -77.3138
8609.61 -77.2399
8621.62 -77.1736
8633.63 -77.1148
8645.65 -77.0637
8657.66 -77.0203
8669.67 -76.9846
8681.68 -76.9566
8693.69 -76.9363
8705.71 -76.9238
8717.72 -76.919
8729.73 -76.9219
8741.74 -76.9326
8753.75 -76.951
8765.77 -76.9771
8777.78 -77.0108
8789.79 -77.0522
8801.8 -77.1011
8813.81 -77.1576
8825.83 -77.2216
8837.84 -77.2931
8849.85 -77.372
8861.86 -77.4582
8873.87 -77.5517
8885.89 -77.6524
8897.9 -77.7603
8909.91 -77.8752
8921.92 -77.9972
8933.93 -78.1261
8945.95 -78.2619
8957.96 -78.4045
8969.97 -78.5537
8981.98 -78.7096
8993.99 -78.872
9006.01 -79.0408
9018.02 -79.216
9030.03 -79.3975
9042.04 -79.5851
9054.05 -79.7788
9066.07 -79.9785
9078.08 -80.184
9090.09 -80.3954
9102.1 -80.6125
9114.11 -80.8351
9126.13 -81.0633
9138.14 -81.2969
9150.15 -81.5357
9162.16 -81.7798
9174.17 -82.029
9186.19 -82.2832
9198.2 -82.5423
9210.21 -82.8062
9222.22 -83.0748
9234.23 -83.3481
9246.25 -83.6258
9258.26 -83.908
9270.27 -84.1944
9282.28 -84.4851
9294.29 -84.7798
9306.31 -85.0786
9318.32 -85.3812
9330.33 -85.6877
9342.34 -85.9978
9354.35 -86.3116
9366.37 -86.6288
9378.38 -86.9495
9390.39 -87.2734
9402.4 -87.6004
9414.41 -87.9306
9426.43 -88.2637
9438.44 -88.5997
9450.45 -88.9385
9462.46 -89.2799
9474.47 -89.6238
9486.49 -89.9702
9498.5 -90.3188
9510.51 -90.6697
9522.52 -91.0227
9534.53 -91.3777
9546.55 -91.7345
9558.56 -92.0931
9570.57 -92.4533
9582.58 -92.815
9594.59 -93.178
9606.61 -93.5424
9618.62 -93.9078
9630.63 -94.2743
9642.64 -94.6416
9654.65 -95.0097
9666.67 -95.3783
9678.68 -95.7474
9690.69 -96.1168
9702.7 -96.4864
9714.71 -96.856
9726.73 -97.2254
9738.74 -97.5946
9750.75 -97.9632
9762.76 -98.3313
9774.77 -98.6985
9786.79 -99.0648
9798.8 -99.4299
9810.81 -99.7936
9822.82 -100.156
9834.83 -100.516
9846.85 -100.875
9858.86 -101.231
9870.87 -101.585
9882.88 -101.937
9894.89 -102.286
9906.91 -102.631
9918.92 -102.974
9930.93 -103.312
9942.94 -103.648
9954.95 -103.979
9966.97 -104.305
9978.98 -104.627
9990.99 -104.945
10003 -105.257
10015 -105.563
10027 -105.864
10039 -106.159
10051.1 -106.447
10063.1 -106.728
10075.1 -107.002
10087.1 -107.269
10099.1 -107.528
10111.1 -107.778
10123.1 -108.019
10135.1 -108.252
10147.1 -108.475
10159.2 -108.687
10171.2 -108.89
10183.2 -109.081
10195.2 -109.261
10207.2 -109.429
10219.2 -109.584
10231.2 -109.727
10243.2 -109.855
10255.3 -109.97
10267.3 -110.07
10279.3 -110.155
10291.3 -110.224
10303.3 -110.276
10315.3 -110.311
10327.3 -110.329
10339.3 -110.327
10351.4 -110.307
10363.4 -110.267
10375.4 -110.206
10387.4 -110.123
10399.4 -110.019
10411.4 -109.892
10423.4 -109.74
10435.4 -109.565
10447.4 -109.364
10459.5 -109.137
10471.5 -108.882
10483.5 -108.6
10495.5 -108.289
10507.5 -107.948
10519.5 -107.577
10531.5 -107.173
10543.5 -106.738
10555.6 -106.269
10567.6 -105.765
10579.6 -105.226
10591.6 -104.65
10603.6 -104.037
10615.6 -103.386
10627.6 -102.695
10639.6 -101.963
10651.7 -101.19
10663.7 -100.374
10675.7 -99.5152
10687.7 -98.6114
10699.7 -97.662
10711.7 -96.6659
10723.7 -95.6221
10735.7 -94.5296
10747.7 -93.3874
10759.8 -92.1944
10771.8 -90.9497
10783.8 -89.6522
10795.8 -88.301
10807.8 -86.895
10819.8 -85.4333
10831.8 -83.9148
10843.8 -82.3386
10855.9 -80.7037
10867.9 -79.0089
10879.9 -77.2533
10891.9 -75.4357
10903.9 -73.555
10915.9 -71.6098
10927.9 -69.5989
10939.9 -67.5207
10952 -65.3734
10964 -63.1551
10976 -60.8633
10988 -58.4951
11000 -56.0468
11012 -53.5137
11024 -50.8897
11036 -48.1663
11048 -45.3314
11060.1 -42.3669
11072.1 -39.2436
11084.1 -35.9072
11096.1 -32.2293
11108.1 -27.5512
11120.1 -23.547
11132.1 -20.1088
11144.1 -16.9757
11156.2 -14.0758
11168.2 -11.3852
11180.2 -8.90656
11192.2 -6.67327
11204.2 -4.79805
11216.2 -3.65545
11228.2 -1.94336
11240.2 -0.00705172
11252.3 2.02273
11264.3 4.09232
11276.3 6.16664
11288.3 8.21341
11300.3 10.1892
11312.3 11.988
11324.3 13.5096
11336.3 15.4468
11348.3 17.5367
11360.4 19.7209
11372.4 21.9747
11384.4 24.2858
11396.4 26.6507
11408.4 29.0789
11420.4 31.642
11432.4 34.2427
11444.4 36.6395
11456.5 38.9419
11468.5 41.1621
11480.5 43.2978
11492.5 45.3382
11504.5 47.2602
11516.5 49.0099
11528.5 50.3063
11540.5 51.8143
11552.6 53.5335
11564.6 55.3366
11576.6 57.1844
11588.6 59.0565
11600.6 60.9394
11612.6 62.8219
11624.6 64.6894
11636.6 66.5046
11648.6 68.3724
11660.7 70.2673
11672.7 72.178
11684.7 74.1025
11696.7 76.043
11708.7 78.0066
11720.7 80.0104
11732.7 82.1082
11744.7 84.3765
11756.8 86.3749
11768.8 88.257
11780.8 90.0577
11792.8 91.7912
11804.8 93.4647
11816.8 95.0819
11828.8 96.6432
11840.8 98.1383
11852.9 99.5793
11864.9 101.02
11876.9 102.44
11888.9 103.836
11900.9 105.21
11912.9 106.565
11924.9 107.906
11936.9 109.243
11948.9 110.628
11961 111.95
11973 113.199
11985 114.402
11997 115.568
12009 116.703
12021 117.809
12033 118.892
12045 119.952
12057.1 120.987
12069.1 122.024
12081.1 123.064
12093.1 124.112
12105.1 125.178
12117.1 126.275
12129.1 127.426
12141.1 128.674
12153.2 130.142
12165.2 132.068
12177.2 133.356
12189.2 134.361
12201.2 135.17
12213.2 135.816
12225.2 136.308
12237.2 136.641
12249.2 136.786
12261.3 136.617
12273.3 136.169
12285.3 136.087
12297.3 136.099
12309.3 136.158
12321.3 136.245
12333.3 136.355
12345.3 136.487
12357.4 136.653
12369.4 136.943
12381.4 137.162
12393.4 137.255
12405.4 137.275
12417.4 137.232
12429.4 137.128
12441.4 136.956
12453.5 136.703
12465.5 136.331
12477.5 135.662
12489.5 135.193
12501.5 134.847
12513.5 134.56
12525.5 134.313
12537.5 134.096
12549.5 133.904
12561.6 133.736
12573.6 133.597
12585.6 133.503
12597.6 133.384
12609.6 133.261
12621.6 133.142
12633.6 133.029
12645.6 132.928
12657.7 132.845
12669.7 132.792
12681.7 132.811
12693.7 132.91
12705.7 132.847
12717.7 132.718
12729.7 132.54
12741.7 132.317
12753.8 132.048
12765.8 131.725
12777.8 131.328
12789.8 130.741
12801.8 130.179
12813.8 129.775
12825.8 129.436
12837.8 129.144
12849.8 128.889
12861.9 128.672
12873.9 128.497
12885.9 128.381
12897.9 128.417
12909.9 128.354
12921.9 128.215
12933.9 128.035
12945.9 127.824
12958 127.582
12970 127.306
12982 126.983
12994 126.575
13006 125.968
13018 125.591
13030 125.331
13042 125.152
13054.1 125.046
13066.1 125.018
13078.1 125.08
13090.1 125.266
13102.1 125.691
13114.1 126.438
13126.1 126.716
13138.1 126.823
13150.2 126.818
13162.2 126.721
13174.2 126.539
13186.2 126.268
13198.2 125.888
13210.2 125.285
13222.2 124.625
13234.2 124.177
13246.2 123.798
13258.3 123.462
13270.3 123.162
13282.3 122.896
13294.3 122.67
13306.3 122.508
13318.3 122.546
13330.3 122.436
13342.3 122.185
13354.4 121.849
13366.4 121.438
13378.4 120.951
13390.4 120.377
13402.4 119.69
13414.4 118.819
13426.4 117.512
13438.4 116.597
13450.5 115.87
13462.5 115.248
13474.5 114.698
13486.5 114.206
13498.5 113.762
13510.5 113.358
13522.5 112.991
13534.5 112.655
13546.5 112.359
13558.6 112.101
13570.6 111.878
13582.6 111.692
13594.6 111.545
13606.6 111.445
13618.6 111.404
13630.6 111.479
13642.6 111.618
13654.7 111.631
13666.7 111.609
13678.7 111.569
13690.7 111.518
13702.7 111.459
13714.7 111.394
13726.7 111.319
13738.7 111.211
13750.8 111.131
13762.8 111.083
13774.8 111.058
13786.8 111.053
13798.8 111.07
13810.8 111.112
13822.8 111.184
13834.8 111.302
13846.8 111.524
13858.9 111.677
13870.9 111.8
13882.9 111.913
13894.9 112.027
13906.9 112.148
13918.9 112.282
13930.9 112.442
13942.9 112.655
13955 112.97
13967 113.157
13979 113.295
13991 113.405
14003 113.495
14015 113.573
14027 113.644
14039 113.719
14051.1 113.827
14063.1 113.955
14075.1 113.975
14087.1 113.944
14099.1 113.871
14111.1 113.757
14123.1 113.6
14135.1 113.394
14147.1 113.12
14159.2 112.68
14171.2 112.288
14183.2 111.981
14195.2 111.705
14207.2 111.443
14219.2 111.186
14231.2 110.927
14243.2 110.658
14255.3 110.365
14267.3 109.993
14279.3 109.691
14291.3 109.431
14303.3 109.194
14315.3 108.972
14327.3 108.76
14339.3 108.552
14351.4 108.345
14363.4 108.126
14375.4 107.872
14387.4 107.677
14399.4 107.511
14411.4 107.363
14423.4 107.231
14435.4 107.112
14447.4 107.001
14459.5 106.895
14471.5 106.78
14483.5 106.655
14495.5 106.595
14507.5 106.569
14519.5 106.574
14531.5 106.609
14543.5 106.677
14555.6 106.784
14567.6 106.944
14579.6 107.237
14591.6 107.507
14603.6 107.693
14615.6 107.85
14627.6 107.992
14639.6 108.125
14651.7 108.256
14663.7 108.387
14675.7 108.527
14687.7 108.699
14699.7 108.843
14711.7 108.97
14723.7 109.089
14735.7 109.204
14747.7 109.319
14759.8 109.439
14771.8 109.57
14783.8 109.728
14795.8 109.958
14807.8 110.094
14819.8 110.184
14831.8 110.243
14843.8 110.275
14855.9 110.282
14867.9 110.264
14879.9 110.218
14891.9 110.132
14903.9 109.999
14915.9 109.898
14927.9 109.797
14939.9 109.687
14952 109.565
14964 109.425
14976 109.26
14988 109.058
15000 108.759
15012 108.456
15024 108.244
15036 108.065
15048 107.903
15060.1 107.752
15072.1 107.607
15084.1 107.462
15096.1 107.307
15108.1 107.104
15120.1 106.947
15132.1 106.828
15144.1 106.73
15156.2 106.649
15168.2 106.581
15180.2 106.524
15192.2 106.476
15204.2 106.434
15216.2 106.388
15228.2 106.367
15240.2 106.362
15252.3 106.371
15264.3 106.393
15276.3 106.428
15288.3 106.477
15300.3 106.54
15312.3 106.623
15324.3 106.731
15336.3 106.829
15348.3 106.931
15360.4 107.04
15372.4 107.159
15384.4 107.291
15396.4 107.439
15408.4 107.613
15420.4 107.842
15432.4 108.094
15444.4 108.281
15456.5 108.449
15468.5 108.607
15480.5 108.76
15492.5 108.913
15504.5 109.072
15516.5 109.248
15528.5 109.494
15540.5 109.684
15552.6 109.817
15564.6 109.918
15576.6 109.993
15588.6 110.045
15600.6 110.073
15612.6 110.078
15624.6 110.052
15636.6 109.974
15648.6 109.916
15660.7 109.86
15672.7 109.799
15684.7 109.727
15696.7 109.642
15708.7 109.538
15720.7 109.407
15732.7 109.227
15744.7 108.965
15756.8 108.803
15768.8 108.679
15780.8 108.577
15792.8 108.494
15804.8 108.426
15816.8 108.376
15828.8 108.347
15840.8 108.364
15852.9 108.408
15864.9 108.386
15876.9 108.34
15888.9 108.279
15900.9 108.204
15912.9 108.118
15924.9 108.022
15936.9 107.916
15948.9 107.798
15961 107.673
15973 107.542
15985 107.403
15997 107.256
16009 107.102
16021 106.939
16033 106.767
16045 106.584
16057.1 106.375
16069.1 106.184
16081.1 106.004
16093.1 105.833
16105.1 105.672
16117.1 105.525
16129.1 105.399
16141.1 105.31
16153.2 105.303
16165.2 105.464
16177.2 105.391
16189.2 105.213
16201.2 104.965
16213.2 104.658
16225.2 104.298
16237.2 103.885
16249.2 103.418
16261.3 102.875
16273.3 102.263
16285.3 101.687
16297.3 101.103
16309.3 100.503
16321.3 99.8828
16333.3 99.2409
16345.3 98.5755
16357.4 97.8852
16369.4 97.1664
16381.4 96.4233
16393.4 95.6561
16405.4 94.862
16417.4 94.0392
16429.4 93.1851
16441.4 92.2964
16453.5 91.3669
16465.5 90.3828
16477.5 89.2825
16489.5 88.2346
16501.5 87.2128
16513.5 86.1941
16525.5 85.1703
16537.5 84.1367
16549.5 83.0892
16561.6 82.0226
16573.6 80.9254
16585.6 79.7714
16597.6 78.6662
16609.6 77.5781
16621.6 76.4989
16633.6 75.4265
16645.6 74.3616
16657.7 73.3072
16669.7 72.2709
16681.7 71.2794
16693.7 70.3386
16705.7 69.2963
16717.7 68.2153
16729.7 67.1085
16741.7 65.9824
16753.8 64.8421
16765.8 63.6929
16777.8 62.543
16789.8 61.4287
16801.8 60.2881
16813.8 59.0827
16825.8 57.8414
16837.8 56.5715
16849.8 55.2765
16861.9 53.9585
16873.9 52.619
16885.9 51.2591
16897.9 49.8795
16909.9 48.4804
16921.9 47.0621
16933.9 45.6242
16945.9 44.1659
16958 42.686
16970 41.1816
16982 39.6473
16994 38.0684
17006 36.402
17018 34.8012
17030 33.2225
17042 31.6501
17054.1 30.0766
17066.1 28.496
17078.1 26.9009
17090.1 25.2792
17102.1 23.5956
17114.1 21.8244
17126.1 20.1948
17138.1 18.6179
17150.2 17.0742
17162.2 15.5539
17174.2 14.0493
17186.2 12.5522
17198.2 11.048
17210.2 9.47924
17222.2 7.92378
17234.2 6.50815
17246.2 5.16281
17258.3 3.87494
17270.3 2.63954
17282.3 1.45508
17294.3 0.322882
17306.3 -0.75071
17318.3 -1.72818
17330.3 -2.70234
17342.3 -3.66921
17354.4 -4.61149
17366.4 -5.52243
17378.4 -6.39671
17390.4 -7.22813
17402.4 -8.00681
17414.4 -8.70946
17426.4 -9.25816
17438.4 -9.9044
17450.5 -10.5853
17462.5 -11.2741
17474.5 -11.9606
17486.5 -12.6384
17498.5 -13.303
17510.5 -13.949
17522.5 -14.5654
17534.5 -15.1398
17546.5 -15.7457
17558.6 -16.3564
17570.6 -16.9668
17582.6 -17.5759
17594.6 -18.1853
17606.6 -18.8
17618.6 -19.4328
17630.6 -20.1408
17642.6 -20.8672
17654.7 -21.4095
17666.7 -21.8594
17678.7 -22.2281
17690.7 -22.5142
17702.7 -22.7073
17714.7 -22.7837
17726.7 -22.6841
17738.7 -22.0794
17750.8 -21.7405
17762.8 -21.7056
17774.8 -21.8207
17786.8 -22.0459
17798.8 -22.3667
17810.8 -22.7825
17822.8 -23.3074
17834.8 -23.9913
17846.8 -25.0444
17858.9 -25.8107
17870.9 -26.4294
17882.9 -26.972
17894.9 -27.4632
17906.9 -27.9155
17918.9 -28.3362
17930.9 -28.7304
17942.9 -29.1014
17955 -29.4517
17967 -29.7833
17979 -30.0976
17991 -30.3961
18003 -30.6796
18015 -30.9491
18027 -31.2052
18039 -31.4487
18051.1 -31.6802
18063.1 -31.9001
18075.1 -32.109
18087.1 -32.3072
18099.1 -32.4952
18111.1 -32.6733
18123.1 -32.8418
18135.1 -33.0012
18147.1 -33.1517
18159.2 -33.2935
18171.2 -33.427
18183.2 -33.5525
18195.2 -33.6701
18207.2 -33.7801
18219.2 -33.8828
18231.2 -33.9783
18243.2 -34.0669
18255.3 -34.1488
18267.3 -34.2242
18279.3 -34.2933
18291.3 -34.3562
18303.3 -34.4132
18315.3 -34.4644
18327.3 -34.51
18339.3 -34.5501
18351.4 -34.585
18363.4 -34.6147
18375.4 -34.6395
18387.4 -34.6595
18399.4 -34.6747
18411.4 -34.6855
18423.4 -34.6918
18435.4 -34.6939
18447.4 -34.6918
18459.5 -34.6857
18471.5 -34.6757
18483.5 -34.6619
18495.5 -34.6445
18507.5 -34.6236
18519.5 -34.5992
18531.5 -34.5715
18543.5 -34.5405
18555.6 -34.5065
18567.6 -34.4694
18579.6 -34.4294
18591.6 -34.3866
18603.6 -34.3411
18615.6 -34.2929
18627.6 -34.2421
18639.6 -34.1889
18651.7 -34.1333
18663.7 -34.0753
18675.7 -34.0152
18687.7 -33.9528
18699.7 -33.8884
18711.7 -33.822
18723.7 -33.7537
18735.7 -33.6834
18747.7 -33.6114
18759.8 -33.5376
18771.8 -33.4622
18783.8 -33.3851
18795.8 -33.3065
18807.8 -33.2264
18819.8 -33.1448
18831.8 -33.0618
18843.8 -32.9776
18855.9 -32.892
18867.9 -32.8052
18879.9 -32.7172
18891.9 -32.6281
18903.9 -32.5379
18915.9 -32.4466
18927.9 -32.3544
18939.9 -32.2612
18952 -32.1671
18964 -32.0721
18976 -31.9762
18988 -31.8796
19000 -31.7822
