7000 -75.4029
7012.01 -75.7595
7024.02 -76.1135
7036.04 -76.4647
7048.05 -76.8132
7060.06 -77.159
7072.07 -77.5019
7084.08 -77.8419
7096.1 -78.1791
7108.11 -78.5134
7120.12 -78.8448
7132.13 -79.1733
7144.14 -79.4988
7156.16 -79.8213
7168.17 -80.1409
7180.18 -80.4574
7192.19 -80.7709
7204.2 -81.0814
7216.22 -81.3889
7228.23 -81.6933
7240.24 -81.9947
7252.25 -82.2931
7264.26 -82.5885
7276.28 -82.8809
7288.29 -83.1703
7300.3 -83.4568
7312.31 -83.7404
7324.32 -84.0211
7336.34 -84.299
7348.35 -84.5742
7360.36 -84.8467
7372.37 -85.1167
7384.38 -85.3843
7396.4 -85.6496
7408.41 -85.9129
7420.42 -86.1744
7432.43 -86.4345
7444.44 -86.6937
7456.46 -86.9524
7468.47 -87.2118
7480.48 -87.473
7492.49 -87.7383
7504.5 -88.0116
7516.52 -88.3022
7528.53 -88.6605
7540.54 -88.9653
7552.55 -89.2151
7564.56 -89.4317
7576.58 -89.6202
7588.59 -89.7815
7600.6 -89.9137
7612.61 -90.0107
7624.62 -90.0554
7636.64 -89.9817
7648.65 -90.0002
7660.66 -90.0625
7672.67 -90.1468
7684.68 -90.2456
7696.7 -90.3555
7708.71 -90.4749
7720.72 -90.6041
7732.73 -90.7474
7744.74 -90.9119
7756.76 -91.0525
7768.77 -91.184
7780.78 -91.3094
7792.79 -91.4292
7804.8 -91.5432
7816.82 -91.6503
7828.83 -91.7475
7840.84 -91.8227
7852.85 -91.8848
7864.86 -91.9819
7876.88 -92.0924
7888.89 -92.2132
7900.9 -92.3433
7912.91 -92.4835
7924.92 -92.6359
7936.94 -92.8068
7948.95 -93.0315
7960.96 -93.2299
7972.97 -93.3923
7984.98 -93.5365
7997 -93.6667
8009.01 -93.7838
8021.02 -93.8866
8033.03 -93.971
8045.05 -94.024
8057.06 -93.9887
8069.07 -94.0394
8081.08 -94.1442
8093.09 -94.286
8105.11 -94.4618
8117.12 -94.6744
8129.13 -94.932
8141.14 -95.2534
8153.15 -95.6957
8165.17 -96.3714
8177.18 -96.7519
8189.19 -97.0055
8201.2 -97.1726
8213.21 -97.2648
8225.23 -97.2827
8237.24 -97.2168
8249.25 -97.0393
8261.26 -96.6425
8273.27 -96.0556
8285.29 -95.8131
8297.3 -95.6882
8309.31 -95.6413
8321.32 -95.6574
8333.33 -95.7316
8345.35 -95.8667
8357.36 -96.0776
8369.37 -96.4657
8381.38 -96.8161
8393.39 -97.0679
8405.41 -97.2837
8417.42 -97.4793
8429.43 -97.6617
8441.44 -97.8349
8453.45 -98.0015
8465.47 -98.1632
8477.48 -98.3213
8489.49 -98.4767
8501.5 -98.63
8513.51 -98.782
8525.53 -98.9329
8537.54 -99.0833
8549.55 -99.2333
8561.56 -99.3834
8573.57 -99.5337
8585.59 -99.6844
8597.6 -99.8357
8609.61 -99.9878
8621.62 -100.141
8633.63 -100.295
8645.65 -100.45
8657.66 -100.607
8669.67 -100.765
8681.68 -100.924
8693.69 -101.086
8705.71 -101.248
8717.72 -101.413
8729.73 -101.579
8741.74 -101.747
8753.75 -101.918
8765.77 -102.09
8777.78 -102.264
8789.79 -102.44
8801.8 -102.619
8813.81 -102.8
8825.83 -102.983
8837.84 -103.168
8849.85 -103.356
8861.86 -103.546
8873.87 -103.738
8885.89 -103.933
8897.9 -104.13
8909.91 -104.33
8921.92 -104.532
8933.93 -104.736
8945.95 -104.944
8957.96 -105.153
8969.97 -105.365
8981.98 -105.58
8993.99 -105.797
9006.01 -106.017
9018.02 -106.24
9030.03 -106.464
9042.04 -106.692
9054.05 -106.922
9066.07 -107.154
9078.08 -107.389
9090.09 -107.627
9102.1 -107.867
9114.11 -108.109
9126.13 -108.354
9138.14 -108.601
9150.15 -108.851
9162.16 -109.103
9174.17 -109.357
9186.19 -109.613
9198.2 -109.872
9210.21 -110.133
9222.22 -110.396
9234.23 -110.662
9246.25 -110.929
9258.26 -111.198
9270.27 -111.469
9282.28 -111.743
9294.29 -112.018
9306.31 -112.294
9318.32 -112.573
9330.33 -112.853
9342.34 -113.135
9354.35 -113.418
9366.37 -113.702
9378.38 -113.988
9390.39 -114.276
9402.4 -114.564
9414.41 -114.853
9426.43 -115.144
9438.44 -115.435
9450.45 -115.727
9462.46 -116.02
9474.47 -116.314
9486.49 -116.607
9498.5 -116.902
9510.51 -117.196
9522.52 -117.49
9534.53 -117.785
9546.55 -118.079
9558.56 -118.373
9570.57 -118.667
9582.58 -118.96
9594.59 -119.252
9606.61 -119.544
9618.62 -119.834
9630.63 -120.123
9642.64 -120.411
9654.65 -120.698
9666.67 -120.982
9678.68 -121.265
9690.69 -121.546
9702.7 -121.824
9714.71 -122.1
9726.73 -122.373
9738.74 -122.643
9750.75 -122.911
9762.76 -123.174
9774.77 -123.435
9786.79 -123.691
9798.8 -123.944
9810.81 -124.192
9822.82 -124.436
9834.83 -124.675
9846.85 -124.909
9858.86 -125.138
9870.87 -125.361
9882.88 -125.578
9894.89 -125.789
9906.91 -125.993
9918.92 -126.191
9930.93 -126.382
9942.94 -126.565
9954.95 -126.74
9966.97 -126.908
9978.98 -127.067
9990.99 -127.217
10003 -127.358
10015 -127.489
10027 -127.611
10039 -127.722
10051.1 -127.823
10063.1 -127.912
10075.1 -127.99
10087.1 -128.056
10099.1 -128.109
10111.1 -128.15
10123.1 -128.178
10135.1 -128.191
10147.1 -128.191
10159.2 -128.176
10171.2 -128.145
10183.2 -128.099
10195.2 -128.037
10207.2 -127.958
10219.2 -127.862
10231.2 -127.749
10243.2 -127.617
10255.3 -127.466
10267.3 -127.296
10279.3 -127.106
10291.3 -126.895
10303.3 -126.663
10315.3 -126.41
10327.3 -126.134
10339.3 -125.836
10351.4 -125.514
10363.4 -125.167
10375.4 -124.797
10387.4 -124.401
10399.4 -123.978
10411.4 -123.53
10423.4 -123.054
10435.4 -122.55
10447.4 -122.017
10459.5 -121.456
10471.5 -120.865
10483.5 -120.243
10495.5 -119.59
10507.5 -118.905
10519.5 -118.188
10531.5 -117.437
10543.5 -116.653
10555.6 -115.835
10567.6 -114.982
10579.6 -114.093
10591.6 -113.167
10603.6 -112.205
10615.6 -111.206
10627.6 -110.168
10639.6 -109.091
10651.7 -107.975
10663.7 -106.82
10675.7 -105.623
10687.7 -104.386
10699.7 -103.108
10711.7 -101.787
10723.7 -100.423
10735.7 -99.017
10747.7 -97.5669
10759.8 -96.0728
10771.8 -94.5341
10783.8 -92.9504
10795.8 -91.3213
10807.8 -89.6463
10819.8 -87.925
10831.8 -86.1569
10843.8 -84.3416
10855.9 -82.4787
10867.9 -80.5677
10879.9 -78.6082
10891.9 -76.5995
10903.9 -74.5411
10915.9 -72.4324
10927.9 -70.2727
10939.9 -68.061
10952 -65.7963
10964 -63.4774
10976 -61.1028
10988 -58.6703
11000 -56.1774
11012 -53.6209
11024 -50.9961
11036 -48.2967
11048 -45.5137
11060.1 -42.6332
11072.1 -39.6329
11084.1 -36.471
11096.1 -33.0481
11108.1 -28.853
11120.1 -25.1865
11132.1 -21.9654
11144.1 -18.9881
11156.2 -16.2
11168.2 -13.5847
11180.2 -11.1476
11192.2 -8.92109
11204.2 -7.01017
11216.2 -5.76095
11228.2 -3.97045
11240.2 -1.95689
11252.3 0.160076
11264.3 2.33248
11276.3 4.53025
11288.3 6.72706
11300.3 8.88896
11312.3 10.9343
11324.3 12.7865
11336.3 14.9814
11348.3 17.318
11360.4 19.7545
11372.4 22.2758
11384.4 24.8794
11396.4 27.5741
11408.4 30.392
11420.4 33.4884
11432.4 36.6769
11444.4 39.4802
11456.5 42.1289
11468.5 44.658
11480.5 47.0756
11492.5 49.376
11504.5 51.5379
11516.5 53.5038
11528.5 54.9587
11540.5 56.6574
11552.6 58.6016
11564.6 60.6493
11576.6 62.7584
11588.6 64.908
11600.6 67.0859
11612.6 69.2842
11624.6 71.4973
11636.6 73.7218
11648.6 75.9558
11660.7 78.1982
11672.7 80.4495
11684.7 82.7117
11696.7 84.9891
11708.7 87.2909
11720.7 89.6365
11732.7 92.0859
11744.7 94.7244
11756.8 97.0582
11768.8 99.2578
11780.8 101.361
11792.8 103.38
11804.8 105.321
11816.8 107.181
11828.8 108.948
11840.8 110.571
11852.9 112.09
11864.9 113.718
11876.9 115.358
11888.9 116.993
11900.9 118.617
11912.9 120.228
11924.9 121.824
11936.9 123.41
11948.9 125.007
11961 126.563
11973 128.071
11985 129.543
11997 130.981
12009 132.385
12021 133.756
12033 135.087
12045 136.364
12057.1 137.516
12069.1 138.767
12081.1 140.079
12093.1 141.435
12105.1 142.834
12117.1 144.29
12129.1 145.825
12141.1 147.488
12153.2 149.42
12165.2 151.9
12177.2 153.635
12189.2 155.043
12201.2 156.224
12213.2 157.211
12225.2 158.013
12237.2 158.616
12249.2 158.974
12261.3 158.893
12273.3 158.422
12285.3 158.547
12297.3 158.854
12309.3 159.27
12321.3 159.769
12333.3 160.344
12345.3 161
12357.4 161.766
12369.4 162.834
12381.4 163.798
12393.4 164.546
12405.4 165.195
12417.4 165.776
12429.4 166.302
12441.4 166.78
12453.5 167.214
12465.5 167.605
12477.5 167.94
12489.5 168.263
12501.5 168.57
12513.5 168.855
12525.5 169.12
12537.5 169.363
12549.5 169.587
12561.6 169.792
12573.6 169.979
12585.6 170.152
12597.6 170.301
12609.6 170.432
12621.6 170.546
12633.6 170.645
12645.6 170.732
12657.7 170.813
12669.7 170.898
12681.7 171.021
12693.7 171.188
12705.7 171.194
12717.7 171.12
12729.7 170.977
12741.7 170.767
12753.8 170.485
12765.8 170.117
12777.8 169.633
12789.8 168.862
12801.8 168.113
12813.8 167.578
12825.8 167.119
12837.8 166.705
12849.8 166.322
12861.9 165.963
12873.9 165.624
12885.9 165.305
12897.9 165.027
12909.9 164.724
12921.9 164.4
12933.9 164.061
12945.9 163.706
12958 163.33
12970 162.927
12982 162.479
12994 161.945
13006 161.196
13018 160.699
13030 160.33
13042 160.048
13054.1 159.843
13066.1 159.716
13078.1 159.678
13090.1 159.76
13102.1 160.067
13114.1 160.675
13126.1 160.848
13138.1 160.861
13150.2 160.767
13162.2 160.583
13174.2 160.312
13186.2 159.944
13198.2 159.446
13210.2 158.655
13222.2 157.808
13234.2 157.284
13246.2 156.88
13258.3 156.56
13270.3 156.313
13282.3 156.135
13294.3 156.037
13306.3 156.048
13318.3 156.35
13330.3 156.489
13342.3 156.479
13354.4 156.395
13366.4 156.257
13378.4 156.073
13390.4 155.843
13402.4 155.56
13414.4 155.195
13426.4 154.648
13438.4 154.259
13450.5 153.948
13462.5 153.679
13474.5 153.442
13486.5 153.231
13498.5 153.045
13510.5 152.883
13522.5 152.75
13534.5 152.654
13546.5 152.548
13558.6 152.451
13570.6 152.366
13582.6 152.298
13594.6 152.251
13606.6 152.233
13618.6 152.258
13630.6 152.386
13642.6 152.562
13654.7 152.591
13666.7 152.565
13678.7 152.502
13690.7 152.407
13702.7 152.281
13714.7 152.121
13726.7 151.916
13738.7 151.591
13750.8 151.321
13762.8 151.115
13774.8 150.937
13786.8 150.778
13798.8 150.634
13810.8 150.501
13822.8 150.379
13834.8 150.265
13846.8 150.156
13858.9 150.062
13870.9 149.98
13882.9 149.909
13894.9 149.85
13906.9 149.803
13918.9 149.771
13930.9 149.757
13942.9 149.769
13955 149.825
13967 149.845
13979 149.856
13991 149.867
14003 149.879
14015 149.896
14027 149.92
14039 149.955
14051.1 150.012
14063.1 150.086
14075.1 150.138
14087.1 150.186
14099.1 150.236
14111.1 150.291
14123.1 150.356
14135.1 150.436
14147.1 150.541
14159.2 150.732
14171.2 150.883
14183.2 150.971
14195.2 151.03
14207.2 151.069
14219.2 151.09
14231.2 151.098
14243.2 151.093
14255.3 151.076
14267.3 151.046
14279.3 151.007
14291.3 150.959
14303.3 150.9
14315.3 150.83
14327.3 150.747
14339.3 150.648
14351.4 150.527
14363.4 150.37
14375.4 150.141
14387.4 149.989
14399.4 149.866
14411.4 149.76
14423.4 149.668
14435.4 149.585
14447.4 149.511
14459.5 149.445
14471.5 149.39
14483.5 149.345
14495.5 149.297
14507.5 149.251
14519.5 149.209
14531.5 149.171
14543.5 149.138
14555.6 149.114
14567.6 149.1
14579.6 149.122
14591.6 149.132
14603.6 149.113
14615.6 149.08
14627.6 149.036
14639.6 148.982
14651.7 148.918
14663.7 148.841
14675.7 148.747
14687.7 148.607
14699.7 148.497
14711.7 148.408
14723.7 148.328
14735.7 148.255
14747.7 148.185
14759.8 148.119
14771.8 148.053
14783.8 147.986
14795.8 147.907
14807.8 147.85
14819.8 147.804
14831.8 147.768
14843.8 147.742
14855.9 147.727
14867.9 147.724
14879.9 147.739
14891.9 147.791
14903.9 147.886
14915.9 147.911
14927.9 147.911
14939.9 147.893
14952 147.861
14964 147.816
14976 147.758
14988 147.685
15000 147.585
15012 147.478
15024 147.383
15036 147.288
15048 147.19
15060.1 147.087
15072.1 146.976
15084.1 146.856
15096.1 146.72
15108.1 146.541
15120.1 146.386
15132.1 146.247
15144.1 146.115
15156.2 145.986
15168.2 145.855
15180.2 145.723
15192.2 145.584
15204.2 145.432
15216.2 145.25
15228.2 145.098
15240.2 144.958
15252.3 144.823
15264.3 144.692
15276.3 144.561
15288.3 144.429
15300.3 144.29
15312.3 144.138
15324.3 143.964
15336.3 143.823
15348.3 143.696
15360.4 143.575
15372.4 143.459
15384.4 143.346
15396.4 143.234
15408.4 143.12
15420.4 142.994
15432.4 142.866
15444.4 142.762
15456.5 142.668
15468.5 142.581
15480.5 142.501
15492.5 142.427
15504.5 142.358
15516.5 142.295
15528.5 142.242
15540.5 142.189
15552.6 142.135
15564.6 142.083
15576.6 142.034
15588.6 141.988
15600.6 141.946
15612.6 141.911
15624.6 141.888
15636.6 141.898
15648.6 141.875
15660.7 141.835
15672.7 141.784
15684.7 141.724
15696.7 141.658
15708.7 141.584
15720.7 141.503
15732.7 141.414
15744.7 141.314
15756.8 141.22
15768.8 141.127
15780.8 141.035
15792.8 140.943
15804.8 140.855
15816.8 140.773
15828.8 140.705
15840.8 140.682
15852.9 140.681
15864.9 140.586
15876.9 140.449
15888.9 140.279
15900.9 140.08
15912.9 139.853
15924.9 139.595
15936.9 139.304
15948.9 138.948
15961 138.593
15973 138.245
15985 137.889
15997 137.519
16009 137.13
16021 136.717
16033 136.273
16045 135.78
16057.1 135.164
16069.1 134.641
16081.1 134.169
16093.1 133.723
16105.1 133.297
16117.1 132.888
16129.1 132.499
16141.1 132.138
16153.2 131.83
16165.2 131.631
16177.2 131.287
16189.2 130.879
16201.2 130.429
16213.2 129.943
16225.2 129.425
16237.2 128.877
16249.2 128.297
16261.3 127.677
16273.3 127.022
16285.3 126.376
16297.3 125.721
16309.3 125.055
16321.3 124.378
16333.3 123.692
16345.3 123.002
16357.4 122.316
16369.4 121.693
16381.4 121.013
16393.4 120.246
16405.4 119.424
16417.4 118.557
16429.4 117.648
16441.4 116.696
16453.5 115.7
16465.5 114.652
16477.5 113.518
16489.5 112.398
16501.5 111.277
16513.5 110.143
16525.5 108.99
16537.5 107.816
16549.5 106.619
16561.6 105.395
16573.6 104.137
16585.6 102.827
16597.6 101.538
16609.6 100.249
16621.6 98.9543
16633.6 97.6522
16645.6 96.3434
16657.7 95.0296
16669.7 93.7155
16681.7 92.4163
16693.7 91.1356
16705.7 89.7873
16717.7 88.4072
16729.7 87.0028
16741.7 85.5779
16753.8 84.1352
16765.8 82.6771
16777.8 81.2067
16789.8 79.7331
16801.8 78.2432
16813.8 76.7294
16825.8 75.1992
16837.8 73.6554
16849.8 72.0998
16861.9 70.5345
16873.9 68.9617
16885.9 67.3849
16897.9 65.8165
16909.9 64.2279
16921.9 62.6234
16933.9 61.0085
16945.9 59.3858
16958 57.7576
16970 56.126
16982 54.494
16994 52.868
17006 51.2654
17018 49.6261
17030 47.9667
17042 46.2928
17054.1 44.6058
17066.1 42.9052
17078.1 41.1887
17090.1 39.4501
17102.1 37.6683
17114.1 35.8277
17126.1 34.0738
17138.1 32.3507
17150.2 30.6462
17162.2 28.9539
17174.2 27.2683
17186.2 25.5826
17198.2 23.8838
17210.2 22.1182
17222.2 20.3594
17234.2 18.7267
17246.2 17.1545
17258.3 15.6302
17270.3 14.1482
17282.3 12.7057
17294.3 11.3012
17306.3 9.93448
17318.3 8.60875
17330.3 7.31474
17342.3 6.05307
17354.4 4.82607
17366.4 3.6355
17378.4 2.48367
17390.4 1.37432
17402.4 0.314453
17414.4 -0.677803
17426.4 -1.53969
17438.4 -2.47751
17450.5 -3.44093
17462.5 -4.40938
17474.5 -5.376
17486.5 -6.33804
17498.5 -7.2952
17510.5 -8.24994
17522.5 -9.21302
17534.5 -10.1977
17546.5 -11.1154
17558.6 -11.9979
17570.6 -12.8528
17582.6 -13.6837
17594.6 -14.4937
17606.6 -15.2865
17618.6 -16.0692
17630.6 -16.8685
17642.6 -17.6594
17654.7 -18.3497
17666.7 -18.9818
17678.7 -19.5615
17690.7 -20.0884
17702.7 -20.5583
17714.7 -20.9611
17726.7 -21.2708
17738.7 -21.3427
17750.8 -21.5161
17762.8 -21.8075
17774.8 -22.1492
17786.8 -22.5232
17798.8 -22.9224
17810.8 -23.3455
17822.8 -23.7961
17834.8 -24.29
17846.8 -24.8948
17858.9 -25.3984
17870.9 -25.8459
17882.9 -26.2601
17894.9 -26.6492
17906.9 -27.0172
17918.9 -27.3666
17930.9 -27.6991
17942.9 -28.0159
17955 -28.318
17967 -28.6062
17979 -28.881
17991 -29.143
18003 -29.3928
18015 -29.6308
18027 -29.8573
18039 -30.0727
18051.1 -30.2774
18063.1 -30.4717
18075.1 -30.656
18087.1 -30.8305
18099.1 -30.9954
18111.1 -31.1512
18123.1 -31.298
18135.1 -31.4362
18147.1 -31.5658
18159.2 -31.6873
18171.2 -31.8009
18183.2 -31.9067
18195.2 -32.0049
18207.2 -32.0959
18219.2 -32.1798
18231.2 -32.2569
18243.2 -32.3272
18255.3 -32.3911
18267.3 -32.4487
18279.3 -32.5002
18291.3 -32.5458
18303.3 -32.5856
18315.3 -32.6199
18327.3 -32.6487
18339.3 -32.6724
18351.4 -32.6909
18363.4 -32.7046
18375.4 -32.7135
18387.4 -32.7178
18399.4 -32.7176
18411.4 -32.713
18423.4 -32.7043
18435.4 -32.6916
18447.4 -32.6749
18459.5 -32.6544
18471.5 -32.6303
18483.5 -32.6026
18495.5 -32.5715
18507.5 -32.537
18519.5 -32.4994
18531.5 -32.4586
18543.5 -32.4149
18555.6 -32.3683
18567.6 -32.3189
18579.6 -32.2668
18591.6 -32.2122
18603.6 -32.155
18615.6 -32.0954
18627.6 -32.0336
18639.6 -31.9694
18651.7 -31.9032
18663.7 -31.8348
18675.7 -31.7645
18687.7 -31.6922
18699.7 -31.6181
18711.7 -31.5423
18723.7 -31.4647
18735.7 -31.3855
18747.7 -31.3048
18759.8 -31.2225
18771.8 -31.1388
18783.8 -31.0538
18795.8 -30.9674
18807.8 -30.8797
18819.8 -30.7909
18831.8 -30.7009
18843.8 -30.6098
18855.9 -30.5176
18867.9 -30.4245
18879.9 -30.3304
18891.9 -30.2354
18903.9 -30.1395
18915.9 -30.0429
18927.9 -29.9454
18939.9 -29.8472
18952 -29.7484
18964 -29.6488
18976 -29.5487
18988 -29.448
19000 -29.3467
