7000 6.28371
7012.01 6.37353
7024.02 6.46435
7036.04 6.55607
7048.05 6.64857
7060.06 6.7417
7072.07 6.83532
7084.08 6.92922
7096.1 7.0232
7108.11 7.11699
7120.12 7.21031
7132.13 7.30282
7144.14 7.39414
7156.16 7.48384
7168.17 7.57142
7180.18 7.65632
7192.19 7.7379
7204.2 7.81543
7216.22 7.88812
7228.23 7.95504
7240.24 8.01518
7252.25 8.0674
7264.26 8.11042
7276.28 8.14284
7288.29 8.16311
7300.3 8.16951
7312.31 8.16018
7324.32 8.13309
7336.34 8.08604
7348.35 8.01667
7360.36 7.92249
7372.37 7.80084
7384.38 7.64895
7396.4 7.46397
7408.41 7.24294
7420.42 6.98283
7432.43 6.68044
7444.44 6.33225
7456.46 5.93358
7468.47 5.47474
7480.48 4.93528
7492.49 4.39824
7504.5 3.83921
7516.52 3.25289
7528.53 2.63916
7540.54 1.99982
7552.55 1.33745
7564.56 0.653741
7576.58 -0.0584983
7588.59 -0.792811
7600.6 -1.46168
7612.61 -2.08769
7624.62 -2.66631
7636.64 -3.188
7648.65 -3.63928
7660.66 -3.99977
7672.67 -4.23021
7684.68 -4.13736
7696.7 -4.08006
7708.71 -4.23668
7720.72 -4.46863
7732.73 -4.74659
7744.74 -5.06155
7756.76 -5.41534
7768.77 -5.82153
7780.78 -6.32074
7792.79 -7.11788
7804.8 -7.66595
7816.82 -8.02791
7828.83 -8.28049
7840.84 -8.44616
7852.85 -8.53253
7864.86 -8.53748
7876.88 -8.44542
7888.89 -8.20057
7900.9 -7.63334
7912.91 -7.39635
7924.92 -7.3137
7936.94 -7.33372
7948.95 -7.44426
7960.96 -7.64825
7972.97 -7.96222
7984.98 -8.42763
7997 -9.18518
8009.01 -10.3165
8021.02 -10.8922
8033.03 -11.268
8045.05 -11.5121
8057.06 -11.6491
8069.07 -11.6862
8081.08 -11.6165
8093.09 -11.4084
8105.11 -10.8853
8117.12 -10.3263
8129.13 -10.1033
8141.14 -10.0163
8153.15 -10.0352
8165.17 -10.1571
8177.18 -10.3963
8189.19 -10.7919
8201.2 -11.4478
8213.21 -12.9272
8225.23 -13.7985
8237.24 -14.1276
8249.25 -14.136
8261.26 -13.8752
8273.27 -13.3498
8285.29 -12.5299
8297.3 -11.334
8309.31 -9.52354
8321.32 -6.28786
8333.33 -4.38375
8345.35 -3.11778
8357.36 -2.22604
8369.37 -1.62079
8381.38 -1.26832
8393.39 -1.16711
8405.41 -1.35487
8417.42 -1.99207
8429.43 -3.25554
8441.44 -3.85372
8453.45 -4.24982
8465.47 -4.54129
8477.48 -4.76708
8489.49 -4.94766
8501.5 -5.09531
8513.51 -5.21801
8525.53 -5.32127
8537.54 -5.40904
8549.55 -5.48426
8561.56 -5.54914
8573.57 -5.60541
8585.59 -5.65444
8597.6 -5.69732
8609.61 -5.73493
8621.62 -5.76802
8633.63 -5.79718
8645.65 -5.82292
8657.66 -5.84566
8669.67 -5.86577
8681.68 -5.88356
8693.69 -5.89929
8705.71 -5.9132
8717.72 -5.92547
8729.73 -5.93629
8741.74 -5.94581
8753.75 -5.95416
8765.77 -5.96146
8777.78 -5.96781
8789.79 -5.9733
8801.8 -5.97802
8813.81 -5.98204
8825.83 -5.98542
8837.84 -5.98823
8849.85 -5.9905
8861.86 -5.9923
8873.87 -5.99367
8885.89 -5.99463
8897.9 -5.99523
8909.91 -5.99549
8921.92 -5.99545
8933.93 -5.99512
8945.95 -5.99454
8957.96 -5.99372
8969.97 -5.99268
8981.98 -5.99144
8993.99 -5.99001
9006.01 -5.98842
9018.02 -5.98666
9030.03 -5.98475
9042.04 -5.9827
9054.05 -5.98053
9066.07 -5.97823
9078.08 -5.97583
9090.09 -5.97332
9102.1 -5.9707
9114.11 -5.968
9126.13 -5.96521
9138.14 -5.96234
9150.15 -5.95938
9162.16 -5.95636
9174.17 -5.95325
9186.19 -5.95009
9198.2 -5.94685
9210.21 -5.94355
9222.22 -5.94019
9234.23 -5.93677
9246.25 -5.93329
9258.26 -5.92975
9270.27 -5.92616
9282.28 -5.92251
9294.29 -5.91881
9306.31 -5.91505
9318.32 -5.91124
9330.33 -5.90738
9342.34 -5.90346
9354.35 -5.89949
9366.37 -5.89546
9378.38 -5.89139
9390.39 -5.88726
9402.4 -5.88307
9414.41 -5.87883
9426.43 -5.87453
9438.44 -5.87018
9450.45 -5.86577
9462.46 -5.86131
9474.47 -5.85678
9486.49 -5.8522
9498.5 -5.84755
9510.51 -5.84285
9522.52 -5.83808
9534.53 -5.83325
9546.55 -5.82835
9558.56 -5.82339
9570.57 -5.81836
9582.58 -5.81326
9594.59 -5.80809
9606.61 -5.80285
9618.62 -5.79754
9630.63 -5.79215
9642.64 -5.78669
9654.65 -5.78116
9666.67 -5.77554
9678.68 -5.76985
9690.69 -5.76407
9702.7 -5.75821
9714.71 -5.75227
9726.73 -5.74624
9738.74 -5.74012
9750.75 -5.73391
9762.76 -5.72762
9774.77 -5.72123
9786.79 -5.71474
9798.8 -5.70816
9810.81 -5.70148
9822.82 -5.6947
9834.83 -5.68782
9846.85 -5.68084
9858.86 -5.67375
9870.87 -5.66655
9882.88 -5.65925
9894.89 -5.65183
9906.91 -5.6443
9918.92 -5.63666
9930.93 -5.6289
9942.94 -5.62102
9954.95 -5.61301
9966.97 -5.60489
9978.98 -5.59664
9990.99 -5.58826
10003 -5.57975
10015 -5.57111
10027 -5.56233
10039 -5.55342
10051.1 -5.54437
10063.1 -5.53518
10075.1 -5.52584
10087.1 -5.51636
10099.1 -5.50673
10111.1 -5.49695
10123.1 -5.48701
10135.1 -5.47691
10147.1 -5.46666
10159.2 -5.45625
10171.2 -5.44566
10183.2 -5.43491
10195.2 -5.42399
10207.2 -5.4129
10219.2 -5.40163
10231.2 -5.39017
10243.2 -5.37854
10255.3 -5.36672
10267.3 -5.3547
10279.3 -5.3425
10291.3 -5.33009
10303.3 -5.31748
10315.3 -5.30467
10327.3 -5.29165
10339.3 -5.27842
10351.4 -5.26497
10363.4 -5.2513
10375.4 -5.2374
10387.4 -5.22327
10399.4 -5.20891
10411.4 -5.1943
10423.4 -5.17945
10435.4 -5.16435
10447.4 -5.149
10459.5 -5.13338
10471.5 -5.11749
10483.5 -5.10133
10495.5 -5.08489
10507.5 -5.06817
10519.5 -5.05115
10531.5 -5.03383
10543.5 -5.0162
10555.6 -4.99825
10567.6 -4.97998
10579.6 -4.96138
10591.6 -4.94243
10603.6 -4.92313
10615.6 -4.90346
10627.6 -4.88342
10639.6 -4.86299
10651.7 -4.84217
10663.7 -4.82093
10675.7 -4.79927
10687.7 -4.77717
10699.7 -4.75461
10711.7 -4.73158
10723.7 -4.70805
10735.7 -4.68401
10747.7 -4.65943
10759.8 -4.6343
10771.8 -4.60858
10783.8 -4.58225
10795.8 -4.55528
10807.8 -4.52763
10819.8 -4.49927
10831.8 -4.47015
10843.8 -4.44022
10855.9 -4.40944
10867.9 -4.37775
10879.9 -4.34507
10891.9 -4.31134
10903.9 -4.27646
10915.9 -4.24033
10927.9 -4.20283
10939.9 -4.16383
10952 -4.12314
10964 -4.08058
10976 -4.03588
10988 -3.98875
11000 -3.93878
11012 -3.88548
11024 -3.82815
11036 -3.76589
11048 -3.69735
11060.1 -3.62054
11072.1 -3.53215
11084.1 -3.42604
11096.1 -3.28737
11108.1 -3.03907
11120.1 -2.87869
11132.1 -2.79436
11144.1 -2.75657
11156.2 -2.7587
11168.2 -2.80078
11180.2 -2.88811
11192.2 -3.03448
11204.2 -3.28002
11216.2 -3.75554
11228.2 -4.00312
11240.2 -4.14123
11252.3 -4.21181
11264.3 -4.22791
11276.3 -4.193
11288.3 -4.10378
11300.3 -3.94678
11312.3 -3.67275
11324.3 -3.2341
11336.3 -3.00402
11348.3 -2.84658
11360.4 -2.7342
11372.4 -2.6567
11384.4 -2.61016
11396.4 -2.59475
11408.4 -2.61628
11420.4 -2.70611
11432.4 -2.82712
11444.4 -2.88393
11456.5 -2.92472
11468.5 -2.95898
11480.5 -2.99204
11492.5 -3.02872
11504.5 -3.07561
11516.5 -3.14654
11528.5 -3.31459
11540.5 -3.40272
11552.6 -3.40863
11564.6 -3.36255
11576.6 -3.26998
11588.6 -3.12913
11600.6 -2.93184
11612.6 -2.65905
11624.6 -2.25822
11636.6 -1.53133
11648.6 -1.11204
11660.7 -0.85683
11672.7 -0.701774
11684.7 -0.627376
11696.7 -0.628018
11708.7 -0.707348
11720.7 -0.881917
11732.7 -1.21038
11744.7 -1.77765
11756.8 -2.09202
11768.8 -2.32538
11780.8 -2.5183
11792.8 -2.68906
11804.8 -2.85052
11816.8 -3.01605
11828.8 -3.20746
11840.8 -3.50024
11852.9 -3.84055
11864.9 -3.93873
11876.9 -3.92408
11888.9 -3.81447
11900.9 -3.61065
11912.9 -3.30218
11924.9 -2.8628
11936.9 -2.22661
11948.9 -1.01938
11961 -0.0802642
11973 0.488601
11985 0.879538
11997 1.14208
12009 1.29604
12021 1.34701
12033 1.28771
12045 1.08394
12057.1 0.577207
12069.1 0.249111
12081.1 0.00489461
12093.1 -0.211667
12105.1 -0.421747
12117.1 -0.638991
12129.1 -0.876467
12141.1 -1.15281
12153.2 -1.51346
12165.2 -2.04403
12177.2 -2.36033
12189.2 -2.58912
12201.2 -2.76386
12213.2 -2.89855
12225.2 -3.00158
12237.2 -3.07972
12249.2 -3.14141
12261.3 -3.21074
12273.3 -3.28159
12285.3 -3.23563
12297.3 -3.11878
12309.3 -2.93415
12321.3 -2.67609
12333.3 -2.33097
12345.3 -1.87131
12357.4 -1.23298
12369.4 -0.0563973
12381.4 0.91064
12393.4 1.46165
12405.4 1.81307
12417.4 2.01479
12429.4 2.08367
12441.4 2.01908
12453.5 1.80144
12465.5 1.36652
12477.5 0.39964
12489.5 -0.213628
12501.5 -0.607025
12513.5 -0.894778
12525.5 -1.11464
12537.5 -1.28623
12549.5 -1.42288
12561.6 -1.5376
12573.6 -1.65482
12585.6 -1.82822
12597.6 -1.83824
12609.6 -1.74651
12621.6 -1.56459
12633.6 -1.28767
12645.6 -0.899517
12657.7 -0.366548
12669.7 0.385659
12681.7 1.61503
12693.7 3.37083
12705.7 4.12643
12717.7 4.48411
12729.7 4.54396
12741.7 4.32961
12753.8 3.82556
12765.8 2.97156
12777.8 1.60752
12789.8 -1.16216
12801.8 -3.68236
12813.8 -4.9144
12825.8 -5.57293
12837.8 -5.79895
12849.8 -5.6325
12861.9 -5.05795
12873.9 -3.99395
12885.9 -2.19822
12897.9 1.59437
12909.9 4.00753
12921.9 5.38202
12933.9 6.19267
12945.9 6.57082
12958 6.55696
12970 6.13651
12982 5.22448
12994 3.53602
13006 0.186458
13018 -1.55954
13030 -2.5832
13042 -3.17041
13054.1 -3.41007
13066.1 -3.32451
13078.1 -2.88771
13090.1 -1.99869
13102.1 -0.279444
13114.1 2.54333
13126.1 3.75368
13138.1 4.35602
13150.2 4.53417
13162.2 4.33951
13174.2 3.76374
13186.2 2.7386
13198.2 1.07284
13210.2 -2.15581
13222.2 -5.62559
13234.2 -7.21008
13246.2 -8.04506
13258.3 -8.32194
13270.3 -8.09742
13282.3 -7.358
13294.3 -6.01231
13306.3 -3.78918
13318.3 0.826631
13330.3 4.05294
13342.3 6.0093
13354.4 7.33468
13366.4 8.20953
13378.4 8.70854
13390.4 8.85572
13402.4 8.63052
13414.4 7.91903
13426.4 6.27361
13438.4 5.19898
13450.5 4.32488
13462.5 3.49016
13474.5 2.62315
13486.5 1.66612
13498.5 0.548264
13510.5 -0.854437
13522.5 -2.90324
13534.5 -6.0211
13546.5 -7.4365
13558.6 -8.12514
13570.6 -8.2791
13582.6 -7.94682
13594.6 -7.10978
13606.6 -5.67879
13618.6 -3.41847
13630.6 0.665679
13642.6 5.63491
13654.7 8.05574
13666.7 9.55576
13678.7 10.4074
13690.7 10.7057
13702.7 10.4636
13714.7 9.617
13726.7 7.94375
13738.7 4.09646
13750.8 1.27484
13762.8 -0.356129
13774.8 -1.42982
13786.8 -2.11179
13798.8 -2.46467
13810.8 -2.49919
13822.8 -2.17348
13834.8 -1.32203
13846.8 0.77183
13858.9 1.83972
13870.9 2.35005
13882.9 2.53326
13894.9 2.45275
13906.9 2.11889
13918.9 1.503
13930.9 0.515263
13942.9 -1.14167
13955 -3.99063
13967 -5.34783
13979 -6.09671
13991 -6.43928
14003 -6.43955
14015 -6.10883
14027 -5.41606
14039 -4.25834
14051.1 -2.21336
14063.1 0.49766
14075.1 2.0252
14087.1 3.19704
14099.1 4.16715
14111.1 5.00906
14123.1 5.77323
14135.1 6.50983
14147.1 7.30043
14159.2 8.54563
14171.2 9.38892
14183.2 9.66214
14195.2 9.5722
14207.2 9.15219
14219.2 8.38829
14231.2 7.22572
14243.2 5.53995
14255.3 3.0015
14267.3 -1.86092
14279.3 -4.81151
14291.3 -6.57117
14303.3 -7.64408
14315.3 -8.17942
14327.3 -8.22473
14339.3 -7.76402
14351.4 -6.69851
14363.4 -4.68143
14375.4 -0.92405
14387.4 1.09987
14399.4 2.47098
14411.4 3.4779
14423.4 4.2293
14435.4 4.77895
14447.4 5.15484
14459.5 5.36707
14471.5 5.39442
14483.5 5.24322
14495.5 5.09134
14507.5 4.8623
14519.5 4.53397
14531.5 4.08463
14543.5 3.48285
14555.6 2.6733
14567.6 1.53253
14579.6 -0.61751
14591.6 -2.42998
14603.6 -3.37952
14615.6 -3.91667
14627.6 -4.13787
14639.6 -4.07091
14651.7 -3.70484
14663.7 -2.98232
14675.7 -1.73094
14687.7 0.917114
14699.7 2.58375
14711.7 3.57021
14723.7 4.19335
14735.7 4.5457
14747.7 4.66076
14759.8 4.53875
14771.8 4.14156
14783.8 3.32712
14795.8 1.68318
14807.8 0.810793
14819.8 0.257453
14831.8 -0.114952
14843.8 -0.353406
14855.9 -0.475957
14867.9 -0.483096
14879.9 -0.353144
14891.9 0.0119753
14903.9 0.651586
14915.9 0.901816
14927.9 1.01617
14939.9 1.03895
14952 0.982996
14964 0.84713
14976 0.616419
14988 0.247721
15000 -0.488681
15012 -1.2083
15024 -1.52488
15036 -1.66565
15048 -1.67006
15060.1 -1.5472
15072.1 -1.28866
15084.1 -0.864108
15096.1 -0.188852
15108.1 1.191
15120.1 2.11254
15132.1 2.65049
15144.1 2.98637
15156.2 3.17117
15168.2 3.22385
15180.2 3.14624
15192.2 2.92187
15204.2 2.48869
15216.2 1.63562
15228.2 1.10451
15240.2 0.70018
15252.3 0.349193
15264.3 0.021544
15276.3 -0.303016
15288.3 -0.644933
15300.3 -1.03562
15312.3 -1.5625
15324.3 -2.30747
15336.3 -2.64865
15348.3 -2.81113
15360.4 -2.83663
15372.4 -2.73415
15384.4 -2.49608
15396.4 -2.09571
15408.4 -1.46456
15420.4 -0.302562
15432.4 1.04522
15444.4 1.68562
15456.5 2.05997
15468.5 2.24074
15480.5 2.25019
15492.5 2.08494
15504.5 1.71374
15516.5 1.0417
15528.5 -0.482192
15540.5 -1.51166
15552.6 -2.03459
15564.6 -2.29137
15576.6 -2.34164
15588.6 -2.20083
15600.6 -1.85707
15612.6 -1.26251
15624.6 -0.269787
15636.6 1.69171
15648.6 2.78134
15660.7 3.41397
15672.7 3.77367
15684.7 3.91568
15696.7 3.85467
15708.7 3.57738
15720.7 3.02984
15732.7 2.02097
15744.7 0.275035
15756.8 -0.583464
15768.8 -1.11293
15780.8 -1.43516
15792.8 -1.59253
15804.8 -1.59833
15816.8 -1.44492
15828.8 -1.09246
15840.8 -0.357805
15852.9 0.618783
15864.9 1.10316
15876.9 1.43009
15888.9 1.65723
15900.9 1.80755
15912.9 1.89049
15924.9 1.90627
15936.9 1.84161
15948.9 1.59716
15961 1.40461
15973 1.29288
15985 1.20961
15997 1.14069
16009 1.07914
16021 1.02022
16033 0.959302
16045 0.88863
16057.1 0.780868
16069.1 0.714219
16081.1 0.672815
16093.1 0.647565
16105.1 0.635642
16117.1 0.636166
16129.1 0.649589
16141.1 0.678213
16153.2 0.730081
16165.2 0.821452
16177.2 0.875998
16189.2 0.918511
16201.2 0.955486
16213.2 0.989716
16225.2 1.02307
16237.2 1.05736
16249.2 1.09537
16261.3 1.14569
16273.3 1.20646
16285.3 1.23631
16297.3 1.25252
16309.3 1.25768
16321.3 1.25205
16333.3 1.23448
16345.3 1.20178
16357.4 1.14578
16369.4 1.01848
16381.4 0.92127
16393.4 0.882602
16405.4 0.874113
16417.4 0.890225
16429.4 0.930403
16441.4 0.99758
16453.5 1.09979
16465.5 1.25917
16477.5 1.58073
16489.5 1.76883
16501.5 1.86715
16513.5 1.91212
16525.5 1.91361
16537.5 1.8737
16549.5 1.78905
16561.6 1.64847
16573.6 1.41618
16585.6 1.00331
16597.6 0.775804
16609.6 0.623635
16621.6 0.515683
16633.6 0.440677
16645.6 0.393591
16657.7 0.372792
16669.7 0.380091
16681.7 0.427446
16693.7 0.516956
16705.7 0.571879
16717.7 0.623477
16729.7 0.678492
16741.7 0.740993
16753.8 0.815111
16765.8 0.906871
16777.8 1.02855
16789.8 1.24289
16801.8 1.43608
16813.8 1.53684
16825.8 1.59498
16837.8 1.62056
16849.8 1.61667
16861.9 1.58259
16873.9 1.51328
16885.9 1.39329
16897.9 1.14192
16909.9 0.974177
16921.9 0.867928
16933.9 0.792302
16945.9 0.738029
16958 0.701119
16970 0.68012
16982 0.675787
16994 0.693611
17006 0.75233
17018 0.781167
17030 0.799244
17042 0.813033
17054.1 0.825065
17066.1 0.836944
17078.1 0.850221
17090.1 0.867273
17102.1 0.894984
17114.1 0.938204
17126.1 0.949789
17138.1 0.946908
17150.2 0.932262
17162.2 0.905906
17174.2 0.866265
17186.2 0.809505
17198.2 0.726395
17210.2 0.574125
17222.2 0.413673
17234.2 0.343232
17246.2 0.310436
17258.3 0.306683
17270.3 0.32979
17282.3 0.38115
17294.3 0.466449
17306.3 0.60172
17318.3 0.875479
17330.3 1.06708
17342.3 1.18357
17354.4 1.26217
17366.4 1.31331
17378.4 1.34105
17390.4 1.34627
17402.4 1.32661
17414.4 1.2722
17426.4 1.14513
17438.4 1.07331
17450.5 1.02592
17462.5 0.99029
17474.5 0.961934
17486.5 0.93853
17498.5 0.918593
17510.5 0.900872
17522.5 0.883382
17534.5 0.86406
17546.5 0.854522
17558.6 0.850617
17570.6 0.851649
17582.6 0.857696
17594.6 0.869383
17606.6 0.888137
17618.6 0.917303
17630.6 0.970561
17642.6 1.03509
17654.7 1.06389
17666.7 1.07926
17678.7 1.08489
17690.7 1.08202
17702.7 1.07073
17714.7 1.04992
17726.7 1.01615
17738.7 0.948776
17750.8 0.896525
17762.8 0.861795
17774.8 0.834782
17786.8 0.81277
17798.8 0.794524
17810.8 0.77943
17822.8 0.767285
17834.8 0.758473
17846.8 0.755542
17858.9 0.749792
17870.9 0.74293
17882.9 0.735797
17894.9 0.728643
17906.9 0.721572
17918.9 0.714631
17930.9 0.707841
17942.9 0.701211
17955 0.694744
17967 0.688436
17979 0.682284
17991 0.676282
18003 0.670425
18015 0.664707
18027 0.659121
18039 0.653662
18051.1 0.648325
18063.1 0.643103
18075.1 0.637993
18087.1 0.632989
18099.1 0.628087
18111.1 0.623282
18123.1 0.618572
18135.1 0.613951
18147.1 0.609416
18159.2 0.604965
18171.2 0.600594
18183.2 0.596299
18195.2 0.592079
18207.2 0.58793
18219.2 0.583851
18231.2 0.579838
18243.2 0.57589
18255.3 0.572004
18267.3 0.568178
18279.3 0.564411
18291.3 0.560701
18303.3 0.557046
18315.3 0.553443
18327.3 0.549893
18339.3 0.546393
18351.4 0.542942
18363.4 0.539538
18375.4 0.536181
18387.4 0.532868
18399.4 0.5296
18411.4 0.526373
18423.4 0.523189
18435.4 0.520045
18447.4 0.51694
18459.5 0.513874
18471.5 0.510846
18483.5 0.507854
18495.5 0.504898
18507.5 0.501977
18519.5 0.49909
18531.5 0.496237
18543.5 0.493417
18555.6 0.490628
18567.6 0.487871
18579.6 0.485145
18591.6 0.482448
18603.6 0.479781
18615.6 0.477143
18627.6 0.474533
18639.6 0.471951
18651.7 0.469396
18663.7 0.466867
18675.7 0.464364
18687.7 0.461887
18699.7 0.459435
18711.7 0.457008
18723.7 0.454605
18735.7 0.452226
18747.7 0.44987
18759.8 0.447537
18771.8 0.445226
18783.8 0.442938
18795.8 0.440671
18807.8 0.438426
18819.8 0.436201
18831.8 0.433997
18843.8 0.431814
18855.9 0.429651
18867.9 0.427507
18879.9 0.425382
18891.9 0.423277
18903.9 0.42119
18915.9 0.419122
18927.9 0.417072
18939.9 0.415039
18952 0.413025
18964 0.411027
18976 0.409047
18988 0.407084
19000 0.405137
