7000 -49.119
7012.01 -51.7097
7024.02 -54.2985
7036.04 -56.8834
7048.05 -59.4622
7060.06 -62.0328
7072.07 -64.5933
7084.08 -67.1416
7096.1 -69.676
7108.11 -72.1946
7120.12 -74.6956
7132.13 -77.1775
7144.14 -79.6386
7156.16 -82.0775
7168.17 -84.4928
7180.18 -86.8831
7192.19 -89.2474
7204.2 -91.5844
7216.22 -93.8932
7228.23 -96.1729
7240.24 -98.4227
7252.25 -100.642
7264.26 -102.83
7276.28 -104.986
7288.29 -107.111
7300.3 -109.203
7312.31 -111.262
7324.32 -113.289
7336.34 -115.284
7348.35 -117.246
7360.36 -119.176
7372.37 -121.075
7384.38 -122.942
7396.4 -124.78
7408.41 -126.588
7420.42 -128.368
7432.43 -130.121
7444.44 -131.85
7456.46 -133.556
7468.47 -135.243
7480.48 -136.916
7492.49 -138.582
7504.5 -140.253
7516.52 -141.957
7528.53 -143.839
7540.54 -145.556
7552.55 -147.107
7564.56 -148.555
7576.58 -149.921
7588.59 -151.212
7600.6 -152.433
7612.61 -153.585
7624.62 -154.665
7636.64 -155.655
7648.65 -156.616
7660.66 -157.535
7672.67 -158.403
7684.68 -159.217
7696.7 -159.971
7708.71 -160.659
7720.72 -161.27
7732.73 -161.771
7744.74 -162.116
7756.76 -162.549
7768.77 -162.983
7780.78 -163.392
7792.79 -163.766
7804.8 -164.091
7816.82 -164.355
7828.83 -164.534
7840.84 -164.55
7852.85 -164.452
7864.86 -164.523
7876.88 -164.628
7888.89 -164.74
7900.9 -164.844
7912.91 -164.93
7924.92 -164.99
7936.94 -165.013
7948.95 -164.967
7960.96 -164.907
7972.97 -164.833
7984.98 -164.727
7997 -164.58
8009.01 -164.384
8021.02 -164.126
8033.03 -163.794
8045.05 -163.352
8057.06 -162.668
8069.07 -162.13
8081.08 -161.661
8093.09 -161.223
8105.11 -160.805
8117.12 -160.414
8129.13 -160.068
8141.14 -159.815
8153.15 -159.798
8165.17 -160.298
8177.18 -159.998
8189.19 -159.325
8201.2 -158.386
8213.21 -157.226
8225.23 -155.865
8237.24 -154.319
8249.25 -152.594
8261.26 -150.686
8273.27 -148.606
8285.29 -146.426
8297.3 -144.125
8309.31 -141.703
8321.32 -139.163
8333.33 -136.508
8345.35 -133.734
8357.36 -130.828
8369.37 -127.662
8381.38 -124.527
8393.39 -121.511
8405.41 -118.541
8417.42 -115.608
8429.43 -112.713
8441.44 -109.859
8453.45 -107.055
8465.47 -104.306
8477.48 -101.621
8489.49 -99.0064
8501.5 -96.4687
8513.51 -94.0141
8525.53 -91.648
8537.54 -89.3749
8549.55 -87.1988
8561.56 -85.1225
8573.57 -83.1485
8585.59 -81.278
8597.6 -79.5119
8609.61 -77.8503
8621.62 -76.2925
8633.63 -74.8374
8645.65 -73.4835
8657.66 -72.2287
8669.67 -71.0704
8681.68 -70.006
8693.69 -69.0323
8705.71 -68.1463
8717.72 -67.3445
8729.73 -66.6233
8741.74 -65.9793
8753.75 -65.4088
8765.77 -64.9083
8777.78 -64.4741
8789.79 -64.1027
8801.8 -63.7907
8813.81 -63.5347
8825.83 -63.3315
8837.84 -63.1779
8849.85 -63.0708
8861.86 -63.0073
8873.87 -62.9848
8885.89 -63.0004
8897.9 -63.0518
8909.91 -63.1364
8921.92 -63.2521
8933.93 -63.3967
8945.95 -63.5682
8957.96 -63.7646
8969.97 -63.9843
8981.98 -64.2255
8993.99 -64.4867
9006.01 -64.7664
9018.02 -65.0632
9030.03 -65.3758
9042.04 -65.7031
9054.05 -66.044
9066.07 -66.3974
9078.08 -66.7623
9090.09 -67.1379
9102.1 -67.5233
9114.11 -67.9178
9126.13 -68.3206
9138.14 -68.7311
9150.15 -69.1488
9162.16 -69.5729
9174.17 -70.003
9186.19 -70.4387
9198.2 -70.8794
9210.21 -71.3248
9222.22 -71.7745
9234.23 -72.2282
9246.25 -72.6855
9258.26 -73.1461
9270.27 -73.6098
9282.28 -74.0764
9294.29 -74.5456
9306.31 -75.0173
9318.32 -75.4911
9330.33 -75.967
9342.34 -76.4449
9354.35 -76.9245
9366.37 -77.4057
9378.38 -77.8885
9390.39 -78.3728
9402.4 -78.8583
9414.41 -79.3452
9426.43 -79.8331
9438.44 -80.3223
9450.45 -80.8124
9462.46 -81.3035
9474.47 -81.7956
9486.49 -82.2886
9498.5 -82.7824
9510.51 -83.2771
9522.52 -83.7725
9534.53 -84.2687
9546.55 -84.7657
9558.56 -85.2633
9570.57 -85.7616
9582.58 -86.2605
9594.59 -86.7601
9606.61 -87.2603
9618.62 -87.7611
9630.63 -88.2624
9642.64 -88.7643
9654.65 -89.2667
9666.67 -89.7696
9678.68 -90.273
9690.69 -90.7768
9702.7 -91.2811
9714.71 -91.7857
9726.73 -92.2906
9738.74 -92.7959
9750.75 -93.3014
9762.76 -93.8072
9774.77 -94.3131
9786.79 -94.8192
9798.8 -95.3253
9810.81 -95.8315
9822.82 -96.3376
9834.83 -96.8436
9846.85 -97.3493
9858.86 -97.8548
9870.87 -98.3599
9882.88 -98.8646
9894.89 -99.3687
9906.91 -99.8721
9918.92 -100.375
9930.93 -100.876
9942.94 -101.377
9954.95 -101.876
9966.97 -102.375
9978.98 -102.871
9990.99 -103.366
10003 -103.859
10015 -104.35
10027 -104.839
10039 -105.325
10051.1 -105.809
10063.1 -106.29
10075.1 -106.767
10087.1 -107.241
10099.1 -107.711
10111.1 -108.178
10123.1 -108.64
10135.1 -109.097
10147.1 -109.549
10159.2 -109.995
10171.2 -110.436
10183.2 -110.871
10195.2 -111.299
10207.2 -111.719
10219.2 -112.133
10231.2 -112.538
10243.2 -112.934
10255.3 -113.321
10267.3 -113.699
10279.3 -114.066
10291.3 -114.422
10303.3 -114.766
10315.3 -115.098
10327.3 -115.417
10339.3 -115.722
10351.4 -116.012
10363.4 -116.287
10375.4 -116.545
10387.4 -116.786
10399.4 -117.009
10411.4 -117.212
10423.4 -117.395
10435.4 -117.557
10447.4 -117.696
10459.5 -117.812
10471.5 -117.902
10483.5 -117.966
10495.5 -118.003
10507.5 -118.011
10519.5 -117.988
10531.5 -117.934
10543.5 -117.846
10555.6 -117.723
10567.6 -117.563
10579.6 -117.365
10591.6 -117.126
10603.6 -116.846
10615.6 -116.521
10627.6 -116.15
10639.6 -115.732
10651.7 -115.263
10663.7 -114.741
10675.7 -114.165
10687.7 -113.532
10699.7 -112.839
10711.7 -112.085
10723.7 -111.266
10735.7 -110.38
10747.7 -109.424
10759.8 -108.395
10771.8 -107.292
10783.8 -106.109
10795.8 -104.846
10807.8 -103.498
10819.8 -102.062
10831.8 -100.535
10843.8 -98.9141
10855.9 -97.1952
10867.9 -95.375
10879.9 -93.4497
10891.9 -91.4153
10903.9 -89.2677
10915.9 -87.0028
10927.9 -84.6158
10939.9 -82.1018
10952 -79.4555
10964 -76.671
10976 -73.7416
10988 -70.6597
11000 -67.4162
11012 -64.0003
11024 -60.3984
11036 -56.5927
11048 -52.5592
11060.1 -48.2627
11072.1 -43.6478
11084.1 -38.6146
11096.1 -32.9283
11108.1 -25.3983
11120.1 -19.0423
11132.1 -13.6627
11144.1 -8.78538
11156.2 -4.27718
11168.2 -0.0896227
11180.2 3.77964
11192.2 7.28319
11204.2 10.2497
11216.2 12.103
11228.2 14.8503
11240.2 17.9589
11252.3 21.2256
11264.3 24.5653
11276.3 27.9203
11288.3 31.2348
11300.3 34.4318
11312.3 37.3205
11324.3 39.7202
11336.3 42.8698
11348.3 46.2949
11360.4 49.8866
11372.4 53.5944
11384.4 57.3878
11396.4 61.2468
11408.4 65.1619
11420.4 69.1599
11432.4 73.1738
11444.4 77.0562
11456.5 80.8556
11468.5 84.565
11480.5 88.167
11492.5 91.6344
11504.5 94.9224
11516.5 97.9369
11528.5 100.211
11540.5 102.835
11552.6 105.804
11564.6 108.905
11576.6 112.071
11588.6 115.265
11600.6 118.463
11612.6 121.642
11624.6 124.772
11636.6 127.775
11648.6 130.871
11660.7 134.005
11672.7 137.151
11684.7 140.303
11696.7 143.462
11708.7 146.637
11720.7 149.849
11732.7 153.173
11744.7 156.714
11756.8 159.868
11768.8 162.847
11780.8 165.701
11792.8 168.45
11804.8 171.107
11816.8 173.682
11828.8 176.18
11840.8 178.614
11852.9 180.985
11864.9 183.283
11876.9 185.521
11888.9 187.708
11900.9 189.85
11912.9 191.959
11924.9 194.048
11936.9 196.148
11948.9 198.395
11961 200.498
11973 202.425
11985 204.251
11997 205.999
12009 207.685
12021 209.32
12033 210.916
12045 212.488
12057.1 214.074
12069.1 215.596
12081.1 217.081
12093.1 218.552
12105.1 220.028
12117.1 221.533
12129.1 223.101
12141.1 224.797
12153.2 226.799
12165.2 229.449
12177.2 231.177
12189.2 232.493
12201.2 233.524
12213.2 234.318
12225.2 234.889
12237.2 235.234
12249.2 235.315
12261.3 234.97
12273.3 234.242
12285.3 233.978
12297.3 233.821
12309.3 233.708
12321.3 233.614
12333.3 233.524
12345.3 233.435
12357.4 233.346
12369.4 233.292
12381.4 233.188
12393.4 233.008
12405.4 232.773
12417.4 232.48
12429.4 232.126
12441.4 231.699
12453.5 231.176
12465.5 230.499
12477.5 229.409
12489.5 228.63
12501.5 228.051
12513.5 227.582
12525.5 227.191
12537.5 226.868
12549.5 226.609
12561.6 226.42
12573.6 226.325
12585.6 226.391
12597.6 226.343
12609.6 226.263
12621.6 226.179
12633.6 226.103
12645.6 226.045
12657.7 226.018
12669.7 226.045
12681.7 226.194
12693.7 226.482
12705.7 226.512
12717.7 226.445
12729.7 226.31
12741.7 226.117
12753.8 225.868
12765.8 225.558
12777.8 225.169
12789.8 224.587
12801.8 224.026
12813.8 223.619
12825.8 223.275
12837.8 222.976
12849.8 222.716
12861.9 222.496
12873.9 222.324
12885.9 222.221
12897.9 222.309
12909.9 222.268
12921.9 222.128
12933.9 221.937
12945.9 221.707
12958 221.443
12970 221.145
12982 220.806
12994 220.403
13006 219.861
13018 219.463
13030 219.136
13042 218.857
13054.1 218.622
13066.1 218.438
13078.1 218.316
13090.1 218.287
13102.1 218.456
13114.1 218.896
13126.1 218.889
13138.1 218.705
13150.2 218.393
13162.2 217.969
13174.2 217.436
13186.2 216.783
13198.2 215.976
13210.2 214.854
13222.2 213.644
13234.2 212.713
13246.2 211.858
13258.3 211.039
13270.3 210.234
13282.3 209.43
13294.3 208.611
13306.3 207.759
13318.3 206.797
13330.3 205.892
13342.3 205.031
13354.4 204.179
13366.4 203.316
13378.4 202.425
13390.4 201.485
13402.4 200.458
13414.4 199.253
13426.4 197.559
13438.4 196.39
13450.5 195.498
13462.5 194.78
13474.5 194.202
13486.5 193.751
13498.5 193.423
13510.5 193.233
13522.5 193.233
13534.5 193.493
13546.5 193.558
13558.6 193.592
13570.6 193.632
13582.6 193.696
13594.6 193.798
13606.6 193.956
13618.6 194.198
13630.6 194.624
13642.6 195.147
13654.7 195.44
13666.7 195.663
13678.7 195.847
13690.7 196.008
13702.7 196.156
13714.7 196.299
13726.7 196.448
13738.7 196.641
13750.8 196.799
13762.8 196.92
13774.8 197.024
13786.8 197.116
13798.8 197.202
13810.8 197.287
13822.8 197.376
13834.8 197.48
13846.8 197.639
13858.9 197.737
13870.9 197.799
13882.9 197.839
13894.9 197.864
13906.9 197.877
13918.9 197.882
13930.9 197.885
13942.9 197.898
13955 197.944
13967 197.912
13979 197.84
13991 197.734
14003 197.598
14015 197.432
14027 197.234
14039 197.001
14051.1 196.72
14063.1 196.395
14075.1 196.067
14087.1 195.712
14099.1 195.32
14111.1 194.88
14123.1 194.377
14135.1 193.787
14147.1 193.055
14159.2 191.888
14171.2 190.911
14183.2 190.236
14195.2 189.702
14207.2 189.263
14219.2 188.899
14231.2 188.596
14243.2 188.345
14255.3 188.138
14267.3 187.955
14279.3 187.84
14291.3 187.784
14303.3 187.784
14315.3 187.837
14327.3 187.948
14339.3 188.122
14351.4 188.375
14363.4 188.748
14375.4 189.332
14387.4 189.738
14399.4 190.09
14411.4 190.423
14423.4 190.752
14435.4 191.087
14447.4 191.437
14459.5 191.816
14471.5 192.257
14483.5 192.762
14495.5 193.172
14507.5 193.559
14519.5 193.939
14531.5 194.321
14543.5 194.715
14555.6 195.134
14567.6 195.602
14579.6 196.239
14591.6 196.814
14603.6 197.238
14615.6 197.592
14627.6 197.897
14639.6 198.164
14651.7 198.401
14663.7 198.616
14675.7 198.823
14687.7 199.079
14699.7 199.228
14711.7 199.289
14723.7 199.281
14735.7 199.205
14747.7 199.058
14759.8 198.831
14771.8 198.501
14783.8 198.012
14795.8 197.21
14807.8 196.666
14819.8 196.21
14831.8 195.786
14843.8 195.366
14855.9 194.927
14867.9 194.446
14879.9 193.879
14891.9 193.104
14903.9 192.067
14915.9 191.508
14927.9 191.135
14939.9 190.889
14952 190.748
14964 190.701
14976 190.745
14988 190.889
15000 191.192
15012 191.551
15024 191.863
15036 192.192
15048 192.554
15060.1 192.96
15072.1 193.421
15084.1 193.955
15096.1 194.6
15108.1 195.533
15120.1 196.312
15132.1 196.97
15144.1 197.583
15156.2 198.176
15168.2 198.768
15180.2 199.375
15192.2 200.017
15204.2 200.743
15216.2 201.692
15228.2 202.397
15240.2 202.985
15252.3 203.503
15264.3 203.973
15276.3 204.405
15288.3 204.811
15300.3 205.203
15312.3 205.607
15324.3 206.048
15336.3 206.36
15348.3 206.607
15360.4 206.804
15372.4 206.959
15384.4 207.081
15396.4 207.176
15408.4 207.261
15420.4 207.406
15432.4 207.528
15444.4 207.419
15456.5 207.175
15468.5 206.805
15480.5 206.304
15492.5 205.654
15504.5 204.817
15516.5 203.704
15528.5 201.84
15540.5 200.354
15552.6 199.246
15564.6 198.298
15576.6 197.444
15588.6 196.645
15600.6 195.872
15612.6 195.09
15624.6 194.231
15636.6 193.073
15648.6 192.307
15660.7 191.773
15672.7 191.398
15684.7 191.161
15696.7 191.058
15708.7 191.096
15720.7 191.301
15732.7 191.761
15744.7 192.601
15756.8 193.11
15768.8 193.542
15780.8 193.963
15792.8 194.406
15804.8 194.902
15816.8 195.489
15828.8 196.237
15840.8 197.384
15852.9 198.769
15864.9 199.503
15876.9 200.003
15888.9 200.351
15900.9 200.583
15912.9 200.724
15924.9 200.794
15936.9 200.818
15948.9 200.885
15961 200.815
15973 200.59
15985 200.256
15997 199.826
16009 199.307
16021 198.702
16033 198.012
16045 197.235
16057.1 196.356
16069.1 195.419
16081.1 194.413
16093.1 193.331
16105.1 192.166
16117.1 190.913
16129.1 189.561
16141.1 188.092
16153.2 186.461
16165.2 184.581
16177.2 182.826
16189.2 181.064
16201.2 179.255
16213.2 177.37
16225.2 175.381
16237.2 173.247
16249.2 170.886
16261.3 168.026
16273.3 164.727
16285.3 162.317
16297.3 160.23
16309.3 158.367
16321.3 156.691
16333.3 155.194
16345.3 153.888
16357.4 152.83
16369.4 152.364
16381.4 151.765
16393.4 150.838
16405.4 149.797
16417.4 148.703
16429.4 147.588
16441.4 146.482
16453.5 145.419
16465.5 144.467
16477.5 143.906
16489.5 142.984
16501.5 141.824
16513.5 140.529
16525.5 139.137
16537.5 137.671
16549.5 136.15
16561.6 134.594
16573.6 133.042
16585.6 131.58
16597.6 129.891
16609.6 128.077
16621.6 126.171
16633.6 124.19
16645.6 122.146
16657.7 120.053
16669.7 117.936
16681.7 115.868
16693.7 113.865
16705.7 111.5
16717.7 108.943
16729.7 106.217
16741.7 103.329
16753.8 100.269
16765.8 97.0155
16777.8 93.5129
16789.8 89.4776
16801.8 85.4143
16813.8 81.6332
16825.8 77.8976
16837.8 74.1422
16849.8 70.3227
16861.9 66.3928
16873.9 62.2845
16885.9 57.8519
16897.9 52.4119
16909.9 47.74
16921.9 43.6451
16933.9 39.8653
16945.9 36.3195
16958 32.9713
16970 29.8061
16982 26.8284
16994 24.0825
17006 21.7232
17018 19.1621
17030 16.5583
17042 13.9659
17054.1 11.4072
17066.1 8.89721
17078.1 6.45144
17090.1 4.09419
17102.1 1.89334
17114.1 -0.101462
17126.1 -2.33266
17138.1 -4.63053
17150.2 -6.9598
17162.2 -9.30569
17174.2 -11.6606
17186.2 -14.0209
17198.2 -16.3872
17210.2 -18.777
17222.2 -21.1594
17234.2 -23.4859
17246.2 -25.7802
17258.3 -28.0453
17270.3 -30.2816
17282.3 -32.4877
17294.3 -34.6607
17306.3 -36.7927
17318.3 -38.8423
17330.3 -40.9131
17342.3 -43.0023
17354.4 -45.093
17366.4 -47.1816
17378.4 -49.2679
17390.4 -51.3541
17402.4 -53.4458
17414.4 -55.5575
17426.4 -57.7375
17438.4 -59.837
17450.5 -61.8975
17462.5 -63.9403
17474.5 -65.9801
17486.5 -68.0333
17498.5 -70.1252
17510.5 -72.3036
17522.5 -74.7106
17534.5 -77.514
17546.5 -79.6327
17558.6 -81.455
17570.6 -83.066
17582.6 -84.5002
17594.6 -85.7768
17606.6 -86.9097
17618.6 -87.9173
17630.6 -88.8686
17642.6 -89.6848
17654.7 -90.0977
17666.7 -90.2047
17678.7 -89.9924
17690.7 -89.4172
17702.7 -88.398
17714.7 -86.7817
17726.7 -84.2111
17738.7 -78.7422
17750.8 -74.9062
17762.8 -72.9232
17774.8 -71.8831
17786.8 -71.5462
17798.8 -71.8234
17810.8 -72.7053
17822.8 -74.2673
17834.8 -76.7868
17846.8 -81.4427
17858.9 -84.5432
17870.9 -86.8701
17882.9 -88.8229
17894.9 -90.5384
17906.9 -92.0855
17918.9 -93.5042
17930.9 -94.8206
17942.9 -96.0526
17955 -97.213
17967 -98.3115
17979 -99.3553
17991 -100.35
18003 -101.301
18015 -102.211
18027 -103.084
18039 -103.923
18051.1 -104.729
18063.1 -105.504
18075.1 -106.25
18087.1 -106.969
18099.1 -107.662
18111.1 -108.329
18123.1 -108.973
18135.1 -109.594
18147.1 -110.192
18159.2 -110.769
18171.2 -111.325
18183.2 -111.862
18195.2 -112.378
18207.2 -112.876
18219.2 -113.356
18231.2 -113.818
18243.2 -114.262
18255.3 -114.69
18267.3 -115.101
18279.3 -115.496
18291.3 -115.876
18303.3 -116.241
18315.3 -116.59
18327.3 -116.926
18339.3 -117.247
18351.4 -117.554
18363.4 -117.848
18375.4 -118.128
18387.4 -118.396
18399.4 -118.651
18411.4 -118.894
18423.4 -119.125
18435.4 -119.345
18447.4 -119.553
18459.5 -119.749
18471.5 -119.935
18483.5 -120.11
18495.5 -120.275
18507.5 -120.429
18519.5 -120.574
18531.5 -120.709
18543.5 -120.834
18555.6 -120.95
18567.6 -121.056
18579.6 -121.154
18591.6 -121.244
18603.6 -121.324
18615.6 -121.397
18627.6 -121.461
18639.6 -121.518
18651.7 -121.566
18663.7 -121.607
18675.7 -121.641
18687.7 -121.668
18699.7 -121.687
18711.7 -121.7
18723.7 -121.706
18735.7 -121.706
18747.7 -121.699
18759.8 -121.686
18771.8 -121.666
18783.8 -121.641
18795.8 -121.61
18807.8 -121.574
18819.8 -121.531
18831.8 -121.484
18843.8 -121.431
18855.9 -121.373
18867.9 -121.31
18879.9 -121.243
18891.9 -121.17
18903.9 -121.093
18915.9 -121.011
18927.9 -120.925
18939.9 -120.835
18952 -120.741
18964 -120.642
18976 -120.54
18988 -120.433
19000 -120.323
