7000 -59.0391
7012.01 -59.7107
7024.02 -60.3831
7036.04 -61.0561
7048.05 -61.7296
7060.06 -62.4036
7072.07 -63.078
7084.08 -63.7527
7096.1 -64.4276
7108.11 -65.1026
7120.12 -65.7777
7132.13 -66.4527
7144.14 -67.1277
7156.16 -67.8024
7168.17 -68.477
7180.18 -69.1511
7192.19 -69.8249
7204.2 -70.4982
7216.22 -71.1709
7228.23 -71.843
7240.24 -72.5143
7252.25 -73.1849
7264.26 -73.8547
7276.28 -74.5235
7288.29 -75.1914
7300.3 -75.8582
7312.31 -76.5239
7324.32 -77.1884
7336.34 -77.8517
7348.35 -78.5137
7360.36 -79.1743
7372.37 -79.8335
7384.38 -80.4913
7396.4 -81.1475
7408.41 -81.8021
7420.42 -82.4551
7432.43 -83.1064
7444.44 -83.7558
7456.46 -84.4034
7468.47 -85.0489
7480.48 -85.692
7492.49 -86.3324
7504.5 -86.969
7516.52 -87.5992
7528.53 -88.2076
7540.54 -88.8335
7552.55 -89.4782
7564.56 -90.1362
7576.58 -90.8079
7588.59 -91.4961
7600.6 -92.2065
7612.61 -92.951
7624.62 -93.7612
7636.64 -94.7542
7648.65 -95.5546
7660.66 -96.2475
7672.67 -96.8702
7684.68 -97.4334
7696.7 -97.9396
7708.71 -98.3849
7720.72 -98.7561
7732.73 -99.009
7744.74 -99.0783
7756.76 -99.336
7768.77 -99.6535
7780.78 -100.002
7792.79 -100.369
7804.8 -100.75
7816.82 -101.143
7828.83 -101.55
7840.84 -101.985
7852.85 -102.434
7864.86 -102.825
7876.88 -103.188
7888.89 -103.527
7900.9 -103.839
7912.91 -104.122
7924.92 -104.369
7936.94 -104.561
7948.95 -104.605
7960.96 -104.712
7972.97 -104.906
7984.98 -105.139
7997 -105.398
8009.01 -105.679
8021.02 -105.98
8033.03 -106.303
8045.05 -106.658
8057.06 -107.09
8069.07 -107.463
8081.08 -107.804
8093.09 -108.128
8105.11 -108.444
8117.12 -108.757
8129.13 -109.074
8141.14 -109.407
8153.15 -109.791
8165.17 -110.292
8177.18 -110.6
8189.19 -110.814
8201.2 -110.957
8213.21 -111.036
8225.23 -111.048
8237.24 -110.987
8249.25 -110.832
8261.26 -110.501
8273.27 -110.017
8285.29 -109.778
8297.3 -109.616
8309.31 -109.502
8321.32 -109.425
8333.33 -109.384
8345.35 -109.383
8357.36 -109.44
8369.37 -109.66
8381.38 -109.822
8393.39 -109.863
8405.41 -109.848
8417.42 -109.794
8429.43 -109.711
8441.44 -109.602
8453.45 -109.471
8465.47 -109.32
8477.48 -109.152
8489.49 -108.968
8501.5 -108.769
8513.51 -108.558
8525.53 -108.335
8537.54 -108.101
8549.55 -107.858
8561.56 -107.607
8573.57 -107.348
8585.59 -107.084
8597.6 -106.814
8609.61 -106.541
8621.62 -106.265
8633.63 -105.988
8645.65 -105.709
8657.66 -105.431
8669.67 -105.154
8681.68 -104.879
8693.69 -104.608
8705.71 -104.34
8717.72 -104.077
8729.73 -103.821
8741.74 -103.571
8753.75 -103.328
8765.77 -103.093
8777.78 -102.867
8789.79 -102.651
8801.8 -102.445
8813.81 -102.25
8825.83 -102.066
8837.84 -101.893
8849.85 -101.733
8861.86 -101.586
8873.87 -101.452
8885.89 -101.331
8897.9 -101.224
8909.91 -101.131
8921.92 -101.052
8933.93 -100.987
8945.95 -100.937
8957.96 -100.901
8969.97 -100.881
8981.98 -100.874
8993.99 -100.883
9006.01 -100.906
9018.02 -100.944
9030.03 -100.996
9042.04 -101.063
9054.05 -101.145
9066.07 -101.24
9078.08 -101.349
9090.09 -101.473
9102.1 -101.61
9114.11 -101.76
9126.13 -101.924
9138.14 -102.1
9150.15 -102.29
9162.16 -102.492
9174.17 -102.706
9186.19 -102.931
9198.2 -103.169
9210.21 -103.418
9222.22 -103.678
9234.23 -103.949
9246.25 -104.23
9258.26 -104.522
9270.27 -104.823
9282.28 -105.134
9294.29 -105.454
9306.31 -105.784
9318.32 -106.122
9330.33 -106.468
9342.34 -106.823
9354.35 -107.185
9366.37 -107.555
9378.38 -107.932
9390.39 -108.316
9402.4 -108.707
9414.41 -109.104
9426.43 -109.508
9438.44 -109.917
9450.45 -110.332
9462.46 -110.752
9474.47 -111.178
9486.49 -111.608
9498.5 -112.043
9510.51 -112.482
9522.52 -112.925
9534.53 -113.372
9546.55 -113.822
9558.56 -114.276
9570.57 -114.733
9582.58 -115.193
9594.59 -115.655
9606.61 -116.12
9618.62 -116.587
9630.63 -117.055
9642.64 -117.526
9654.65 -117.998
9666.67 -118.47
9678.68 -118.944
9690.69 -119.419
9702.7 -119.894
9714.71 -120.369
9726.73 -120.844
9738.74 -121.319
9750.75 -121.793
9762.76 -122.267
9774.77 -122.739
9786.79 -123.211
9798.8 -123.68
9810.81 -124.148
9822.82 -124.614
9834.83 -125.078
9846.85 -125.539
9858.86 -125.997
9870.87 -126.452
9882.88 -126.904
9894.89 -127.351
9906.91 -127.795
9918.92 -128.235
9930.93 -128.669
9942.94 -129.099
9954.95 -129.524
9966.97 -129.943
9978.98 -130.356
9990.99 -130.762
10003 -131.162
10015 -131.555
10027 -131.94
10039 -132.318
10051.1 -132.687
10063.1 -133.048
10075.1 -133.399
10087.1 -133.742
10099.1 -134.074
10111.1 -134.396
10123.1 -134.707
10135.1 -135.006
10147.1 -135.294
10159.2 -135.569
10171.2 -135.832
10183.2 -136.081
10195.2 -136.316
10207.2 -136.537
10219.2 -136.743
10231.2 -136.933
10243.2 -137.107
10255.3 -137.263
10267.3 -137.402
10279.3 -137.523
10291.3 -137.626
10303.3 -137.708
10315.3 -137.77
10327.3 -137.811
10339.3 -137.831
10351.4 -137.828
10363.4 -137.801
10375.4 -137.75
10387.4 -137.675
10399.4 -137.574
10411.4 -137.446
10423.4 -137.29
10435.4 -137.106
10447.4 -136.893
10459.5 -136.65
10471.5 -136.376
10483.5 -136.069
10495.5 -135.729
10507.5 -135.355
10519.5 -134.946
10531.5 -134.501
10543.5 -134.019
10555.6 -133.498
10567.6 -132.938
10579.6 -132.338
10591.6 -131.696
10603.6 -131.011
10615.6 -130.283
10627.6 -129.509
10639.6 -128.69
10651.7 -127.823
10663.7 -126.907
10675.7 -125.942
10687.7 -124.927
10699.7 -123.859
10711.7 -122.738
10723.7 -121.562
10735.7 -120.33
10747.7 -119.042
10759.8 -117.695
10771.8 -116.289
10783.8 -114.823
10795.8 -113.294
10807.8 -111.702
10819.8 -110.045
10831.8 -108.323
10843.8 -106.533
10855.9 -104.675
10867.9 -102.746
10879.9 -100.747
10891.9 -98.674
10903.9 -96.5268
10915.9 -94.3034
10927.9 -92.002
10939.9 -89.6205
10952 -87.1566
10964 -84.608
10976 -81.9715
10988 -79.2436
11000 -76.4202
11012 -73.4957
11024 -70.4633
11036 -67.3137
11048 -64.0338
11060.1 -60.6046
11072.1 -56.995
11084.1 -53.1487
11096.1 -48.9322
11108.1 -43.6645
11120.1 -39.0751
11132.1 -35.0521
11144.1 -31.3254
11156.2 -27.8208
11168.2 -24.5132
11180.2 -21.406
11192.2 -18.535
11204.2 -16.0211
11216.2 -14.2676
11228.2 -11.8702
11240.2 -9.19995
11252.3 -6.39675
11264.3 -3.51698
11276.3 -0.596571
11288.3 2.33231
11300.3 5.22731
11312.3 7.98538
11324.3 10.5098
11336.3 13.4771
11348.3 16.6329
11360.4 19.9233
11372.4 23.3284
11384.4 26.8433
11396.4 30.477
11408.4 34.2657
11420.4 38.3903
11432.4 42.6308
11444.4 46.4256
11456.5 50.0439
11468.5 53.5254
11480.5 56.8782
11492.5 60.0937
11504.5 63.1447
11516.5 65.9609
11528.5 68.1625
11540.5 70.6543
11552.6 73.4366
11564.6 76.3373
11576.6 79.3038
11588.6 82.3089
11600.6 85.335
11612.6 88.3683
11624.6 91.3934
11636.6 94.377
11648.6 97.4026
11660.7 100.447
11672.7 103.501
11684.7 106.56
11696.7 109.627
11708.7 112.707
11720.7 115.818
11732.7 119.019
11744.7 122.393
11756.8 125.446
11768.8 128.346
11780.8 131.13
11792.8 133.809
11804.8 136.385
11816.8 138.853
11828.8 141.195
11840.8 143.34
11852.9 145.34
11864.9 147.481
11876.9 149.631
11888.9 151.766
11900.9 153.876
11912.9 155.956
11924.9 158.003
11936.9 160.014
11948.9 161.99
11961 163.924
11973 165.814
11985 167.659
11997 169.458
12009 171.209
12021 172.908
12033 174.545
12045 176.093
12057.1 177.437
12069.1 178.935
12081.1 180.523
12093.1 182.167
12105.1 183.867
12117.1 185.631
12129.1 187.486
12141.1 189.486
12153.2 191.791
12165.2 194.717
12177.2 196.794
12189.2 198.495
12201.2 199.933
12213.2 201.146
12225.2 202.141
12237.2 202.9
12249.2 203.362
12261.3 203.28
12273.3 202.718
12285.3 202.928
12297.3 203.385
12309.3 203.996
12321.3 204.73
12333.3 205.577
12345.3 206.548
12357.4 207.684
12369.4 209.245
12381.4 210.683
12393.4 211.849
12405.4 212.904
12417.4 213.893
12429.4 214.837
12441.4 215.755
12453.5 216.663
12465.5 217.589
12477.5 218.641
12489.5 219.541
12501.5 220.336
12513.5 221.066
12525.5 221.747
12537.5 222.389
12549.5 223.001
12561.6 223.593
12573.6 224.182
12585.6 224.81
12597.6 225.331
12609.6 225.794
12621.6 226.214
12633.6 226.6
12645.6 226.959
12657.7 227.3
12669.7 227.637
12681.7 228.012
12693.7 228.436
12705.7 228.665
12717.7 228.796
12729.7 228.846
12741.7 228.819
12753.8 228.713
12765.8 228.517
12777.8 228.207
12789.8 227.639
12801.8 227.076
12813.8 226.68
12825.8 226.337
12837.8 226.02
12849.8 225.718
12861.9 225.426
12873.9 225.14
12885.9 224.864
12897.9 224.626
12909.9 224.342
12921.9 224.017
12933.9 223.659
12945.9 223.27
12958 222.844
12970 222.374
12982 221.844
12994 221.209
13006 220.337
13018 219.709
13030 219.193
13042 218.748
13054.1 218.361
13066.1 218.032
13078.1 217.766
13090.1 217.588
13102.1 217.583
13114.1 217.811
13126.1 217.665
13138.1 217.37
13150.2 216.963
13162.2 216.457
13174.2 215.847
13186.2 215.115
13198.2 214.214
13210.2 212.919
13222.2 211.544
13234.2 210.596
13246.2 209.796
13258.3 209.093
13270.3 208.463
13282.3 207.893
13294.3 207.379
13306.3 206.921
13318.3 206.555
13330.3 206.178
13342.3 205.791
13354.4 205.407
13366.4 205.029
13378.4 204.655
13390.4 204.283
13402.4 203.902
13414.4 203.492
13426.4 202.97
13438.4 202.607
13450.5 202.339
13462.5 202.142
13474.5 202.009
13486.5 201.942
13498.5 201.947
13510.5 202.041
13522.5 202.277
13534.5 202.719
13546.5 202.965
13558.6 203.163
13570.6 203.348
13582.6 203.54
13594.6 203.752
13606.6 204.004
13618.6 204.328
13630.6 204.836
13642.6 205.43
13654.7 205.738
13666.7 205.942
13678.7 206.075
13690.7 206.152
13702.7 206.18
13714.7 206.164
13726.7 206.102
13738.7 205.969
13750.8 205.83
13762.8 205.691
13774.8 205.537
13786.8 205.364
13798.8 205.171
13810.8 204.953
13822.8 204.703
13834.8 204.407
13846.8 204.007
13858.9 203.679
13870.9 203.385
13882.9 203.104
13894.9 202.829
13906.9 202.557
13918.9 202.283
13930.9 202.005
13942.9 201.716
13955 201.409
13967 201.118
13979 200.831
13991 200.544
14003 200.253
14015 199.957
14027 199.652
14039 199.334
14051.1 198.991
14063.1 198.626
14075.1 198.288
14087.1 197.953
14099.1 197.613
14111.1 197.264
14123.1 196.898
14135.1 196.505
14147.1 196.065
14159.2 195.46
14171.2 194.938
14183.2 194.544
14195.2 194.213
14207.2 193.929
14219.2 193.686
14231.2 193.478
14243.2 193.306
14255.3 193.176
14267.3 193.112
14279.3 193.036
14291.3 192.962
14303.3 192.9
14315.3 192.854
14327.3 192.828
14339.3 192.826
14351.4 192.857
14363.4 192.94
14375.4 193.117
14387.4 193.213
14399.4 193.285
14411.4 193.35
14423.4 193.417
14435.4 193.491
14447.4 193.58
14459.5 193.696
14471.5 193.874
14483.5 194.117
14495.5 194.244
14507.5 194.334
14519.5 194.402
14531.5 194.456
14543.5 194.504
14555.6 194.553
14567.6 194.617
14579.6 194.764
14591.6 194.864
14603.6 194.865
14615.6 194.815
14627.6 194.722
14639.6 194.591
14651.7 194.424
14663.7 194.22
14675.7 193.974
14687.7 193.664
14699.7 193.349
14711.7 193.02
14723.7 192.666
14735.7 192.28
14747.7 191.855
14759.8 191.383
14771.8 190.846
14783.8 190.202
14795.8 189.341
14807.8 188.67
14819.8 188.067
14831.8 187.491
14843.8 186.922
14855.9 186.345
14867.9 185.743
14879.9 185.088
14891.9 184.297
14903.9 183.335
14915.9 182.692
14927.9 182.173
14939.9 181.74
14952 181.377
14964 181.078
14976 180.84
14988 180.668
15000 180.599
15012 180.569
15024 180.513
15036 180.471
15048 180.453
15060.1 180.468
15072.1 180.522
15084.1 180.63
15096.1 180.818
15108.1 181.225
15120.1 181.509
15132.1 181.696
15144.1 181.844
15156.2 181.971
15168.2 182.09
15180.2 182.211
15192.2 182.348
15204.2 182.53
15216.2 182.839
15228.2 182.997
15240.2 183.079
15252.3 183.114
15264.3 183.113
15276.3 183.082
15288.3 183.026
15300.3 182.949
15312.3 182.859
15324.3 182.76
15336.3 182.619
15348.3 182.452
15360.4 182.26
15372.4 182.048
15384.4 181.817
15396.4 181.572
15408.4 181.323
15420.4 181.11
15432.4 180.884
15444.4 180.514
15456.5 180.06
15468.5 179.526
15480.5 178.907
15492.5 178.191
15504.5 177.351
15516.5 176.323
15528.5 174.773
15540.5 173.498
15552.6 172.499
15564.6 171.623
15576.6 170.825
15588.6 170.079
15600.6 169.367
15612.6 168.67
15624.6 167.953
15636.6 167.105
15648.6 166.469
15660.7 165.965
15672.7 165.559
15684.7 165.242
15696.7 165.015
15708.7 164.887
15720.7 164.88
15732.7 165.065
15744.7 165.543
15756.8 165.747
15768.8 165.88
15780.8 165.993
15792.8 166.114
15804.8 166.264
15816.8 166.473
15828.8 166.789
15840.8 167.381
15852.9 168.136
15864.9 168.431
15876.9 168.558
15888.9 168.575
15900.9 168.508
15912.9 168.376
15924.9 168.192
15936.9 167.975
15948.9 167.793
15961 167.508
15973 167.106
15985 166.621
15997 166.063
16009 165.436
16021 164.742
16033 163.978
16045 163.137
16057.1 162.182
16069.1 161.222
16081.1 160.234
16093.1 159.205
16105.1 158.126
16117.1 156.992
16129.1 155.793
16141.1 154.516
16153.2 153.125
16165.2 151.552
16177.2 150.092
16189.2 148.643
16201.2 147.174
16213.2 145.667
16225.2 144.102
16237.2 142.453
16249.2 140.671
16261.3 138.59
16273.3 136.246
16285.3 134.445
16297.3 132.843
16309.3 131.381
16321.3 130.036
16333.3 128.803
16345.3 127.69
16357.4 126.733
16369.4 126.146
16381.4 125.477
16393.4 124.602
16405.4 123.657
16417.4 122.678
16429.4 121.685
16441.4 120.696
16453.5 119.731
16465.5 118.829
16477.5 118.15
16489.5 117.263
16501.5 116.235
16513.5 115.127
16525.5 113.959
16537.5 112.743
16549.5 111.486
16561.6 110.196
16573.6 108.883
16585.6 107.563
16597.6 106.18
16609.6 104.754
16621.6 103.291
16633.6 101.796
16645.6 100.273
16657.7 98.7241
16669.7 97.1578
16681.7 95.5969
16693.7 94.0453
16705.7 92.3661
16717.7 90.6115
16729.7 88.7883
16741.7 86.8952
16753.8 84.926
16765.8 82.8668
16777.8 80.6867
16789.8 78.2266
16801.8 75.769
16813.8 73.4881
16825.8 71.2524
16837.8 69.0267
16849.8 66.7885
16861.9 64.5157
16873.9 62.177
16885.9 59.7071
16897.9 56.8025
16909.9 54.2512
16921.9 51.9683
16933.9 49.838
16945.9 47.8249
16958 45.9138
16970 44.1002
16982 42.3896
16994 40.8116
17006 39.464
17018 37.9808
17030 36.4614
17042 34.9397
17054.1 33.4292
17066.1 31.9384
17078.1 30.475
17090.1 29.0503
17102.1 27.6936
17114.1 26.4266
17126.1 25.06
17138.1 23.6665
17150.2 22.2609
17162.2 20.8492
17174.2 19.434
17186.2 18.0155
17198.2 16.5909
17210.2 15.1407
17222.2 13.6945
17234.2 12.2988
17246.2 10.9288
17258.3 9.58026
17270.3 8.25133
17282.3 6.94116
17294.3 5.6494
17306.3 4.37632
17318.3 3.12518
17330.3 1.88667
17342.3 0.660741
17354.4 -0.55152
17366.4 -1.75023
17378.4 -2.93595
17390.4 -4.10976
17402.4 -5.27354
17414.4 -6.43171
17426.4 -7.59819
17438.4 -8.7313
17450.5 -9.84318
17462.5 -10.9405
17474.5 -12.0281
17486.5 -13.1121
17498.5 -14.2019
17510.5 -15.3156
17522.5 -16.5081
17534.5 -17.844
17546.5 -18.9041
17558.6 -19.8385
17570.6 -20.6797
17582.6 -21.4407
17594.6 -22.1282
17606.6 -22.7472
17618.6 -23.3047
17630.6 -23.83
17642.6 -24.2871
17654.7 -24.556
17666.7 -24.6778
17678.7 -24.6438
17690.7 -24.431
17702.7 -23.9975
17714.7 -23.2648
17726.7 -22.0507
17738.7 -19.3628
17750.8 -17.5142
17762.8 -16.6172
17774.8 -16.208
17786.8 -16.1648
17798.8 -16.4433
17810.8 -17.0404
17822.8 -17.998
17834.8 -19.4661
17846.8 -22.0787
17858.9 -23.8528
17870.9 -25.2089
17882.9 -26.3619
17894.9 -27.3856
17906.9 -28.3171
17918.9 -29.1783
17930.9 -29.9831
17942.9 -30.7415
17955 -31.4603
17967 -32.1447
17979 -32.799
17991 -33.4261
18003 -34.0286
18015 -34.6087
18027 -35.1679
18039 -35.7079
18051.1 -36.2297
18063.1 -36.7345
18075.1 -37.2232
18087.1 -37.6965
18099.1 -38.1552
18111.1 -38.5999
18123.1 -39.0312
18135.1 -39.4496
18147.1 -39.8555
18159.2 -40.2494
18171.2 -40.6316
18183.2 -41.0026
18195.2 -41.3627
18207.2 -41.7121
18219.2 -42.0512
18231.2 -42.3803
18243.2 -42.6995
18255.3 -43.0093
18267.3 -43.3097
18279.3 -43.6011
18291.3 -43.8836
18303.3 -44.1575
18315.3 -44.4229
18327.3 -44.68
18339.3 -44.9291
18351.4 -45.1703
18363.4 -45.4037
18375.4 -45.6296
18387.4 -45.8481
18399.4 -46.0593
18411.4 -46.2635
18423.4 -46.4607
18435.4 -46.6512
18447.4 -46.835
18459.5 -47.0122
18471.5 -47.1831
18483.5 -47.3478
18495.5 -47.5063
18507.5 -47.6588
18519.5 -47.8055
18531.5 -47.9464
18543.5 -48.0817
18555.6 -48.2114
18567.6 -48.3358
18579.6 -48.4548
18591.6 -48.5687
18603.6 -48.6775
18615.6 -48.7813
18627.6 -48.8803
18639.6 -48.9745
18651.7 -49.064
18663.7 -49.1489
18675.7 -49.2294
18687.7 -49.3054
18699.7 -49.3772
18711.7 -49.4448
18723.7 -49.5082
18735.7 -49.5676
18747.7 -49.623
18759.8 -49.6746
18771.8 -49.7224
18783.8 -49.7665
18795.8 -49.807
18807.8 -49.8439
18819.8 -49.8774
18831.8 -49.9074
18843.8 -49.9341
18855.9 -49.9576
18867.9 -49.9779
18879.9 -49.9951
18891.9 -50.0092
18903.9 -50.0203
18915.9 -50.0286
18927.9 -50.034
18939.9 -50.0365
18952 -50.0364
18964 -50.0336
18976 -50.0282
18988 -50.0202
19000 -50.0098
