7000 -77.1149
7012.01 -77.3659
7024.02 -77.6153
7036.04 -77.8633
7048.05 -78.1099
7060.06 -78.3549
7072.07 -78.5985
7084.08 -78.8405
7096.1 -79.0811
7108.11 -79.3201
7120.12 -79.5575
7132.13 -79.7934
7144.14 -80.0277
7156.16 -80.2604
7168.17 -80.4916
7180.18 -80.7212
7192.19 -80.9492
7204.2 -81.1756
7216.22 -81.4004
7228.23 -81.6236
7240.24 -81.8452
7252.25 -82.0652
7264.26 -82.2836
7276.28 -82.5004
7288.29 -82.7157
7300.3 -82.9295
7312.31 -83.1417
7324.32 -83.3524
7336.34 -83.5616
7348.35 -83.7695
7360.36 -83.976
7372.37 -84.1811
7384.38 -84.3851
7396.4 -84.5879
7408.41 -84.7898
7420.42 -84.9908
7432.43 -85.1913
7444.44 -85.3914
7456.46 -85.5917
7468.47 -85.7925
7480.48 -85.9948
7492.49 -86.1999
7504.5 -86.4102
7516.52 -86.6313
7528.53 -86.8931
7540.54 -87.124
7552.55 -87.3232
7564.56 -87.504
7576.58 -87.6698
7588.59 -87.8216
7600.6 -87.9594
7612.61 -88.0815
7624.62 -88.1828
7636.64 -88.2432
7648.65 -88.3265
7660.66 -88.4177
7672.67 -88.5099
7684.68 -88.6001
7696.7 -88.6862
7708.71 -88.7661
7720.72 -88.8366
7732.73 -88.8891
7744.74 -88.9119
7756.76 -88.9696
7768.77 -89.0397
7780.78 -89.1166
7792.79 -89.1982
7804.8 -89.2833
7816.82 -89.3713
7828.83 -89.4619
7840.84 -89.556
7852.85 -89.6523
7864.86 -89.7464
7876.88 -89.8401
7888.89 -89.9336
7900.9 -90.0271
7912.91 -90.1207
7924.92 -90.2144
7936.94 -90.3086
7948.95 -90.4055
7960.96 -90.4998
7972.97 -90.591
7984.98 -90.6798
7997 -90.766
8009.01 -90.8491
8021.02 -90.9277
8033.03 -90.9992
8045.05 -91.0557
8057.06 -91.0634
8069.07 -91.1264
8081.08 -91.2264
8093.09 -91.3537
8105.11 -91.5081
8117.12 -91.6929
8129.13 -91.9165
8141.14 -92.197
8153.15 -92.5883
8165.17 -93.1967
8177.18 -93.523
8189.19 -93.7261
8201.2 -93.8435
8213.21 -93.8858
8225.23 -93.8524
8237.24 -93.733
8249.25 -93.4979
8261.26 -93.0339
8273.27 -92.3714
8285.29 -92.0716
8297.3 -91.8964
8309.31 -91.8041
8321.32 -91.7794
8333.33 -91.8175
8345.35 -91.9218
8357.36 -92.1099
8369.37 -92.4973
8381.38 -92.8395
8393.39 -93.067
8405.41 -93.2515
8417.42 -93.4106
8429.43 -93.5526
8441.44 -93.6821
8453.45 -93.8019
8465.47 -93.9142
8477.48 -94.0203
8489.49 -94.1212
8501.5 -94.2177
8513.51 -94.3106
8525.53 -94.4003
8537.54 -94.4872
8549.55 -94.5717
8561.56 -94.6542
8573.57 -94.7348
8585.59 -94.8139
8597.6 -94.8915
8609.61 -94.968
8621.62 -95.0434
8633.63 -95.118
8645.65 -95.1918
8657.66 -95.265
8669.67 -95.3377
8681.68 -95.41
8693.69 -95.4821
8705.71 -95.554
8717.72 -95.6258
8729.73 -95.6977
8741.74 -95.7696
8753.75 -95.8418
8765.77 -95.9141
8777.78 -95.9869
8789.79 -96.06
8801.8 -96.1336
8813.81 -96.2078
8825.83 -96.2826
8837.84 -96.3581
8849.85 -96.4343
8861.86 -96.5113
8873.87 -96.5892
8885.89 -96.668
8897.9 -96.7478
8909.91 -96.8285
8921.92 -96.9104
8933.93 -96.9934
8945.95 -97.0775
8957.96 -97.1629
8969.97 -97.2495
8981.98 -97.3374
8993.99 -97.4266
9006.01 -97.5173
9018.02 -97.6093
9030.03 -97.7028
9042.04 -97.7977
9054.05 -97.8942
9066.07 -97.9922
9078.08 -98.0918
9090.09 -98.193
9102.1 -98.2958
9114.11 -98.4002
9126.13 -98.5063
9138.14 -98.6141
9150.15 -98.7235
9162.16 -98.8347
9174.17 -98.9476
9186.19 -99.0622
9198.2 -99.1786
9210.21 -99.2967
9222.22 -99.4165
9234.23 -99.5381
9246.25 -99.6614
9258.26 -99.7865
9270.27 -99.9133
9282.28 -100.042
9294.29 -100.172
9306.31 -100.304
9318.32 -100.438
9330.33 -100.573
9342.34 -100.71
9354.35 -100.848
9366.37 -100.988
9378.38 -101.13
9390.39 -101.273
9402.4 -101.418
9414.41 -101.564
9426.43 -101.712
9438.44 -101.86
9450.45 -102.011
9462.46 -102.162
9474.47 -102.315
9486.49 -102.468
9498.5 -102.623
9510.51 -102.779
9522.52 -102.936
9534.53 -103.093
9546.55 -103.252
9558.56 -103.411
9570.57 -103.57
9582.58 -103.73
9594.59 -103.891
9606.61 -104.052
9618.62 -104.213
9630.63 -104.374
9642.64 -104.535
9654.65 -104.696
9666.67 -104.857
9678.68 -105.017
9690.69 -105.177
9702.7 -105.336
9714.71 -105.494
9726.73 -105.652
9738.74 -105.808
9750.75 -105.963
9762.76 -106.116
9774.77 -106.268
9786.79 -106.418
9798.8 -106.566
9810.81 -106.711
9822.82 -106.855
9834.83 -106.995
9846.85 -107.133
9858.86 -107.268
9870.87 -107.399
9882.88 -107.527
9894.89 -107.652
9906.91 -107.772
9918.92 -107.888
9930.93 -107.999
9942.94 -108.106
9954.95 -108.207
9966.97 -108.303
9978.98 -108.394
9990.99 -108.478
10003 -108.556
10015 -108.628
10027 -108.692
10039 -108.749
10051.1 -108.798
10063.1 -108.84
10075.1 -108.873
10087.1 -108.897
10099.1 -108.912
10111.1 -108.917
10123.1 -108.912
10135.1 -108.897
10147.1 -108.871
10159.2 -108.834
10171.2 -108.784
10183.2 -108.723
10195.2 -108.649
10207.2 -108.561
10219.2 -108.46
10231.2 -108.345
10243.2 -108.215
10255.3 -108.069
10267.3 -107.908
10279.3 -107.73
10291.3 -107.536
10303.3 -107.324
10315.3 -107.094
10327.3 -106.845
10339.3 -106.577
10351.4 -106.289
10363.4 -105.981
10375.4 -105.651
10387.4 -105.299
10399.4 -104.926
10411.4 -104.529
10423.4 -104.108
10435.4 -103.663
10447.4 -103.193
10459.5 -102.697
10471.5 -102.174
10483.5 -101.625
10495.5 -101.047
10507.5 -100.441
10519.5 -99.8057
10531.5 -99.1403
10543.5 -98.4443
10555.6 -97.7168
10567.6 -96.9572
10579.6 -96.1647
10591.6 -95.3387
10603.6 -94.4784
10615.6 -93.5831
10627.6 -92.6522
10639.6 -91.6849
10651.7 -90.6805
10663.7 -89.6384
10675.7 -88.5578
10687.7 -87.4382
10699.7 -86.2788
10711.7 -85.079
10723.7 -83.8382
10735.7 -82.5557
10747.7 -81.2309
10759.8 -79.8632
10771.8 -78.4521
10783.8 -76.9968
10795.8 -75.497
10807.8 -73.9519
10819.8 -72.361
10831.8 -70.7238
10843.8 -69.0397
10855.9 -67.3082
10867.9 -65.5286
10879.9 -63.7004
10891.9 -61.8229
10903.9 -59.8956
10915.9 -57.9175
10927.9 -55.888
10939.9 -53.8061
10952 -51.6707
10964 -49.4806
10976 -47.2341
10988 -44.9293
11000 -42.5637
11012 -40.1341
11024 -37.636
11036 -35.0635
11048 -32.4081
11060.1 -29.6565
11072.1 -26.7876
11084.1 -23.7619
11096.1 -20.4854
11108.1 -16.4756
11120.1 -12.9605
11132.1 -9.86157
11144.1 -6.98808
11156.2 -4.28852
11168.2 -1.7467
11180.2 0.632917
11192.2 2.82124
11204.2 4.72352
11216.2 6.02693
11228.2 7.81793
11240.2 9.80868
11252.3 11.8905
11264.3 14.0193
11276.3 16.1669
11288.3 18.3078
11300.3 20.4081
11312.3 22.3854
11324.3 24.1619
11336.3 26.2821
11348.3 28.5416
11360.4 30.8971
11372.4 33.3325
11384.4 35.8436
11396.4 38.4369
11408.4 41.1389
11420.4 44.0837
11432.4 47.1087
11444.4 49.7989
11456.5 52.3538
11468.5 54.803
11480.5 57.1528
11492.5 59.3974
11504.5 61.5167
11516.5 63.4585
11528.5 64.9378
11540.5 66.6365
11552.6 68.5561
11564.6 70.568
11576.6 72.6342
11588.6 74.7361
11600.6 76.863
11612.6 79.0089
11624.6 81.172
11636.6 83.3609
11648.6 85.5352
11660.7 87.7024
11672.7 89.8668
11684.7 92.031
11696.7 94.1992
11708.7 96.3788
11720.7 98.5854
11732.7 100.867
11744.7 103.29
11756.8 105.465
11768.8 107.527
11780.8 109.506
11792.8 111.413
11804.8 113.251
11816.8 115.02
11828.8 116.711
11840.8 118.288
11852.9 119.78
11864.9 121.341
11876.9 122.904
11888.9 124.454
11900.9 125.99
11912.9 127.511
11924.9 129.017
11936.9 130.516
11948.9 132.047
11961 133.52
11973 134.927
11985 136.286
11997 137.602
12009 138.877
12021 140.11
12033 141.295
12045 142.414
12057.1 143.381
12069.1 144.464
12081.1 145.616
12093.1 146.815
12105.1 148.059
12117.1 149.361
12129.1 150.742
12141.1 152.249
12153.2 154.022
12165.2 156.333
12177.2 157.916
12189.2 159.179
12201.2 160.222
12213.2 161.078
12225.2 161.757
12237.2 162.247
12249.2 162.507
12261.3 162.362
12273.3 161.858
12285.3 161.884
12297.3 162.065
12309.3 162.336
12321.3 162.673
12333.3 163.067
12345.3 163.521
12357.4 164.057
12369.4 164.824
12381.4 165.505
12393.4 166.012
12405.4 166.437
12417.4 166.801
12429.4 167.113
12441.4 167.378
12453.5 167.593
12465.5 167.752
12477.5 167.801
12489.5 167.891
12501.5 168.001
12513.5 168.111
12525.5 168.218
12537.5 168.32
12549.5 168.418
12561.6 168.512
12573.6 168.61
12585.6 168.728
12597.6 168.801
12609.6 168.851
12621.6 168.884
12633.6 168.904
12645.6 168.914
12657.7 168.919
12669.7 168.931
12681.7 168.98
12693.7 169.072
12705.7 169.019
12717.7 168.894
12729.7 168.709
12741.7 168.465
12753.8 168.158
12765.8 167.776
12777.8 167.292
12789.8 166.552
12801.8 165.835
12813.8 165.314
12825.8 164.867
12837.8 164.465
12849.8 164.096
12861.9 163.756
12873.9 163.443
12885.9 163.163
12897.9 162.961
12909.9 162.708
12921.9 162.417
12933.9 162.101
12945.9 161.763
12958 161.402
12970 161.009
12982 160.571
12994 160.046
13006 159.309
13018 158.818
13030 158.451
13042 158.169
13054.1 157.962
13066.1 157.832
13078.1 157.79
13090.1 157.868
13102.1 158.174
13114.1 158.783
13126.1 158.95
13138.1 158.953
13150.2 158.845
13162.2 158.646
13174.2 158.357
13186.2 157.971
13198.2 157.455
13210.2 156.649
13222.2 155.784
13234.2 155.232
13246.2 154.792
13258.3 154.431
13270.3 154.135
13282.3 153.901
13294.3 153.739
13306.3 153.674
13318.3 153.871
13330.3 153.916
13342.3 153.823
13354.4 153.658
13366.4 153.439
13378.4 153.171
13390.4 152.851
13402.4 152.467
13414.4 151.982
13426.4 151.261
13438.4 150.754
13450.5 150.351
13462.5 150.008
13474.5 149.709
13486.5 149.447
13498.5 149.219
13510.5 149.024
13522.5 148.867
13534.5 148.757
13546.5 148.641
13558.6 148.538
13570.6 148.453
13582.6 148.393
13594.6 148.36
13606.6 148.366
13618.6 148.426
13630.6 148.609
13642.6 148.853
13654.7 148.93
13666.7 148.951
13678.7 148.934
13690.7 148.887
13702.7 148.814
13714.7 148.713
13726.7 148.578
13738.7 148.357
13750.8 148.174
13762.8 148.034
13774.8 147.916
13786.8 147.811
13798.8 147.718
13810.8 147.636
13822.8 147.566
13834.8 147.508
13846.8 147.474
13858.9 147.433
13870.9 147.393
13882.9 147.356
13894.9 147.326
13906.9 147.305
13918.9 147.295
13930.9 147.3
13942.9 147.334
13955 147.417
13967 147.447
13979 147.458
13991 147.46
14003 147.456
14015 147.451
14027 147.445
14039 147.444
14051.1 147.458
14063.1 147.483
14075.1 147.475
14087.1 147.453
14099.1 147.422
14111.1 147.384
14123.1 147.339
14135.1 147.288
14147.1 147.231
14159.2 147.167
14171.2 147.099
14183.2 147.029
14195.2 146.956
14207.2 146.879
14219.2 146.798
14231.2 146.712
14243.2 146.62
14255.3 146.518
14267.3 146.394
14279.3 146.283
14291.3 146.18
14303.3 146.078
14315.3 145.976
14327.3 145.872
14339.3 145.764
14351.4 145.648
14363.4 145.516
14375.4 145.348
14387.4 145.227
14399.4 145.127
14411.4 145.041
14423.4 144.966
14435.4 144.901
14447.4 144.846
14459.5 144.802
14471.5 144.773
14483.5 144.759
14495.5 144.737
14507.5 144.719
14519.5 144.706
14531.5 144.7
14543.5 144.702
14555.6 144.718
14567.6 144.753
14579.6 144.845
14591.6 144.921
14603.6 144.952
14615.6 144.964
14627.6 144.962
14639.6 144.95
14651.7 144.928
14663.7 144.899
14675.7 144.861
14687.7 144.812
14699.7 144.761
14711.7 144.706
14723.7 144.647
14735.7 144.581
14747.7 144.509
14759.8 144.43
14771.8 144.339
14783.8 144.232
14795.8 144.09
14807.8 143.98
14819.8 143.882
14831.8 143.79
14843.8 143.702
14855.9 143.616
14867.9 143.533
14879.9 143.451
14891.9 143.371
14903.9 143.295
14915.9 143.209
14927.9 143.119
14939.9 143.023
14952 142.92
14964 142.811
14976 142.69
14988 142.554
15000 142.375
15012 142.196
15024 142.06
15036 141.939
15048 141.829
15060.1 141.726
15072.1 141.628
15084.1 141.535
15096.1 141.446
15108.1 141.357
15120.1 141.274
15132.1 141.194
15144.1 141.117
15156.2 141.043
15168.2 140.971
15180.2 140.901
15192.2 140.833
15204.2 140.769
15216.2 140.71
15228.2 140.646
15240.2 140.577
15252.3 140.505
15264.3 140.43
15276.3 140.351
15288.3 140.267
15300.3 140.175
15312.3 140.067
15324.3 139.935
15336.3 139.838
15348.3 139.753
15360.4 139.677
15372.4 139.609
15384.4 139.547
15396.4 139.493
15408.4 139.45
15420.4 139.431
15432.4 139.42
15444.4 139.373
15456.5 139.313
15468.5 139.241
15480.5 139.16
15492.5 139.067
15504.5 138.964
15516.5 138.844
15528.5 138.688
15540.5 138.545
15552.6 138.414
15564.6 138.287
15576.6 138.159
15588.6 138.028
15600.6 137.892
15612.6 137.749
15624.6 137.593
15636.6 137.403
15648.6 137.241
15660.7 137.091
15672.7 136.946
15684.7 136.805
15696.7 136.664
15708.7 136.522
15720.7 136.377
15732.7 136.221
15744.7 136.047
15756.8 135.906
15768.8 135.783
15780.8 135.673
15792.8 135.578
15804.8 135.499
15816.8 135.444
15828.8 135.426
15840.8 135.498
15852.9 135.623
15864.9 135.592
15876.9 135.502
15888.9 135.369
15900.9 135.201
15912.9 135
15924.9 134.767
15936.9 134.499
15948.9 134.18
15961 133.851
15973 133.517
15985 133.169
15997 132.802
16009 132.414
16021 132.002
16033 131.559
16045 131.074
16057.1 130.496
16069.1 129.974
16081.1 129.479
16093.1 128.993
16105.1 128.512
16117.1 128.035
16129.1 127.563
16141.1 127.102
16153.2 126.673
16165.2 126.316
16177.2 125.834
16189.2 125.29
16201.2 124.698
16213.2 124.062
16225.2 123.382
16237.2 122.653
16249.2 121.865
16261.3 120.976
16273.3 119.997
16285.3 119.134
16297.3 118.299
16309.3 117.478
16321.3 116.663
16333.3 115.855
16345.3 115.055
16357.4 114.27
16369.4 113.555
16381.4 112.796
16393.4 111.964
16405.4 111.092
16417.4 110.186
16429.4 109.251
16441.4 108.288
16453.5 107.3
16465.5 106.285
16477.5 105.24
16489.5 104.179
16501.5 103.1
16513.5 102.002
16525.5 100.886
16537.5 99.7514
16549.5 98.5992
16561.6 97.4304
16573.6 96.2466
16585.6 95.0505
16597.6 93.8356
16609.6 92.6053
16621.6 91.3621
16633.6 90.1081
16645.6 88.8463
16657.7 87.5813
16669.7 86.3212
16681.7 85.0911
16693.7 83.8972
16705.7 82.6017
16717.7 81.2621
16729.7 79.8905
16741.7 78.4932
16753.8 77.0747
16765.8 75.6393
16777.8 74.1934
16789.8 72.762
16801.8 71.3036
16813.8 69.7925
16825.8 68.2483
16837.8 66.6755
16849.8 65.0757
16861.9 63.449
16873.9 61.7928
16885.9 60.0988
16897.9 58.3206
16909.9 56.5843
16921.9 54.8777
16933.9 53.1834
16945.9 51.4969
16958 49.8164
16970 48.1418
16982 46.4744
16994 44.8186
17006 43.1883
17018 41.5329
17030 39.8661
17042 38.1922
17054.1 36.512
17066.1 34.825
17078.1 33.1289
17090.1 31.4184
17102.1 29.6753
17114.1 27.8862
17126.1 26.1752
17138.1 24.4944
17150.2 22.8331
17162.2 21.1855
17174.2 19.5466
17186.2 17.9094
17198.2 16.2612
17210.2 14.5474
17222.2 12.8431
17234.2 11.2693
17246.2 9.75965
17258.3 8.30178
17270.3 6.89063
17282.3 5.52416
17294.3 4.20248
17306.3 2.92898
17318.3 1.726
17330.3 0.537536
17342.3 -0.634036
17354.4 -1.77816
17366.4 -2.89042
17378.4 -3.96697
17390.4 -5.00273
17402.4 -5.98895
17414.4 -6.90353
17426.4 -7.67025
17438.4 -8.54017
17450.5 -9.45246
17462.5 -10.3827
17474.5 -11.3234
17486.5 -12.2724
17498.5 -13.2317
17510.5 -14.2083
17522.5 -15.2277
17534.5 -16.3203
17546.5 -17.287
17558.6 -18.2001
17570.6 -19.0764
17582.6 -19.924
17594.6 -20.7494
17606.6 -21.56
17618.6 -22.3689
17630.6 -23.2249
17642.6 -24.0831
17654.7 -24.7779
17666.7 -25.3864
17678.7 -25.9194
17690.7 -26.3776
17702.7 -26.755
17714.7 -27.0363
17726.7 -27.1821
17738.7 -26.9713
17750.8 -26.9222
17762.8 -27.0602
17774.8 -27.2814
17786.8 -27.558
17798.8 -27.8789
17810.8 -28.241
17822.8 -28.6487
17834.8 -29.1229
17846.8 -29.7551
17858.9 -30.2568
17870.9 -30.6889
17882.9 -31.0825
17894.9 -31.4482
17906.9 -31.7914
17918.9 -32.1153
17930.9 -32.422
17942.9 -32.7131
17955 -32.9897
17967 -33.2526
17979 -33.5026
17991 -33.7404
18003 -33.9664
18015 -34.1812
18027 -34.3852
18039 -34.5787
18051.1 -34.7622
18063.1 -34.9359
18075.1 -35.1002
18087.1 -35.2553
18099.1 -35.4016
18111.1 -35.5393
18123.1 -35.6687
18135.1 -35.7901
18147.1 -35.9036
18159.2 -36.0095
18171.2 -36.1081
18183.2 -36.1995
18195.2 -36.284
18207.2 -36.3618
18219.2 -36.433
18231.2 -36.4979
18243.2 -36.5567
18255.3 -36.6096
18267.3 -36.6566
18279.3 -36.6981
18291.3 -36.7341
18303.3 -36.7649
18315.3 -36.7906
18327.3 -36.8114
18339.3 -36.8273
18351.4 -36.8387
18363.4 -36.8455
18375.4 -36.848
18387.4 -36.8463
18399.4 -36.8406
18411.4 -36.8309
18423.4 -36.8174
18435.4 -36.8002
18447.4 -36.7794
18459.5 -36.7553
18471.5 -36.7277
18483.5 -36.697
18495.5 -36.6632
18507.5 -36.6263
18519.5 -36.5866
18531.5 -36.5441
18543.5 -36.4989
18555.6 -36.4511
18567.6 -36.4007
18579.6 -36.348
18591.6 -36.2929
18603.6 -36.2356
18615.6 -36.1762
18627.6 -36.1146
18639.6 -36.0511
18651.7 -35.9856
18663.7 -35.9183
18675.7 -35.8492
18687.7 -35.7784
18699.7 -35.7059
18711.7 -35.6319
18723.7 -35.5564
18735.7 -35.4794
18747.7 -35.401
18759.8 -35.3213
18771.8 -35.2404
18783.8 -35.1582
18795.8 -35.0749
18807.8 -34.9904
18819.8 -34.9049
18831.8 -34.8184
18843.8 -34.731
18855.9 -34.6426
18867.9 -34.5534
18879.9 -34.4633
18891.9 -34.3725
18903.9 -34.2809
18915.9 -34.1886
18927.9 -34.0956
18939.9 -34.0021
18952 -33.9079
18964 -33.8132
18976 -33.718
18988 -33.6223
19000 -33.5261
