7000 -76.8487
7012.01 -77.1237
7024.02 -77.3969
7036.04 -77.6681
7048.05 -77.9375
7060.06 -78.2049
7072.07 -78.4704
7084.08 -78.734
7096.1 -78.9956
7108.11 -79.2553
7120.12 -79.513
7132.13 -79.7687
7144.14 -80.0225
7156.16 -80.2743
7168.17 -80.5241
7180.18 -80.7719
7192.19 -81.0178
7204.2 -81.2616
7216.22 -81.5035
7228.23 -81.7435
7240.24 -81.9815
7252.25 -82.2175
7264.26 -82.4516
7276.28 -82.6838
7288.29 -82.9142
7300.3 -83.1427
7312.31 -83.3694
7324.32 -83.5943
7336.34 -83.8175
7348.35 -84.0391
7360.36 -84.2591
7372.37 -84.4776
7384.38 -84.6948
7396.4 -84.9107
7408.41 -85.1256
7420.42 -85.3397
7432.43 -85.5533
7444.44 -85.7667
7456.46 -85.9805
7468.47 -86.1954
7480.48 -86.4125
7492.49 -86.6337
7504.5 -86.8621
7516.52 -87.1054
7528.53 -87.4046
7540.54 -87.6611
7552.55 -87.8738
7564.56 -88.0604
7576.58 -88.2254
7588.59 -88.3697
7600.6 -88.4921
7612.61 -88.5886
7624.62 -88.6469
7636.64 -88.6213
7648.65 -88.6583
7660.66 -88.7243
7672.67 -88.8037
7684.68 -88.891
7696.7 -88.9833
7708.71 -89.0786
7720.72 -89.1754
7732.73 -89.2716
7744.74 -89.3647
7756.76 -89.4651
7768.77 -89.5686
7780.78 -89.6743
7792.79 -89.7814
7804.8 -89.8896
7816.82 -89.9987
7828.83 -90.1083
7840.84 -90.2178
7852.85 -90.3275
7864.86 -90.4395
7876.88 -90.5529
7888.89 -90.6674
7900.9 -90.7832
7912.91 -90.9002
7924.92 -91.0188
7936.94 -91.1395
7948.95 -91.2656
7960.96 -91.3898
7972.97 -91.5112
7984.98 -91.6316
7997 -91.751
8009.01 -91.8696
8021.02 -91.9866
8033.03 -92.1008
8045.05 -92.2079
8057.06 -92.2887
8069.07 -92.4037
8081.08 -92.5427
8093.09 -92.7008
8105.11 -92.8786
8117.12 -93.0794
8129.13 -93.3101
8141.14 -93.5855
8153.15 -93.949
8165.17 -94.4856
8177.18 -94.7954
8189.19 -95.0058
8201.2 -95.1466
8213.21 -95.2263
8225.23 -95.2441
8237.24 -95.191
8249.25 -95.0422
8261.26 -94.7025
8273.27 -94.1974
8285.29 -93.9981
8297.3 -93.9045
8309.31 -93.882
8321.32 -93.9174
8333.33 -94.0068
8345.35 -94.1532
8357.36 -94.3715
8369.37 -94.7595
8381.38 -95.1102
8393.39 -95.3651
8405.41 -95.5847
8417.42 -95.784
8429.43 -95.9701
8441.44 -96.1467
8453.45 -96.3164
8465.47 -96.4809
8477.48 -96.6414
8489.49 -96.7987
8501.5 -96.9537
8513.51 -97.1068
8525.53 -97.2584
8537.54 -97.4091
8549.55 -97.559
8561.56 -97.7084
8573.57 -97.8576
8585.59 -98.0068
8597.6 -98.1562
8609.61 -98.3059
8621.62 -98.456
8633.63 -98.6068
8645.65 -98.7583
8657.66 -98.9106
8669.67 -99.0638
8681.68 -99.2181
8693.69 -99.3735
8705.71 -99.5301
8717.72 -99.6881
8729.73 -99.8473
8741.74 -100.008
8753.75 -100.17
8765.77 -100.334
8777.78 -100.499
8789.79 -100.666
8801.8 -100.835
8813.81 -101.006
8825.83 -101.178
8837.84 -101.352
8849.85 -101.529
8861.86 -101.707
8873.87 -101.887
8885.89 -102.069
8897.9 -102.253
8909.91 -102.44
8921.92 -102.628
8933.93 -102.819
8945.95 -103.011
8957.96 -103.206
8969.97 -103.404
8981.98 -103.603
8993.99 -103.805
9006.01 -104.009
9018.02 -104.215
9030.03 -104.423
9042.04 -104.634
9054.05 -104.847
9066.07 -105.062
9078.08 -105.28
9090.09 -105.5
9102.1 -105.722
9114.11 -105.946
9126.13 -106.173
9138.14 -106.402
9150.15 -106.633
9162.16 -106.867
9174.17 -107.102
9186.19 -107.34
9198.2 -107.58
9210.21 -107.822
9222.22 -108.067
9234.23 -108.313
9246.25 -108.561
9258.26 -108.812
9270.27 -109.064
9282.28 -109.318
9294.29 -109.574
9306.31 -109.832
9318.32 -110.092
9330.33 -110.353
9342.34 -110.616
9354.35 -110.881
9366.37 -111.147
9378.38 -111.415
9390.39 -111.684
9402.4 -111.954
9414.41 -112.226
9426.43 -112.499
9438.44 -112.772
9450.45 -113.047
9462.46 -113.323
9474.47 -113.599
9486.49 -113.876
9498.5 -114.154
9510.51 -114.432
9522.52 -114.711
9534.53 -114.99
9546.55 -115.269
9558.56 -115.548
9570.57 -115.827
9582.58 -116.105
9594.59 -116.383
9606.61 -116.661
9618.62 -116.938
9630.63 -117.214
9642.64 -117.489
9654.65 -117.763
9666.67 -118.036
9678.68 -118.307
9690.69 -118.576
9702.7 -118.843
9714.71 -119.109
9726.73 -119.372
9738.74 -119.632
9750.75 -119.89
9762.76 -120.145
9774.77 -120.397
9786.79 -120.645
9798.8 -120.89
9810.81 -121.131
9822.82 -121.367
9834.83 -121.6
9846.85 -121.828
9858.86 -122.051
9870.87 -122.268
9882.88 -122.48
9894.89 -122.687
9906.91 -122.887
9918.92 -123.081
9930.93 -123.268
9942.94 -123.448
9954.95 -123.621
9966.97 -123.786
9978.98 -123.943
9990.99 -124.091
10003 -124.23
10015 -124.361
10027 -124.481
10039 -124.592
10051.1 -124.692
10063.1 -124.782
10075.1 -124.86
10087.1 -124.926
10099.1 -124.98
10111.1 -125.022
10123.1 -125.05
10135.1 -125.065
10147.1 -125.066
10159.2 -125.052
10171.2 -125.023
10183.2 -124.978
10195.2 -124.918
10207.2 -124.84
10219.2 -124.746
10231.2 -124.633
10243.2 -124.502
10255.3 -124.352
10267.3 -124.183
10279.3 -123.993
10291.3 -123.783
10303.3 -123.551
10315.3 -123.297
10327.3 -123.021
10339.3 -122.721
10351.4 -122.398
10363.4 -122.049
10375.4 -121.676
10387.4 -121.276
10399.4 -120.85
10411.4 -120.397
10423.4 -119.915
10435.4 -119.405
10447.4 -118.865
10459.5 -118.296
10471.5 -117.695
10483.5 -117.063
10495.5 -116.399
10507.5 -115.701
10519.5 -114.97
10531.5 -114.205
10543.5 -113.404
10555.6 -112.568
10567.6 -111.695
10579.6 -110.785
10591.6 -109.838
10603.6 -108.851
10615.6 -107.825
10627.6 -106.76
10639.6 -105.653
10651.7 -104.506
10663.7 -103.316
10675.7 -102.084
10687.7 -100.809
10699.7 -99.49
10711.7 -98.1267
10723.7 -96.7184
10735.7 -95.2646
10747.7 -93.7647
10759.8 -92.2183
10771.8 -90.6248
10783.8 -88.9836
10795.8 -87.2943
10807.8 -85.5564
10819.8 -83.7695
10831.8 -81.933
10843.8 -80.0464
10855.9 -78.1094
10867.9 -76.1214
10879.9 -74.0819
10891.9 -71.9904
10903.9 -69.8462
10915.9 -67.6488
10927.9 -65.3974
10939.9 -63.0911
10952 -60.7289
10964 -58.3096
10976 -55.8316
10988 -53.2929
11000 -50.6912
11012 -48.023
11024 -45.2838
11036 -42.4675
11048 -39.5652
11060.1 -36.5631
11072.1 -33.439
11084.1 -30.1516
11096.1 -26.6021
11108.1 -22.2827
11120.1 -18.486
11132.1 -15.1295
11144.1 -12.0129
11156.2 -9.08228
11168.2 -6.32102
11180.2 -3.73464
11192.2 -1.35522
11204.2 0.713668
11216.2 2.13073
11228.2 4.08106
11240.2 6.25074
11252.3 8.5214
11264.3 10.8452
11276.3 13.1916
11288.3 15.5335
11300.3 17.8348
11312.3 20.0079
11324.3 21.9707
11336.3 24.3013
11348.3 26.7832
11360.4 29.3708
11372.4 32.048
11384.4 34.8112
11396.4 37.6692
11408.4 40.6541
11420.4 43.923
11432.4 47.2872
11444.4 50.2637
11456.5 53.0861
11468.5 55.7901
11480.5 58.3846
11492.5 60.8649
11504.5 63.2114
11516.5 65.3706
11528.5 67.0497
11540.5 68.9506
11552.6 71.0747
11564.6 73.2899
11576.6 75.5566
11588.6 77.855
11600.6 80.1734
11612.6 82.5032
11624.6 84.8372
11636.6 87.1637
11648.6 89.5071
11660.7 91.8606
11672.7 94.2218
11684.7 96.5918
11696.7 98.9746
11708.7 101.379
11720.7 103.825
11732.7 106.371
11744.7 109.104
11756.8 111.529
11768.8 113.816
11780.8 116.003
11792.8 118.104
11804.8 120.123
11816.8 122.059
11828.8 123.902
11840.8 125.601
11852.9 127.195
11864.9 128.886
11876.9 130.583
11888.9 132.271
11900.9 133.942
11912.9 135.595
11924.9 137.23
11936.9 138.85
11948.9 140.481
11961 142.063
11973 143.589
11985 145.072
11997 146.516
12009 147.919
12021 149.28
12033 150.593
12045 151.838
12057.1 152.927
12069.1 154.136
12081.1 155.417
12093.1 156.744
12105.1 158.119
12117.1 159.552
12129.1 161.064
12141.1 162.706
12153.2 164.619
12165.2 167.082
12177.2 168.796
12189.2 170.179
12201.2 171.334
12213.2 172.293
12225.2 173.064
12237.2 173.634
12249.2 173.955
12261.3 173.829
12273.3 173.308
12285.3 173.395
12297.3 173.666
12309.3 174.05
12321.3 174.52
12333.3 175.068
12345.3 175.699
12357.4 176.446
12369.4 177.51
12381.4 178.463
12393.4 179.189
12405.4 179.812
12417.4 180.362
12429.4 180.853
12441.4 181.293
12453.5 181.685
12465.5 182.025
12477.5 182.29
12489.5 182.56
12501.5 182.824
12513.5 183.075
12525.5 183.311
12537.5 183.533
12549.5 183.741
12561.6 183.941
12573.6 184.139
12585.6 184.358
12597.6 184.515
12609.6 184.638
12621.6 184.733
12633.6 184.806
12645.6 184.859
12657.7 184.897
12669.7 184.928
12681.7 184.977
12693.7 185.048
12705.7 184.995
12717.7 184.874
12729.7 184.694
12741.7 184.455
12753.8 184.152
12765.8 183.773
12777.8 183.289
12789.8 182.549
12801.8 181.829
12813.8 181.3
12825.8 180.839
12837.8 180.419
12849.8 180.028
12861.9 179.66
12873.9 179.311
12885.9 178.985
12897.9 178.712
12909.9 178.403
12921.9 178.064
12933.9 177.704
12945.9 177.324
12958 176.921
12970 176.487
12982 176.007
12994 175.442
13006 174.666
13018 174.131
13030 173.716
13042 173.382
13054.1 173.12
13066.1 172.93
13078.1 172.824
13090.1 172.831
13102.1 173.052
13114.1 173.562
13126.1 173.646
13138.1 173.571
13150.2 173.388
13162.2 173.111
13174.2 172.744
13186.2 172.275
13198.2 171.669
13210.2 170.753
13222.2 169.775
13234.2 169.135
13246.2 168.618
13258.3 168.184
13270.3 167.819
13282.3 167.521
13294.3 167.293
13306.3 167.162
13318.3 167.275
13330.3 167.255
13342.3 167.114
13354.4 166.913
13366.4 166.667
13378.4 166.381
13390.4 166.053
13402.4 165.673
13414.4 165.207
13426.4 164.534
13438.4 164.058
13450.5 163.682
13462.5 163.367
13474.5 163.098
13486.5 162.872
13498.5 162.687
13510.5 162.547
13522.5 162.469
13534.5 162.475
13546.5 162.426
13558.6 162.374
13570.6 162.332
13582.6 162.306
13594.6 162.306
13606.6 162.34
13618.6 162.429
13630.6 162.65
13642.6 162.933
13654.7 163.027
13666.7 163.052
13678.7 163.03
13690.7 162.971
13702.7 162.876
13714.7 162.743
13726.7 162.564
13738.7 162.269
13750.8 162.022
13762.8 161.832
13774.8 161.666
13786.8 161.517
13798.8 161.38
13810.8 161.253
13822.8 161.136
13834.8 161.029
13846.8 160.935
13858.9 160.843
13870.9 160.756
13882.9 160.677
13894.9 160.605
13906.9 160.543
13918.9 160.493
13930.9 160.459
13942.9 160.455
13955 160.499
13967 160.491
13979 160.463
13991 160.426
14003 160.384
14015 160.338
14027 160.291
14039 160.246
14051.1 160.209
14063.1 160.178
14075.1 160.125
14087.1 160.063
14099.1 159.994
14111.1 159.919
14123.1 159.839
14135.1 159.752
14147.1 159.657
14159.2 159.542
14171.2 159.433
14183.2 159.336
14195.2 159.244
14207.2 159.154
14219.2 159.067
14231.2 158.981
14243.2 158.897
14255.3 158.813
14267.3 158.729
14279.3 158.648
14291.3 158.569
14303.3 158.492
14315.3 158.416
14327.3 158.341
14339.3 158.267
14351.4 158.192
14363.4 158.112
14375.4 158.02
14387.4 157.951
14399.4 157.894
14411.4 157.848
14423.4 157.811
14435.4 157.784
14447.4 157.769
14459.5 157.768
14471.5 157.794
14483.5 157.847
14495.5 157.868
14507.5 157.882
14519.5 157.896
14531.5 157.913
14543.5 157.936
14555.6 157.969
14567.6 158.023
14579.6 158.144
14591.6 158.241
14603.6 158.278
14615.6 158.287
14627.6 158.276
14639.6 158.248
14651.7 158.206
14663.7 158.15
14675.7 158.08
14687.7 157.995
14699.7 157.901
14711.7 157.796
14723.7 157.679
14735.7 157.548
14747.7 157.402
14759.8 157.238
14771.8 157.05
14783.8 156.824
14795.8 156.521
14807.8 156.284
14819.8 156.072
14831.8 155.87
14843.8 155.672
14855.9 155.475
14867.9 155.272
14879.9 155.06
14891.9 154.82
14903.9 154.547
14915.9 154.331
14927.9 154.136
14939.9 153.952
14952 153.777
14964 153.606
14976 153.438
14988 153.266
15000 153.072
15012 152.886
15024 152.737
15036 152.607
15048 152.492
15060.1 152.391
15072.1 152.304
15084.1 152.232
15096.1 152.179
15108.1 152.172
15120.1 152.144
15132.1 152.099
15144.1 152.049
15156.2 151.996
15168.2 151.942
15180.2 151.889
15192.2 151.839
15204.2 151.795
15216.2 151.77
15228.2 151.722
15240.2 151.662
15252.3 151.594
15264.3 151.518
15276.3 151.436
15288.3 151.345
15300.3 151.244
15312.3 151.127
15324.3 150.985
15336.3 150.873
15348.3 150.771
15360.4 150.675
15372.4 150.585
15384.4 150.502
15396.4 150.427
15408.4 150.367
15420.4 150.35
15432.4 150.342
15444.4 150.258
15456.5 150.137
15468.5 149.986
15480.5 149.805
15492.5 149.591
15504.5 149.337
15516.5 149.024
15528.5 148.553
15540.5 148.161
15552.6 147.848
15564.6 147.568
15576.6 147.308
15588.6 147.059
15600.6 146.817
15612.6 146.574
15624.6 146.318
15636.6 146.014
15648.6 145.774
15660.7 145.57
15672.7 145.39
15684.7 145.231
15696.7 145.091
15708.7 144.97
15720.7 144.87
15732.7 144.8
15744.7 144.773
15756.8 144.719
15768.8 144.664
15780.8 144.615
15792.8 144.578
15804.8 144.56
15816.8 144.568
15828.8 144.624
15840.8 144.796
15852.9 145.036
15864.9 145.076
15876.9 145.039
15888.9 144.949
15900.9 144.815
15912.9 144.642
15924.9 144.431
15936.9 144.181
15948.9 143.877
15961 143.557
15973 143.226
15985 142.877
15997 142.504
16009 142.106
16021 141.678
16033 141.217
16045 140.709
16057.1 140.102
16069.1 139.548
16081.1 139.018
16093.1 138.492
16105.1 137.967
16117.1 137.44
16129.1 136.912
16141.1 136.386
16153.2 135.877
16165.2 135.417
16177.2 134.853
16189.2 134.232
16201.2 133.564
16213.2 132.85
16225.2 132.088
16237.2 131.269
16249.2 130.377
16261.3 129.347
16273.3 128.194
16285.3 127.235
16297.3 126.336
16309.3 125.474
16321.3 124.639
16333.3 123.832
16345.3 123.056
16357.4 122.327
16369.4 121.744
16381.4 121.1
16393.4 120.339
16405.4 119.522
16417.4 118.664
16429.4 117.773
16441.4 116.855
16453.5 115.913
16465.5 114.954
16477.5 113.999
16489.5 112.995
16501.5 111.952
16513.5 110.877
16525.5 109.774
16537.5 108.645
16549.5 107.492
16561.6 106.317
16573.6 105.12
16585.6 103.903
16597.6 102.668
16609.6 101.415
16621.6 100.148
16633.6 98.8685
16645.6 97.582
16657.7 96.2945
16669.7 95.0189
16681.7 93.7957
16693.7 92.6341
16705.7 91.3042
16717.7 89.8997
16729.7 88.4387
16741.7 86.9287
16753.8 85.3736
16765.8 83.7743
16777.8 82.1292
16789.8 80.4201
16801.8 78.6822
16813.8 76.9372
16825.8 75.1686
16837.8 73.3714
16849.8 71.5407
16861.9 69.6698
16873.9 67.7469
16885.9 65.7436
16897.9 63.5201
16909.9 61.4448
16921.9 59.4794
16933.9 57.5708
16945.9 55.7032
16958 53.8702
16970 52.0696
16982 50.3035
16994 48.5829
17006 46.9438
17018 45.2519
17030 43.5439
17042 41.832
17054.1 40.1207
17066.1 38.4124
17078.1 36.7081
17090.1 35.0078
17102.1 33.3089
17114.1 31.6096
17126.1 29.933
17138.1 28.2706
17150.2 26.6202
17162.2 24.9804
17174.2 23.3492
17186.2 21.723
17198.2 20.094
17210.2 18.4258
17222.2 16.7702
17234.2 15.2102
17246.2 13.7015
17258.3 12.2365
17270.3 10.8129
17282.3 9.4306
17294.3 8.09231
17306.3 6.80566
17318.3 5.61256
17330.3 4.41005
17342.3 3.20227
17354.4 2.00791
17366.4 0.833596
17378.4 -0.316102
17390.4 -1.43634
17402.4 -2.5197
17414.4 -3.54834
17426.4 -4.4612
17438.4 -5.46018
17450.5 -6.4971
17462.5 -7.55339
17474.5 -8.62464
17486.5 -9.71177
17498.5 -10.8206
17510.5 -11.9655
17522.5 -13.1932
17534.5 -14.5595
17546.5 -15.7036
17558.6 -16.7555
17570.6 -17.7447
17582.6 -18.684
17594.6 -19.5819
17606.6 -20.4462
17618.6 -21.2883
17630.6 -22.1483
17642.6 -22.9892
17654.7 -23.6752
17666.7 -24.2675
17678.7 -24.7725
17690.7 -25.187
17702.7 -25.4996
17714.7 -25.6863
17726.7 -25.688
17738.7 -25.1778
17750.8 -24.9198
17762.8 -24.9514
17774.8 -25.1193
17786.8 -25.3827
17798.8 -25.7258
17810.8 -26.1454
17822.8 -26.6506
17834.8 -27.279
17846.8 -28.1923
17858.9 -28.8823
17870.9 -29.4564
17882.9 -29.9696
17894.9 -30.4407
17906.9 -30.8792
17918.9 -31.2908
17930.9 -31.679
17942.9 -32.0467
17955 -32.3955
17967 -32.7271
17979 -33.0427
17991 -33.3431
18003 -33.6293
18015 -33.9018
18027 -34.1614
18039 -34.4086
18051.1 -34.6439
18063.1 -34.8677
18075.1 -35.0805
18087.1 -35.2826
18099.1 -35.4744
18111.1 -35.6562
18123.1 -35.8284
18135.1 -35.9913
18147.1 -36.1451
18159.2 -36.2902
18171.2 -36.4268
18183.2 -36.5552
18195.2 -36.6756
18207.2 -36.7883
18219.2 -36.8934
18231.2 -36.9913
18243.2 -37.0822
18255.3 -37.1662
18267.3 -37.2435
18279.3 -37.3145
18291.3 -37.3792
18303.3 -37.4378
18315.3 -37.4906
18327.3 -37.5377
18339.3 -37.5793
18351.4 -37.6155
18363.4 -37.6465
18375.4 -37.6726
18387.4 -37.6937
18399.4 -37.7102
18411.4 -37.7221
18423.4 -37.7296
18435.4 -37.7328
18447.4 -37.7318
18459.5 -37.7269
18471.5 -37.7181
18483.5 -37.7055
18495.5 -37.6893
18507.5 -37.6695
18519.5 -37.6464
18531.5 -37.62
18543.5 -37.5905
18555.6 -37.5578
18567.6 -37.5222
18579.6 -37.4838
18591.6 -37.4426
18603.6 -37.3987
18615.6 -37.3523
18627.6 -37.3033
18639.6 -37.252
18651.7 -37.1984
18663.7 -37.1426
18675.7 -37.0846
18687.7 -37.0245
18699.7 -36.9625
18711.7 -36.8986
18723.7 -36.8328
18735.7 -36.7653
18747.7 -36.696
18759.8 -36.6252
18771.8 -36.5527
18783.8 -36.4788
18795.8 -36.4034
18807.8 -36.3267
18819.8 -36.2486
18831.8 -36.1692
18843.8 -36.0887
18855.9 -36.0069
18867.9 -35.9241
18879.9 -35.8402
18891.9 -35.7553
18903.9 -35.6694
18915.9 -35.5826
18927.9 -35.4949
18939.9 -35.4064
18952 -35.3171
18964 -35.2271
18976 -35.1363
18988 -35.0449
19000 -34.9528
