7000 3.69698e-07
7012.01 -1.10491e-06
7024.02 -2.74204e-06
7036.04 -4.50122e-06
7048.05 -6.5672e-06
7060.06 -8.91894e-06
7072.07 -1.15335e-05
7084.08 -1.44143e-05
7096.1 -1.75691e-05
7108.11 -2.10066e-05
7120.12 -2.47322e-05
7132.13 -2.87352e-05
7144.14 -3.29859e-05
7156.16 -3.78701e-05
7168.17 -4.32547e-05
7180.18 -4.91303e-05
7192.19 -5.55124e-05
7204.2 -6.24242e-05
7216.22 -6.98905e-05
7228.23 -7.79313e-05
7240.24 -8.65269e-05
7252.25 -9.58226e-05
7264.26 -0.000106171
7276.28 -0.000117438
7288.29 -0.000129657
7300.3 -0.000142879
7312.31 -0.000157165
7324.32 -0.000172572
7336.34 -0.000189139
7348.35 -0.000206696
7360.36 -0.000226201
7372.37 -0.000247629
7384.38 -0.000270942
7396.4 -0.000296233
7408.41 -0.000323623
7420.42 -0.000353251
7432.43 -0.000385276
7444.44 -0.000419903
7456.46 -0.000457431
7468.47 -0.00049719
7480.48 -0.00053955
7492.49 -0.000584649
7504.5 -0.000632532
7516.52 -0.000683177
7528.53 -0.000736484
7540.54 -0.000792268
7552.55 -0.000850276
7564.56 -0.00091008
7576.58 -0.000970848
7588.59 -0.001032
7600.6 -0.00109273
7612.61 -0.00115221
7624.62 -0.00120978
7636.64 -0.00125416
7648.65 -0.00127367
7660.66 -0.00128496
7672.67 -0.00128721
7684.68 -0.00127968
7696.7 -0.00126183
7708.71 -0.00123324
7720.72 -0.00119355
7732.73 -0.00114186
7744.74 -0.0011102
7756.76 -0.00109355
7768.77 -0.00107168
7780.78 -0.00104675
7792.79 -0.00101888
7804.8 -0.000988757
7816.82 -0.000957174
7828.83 -0.000924889
7840.84 -0.0008926
7852.85 -0.000860583
7864.86 -0.000829668
7876.88 -0.000800134
7888.89 -0.000771822
7900.9 -0.000745238
7912.91 -0.000720618
7924.92 -0.00069816
7936.94 -0.000678127
7948.95 -0.000659331
7960.96 -0.000625449
7972.97 -0.000591592
7984.98 -0.000559691
7997 -0.00052959
8009.01 -0.000501133
8021.02 -0.000474272
8033.03 -0.000448993
8045.05 -0.000425354
8057.06 -0.000401066
8069.07 -0.000372759
8081.08 -0.000345272
8093.09 -0.000318954
8105.11 -0.000293775
8117.12 -0.000269784
8129.13 -0.00024709
8141.14 -0.000225943
8153.15 -0.000207088
8165.17 -0.000170736
8177.18 -0.000118156
8189.19 -6.39767e-05
8201.2 -7.50494e-06
8213.21 5.01239e-05
8225.23 0.000108763
8237.24 0.00016849
8249.25 0.000229674
8261.26 0.000293891
8273.27 0.000314231
8285.29 0.000319833
8297.3 0.000323884
8309.31 0.000326543
8321.32 0.000327828
8333.33 0.000327638
8345.35 0.000325639
8357.36 0.000320942
8369.37 0.000315721
8381.38 0.000401078
8393.39 0.000493094
8405.41 0.000588979
8417.42 0.000687765
8429.43 0.000789231
8441.44 0.000893498
8453.45 0.00100111
8465.47 0.00111372
8477.48 0.0011945
8489.49 0.0011683
8501.5 0.00113573
8513.51 0.00109972
8525.53 0.00106108
8537.54 0.00102019
8549.55 0.000977145
8561.56 0.000931762
8573.57 0.000883129
8585.59 0.000864263
8597.6 0.000878561
8609.61 0.000895755
8621.62 0.000914262
8633.63 0.000933591
8645.65 0.000953523
8657.66 0.000973936
8669.67 0.000994755
8681.68 0.00101594
8693.69 0.00103747
8705.71 0.00105927
8717.72 0.00108112
8729.73 0.00110313
8741.74 0.00112532
8753.75 0.00114768
8765.77 0.0011702
8777.78 0.00119288
8789.79 0.00121568
8801.8 0.00123851
8813.81 0.00126181
8825.83 0.00128553
8837.84 0.00130952
8849.85 0.00133376
8861.86 0.00135826
8873.87 0.00138301
8885.89 0.00140803
8897.9 0.00143339
8909.91 0.00145912
8921.92 0.00148433
8933.93 0.00150951
8945.95 0.00153477
8957.96 0.00156011
8969.97 0.00158555
8981.98 0.00161108
8993.99 0.0016367
9006.01 0.00166234
9018.02 0.00168825
9030.03 0.00171485
9042.04 0.00174177
9054.05 0.00176897
9066.07 0.00179643
9078.08 0.00182417
9090.09 0.0018522
9102.1 0.00188057
9114.11 0.00190946
9126.13 0.0019378
9138.14 0.00196604
9150.15 0.00199436
9162.16 0.00202282
9174.17 0.00205145
9186.19 0.00208027
9198.2 0.00210931
9210.21 0.00213865
9222.22 0.00216826
9234.23 0.00219717
9246.25 0.00222604
9258.26 0.00225497
9270.27 0.002284
9282.28 0.00231316
9294.29 0.00234247
9306.31 0.00237197
9318.32 0.00240173
9330.33 0.00243144
9342.34 0.00246089
9354.35 0.00249042
9366.37 0.00252008
9378.38 0.0025499
9390.39 0.00257991
9402.4 0.00261016
9414.41 0.00264075
9426.43 0.00267201
9438.44 0.00270152
9450.45 0.00273063
9462.46 0.00275964
9474.47 0.00278864
9486.49 0.00281767
9498.5 0.00284678
9510.51 0.00287599
9522.52 0.00290534
9534.53 0.00293481
9546.55 0.00296409
9558.56 0.00299348
9570.57 0.00302301
9582.58 0.00305274
9594.59 0.00308271
9606.61 0.003113
9618.62 0.00314372
9630.63 0.00317528
9642.64 0.00320483
9654.65 0.00323194
9666.67 0.0032586
9678.68 0.00328503
9690.69 0.00331132
9702.7 0.00333754
9714.71 0.00336373
9726.73 0.00338992
9738.74 0.00341613
9750.75 0.0034424
9762.76 0.00346875
9774.77 0.00349519
9786.79 0.00352177
9798.8 0.00354852
9810.81 0.00357548
9822.82 0.00360274
9834.83 0.00363047
9846.85 0.00365786
9858.86 0.00368256
9870.87 0.00370687
9882.88 0.003731
9894.89 0.00375504
9906.91 0.00377901
9918.92 0.00380295
9930.93 0.00382683
9942.94 0.00385055
9954.95 0.00387519
9966.97 0.00390069
9978.98 0.00392649
9990.99 0.00395256
10003 0.00397891
10015 0.00400555
10027 0.00403255
10039 0.00406003
10051.1 0.00408823
10063.1 0.00411304
10075.1 0.00413726
10087.1 0.00416123
10099.1 0.00418502
10111.1 0.00420862
10123.1 0.00423198
10135.1 0.00425496
10147.1 0.00427718
10159.2 0.00430056
10171.2 0.00432953
10183.2 0.0043596
10195.2 0.00439038
10207.2 0.00442169
10219.2 0.00445344
10231.2 0.00448553
10243.2 0.0045178
10255.3 0.00454989
10267.3 0.00458435
10279.3 0.00462082
10291.3 0.00465802
10303.3 0.00469575
10315.3 0.00473386
10327.3 0.00477216
10339.3 0.00481035
10351.4 0.00484777
10363.4 0.00488336
10375.4 0.00493352
10387.4 0.00498768
10399.4 0.00504441
10411.4 0.00510328
10423.4 0.00516411
10435.4 0.00522675
10447.4 0.00529109
10459.5 0.00535691
10471.5 0.00542501
10483.5 0.0054972
10495.5 0.00557176
10507.5 0.00564851
10519.5 0.00572737
10531.5 0.00580829
10543.5 0.00589113
10555.6 0.00597565
10567.6 0.00606083
10579.6 0.00615424
10591.6 0.0062547
10603.6 0.00635928
10615.6 0.00646771
10627.6 0.00657996
10639.6 0.00669607
10651.7 0.00681619
10663.7 0.0069406
10675.7 0.0070695
10687.7 0.0071965
10699.7 0.00732602
10711.7 0.00745868
10723.7 0.00759471
10735.7 0.0077343
10747.7 0.00787759
10759.8 0.00802478
10771.8 0.00817623
10783.8 0.00832991
10795.8 0.00848357
10807.8 0.00864026
10819.8 0.00880029
10831.8 0.00896386
10843.8 0.00913112
10855.9 0.00930229
10867.9 0.00947777
10879.9 0.00965912
10891.9 0.00982629
10903.9 0.00998957
10915.9 0.0101536
10927.9 0.010319
10939.9 0.010486
10952 0.0106546
10964 0.0108251
10976 0.0109975
10988 0.01117
11000 0.0113349
11012 0.0115001
11024 0.0116662
11036 0.0118334
11048 0.0120017
11060.1 0.0121716
11072.1 0.0123435
11084.1 0.0125183
11096.1 0.0126899
11108.1 0.0128498
11120.1 0.0129184
11132.1 0.0129733
11144.1 0.0130196
11156.2 0.0130586
11168.2 0.0130907
11180.2 0.0131156
11192.2 0.0131325
11204.2 0.0131347
11216.2 0.0131514
11228.2 0.013211
11240.2 0.0132717
11252.3 0.0133309
11264.3 0.0133873
11276.3 0.0134403
11288.3 0.0134888
11300.3 0.0135295
11312.3 0.0135589
11324.3 0.013609
11336.3 0.0136763
11348.3 0.0137434
11360.4 0.013809
11372.4 0.0138728
11384.4 0.0139345
11396.4 0.0139943
11408.4 0.0140534
11420.4 0.0141134
11432.4 0.0141402
11444.4 0.0141553
11456.5 0.0141641
11468.5 0.0141673
11480.5 0.0141649
11492.5 0.0141571
11504.5 0.0141436
11516.5 0.0141255
11528.5 0.0141021
11540.5 0.0141216
11552.6 0.014143
11564.6 0.0141637
11576.6 0.014183
11588.6 0.0142005
11600.6 0.0142167
11612.6 0.0142358
11624.6 0.0142555
11636.6 0.0142727
11648.6 0.0142912
11660.7 0.0143076
11672.7 0.0143219
11684.7 0.0143345
11696.7 0.0143456
11708.7 0.014356
11720.7 0.0143701
11732.7 0.0143838
11744.7 0.0143834
11756.8 0.0143675
11768.8 0.0143474
11780.8 0.0143241
11792.8 0.014298
11804.8 0.0142699
11816.8 0.0142416
11828.8 0.014216
11840.8 0.0141845
11852.9 0.014159
11864.9 0.0141345
11876.9 0.0141089
11888.9 0.014082
11900.9 0.0140542
11912.9 0.0140258
11924.9 0.0139995
11936.9 0.0139729
11948.9 0.0139447
11961 0.0139103
11973 0.013874
11985 0.0138365
11997 0.0137981
12009 0.0137593
12021 0.0137208
12033 0.0136862
12045 0.0136491
12057.1 0.0136117
12069.1 0.0135787
12081.1 0.0135462
12093.1 0.0135143
12105.1 0.0134833
12117.1 0.0134538
12129.1 0.0134271
12141.1 0.0134045
12153.2 0.0133879
12165.2 0.0133416
12177.2 0.0132496
12189.2 0.01315
12201.2 0.0130454
12213.2 0.0129371
12225.2 0.0128256
12237.2 0.012714
12249.2 0.0125964
12261.3 0.0124683
12273.3 0.0123791
12285.3 0.0123109
12297.3 0.0122463
12309.3 0.0121843
12321.3 0.0121246
12333.3 0.0120677
12345.3 0.0120162
12357.4 0.0119648
12369.4 0.0119164
12381.4 0.0118425
12393.4 0.0117646
12405.4 0.0116849
12417.4 0.0116041
12429.4 0.011523
12441.4 0.0114434
12453.5 0.0113635
12465.5 0.0112805
12477.5 0.0111974
12489.5 0.0111245
12501.5 0.0110527
12513.5 0.0109816
12525.5 0.0109112
12537.5 0.010842
12549.5 0.0107764
12561.6 0.0107101
12573.6 0.0106441
12585.6 0.0105719
12597.6 0.0104883
12609.6 0.0104026
12621.6 0.0103157
12633.6 0.0102278
12645.6 0.0101396
12657.7 0.0100516
12669.7 0.00996169
12681.7 0.00987028
12693.7 0.00977963
12705.7 0.00968935
12717.7 0.00959868
12729.7 0.00950775
12741.7 0.00941697
12753.8 0.00932889
12765.8 0.00923918
12777.8 0.00914561
12789.8 0.00904803
12801.8 0.00896258
12813.8 0.00887803
12825.8 0.00879312
12837.8 0.00870753
12849.8 0.00862096
12861.9 0.00853273
12873.9 0.00844421
12885.9 0.00835486
12897.9 0.0082657
12909.9 0.00818408
12921.9 0.008103
12933.9 0.00802193
12945.9 0.00794065
12958 0.00785899
12970 0.0077768
12982 0.00769381
12994 0.00760951
13006 0.00752907
13018 0.00745721
13030 0.00738596
13042 0.00731464
13054.1 0.00724255
13066.1 0.00716654
13078.1 0.0070935
13090.1 0.00702444
13102.1 0.00695945
13114.1 0.00687436
13126.1 0.00677447
13138.1 0.00667248
13150.2 0.00656909
13162.2 0.00646451
13174.2 0.00635882
13186.2 0.00625182
13198.2 0.00614324
13210.2 0.0060317
13222.2 0.00593868
13234.2 0.00584813
13246.2 0.00575761
13258.3 0.00566633
13270.3 0.00557252
13282.3 0.00547736
13294.3 0.00538697
13306.3 0.00529831
13318.3 0.00521096
13330.3 0.00512576
13342.3 0.00504139
13354.4 0.00495767
13366.4 0.00487446
13378.4 0.00479156
13390.4 0.00470916
13402.4 0.00462712
13414.4 0.00454525
13426.4 0.0044649
13438.4 0.00438731
13450.5 0.00430998
13462.5 0.00423259
13474.5 0.00415462
13486.5 0.00407535
13498.5 0.00399887
13510.5 0.00392344
13522.5 0.00384829
13534.5 0.00378357
13546.5 0.00372625
13558.6 0.00367023
13570.6 0.00361514
13582.6 0.00356057
13594.6 0.003507
13606.6 0.00345515
13618.6 0.0034047
13630.6 0.00335641
13642.6 0.00328248
13654.7 0.00320408
13666.7 0.00312506
13678.7 0.00304551
13690.7 0.00296499
13702.7 0.00288564
13714.7 0.00280689
13726.7 0.0027284
13738.7 0.00265088
13750.8 0.00257971
13762.8 0.00250898
13774.8 0.00243835
13786.8 0.00236736
13798.8 0.00229591
13810.8 0.00222722
13822.8 0.00215968
13834.8 0.00209294
13846.8 0.00202801
13858.9 0.00196579
13870.9 0.00190419
13882.9 0.00184309
13894.9 0.00178228
13906.9 0.00172216
13918.9 0.00166285
13930.9 0.0016041
13942.9 0.0015459
13955 0.00148422
13967 0.00142013
13979 0.0013561
13991 0.00129194
14003 0.00122701
14015 0.00116463
14027 0.00110352
14039 0.00104332
14051.1 0.000983958
14063.1 0.000918159
14075.1 0.00085167
14087.1 0.000785722
14099.1 0.000720436
14111.1 0.000655654
14123.1 0.00059052
14135.1 0.000525521
14147.1 0.00046071
14159.2 0.000396539
14171.2 0.000336851
14183.2 0.000277364
14195.2 0.000217931
14207.2 0.000157991
14219.2 9.95406e-05
14231.2 4.22872e-05
14243.2 -1.42975e-05
14255.3 -7.03436e-05
14267.3 -0.000124348
14279.3 -0.000174788
14291.3 -0.000224827
14303.3 -0.000274523
14315.3 -0.000323933
14327.3 -0.000372806
14339.3 -0.000421302
14351.4 -0.000469472
14363.4 -0.000517353
14375.4 -0.000563055
14387.4 -0.000607186
14399.4 -0.000651214
14411.4 -0.000695358
14423.4 -0.000739126
14435.4 -0.000781459
14447.4 -0.00082323
14459.5 -0.000864581
14471.5 -0.000905593
14483.5 -0.000947166
14495.5 -0.000988691
14507.5 -0.00103007
14519.5 -0.00107166
14531.5 -0.001112
14543.5 -0.0011516
14555.6 -0.00119075
14567.6 -0.00122954
14579.6 -0.00126849
14591.6 -0.00131332
14603.6 -0.00135775
14615.6 -0.00140185
14627.6 -0.00144566
14639.6 -0.00148912
14651.7 -0.0015323
14663.7 -0.00157521
14675.7 -0.00161787
14687.7 -0.00166026
14699.7 -0.00170231
14711.7 -0.00174422
14723.7 -0.00178612
14735.7 -0.00182752
14747.7 -0.00186794
14759.8 -0.00190792
14771.8 -0.00194753
14783.8 -0.00198677
14795.8 -0.00202357
14807.8 -0.00205838
14819.8 -0.00209294
14831.8 -0.00212714
14843.8 -0.00216167
14855.9 -0.00219622
14867.9 -0.0022307
14879.9 -0.0022651
14891.9 -0.00229941
14903.9 -0.00233278
14915.9 -0.00236591
14927.9 -0.00239917
14939.9 -0.0024324
14952 -0.00246424
14964 -0.00249565
14976 -0.00252675
14988 -0.00255758
15000 -0.00258807
15012 -0.00261403
15024 -0.00263996
15036 -0.00266575
15048 -0.0026916
15060.1 -0.0027176
15072.1 -0.00274358
15084.1 -0.00276953
15096.1 -0.00279544
15108.1 -0.00282069
15120.1 -0.00284414
15132.1 -0.00286773
15144.1 -0.00289156
15156.2 -0.0029146
15168.2 -0.00293743
15180.2 -0.00296017
15192.2 -0.00298286
15204.2 -0.00300557
15216.2 -0.00302978
15228.2 -0.00305544
15240.2 -0.00308107
15252.3 -0.00310661
15264.3 -0.00313162
15276.3 -0.00315648
15288.3 -0.00318124
15300.3 -0.00320592
15312.3 -0.00323051
15324.3 -0.00325333
15336.3 -0.00327559
15348.3 -0.00329798
15360.4 -0.00332009
15372.4 -0.00334193
15384.4 -0.00336371
15396.4 -0.00338548
15408.4 -0.00340729
15420.4 -0.00342924
15432.4 -0.0034563
15444.4 -0.00348348
15456.5 -0.00351068
15468.5 -0.00353704
15480.5 -0.00356313
15492.5 -0.00358904
15504.5 -0.0036148
15516.5 -0.0036404
15528.5 -0.0036648
15540.5 -0.00368524
15552.6 -0.00370567
15564.6 -0.00372623
15576.6 -0.00374731
15588.6 -0.00376849
15600.6 -0.00378974
15612.6 -0.00381103
15624.6 -0.00383235
15636.6 -0.00385196
15648.6 -0.00386955
15660.7 -0.00388743
15672.7 -0.00390471
15684.7 -0.00392155
15696.7 -0.00393833
15708.7 -0.00395507
15720.7 -0.00397178
15732.7 -0.00398849
15744.7 -0.00400557
15756.8 -0.0040228
15768.8 -0.00404
15780.8 -0.00405753
15792.8 -0.00407514
15804.8 -0.00409283
15816.8 -0.00411059
15828.8 -0.00412846
15840.8 -0.00414657
15852.9 -0.00417702
15864.9 -0.00420867
15876.9 -0.00423967
15888.9 -0.0042693
15900.9 -0.00429855
15912.9 -0.00432753
15924.9 -0.00435628
15936.9 -0.00438481
15948.9 -0.00441292
15961 -0.00443955
15973 -0.004466
15985 -0.00449243
15997 -0.00451878
16009 -0.004545
16021 -0.00457108
16033 -0.00459702
16045 -0.00462281
16057.1 -0.00464785
16069.1 -0.00467175
16081.1 -0.00469551
16093.1 -0.00471852
16105.1 -0.00474126
16117.1 -0.00476376
16129.1 -0.00478604
16141.1 -0.00480808
16153.2 -0.00482987
16165.2 -0.0048583
16177.2 -0.00489092
16189.2 -0.00492346
16201.2 -0.00495609
16213.2 -0.00498852
16225.2 -0.00502075
16237.2 -0.00505277
16249.2 -0.00508459
16261.3 -0.00511625
16273.3 -0.00513808
16285.3 -0.00515766
16297.3 -0.00517725
16309.3 -0.00519664
16321.3 -0.00521577
16333.3 -0.0052346
16345.3 -0.00525311
16357.4 -0.00527128
16369.4 -0.0052895
16381.4 -0.00531361
16393.4 -0.00533751
16405.4 -0.00536137
16417.4 -0.00538493
16429.4 -0.00540818
16441.4 -0.0054311
16453.5 -0.00545365
16465.5 -0.00547584
16477.5 -0.0054977
16489.5 -0.00551933
16501.5 -0.00554134
16513.5 -0.00556382
16525.5 -0.00558606
16537.5 -0.00560799
16549.5 -0.00562958
16561.6 -0.00565083
16573.6 -0.00567172
16585.6 -0.00569168
16597.6 -0.00571069
16609.6 -0.0057295
16621.6 -0.0057479
16633.6 -0.00576584
16645.6 -0.00578331
16657.7 -0.00580025
16669.7 -0.00581659
16681.7 -0.00583216
16693.7 -0.00585287
16705.7 -0.00587575
16717.7 -0.00590025
16729.7 -0.00592466
16741.7 -0.00594887
16753.8 -0.00597285
16765.8 -0.00599658
16777.8 -0.00602007
16789.8 -0.00604338
16801.8 -0.00606449
16813.8 -0.00608507
16825.8 -0.00610524
16837.8 -0.00612511
16849.8 -0.00614472
16861.9 -0.00616414
16873.9 -0.00618345
16885.9 -0.00620284
16897.9 -0.00621991
16909.9 -0.0062264
16921.9 -0.00623437
16933.9 -0.00624182
16945.9 -0.00624875
16958 -0.00625519
16970 -0.00626117
16982 -0.00626673
16994 -0.00627191
17006 -0.00627613
17018 -0.00627909
17030 -0.00628165
17042 -0.00628379
17054.1 -0.00628554
17066.1 -0.00628695
17078.1 -0.00628807
17090.1 -0.006289
17102.1 -0.00628998
17114.1 -0.00628682
17126.1 -0.00628257
17138.1 -0.00627841
17150.2 -0.00627375
17162.2 -0.00626865
17174.2 -0.00626317
17186.2 -0.00625742
17198.2 -0.00625155
17210.2 -0.00624625
17222.2 -0.00623213
17234.2 -0.00621627
17246.2 -0.00619941
17258.3 -0.00618169
17270.3 -0.00616317
17282.3 -0.00614385
17294.3 -0.00612375
17306.3 -0.0061028
17318.3 -0.00608124
17330.3 -0.0060618
17342.3 -0.00604235
17354.4 -0.00602235
17366.4 -0.00600173
17378.4 -0.00598042
17390.4 -0.00595836
17402.4 -0.00593538
17414.4 -0.00591112
17426.4 -0.00588892
17438.4 -0.00587468
17450.5 -0.00586119
17462.5 -0.00584788
17474.5 -0.00583464
17486.5 -0.00582143
17498.5 -0.00580827
17510.5 -0.00579527
17522.5 -0.00578274
17534.5 -0.00576695
17546.5 -0.00574786
17558.6 -0.00572801
17570.6 -0.0057076
17582.6 -0.00568675
17594.6 -0.00566555
17606.6 -0.00564411
17618.6 -0.00562271
17630.6 -0.00560241
17642.6 -0.00557216
17654.7 -0.00553789
17666.7 -0.00550137
17678.7 -0.00546274
17690.7 -0.00542181
17702.7 -0.00537819
17714.7 -0.00533106
17726.7 -0.00527846
17738.7 -0.00521964
17750.8 -0.00521847
17762.8 -0.00522682
17774.8 -0.00524012
17786.8 -0.00525719
17798.8 -0.00527763
17810.8 -0.00530146
17822.8 -0.00532918
17834.8 -0.00536243
17846.8 -0.00539268
17858.9 -0.00539165
17870.9 -0.00538647
17882.9 -0.00537932
17894.9 -0.00537095
17906.9 -0.00536174
17918.9 -0.00535189
17930.9 -0.00534155
17942.9 -0.00533077
17955 -0.00531898
17967 -0.00530644
17979 -0.00529373
17991 -0.00528087
18003 -0.00526788
18015 -0.00525478
18027 -0.00524159
18039 -0.00522831
18051.1 -0.00521497
18063.1 -0.00520169
18075.1 -0.00518835
18087.1 -0.00517495
18099.1 -0.00516149
18111.1 -0.00514797
18123.1 -0.00513439
18135.1 -0.00512075
18147.1 -0.00510701
18159.2 -0.00509274
18171.2 -0.00507732
18183.2 -0.00506201
18195.2 -0.00504676
18207.2 -0.00503154
18219.2 -0.00501636
18231.2 -0.00500119
18243.2 -0.00498604
18255.3 -0.0049709
18267.3 -0.0049556
18279.3 -0.00494025
18291.3 -0.00492494
18303.3 -0.00490964
18315.3 -0.00489436
18327.3 -0.00487908
18339.3 -0.00486379
18351.4 -0.00484847
18363.4 -0.00483304
18375.4 -0.0048165
18387.4 -0.00480006
18399.4 -0.00478371
18411.4 -0.00476744
18423.4 -0.00475121
18435.4 -0.00473503
18447.4 -0.00471887
18459.5 -0.00470271
18471.5 -0.00468628
18483.5 -0.00466944
18495.5 -0.00465273
18507.5 -0.0046361
18519.5 -0.00461954
18531.5 -0.00460304
18543.5 -0.00458659
18555.6 -0.00457018
18567.6 -0.0045538
18579.6 -0.00453728
18591.6 -0.00452076
18603.6 -0.0045043
18615.6 -0.00448788
18627.6 -0.00447151
18639.6 -0.00445516
18651.7 -0.00443883
18663.7 -0.00442249
18675.7 -0.00440611
18687.7 -0.00438921
18699.7 -0.00437243
18711.7 -0.00435573
18723.7 -0.00433908
18735.7 -0.00432248
18747.7 -0.0043059
18759.8 -0.00428935
18771.8 -0.00427281
18783.8 -0.00425612
18795.8 -0.0042393
18807.8 -0.00422255
18819.8 -0.00420584
18831.8 -0.00418914
18843.8 -0.00417246
18855.9 -0.00415577
18867.9 -0.00413904
18879.9 -0.0041222
18891.9 -0.00410451
18903.9 -0.00408678
18915.9 -0.00406922
18927.9 -0.00405176
18939.9 -0.0040344
18952 -0.00401711
18964 -0.00399988
18976 -0.0039827
18988 -0.00396557
19000 -0.00394845
