7000 -0.000362253
7012.01 -0.000376255
7024.02 -0.000390862
7036.04 -0.000406044
7048.05 -0.000421954
7060.06 -0.000438616
7072.07 -0.000456015
7084.08 -0.000474161
7096.1 -0.000493065
7108.11 -0.000512738
7120.12 -0.000533183
7132.13 -0.000554384
7144.14 -0.000576256
7156.16 -0.000599159
7168.17 -0.000622997
7180.18 -0.000647737
7192.19 -0.000673364
7204.2 -0.000699861
7216.22 -0.000727205
7228.23 -0.000755358
7240.24 -0.000784222
7252.25 -0.000813743
7264.26 -0.000844301
7276.28 -0.000875677
7288.29 -0.000907778
7300.3 -0.000940516
7312.31 -0.000973793
7324.32 -0.00100748
7336.34 -0.00104141
7348.35 -0.00107508
7360.36 -0.00110913
7372.37 -0.0011436
7384.38 -0.00117817
7396.4 -0.00121262
7408.41 -0.00124679
7420.42 -0.0012805
7432.43 -0.00131361
7444.44 -0.00134603
7456.46 -0.00137796
7468.47 -0.00140805
7480.48 -0.00143634
7492.49 -0.00146275
7504.5 -0.00148713
7516.52 -0.00150933
7528.53 -0.00152921
7540.54 -0.00154667
7552.55 -0.00156168
7564.56 -0.00157416
7576.58 -0.00158363
7588.59 -0.00159023
7600.6 -0.001594
7612.61 -0.00159506
7624.62 -0.00159369
7636.64 -0.00158489
7648.65 -0.0015635
7660.66 -0.00153869
7672.67 -0.00151042
7684.68 -0.00147885
7696.7 -0.00144419
7708.71 -0.00140653
7720.72 -0.00136585
7732.73 -0.0013217
7744.74 -0.00128868
7756.76 -0.00126412
7768.77 -0.00123816
7780.78 -0.0012128
7792.79 -0.00118731
7804.8 -0.00116156
7816.82 -0.00113553
7828.83 -0.00110927
7840.84 -0.00108274
7852.85 -0.0010594
7864.86 -0.00103714
7876.88 -0.00101524
7888.89 -0.000993193
7900.9 -0.000971357
7912.91 -0.00094985
7924.92 -0.000928784
7936.94 -0.000908328
7948.95 -0.000887736
7960.96 -0.000856635
7972.97 -0.000824467
7984.98 -0.000793132
7997 -0.000762467
8009.01 -0.000732314
8021.02 -0.000702642
8033.03 -0.000673419
8045.05 -0.000644567
8057.06 -0.00061792
8069.07 -0.000596181
8081.08 -0.000575378
8093.09 -0.000555653
8105.11 -0.000536926
8117.12 -0.000519251
8129.13 -0.000502771
8141.14 -0.000487786
8153.15 -0.000475151
8165.17 -0.000443073
8177.18 -0.000392995
8189.19 -0.000341193
8201.2 -0.000286804
8213.21 -0.00023111
8225.23 -0.000174308
8237.24 -0.000116356
8249.25 -5.69109e-05
8261.26 5.58208e-06
8273.27 2.40723e-05
8285.29 2.77073e-05
8297.3 2.97944e-05
8309.31 3.04775e-05
8321.32 2.97459e-05
8333.33 2.74763e-05
8345.35 2.33164e-05
8357.36 1.63435e-05
8369.37 8.77169e-06
8381.38 9.38659e-05
8393.39 0.000185678
8405.41 0.000281401
8417.42 0.000380027
8429.43 0.000481318
8441.44 0.000585393
8453.45 0.000692806
8465.47 0.000805228
8477.48 0.000884968
8489.49 0.000855073
8501.5 0.000818528
8513.51 0.000778368
8525.53 0.000735392
8537.54 0.000689962
8549.55 0.000642152
8561.56 0.00059172
8573.57 0.000537589
8585.59 0.00051795
8597.6 0.000536674
8609.61 0.000558704
8621.62 0.000582289
8633.63 0.000606848
8645.65 0.000632122
8657.66 0.000657964
8669.67 0.000684283
8681.68 0.000711026
8693.69 0.000738181
8705.71 0.000765661
8717.72 0.000793184
8729.73 0.000820894
8741.74 0.000848797
8753.75 0.000876886
8765.77 0.000905151
8777.78 0.000933575
8789.79 0.000962127
8801.8 0.000990684
8813.81 0.00101974
8825.83 0.00104926
8837.84 0.00107909
8849.85 0.0011092
8861.86 0.00113958
8873.87 0.00117024
8885.89 0.0012012
8897.9 0.00123253
8909.91 0.00126431
8921.92 0.00129548
8933.93 0.0013266
8945.95 0.00135777
8957.96 0.00138901
8969.97 0.00142033
8981.98 0.00145174
8993.99 0.00148321
9006.01 0.00151467
9018.02 0.00154638
9030.03 0.00157887
9042.04 0.0016117
9054.05 0.00164484
9066.07 0.00167827
9078.08 0.00171199
9090.09 0.00174602
9102.1 0.00178042
9114.11 0.00181543
9126.13 0.00184982
9138.14 0.00188405
9150.15 0.00191834
9162.16 0.00195276
9174.17 0.00198734
9186.19 0.00202212
9198.2 0.00205713
9210.21 0.00209245
9222.22 0.0021281
9234.23 0.00216291
9246.25 0.00219764
9258.26 0.0022324
9270.27 0.00226724
9282.28 0.0023022
9294.29 0.00233729
9306.31 0.00237257
9318.32 0.00240812
9330.33 0.00244361
9342.34 0.00247876
9354.35 0.00251396
9366.37 0.00254926
9378.38 0.00258471
9390.39 0.00262036
9402.4 0.00265624
9414.41 0.00269249
9426.43 0.00272951
9438.44 0.00276456
9450.45 0.00279906
9462.46 0.00283339
9474.47 0.00286767
9486.49 0.00290193
9498.5 0.00293623
9510.51 0.00297061
9522.52 0.0030051
9534.53 0.0030397
9546.55 0.00307404
9558.56 0.00310846
9570.57 0.00314299
9582.58 0.00317771
9594.59 0.00321267
9606.61 0.00324794
9618.62 0.0032837
9630.63 0.0033204
9642.64 0.00335493
9654.65 0.00338656
9666.67 0.00341759
9678.68 0.00344829
9690.69 0.00347877
9702.7 0.0035091
9714.71 0.00353934
9726.73 0.00356951
9738.74 0.00359965
9750.75 0.00362979
9762.76 0.00365997
9774.77 0.0036902
9786.79 0.00372053
9798.8 0.003751
9810.81 0.00378166
9822.82 0.00381261
9834.83 0.00384406
9846.85 0.00387515
9858.86 0.00390314
9870.87 0.00393059
9882.88 0.00395777
9894.89 0.00398476
9906.91 0.00401162
9918.92 0.00403835
9930.93 0.00406495
9942.94 0.0040913
9954.95 0.00411858
9966.97 0.00414677
9978.98 0.00417525
9990.99 0.00420398
10003 0.00423295
10015 0.0042622
10027 0.00429179
10039 0.00432187
10051.1 0.00435275
10063.1 0.00437981
10075.1 0.00440609
10087.1 0.00443201
10099.1 0.00445763
10111.1 0.00448296
10123.1 0.00450792
10135.1 0.00453237
10147.1 0.00455585
10159.2 0.0045804
10171.2 0.00461112
10183.2 0.00464304
10195.2 0.00467569
10207.2 0.00470888
10219.2 0.00474247
10231.2 0.00477636
10243.2 0.00481037
10255.3 0.00484408
10267.3 0.00488026
10279.3 0.00491861
10291.3 0.0049577
10303.3 0.00499729
10315.3 0.00503722
10327.3 0.00507724
10339.3 0.00511703
10351.4 0.00515583
10363.4 0.00519231
10375.4 0.00524465
10387.4 0.00530142
10399.4 0.00536096
10411.4 0.00542279
10423.4 0.00548668
10435.4 0.00555247
10447.4 0.00562001
10459.5 0.00568907
10471.5 0.00576045
10483.5 0.00583622
10495.5 0.00591448
10507.5 0.00599501
10519.5 0.00607774
10531.5 0.00616257
10543.5 0.00624936
10555.6 0.00633783
10567.6 0.00642682
10579.6 0.0065245
10591.6 0.00662982
10603.6 0.00673951
10615.6 0.00685327
10627.6 0.00697106
10639.6 0.00709291
10651.7 0.00721899
10663.7 0.00734961
10675.7 0.00748504
10687.7 0.00761826
10699.7 0.00775403
10711.7 0.00789302
10723.7 0.00803551
10735.7 0.00818169
10747.7 0.00833174
10759.8 0.00848585
10771.8 0.00864445
10783.8 0.00880542
10795.8 0.00896618
10807.8 0.00913004
10819.8 0.00929738
10831.8 0.00946841
10843.8 0.00964332
10855.9 0.00982236
10867.9 0.010006
10879.9 0.010196
10891.9 0.010371
10903.9 0.0105415
10915.9 0.0107126
10927.9 0.0108851
10939.9 0.0110591
10952 0.0112349
10964 0.0114125
10976 0.0115923
10988 0.0117724
11000 0.0119442
11012 0.0121163
11024 0.0122892
11036 0.0124633
11048 0.0126387
11060.1 0.0128158
11072.1 0.012995
11084.1 0.0131775
11096.1 0.0133567
11108.1 0.0135235
11120.1 0.0135961
11132.1 0.0136546
11144.1 0.0137043
11156.2 0.0137467
11168.2 0.013782
11180.2 0.0138101
11192.2 0.0138301
11204.2 0.0138348
11216.2 0.013855
11228.2 0.0139202
11240.2 0.0139868
11252.3 0.0140522
11264.3 0.014115
11276.3 0.0141746
11288.3 0.01423
11300.3 0.0142779
11312.3 0.0143146
11324.3 0.0143697
11336.3 0.01444
11348.3 0.0145098
11360.4 0.0145782
11372.4 0.0146446
11384.4 0.0147089
11396.4 0.0147713
11408.4 0.014833
11420.4 0.0148961
11432.4 0.0149235
11444.4 0.0149384
11456.5 0.0149468
11468.5 0.0149494
11480.5 0.0149461
11492.5 0.0149371
11504.5 0.0149221
11516.5 0.0149022
11528.5 0.0148768
11540.5 0.0148997
11552.6 0.0149252
11564.6 0.0149501
11576.6 0.0149738
11588.6 0.0149958
11600.6 0.0150164
11612.6 0.0150401
11624.6 0.0150647
11636.6 0.0150871
11648.6 0.0151113
11660.7 0.0151336
11672.7 0.0151538
11684.7 0.0151722
11696.7 0.0151892
11708.7 0.0152055
11720.7 0.0152259
11732.7 0.0152463
11744.7 0.0152502
11756.8 0.0152361
11768.8 0.0152171
11780.8 0.0151944
11792.8 0.0151686
11804.8 0.0151401
11816.8 0.015111
11828.8 0.0150843
11840.8 0.0150504
11852.9 0.0150286
11864.9 0.0150102
11876.9 0.014991
11888.9 0.0149708
11900.9 0.0149498
11912.9 0.0149284
11924.9 0.0149094
11936.9 0.0148905
11948.9 0.0148703
11961 0.0148391
11973 0.0148052
11985 0.0147695
11997 0.0147326
12009 0.0146948
12021 0.014657
12033 0.0146229
12045 0.0145858
12057.1 0.0145488
12069.1 0.0145199
12081.1 0.0144919
12093.1 0.0144645
12105.1 0.0144382
12117.1 0.0144133
12129.1 0.0143914
12141.1 0.0143738
12153.2 0.0143625
12165.2 0.01432
12177.2 0.0142296
12189.2 0.0141312
12201.2 0.0140275
12213.2 0.0139197
12225.2 0.0138085
12237.2 0.0136969
12249.2 0.013579
12261.3 0.0134497
12273.3 0.0133642
12285.3 0.0133026
12297.3 0.0132453
12309.3 0.013191
12321.3 0.0131395
12333.3 0.0130913
12345.3 0.0130493
12357.4 0.0130083
12369.4 0.0129715
12381.4 0.0129002
12393.4 0.0128234
12405.4 0.0127443
12417.4 0.0126639
12429.4 0.0125828
12441.4 0.0125034
12453.5 0.0124238
12465.5 0.0123413
12477.5 0.012258
12489.5 0.0121796
12501.5 0.0121014
12513.5 0.0120232
12525.5 0.0119452
12537.5 0.011868
12549.5 0.011794
12561.6 0.0117188
12573.6 0.0116433
12585.6 0.0115628
12597.6 0.011474
12609.6 0.0113835
12621.6 0.0112918
12633.6 0.0111993
12645.6 0.0111064
12657.7 0.0110141
12669.7 0.0109198
12681.7 0.0108245
12693.7 0.0107269
12705.7 0.0106277
12717.7 0.0105275
12729.7 0.0104267
12741.7 0.0103257
12753.8 0.0102272
12765.8 0.0101267
12777.8 0.0100218
12789.8 0.00991183
12801.8 0.00981859
12813.8 0.00972683
12825.8 0.00963483
12837.8 0.00954217
12849.8 0.0094485
12861.9 0.00935304
12873.9 0.00925722
12885.9 0.00916044
12897.9 0.00906387
12909.9 0.00897596
12921.9 0.00888868
12933.9 0.00880141
12945.9 0.0087139
12958 0.00862597
12970 0.00853744
12982 0.00844799
12994 0.00835706
13006 0.00827066
13018 0.00819428
13030 0.00811867
13042 0.00804304
13054.1 0.00796666
13066.1 0.00788617
13078.1 0.00780865
13090.1 0.0077353
13102.1 0.00766619
13114.1 0.0075764
13126.1 0.00747138
13138.1 0.00736421
13150.2 0.0072556
13162.2 0.00714577
13174.2 0.00703479
13186.2 0.00692242
13198.2 0.00680835
13210.2 0.006691
13222.2 0.00659512
13234.2 0.00650223
13246.2 0.00640953
13258.3 0.00631618
13270.3 0.00622028
13282.3 0.00612292
13294.3 0.00603065
13306.3 0.00594035
13318.3 0.00585133
13330.3 0.00576295
13342.3 0.00567535
13354.4 0.00558841
13366.4 0.00550201
13378.4 0.00541597
13390.4 0.00533049
13402.4 0.00524548
13414.4 0.00516079
13426.4 0.00507656
13438.4 0.0049929
13450.5 0.00490929
13462.5 0.00482552
13474.5 0.00474104
13486.5 0.00465508
13498.5 0.004572
13510.5 0.00449
13522.5 0.00440829
13534.5 0.00433688
13546.5 0.00427278
13558.6 0.00420996
13570.6 0.00414808
13582.6 0.00408669
13594.6 0.00402629
13606.6 0.00396768
13618.6 0.00391052
13630.6 0.00385559
13642.6 0.00377379
13654.7 0.00368729
13666.7 0.0036001
13678.7 0.00351236
13690.7 0.00342356
13702.7 0.00333595
13714.7 0.00324895
13726.7 0.00316218
13738.7 0.00307667
13750.8 0.00299996
13762.8 0.00292381
13774.8 0.00284784
13786.8 0.00277152
13798.8 0.00269471
13810.8 0.0026208
13822.8 0.00254812
13834.8 0.00247626
13846.8 0.00240726
13858.9 0.00234292
13870.9 0.00227933
13882.9 0.00221634
13894.9 0.0021537
13906.9 0.00209183
13918.9 0.00203084
13930.9 0.00197049
13942.9 0.00191073
13955 0.00184762
13967 0.00178222
13979 0.0017169
13991 0.00165148
14003 0.00158525
14015 0.00152169
14027 0.00145949
14039 0.00139827
14051.1 0.00133797
14063.1 0.00127045
14075.1 0.00120215
14087.1 0.00113442
14099.1 0.00106741
14111.1 0.00100096
14123.1 0.00093416
14135.1 0.000867515
14147.1 0.000801085
14159.2 0.000735144
14171.2 0.000671995
14183.2 0.000609038
14195.2 0.000546132
14207.2 0.000482689
14219.2 0.000420771
14231.2 0.000360127
14243.2 0.000300198
14255.3 0.000240848
14267.3 0.000182733
14279.3 0.00012653
14291.3 7.07515e-05
14303.3 1.53455e-05
14315.3 -3.97497e-05
14327.3 -9.42641e-05
14339.3 -0.000148361
14351.4 -0.000202096
14363.4 -0.000255503
14375.4 -0.000306075
14387.4 -0.0003546
14399.4 -0.000402999
14411.4 -0.0004515
14423.4 -0.000499614
14435.4 -0.000546196
14447.4 -0.00059216
14459.5 -0.000637658
14471.5 -0.000682773
14483.5 -0.00072864
14495.5 -0.000774468
14507.5 -0.000820117
14519.5 -0.000865959
14531.5 -0.000910477
14543.5 -0.000954179
14555.6 -0.000997369
14567.6 -0.00104014
14579.6 -0.0010828
14591.6 -0.00112875
14603.6 -0.0011743
14615.6 -0.0012195
14627.6 -0.00126439
14639.6 -0.00130891
14651.7 -0.00135313
14663.7 -0.00139707
14675.7 -0.00144075
14687.7 -0.00148449
14699.7 -0.00152865
14711.7 -0.00157263
14723.7 -0.00161659
14735.7 -0.00166002
14747.7 -0.0017024
14759.8 -0.00174429
14771.8 -0.00178576
14783.8 -0.00182681
14795.8 -0.00186452
14807.8 -0.00189947
14819.8 -0.00193419
14831.8 -0.00196852
14843.8 -0.00200319
14855.9 -0.00203788
14867.9 -0.0020725
14879.9 -0.00210703
14891.9 -0.00214149
14903.9 -0.00217517
14915.9 -0.00220866
14927.9 -0.00224228
14939.9 -0.0022759
14952 -0.00230809
14964 -0.00233981
14976 -0.00237123
14988 -0.00240237
15000 -0.00243325
15012 -0.00246228
15024 -0.00249117
15036 -0.00251986
15048 -0.00254856
15060.1 -0.00257737
15072.1 -0.00260614
15084.1 -0.00263483
15096.1 -0.00266345
15108.1 -0.00269122
15120.1 -0.00271677
15132.1 -0.00274244
15144.1 -0.00276835
15156.2 -0.00279342
15168.2 -0.00281823
15180.2 -0.00284292
15192.2 -0.00286753
15204.2 -0.0028921
15216.2 -0.00291729
15228.2 -0.00294309
15240.2 -0.00296889
15252.3 -0.00299461
15264.3 -0.00301978
15276.3 -0.00304479
15288.3 -0.0030697
15300.3 -0.00309451
15312.3 -0.00311922
15324.3 -0.00314201
15336.3 -0.00316419
15348.3 -0.0031865
15360.4 -0.00320852
15372.4 -0.00323024
15384.4 -0.00325188
15396.4 -0.0032735
15408.4 -0.00329512
15420.4 -0.00331679
15432.4 -0.00334079
15444.4 -0.00336488
15456.5 -0.00338906
15468.5 -0.00341241
15480.5 -0.00343553
15492.5 -0.0034585
15504.5 -0.00348133
15516.5 -0.00350404
15528.5 -0.00352588
15540.5 -0.00354486
15552.6 -0.00356381
15564.6 -0.00358288
15576.6 -0.00360249
15588.6 -0.00362222
15600.6 -0.00364205
15612.6 -0.00366194
15624.6 -0.00368191
15636.6 -0.00370182
15648.6 -0.00372164
15660.7 -0.00374172
15672.7 -0.00376114
15684.7 -0.00378007
15696.7 -0.00379888
15708.7 -0.00381763
15720.7 -0.00383633
15732.7 -0.00385498
15744.7 -0.00387317
15756.8 -0.00389113
15768.8 -0.00390906
15780.8 -0.00392733
15792.8 -0.00394569
15804.8 -0.00396412
15816.8 -0.00398263
15828.8 -0.00400126
15840.8 -0.00402012
15852.9 -0.00405099
15864.9 -0.00408303
15876.9 -0.00411447
15888.9 -0.00414448
15900.9 -0.00417411
15912.9 -0.00420345
15924.9 -0.00423255
15936.9 -0.00426144
15948.9 -0.00429006
15961 -0.00431811
15973 -0.00434596
15985 -0.00437378
15997 -0.00440152
16009 -0.00442912
16021 -0.00445658
16033 -0.0044839
16045 -0.00451107
16057.1 -0.00453696
16069.1 -0.00456087
16081.1 -0.00458466
16093.1 -0.0046077
16105.1 -0.00463046
16117.1 -0.00465299
16129.1 -0.00467529
16141.1 -0.00469736
16153.2 -0.00471919
16165.2 -0.00474606
16177.2 -0.00477609
16189.2 -0.00480606
16201.2 -0.00483612
16213.2 -0.00486599
16225.2 -0.00489566
16237.2 -0.00492512
16249.2 -0.00495436
16261.3 -0.00498341
16273.3 -0.00500562
16285.3 -0.00502617
16297.3 -0.00504672
16309.3 -0.00506708
16321.3 -0.00508717
16333.3 -0.00510695
16345.3 -0.00512639
16357.4 -0.00514545
16369.4 -0.00516473
16381.4 -0.00519274
16393.4 -0.00522056
16405.4 -0.00524835
16417.4 -0.00527587
16429.4 -0.00530307
16441.4 -0.00532995
16453.5 -0.00535648
16465.5 -0.00538264
16477.5 -0.00540845
16489.5 -0.0054339
16501.5 -0.00545971
16513.5 -0.00548608
16525.5 -0.00551224
16537.5 -0.00553813
16549.5 -0.00556373
16561.6 -0.00558902
16573.6 -0.00561404
16585.6 -0.00563708
16597.6 -0.00565815
16609.6 -0.005679
16621.6 -0.00569946
16633.6 -0.00571948
16645.6 -0.00573905
16657.7 -0.00575813
16669.7 -0.0057767
16681.7 -0.00579464
16693.7 -0.00581467
16705.7 -0.00583567
16717.7 -0.00585827
16729.7 -0.00588072
16741.7 -0.00590292
16753.8 -0.00592483
16765.8 -0.00594643
16777.8 -0.00596772
16789.8 -0.00598871
16801.8 -0.00600883
16813.8 -0.00602847
16825.8 -0.00604767
16837.8 -0.00606653
16849.8 -0.00608509
16861.9 -0.00610339
16873.9 -0.00612149
16885.9 -0.00613954
16897.9 -0.00615559
16909.9 -0.006163
16921.9 -0.00617203
16933.9 -0.00618063
16945.9 -0.00618873
16958 -0.00619636
16970 -0.00620353
16982 -0.00621025
16994 -0.00621656
17006 -0.00622217
17018 -0.00622695
17030 -0.00623134
17042 -0.00623532
17054.1 -0.0062389
17066.1 -0.00624211
17078.1 -0.006245
17090.1 -0.00624763
17102.1 -0.00625014
17114.1 -0.00624979
17126.1 -0.00624919
17138.1 -0.00624891
17150.2 -0.00624826
17162.2 -0.00624728
17174.2 -0.00624604
17186.2 -0.00624464
17198.2 -0.00624329
17210.2 -0.0062428
17222.2 -0.00623184
17234.2 -0.00621893
17246.2 -0.006205
17258.3 -0.00619023
17270.3 -0.00617471
17282.3 -0.00615849
17294.3 -0.0061416
17306.3 -0.00612407
17318.3 -0.00610586
17330.3 -0.00608669
17342.3 -0.00606718
17354.4 -0.00604694
17366.4 -0.00602596
17378.4 -0.00600419
17390.4 -0.00598157
17402.4 -0.00595796
17414.4 -0.00593299
17426.4 -0.00591004
17438.4 -0.00589512
17450.5 -0.00588093
17462.5 -0.00586687
17474.5 -0.00585283
17486.5 -0.00583876
17498.5 -0.00582468
17510.5 -0.00581065
17522.5 -0.00579693
17534.5 -0.0057806
17546.5 -0.00576167
17558.6 -0.0057421
17570.6 -0.00572206
17582.6 -0.00570163
17594.6 -0.00568093
17606.6 -0.00566008
17618.6 -0.00563941
17630.6 -0.00562015
17642.6 -0.00558927
17654.7 -0.00555378
17666.7 -0.00551589
17678.7 -0.00547578
17690.7 -0.00543329
17702.7 -0.00538802
17714.7 -0.00533918
17726.7 -0.00528483
17738.7 -0.00522421
17750.8 -0.00522082
17762.8 -0.0052268
17774.8 -0.0052376
17786.8 -0.00525205
17798.8 -0.00526972
17810.8 -0.00529062
17822.8 -0.00531522
17834.8 -0.00534503
17846.8 -0.00537204
17858.9 -0.00536971
17870.9 -0.00536348
17882.9 -0.00535542
17894.9 -0.00534623
17906.9 -0.00533625
17918.9 -0.00532568
17930.9 -0.00531464
17942.9 -0.00530322
17955 -0.00529082
17967 -0.00527765
17979 -0.00526433
17991 -0.00525088
18003 -0.00523729
18015 -0.00522361
18027 -0.00520984
18039 -0.00519598
18051.1 -0.00518207
18063.1 -0.00516822
18075.1 -0.00515432
18087.1 -0.00514036
18099.1 -0.00512636
18111.1 -0.0051123
18123.1 -0.00509819
18135.1 -0.00508402
18147.1 -0.00506977
18159.2 -0.00505502
18171.2 -0.00503911
18183.2 -0.0050233
18195.2 -0.00500754
18207.2 -0.00499181
18219.2 -0.00497611
18231.2 -0.00496044
18243.2 -0.00494478
18255.3 -0.00492913
18267.3 -0.00491334
18279.3 -0.00489749
18291.3 -0.00488168
18303.3 -0.00486589
18315.3 -0.00485011
18327.3 -0.00483434
18339.3 -0.00481857
18351.4 -0.00480278
18363.4 -0.00478689
18375.4 -0.00476991
18387.4 -0.00475301
18399.4 -0.0047362
18411.4 -0.00471946
18423.4 -0.00470278
18435.4 -0.00468613
18447.4 -0.00466952
18459.5 -0.00465291
18471.5 -0.00463605
18483.5 -0.00461877
18495.5 -0.00460162
18507.5 -0.00458455
18519.5 -0.00456755
18531.5 -0.00455061
18543.5 -0.00453372
18555.6 -0.00451688
18567.6 -0.00450007
18579.6 -0.00448313
18591.6 -0.00446619
18603.6 -0.00444931
18615.6 -0.00443248
18627.6 -0.00441569
18639.6 -0.00439893
18651.7 -0.00438219
18663.7 -0.00436547
18675.7 -0.00434869
18687.7 -0.00433142
18699.7 -0.00431426
18711.7 -0.00429718
18723.7 -0.00428016
18735.7 -0.00426319
18747.7 -0.00424625
18759.8 -0.00422933
18771.8 -0.00421243
18783.8 -0.0041954
18795.8 -0.00417824
18807.8 -0.00416115
18819.8 -0.0041441
18831.8 -0.00412708
18843.8 -0.00411007
18855.9 -0.00409306
18867.9 -0.00407603
18879.9 -0.00405889
18891.9 -0.00404093
18903.9 -0.00402293
18915.9 -0.00400508
18927.9 -0.00398734
18939.9 -0.0039697
18952 -0.00395212
18964 -0.00393462
18976 -0.00391717
18988 -0.00389977
19000 -0.00388238
