7000 -9.39644e-05
7012.01 -9.9313e-05
7024.02 -0.000105004
7036.04 -0.000111007
7048.05 -0.000117503
7060.06 -0.000124491
7072.07 -0.000131959
7084.08 -0.00013992
7096.1 -0.000148393
7108.11 -0.000157398
7120.12 -0.000166952
7132.13 -0.000177054
7144.14 -0.000187676
7156.16 -0.000199204
7168.17 -0.000211533
7180.18 -0.000224665
7192.19 -0.000238624
7204.2 -0.000253443
7216.22 -0.000269153
7228.23 -0.000285778
7240.24 -0.000303302
7252.25 -0.000321826
7264.26 -0.00034173
7276.28 -0.000362883
7288.29 -0.0003853
7300.3 -0.000409014
7312.31 -0.000434055
7324.32 -0.000460441
7336.34 -0.000488155
7348.35 -0.000516931
7360.36 -0.000547586
7372.37 -0.00058012
7384.38 -0.000614378
7396.4 -0.000650319
7408.41 -0.000687907
7420.42 -0.000727106
7432.43 -0.000767872
7444.44 -0.000810188
7456.46 -0.000854188
7468.47 -0.000898804
7480.48 -0.000944068
7492.49 -0.00098981
7504.5 -0.00103576
7516.52 -0.0010816
7528.53 -0.00112695
7540.54 -0.00117141
7552.55 -0.00121461
7564.56 -0.00125609
7576.58 -0.00129503
7588.59 -0.0013311
7600.6 -0.0013639
7612.61 -0.00139315
7624.62 -0.00141882
7636.64 -0.00143285
7648.65 -0.001427
7660.66 -0.0014148
7672.67 -0.00139619
7684.68 -0.00137126
7696.7 -0.00134016
7708.71 -0.00130297
7720.72 -0.00125965
7732.73 -0.0012096
7744.74 -0.00117592
7756.76 -0.00115469
7768.77 -0.00113089
7780.78 -0.0011064
7792.79 -0.00108074
7804.8 -0.001054
7816.82 -0.00102642
7828.83 -0.000998237
7840.84 -0.000969633
7852.85 -0.00094375
7864.86 -0.000918961
7876.88 -0.000894769
7888.89 -0.000870824
7900.9 -0.000847556
7912.91 -0.000825158
7924.92 -0.000803814
7936.94 -0.000783774
7948.95 -0.000764067
7960.96 -0.000730854
7972.97 -0.000696945
7984.98 -0.000664296
7997 -0.000632781
8009.01 -0.000602267
8021.02 -0.000572733
8033.03 -0.000544169
8045.05 -0.000516557
8057.06 -0.000490126
8069.07 -0.000465212
8081.08 -0.000441286
8093.09 -0.000418567
8105.11 -0.000396994
8117.12 -0.000376613
8129.13 -0.000357546
8141.14 -0.000340062
8153.15 -0.000324936
8165.17 -0.000291989
8177.18 -0.000242548
8189.19 -0.000191582
8201.2 -0.000138315
8213.21 -8.39448e-05
8225.23 -2.86465e-05
8237.24 2.76273e-05
8249.25 8.51972e-05
8261.26 0.000145495
8273.27 0.000165473
8285.29 0.000171812
8297.3 0.000176738
8309.31 0.000180356
8321.32 0.00018266
8333.33 0.000183538
8345.35 0.000182671
8357.36 0.000179208
8369.37 0.000175204
8381.38 0.000256918
8393.39 0.000344877
8405.41 0.000436492
8417.42 0.000530826
8429.43 0.000627667
8441.44 0.000727133
8453.45 0.00082975
8465.47 0.000937096
8477.48 0.00101374
8489.49 0.000987337
8501.5 0.000954728
8513.51 0.000918756
8525.53 0.000880178
8537.54 0.000839341
8549.55 0.000796327
8561.56 0.000750928
8573.57 0.000702185
8585.59 0.000684375
8597.6 0.000700988
8609.61 0.000720632
8621.62 0.000741677
8633.63 0.000763601
8645.65 0.000786172
8657.66 0.000809258
8669.67 0.000832781
8681.68 0.000856693
8693.69 0.000880987
8705.71 0.000905575
8717.72 0.000930206
8729.73 0.000955015
8741.74 0.000980011
8753.75 0.00100519
8765.77 0.00103054
8777.78 0.00105604
8789.79 0.00108168
8801.8 0.00110733
8813.81 0.00113348
8825.83 0.00116006
8837.84 0.00118694
8849.85 0.0012141
8861.86 0.00124152
8873.87 0.00126921
8885.89 0.00129719
8897.9 0.00132553
8909.91 0.00135429
8921.92 0.00138249
8933.93 0.00141065
8945.95 0.00143887
8957.96 0.00146718
8969.97 0.00149559
8981.98 0.0015241
8993.99 0.00155268
9006.01 0.00158126
9018.02 0.00161012
9030.03 0.00163971
9042.04 0.00166964
9054.05 0.00169987
9066.07 0.00173039
9078.08 0.00176119
9090.09 0.00179231
9102.1 0.00182377
9114.11 0.00185581
9126.13 0.00188728
9138.14 0.00191862
9150.15 0.00195003
9162.16 0.00198158
9174.17 0.00201331
9186.19 0.00204522
9198.2 0.00207738
9210.21 0.00210985
9222.22 0.00214262
9234.23 0.00217463
9246.25 0.00220658
9258.26 0.00223858
9270.27 0.00227067
9282.28 0.00230289
9294.29 0.00233527
9306.31 0.00236784
9318.32 0.00240067
9330.33 0.00243345
9342.34 0.00246595
9354.35 0.0024985
9366.37 0.00253118
9378.38 0.00256402
9390.39 0.00259706
9402.4 0.00263034
9414.41 0.00266398
9426.43 0.00269835
9438.44 0.00273086
9450.45 0.0027629
9462.46 0.0027948
9474.47 0.00282667
9486.49 0.00285856
9498.5 0.00289051
9510.51 0.00292255
9522.52 0.00295473
9534.53 0.00298701
9546.55 0.00301909
9558.56 0.00305125
9570.57 0.00308355
9582.58 0.00311605
9594.59 0.00314879
9606.61 0.00318185
9618.62 0.00321539
9630.63 0.00324981
9642.64 0.00328216
9654.65 0.00331181
9666.67 0.00334095
9678.68 0.0033698
9690.69 0.00339848
9702.7 0.00342704
9714.71 0.00345554
9726.73 0.00348401
9738.74 0.00351249
9750.75 0.00354099
9762.76 0.00356955
9774.77 0.0035982
9786.79 0.00362696
9798.8 0.00365588
9810.81 0.003685
9822.82 0.00371443
9834.83 0.00374434
9846.85 0.00377392
9858.86 0.00380058
9870.87 0.00382677
9882.88 0.00385274
9894.89 0.00387857
9906.91 0.0039043
9918.92 0.00392995
9930.93 0.00395551
9942.94 0.00398086
9954.95 0.00400714
9966.97 0.00403432
9978.98 0.00406179
9990.99 0.00408953
10003 0.00411753
10015 0.00414583
10027 0.00417448
10039 0.00420362
10051.1 0.00423353
10063.1 0.00425982
10075.1 0.00428543
10087.1 0.00431072
10099.1 0.00433577
10111.1 0.00436058
10123.1 0.00438509
10135.1 0.00440915
10147.1 0.00443233
10159.2 0.00445663
10171.2 0.00448685
10183.2 0.00451824
10195.2 0.00455036
10207.2 0.00458302
10219.2 0.00461612
10231.2 0.00464953
10243.2 0.0046831
10255.3 0.00471644
10267.3 0.00475221
10279.3 0.00479009
10291.3 0.00482872
10303.3 0.00486788
10315.3 0.0049074
10327.3 0.00494707
10339.3 0.00498657
10351.4 0.00502519
10363.4 0.0050617
10375.4 0.00511355
10387.4 0.00516967
10399.4 0.00522849
10411.4 0.00528956
10423.4 0.00535266
10435.4 0.00541764
10447.4 0.00548438
10459.5 0.00555264
10471.5 0.00562324
10483.5 0.00569812
10495.5 0.00577546
10507.5 0.00585507
10519.5 0.00593687
10531.5 0.00602078
10543.5 0.00610666
10555.6 0.00619425
10567.6 0.00628245
10579.6 0.00637919
10591.6 0.00648336
10603.6 0.00659183
10615.6 0.00670433
10627.6 0.0068208
10639.6 0.0069413
10651.7 0.00706597
10663.7 0.00719514
10675.7 0.00732901
10687.7 0.00746084
10699.7 0.00759525
10711.7 0.0077329
10723.7 0.00787403
10735.7 0.00801885
10747.7 0.00816751
10759.8 0.00832021
10771.8 0.00847736
10783.8 0.00863686
10795.8 0.00879627
10807.8 0.00895879
10819.8 0.00912479
10831.8 0.00929445
10843.8 0.00946796
10855.9 0.00964556
10867.9 0.00982768
10879.9 0.010016
10891.9 0.0101896
10903.9 0.010359
10915.9 0.0105291
10927.9 0.0107006
10939.9 0.0108737
10952 0.0110485
10964 0.0112252
10976 0.011404
10988 0.011583
11000 0.0117539
11012 0.0119252
11024 0.0120974
11036 0.0122706
11048 0.0124452
11060.1 0.0126213
11072.1 0.0127996
11084.1 0.0129809
11096.1 0.013159
11108.1 0.0133249
11120.1 0.0133971
11132.1 0.0134552
11144.1 0.0135045
11156.2 0.0135464
11168.2 0.0135812
11180.2 0.0136088
11192.2 0.0136282
11204.2 0.0136325
11216.2 0.0136518
11228.2 0.0137151
11240.2 0.0137796
11252.3 0.0138427
11264.3 0.0139031
11276.3 0.01396
11288.3 0.0140126
11300.3 0.0140574
11312.3 0.014091
11324.3 0.0141433
11336.3 0.0142113
11348.3 0.0142787
11360.4 0.0143445
11372.4 0.0144082
11384.4 0.0144698
11396.4 0.0145292
11408.4 0.0145878
11420.4 0.0146472
11432.4 0.0146732
11444.4 0.0146873
11456.5 0.0146949
11468.5 0.0146967
11480.5 0.0146929
11492.5 0.0146832
11504.5 0.0146677
11516.5 0.0146473
11528.5 0.0146214
11540.5 0.0146423
11552.6 0.0146656
11564.6 0.0146883
11576.6 0.0147096
11588.6 0.0147293
11600.6 0.0147476
11612.6 0.0147691
11624.6 0.0147912
11636.6 0.0148109
11648.6 0.0148316
11660.7 0.0148502
11672.7 0.0148667
11684.7 0.0148813
11696.7 0.0148945
11708.7 0.014907
11720.7 0.0149234
11732.7 0.0149396
11744.7 0.0149403
11756.8 0.0149241
11768.8 0.0149034
11780.8 0.0148791
11792.8 0.0148519
11804.8 0.0148223
11816.8 0.0147923
11828.8 0.0147649
11840.8 0.0147309
11852.9 0.0147059
11864.9 0.0146831
11876.9 0.0146592
11888.9 0.0146343
11900.9 0.0146084
11912.9 0.0145821
11924.9 0.014558
11936.9 0.0145337
11948.9 0.014508
11961 0.0144745
11973 0.0144389
11985 0.014402
11997 0.014364
12009 0.0143255
12021 0.0142874
12033 0.0142531
12045 0.0142164
12057.1 0.0141792
12069.1 0.0141464
12081.1 0.0141141
12093.1 0.0140823
12105.1 0.0140513
12117.1 0.0140217
12129.1 0.0139949
12141.1 0.0139723
12153.2 0.0139557
12165.2 0.0139089
12177.2 0.0138159
12189.2 0.0137151
12201.2 0.0136092
12213.2 0.0134993
12225.2 0.0133862
12237.2 0.0132728
12249.2 0.0131532
12261.3 0.0130226
12273.3 0.0129341
12285.3 0.0128685
12297.3 0.012807
12309.3 0.0127484
12321.3 0.0126924
12333.3 0.0126395
12345.3 0.0125925
12357.4 0.0125462
12369.4 0.0125036
12381.4 0.0124303
12393.4 0.0123522
12405.4 0.012272
12417.4 0.0121906
12429.4 0.0121087
12441.4 0.0120283
12453.5 0.0119477
12465.5 0.0118639
12477.5 0.0117799
12489.5 0.0117049
12501.5 0.0116308
12513.5 0.0115572
12525.5 0.0114842
12537.5 0.0114124
12549.5 0.0113441
12561.6 0.0112751
12573.6 0.0112062
12585.6 0.0111312
12597.6 0.0110452
12609.6 0.0109571
12621.6 0.0108678
12633.6 0.0107775
12645.6 0.0106869
12657.7 0.0105967
12669.7 0.0105045
12681.7 0.0104112
12693.7 0.0103167
12705.7 0.0102212
12717.7 0.010125
12729.7 0.0100282
12741.7 0.00993146
12753.8 0.00983729
12765.8 0.00974129
12777.8 0.00964105
12789.8 0.00953618
12801.8 0.0094462
12813.8 0.00935749
12825.8 0.00926851
12837.8 0.00917886
12849.8 0.00908824
12861.9 0.00899589
12873.9 0.00890324
12885.9 0.00880973
12897.9 0.00871639
12909.9 0.00863073
12921.9 0.0085456
12933.9 0.00846043
12945.9 0.00837501
12958 0.00828917
12970 0.00820273
12982 0.00811539
12994 0.00802659
13006 0.00794219
13018 0.00786752
13030 0.00779359
13042 0.00771964
13054.1 0.00764494
13066.1 0.00756623
13078.1 0.00749053
13090.1 0.00741897
13102.1 0.00735165
13114.1 0.00726345
13126.1 0.00715987
13138.1 0.00705412
13150.2 0.00694691
13162.2 0.00683846
13174.2 0.00672886
13186.2 0.00661787
13198.2 0.00650519
13210.2 0.00638929
13222.2 0.0062942
13234.2 0.00620198
13246.2 0.00610991
13258.3 0.00601716
13270.3 0.00592189
13282.3 0.00582523
13294.3 0.00573359
13306.3 0.00564387
13318.3 0.00555536
13330.3 0.00546704
13342.3 0.00537941
13354.4 0.00529239
13366.4 0.00520584
13378.4 0.0051196
13390.4 0.00503385
13402.4 0.00494848
13414.4 0.00486332
13426.4 0.00477934
13438.4 0.00469744
13450.5 0.00461572
13462.5 0.00453389
13474.5 0.00445142
13486.5 0.00436755
13498.5 0.00428653
13510.5 0.00420658
13522.5 0.0041269
13534.5 0.00405801
13546.5 0.00399679
13558.6 0.0039369
13570.6 0.00387796
13582.6 0.00381955
13594.6 0.00376217
13606.6 0.00370657
13618.6 0.00365244
13630.6 0.00360057
13642.6 0.00352136
13654.7 0.00343737
13666.7 0.00335268
13678.7 0.00326744
13690.7 0.00318116
13702.7 0.00309607
13714.7 0.00301157
13726.7 0.00292733
13738.7 0.00284417
13750.8 0.00276838
13762.8 0.00269307
13774.8 0.00261788
13786.8 0.00254233
13798.8 0.0024663
13810.8 0.00239312
13822.8 0.00232112
13834.8 0.00224991
13846.8 0.00218147
13858.9 0.00211755
13870.9 0.00205436
13882.9 0.00199173
13894.9 0.00192945
13906.9 0.00186791
13918.9 0.00180723
13930.9 0.00174716
13942.9 0.00168767
13955 0.00162489
13967 0.00155985
13979 0.00149489
13991 0.00142982
14003 0.00136397
14015 0.00130076
14027 0.00123888
14039 0.00117795
14051.1 0.00111791
14063.1 0.00105085
14075.1 0.000983026
14087.1 0.000915765
14099.1 0.000849196
14111.1 0.000783162
14123.1 0.000716777
14135.1 0.000650542
14147.1 0.000584511
14159.2 0.000519083
14171.2 0.000457623
14183.2 0.00039637
14195.2 0.000335174
14207.2 0.00027346
14219.2 0.000213271
14231.2 0.000154324
14243.2 9.60742e-05
14255.3 3.83885e-05
14267.3 -1.76395e-05
14279.3 -7.08951e-05
14291.3 -0.000123733
14303.3 -0.00017621
14315.3 -0.000228384
14327.3 -0.000279995
14339.3 -0.000331204
14351.4 -0.000382065
14363.4 -0.000432612
14375.4 -0.000480112
14387.4 -0.000525417
14399.4 -0.000570609
14411.4 -0.000615911
14423.4 -0.000660829
14435.4 -0.000704263
14447.4 -0.000747111
14459.5 -0.00078952
14471.5 -0.000831578
14483.5 -0.000874956
14495.5 -0.000918431
14507.5 -0.000961745
14519.5 -0.00100526
14531.5 -0.00104748
14543.5 -0.00108892
14555.6 -0.00112988
14567.6 -0.00117046
14579.6 -0.00121108
14591.6 -0.00125665
14603.6 -0.00130181
14615.6 -0.00134664
14627.6 -0.00139115
14639.6 -0.0014353
14651.7 -0.00147916
14663.7 -0.00152273
14675.7 -0.00156605
14687.7 -0.00160912
14699.7 -0.00165194
14711.7 -0.00169461
14723.7 -0.00173725
14735.7 -0.00177939
14747.7 -0.0018205
14759.8 -0.00186115
14771.8 -0.0019014
14783.8 -0.00194125
14795.8 -0.00197807
14807.8 -0.0020124
14819.8 -0.0020465
14831.8 -0.00208022
14843.8 -0.00211427
14855.9 -0.00214834
14867.9 -0.00218235
14879.9 -0.00221626
14891.9 -0.00225007
14903.9 -0.00228206
14915.9 -0.00231361
14927.9 -0.0023453
14939.9 -0.002377
14952 -0.00240731
14964 -0.00243719
14976 -0.00246677
14988 -0.00249611
15000 -0.00252519
15012 -0.00255198
15024 -0.00257866
15036 -0.00260517
15048 -0.00263172
15060.1 -0.0026584
15072.1 -0.00268506
15084.1 -0.00271167
15096.1 -0.00273824
15108.1 -0.00276421
15120.1 -0.00278859
15132.1 -0.00281309
15144.1 -0.00283782
15156.2 -0.00286174
15168.2 -0.00288541
15180.2 -0.00290898
15192.2 -0.00293247
15204.2 -0.00295594
15216.2 -0.00298006
15228.2 -0.00300483
15240.2 -0.0030296
15252.3 -0.00305429
15264.3 -0.00307847
15276.3 -0.00310249
15288.3 -0.00312641
15300.3 -0.00315025
15312.3 -0.003174
15324.3 -0.00319554
15336.3 -0.00321637
15348.3 -0.00323734
15360.4 -0.00325806
15372.4 -0.0032785
15384.4 -0.00329889
15396.4 -0.00331928
15408.4 -0.00333971
15420.4 -0.00336027
15432.4 -0.00338524
15444.4 -0.00341034
15456.5 -0.0034355
15468.5 -0.00345982
15480.5 -0.0034839
15492.5 -0.00350781
15504.5 -0.0035316
15516.5 -0.00355524
15528.5 -0.00357801
15540.5 -0.00359788
15552.6 -0.00361773
15564.6 -0.00363769
15576.6 -0.00365818
15588.6 -0.00367879
15600.6 -0.00369948
15612.6 -0.00372023
15624.6 -0.00374105
15636.6 -0.00376153
15648.6 -0.00378161
15660.7 -0.00380194
15672.7 -0.00382162
15684.7 -0.00384082
15696.7 -0.00385992
15708.7 -0.00387895
15720.7 -0.00389793
15732.7 -0.00391687
15744.7 -0.00393548
15756.8 -0.00395392
15768.8 -0.00397232
15780.8 -0.00399107
15792.8 -0.0040099
15804.8 -0.00402881
15816.8 -0.00404779
15828.8 -0.0040669
15840.8 -0.00408626
15852.9 -0.00411916
15864.9 -0.00415336
15876.9 -0.00418691
15888.9 -0.00421903
15900.9 -0.00425074
15912.9 -0.00428216
15924.9 -0.00431333
15936.9 -0.00434427
15948.9 -0.00437473
15961 -0.00440344
15973 -0.00443197
15985 -0.00446048
15997 -0.0044889
16009 -0.00451719
16021 -0.00454533
16033 -0.00457333
16045 -0.00460118
16057.1 -0.00462785
16069.1 -0.0046527
16081.1 -0.00467742
16093.1 -0.00470138
16105.1 -0.00472507
16117.1 -0.00474852
16129.1 -0.00477175
16141.1 -0.00479475
16153.2 -0.0048175
16165.2 -0.0048457
16177.2 -0.00487731
16189.2 -0.00490886
16201.2 -0.0049405
16213.2 -0.00497196
16225.2 -0.00500322
16237.2 -0.00503427
16249.2 -0.00506513
16261.3 -0.00509582
16273.3 -0.00511691
16285.3 -0.00513579
16297.3 -0.00515468
16309.3 -0.00517337
16321.3 -0.00519178
16333.3 -0.00520988
16345.3 -0.00522764
16357.4 -0.00524502
16369.4 -0.00526267
16381.4 -0.00528988
16393.4 -0.00531694
16405.4 -0.00534396
16417.4 -0.00537071
16429.4 -0.00539716
16441.4 -0.00542328
16453.5 -0.00544906
16465.5 -0.00547447
16477.5 -0.00549943
16489.5 -0.00552377
16501.5 -0.00554849
16513.5 -0.00557374
16525.5 -0.00559877
16537.5 -0.00562351
16549.5 -0.00564795
16561.6 -0.00567208
16573.6 -0.00569592
16585.6 -0.0057177
16597.6 -0.00573741
16609.6 -0.00575688
16621.6 -0.00577593
16633.6 -0.00579452
16645.6 -0.00581262
16657.7 -0.0058302
16669.7 -0.00584719
16681.7 -0.00586343
16693.7 -0.00588417
16705.7 -0.00590682
16717.7 -0.00593112
16729.7 -0.00595532
16741.7 -0.00597931
16753.8 -0.00600305
16765.8 -0.00602652
16777.8 -0.00604972
16789.8 -0.0060727
16801.8 -0.00609407
16813.8 -0.00611492
16825.8 -0.00613537
16837.8 -0.0061555
16849.8 -0.00617537
16861.9 -0.00619503
16873.9 -0.00621455
16885.9 -0.00623414
16897.9 -0.00625146
16909.9 -0.00625865
16921.9 -0.0062674
16933.9 -0.00627567
16945.9 -0.00628343
16958 -0.00629072
16970 -0.00629758
16982 -0.00630403
16994 -0.00631017
17006 -0.00631488
17018 -0.00631756
17030 -0.00631975
17042 -0.00632146
17054.1 -0.00632272
17066.1 -0.00632359
17078.1 -0.0063241
17090.1 -0.00632432
17102.1 -0.00632444
17114.1 -0.00632143
17126.1 -0.006318
17138.1 -0.00631479
17150.2 -0.00631112
17162.2 -0.00630705
17174.2 -0.00630264
17186.2 -0.00629799
17198.2 -0.00629327
17210.2 -0.0062892
17222.2 -0.00627579
17234.2 -0.00626058
17246.2 -0.00624435
17258.3 -0.00622725
17270.3 -0.00620934
17282.3 -0.00619066
17294.3 -0.00617121
17306.3 -0.00615093
17318.3 -0.00613003
17330.3 -0.00611063
17342.3 -0.00609116
17354.4 -0.0060711
17366.4 -0.00605039
17378.4 -0.00602898
17390.4 -0.00600678
17402.4 -0.00598366
17414.4 -0.00595925
17426.4 -0.00593684
17438.4 -0.00592223
17450.5 -0.00590834
17462.5 -0.00589461
17474.5 -0.00588092
17486.5 -0.00586725
17498.5 -0.00585362
17510.5 -0.00584011
17522.5 -0.00582707
17534.5 -0.00581073
17546.5 -0.00579106
17558.6 -0.00577061
17570.6 -0.00574959
17582.6 -0.00572811
17594.6 -0.00570627
17606.6 -0.0056842
17618.6 -0.00566218
17630.6 -0.00564134
17642.6 -0.00560986
17654.7 -0.00557408
17666.7 -0.00553595
17678.7 -0.0054956
17690.7 -0.00545285
17702.7 -0.00540728
17714.7 -0.00535803
17726.7 -0.00530311
17738.7 -0.00524169
17750.8 -0.00524018
17762.8 -0.00524852
17774.8 -0.00526199
17786.8 -0.00527933
17798.8 -0.00530014
17810.8 -0.00532444
17822.8 -0.00535273
17834.8 -0.00538668
17846.8 -0.00541755
17858.9 -0.00541642
17870.9 -0.00541103
17882.9 -0.00540364
17894.9 -0.00539501
17906.9 -0.00538551
17918.9 -0.00537537
17930.9 -0.00536472
17942.9 -0.00535364
17955 -0.00534155
17967 -0.00532867
17979 -0.00531563
17991 -0.00530243
18003 -0.00528909
18015 -0.00527565
18027 -0.0052621
18039 -0.00524847
18051.1 -0.00523477
18063.1 -0.00522112
18075.1 -0.00520742
18087.1 -0.00519366
18099.1 -0.00517984
18111.1 -0.00516596
18123.1 -0.00515203
18135.1 -0.00513803
18147.1 -0.00512393
18159.2 -0.00510932
18171.2 -0.00509354
18183.2 -0.00507787
18195.2 -0.00506224
18207.2 -0.00504666
18219.2 -0.0050311
18231.2 -0.00501556
18243.2 -0.00500004
18255.3 -0.00498452
18267.3 -0.00496886
18279.3 -0.00495314
18291.3 -0.00493745
18303.3 -0.00492178
18315.3 -0.00490613
18327.3 -0.00489048
18339.3 -0.00487483
18351.4 -0.00485915
18363.4 -0.00484336
18375.4 -0.00482647
18387.4 -0.00480966
18399.4 -0.00479295
18411.4 -0.00477631
18423.4 -0.00475972
18435.4 -0.00474318
18447.4 -0.00472666
18459.5 -0.00471014
18471.5 -0.00469336
18483.5 -0.00467617
18495.5 -0.0046591
18507.5 -0.00464211
18519.5 -0.0046252
18531.5 -0.00460834
18543.5 -0.00459154
18555.6 -0.00457478
18567.6 -0.00455805
18579.6 -0.00454118
18591.6 -0.00452432
18603.6 -0.00450751
18615.6 -0.00449076
18627.6 -0.00447404
18639.6 -0.00445735
18651.7 -0.00444069
18663.7 -0.00442403
18675.7 -0.00440731
18687.7 -0.00439009
18699.7 -0.00437299
18711.7 -0.00435596
18723.7 -0.00433899
18735.7 -0.00432207
18747.7 -0.00430518
18759.8 -0.00428832
18771.8 -0.00427146
18783.8 -0.00425447
18795.8 -0.00423735
18807.8 -0.00422029
18819.8 -0.00420328
18831.8 -0.00418629
18843.8 -0.00416931
18855.9 -0.00415233
18867.9 -0.00413531
18879.9 -0.0041182
18891.9 -0.00410023
18903.9 -0.00408222
18915.9 -0.00406438
18927.9 -0.00404665
18939.9 -0.00402901
18952 -0.00401144
18964 -0.00399394
18976 -0.0039765
18988 -0.0039591
19000 -0.00394171
