7000 -3.93865e-05
7012.01 -4.29023e-05
7024.02 -4.66821e-05
7036.04 -5.06907e-05
7048.05 -5.51138e-05
7060.06 -5.99402e-05
7072.07 -6.51536e-05
7084.08 -7.07637e-05
7096.1 -7.67854e-05
7108.11 -8.32342e-05
7120.12 -9.0123e-05
7132.13 -9.74486e-05
7144.14 -0.000105183
7156.16 -0.000113717
7168.17 -0.000122932
7180.18 -0.000132827
7192.19 -0.000143426
7204.2 -0.000154758
7216.22 -0.000166857
7228.23 -0.000179746
7240.24 -0.000193413
7252.25 -0.000207986
7264.26 -0.000223835
7276.28 -0.000240832
7288.29 -0.000259007
7300.3 -0.000278407
7312.31 -0.000299081
7324.32 -0.000321074
7336.34 -0.0003444
7348.35 -0.000368844
7360.36 -0.000395297
7372.37 -0.000423747
7384.38 -0.000454101
7396.4 -0.000486379
7408.41 -0.000520619
7420.42 -0.000556862
7432.43 -0.000595149
7444.44 -0.000635553
7456.46 -0.000678267
7468.47 -0.000722375
7480.48 -0.000768031
7492.49 -0.000815157
7504.5 -0.000863574
7516.52 -0.00091303
7528.53 -0.000963205
7540.54 -0.00101372
7552.55 -0.00106418
7564.56 -0.00111406
7576.58 -0.00116248
7588.59 -0.00120896
7600.6 -0.00125292
7612.61 -0.00129382
7624.62 -0.00133142
7636.64 -0.00135686
7648.65 -0.00136105
7660.66 -0.00135816
7672.67 -0.00134793
7684.68 -0.00133025
7696.7 -0.00130509
7708.71 -0.00127244
7720.72 -0.00123222
7732.73 -0.00118381
7744.74 -0.00115082
7756.76 -0.00112937
7768.77 -0.00110425
7780.78 -0.00107748
7792.79 -0.00104872
7804.8 -0.00101823
7816.82 -0.000986384
7828.83 -0.000953535
7840.84 -0.000919842
7852.85 -0.000891937
7864.86 -0.000865932
7876.88 -0.000840768
7888.89 -0.000816126
7900.9 -0.000792454
7912.91 -0.00076997
7924.92 -0.000748876
7936.94 -0.000729449
7948.95 -0.000710617
7960.96 -0.000677203
7972.97 -0.000643298
7984.98 -0.000610879
7997 -0.000579819
8009.01 -0.000549986
8021.02 -0.000521355
8033.03 -0.000493911
8045.05 -0.00046765
8057.06 -0.000442296
8069.07 -0.000417437
8081.08 -0.000393615
8093.09 -0.000371068
8105.11 -0.000349737
8117.12 -0.000329666
8129.13 -0.000310973
8141.14 -0.000293919
8153.15 -0.000279283
8165.17 -0.000246662
8177.18 -0.000197376
8189.19 -0.000146566
8201.2 -9.34992e-05
8213.21 -3.93527e-05
8225.23 1.5706e-05
8237.24 7.17297e-05
8249.25 0.000129046
8261.26 0.000189101
8273.27 0.000208532
8285.29 0.000214228
8297.3 0.000218479
8309.31 0.000221399
8321.32 0.000222983
8333.33 0.00022312
8345.35 0.000221482
8357.36 0.000217206
8369.37 0.000212384
8381.38 0.000294997
8393.39 0.000383989
8405.41 0.000476699
8417.42 0.000572177
8429.43 0.000670202
8441.44 0.00077089
8453.45 0.000874761
8465.47 0.000983387
8477.48 0.00106144
8489.49 0.0010368
8501.5 0.00100601
8513.51 0.000971902
8525.53 0.000935239
8537.54 0.000896372
8549.55 0.000855388
8561.56 0.000812095
8573.57 0.000765575
8585.59 0.000748734
8597.6 0.000764927
8609.61 0.000784057
8621.62 0.000804535
8633.63 0.000825857
8645.65 0.0008478
8657.66 0.00087024
8669.67 0.000893101
8681.68 0.000916338
8693.69 0.000939945
8705.71 0.000963835
8717.72 0.000987764
8729.73 0.00101187
8741.74 0.00103616
8753.75 0.00106062
8765.77 0.00108525
8777.78 0.00111004
8789.79 0.00113496
8801.8 0.0011599
8813.81 0.00118533
8825.83 0.00121118
8837.84 0.00123733
8849.85 0.00126375
8861.86 0.00129042
8873.87 0.00131737
8885.89 0.0013446
8897.9 0.00137218
8909.91 0.00140016
8921.92 0.0014276
8933.93 0.00145501
8945.95 0.00148248
8957.96 0.00151004
8969.97 0.00153769
8981.98 0.00156545
8993.99 0.00159328
9006.01 0.00162112
9018.02 0.00164924
9030.03 0.00167808
9042.04 0.00170725
9054.05 0.00173671
9066.07 0.00176646
9078.08 0.00179649
9090.09 0.00182682
9102.1 0.0018575
9114.11 0.00188874
9126.13 0.00191941
9138.14 0.00194996
9150.15 0.00198059
9162.16 0.00201135
9174.17 0.00204228
9186.19 0.00207341
9198.2 0.00210477
9210.21 0.00213644
9222.22 0.0021684
9234.23 0.00219961
9246.25 0.00223077
9258.26 0.00226198
9270.27 0.00229329
9282.28 0.00232472
9294.29 0.00235631
9306.31 0.00238808
9318.32 0.00242012
9330.33 0.0024521
9342.34 0.0024838
9354.35 0.00251558
9366.37 0.00254747
9378.38 0.00257952
9390.39 0.00261176
9402.4 0.00264425
9414.41 0.00267708
9426.43 0.00271062
9438.44 0.00274233
9450.45 0.00277358
9462.46 0.00280472
9474.47 0.00283582
9486.49 0.00286695
9498.5 0.00289813
9510.51 0.00292941
9522.52 0.00296083
9534.53 0.00299235
9546.55 0.00302367
9558.56 0.00305507
9570.57 0.00308661
9582.58 0.00311835
9594.59 0.00315032
9606.61 0.00318261
9618.62 0.00321535
9630.63 0.00324896
9642.64 0.00328049
9654.65 0.00330941
9666.67 0.00333784
9678.68 0.003366
9690.69 0.00339399
9702.7 0.00342188
9714.71 0.00344971
9726.73 0.00347752
9738.74 0.00350534
9750.75 0.00353319
9762.76 0.0035611
9774.77 0.0035891
9786.79 0.00361721
9798.8 0.00364547
9810.81 0.00367394
9822.82 0.0037027
9834.83 0.00373195
9846.85 0.00376083
9858.86 0.00378686
9870.87 0.00381246
9882.88 0.00383785
9894.89 0.00386311
9906.91 0.00388827
9918.92 0.00391337
9930.93 0.00393838
9942.94 0.0039632
9954.95 0.00398895
9966.97 0.00401557
9978.98 0.00404248
9990.99 0.00406965
10003 0.00409708
10015 0.00412479
10027 0.00415286
10039 0.0041814
10051.1 0.00421067
10063.1 0.0042364
10075.1 0.00426148
10087.1 0.00428625
10099.1 0.00431081
10111.1 0.00433514
10123.1 0.00435918
10135.1 0.0043828
10147.1 0.00440558
10159.2 0.00442951
10171.2 0.00445923
10183.2 0.00449008
10195.2 0.00452163
10207.2 0.00455371
10219.2 0.00458621
10231.2 0.00461903
10243.2 0.00465201
10255.3 0.00468475
10267.3 0.00471991
10279.3 0.00475712
10291.3 0.00479506
10303.3 0.00483351
10315.3 0.00487231
10327.3 0.00491127
10339.3 0.00495006
10351.4 0.00498801
10363.4 0.00502398
10375.4 0.00507498
10387.4 0.0051301
10399.4 0.00518783
10411.4 0.00524774
10423.4 0.00530961
10435.4 0.00537331
10447.4 0.0054387
10459.5 0.00550557
10471.5 0.00557472
10483.5 0.00564804
10495.5 0.00572374
10507.5 0.00580164
10519.5 0.00588165
10531.5 0.0059637
10543.5 0.00604766
10555.6 0.00613327
10567.6 0.00621947
10579.6 0.00631406
10591.6 0.00641584
10603.6 0.00652178
10615.6 0.0066316
10627.6 0.00674526
10639.6 0.00686281
10651.7 0.00698438
10663.7 0.00711028
10675.7 0.0072407
10687.7 0.00736907
10699.7 0.00749992
10711.7 0.00763388
10723.7 0.00777121
10735.7 0.00791208
10747.7 0.00805665
10759.8 0.00820511
10771.8 0.00835784
10783.8 0.00851277
10795.8 0.00866756
10807.8 0.00882535
10819.8 0.00898646
10831.8 0.0091511
10843.8 0.00931942
10855.9 0.00949166
10867.9 0.00966823
10879.9 0.00985075
10891.9 0.0100187
10903.9 0.0101826
10915.9 0.0103472
10927.9 0.010513
10939.9 0.0106804
10952 0.0108495
10964 0.0110203
10976 0.0111931
10988 0.011366
11000 0.0115311
11012 0.0116964
11024 0.0118626
11036 0.0120299
11048 0.0121983
11060.1 0.0123684
11072.1 0.0125404
11084.1 0.0127154
11096.1 0.0128871
11108.1 0.013047
11120.1 0.013116
11132.1 0.0131714
11144.1 0.0132183
11156.2 0.0132579
11168.2 0.0132907
11180.2 0.0133165
11192.2 0.0133343
11204.2 0.0133374
11216.2 0.0133553
11228.2 0.0134166
11240.2 0.0134792
11252.3 0.0135404
11264.3 0.013599
11276.3 0.0136544
11288.3 0.0137056
11300.3 0.0137493
11312.3 0.013782
11324.3 0.0138338
11336.3 0.0139014
11348.3 0.0139687
11360.4 0.0140346
11372.4 0.0140987
11384.4 0.0141608
11396.4 0.014221
11408.4 0.0142806
11420.4 0.0143414
11432.4 0.0143681
11444.4 0.014383
11456.5 0.0143915
11468.5 0.0143945
11480.5 0.0143919
11492.5 0.0143837
11504.5 0.0143699
11516.5 0.0143515
11528.5 0.0143277
11540.5 0.0143494
11552.6 0.0143735
11564.6 0.0143971
11576.6 0.0144194
11588.6 0.0144402
11600.6 0.0144597
11612.6 0.0144823
11624.6 0.0145058
11636.6 0.0145266
11648.6 0.0145475
11660.7 0.0145662
11672.7 0.0145828
11684.7 0.0145975
11696.7 0.0146108
11708.7 0.0146233
11720.7 0.0146396
11732.7 0.0146556
11744.7 0.0146571
11756.8 0.0146428
11768.8 0.0146242
11780.8 0.0146023
11792.8 0.0145775
11804.8 0.0145504
11816.8 0.0145231
11828.8 0.0144983
11840.8 0.0144673
11852.9 0.014444
11864.9 0.0144225
11876.9 0.0143998
11888.9 0.014376
11900.9 0.0143512
11912.9 0.0143258
11924.9 0.0143025
11936.9 0.014279
11948.9 0.0142538
11961 0.0142221
11973 0.0141883
11985 0.0141533
11997 0.0141173
12009 0.0140807
12021 0.0140444
12033 0.0140119
12045 0.0139768
12057.1 0.0139414
12069.1 0.0139108
12081.1 0.0138807
12093.1 0.013851
12105.1 0.0138221
12117.1 0.0137946
12129.1 0.0137699
12141.1 0.0137491
12153.2 0.0137342
12165.2 0.01369
12177.2 0.0136009
12189.2 0.0135043
12201.2 0.0134028
12213.2 0.0132974
12225.2 0.0131888
12237.2 0.0130801
12249.2 0.0129653
12261.3 0.0128398
12273.3 0.012755
12285.3 0.0126924
12297.3 0.0126338
12309.3 0.0125779
12321.3 0.0125245
12333.3 0.0124742
12345.3 0.0124296
12357.4 0.0123858
12369.4 0.0123455
12381.4 0.0122749
12393.4 0.0121994
12405.4 0.0121219
12417.4 0.0120431
12429.4 0.0119638
12441.4 0.011886
12453.5 0.0118081
12465.5 0.011727
12477.5 0.0116456
12489.5 0.0115724
12501.5 0.0114999
12513.5 0.0114279
12525.5 0.0113565
12537.5 0.0112861
12549.5 0.0112192
12561.6 0.0111518
12573.6 0.0110847
12585.6 0.0110102
12597.6 0.0109226
12609.6 0.0108325
12621.6 0.0107407
12633.6 0.0106478
12645.6 0.0105541
12657.7 0.0104605
12669.7 0.0103644
12681.7 0.0102662
12693.7 0.0101714
12705.7 0.0100787
12717.7 0.00998578
12729.7 0.00989276
12741.7 0.00979995
12753.8 0.00970995
12765.8 0.0096184
12777.8 0.00952295
12789.8 0.00942347
12801.8 0.00933598
12813.8 0.00924935
12825.8 0.00916231
12837.8 0.00907453
12849.8 0.00898573
12861.9 0.00889518
12873.9 0.00880428
12885.9 0.00871249
12897.9 0.00862085
12909.9 0.00853704
12921.9 0.00845376
12933.9 0.00837045
12945.9 0.00828688
12958 0.00820288
12970 0.00811827
12982 0.00803276
12994 0.00794578
13006 0.0078633
13018 0.00779081
13030 0.00771909
13042 0.00764739
13054.1 0.00757498
13066.1 0.00749863
13078.1 0.00742525
13090.1 0.00735597
13102.1 0.00729088
13114.1 0.00720523
13126.1 0.00710446
13138.1 0.00700156
13150.2 0.00689725
13162.2 0.00679175
13174.2 0.00668516
13186.2 0.00657726
13198.2 0.0064678
13210.2 0.00635544
13222.2 0.00626097
13234.2 0.00616885
13246.2 0.00607671
13258.3 0.00598375
13270.3 0.00588818
13282.3 0.0057911
13294.3 0.00569885
13306.3 0.00560832
13318.3 0.00551921
13330.3 0.0054333
13342.3 0.00534837
13354.4 0.00526416
13366.4 0.00518053
13378.4 0.00509727
13390.4 0.0050146
13402.4 0.0049324
13414.4 0.00485055
13426.4 0.0047689
13438.4 0.0046873
13450.5 0.00460571
13462.5 0.00452392
13474.5 0.00444142
13486.5 0.00435746
13498.5 0.00427626
13510.5 0.00419606
13522.5 0.00411606
13534.5 0.00404717
13546.5 0.00398618
13558.6 0.0039265
13570.6 0.00386775
13582.6 0.00380952
13594.6 0.00375227
13606.6 0.00369675
13618.6 0.00364262
13630.6 0.00359061
13642.6 0.00351384
13654.7 0.00343277
13666.7 0.0033511
13678.7 0.00326893
13690.7 0.00318578
13702.7 0.00310383
13714.7 0.00302252
13726.7 0.0029415
13738.7 0.00286142
13750.8 0.00278738
13762.8 0.00271375
13774.8 0.00264023
13786.8 0.00256633
13798.8 0.00249193
13810.8 0.00242034
13822.8 0.00234992
13834.8 0.00228029
13846.8 0.00221313
13858.9 0.00214997
13870.9 0.0020875
13882.9 0.00202557
13894.9 0.00196397
13906.9 0.00190308
13918.9 0.00184303
13930.9 0.00178358
13942.9 0.00172469
13955 0.00166271
13967 0.00159862
13979 0.00153461
13991 0.00147047
14003 0.00140556
14015 0.00134324
14027 0.00128224
14039 0.00122216
14051.1 0.00116295
14063.1 0.00109795
14075.1 0.0010324
14087.1 0.000967425
14099.1 0.000903139
14111.1 0.000839389
14123.1 0.000775291
14135.1 0.000711343
14147.1 0.000647602
14159.2 0.00058418
14171.2 0.000522001
14183.2 0.00045998
14195.2 0.000397992
14207.2 0.000335469
14219.2 0.00027444
14231.2 0.000214636
14243.2 0.000155517
14255.3 9.6952e-05
14267.3 4.03398e-05
14279.3 -1.28986e-05
14291.3 -6.57237e-05
14303.3 -0.000118193
14315.3 -0.000170367
14327.3 -0.000221984
14339.3 -0.000273207
14351.4 -0.00032409
14363.4 -0.000374666
14375.4 -0.000422679
14387.4 -0.000468844
14399.4 -0.000514897
14411.4 -0.000561062
14423.4 -0.000606849
14435.4 -0.000651157
14447.4 -0.000694878
14459.5 -0.000738158
14471.5 -0.000781075
14483.5 -0.000824121
14495.5 -0.000867015
14507.5 -0.000909756
14519.5 -0.000952704
14531.5 -0.000994377
14543.5 -0.00103528
14555.6 -0.00107572
14567.6 -0.00111578
14579.6 -0.00115591
14591.6 -0.00120126
14603.6 -0.0012462
14615.6 -0.00129081
14627.6 -0.00133511
14639.6 -0.00137906
14651.7 -0.00142272
14663.7 -0.0014661
14675.7 -0.00150924
14687.7 -0.00155211
14699.7 -0.00159471
14711.7 -0.00163717
14723.7 -0.00167962
14735.7 -0.00172157
14747.7 -0.00176252
14759.8 -0.00180301
14771.8 -0.00184311
14783.8 -0.00188285
14795.8 -0.00192034
14807.8 -0.00195596
14819.8 -0.00199134
14831.8 -0.00202633
14843.8 -0.00206165
14855.9 -0.00209698
14867.9 -0.00213225
14879.9 -0.00216744
14891.9 -0.00220255
14903.9 -0.00223721
14915.9 -0.00227177
14927.9 -0.00230643
14939.9 -0.00234108
14952 -0.00237429
14964 -0.00240705
14976 -0.00243947
14988 -0.0024716
15000 -0.00250336
15012 -0.00252993
15024 -0.00255648
15036 -0.00258289
15048 -0.00260935
15060.1 -0.00263597
15072.1 -0.00266257
15084.1 -0.00268914
15096.1 -0.00271569
15108.1 -0.00274179
15120.1 -0.0027667
15132.1 -0.00279172
15144.1 -0.00281698
15156.2 -0.00284142
15168.2 -0.00286562
15180.2 -0.00288971
15192.2 -0.00291375
15204.2 -0.00293776
15216.2 -0.0029628
15228.2 -0.00298883
15240.2 -0.00301485
15252.3 -0.00304078
15264.3 -0.00306617
15276.3 -0.00309142
15288.3 -0.00311656
15300.3 -0.00314163
15312.3 -0.0031666
15324.3 -0.0031899
15336.3 -0.00321266
15348.3 -0.00323554
15360.4 -0.00325815
15372.4 -0.00328046
15384.4 -0.0033027
15396.4 -0.00332492
15408.4 -0.00334714
15420.4 -0.00336943
15432.4 -0.00339408
15444.4 -0.00341882
15456.5 -0.00344365
15468.5 -0.00346768
15480.5 -0.00349147
15492.5 -0.00351513
15504.5 -0.00353868
15516.5 -0.00356213
15528.5 -0.00358517
15540.5 -0.00360699
15552.6 -0.00362872
15564.6 -0.00365055
15576.6 -0.00367288
15588.6 -0.00369531
15600.6 -0.0037178
15612.6 -0.00374033
15624.6 -0.0037629
15636.6 -0.00378435
15648.6 -0.00380448
15660.7 -0.00382488
15672.7 -0.00384464
15684.7 -0.00386395
15696.7 -0.00388315
15708.7 -0.0039023
15720.7 -0.00392141
15732.7 -0.00394048
15744.7 -0.00395907
15756.8 -0.00397743
15768.8 -0.00399575
15780.8 -0.00401443
15792.8 -0.00403321
15804.8 -0.00405206
15816.8 -0.00407099
15828.8 -0.00409005
15840.8 -0.00410935
15852.9 -0.00414134
15864.9 -0.00417455
15876.9 -0.00420713
15888.9 -0.00423831
15900.9 -0.0042691
15912.9 -0.00429961
15924.9 -0.00432988
15936.9 -0.00435995
15948.9 -0.00438965
15961 -0.00441824
15973 -0.00444664
15985 -0.00447503
15997 -0.00450334
16009 -0.00453151
16021 -0.00455955
16033 -0.00458745
16045 -0.0046152
16057.1 -0.00464106
16069.1 -0.00466392
16081.1 -0.00468668
16093.1 -0.00470871
16105.1 -0.00473048
16117.1 -0.00475204
16129.1 -0.00477338
16141.1 -0.0047945
16153.2 -0.00481538
16165.2 -0.00484214
16177.2 -0.00487259
16189.2 -0.00490299
16201.2 -0.00493348
16213.2 -0.00496378
16225.2 -0.00499389
16237.2 -0.00502379
16249.2 -0.00505347
16261.3 -0.00508298
16273.3 -0.00510548
16285.3 -0.00512629
16297.3 -0.00514712
16309.3 -0.00516777
16321.3 -0.00518815
16333.3 -0.00520823
16345.3 -0.005228
16357.4 -0.00524741
16369.4 -0.00526691
16381.4 -0.00529261
16393.4 -0.00531811
16405.4 -0.00534356
16417.4 -0.00536873
16429.4 -0.00539358
16441.4 -0.0054181
16453.5 -0.00544227
16465.5 -0.00546606
16477.5 -0.0054895
16489.5 -0.00551259
16501.5 -0.00553606
16513.5 -0.00556003
16525.5 -0.00558376
16537.5 -0.00560719
16549.5 -0.00563029
16561.6 -0.00565305
16573.6 -0.00567545
16585.6 -0.00569706
16597.6 -0.00571785
16609.6 -0.00573846
16621.6 -0.00575868
16633.6 -0.00577847
16645.6 -0.0057978
16657.7 -0.00581666
16669.7 -0.00583498
16681.7 -0.00585266
16693.7 -0.00587286
16705.7 -0.00589422
16717.7 -0.00591715
16729.7 -0.00593993
16741.7 -0.00596246
16753.8 -0.00598471
16765.8 -0.00600665
16777.8 -0.00602831
16789.8 -0.0060497
16801.8 -0.0060693
16813.8 -0.00608834
16825.8 -0.00610692
16837.8 -0.00612514
16849.8 -0.00614304
16861.9 -0.00616065
16873.9 -0.00617805
16885.9 -0.00619537
16897.9 -0.00621079
16909.9 -0.00621807
16921.9 -0.006227
16933.9 -0.00623546
16945.9 -0.00624342
16958 -0.0062509
16970 -0.00625792
16982 -0.00626448
16994 -0.00627061
17006 -0.00627621
17018 -0.00628124
17030 -0.00628592
17042 -0.00629022
17054.1 -0.00629417
17066.1 -0.00629779
17078.1 -0.00630115
17090.1 -0.00630434
17102.1 -0.00630761
17114.1 -0.00630663
17126.1 -0.00630451
17138.1 -0.00630255
17150.2 -0.00630011
17162.2 -0.00629728
17174.2 -0.00629412
17186.2 -0.00629075
17198.2 -0.00628737
17210.2 -0.00628478
17222.2 -0.0062718
17234.2 -0.00625683
17246.2 -0.0062408
17258.3 -0.00622388
17270.3 -0.00620615
17282.3 -0.00618765
17294.3 -0.00616841
17306.3 -0.00614842
17318.3 -0.00612774
17330.3 -0.00610707
17342.3 -0.00608613
17354.4 -0.00606446
17366.4 -0.00604204
17378.4 -0.0060188
17390.4 -0.00599466
17402.4 -0.00596945
17414.4 -0.00594274
17426.4 -0.00591846
17438.4 -0.00590346
17450.5 -0.00588933
17462.5 -0.00587541
17474.5 -0.00586158
17486.5 -0.00584779
17498.5 -0.00583404
17510.5 -0.0058204
17522.5 -0.00580717
17534.5 -0.00579103
17546.5 -0.00577195
17558.6 -0.00575218
17570.6 -0.00573191
17582.6 -0.00571125
17594.6 -0.00569029
17606.6 -0.00566917
17618.6 -0.0056482
17630.6 -0.00562861
17642.6 -0.00559754
17654.7 -0.00556186
17666.7 -0.00552376
17678.7 -0.00548339
17690.7 -0.00544061
17702.7 -0.00539498
17714.7 -0.00534566
17726.7 -0.00529064
17738.7 -0.00522911
17750.8 -0.0052276
17762.8 -0.00523598
17774.8 -0.00524949
17786.8 -0.00526689
17798.8 -0.00528776
17810.8 -0.00531214
17822.8 -0.00534052
17834.8 -0.00537459
17846.8 -0.00540557
17858.9 -0.00540436
17870.9 -0.00539888
17882.9 -0.00539138
17894.9 -0.00538263
17906.9 -0.005373
17918.9 -0.00536273
17930.9 -0.00535195
17942.9 -0.00534073
17955 -0.00532849
17967 -0.00531548
17979 -0.0053023
17991 -0.00528896
18003 -0.00527549
18015 -0.0052619
18027 -0.00524822
18039 -0.00523445
18051.1 -0.00522061
18063.1 -0.00520682
18075.1 -0.00519298
18087.1 -0.00517908
18099.1 -0.00516512
18111.1 -0.0051511
18123.1 -0.00513703
18135.1 -0.00512289
18147.1 -0.00510865
18159.2 -0.00509389
18171.2 -0.00507798
18183.2 -0.00506217
18195.2 -0.00504642
18207.2 -0.0050307
18219.2 -0.00501502
18231.2 -0.00499935
18243.2 -0.00498371
18255.3 -0.00496807
18267.3 -0.00495228
18279.3 -0.00493644
18291.3 -0.00492064
18303.3 -0.00490485
18315.3 -0.00488908
18327.3 -0.00487332
18339.3 -0.00485755
18351.4 -0.00484176
18363.4 -0.00482586
18375.4 -0.00480885
18387.4 -0.00479194
18399.4 -0.00477513
18411.4 -0.00475839
18423.4 -0.0047417
18435.4 -0.00472506
18447.4 -0.00470844
18459.5 -0.00469183
18471.5 -0.00467495
18483.5 -0.00465767
18495.5 -0.00464052
18507.5 -0.00462345
18519.5 -0.00460645
18531.5 -0.00458952
18543.5 -0.00457263
18555.6 -0.00455579
18567.6 -0.00453899
18579.6 -0.00452205
18591.6 -0.00450511
18603.6 -0.00448823
18615.6 -0.00447141
18627.6 -0.00445462
18639.6 -0.00443787
18651.7 -0.00442114
18663.7 -0.00440441
18675.7 -0.00438763
18687.7 -0.00437035
18699.7 -0.00435319
18711.7 -0.00433611
18723.7 -0.00431909
18735.7 -0.00430211
18747.7 -0.00428517
18759.8 -0.00426825
18771.8 -0.00425135
18783.8 -0.00423431
18795.8 -0.00421714
18807.8 -0.00420004
18819.8 -0.00418298
18831.8 -0.00416595
18843.8 -0.00414893
18855.9 -0.00413191
18867.9 -0.00411486
18879.9 -0.0040977
18891.9 -0.00407969
18903.9 -0.00406166
18915.9 -0.00404379
18927.9 -0.00402604
18939.9 -0.00400837
18952 -0.00399078
18964 -0.00397326
18976 -0.0039558
18988 -0.00393838
19000 -0.00392097
