7000 -0.00304292
7012.01 -0.00314831
7024.02 -0.003257
7036.04 -0.00336884
7048.05 -0.00348413
7060.06 -0.0036031
7072.07 -0.00372564
7084.08 -0.00385174
7096.1 -0.00398137
7108.11 -0.00411447
7120.12 -0.00425098
7132.13 -0.00439073
7144.14 -0.00453312
7156.16 -0.0046792
7168.17 -0.00482877
7180.18 -0.00498157
7192.19 -0.00513738
7204.2 -0.00529599
7216.22 -0.00545713
7228.23 -0.00562045
7240.24 -0.0057854
7252.25 -0.00595105
7264.26 -0.00611901
7276.28 -0.00628841
7288.29 -0.00645871
7300.3 -0.00662936
7312.31 -0.00679982
7324.32 -0.00696942
7336.34 -0.00713732
7348.35 -0.00730114
7360.36 -0.00746251
7372.37 -0.00762273
7384.38 -0.00778045
7396.4 -0.00793486
7408.41 -0.00808531
7420.42 -0.00823121
7432.43 -0.0083721
7444.44 -0.00850782
7456.46 -0.00863995
7468.47 -0.00876301
7480.48 -0.00887687
7492.49 -0.00898144
7504.5 -0.0090764
7516.52 -0.0091614
7528.53 -0.00923614
7540.54 -0.00930042
7552.55 -0.00935435
7564.56 -0.00939814
7576.58 -0.00942957
7588.59 -0.00944933
7600.6 -0.00945768
7612.61 -0.00945512
7624.62 -0.00944273
7636.64 -0.00940149
7648.65 -0.00931175
7660.66 -0.00920847
7672.67 -0.00909129
7684.68 -0.0089605
7696.7 -0.00881681
7708.71 -0.00866046
7720.72 -0.00849121
7732.73 -0.00830733
7744.74 -0.00816215
7756.76 -0.00804568
7768.77 -0.00792068
7780.78 -0.00779634
7792.79 -0.00766992
7804.8 -0.00754074
7816.82 -0.00740881
7828.83 -0.00727433
7840.84 -0.0071375
7852.85 -0.00700272
7864.86 -0.00686821
7876.88 -0.00673308
7888.89 -0.00659488
7900.9 -0.00645515
7912.91 -0.00631434
7924.92 -0.00617271
7936.94 -0.00603036
7948.95 -0.00588806
7960.96 -0.00575477
7972.97 -0.00561991
7984.98 -0.00548961
7997 -0.00536317
8009.01 -0.00523982
8021.02 -0.00511955
8033.03 -0.00500265
8045.05 -0.00488991
8057.06 -0.00476666
8069.07 -0.00461113
8081.08 -0.00445545
8093.09 -0.00430189
8105.11 -0.00415058
8117.12 -0.00400187
8129.13 -0.00385617
8141.14 -0.00371413
8153.15 -0.00357713
8165.17 -0.00341857
8177.18 -0.00324211
8189.19 -0.00306475
8201.2 -0.00288046
8213.21 -0.00269432
8225.23 -0.00250729
8237.24 -0.00231975
8249.25 -0.00213175
8261.26 -0.00194238
8273.27 -0.00178753
8285.29 -0.00164639
8297.3 -0.00150482
8309.31 -0.00136405
8321.32 -0.00122475
8333.33 -0.00108739
8345.35 -0.000952607
8357.36 -0.000821776
8369.37 -0.000692024
8381.38 -0.000437227
8393.39 -0.000173825
8405.41 9.58961e-05
8417.42 0.000369809
8429.43 0.000647488
8441.44 0.000929113
8453.45 0.00121556
8465.47 0.0015095
8477.48 0.00175031
8489.49 0.00181409
8501.5 0.00186711
8513.51 0.00191454
8525.53 0.00195727
8537.54 0.00199587
8549.55 0.00203047
8561.56 0.00206078
8573.57 0.00208545
8585.59 0.00214939
8597.6 0.00225634
8609.61 0.00237019
8621.62 0.00248661
8633.63 0.00260432
8645.65 0.00272285
8657.66 0.00284193
8669.67 0.00296143
8681.68 0.00308129
8693.69 0.00320159
8705.71 0.00332204
8717.72 0.00344158
8729.73 0.00356086
8741.74 0.00367994
8753.75 0.00379885
8765.77 0.00391756
8777.78 0.00403604
8789.79 0.00415419
8801.8 0.00427155
8813.81 0.00439012
8825.83 0.00450972
8837.84 0.00462974
8849.85 0.00475008
8861.86 0.00487073
8873.87 0.00499171
8885.89 0.00511312
8897.9 0.00523518
8909.91 0.00535822
8921.92 0.00547818
8933.93 0.00559721
8945.95 0.00571572
8957.96 0.00583383
8969.97 0.00595159
8981.98 0.00606899
8993.99 0.00618597
9006.01 0.00630223
9018.02 0.00641884
9030.03 0.0065377
9042.04 0.00665719
9054.05 0.00677712
9066.07 0.00689746
9078.08 0.00701821
9090.09 0.00713943
9102.1 0.0072613
9114.11 0.0073847
9126.13 0.00750507
9138.14 0.00762419
9150.15 0.00774288
9162.16 0.00786137
9174.17 0.00797978
9186.19 0.00809822
9198.2 0.00821684
9210.21 0.00833592
9222.22 0.00845539
9234.23 0.00857117
9246.25 0.008686
9258.26 0.00880029
9270.27 0.00891422
9282.28 0.00902789
9294.29 0.00914142
9306.31 0.00925492
9318.32 0.00936868
9330.33 0.00948147
9342.34 0.00959244
9354.35 0.00970291
9366.37 0.00981309
9378.38 0.00992311
9390.39 0.0100331
9402.4 0.0101433
9414.41 0.0102539
9426.43 0.0103665
9438.44 0.0104713
9450.45 0.0105737
9462.46 0.0106749
9474.47 0.0107752
9486.49 0.0108749
9498.5 0.010974
9510.51 0.0110728
9522.52 0.0111712
9534.53 0.0112693
9546.55 0.0113658
9558.56 0.0114619
9570.57 0.0115577
9582.58 0.0116534
9594.59 0.0117492
9606.61 0.0118453
9618.62 0.0119422
9630.63 0.0120413
9642.64 0.0121319
9654.65 0.0122124
9666.67 0.0122905
9678.68 0.0123669
9690.69 0.012442
9702.7 0.012516
9714.71 0.0125891
9726.73 0.0126613
9738.74 0.0127328
9750.75 0.0128037
9762.76 0.012874
9774.77 0.0129438
9786.79 0.0130133
9798.8 0.0130825
9810.81 0.0131516
9822.82 0.0132208
9834.83 0.0132909
9846.85 0.0133586
9858.86 0.0134159
9870.87 0.013471
9882.88 0.0135247
9894.89 0.0135771
9906.91 0.0136285
9918.92 0.013679
9930.93 0.0137283
9942.94 0.0137764
9954.95 0.0138267
9966.97 0.0138791
9978.98 0.0139316
9990.99 0.0139841
10003 0.0140365
10015 0.014089
10027 0.0141416
10039 0.0141949
10051.1 0.0142494
10063.1 0.0142913
10075.1 0.0143304
10087.1 0.0143678
10099.1 0.0144035
10111.1 0.0144377
10123.1 0.0144702
10135.1 0.0145004
10147.1 0.0145272
10159.2 0.0145572
10171.2 0.0146043
10183.2 0.0146538
10195.2 0.0147042
10207.2 0.014755
10219.2 0.014806
10231.2 0.0148567
10243.2 0.0149066
10255.3 0.0149547
10267.3 0.015009
10279.3 0.0150681
10291.3 0.015128
10303.3 0.015188
10315.3 0.0152475
10327.3 0.015306
10339.3 0.0153626
10351.4 0.0154151
10363.4 0.0154607
10375.4 0.0155496
10387.4 0.0156484
10399.4 0.0157528
10411.4 0.0158613
10423.4 0.0159733
10435.4 0.0160884
10447.4 0.016206
10459.5 0.0163256
10471.5 0.0164493
10483.5 0.0165825
10495.5 0.0167198
10507.5 0.0168607
10519.5 0.0170048
10531.5 0.0171518
10543.5 0.0173014
10555.6 0.0174527
10567.6 0.0176026
10579.6 0.0177729
10591.6 0.0179601
10603.6 0.0181553
10615.6 0.0183578
10627.6 0.0185673
10639.6 0.0187839
10651.7 0.0190078
10663.7 0.0192399
10675.7 0.0194805
10687.7 0.0197117
10699.7 0.0199458
10711.7 0.0201844
10723.7 0.0204282
10735.7 0.0206776
10747.7 0.0209329
10759.8 0.0211948
10771.8 0.0214641
10783.8 0.0217358
10795.8 0.0220031
10807.8 0.0222745
10819.8 0.0225508
10831.8 0.0228326
10843.8 0.0231205
10855.9 0.0234151
10867.9 0.0237179
10879.9 0.0240339
10891.9 0.0243115
10903.9 0.0245739
10915.9 0.0248347
10927.9 0.0250957
10939.9 0.0253577
10952 0.0256213
10964 0.0258868
10976 0.0261553
10988 0.0264234
11000 0.0266691
11012 0.0269125
11024 0.0271551
11036 0.0273975
11048 0.0276402
11060.1 0.0278833
11072.1 0.0281276
11084.1 0.0283744
11096.1 0.0286061
11108.1 0.0288149
11120.1 0.0289733
11132.1 0.029122
11144.1 0.0292637
11156.2 0.0293991
11168.2 0.0295282
11180.2 0.0296508
11192.2 0.029766
11204.2 0.0298589
11216.2 0.0299722
11228.2 0.0301456
11240.2 0.0303226
11252.3 0.0304998
11264.3 0.0306758
11276.3 0.0308496
11288.3 0.0310206
11300.3 0.0311828
11312.3 0.0313256
11324.3 0.0314981
11336.3 0.0316963
11348.3 0.0318969
11360.4 0.0320985
11372.4 0.0323009
11384.4 0.0325044
11396.4 0.03271
11408.4 0.0329218
11420.4 0.0331494
11432.4 0.0332546
11444.4 0.0333246
11456.5 0.0333821
11468.5 0.0334297
11480.5 0.0334684
11492.5 0.0334985
11504.5 0.0335199
11516.5 0.0335375
11528.5 0.0335484
11540.5 0.0336297
11552.6 0.0337157
11564.6 0.0338019
11576.6 0.0338871
11588.6 0.033971
11600.6 0.0340539
11612.6 0.0341446
11624.6 0.0342464
11636.6 0.0343416
11648.6 0.034423
11660.7 0.0345002
11672.7 0.0345742
11684.7 0.0346456
11696.7 0.034715
11708.7 0.0347839
11720.7 0.034863
11732.7 0.0349477
11744.7 0.0349916
11756.8 0.03499
11768.8 0.0349778
11780.8 0.0349575
11792.8 0.0349302
11804.8 0.0348967
11816.8 0.0348598
11828.8 0.0348309
11840.8 0.0347888
11852.9 0.0347716
11864.9 0.0347611
11876.9 0.0347483
11888.9 0.0347326
11900.9 0.0347138
11912.9 0.0346922
11924.9 0.0346729
11936.9 0.0346536
11948.9 0.0346292
11961 0.0346041
11973 0.0345757
11985 0.0345437
11997 0.0345084
12009 0.0344699
12021 0.034429
12033 0.034394
12045 0.0343523
12057.1 0.034314
12069.1 0.0343124
12081.1 0.0343142
12093.1 0.0343176
12105.1 0.0343225
12117.1 0.0343295
12129.1 0.0343408
12141.1 0.0343603
12153.2 0.0343906
12165.2 0.0343603
12177.2 0.0342377
12189.2 0.0340978
12201.2 0.0339455
12213.2 0.0337826
12225.2 0.0336099
12237.2 0.0334328
12249.2 0.0332415
12261.3 0.0330189
12273.3 0.0329284
12285.3 0.03291
12297.3 0.032905
12309.3 0.0329089
12321.3 0.0329203
12333.3 0.0329399
12345.3 0.0329752
12357.4 0.0330175
12369.4 0.0330733
12381.4 0.0330326
12393.4 0.0329771
12405.4 0.0329155
12417.4 0.0328503
12429.4 0.0327833
12441.4 0.032719
12453.5 0.0326586
12465.5 0.0325955
12477.5 0.032527
12489.5 0.0324318
12501.5 0.0323311
12513.5 0.0322269
12525.5 0.0321202
12537.5 0.0320124
12549.5 0.0319092
12561.6 0.0318043
12573.6 0.0316975
12585.6 0.0315774
12597.6 0.0314358
12609.6 0.0312885
12621.6 0.0311368
12633.6 0.0309815
12645.6 0.0308236
12657.7 0.0306659
12669.7 0.0305034
12681.7 0.030337
12693.7 0.0301657
12705.7 0.0299902
12717.7 0.0298115
12729.7 0.0296301
12741.7 0.0294469
12753.8 0.0292672
12765.8 0.0290866
12777.8 0.028897
12789.8 0.0286979
12801.8 0.0285194
12813.8 0.0283406
12825.8 0.0281591
12837.8 0.0279743
12849.8 0.0277855
12861.9 0.0275909
12873.9 0.0273928
12885.9 0.0271902
12897.9 0.0269875
12909.9 0.0268148
12921.9 0.0266439
12933.9 0.0264726
12945.9 0.0263003
12958 0.0261265
12970 0.0259509
12982 0.0257728
12994 0.0255914
13006 0.0254149
13018 0.0252509
13030 0.0250863
13042 0.02492
13054.1 0.0247504
13066.1 0.0245703
13078.1 0.0243896
13090.1 0.0242138
13102.1 0.0240414
13114.1 0.0238564
13126.1 0.023662
13138.1 0.0234658
13150.2 0.0232679
13162.2 0.0230684
13174.2 0.0228669
13186.2 0.0226627
13198.2 0.0224548
13210.2 0.0222385
13222.2 0.0220844
13234.2 0.0219398
13246.2 0.021797
13258.3 0.0216538
13270.3 0.0215065
13282.3 0.0213524
13294.3 0.0212077
13306.3 0.0210665
13318.3 0.0209298
13330.3 0.0208118
13342.3 0.0206975
13354.4 0.020586
13366.4 0.0204768
13378.4 0.0203696
13390.4 0.0202646
13402.4 0.0201622
13414.4 0.0200629
13426.4 0.0199501
13438.4 0.0198085
13450.5 0.0196648
13462.5 0.0195196
13474.5 0.0193723
13486.5 0.0192202
13498.5 0.0190726
13510.5 0.0189275
13522.5 0.0187843
13534.5 0.0186383
13546.5 0.0184906
13558.6 0.0183435
13570.6 0.018197
13582.6 0.0180504
13594.6 0.0179041
13606.6 0.0177607
13618.6 0.0176195
13630.6 0.017482
13642.6 0.0172951
13654.7 0.0170994
13666.7 0.0169021
13678.7 0.0167036
13690.7 0.0165022
13702.7 0.0163024
13714.7 0.0161038
13726.7 0.0159056
13738.7 0.0157091
13750.8 0.0155231
13762.8 0.0153377
13774.8 0.0151522
13786.8 0.0149658
13798.8 0.0147766
13810.8 0.0145926
13822.8 0.014411
13834.8 0.0142307
13846.8 0.0140642
13858.9 0.0139223
13870.9 0.0137827
13882.9 0.0136448
13894.9 0.0135079
13906.9 0.0133724
13918.9 0.013239
13930.9 0.0131069
13942.9 0.012976
13955 0.0128514
13967 0.0127314
13979 0.0126121
13991 0.012493
14003 0.0123717
14015 0.0122551
14027 0.0121417
14039 0.0120305
14051.1 0.0119211
14063.1 0.0118229
14075.1 0.0117282
14087.1 0.0116353
14099.1 0.0115444
14111.1 0.0114555
14123.1 0.0113664
14135.1 0.011278
14147.1 0.0111903
14159.2 0.0111004
14171.2 0.0109825
14183.2 0.0108647
14195.2 0.0107468
14207.2 0.0106277
14219.2 0.0105103
14231.2 0.0103959
14243.2 0.0102831
14255.3 0.0101718
14267.3 0.0100535
14279.3 0.00992021
14291.3 0.00978784
14303.3 0.00965638
14315.3 0.00952563
14327.3 0.00939621
14339.3 0.00926789
14351.4 0.00914054
14363.4 0.0090141
14375.4 0.00889325
14387.4 0.0087765
14399.4 0.00866019
14411.4 0.00854379
14423.4 0.00842741
14435.4 0.00831443
14447.4 0.0082031
14459.5 0.00809303
14471.5 0.00798394
14483.5 0.0078535
14495.5 0.00771926
14507.5 0.00758587
14519.5 0.00745234
14531.5 0.00732133
14543.5 0.00719278
14555.6 0.00706597
14567.6 0.00694072
14579.6 0.0068176
14591.6 0.00670497
14603.6 0.00659346
14615.6 0.00648309
14627.6 0.00637382
14639.6 0.00626579
14651.7 0.00615893
14663.7 0.00605325
14675.7 0.00594883
14687.7 0.00585526
14699.7 0.00578417
14711.7 0.00571329
14723.7 0.00564243
14735.7 0.00557208
14747.7 0.0055041
14759.8 0.0054374
14771.8 0.0053718
14783.8 0.00530729
14795.8 0.00524915
14807.8 0.00519626
14819.8 0.00514415
14831.8 0.0050932
14843.8 0.00504211
14855.9 0.00499108
14867.9 0.00494031
14879.9 0.00488985
14891.9 0.00483964
14903.9 0.00478899
14915.9 0.00473826
14927.9 0.00468732
14939.9 0.00463568
14952 0.00458686
14964 0.00453928
14976 0.0044925
14988 0.00444632
15000 0.00440027
15012 0.00433569
15024 0.00427244
15036 0.00421022
15048 0.00414869
15060.1 0.00408727
15072.1 0.00402621
15084.1 0.0039655
15096.1 0.00390501
15108.1 0.00384027
15120.1 0.00376337
15132.1 0.00368711
15144.1 0.00361073
15156.2 0.00353629
15168.2 0.00346314
15180.2 0.00339091
15192.2 0.00331943
15204.2 0.0032486
15216.2 0.00317662
15228.2 0.00310355
15240.2 0.00303096
15252.3 0.0029587
15264.3 0.00288807
15276.3 0.00281839
15288.3 0.00274951
15300.3 0.0026814
15312.3 0.00261411
15324.3 0.00255576
15336.3 0.00250062
15348.3 0.00244548
15360.4 0.00239091
15372.4 0.00233752
15384.4 0.00228481
15396.4 0.00223269
15408.4 0.00218118
15420.4 0.0021305
15432.4 0.00209606
15444.4 0.00206202
15456.5 0.00202743
15468.5 0.00199425
15480.5 0.00196186
15492.5 0.00193001
15504.5 0.00189868
15516.5 0.00186791
15528.5 0.0018417
15540.5 0.00183074
15552.6 0.00181972
15564.6 0.00180883
15576.6 0.00179679
15588.6 0.00178431
15600.6 0.00177149
15612.6 0.00175832
15624.6 0.00174469
15636.6 0.00172202
15648.6 0.00168844
15660.7 0.0016545
15672.7 0.00162119
15684.7 0.00158934
15696.7 0.00155796
15708.7 0.00152686
15720.7 0.00149592
15732.7 0.00146495
15744.7 0.00142018
15756.8 0.00136944
15768.8 0.0013194
15780.8 0.00126907
15792.8 0.00121868
15804.8 0.00116828
15816.8 0.00111781
15828.8 0.0010672
15840.8 0.00101626
15852.9 0.000954051
15864.9 0.000890247
15876.9 0.000826092
15888.9 0.000764817
15900.9 0.000704466
15912.9 0.000644688
15924.9 0.000585329
15936.9 0.000526295
15948.9 0.000467202
15961 0.000406367
15973 0.000345831
15985 0.000285298
15997 0.000224637
16009 0.00016395
16021 0.000103223
16033 4.24297e-05
16045 -1.84536e-05
16057.1 -7.35026e-05
16069.1 -0.000119065
16081.1 -0.000165344
16093.1 -0.000210801
16105.1 -0.000256096
16117.1 -0.000301412
16129.1 -0.000346814
16141.1 -0.000392337
16153.2 -0.000438004
16165.2 -0.000472998
16177.2 -0.000501017
16189.2 -0.000529261
16201.2 -0.000558586
16213.2 -0.000588436
16225.2 -0.000618725
16237.2 -0.000649409
16249.2 -0.000680453
16261.3 -0.000711796
16273.3 -0.000750279
16285.3 -0.000790341
16297.3 -0.00083111
16309.3 -0.000872622
16321.3 -0.000914644
16333.3 -0.000957117
16345.3 -0.000999991
16357.4 -0.00104318
16369.4 -0.00108798
16381.4 -0.00115221
16393.4 -0.00121706
16405.4 -0.001283
16417.4 -0.0013497
16429.4 -0.00141707
16441.4 -0.00148508
16453.5 -0.00155371
16465.5 -0.00162293
16477.5 -0.00169131
16489.5 -0.00175649
16501.5 -0.00182233
16513.5 -0.0018911
16525.5 -0.00196128
16537.5 -0.00203265
16549.5 -0.00210517
16561.6 -0.00217888
16573.6 -0.00225397
16585.6 -0.00231984
16597.6 -0.00237654
16609.6 -0.00243397
16621.6 -0.0024922
16633.6 -0.00255119
16645.6 -0.00261093
16657.7 -0.00267149
16669.7 -0.00273298
16681.7 -0.00279593
16693.7 -0.0028362
16705.7 -0.00286741
16717.7 -0.0029019
16729.7 -0.00293743
16741.7 -0.0029736
16753.8 -0.00301029
16765.8 -0.00304749
16777.8 -0.00308532
16789.8 -0.00312431
16801.8 -0.00314046
16813.8 -0.00315466
16825.8 -0.00316746
16837.8 -0.00317904
16849.8 -0.00318934
16861.9 -0.00319817
16873.9 -0.00320524
16885.9 -0.00321002
16897.9 -0.00321609
16909.9 -0.00323561
16921.9 -0.00325768
16933.9 -0.00328014
16945.9 -0.00330174
16958 -0.00332197
16970 -0.0033404
16982 -0.00335655
16994 -0.00336954
17006 -0.00339093
17018 -0.00342726
17030 -0.00346299
17042 -0.00349728
17054.1 -0.0035297
17066.1 -0.00355992
17078.1 -0.00358762
17090.1 -0.00361239
17102.1 -0.00363341
17114.1 -0.0036599
17126.1 -0.00369031
17138.1 -0.00372146
17150.2 -0.00375108
17162.2 -0.00377872
17174.2 -0.00380413
17186.2 -0.00382711
17198.2 -0.00384753
17210.2 -0.00386517
17222.2 -0.00388107
17234.2 -0.00389478
17246.2 -0.00390592
17258.3 -0.00391433
17270.3 -0.00391996
17282.3 -0.00392273
17294.3 -0.00392258
17306.3 -0.00391939
17318.3 -0.0039134
17330.3 -0.00390791
17342.3 -0.0039009
17354.4 -0.00389157
17366.4 -0.0038798
17378.4 -0.00386551
17390.4 -0.00384862
17402.4 -0.00382899
17414.4 -0.00380623
17426.4 -0.00378374
17438.4 -0.00376764
17450.5 -0.00375129
17462.5 -0.00373381
17474.5 -0.00371502
17486.5 -0.00369484
17498.5 -0.00367319
17510.5 -0.00364994
17522.5 -0.00362459
17534.5 -0.00360327
17546.5 -0.00358684
17558.6 -0.00357064
17570.6 -0.00355436
17582.6 -0.00353792
17594.6 -0.00352126
17606.6 -0.00350423
17618.6 -0.00348644
17630.6 -0.00346599
17642.6 -0.00346489
17654.7 -0.00347367
17666.7 -0.00348684
17678.7 -0.00350428
17690.7 -0.00352656
17702.7 -0.0035548
17714.7 -0.00359118
17726.7 -0.00364065
17738.7 -0.00370528
17750.8 -0.00362261
17762.8 -0.00351486
17774.8 -0.00339432
17786.8 -0.00326408
17798.8 -0.00312523
17810.8 -0.00297778
17822.8 -0.00282058
17834.8 -0.00264969
17846.8 -0.00248629
17858.9 -0.00240126
17870.9 -0.0023265
17882.9 -0.00225663
17894.9 -0.00218985
17906.9 -0.0021253
17918.9 -0.00206247
17930.9 -0.00200107
17942.9 -0.00194098
17955 -0.00188198
17967 -0.00182319
17979 -0.00176507
17991 -0.00170764
18003 -0.00165087
18015 -0.00159474
18027 -0.00153925
18039 -0.00148438
18051.1 -0.0014301
18063.1 -0.00137646
18075.1 -0.00132348
18087.1 -0.00127113
18099.1 -0.0012194
18111.1 -0.0011683
18123.1 -0.00111784
18135.1 -0.00106805
18147.1 -0.001019
18159.2 -0.000970949
18171.2 -0.000922764
18183.2 -0.000874846
18195.2 -0.000827355
18207.2 -0.000780339
18219.2 -0.000733822
18231.2 -0.000687821
18243.2 -0.000642352
18255.3 -0.000597436
18267.3 -0.000553096
18279.3 -0.000509172
18291.3 -0.000465747
18303.3 -0.000422842
18315.3 -0.000380471
18327.3 -0.00033865
18339.3 -0.000297402
18351.4 -0.000256772
18363.4 -0.000216917
18375.4 -0.000177595
18387.4 -0.000138328
18399.4 -9.94272e-05
18411.4 -6.09465e-05
18423.4 -2.2914e-05
18435.4 1.46492e-05
18447.4 5.1719e-05
18459.5 8.82519e-05
18471.5 0.000124063
18483.5 0.000159665
18495.5 0.000194975
18507.5 0.000229912
18519.5 0.000264451
18531.5 0.000298578
18543.5 0.000332281
18555.6 0.000365551
18567.6 0.000398363
18579.6 0.000430672
18591.6 0.000462661
18603.6 0.000494267
18615.6 0.000525469
18627.6 0.000556259
18639.6 0.000586625
18651.7 0.000616554
18663.7 0.00064602
18675.7 0.000674924
18687.7 0.000703331
18699.7 0.00073157
18711.7 0.000759488
18723.7 0.000787055
18735.7 0.000814256
18747.7 0.000841076
18759.8 0.000867504
18771.8 0.000893511
18783.8 0.000918986
18795.8 0.000944172
18807.8 0.000969054
18819.8 0.000993589
18831.8 0.00101776
18843.8 0.00104153
18855.9 0.0010649
18867.9 0.0010878
18879.9 0.00111013
18891.9 0.00113156
18903.9 0.00115315
18915.9 0.00117462
18927.9 0.00119588
18939.9 0.0012169
18952 0.00123765
18964 0.00125813
18976 0.00127832
18988 0.00129822
19000 0.0013178
