7000 -1.66375e-05
7012.01 -1.9039e-05
7024.02 -2.16518e-05
7036.04 -2.44354e-05
7048.05 -2.75842e-05
7060.06 -3.108e-05
7072.07 -3.49011e-05
7084.08 -3.9053e-05
7096.1 -4.35467e-05
7108.11 -4.83935e-05
7120.12 -5.36015e-05
7132.13 -5.91621e-05
7144.14 -6.50439e-05
7156.16 -7.16542e-05
7168.17 -7.88581e-05
7180.18 -8.66482e-05
7192.19 -9.50427e-05
7204.2 -0.000104068
7216.22 -0.00011375
7228.23 -0.000124112
7240.24 -0.000135133
7252.25 -0.000146956
7264.26 -0.000159957
7276.28 -0.000173996
7288.29 -0.000189101
7300.3 -0.00020532
7312.31 -0.000222707
7324.32 -0.000241313
7336.34 -0.00026116
7348.35 -0.000282042
7360.36 -0.000304937
7372.37 -0.00032981
7384.38 -0.000356589
7396.4 -0.000385326
7408.41 -0.000416098
7420.42 -0.000448995
7432.43 -0.000484115
7444.44 -0.000521595
7456.46 -0.000561679
7468.47 -0.000603526
7480.48 -0.000647409
7492.49 -0.00069335
7504.5 -0.000741272
7516.52 -0.000791022
7528.53 -0.000842377
7540.54 -0.000895041
7552.55 -0.000948673
7564.56 -0.00100279
7576.58 -0.00105652
7588.59 -0.00110934
7600.6 -0.00116059
7612.61 -0.00120961
7624.62 -0.00125598
7636.64 -0.00129019
7648.65 -0.00130245
7660.66 -0.00130739
7672.67 -0.00130453
7684.68 -0.0012935
7696.7 -0.00127406
7708.71 -0.00124602
7720.72 -0.00120916
7732.73 -0.00116276
7744.74 -0.00113251
7756.76 -0.00111423
7768.77 -0.00109145
7780.78 -0.00106625
7792.79 -0.00103845
7804.8 -0.00100842
7816.82 -0.000976713
7828.83 -0.000943819
7840.84 -0.000910087
7852.85 -0.000880596
7864.86 -0.000852692
7876.88 -0.000825689
7888.89 -0.000799337
7900.9 -0.000774133
7912.91 -0.000750327
7924.92 -0.000728145
7936.94 -0.000707887
7948.95 -0.000688391
7960.96 -0.000653214
7972.97 -0.000617639
7984.98 -0.000583704
7997 -0.00055127
8009.01 -0.000520199
8021.02 -0.000490453
8033.03 -0.00046201
8045.05 -0.000434857
8057.06 -0.000408612
8069.07 -0.000382712
8081.08 -0.000357897
8093.09 -0.000334403
8105.11 -0.000312163
8117.12 -0.000291212
8129.13 -0.00027166
8141.14 -0.00025376
8153.15 -0.000238273
8165.17 -0.000205133
8177.18 -0.000155647
8189.19 -0.000104646
8201.2 -5.13936e-05
8213.21 2.92559e-06
8225.23 5.81438e-05
8237.24 0.000114312
8249.25 0.000171747
8261.26 0.000231857
8273.27 0.000252452
8285.29 0.000259688
8297.3 0.000265567
8309.31 0.000270179
8321.32 0.000273515
8333.33 0.000275464
8345.35 0.000275708
8357.36 0.0002734
8369.37 0.000270588
8381.38 0.000353307
8393.39 0.000442299
8405.41 0.000534978
8417.42 0.000630407
8429.43 0.000728377
8441.44 0.000829006
8453.45 0.000932822
8465.47 0.0010414
8477.48 0.00111934
8489.49 0.00109434
8501.5 0.00106318
8513.51 0.00102871
8525.53 0.000991674
8537.54 0.000952435
8549.55 0.00091108
8561.56 0.000867418
8573.57 0.00082053
8585.59 0.000803321
8597.6 0.000819148
8609.61 0.000837932
8621.62 0.000858067
8633.63 0.00087905
8645.65 0.000900657
8657.66 0.000922764
8669.67 0.000945296
8681.68 0.000968209
8693.69 0.000991493
8705.71 0.00101506
8717.72 0.00103867
8729.73 0.00106246
8741.74 0.00108644
8753.75 0.00111059
8765.77 0.00113492
8777.78 0.0011594
8789.79 0.00118402
8801.8 0.00120866
8813.81 0.0012338
8825.83 0.00125937
8837.84 0.00128524
8849.85 0.00131137
8861.86 0.00133777
8873.87 0.00136444
8885.89 0.00139141
8897.9 0.00141871
8909.91 0.00144643
8921.92 0.0014736
8933.93 0.00150073
8945.95 0.00152793
8957.96 0.00155522
8969.97 0.00158262
8981.98 0.00161011
8993.99 0.00163768
9006.01 0.00166526
9018.02 0.00169313
9030.03 0.00172172
9042.04 0.00175065
9054.05 0.00177987
9066.07 0.00180937
9078.08 0.00183916
9090.09 0.00186926
9102.1 0.0018997
9114.11 0.00193071
9126.13 0.00196114
9138.14 0.00199144
9150.15 0.00202184
9162.16 0.00205237
9174.17 0.00208306
9186.19 0.00211396
9198.2 0.00214509
9210.21 0.00217653
9222.22 0.00220826
9234.23 0.00223923
9246.25 0.00227016
9258.26 0.00230114
9270.27 0.00233222
9282.28 0.00236342
9294.29 0.00239478
9306.31 0.00242633
9318.32 0.00245814
9330.33 0.0024899
9342.34 0.00252138
9354.35 0.00255292
9366.37 0.00258459
9378.38 0.00261641
9390.39 0.00264844
9402.4 0.0026807
9414.41 0.00271332
9426.43 0.00274664
9438.44 0.00277812
9450.45 0.00280915
9462.46 0.00284005
9474.47 0.00287093
9486.49 0.00290183
9498.5 0.00293279
9510.51 0.00296385
9522.52 0.00299504
9534.53 0.00302634
9546.55 0.00305744
9558.56 0.00308862
9570.57 0.00311995
9582.58 0.00315146
9594.59 0.00318322
9606.61 0.00321529
9618.62 0.00324783
9630.63 0.00328123
9642.64 0.00331254
9654.65 0.00334122
9666.67 0.00336941
9678.68 0.00339733
9690.69 0.00342509
9702.7 0.00345274
9714.71 0.00348034
9726.73 0.00350791
9738.74 0.0035355
9750.75 0.00356312
9762.76 0.00359079
9774.77 0.00361856
9786.79 0.00364644
9798.8 0.00367448
9810.81 0.00370272
9822.82 0.00373126
9834.83 0.00376028
9846.85 0.00378894
9858.86 0.00381473
9870.87 0.00384009
9882.88 0.00386523
9894.89 0.00389024
9906.91 0.00391517
9918.92 0.00394002
9930.93 0.00396478
9942.94 0.00398936
9954.95 0.00401486
9966.97 0.00404124
9978.98 0.00406792
9990.99 0.00409485
10003 0.00412205
10015 0.00414953
10027 0.00417737
10039 0.00420568
10051.1 0.00423473
10063.1 0.00426021
10075.1 0.00428504
10087.1 0.00430956
10099.1 0.00433385
10111.1 0.00435792
10123.1 0.0043817
10135.1 0.00440504
10147.1 0.00442753
10159.2 0.00445119
10171.2 0.00448066
10183.2 0.00451126
10195.2 0.00454257
10207.2 0.00457442
10219.2 0.00460668
10231.2 0.00463926
10243.2 0.00467199
10255.3 0.00470449
10267.3 0.00473941
10279.3 0.00477639
10291.3 0.0048141
10303.3 0.00485233
10315.3 0.0048909
10327.3 0.00492962
10339.3 0.00496818
10351.4 0.00500587
10363.4 0.00504155
10375.4 0.00509234
10387.4 0.00514729
10399.4 0.00520487
10411.4 0.00526463
10423.4 0.00532637
10435.4 0.00538995
10447.4 0.00545524
10459.5 0.005522
10471.5 0.00559105
10483.5 0.0056643
10495.5 0.00573994
10507.5 0.00581779
10519.5 0.00589777
10531.5 0.00597979
10543.5 0.00606374
10555.6 0.00614935
10567.6 0.00623554
10579.6 0.00633016
10591.6 0.00643202
10603.6 0.00653808
10615.6 0.00664805
10627.6 0.00676188
10639.6 0.00687964
10651.7 0.00700146
10663.7 0.00712764
10675.7 0.0072584
10687.7 0.0073871
10699.7 0.0075183
10711.7 0.00765264
10723.7 0.00779038
10735.7 0.00793169
10747.7 0.00807673
10759.8 0.00822571
10771.8 0.008379
10783.8 0.00853454
10795.8 0.00868995
10807.8 0.00884839
10819.8 0.00901019
10831.8 0.00917555
10843.8 0.00934465
10855.9 0.00951772
10867.9 0.00969518
10879.9 0.00987869
10891.9 0.0100476
10903.9 0.0102124
10915.9 0.0103779
10927.9 0.0105447
10939.9 0.0107131
10952 0.0108831
10964 0.011055
10976 0.0112289
10988 0.011403
11000 0.0115691
11012 0.0117356
11024 0.0119029
11036 0.0120713
11048 0.0122409
11060.1 0.0124122
11072.1 0.0125854
11084.1 0.0127618
11096.1 0.0129348
11108.1 0.013096
11120.1 0.0131655
11132.1 0.0132212
11144.1 0.0132684
11156.2 0.0133083
11168.2 0.0133413
11180.2 0.0133672
11192.2 0.0133851
11204.2 0.0133881
11216.2 0.0134063
11228.2 0.0134691
11240.2 0.0135332
11252.3 0.0135961
11264.3 0.0136566
11276.3 0.0137138
11288.3 0.0137669
11300.3 0.0138126
11312.3 0.0138475
11324.3 0.0138999
11336.3 0.0139666
11348.3 0.0140328
11360.4 0.0140974
11372.4 0.01416
11384.4 0.0142204
11396.4 0.0142787
11408.4 0.0143362
11420.4 0.0143946
11432.4 0.014421
11444.4 0.014436
11456.5 0.0144449
11468.5 0.0144482
11480.5 0.0144461
11492.5 0.0144383
11504.5 0.0144249
11516.5 0.0144069
11528.5 0.0143837
11540.5 0.0144047
11552.6 0.014428
11564.6 0.0144506
11576.6 0.0144717
11588.6 0.0144913
11600.6 0.0145094
11612.6 0.0145304
11624.6 0.0145521
11636.6 0.0145717
11648.6 0.0145939
11660.7 0.0146141
11672.7 0.0146325
11684.7 0.0146491
11696.7 0.0146643
11708.7 0.014679
11720.7 0.0146975
11732.7 0.0147159
11744.7 0.014719
11756.8 0.0147051
11768.8 0.0146868
11780.8 0.014665
11792.8 0.0146402
11804.8 0.0146132
11816.8 0.0145858
11828.8 0.0145609
11840.8 0.0145298
11852.9 0.0145067
11864.9 0.0144856
11876.9 0.0144633
11888.9 0.0144399
11900.9 0.0144155
11912.9 0.0143906
11924.9 0.0143677
11936.9 0.0143445
11948.9 0.0143198
11961 0.014289
11973 0.0142565
11985 0.0142226
11997 0.0141879
12009 0.0141527
12021 0.0141179
12033 0.0140871
12045 0.014054
12057.1 0.0140202
12069.1 0.0139891
12081.1 0.0139582
12093.1 0.0139276
12105.1 0.0138978
12117.1 0.0138693
12129.1 0.0138434
12141.1 0.0138215
12153.2 0.0138055
12165.2 0.0137599
12177.2 0.0136689
12189.2 0.0135704
12201.2 0.0134668
12213.2 0.0133592
12225.2 0.0132484
12237.2 0.0131373
12249.2 0.0130201
12261.3 0.0128919
12273.3 0.0128053
12285.3 0.0127413
12297.3 0.0126814
12309.3 0.0126242
12321.3 0.0125696
12333.3 0.0125181
12345.3 0.0124723
12357.4 0.0124271
12369.4 0.0123857
12381.4 0.0123136
12393.4 0.0122367
12405.4 0.0121577
12417.4 0.0120774
12429.4 0.0119965
12441.4 0.0119171
12453.5 0.0118373
12465.5 0.0117544
12477.5 0.0116712
12489.5 0.0115982
12501.5 0.0115262
12513.5 0.0114548
12525.5 0.0113841
12537.5 0.0113145
12549.5 0.0112485
12561.6 0.0111819
12573.6 0.0111156
12585.6 0.0110427
12597.6 0.010958
12609.6 0.0108711
12621.6 0.0107828
12633.6 0.0106936
12645.6 0.0106039
12657.7 0.0105146
12669.7 0.0104232
12681.7 0.0103306
12693.7 0.0102373
12705.7 0.0101433
12717.7 0.0100487
12729.7 0.00995363
12741.7 0.00985849
12753.8 0.00976593
12765.8 0.00967163
12777.8 0.00957318
12789.8 0.00947026
12801.8 0.00938141
12813.8 0.00929369
12825.8 0.00920564
12837.8 0.0091169
12849.8 0.00902715
12861.9 0.00893566
12873.9 0.00884383
12885.9 0.00875109
12897.9 0.00865852
12909.9 0.00857395
12921.9 0.00848992
12933.9 0.00840588
12945.9 0.00832158
12958 0.00823687
12970 0.00815155
12982 0.00806533
12994 0.00797765
13006 0.00789448
13018 0.00782133
13030 0.00774898
13042 0.00767665
13054.1 0.00760362
13066.1 0.00752667
13078.1 0.0074527
13090.1 0.00738285
13102.1 0.00731727
13114.1 0.00723046
13126.1 0.00712801
13138.1 0.00702333
13150.2 0.00691717
13162.2 0.00680975
13174.2 0.00670115
13186.2 0.00659113
13198.2 0.00647941
13210.2 0.00636439
13222.2 0.00627084
13234.2 0.00618029
13246.2 0.00608996
13258.3 0.00599899
13270.3 0.00590558
13282.3 0.00581081
13294.3 0.00572103
13306.3 0.00563321
13318.3 0.00554644
13330.3 0.0054583
13342.3 0.0053707
13354.4 0.00528361
13366.4 0.00519691
13378.4 0.00511045
13390.4 0.00502442
13402.4 0.00493867
13414.4 0.00485301
13426.4 0.0047693
13438.4 0.00468923
13450.5 0.00460947
13462.5 0.00452968
13474.5 0.00444931
13486.5 0.0043676
13498.5 0.00428871
13510.5 0.0042109
13522.5 0.00413337
13534.5 0.0040666
13546.5 0.00400745
13558.6 0.00394965
13570.6 0.0038928
13582.6 0.00383651
13594.6 0.00378123
13606.6 0.00372773
13618.6 0.00367569
13630.6 0.00362594
13642.6 0.00354873
13654.7 0.00346673
13666.7 0.00338404
13678.7 0.00330079
13690.7 0.0032165
13702.7 0.00313338
13714.7 0.00305083
13726.7 0.00296851
13738.7 0.00288737
13750.8 0.00281449
13762.8 0.00274215
13774.8 0.00266997
13786.8 0.00259745
13798.8 0.00252446
13810.8 0.00245429
13822.8 0.0023853
13834.8 0.00231712
13846.8 0.00225123
13858.9 0.00218896
13870.9 0.00212738
13882.9 0.00206634
13894.9 0.00200563
13906.9 0.00194564
13918.9 0.00188649
13930.9 0.00182794
13942.9 0.00176995
13955 0.00170873
13967 0.00164528
13979 0.00158192
13991 0.00151845
14003 0.00145419
14015 0.00139251
14027 0.00133214
14039 0.0012727
14051.1 0.00121413
14063.1 0.00114937
14075.1 0.00108399
14087.1 0.00101918
14099.1 0.000955047
14111.1 0.000891456
14123.1 0.000827524
14135.1 0.000763744
14147.1 0.000700171
14159.2 0.000636967
14171.2 0.000575457
14183.2 0.000514114
14195.2 0.000452813
14207.2 0.000390988
14219.2 0.000330641
14231.2 0.000271518
14243.2 0.00021308
14255.3 0.000155197
14267.3 9.93371e-05
14279.3 4.69875e-05
14291.3 -4.94594e-06
14303.3 -5.65208e-05
14315.3 -0.000107798
14327.3 -0.000158519
14339.3 -0.000208845
14351.4 -0.000258827
14363.4 -0.000308501
14375.4 -0.000355419
14387.4 -0.000400352
14399.4 -0.000445171
14411.4 -0.000490098
14423.4 -0.000534657
14435.4 -0.00057775
14447.4 -0.000620258
14459.5 -0.000662327
14471.5 -0.000704037
14483.5 -0.00074602
14495.5 -0.000787881
14507.5 -0.000829589
14519.5 -0.000871501
14531.5 -0.000912153
14543.5 -0.000952043
14555.6 -0.000991462
14567.6 -0.00103051
14579.6 -0.00106961
14591.6 -0.00111373
14603.6 -0.00115746
14615.6 -0.00120085
14627.6 -0.00124393
14639.6 -0.00128667
14651.7 -0.00132911
14663.7 -0.00137128
14675.7 -0.00141319
14687.7 -0.00145451
14699.7 -0.00149482
14711.7 -0.00153501
14723.7 -0.00157521
14735.7 -0.00161493
14747.7 -0.00165367
14759.8 -0.00169198
14771.8 -0.00172992
14783.8 -0.00176752
14795.8 -0.00180347
14807.8 -0.00183804
14819.8 -0.00187234
14831.8 -0.00190628
14843.8 -0.00194052
14855.9 -0.00197479
14867.9 -0.002009
14879.9 -0.00204314
14891.9 -0.00207721
14903.9 -0.00211125
14915.9 -0.00214529
14927.9 -0.00217943
14939.9 -0.00221357
14952 -0.00224629
14964 -0.00227856
14976 -0.00231051
14988 -0.00234217
15000 -0.00237352
15012 -0.0024014
15024 -0.00242918
15036 -0.0024568
15048 -0.00248445
15060.1 -0.00251222
15072.1 -0.00253996
15084.1 -0.00256765
15096.1 -0.00259528
15108.1 -0.00262208
15120.1 -0.00264671
15132.1 -0.00267148
15144.1 -0.00269649
15156.2 -0.0027207
15168.2 -0.00274468
15180.2 -0.00276855
15192.2 -0.00279237
15204.2 -0.00281618
15216.2 -0.00284135
15228.2 -0.00286782
15240.2 -0.00289426
15252.3 -0.00292061
15264.3 -0.00294641
15276.3 -0.00297205
15288.3 -0.00299758
15300.3 -0.00302299
15312.3 -0.00304829
15324.3 -0.00307061
15336.3 -0.00309197
15348.3 -0.00311348
15360.4 -0.00313475
15372.4 -0.00315575
15384.4 -0.0031767
15396.4 -0.00319766
15408.4 -0.00321864
15420.4 -0.00323976
15432.4 -0.00326515
15444.4 -0.00329067
15456.5 -0.00331624
15468.5 -0.00334101
15480.5 -0.00336553
15492.5 -0.0033899
15504.5 -0.00341414
15516.5 -0.00343827
15528.5 -0.00346194
15540.5 -0.00348422
15552.6 -0.00350642
15564.6 -0.00352869
15576.6 -0.00355146
15588.6 -0.00357432
15600.6 -0.00359724
15612.6 -0.0036202
15624.6 -0.00364317
15636.6 -0.0036647
15648.6 -0.00368451
15660.7 -0.0037046
15672.7 -0.00372408
15684.7 -0.0037431
15696.7 -0.00376203
15708.7 -0.00378091
15720.7 -0.00379975
15732.7 -0.00381856
15744.7 -0.00383716
15756.8 -0.00385563
15768.8 -0.00387408
15780.8 -0.00389287
15792.8 -0.00391175
15804.8 -0.00393071
15816.8 -0.00394975
15828.8 -0.0039689
15840.8 -0.0039883
15852.9 -0.00401989
15864.9 -0.00405266
15876.9 -0.00408483
15888.9 -0.00411561
15900.9 -0.00414601
15912.9 -0.00417613
15924.9 -0.00420601
15936.9 -0.00423568
15948.9 -0.00426478
15961 -0.00429141
15973 -0.00431789
15985 -0.00434438
15997 -0.0043708
16009 -0.0043971
16021 -0.00442328
16033 -0.00444933
16045 -0.00447525
16057.1 -0.00450001
16069.1 -0.00452297
16081.1 -0.00454581
16093.1 -0.00456792
16105.1 -0.00458978
16117.1 -0.00461142
16129.1 -0.00463284
16141.1 -0.00465404
16153.2 -0.00467501
16165.2 -0.0047016
16177.2 -0.00473172
16189.2 -0.00476177
16201.2 -0.00479192
16213.2 -0.00482189
16225.2 -0.00485167
16237.2 -0.00488124
16249.2 -0.0049106
16261.3 -0.00493979
16273.3 -0.00496141
16285.3 -0.00498124
16297.3 -0.00500108
16309.3 -0.00502072
16321.3 -0.0050401
16333.3 -0.00505917
16345.3 -0.00507792
16357.4 -0.00509628
16369.4 -0.00511491
16381.4 -0.00514255
16393.4 -0.00517004
16405.4 -0.0051975
16417.4 -0.00522469
16429.4 -0.00525159
16441.4 -0.00527818
16453.5 -0.00530444
16465.5 -0.00533036
16477.5 -0.00535549
16489.5 -0.00537912
16501.5 -0.00540309
16513.5 -0.00542757
16525.5 -0.00545182
16537.5 -0.00547579
16549.5 -0.00549946
16561.6 -0.00552283
16573.6 -0.00554592
16585.6 -0.00556666
16597.6 -0.00558505
16609.6 -0.00560318
16621.6 -0.00562087
16633.6 -0.00563809
16645.6 -0.00565481
16657.7 -0.005671
16669.7 -0.00568657
16681.7 -0.00570135
16693.7 -0.00572119
16705.7 -0.00574313
16717.7 -0.00576668
16729.7 -0.00579015
16741.7 -0.0058134
16753.8 -0.00583641
16765.8 -0.00585918
16777.8 -0.00588171
16789.8 -0.00590409
16801.8 -0.00592322
16813.8 -0.00594172
16825.8 -0.00595973
16837.8 -0.00597738
16849.8 -0.00599471
16861.9 -0.00601174
16873.9 -0.00602857
16885.9 -0.00604534
16897.9 -0.00606012
16909.9 -0.00606637
16921.9 -0.00607418
16933.9 -0.00608151
16945.9 -0.00608834
16958 -0.00609467
16970 -0.00610053
16982 -0.00610594
16994 -0.00611093
17006 -0.0061152
17018 -0.00611862
17030 -0.00612165
17042 -0.00612426
17054.1 -0.00612648
17066.1 -0.00612833
17078.1 -0.00612988
17090.1 -0.00613118
17102.1 -0.00613247
17114.1 -0.0061301
17126.1 -0.00612692
17138.1 -0.0061239
17150.2 -0.00612041
17162.2 -0.00611651
17174.2 -0.00611226
17186.2 -0.00610775
17198.2 -0.00610315
17210.2 -0.00609912
17222.2 -0.00608641
17234.2 -0.00607201
17246.2 -0.00605666
17258.3 -0.00604049
17270.3 -0.00602357
17282.3 -0.00600595
17294.3 -0.00598763
17306.3 -0.00596862
17318.3 -0.00594897
17330.3 -0.00592922
17342.3 -0.00590922
17354.4 -0.00588855
17366.4 -0.00586717
17378.4 -0.00584506
17390.4 -0.00582215
17402.4 -0.00579829
17414.4 -0.00577317
17426.4 -0.00574981
17438.4 -0.00573364
17450.5 -0.00571805
17462.5 -0.00570252
17474.5 -0.00568693
17486.5 -0.00567123
17498.5 -0.00565542
17510.5 -0.00563954
17522.5 -0.00562375
17534.5 -0.0056062
17546.5 -0.00558695
17558.6 -0.00556716
17570.6 -0.00554696
17582.6 -0.00552639
17594.6 -0.00550554
17606.6 -0.00548451
17618.6 -0.00546354
17630.6 -0.00544365
17642.6 -0.00541434
17654.7 -0.00538128
17666.7 -0.00534612
17678.7 -0.00530899
17690.7 -0.00526972
17702.7 -0.00522794
17714.7 -0.00518288
17726.7 -0.00513272
17738.7 -0.00507674
17750.8 -0.00507473
17762.8 -0.00508162
17774.8 -0.00509317
17786.8 -0.00510826
17798.8 -0.00512652
17810.8 -0.00514799
17822.8 -0.00517315
17834.8 -0.00520354
17846.8 -0.00523107
17858.9 -0.00522887
17870.9 -0.00522272
17882.9 -0.0052147
17894.9 -0.00520552
17906.9 -0.00519553
17918.9 -0.00518494
17930.9 -0.00517387
17942.9 -0.0051624
17955 -0.00514996
17967 -0.00513677
17979 -0.00512343
17991 -0.00510995
18003 -0.00509634
18015 -0.00508263
18027 -0.00506883
18039 -0.00505495
18051.1 -0.00504101
18063.1 -0.00502713
18075.1 -0.0050132
18087.1 -0.00499922
18099.1 -0.00498519
18111.1 -0.0049711
18123.1 -0.00495697
18135.1 -0.00494278
18147.1 -0.00492851
18159.2 -0.00491375
18171.2 -0.00489786
18183.2 -0.00488209
18195.2 -0.00486637
18207.2 -0.00485069
18219.2 -0.00483504
18231.2 -0.00481942
18243.2 -0.00480382
18255.3 -0.00478823
18267.3 -0.0047725
18279.3 -0.00475673
18291.3 -0.00474099
18303.3 -0.00472528
18315.3 -0.00470959
18327.3 -0.00469392
18339.3 -0.00467824
18351.4 -0.00466254
18363.4 -0.00464675
18375.4 -0.0046299
18387.4 -0.00461314
18399.4 -0.00459649
18411.4 -0.0045799
18423.4 -0.00456337
18435.4 -0.00454688
18447.4 -0.00453043
18459.5 -0.00451399
18471.5 -0.0044973
18483.5 -0.00448022
18495.5 -0.00446327
18507.5 -0.0044464
18519.5 -0.00442961
18531.5 -0.00441288
18543.5 -0.00439621
18555.6 -0.00437958
18567.6 -0.00436299
18579.6 -0.00434628
18591.6 -0.00432957
18603.6 -0.00431293
18615.6 -0.00429634
18627.6 -0.00427979
18639.6 -0.00426328
18651.7 -0.00424679
18663.7 -0.00423032
18675.7 -0.0042138
18687.7 -0.0041968
18699.7 -0.00417992
18711.7 -0.00416312
18723.7 -0.00414638
18735.7 -0.00412969
18747.7 -0.00411304
18759.8 -0.00409642
18771.8 -0.00407982
18783.8 -0.00406309
18795.8 -0.00404624
18807.8 -0.00402946
18819.8 -0.00401272
18831.8 -0.00399602
18843.8 -0.00397933
18855.9 -0.00396265
18867.9 -0.00394594
18879.9 -0.00392913
18891.9 -0.00391153
18903.9 -0.00389389
18915.9 -0.00387642
18927.9 -0.00385905
18939.9 -0.00384177
18952 -0.00382457
18964 -0.00380744
18976 -0.00379037
18988 -0.00377335
19000 -0.00375634
