7000 -0.00957254
7012.01 -0.00967766
7024.02 -0.00978013
7036.04 -0.00987918
7048.05 -0.00997558
7060.06 -0.0100697
7072.07 -0.010161
7084.08 -0.0102491
7096.1 -0.0103339
7108.11 -0.010415
7120.12 -0.0104922
7132.13 -0.0105648
7144.14 -0.0106313
7156.16 -0.0106952
7168.17 -0.0107559
7180.18 -0.0108125
7192.19 -0.0108649
7204.2 -0.0109127
7216.22 -0.0109555
7228.23 -0.010993
7240.24 -0.011024
7252.25 -0.0110479
7264.26 -0.0110695
7276.28 -0.0110869
7288.29 -0.0110995
7300.3 -0.0111069
7312.31 -0.0111087
7324.32 -0.0111045
7336.34 -0.0110934
7348.35 -0.0110709
7360.36 -0.0110462
7372.37 -0.0110207
7384.38 -0.0109923
7396.4 -0.0109605
7408.41 -0.0109252
7420.42 -0.0108863
7432.43 -0.0108442
7444.44 -0.0107999
7456.46 -0.0107567
7468.47 -0.0107029
7480.48 -0.0106416
7492.49 -0.010574
7504.5 -0.0105005
7516.52 -0.0104213
7528.53 -0.0103367
7540.54 -0.010247
7552.55 -0.010153
7564.56 -0.0100545
7576.58 -0.00994808
7588.59 -0.00983544
7600.6 -0.00971688
7612.61 -0.00959259
7624.62 -0.00946269
7636.64 -0.00932878
7648.65 -0.00919265
7660.66 -0.00905328
7672.67 -0.00890697
7684.68 -0.00875395
7696.7 -0.0085949
7708.71 -0.00843004
7720.72 -0.00825949
7732.73 -0.00808349
7744.74 -0.00788997
7756.76 -0.00767948
7768.77 -0.00745662
7780.78 -0.00723889
7792.79 -0.00702033
7804.8 -0.00679949
7816.82 -0.00657587
7828.83 -0.00634908
7840.84 -0.00611818
7852.85 -0.00590807
7864.86 -0.00570263
7876.88 -0.00549565
7888.89 -0.00528301
7900.9 -0.00506685
7912.91 -0.00484741
7924.92 -0.00462471
7936.94 -0.00439848
7948.95 -0.00416974
7960.96 -0.00395442
7972.97 -0.00373372
7984.98 -0.00351825
7997 -0.00330526
8009.01 -0.00309317
8021.02 -0.00288159
8033.03 -0.00267045
8045.05 -0.00245986
8057.06 -0.00224647
8069.07 -0.00202525
8081.08 -0.00180358
8093.09 -0.00158351
8105.11 -0.00136463
8117.12 -0.00114717
8129.13 -0.000931605
8141.14 -0.000718781
8153.15 -0.000510653
8165.17 -0.000270138
8177.18 -2.74813e-06
8189.19 0.000271235
8201.2 0.00055926
8213.21 0.000853057
8225.23 0.00115126
8237.24 0.00145347
8249.25 0.00176012
8261.26 0.0020744
8273.27 0.00228794
8285.29 0.0024663
8297.3 0.00264559
8309.31 0.00282379
8321.32 0.00300005
8333.33 0.00317373
8345.35 0.00334378
8357.36 0.00350781
8369.37 0.00367086
8381.38 0.00405277
8393.39 0.00445083
8405.41 0.0048605
8417.42 0.00527806
8429.43 0.00570276
8441.44 0.00613488
8453.45 0.00657595
8465.47 0.00703064
8477.48 0.00739089
8489.49 0.00743594
8501.5 0.00746196
8513.51 0.00747761
8525.53 0.00748445
8537.54 0.00748324
8549.55 0.00747387
8561.56 0.00745518
8573.57 0.00742298
8585.59 0.00751398
8597.6 0.00774142
8609.61 0.00798527
8621.62 0.00823596
8633.63 0.00849067
8645.65 0.00874821
8657.66 0.00900786
8669.67 0.00926919
8681.68 0.00953192
8693.69 0.009796
8705.71 0.0100607
8717.72 0.0103243
8729.73 0.0105878
8741.74 0.0108512
8753.75 0.0111145
8765.77 0.0113776
8777.78 0.0116403
8789.79 0.0119024
8801.8 0.0121632
8813.81 0.0124261
8825.83 0.0126905
8837.84 0.0129551
8849.85 0.0132199
8861.86 0.0134847
8873.87 0.0137495
8885.89 0.0140143
8897.9 0.0142796
8909.91 0.0145453
8921.92 0.0148048
8933.93 0.0150622
8945.95 0.015318
8957.96 0.0155723
8969.97 0.0158253
8981.98 0.0160767
8993.99 0.0163265
9006.01 0.0165743
9018.02 0.0168222
9030.03 0.0170727
9042.04 0.017323
9054.05 0.0175727
9066.07 0.0178217
9078.08 0.01807
9090.09 0.0183177
9102.1 0.0185649
9114.11 0.0188128
9126.13 0.0190534
9138.14 0.0192908
9150.15 0.0195261
9162.16 0.0197596
9174.17 0.0199914
9186.19 0.0202215
9198.2 0.0204503
9210.21 0.020678
9222.22 0.0209037
9234.23 0.0211217
9246.25 0.0213366
9258.26 0.0215491
9270.27 0.0217593
9282.28 0.0219673
9294.29 0.0221732
9306.31 0.0223773
9318.32 0.0225797
9330.33 0.022778
9342.34 0.0229718
9354.35 0.023163
9366.37 0.0233519
9378.38 0.0235385
9390.39 0.0237231
9402.4 0.0239058
9414.41 0.024087
9426.43 0.0242679
9438.44 0.0244334
9450.45 0.0245941
9462.46 0.0247515
9474.47 0.0249058
9486.49 0.0250573
9498.5 0.0252063
9510.51 0.0253526
9522.52 0.0254966
9534.53 0.0256377
9546.55 0.0257746
9558.56 0.025909
9570.57 0.026041
9582.58 0.0261707
9594.59 0.0262984
9606.61 0.0264243
9618.62 0.0265487
9630.63 0.0266728
9642.64 0.0267773
9654.65 0.0268677
9666.67 0.026954
9678.68 0.0270371
9690.69 0.0271171
9702.7 0.0271944
9714.71 0.0272691
9726.73 0.0273414
9738.74 0.0274114
9750.75 0.0274791
9762.76 0.0275446
9774.77 0.0276081
9786.79 0.0276697
9798.8 0.0277294
9810.81 0.0277874
9822.82 0.0278438
9834.83 0.0278992
9846.85 0.0279462
9858.86 0.0279784
9870.87 0.0280078
9882.88 0.0280349
9894.89 0.0280599
9906.91 0.0280831
9918.92 0.0281043
9930.93 0.0281238
9942.94 0.0281413
9954.95 0.028163
9966.97 0.0281857
9978.98 0.0282074
9990.99 0.028228
10003 0.0282475
10015 0.028266
10027 0.0282835
10039 0.0283004
10051.1 0.0283154
10063.1 0.0283119
10075.1 0.0283061
10087.1 0.0282985
10099.1 0.0282893
10111.1 0.0282786
10123.1 0.0282661
10135.1 0.0282518
10147.1 0.0282349
10159.2 0.0282297
10171.2 0.0282447
10183.2 0.0282602
10195.2 0.0282756
10207.2 0.0282904
10219.2 0.0283046
10231.2 0.028318
10243.2 0.0283303
10255.3 0.0283408
10267.3 0.0283622
10279.3 0.0283875
10291.3 0.0284125
10303.3 0.0284369
10315.3 0.0284605
10327.3 0.0284827
10339.3 0.0285032
10351.4 0.0285204
10363.4 0.0285392
10375.4 0.0286154
10387.4 0.0286974
10399.4 0.0287825
10411.4 0.0288697
10423.4 0.0289587
10435.4 0.0290493
10447.4 0.0291411
10459.5 0.0292337
10471.5 0.0293322
10483.5 0.0294395
10495.5 0.0295493
10507.5 0.0296611
10519.5 0.0297747
10531.5 0.02989
10543.5 0.0300066
10555.6 0.0301241
10567.6 0.0302404
10579.6 0.0303866
10591.6 0.0305464
10603.6 0.0307115
10615.6 0.0308813
10627.6 0.0310556
10639.6 0.0312346
10651.7 0.0314183
10663.7 0.0316073
10675.7 0.0317992
10687.7 0.0319755
10699.7 0.0321534
10711.7 0.0323341
10723.7 0.0325179
10735.7 0.0327051
10747.7 0.0328959
10759.8 0.0330905
10771.8 0.0332896
10783.8 0.0334843
10795.8 0.0336716
10807.8 0.033861
10819.8 0.0340531
10831.8 0.0342481
10843.8 0.0344462
10855.9 0.0346477
10867.9 0.0348533
10879.9 0.0350654
10891.9 0.0352194
10903.9 0.0353608
10915.9 0.0355007
10927.9 0.0356397
10939.9 0.0357784
10952 0.0359169
10964 0.0360553
10976 0.0361938
10988 0.0363253
11000 0.0364294
11012 0.0365309
11024 0.0366301
11036 0.0367269
11048 0.0368211
11060.1 0.0369122
11072.1 0.0369994
11084.1 0.0370815
11096.1 0.0371306
11108.1 0.037165
11120.1 0.0373104
11132.1 0.0374686
11144.1 0.0376327
11156.2 0.0378008
11168.2 0.0379717
11180.2 0.0381448
11192.2 0.0383197
11204.2 0.0384823
11216.2 0.0386431
11228.2 0.0388007
11240.2 0.038958
11252.3 0.0391149
11264.3 0.0392711
11276.3 0.0394264
11288.3 0.0395799
11300.3 0.0397241
11312.3 0.0398479
11324.3 0.0400185
11336.3 0.0402302
11348.3 0.0404501
11360.4 0.0406766
11372.4 0.0409095
11384.4 0.0411496
11396.4 0.0413989
11408.4 0.041664
11420.4 0.0419618
11432.4 0.0420508
11444.4 0.0420842
11456.5 0.042102
11468.5 0.042109
11480.5 0.0421072
11492.5 0.0420975
11504.5 0.0420803
11516.5 0.042062
11528.5 0.0420382
11540.5 0.0420955
11552.6 0.0421607
11564.6 0.042229
11576.6 0.0422993
11588.6 0.0423715
11600.6 0.0424461
11612.6 0.0425349
11624.6 0.042641
11636.6 0.0427383
11648.6 0.0428096
11660.7 0.0428774
11672.7 0.0429436
11684.7 0.0430093
11696.7 0.0430758
11708.7 0.043145
11720.7 0.0432306
11732.7 0.0433274
11744.7 0.0433668
11756.8 0.0433417
11768.8 0.0433045
11780.8 0.0432589
11792.8 0.0432066
11804.8 0.0431485
11816.8 0.0430882
11828.8 0.0430396
11840.8 0.0429759
11852.9 0.0429497
11864.9 0.0429358
11876.9 0.0429217
11888.9 0.0429067
11900.9 0.0428905
11912.9 0.0428735
11924.9 0.0428622
11936.9 0.0428543
11948.9 0.0428438
11961 0.0428141
11973 0.0427789
11985 0.0427394
11997 0.042696
12009 0.0426488
12021 0.0425984
12033 0.0425547
12045 0.0425007
12057.1 0.0424591
12069.1 0.0425021
12081.1 0.0425564
12093.1 0.0426176
12105.1 0.0426848
12117.1 0.0427586
12129.1 0.0428414
12141.1 0.0429388
12153.2 0.0430555
12165.2 0.0430875
12177.2 0.0429887
12189.2 0.0428682
12201.2 0.0427331
12213.2 0.042586
12225.2 0.0424284
12237.2 0.0422678
12249.2 0.042094
12261.3 0.0418895
12273.3 0.041806
12285.3 0.0417877
12297.3 0.0417805
12309.3 0.0417802
12321.3 0.0417852
12333.3 0.0417961
12345.3 0.0418215
12357.4 0.0418483
12369.4 0.0418775
12381.4 0.041899
12393.4 0.0419215
12405.4 0.0419467
12417.4 0.0419759
12429.4 0.0420112
12441.4 0.0420588
12453.5 0.0421243
12465.5 0.0422064
12477.5 0.0422623
12489.5 0.0420778
12501.5 0.0418556
12513.5 0.0416106
12525.5 0.0413475
12537.5 0.0410689
12549.5 0.0407815
12561.6 0.0404752
12573.6 0.0401404
12585.6 0.0398571
12597.6 0.0396829
12609.6 0.0395181
12621.6 0.0393567
12633.6 0.0391965
12645.6 0.0390373
12657.7 0.0388819
12669.7 0.038724
12681.7 0.0385659
12693.7 0.0383862
12705.7 0.0381907
12717.7 0.0379893
12729.7 0.0377831
12741.7 0.0375728
12753.8 0.0373647
12765.8 0.0371542
12777.8 0.0369295
12789.8 0.0366853
12801.8 0.0365174
12813.8 0.0363578
12825.8 0.0361986
12837.8 0.0360382
12849.8 0.0358752
12861.9 0.0357073
12873.9 0.0355375
12885.9 0.035366
12897.9 0.0351902
12909.9 0.034997
12921.9 0.0347976
12933.9 0.0345925
12945.9 0.034381
12958 0.0341624
12970 0.0339354
12982 0.0336968
12994 0.0334394
13006 0.0332514
13018 0.0332142
13030 0.0331949
13042 0.0331854
13054.1 0.033182
13066.1 0.0331752
13078.1 0.0331742
13090.1 0.0331892
13102.1 0.0332261
13114.1 0.0331354
13126.1 0.0329508
13138.1 0.0327518
13150.2 0.032543
13162.2 0.0323257
13174.2 0.0321003
13186.2 0.0318653
13198.2 0.031618
13210.2 0.0313435
13222.2 0.0312769
13234.2 0.0312442
13246.2 0.0312206
13258.3 0.0312015
13270.3 0.0311816
13282.3 0.0311544
13294.3 0.0311408
13306.3 0.0311358
13318.3 0.0311321
13330.3 0.0310912
13342.3 0.0310503
13354.4 0.0310111
13366.4 0.0309743
13378.4 0.0309403
13390.4 0.0309106
13402.4 0.0308873
13414.4 0.0308757
13426.4 0.0307673
13438.4 0.0304626
13450.5 0.0301387
13462.5 0.0298019
13474.5 0.0294535
13486.5 0.02909
13498.5 0.0287234
13510.5 0.0283505
13522.5 0.0279653
13534.5 0.0277201
13546.5 0.0275721
13558.6 0.0274325
13570.6 0.0272978
13582.6 0.0271657
13594.6 0.0270354
13606.6 0.0269102
13618.6 0.0267893
13630.6 0.0266761
13642.6 0.026454
13654.7 0.0262119
13666.7 0.0259659
13678.7 0.0257167
13690.7 0.0254625
13702.7 0.0252082
13714.7 0.0249537
13726.7 0.0246976
13738.7 0.0244504
13750.8 0.024285
13762.8 0.0241235
13774.8 0.0239632
13786.8 0.0238023
13798.8 0.0236376
13810.8 0.023479
13822.8 0.0233235
13834.8 0.02317
13846.8 0.0230204
13858.9 0.022876
13870.9 0.0227329
13882.9 0.0225907
13894.9 0.0224486
13906.9 0.0223069
13918.9 0.0221665
13930.9 0.0220263
13942.9 0.0218847
13955 0.0218378
13967 0.021857
13979 0.0218794
13991 0.0219031
14003 0.0219244
14015 0.021951
14027 0.0219819
14039 0.0220162
14051.1 0.0220545
14063.1 0.0219823
14075.1 0.0218909
14087.1 0.0217999
14099.1 0.02171
14111.1 0.0216221
14123.1 0.0215329
14135.1 0.0214437
14147.1 0.0213547
14159.2 0.0212584
14171.2 0.0210898
14183.2 0.0209199
14195.2 0.0207491
14207.2 0.0205755
14219.2 0.0204027
14231.2 0.0202331
14243.2 0.0200652
14255.3 0.0198986
14267.3 0.0197105
14279.3 0.0194782
14291.3 0.0192467
14303.3 0.0190158
14315.3 0.0187856
14327.3 0.0185567
14339.3 0.0183291
14351.4 0.0181026
14363.4 0.0178772
14375.4 0.0176767
14387.4 0.017494
14399.4 0.0173118
14411.4 0.0171292
14423.4 0.016946
14435.4 0.0167672
14447.4 0.0165907
14459.5 0.016416
14471.5 0.016243
14483.5 0.0160938
14495.5 0.0159503
14507.5 0.0158075
14519.5 0.0156641
14531.5 0.0155231
14543.5 0.0153852
14555.6 0.0152494
14567.6 0.0151156
14579.6 0.0149866
14591.6 0.0149011
14603.6 0.0148162
14615.6 0.0147322
14627.6 0.0146492
14639.6 0.0145672
14651.7 0.0144863
14663.7 0.0144066
14675.7 0.0143281
14687.7 0.0142724
14699.7 0.0142653
14711.7 0.0142574
14723.7 0.0142484
14735.7 0.0142385
14747.7 0.0142308
14759.8 0.0142238
14771.8 0.014217
14783.8 0.0142099
14795.8 0.014172
14807.8 0.0141093
14819.8 0.014048
14831.8 0.0139883
14843.8 0.0139284
14855.9 0.013868
14867.9 0.0138074
14879.9 0.0137461
14891.9 0.0136834
14903.9 0.0135521
14915.9 0.0134036
14927.9 0.0132558
14939.9 0.013107
14952 0.0129628
14964 0.0128209
14976 0.0126806
14988 0.0125413
15000 0.0124016
15012 0.0121957
15024 0.0119939
15036 0.0117948
15048 0.0115981
15060.1 0.0114026
15072.1 0.0112089
15084.1 0.0110171
15096.1 0.0108274
15108.1 0.0106555
15120.1 0.0105288
15132.1 0.0104016
15144.1 0.0102734
15156.2 0.0101477
15168.2 0.0100239
15180.2 0.00990161
15192.2 0.00978085
15204.2 0.00966191
15216.2 0.0095704
15228.2 0.00950442
15240.2 0.00943783
15252.3 0.00937072
15264.3 0.00930525
15276.3 0.00924065
15288.3 0.00917676
15300.3 0.00911352
15312.3 0.00905102
15324.3 0.00899734
15336.3 0.00894675
15348.3 0.00889594
15360.4 0.0088455
15372.4 0.00879669
15384.4 0.00874876
15396.4 0.00870169
15408.4 0.00865565
15420.4 0.00861165
15432.4 0.00863242
15444.4 0.00865396
15456.5 0.00867323
15468.5 0.00869325
15480.5 0.00871346
15492.5 0.00873337
15504.5 0.00875268
15516.5 0.0087709
15528.5 0.00876664
15540.5 0.00868276
15552.6 0.00860199
15564.6 0.00852332
15576.6 0.00844394
15588.6 0.00836456
15600.6 0.00828512
15612.6 0.0082053
15624.6 0.00812433
15636.6 0.00798772
15648.6 0.00778395
15660.7 0.00758211
15672.7 0.00738271
15684.7 0.00718746
15696.7 0.00699459
15708.7 0.00680375
15720.7 0.00661475
15732.7 0.00642762
15744.7 0.00625875
15756.8 0.00609872
15768.8 0.00593997
15780.8 0.00578117
15792.8 0.00562275
15804.8 0.00546486
15816.8 0.00530756
15828.8 0.00515095
15840.8 0.00499551
15852.9 0.00490645
15864.9 0.00482219
15876.9 0.00473612
15888.9 0.004654
15900.9 0.00457307
15912.9 0.00449286
15924.9 0.00441318
15936.9 0.00433396
15948.9 0.00425747
15961 0.00419551
15973 0.00413362
15985 0.00407157
15997 0.00400913
16009 0.00394651
16021 0.00388372
16033 0.00382073
16045 0.00375755
16057.1 0.00370571
16069.1 0.00367236
16081.1 0.0036377
16093.1 0.00360412
16105.1 0.00357082
16117.1 0.00353753
16129.1 0.00350416
16141.1 0.0034707
16153.2 0.00343715
16165.2 0.00340218
16177.2 0.00336646
16189.2 0.00333084
16201.2 0.00329382
16213.2 0.00325623
16225.2 0.00321827
16237.2 0.0031801
16249.2 0.00314194
16261.3 0.00310443
16273.3 0.00295705
16285.3 0.00278712
16297.3 0.00261604
16309.3 0.00244356
16321.3 0.00227003
16333.3 0.00209544
16345.3 0.00191972
16357.4 0.00174276
16369.4 0.00156588
16381.4 0.00140752
16393.4 0.00124843
16405.4 0.0010873
16417.4 0.000924402
16429.4 0.000759732
16441.4 0.000593169
16453.5 0.00042452
16465.5 0.00025339
16477.5 9.7318e-05
16489.5 -1.64814e-05
16501.5 -0.000131021
16513.5 -0.000250849
16525.5 -0.000373841
16537.5 -0.000499879
16549.5 -0.00062913
16561.6 -0.000762016
16573.6 -0.000899688
16585.6 -0.000990724
16597.6 -0.00103581
16609.6 -0.00108169
16621.6 -0.00112917
16633.6 -0.00117837
16645.6 -0.00122947
16657.7 -0.00128262
16669.7 -0.00133813
16681.7 -0.00139701
16693.7 -0.00141506
16705.7 -0.00141696
16717.7 -0.00142401
16729.7 -0.0014333
16741.7 -0.00144408
16753.8 -0.00145603
16765.8 -0.00146884
16777.8 -0.00148213
16789.8 -0.0014952
16801.8 -0.00152729
16813.8 -0.0015609
16825.8 -0.00159462
16837.8 -0.00162824
16849.8 -0.0016613
16861.9 -0.00169327
16873.9 -0.00172336
16885.9 -0.00175017
16897.9 -0.00178459
16909.9 -0.00186383
16921.9 -0.00194899
16933.9 -0.00203699
16945.9 -0.00212541
16958 -0.00221321
16970 -0.00229959
16982 -0.00238366
16994 -0.00246414
17006 -0.00255495
17018 -0.00266385
17030 -0.00277168
17042 -0.00287714
17054.1 -0.00297951
17066.1 -0.00307819
17078.1 -0.00317262
17090.1 -0.00326221
17102.1 -0.0033461
17114.1 -0.00342716
17126.1 -0.00350564
17138.1 -0.00358294
17150.2 -0.00365572
17162.2 -0.00372321
17174.2 -0.00378492
17186.2 -0.0038405
17198.2 -0.00388969
17210.2 -0.00393241
17222.2 -0.00396528
17234.2 -0.00399101
17246.2 -0.0040095
17258.3 -0.00402055
17270.3 -0.00402399
17282.3 -0.00401969
17294.3 -0.00400748
17306.3 -0.00398704
17318.3 -0.00395912
17330.3 -0.00393281
17342.3 -0.00390125
17354.4 -0.00386308
17366.4 -0.00381794
17378.4 -0.00376557
17390.4 -0.00370559
17402.4 -0.00363724
17414.4 -0.00355848
17426.4 -0.00348836
17438.4 -0.0034579
17450.5 -0.00342932
17462.5 -0.00339976
17474.5 -0.00336843
17486.5 -0.00333498
17498.5 -0.00329914
17510.5 -0.00326049
17522.5 -0.00321763
17534.5 -0.00318781
17546.5 -0.00317285
17558.6 -0.0031601
17570.6 -0.00314885
17582.6 -0.00313893
17594.6 -0.00313031
17606.6 -0.00312287
17618.6 -0.00311607
17630.6 -0.00310674
17642.6 -0.00313362
17654.7 -0.00317996
17666.7 -0.00323691
17678.7 -0.00330478
17690.7 -0.00338519
17702.7 -0.00348112
17714.7 -0.0035981
17726.7 -0.00374866
17738.7 -0.00393797
17750.8 -0.00375519
17762.8 -0.00351003
17774.8 -0.00323309
17786.8 -0.0029321
17798.8 -0.00260973
17810.8 -0.00226592
17822.8 -0.00189764
17834.8 -0.00149465
17846.8 -0.00111177
17858.9 -0.000931483
17870.9 -0.000778071
17882.9 -0.000637678
17894.9 -0.000505623
17906.9 -0.000379607
17918.9 -0.00025831
17930.9 -0.000140921
17942.9 -2.69645e-05
17955 8.37479e-05
17967 0.000192559
17979 0.000299303
17991 0.000404058
18003 0.000506925
18015 0.000607999
18027 0.000707361
18039 0.000805084
18051.1 0.000901246
18063.1 0.000995895
18075.1 0.00108897
18087.1 0.00118053
18099.1 0.00127063
18111.1 0.00135928
18123.1 0.00144647
18135.1 0.0015322
18147.1 0.00161638
18159.2 0.0016984
18171.2 0.00177943
18183.2 0.00185968
18195.2 0.00193893
18207.2 0.00201712
18219.2 0.00209424
18231.2 0.00217026
18243.2 0.00224518
18255.3 0.00231897
18267.3 0.00239153
18279.3 0.00246313
18291.3 0.00253374
18303.3 0.00260332
18315.3 0.00267187
18327.3 0.00273937
18339.3 0.00280579
18351.4 0.00287107
18363.4 0.00293494
18375.4 0.00299707
18387.4 0.00305891
18399.4 0.00312006
18411.4 0.00318042
18423.4 0.00323997
18435.4 0.00329866
18447.4 0.00335648
18459.5 0.00341334
18471.5 0.00346881
18483.5 0.00352349
18495.5 0.00357766
18507.5 0.00363116
18519.5 0.00368398
18531.5 0.00373608
18543.5 0.00378746
18555.6 0.00383809
18567.6 0.00388795
18579.6 0.00393685
18591.6 0.00398513
18603.6 0.00403278
18615.6 0.00407975
18627.6 0.00412602
18639.6 0.00417159
18651.7 0.00421643
18663.7 0.00426049
18675.7 0.0043036
18687.7 0.0043455
18699.7 0.00438711
18711.7 0.00442821
18723.7 0.00446873
18735.7 0.00450866
18747.7 0.00454796
18759.8 0.00458662
18771.8 0.00462458
18783.8 0.00466158
18795.8 0.00469796
18807.8 0.00473385
18819.8 0.00476918
18831.8 0.00480391
18843.8 0.004838
18855.9 0.0048714
18867.9 0.00490404
18879.9 0.00493569
18891.9 0.00496531
18903.9 0.00499498
18915.9 0.00502449
18927.9 0.0050537
18939.9 0.00508253
18952 0.00511095
18964 0.00513895
18976 0.00516649
18988 0.00519354
19000 0.00522007
