7000 -0.0198681
7012.01 -0.0196859
7024.02 -0.0195028
7036.04 -0.0193182
7048.05 -0.0191329
7060.06 -0.0189484
7072.07 -0.0187642
7084.08 -0.0185804
7096.1 -0.018397
7108.11 -0.0182138
7120.12 -0.0180309
7132.13 -0.0178479
7144.14 -0.0176628
7156.16 -0.01748
7168.17 -0.0172993
7180.18 -0.0171203
7192.19 -0.0169427
7204.2 -0.0167664
7216.22 -0.0165911
7228.23 -0.0164167
7240.24 -0.0162423
7252.25 -0.0160663
7264.26 -0.0158947
7276.28 -0.0157258
7288.29 -0.0155591
7300.3 -0.0153941
7312.31 -0.0152307
7324.32 -0.0150684
7336.34 -0.0149064
7348.35 -0.0147406
7360.36 -0.0145779
7372.37 -0.0144216
7384.38 -0.0142696
7396.4 -0.0141212
7408.41 -0.0139762
7420.42 -0.0138347
7432.43 -0.0136968
7444.44 -0.0135633
7456.46 -0.0134376
7468.47 -0.0133098
7480.48 -0.0131817
7492.49 -0.0130542
7504.5 -0.0129276
7516.52 -0.012802
7528.53 -0.0126778
7540.54 -0.012555
7552.55 -0.0124341
7564.56 -0.0123155
7576.58 -0.0121961
7588.59 -0.012077
7600.6 -0.0119584
7612.61 -0.0118406
7624.62 -0.011724
7636.64 -0.0116025
7648.65 -0.0114698
7660.66 -0.0113379
7672.67 -0.0112047
7684.68 -0.0110701
7696.7 -0.0109344
7708.71 -0.010798
7720.72 -0.0106611
7732.73 -0.0105242
7744.74 -0.0103639
7756.76 -0.0101833
7768.77 -0.00999386
7780.78 -0.0098087
7792.79 -0.00962444
7804.8 -0.0094399
7816.82 -0.00925449
7828.83 -0.00906762
7840.84 -0.00887782
7852.85 -0.00871869
7864.86 -0.0085674
7876.88 -0.00841699
7888.89 -0.00826371
7900.9 -0.00810867
7912.91 -0.00795186
7924.92 -0.00779314
7936.94 -0.00763238
7948.95 -0.0074684
7960.96 -0.00728965
7972.97 -0.0071039
7984.98 -0.00691808
7997 -0.0067312
8009.01 -0.00654181
8021.02 -0.00634911
8033.03 -0.0061522
8045.05 -0.00594944
8057.06 -0.00576606
8069.07 -0.00563964
8081.08 -0.00551373
8093.09 -0.00538733
8105.11 -0.00525917
8117.12 -0.00512869
8129.13 -0.0049957
8141.14 -0.0048604
8153.15 -0.0047243
8165.17 -0.00454106
8177.18 -0.00431456
8189.19 -0.00407717
8201.2 -0.00382237
8213.21 -0.00355494
8225.23 -0.0032754
8237.24 -0.00298339
8249.25 -0.00267749
8261.26 -0.00235104
8273.27 -0.00221476
8285.29 -0.00213935
8297.3 -0.00206714
8309.31 -0.00199863
8321.32 -0.00193583
8333.33 -0.00188169
8345.35 -0.00184065
8357.36 -0.00182021
8369.37 -0.00181316
8381.38 -0.00137738
8393.39 -0.000927346
8405.41 -0.000480573
8417.42 -4.50672e-05
8429.43 0.000374838
8441.44 0.000776715
8453.45 0.00116007
8465.47 0.00152781
8477.48 0.0017963
8489.49 0.00179544
8501.5 0.00175601
8513.51 0.00168715
8525.53 0.00159316
8537.54 0.00147785
8549.55 0.0013446
8561.56 0.00119632
8573.57 0.00103483
8585.59 0.0009021
8597.6 0.000803951
8609.61 0.000709563
8621.62 0.00061758
8633.63 0.00052852
8645.65 0.000443215
8657.66 0.000362428
8669.67 0.000286778
8681.68 0.000216754
8693.69 0.000152765
8705.71 9.49251e-05
8717.72 4.25661e-05
8729.73 -3.88524e-06
8741.74 -4.44334e-05
8753.75 -7.91816e-05
8765.77 -0.000108293
8777.78 -0.000131981
8789.79 -0.000150524
8801.8 -0.000164488
8813.81 -0.000172957
8825.83 -0.00017597
8837.84 -0.000174198
8849.85 -0.00016793
8861.86 -0.000157396
8873.87 -0.000142784
8885.89 -0.000124232
8897.9 -0.000101747
8909.91 -7.50229e-05
8921.92 -4.71308e-05
8933.93 -1.70613e-05
8945.95 1.53321e-05
8957.96 4.99898e-05
8969.97 8.68004e-05
8981.98 0.000125622
8993.99 0.000166268
9006.01 0.000208379
9018.02 0.000252227
9030.03 0.000299479
9042.04 0.000348967
9054.05 0.000400458
9066.07 0.000453833
9078.08 0.000509026
9090.09 0.000566018
9102.1 0.000624889
9114.11 0.000686332
9126.13 0.00074747
9138.14 0.000808712
9150.15 0.000870704
9162.16 0.000933571
9174.17 0.000997373
9186.19 0.00106216
9198.2 0.00112803
9210.21 0.00119518
9222.22 0.00126394
9234.23 0.00133107
9246.25 0.00139815
9258.26 0.0014655
9270.27 0.00153326
9282.28 0.00160149
9294.29 0.00167025
9306.31 0.00173964
9318.32 0.0018099
9330.33 0.00188047
9342.34 0.00195022
9354.35 0.0020201
9366.37 0.00209028
9378.38 0.00216085
9390.39 0.00223194
9402.4 0.0023037
9414.41 0.00237646
9426.43 0.00245162
9438.44 0.00252275
9450.45 0.00259208
9462.46 0.00266075
9474.47 0.00272908
9486.49 0.00279722
9498.5 0.0028653
9510.51 0.00293342
9522.52 0.00300172
9534.53 0.00307028
9546.55 0.00313813
9558.56 0.00320596
9570.57 0.00327394
9582.58 0.00334223
9594.59 0.003411
9606.61 0.0034805
9618.62 0.00355121
9630.63 0.00362457
9642.64 0.00369505
9654.65 0.00375766
9666.67 0.00381817
9678.68 0.00387736
9690.69 0.0039356
9702.7 0.00399309
9714.71 0.00404998
9726.73 0.00410639
9738.74 0.0041624
9750.75 0.00421811
9762.76 0.00427359
9774.77 0.00432893
9786.79 0.00438422
9798.8 0.00443958
9810.81 0.00449519
9822.82 0.0045513
9834.83 0.00460857
9846.85 0.00466632
9858.86 0.00471663
9870.87 0.00476497
9882.88 0.0048121
9894.89 0.00485831
9906.91 0.00490373
9918.92 0.00494843
9930.93 0.00499234
9942.94 0.00503513
9954.95 0.00507889
9966.97 0.00512461
9978.98 0.00517076
9990.99 0.00521722
10003 0.00526397
10015 0.00531111
10027 0.00535879
10039 0.00540743
10051.1 0.0054585
10063.1 0.00550174
10075.1 0.00554233
10087.1 0.00558141
10099.1 0.00561924
10111.1 0.00565582
10123.1 0.00569099
10135.1 0.00572432
10147.1 0.00575458
10159.2 0.00578382
10171.2 0.00582584
10183.2 0.00587071
10195.2 0.00591709
10207.2 0.00596443
10219.2 0.00601237
10231.2 0.00606058
10243.2 0.00610862
10255.3 0.00615534
10267.3 0.00620536
10279.3 0.00626001
10291.3 0.00631598
10303.3 0.00637268
10315.3 0.00642962
10327.3 0.00648623
10339.3 0.00654163
10351.4 0.00659395
10363.4 0.00663765
10375.4 0.00671006
10387.4 0.00679268
10399.4 0.00688121
10411.4 0.00697438
10423.4 0.00707154
10435.4 0.00717226
10447.4 0.00727613
10459.5 0.00738247
10471.5 0.00749208
10483.5 0.00760987
10495.5 0.00773224
10507.5 0.00785865
10519.5 0.00798881
10531.5 0.00812243
10543.5 0.00825914
10555.6 0.00839819
10567.6 0.00853686
10579.6 0.00868831
10591.6 0.00885466
10603.6 0.00902907
10615.6 0.00921072
10627.6 0.00939939
10639.6 0.00959506
10651.7 0.00979796
10663.7 0.0100087
10675.7 0.0102287
10687.7 0.0104444
10699.7 0.0106632
10711.7 0.0108866
10723.7 0.011115
10735.7 0.0113489
10747.7 0.0115884
10759.8 0.011834
10771.8 0.0120865
10783.8 0.0123429
10795.8 0.0125972
10807.8 0.0128551
10819.8 0.0131172
10831.8 0.013384
10843.8 0.0136558
10855.9 0.013933
10867.9 0.0142167
10879.9 0.014511
10891.9 0.0147815
10903.9 0.0150394
10915.9 0.0152952
10927.9 0.01555
10939.9 0.0158046
10952 0.0160592
10964 0.0163142
10976 0.0165701
10988 0.016825
11000 0.0170632
11012 0.017298
11024 0.0175306
11036 0.0177615
11048 0.0179911
11060.1 0.0182199
11072.1 0.0184487
11084.1 0.0186794
11096.1 0.0189027
11108.1 0.0191027
11120.1 0.0191667
11132.1 0.0192072
11144.1 0.0192315
11156.2 0.0192418
11168.2 0.0192385
11180.2 0.0192215
11192.2 0.0191894
11204.2 0.0191315
11216.2 0.0190962
11228.2 0.0191324
11240.2 0.0191691
11252.3 0.0192018
11264.3 0.0192288
11276.3 0.0192489
11288.3 0.0192609
11300.3 0.0192602
11312.3 0.0192398
11324.3 0.0192544
11336.3 0.0192985
11348.3 0.0193419
11360.4 0.0193829
11372.4 0.0194207
11384.4 0.0194552
11396.4 0.0194865
11408.4 0.0195162
11420.4 0.0195468
11432.4 0.019536
11444.4 0.0195102
11456.5 0.0194766
11468.5 0.019436
11480.5 0.0193886
11492.5 0.0193344
11504.5 0.0192734
11516.5 0.0192077
11528.5 0.0191363
11540.5 0.0191194
11552.6 0.0191061
11564.6 0.0190929
11576.6 0.019079
11588.6 0.0190645
11600.6 0.0190497
11612.6 0.0190402
11624.6 0.0190354
11636.6 0.0190264
11648.6 0.0190099
11660.7 0.0189913
11672.7 0.0189714
11684.7 0.0189506
11696.7 0.0189299
11708.7 0.0189102
11720.7 0.0188978
11732.7 0.0188895
11744.7 0.0188546
11756.8 0.0187899
11768.8 0.01872
11780.8 0.0186468
11792.8 0.0185713
11804.8 0.0184945
11816.8 0.0184191
11828.8 0.0183499
11840.8 0.0182777
11852.9 0.0181994
11864.9 0.0181181
11876.9 0.0180353
11888.9 0.0179517
11900.9 0.0178677
11912.9 0.0177842
11924.9 0.0177046
11936.9 0.0176271
11948.9 0.0175501
11961 0.0174493
11973 0.0173446
11985 0.0172382
11997 0.0171308
12009 0.0170234
12021 0.016917
12033 0.0168164
12045 0.0167151
12057.1 0.0166105
12069.1 0.0164935
12081.1 0.0163748
12093.1 0.0162554
12105.1 0.0161361
12117.1 0.0160178
12129.1 0.0159021
12141.1 0.0157908
12153.2 0.0156861
12165.2 0.0155454
12177.2 0.0153497
12189.2 0.0151445
12201.2 0.0149327
12213.2 0.0147158
12225.2 0.0144947
12237.2 0.0142725
12249.2 0.0140432
12261.3 0.0138025
12273.3 0.0135953
12285.3 0.0134054
12297.3 0.0132168
12309.3 0.0130283
12321.3 0.0128395
12333.3 0.0126504
12345.3 0.012463
12357.4 0.0122705
12369.4 0.0120723
12381.4 0.0118965
12393.4 0.0117224
12405.4 0.0115479
12417.4 0.011372
12429.4 0.0111943
12441.4 0.0110153
12453.5 0.0108315
12465.5 0.0106361
12477.5 0.010451
12489.5 0.0103789
12501.5 0.0103233
12513.5 0.0102773
12525.5 0.0102389
12537.5 0.0102073
12549.5 0.0101842
12561.6 0.0101662
12573.6 0.0101546
12585.6 0.0101326
12597.6 0.0100877
12609.6 0.0100418
12621.6 0.00999643
12633.6 0.00995222
12645.6 0.00990983
12657.7 0.00987028
12669.7 0.00983197
12681.7 0.00979661
12693.7 0.00975014
12705.7 0.00969656
12717.7 0.00964253
12729.7 0.0095887
12741.7 0.00953561
12753.8 0.00948551
12765.8 0.00943555
12777.8 0.00938311
12789.8 0.00932709
12801.8 0.00929371
12813.8 0.00926458
12825.8 0.00923772
12837.8 0.00921276
12849.8 0.00918955
12861.9 0.00916766
12873.9 0.00914867
12885.9 0.00913349
12897.9 0.009117
12909.9 0.00906785
12921.9 0.00901516
12933.9 0.00896093
12945.9 0.0089058
12958 0.0088501
12970 0.00879404
12982 0.0087377
12994 0.00868123
13006 0.00862424
13018 0.00856633
13030 0.00850817
13042 0.00844971
13054.1 0.00839065
13066.1 0.00832836
13078.1 0.00826818
13090.1 0.00821235
13102.1 0.00816221
13114.1 0.00807833
13126.1 0.00796971
13138.1 0.00785756
13150.2 0.00774322
13162.2 0.00762731
13174.2 0.00751025
13186.2 0.00739228
13198.2 0.00727395
13210.2 0.00715718
13222.2 0.00701207
13234.2 0.00686067
13246.2 0.0067059
13258.3 0.00654787
13270.3 0.00638538
13282.3 0.00621896
13294.3 0.00605454
13306.3 0.00588921
13318.3 0.00572571
13330.3 0.00558537
13342.3 0.00544664
13354.4 0.00530828
13366.4 0.0051697
13378.4 0.00503038
13390.4 0.00489001
13402.4 0.00474769
13414.4 0.00460134
13426.4 0.00448912
13438.4 0.00444595
13450.5 0.00440899
13462.5 0.00437548
13474.5 0.00434401
13486.5 0.00431325
13498.5 0.00428577
13510.5 0.00425982
13522.5 0.0042336
13534.5 0.00424389
13546.5 0.00428007
13558.6 0.00432043
13570.6 0.00436392
13582.6 0.0044099
13594.6 0.00445838
13606.6 0.00450996
13618.6 0.00456456
13630.6 0.00462372
13642.6 0.00463398
13654.7 0.00463613
13666.7 0.00463763
13678.7 0.00463891
13690.7 0.00463966
13702.7 0.00464143
13714.7 0.00464413
13726.7 0.00464767
13738.7 0.00465042
13750.8 0.00464172
13762.8 0.00463277
13774.8 0.00462375
13786.8 0.00461445
13798.8 0.00460444
13810.8 0.00459657
13822.8 0.00458997
13834.8 0.0045847
13846.8 0.00456708
13858.9 0.00452529
13870.9 0.00448288
13882.9 0.00444028
13894.9 0.00439754
13906.9 0.004355
13918.9 0.00431305
13930.9 0.00427164
13942.9 0.00423118
13955 0.00416132
13967 0.00407095
13979 0.00397968
13991 0.00388769
14003 0.00379437
14015 0.00370265
14027 0.00361191
14039 0.00352192
14051.1 0.00343289
14063.1 0.00331643
14075.1 0.00319528
14087.1 0.00307428
14099.1 0.00295367
14111.1 0.0028335
14123.1 0.00271293
14135.1 0.00259235
14147.1 0.00247174
14159.2 0.00235828
14171.2 0.00231357
14183.2 0.00227008
14195.2 0.00222716
14207.2 0.00218414
14219.2 0.00214235
14231.2 0.00210183
14243.2 0.00206207
14255.3 0.00202293
14267.3 0.00199371
14279.3 0.00198374
14291.3 0.00197431
14303.3 0.00196529
14315.3 0.00195658
14327.3 0.00194835
14339.3 0.00194048
14351.4 0.0019329
14363.4 0.00192557
14375.4 0.00192405
14387.4 0.00192664
14399.4 0.00192925
14411.4 0.00193165
14423.4 0.00193397
14435.4 0.00193729
14447.4 0.00194094
14459.5 0.00194477
14471.5 0.00194861
14483.5 0.00193753
14495.5 0.00192333
14507.5 0.00190919
14519.5 0.00189472
14531.5 0.00188094
14543.5 0.00186772
14555.6 0.00185476
14567.6 0.00184194
14579.6 0.00182808
14591.6 0.0017987
14603.6 0.00176972
14615.6 0.00174098
14627.6 0.00171242
14639.6 0.00168403
14651.7 0.00165574
14663.7 0.00162746
14675.7 0.00159905
14687.7 0.00156037
14699.7 0.00149914
14711.7 0.00143849
14723.7 0.00137808
14735.7 0.00131807
14747.7 0.00125913
14759.8 0.00120074
14771.8 0.00114276
14783.8 0.00108502
14795.8 0.00101525
14807.8 0.000935938
14819.8 0.000857555
14831.8 0.000780139
14843.8 0.000703072
14855.9 0.000626527
14867.9 0.000550654
14879.9 0.000475603
14891.9 0.000401809
14903.9 0.000364217
14915.9 0.000335824
14927.9 0.000306939
14939.9 0.000277702
14952 0.000249599
14964 0.000221946
14976 0.000194667
14988 0.000167802
15000 0.000141691
15012 0.000133889
15024 0.000125657
15036 0.00011738
15048 0.000109006
15060.1 0.000100422
15072.1 9.1805e-05
15084.1 8.32237e-05
15096.1 7.47957e-05
15108.1 7.2058e-05
15120.1 8.48037e-05
15132.1 9.6773e-05
15144.1 0.000108
15156.2 0.000119418
15168.2 0.00013072
15180.2 0.000141772
15192.2 0.000152508
15204.2 0.000162822
15216.2 0.000167095
15228.2 0.000165688
15240.2 0.000164181
15252.3 0.000162464
15264.3 0.00016099
15276.3 0.000159425
15288.3 0.000157662
15300.3 0.000155594
15312.3 0.00015298
15324.3 0.000135355
15336.3 0.000112653
15348.3 9.00367e-05
15360.4 6.76232e-05
15372.4 4.55485e-05
15384.4 2.35189e-05
15396.4 1.42911e-06
15408.4 -2.08478e-05
15420.4 -4.36907e-05
15432.4 -8.61555e-05
15444.4 -0.000129016
15456.5 -0.000171808
15468.5 -0.000213735
15480.5 -0.000255229
15492.5 -0.000296451
15504.5 -0.000337469
15516.5 -0.000378336
15528.5 -0.000419842
15540.5 -0.000464055
15552.6 -0.000507957
15564.6 -0.000551666
15576.6 -0.000595811
15588.6 -0.000640031
15600.6 -0.00068428
15612.6 -0.000728533
15624.6 -0.000772733
15636.6 -0.000811074
15648.6 -0.000842398
15660.7 -0.000874384
15672.7 -0.00090623
15684.7 -0.000937686
15696.7 -0.000969183
15708.7 -0.00100078
15720.7 -0.00103251
15732.7 -0.00106439
15744.7 -0.0010962
15756.8 -0.00112806
15768.8 -0.00116006
15780.8 -0.00119262
15792.8 -0.00122556
15804.8 -0.00125886
15816.8 -0.00129253
15828.8 -0.00132659
15840.8 -0.0013611
15852.9 -0.00139774
15864.9 -0.00143519
15876.9 -0.00147297
15888.9 -0.00150969
15900.9 -0.0015464
15912.9 -0.00158326
15924.9 -0.00162035
15936.9 -0.00165772
15948.9 -0.00169631
15961 -0.00174073
15973 -0.00178535
15985 -0.00183038
15997 -0.00187588
16009 -0.0019218
16021 -0.00196816
16033 -0.002015
16045 -0.00206235
16057.1 -0.00211372
16069.1 -0.00217134
16081.1 -0.00222956
16093.1 -0.00228762
16105.1 -0.00234601
16117.1 -0.00240482
16129.1 -0.0024641
16141.1 -0.0025239
16153.2 -0.00258422
16165.2 -0.0026565
16177.2 -0.00273672
16189.2 -0.00281764
16201.2 -0.00289968
16213.2 -0.00298256
16225.2 -0.00306628
16237.2 -0.00315087
16249.2 -0.00323639
16261.3 -0.00332291
16273.3 -0.00339887
16285.3 -0.00347337
16297.3 -0.00354916
16309.3 -0.00362618
16321.3 -0.00370435
16333.3 -0.0037837
16345.3 -0.00386427
16357.4 -0.00394612
16369.4 -0.0040287
16381.4 -0.00410419
16393.4 -0.00418085
16405.4 -0.00425912
16417.4 -0.00433884
16429.4 -0.00442002
16441.4 -0.0045027
16453.5 -0.00458699
16465.5 -0.00467302
16477.5 -0.00475376
16489.5 -0.0048183
16501.5 -0.00488453
16513.5 -0.00495336
16525.5 -0.00502388
16537.5 -0.00509607
16549.5 -0.00516994
16561.6 -0.00524558
16573.6 -0.00532322
16585.6 -0.00539175
16597.6 -0.0054513
16609.6 -0.0055121
16621.6 -0.00557411
16633.6 -0.00563731
16645.6 -0.00570169
16657.7 -0.00576725
16669.7 -0.00583398
16681.7 -0.00590204
16693.7 -0.0059621
16705.7 -0.00601994
16717.7 -0.00608064
16729.7 -0.00614218
16741.7 -0.00620434
16753.8 -0.00626696
16765.8 -0.00632989
16777.8 -0.006393
16789.8 -0.0064562
16801.8 -0.00651747
16813.8 -0.00657812
16825.8 -0.00663804
16837.8 -0.00669714
16849.8 -0.00675523
16861.9 -0.00681208
16873.9 -0.00686744
16885.9 -0.00692099
16897.9 -0.00697355
16909.9 -0.00702847
16921.9 -0.00708456
16933.9 -0.00713872
16945.9 -0.00719041
16958 -0.00723924
16970 -0.00728483
16982 -0.0073267
16994 -0.00736406
17006 -0.00740643
17018 -0.00745917
17030 -0.00750926
17042 -0.00755591
17054.1 -0.00759871
17066.1 -0.00763732
17078.1 -0.00767144
17090.1 -0.00770066
17102.1 -0.00772414
17114.1 -0.00775415
17126.1 -0.00778909
17138.1 -0.00782126
17150.2 -0.00784932
17162.2 -0.00787304
17174.2 -0.00789228
17186.2 -0.00790692
17198.2 -0.00791683
17210.2 -0.00792153
17222.2 -0.00792782
17234.2 -0.00793112
17246.2 -0.00793043
17258.3 -0.00792569
17270.3 -0.00791694
17282.3 -0.00790419
17294.3 -0.00788746
17306.3 -0.00786666
17318.3 -0.00784261
17330.3 -0.00782288
17342.3 -0.00780118
17354.4 -0.00777678
17366.4 -0.00774965
17378.4 -0.00771984
17390.4 -0.00768733
17402.4 -0.00765199
17414.4 -0.00761326
17426.4 -0.00757801
17438.4 -0.00755772
17450.5 -0.00753828
17462.5 -0.00751895
17474.5 -0.00749968
17486.5 -0.00748056
17498.5 -0.00746177
17510.5 -0.00744361
17522.5 -0.00742669
17534.5 -0.00740586
17546.5 -0.00738105
17558.6 -0.00735615
17570.6 -0.00733162
17582.6 -0.00730777
17594.6 -0.00728485
17606.6 -0.00726307
17618.6 -0.00724267
17630.6 -0.00722371
17642.6 -0.00721076
17654.7 -0.00720173
17666.7 -0.00719566
17678.7 -0.00719314
17690.7 -0.00719502
17702.7 -0.00720254
17714.7 -0.0072179
17726.7 -0.00724596
17738.7 -0.00728856
17750.8 -0.00718459
17762.8 -0.00705654
17774.8 -0.00691603
17786.8 -0.00676594
17798.8 -0.00660718
17810.8 -0.00643956
17822.8 -0.00626162
17834.8 -0.00606869
17846.8 -0.00588591
17858.9 -0.0057955
17870.9 -0.00571736
17882.9 -0.00564534
17894.9 -0.00557733
17906.9 -0.00551225
17918.9 -0.00544947
17930.9 -0.00538854
17942.9 -0.0053291
17955 -0.00527013
17967 -0.00521257
17979 -0.00515654
17991 -0.00510183
18003 -0.00504832
18015 -0.00499593
18027 -0.00494459
18039 -0.00489425
18051.1 -0.00484488
18063.1 -0.00479652
18075.1 -0.00474895
18087.1 -0.00470216
18099.1 -0.00465611
18111.1 -0.00461076
18123.1 -0.00456607
18135.1 -0.00452198
18147.1 -0.00447836
18159.2 -0.00443449
18171.2 -0.00439079
18183.2 -0.00434818
18195.2 -0.00430643
18207.2 -0.00426545
18219.2 -0.00422518
18231.2 -0.00418559
18243.2 -0.00414663
18255.3 -0.00410824
18267.3 -0.00407026
18279.3 -0.00403288
18291.3 -0.00399611
18303.3 -0.0039599
18315.3 -0.0039242
18327.3 -0.00388898
18339.3 -0.0038542
18351.4 -0.00381979
18363.4 -0.00378553
18375.4 -0.00375082
18387.4 -0.00371703
18399.4 -0.00368388
18411.4 -0.00365129
18423.4 -0.0036192
18435.4 -0.00358758
18447.4 -0.00355638
18459.5 -0.00352553
18471.5 -0.00349468
18483.5 -0.00346413
18495.5 -0.0034342
18507.5 -0.00340477
18519.5 -0.00337579
18531.5 -0.00334724
18543.5 -0.00331908
18555.6 -0.0032913
18567.6 -0.00326385
18579.6 -0.00323658
18591.6 -0.00320972
18603.6 -0.00318323
18615.6 -0.00315709
18627.6 -0.00313128
18639.6 -0.00310576
18651.7 -0.00308052
18663.7 -0.00305552
18675.7 -0.00303065
18687.7 -0.00300569
18699.7 -0.00298122
18711.7 -0.00295711
18723.7 -0.00293331
18735.7 -0.0029098
18747.7 -0.00288654
18759.8 -0.00286353
18771.8 -0.00284073
18783.8 -0.00281798
18795.8 -0.00279544
18807.8 -0.0027732
18819.8 -0.0027512
18831.8 -0.00272943
18843.8 -0.00270785
18855.9 -0.00268644
18867.9 -0.00266514
18879.9 -0.00264384
18891.9 -0.002622
18903.9 -0.00260067
18915.9 -0.00257974
18927.9 -0.00255914
18939.9 -0.00253883
18952 -0.00251877
18964 -0.00249895
18976 -0.00247936
18988 -0.00245997
19000 -0.00244076
