7000 -0.00322117
7012.01 -0.00328497
7024.02 -0.00335181
7036.04 -0.00342184
7048.05 -0.00349491
7060.06 -0.00357151
7072.07 -0.00365185
7084.08 -0.00373615
7096.1 -0.00382462
7108.11 -0.00391747
7120.12 -0.00401495
7132.13 -0.00411728
7144.14 -0.00422437
7156.16 -0.00433623
7168.17 -0.00445355
7180.18 -0.00457656
7192.19 -0.00470549
7204.2 -0.00484052
7216.22 -0.00498182
7228.23 -0.00512953
7240.24 -0.00528374
7252.25 -0.00544353
7264.26 -0.00560953
7276.28 -0.00578197
7288.29 -0.0059607
7300.3 -0.00614545
7312.31 -0.00633587
7324.32 -0.00653146
7336.34 -0.00673152
7348.35 -0.00693468
7360.36 -0.00713812
7372.37 -0.00734347
7384.38 -0.00754941
7396.4 -0.00775453
7408.41 -0.00795729
7420.42 -0.008156
7432.43 -0.00834891
7444.44 -0.00853429
7456.46 -0.00871201
7468.47 -0.00887873
7480.48 -0.00903135
7492.49 -0.00916813
7504.5 -0.00928746
7516.52 -0.00938788
7528.53 -0.00946826
7540.54 -0.00952776
7552.55 -0.00956604
7564.56 -0.00958367
7576.58 -0.00957933
7588.59 -0.00955368
7600.6 -0.00950758
7612.61 -0.00944214
7624.62 -0.00935876
7636.64 -0.00925713
7648.65 -0.00913704
7660.66 -0.00900379
7672.67 -0.00885851
7684.68 -0.00870219
7696.7 -0.00853657
7708.71 -0.0083631
7720.72 -0.00818298
7732.73 -0.00799698
7744.74 -0.00781662
7756.76 -0.00764048
7768.77 -0.00746023
7780.78 -0.00728216
7792.79 -0.00710598
7804.8 -0.00693166
7816.82 -0.00675944
7828.83 -0.00658961
7840.84 -0.00642264
7852.85 -0.00625218
7864.86 -0.0060832
7876.88 -0.00591695
7888.89 -0.0057517
7900.9 -0.00558811
7912.91 -0.00542622
7924.92 -0.00526604
7936.94 -0.00510764
7948.95 -0.00494927
7960.96 -0.00477019
7972.97 -0.00458831
7984.98 -0.00440735
7997 -0.00422713
8009.01 -0.00404688
8021.02 -0.00386612
8033.03 -0.00368436
8045.05 -0.00350082
8057.06 -0.00332428
8069.07 -0.00316788
8081.08 -0.00301139
8093.09 -0.00285444
8105.11 -0.00269639
8117.12 -0.00253692
8129.13 -0.00237588
8141.14 -0.00221337
8153.15 -0.00205035
8165.17 -0.0018556
8177.18 -0.00163128
8189.19 -0.00139957
8201.2 -0.00115752
8213.21 -0.000907506
8225.23 -0.000649682
8237.24 -0.000383684
8249.25 -0.00010842
8261.26 0.00018056
8273.27 0.000349646
8285.29 0.000481647
8297.3 0.000613082
8309.31 0.000744187
8321.32 0.000874477
8333.33 0.00100293
8345.35 0.00112775
8357.36 0.00124544
8369.37 0.00136062
8381.38 0.00171751
8393.39 0.00208831
8405.41 0.00246338
8417.42 0.00283832
8429.43 0.00321048
8441.44 0.00357791
8453.45 0.00393951
8465.47 0.00429618
8477.48 0.00458129
8489.49 0.00466092
8501.5 0.00471076
8513.51 0.00473449
8525.53 0.00473261
8537.54 0.00470515
8549.55 0.00465203
8561.56 0.00457299
8573.57 0.00446689
8585.59 0.00439206
8597.6 0.00435599
8609.61 0.00430589
8621.62 0.00424028
8633.63 0.00416002
8645.65 0.00406644
8657.66 0.00396107
8669.67 0.0038455
8681.68 0.00372139
8693.69 0.00359033
8705.71 0.00345373
8717.72 0.00331306
8729.73 0.00316975
8741.74 0.00302504
8753.75 0.00288003
8765.77 0.00273567
8777.78 0.00259283
8789.79 0.00245222
8801.8 0.00231444
8813.81 0.0021803
8825.83 0.00205001
8837.84 0.00192387
8849.85 0.00180215
8861.86 0.00168507
8873.87 0.00157277
8885.89 0.00146536
8897.9 0.00136292
8909.91 0.00126545
8921.92 0.00117258
8933.93 0.00108453
8945.95 0.00100127
8957.96 0.000922724
8969.97 0.00084879
8981.98 0.000779363
8993.99 0.000714318
9006.01 0.000653494
9018.02 0.000596876
9030.03 0.00054459
9042.04 0.000496329
9054.05 0.000451954
9066.07 0.000411345
9078.08 0.000374391
9090.09 0.000340992
9102.1 0.000311071
9114.11 0.000284683
9126.13 0.000261123
9138.14 0.000240395
9150.15 0.000222536
9162.16 0.000207482
9174.17 0.000195162
9186.19 0.000185507
9198.2 0.000178462
9210.21 0.000174008
9222.22 0.000172175
9234.23 0.000172073
9246.25 0.000174006
9258.26 0.000177988
9270.27 0.000183985
9282.28 0.000191958
9294.29 0.000201867
9306.31 0.000213686
9318.32 0.000227436
9330.33 0.000242935
9342.34 0.000259777
9354.35 0.000278181
9366.37 0.000298152
9378.38 0.000319683
9390.39 0.000342769
9402.4 0.000367429
9414.41 0.000393735
9426.43 0.000422145
9438.44 0.000450607
9450.45 0.00047966
9462.46 0.000509646
9474.47 0.000540633
9486.49 0.000572644
9498.5 0.000605689
9510.51 0.000639778
9522.52 0.000674937
9534.53 0.000711181
9546.55 0.000748133
9558.56 0.000786002
9570.57 0.000824834
9582.58 0.000864665
9594.59 0.000905545
9606.61 0.000947555
9618.62 0.000990867
9630.63 0.00103604
9642.64 0.00108113
9654.65 0.00112392
9666.67 0.00116657
9678.68 0.00120937
9690.69 0.00125244
9702.7 0.00129584
9714.71 0.0013396
9726.73 0.00138377
9738.74 0.00142836
9750.75 0.00147339
9762.76 0.00151889
9774.77 0.00156487
9786.79 0.00161137
9798.8 0.00165843
9810.81 0.0017061
9822.82 0.0017545
9834.83 0.00180391
9846.85 0.00185407
9858.86 0.0019015
9870.87 0.00194849
9882.88 0.00199536
9894.89 0.00204222
9906.91 0.00208912
9918.92 0.00213609
9930.93 0.00218308
9942.94 0.00222993
9954.95 0.00227758
9966.97 0.00232648
9978.98 0.00237596
9990.99 0.00242595
10003 0.00247644
10015 0.00252747
10027 0.00257912
10039 0.00263158
10051.1 0.00268552
10063.1 0.00273607
10075.1 0.0027857
10087.1 0.00283492
10099.1 0.00288385
10111.1 0.00293249
10123.1 0.00298075
10135.1 0.00302842
10147.1 0.00307491
10159.2 0.00312137
10171.2 0.00317449
10183.2 0.00322935
10195.2 0.0032853
10207.2 0.0033421
10219.2 0.00339957
10231.2 0.00345756
10243.2 0.00351585
10255.3 0.00357389
10267.3 0.00363418
10279.3 0.00369723
10291.3 0.00376137
10303.3 0.00382632
10315.3 0.00389186
10327.3 0.00395769
10339.3 0.00402339
10351.4 0.00408801
10363.4 0.00414905
10375.4 0.00422642
10387.4 0.00430959
10399.4 0.00439645
10411.4 0.00448638
10423.4 0.00457908
10435.4 0.00467435
10447.4 0.00477201
10459.5 0.00487174
10471.5 0.00497416
10483.5 0.00508185
10495.5 0.0051928
10507.5 0.00530676
10519.5 0.00542361
10531.5 0.00554323
10543.5 0.00566546
10555.6 0.00578994
10567.6 0.00591527
10579.6 0.0060497
10591.6 0.00619333
10603.6 0.00634246
10615.6 0.0064967
10627.6 0.00665597
10639.6 0.00682031
10651.7 0.00698989
10663.7 0.00716506
10675.7 0.00734634
10687.7 0.00752589
10699.7 0.00770859
10711.7 0.00789523
10723.7 0.00808612
10735.7 0.00828145
10747.7 0.00848141
10759.8 0.00868622
10771.8 0.00889631
10783.8 0.00910951
10795.8 0.0093227
10807.8 0.00953947
10819.8 0.00976022
10831.8 0.00998513
10843.8 0.0102144
10855.9 0.0104482
10867.9 0.0106871
10879.9 0.010933
10891.9 0.0111625
10903.9 0.0113867
10915.9 0.0116112
10927.9 0.0118368
10939.9 0.0120638
10952 0.0122922
10964 0.0125221
10976 0.0127538
10988 0.012985
11000 0.0132065
11012 0.0134276
11024 0.013649
11036 0.0138707
11048 0.0140931
11060.1 0.0143163
11072.1 0.0145408
11084.1 0.0147678
11096.1 0.0149897
11108.1 0.015197
11120.1 0.0152976
11132.1 0.0153813
11144.1 0.0154539
11156.2 0.0155169
11168.2 0.0155707
11180.2 0.0156149
11192.2 0.0156484
11204.2 0.0156629
11216.2 0.0156957
11228.2 0.0157829
11240.2 0.0158711
11252.3 0.0159568
11264.3 0.0160386
11276.3 0.0161155
11288.3 0.0161863
11300.3 0.0162468
11312.3 0.0162933
11324.3 0.0163651
11336.3 0.0164582
11348.3 0.0165506
11360.4 0.016641
11372.4 0.0167288
11384.4 0.0168138
11396.4 0.0168962
11408.4 0.0169776
11420.4 0.0170602
11432.4 0.0170997
11444.4 0.0171242
11456.5 0.0171407
11468.5 0.0171501
11480.5 0.0171527
11492.5 0.0171486
11504.5 0.0171378
11516.5 0.0171216
11528.5 0.0170987
11540.5 0.0171217
11552.6 0.0171464
11564.6 0.0171697
11576.6 0.017191
11588.6 0.0172103
11600.6 0.0172281
11612.6 0.0172502
11624.6 0.0172723
11636.6 0.0172899
11648.6 0.0173049
11660.7 0.0173167
11672.7 0.0173256
11684.7 0.0173322
11696.7 0.0173371
11708.7 0.0173413
11720.7 0.0173504
11732.7 0.0173588
11744.7 0.0173469
11756.8 0.0173128
11768.8 0.017273
11780.8 0.017229
11792.8 0.0171816
11804.8 0.0171318
11816.8 0.0170826
11828.8 0.017036
11840.8 0.0169826
11852.9 0.01693
11864.9 0.016876
11876.9 0.0168197
11888.9 0.0167614
11900.9 0.0167017
11912.9 0.0166411
11924.9 0.0165833
11936.9 0.0165244
11948.9 0.0164636
11961 0.0163883
11973 0.0163094
11985 0.0162282
11997 0.0161453
12009 0.0160615
12021 0.015978
12033 0.0158988
12045 0.0158155
12057.1 0.0157304
12069.1 0.0156468
12081.1 0.0155627
12093.1 0.0154785
12105.1 0.0153946
12117.1 0.0153117
12129.1 0.0152318
12141.1 0.0151557
12153.2 0.0150858
12165.2 0.0149808
12177.2 0.0148223
12189.2 0.0146545
12201.2 0.0144804
12213.2 0.0143014
12225.2 0.0141186
12237.2 0.0139356
12249.2 0.013744
12261.3 0.0135394
12273.3 0.013377
12285.3 0.0132369
12297.3 0.0130999
12309.3 0.0129646
12321.3 0.0128307
12333.3 0.012699
12345.3 0.0125713
12357.4 0.0124402
12369.4 0.0123075
12381.4 0.0121738
12393.4 0.0120392
12405.4 0.0119038
12417.4 0.0117678
12429.4 0.0116314
12441.4 0.0114969
12453.5 0.0113598
12465.5 0.0112163
12477.5 0.0110762
12489.5 0.0109815
12501.5 0.0108932
12513.5 0.010809
12525.5 0.0107281
12537.5 0.010651
12549.5 0.0105799
12561.6 0.0105093
12573.6 0.0104411
12585.6 0.0103642
12597.6 0.0102702
12609.6 0.0101743
12621.6 0.0100777
12633.6 0.00998107
12645.6 0.00988515
12657.7 0.00979066
12669.7 0.00969498
12681.7 0.00959964
12693.7 0.00949943
12705.7 0.00939608
12717.7 0.00929241
12729.7 0.00918892
12741.7 0.00908636
12753.8 0.0089881
12765.8 0.00888772
12777.8 0.00878379
12789.8 0.00867759
12801.8 0.00857272
12813.8 0.00846715
12825.8 0.00836074
12837.8 0.00825347
12849.8 0.00814522
12861.9 0.00803544
12873.9 0.00792626
12885.9 0.00781741
12897.9 0.00770781
12909.9 0.00759164
12921.9 0.00747423
12933.9 0.00735591
12945.9 0.00723677
12958 0.00711684
12970 0.0069961
12982 0.00687442
12994 0.00675161
13006 0.00662983
13018 0.00651102
13030 0.00639175
13042 0.00627156
13054.1 0.00614973
13066.1 0.00602252
13078.1 0.00590017
13090.1 0.0057827
13102.1 0.00567015
13114.1 0.00553224
13126.1 0.00537562
13138.1 0.00521622
13150.2 0.00505494
13162.2 0.00489207
13174.2 0.00472771
13186.2 0.00456166
13198.2 0.00439367
13210.2 0.00422242
13222.2 0.00406833
13234.2 0.00391606
13246.2 0.00376319
13258.3 0.00360879
13270.3 0.00345056
13282.3 0.00329164
13294.3 0.00313815
13306.3 0.0029854
13318.3 0.00283704
13330.3 0.00272254
13342.3 0.00261206
13354.4 0.0025039
13366.4 0.00239738
13378.4 0.00229195
13390.4 0.0021876
13402.4 0.00208373
13414.4 0.00197932
13426.4 0.0018903
13438.4 0.00183123
13450.5 0.00177561
13462.5 0.00172212
13474.5 0.00166977
13486.5 0.00161807
13498.5 0.00157174
13510.5 0.00152846
13522.5 0.00148802
13534.5 0.00144004
13546.5 0.00138718
13558.6 0.00133516
13570.6 0.00128407
13582.6 0.00123365
13594.6 0.00118486
13606.6 0.00113844
13618.6 0.00109411
13630.6 0.00105317
13642.6 0.000971159
13654.7 0.000882049
13666.7 0.000792052
13678.7 0.000701456
13690.7 0.000609885
13702.7 0.000520193
13714.7 0.000431465
13726.7 0.000343442
13738.7 0.000255196
13750.8 0.00016116
13762.8 6.70476e-05
13774.8 -2.71594e-05
13786.8 -0.000121903
13798.8 -0.000216758
13810.8 -0.000307959
13822.8 -0.000397684
13834.8 -0.000486262
13846.8 -0.000575781
13858.9 -0.000668013
13870.9 -0.000759693
13882.9 -0.000850841
13894.9 -0.000941653
13906.9 -0.00103146
13918.9 -0.00112024
13930.9 -0.00120826
13942.9 -0.00129549
13955 -0.00138953
13967 -0.00148824
13979 -0.00158687
13991 -0.0016856
14003 -0.00178493
14015 -0.00188064
14027 -0.00197475
14039 -0.00206769
14051.1 -0.00215958
14063.1 -0.00225671
14075.1 -0.00235413
14087.1 -0.00245079
14099.1 -0.00254655
14111.1 -0.00264181
14123.1 -0.00273747
14135.1 -0.00283292
14147.1 -0.00292819
14159.2 -0.00301697
14171.2 -0.00304493
14183.2 -0.00307171
14195.2 -0.00309794
14207.2 -0.00312438
14219.2 -0.00314837
14231.2 -0.00317087
14243.2 -0.00319252
14255.3 -0.0032135
14267.3 -0.00323441
14279.3 -0.00325587
14291.3 -0.00327692
14303.3 -0.00329762
14315.3 -0.00331804
14327.3 -0.0033379
14339.3 -0.00335744
14351.4 -0.00337676
14363.4 -0.00339595
14375.4 -0.00343307
14387.4 -0.003483
14399.4 -0.00353287
14411.4 -0.00358293
14423.4 -0.00363231
14435.4 -0.00368001
14447.4 -0.00372713
14459.5 -0.00377388
14471.5 -0.0038204
14483.5 -0.00387896
14495.5 -0.00393991
14507.5 -0.00400068
14519.5 -0.00406166
14531.5 -0.00412086
14543.5 -0.00417924
14555.6 -0.00423715
14567.6 -0.00429473
14579.6 -0.00435375
14591.6 -0.00443561
14603.6 -0.00451673
14615.6 -0.00459731
14627.6 -0.00467741
14639.6 -0.00475699
14651.7 -0.00483614
14663.7 -0.00491492
14675.7 -0.00499341
14687.7 -0.00507631
14699.7 -0.00516931
14711.7 -0.00526171
14723.7 -0.00535375
14735.7 -0.00544459
14747.7 -0.00553385
14759.8 -0.00562221
14771.8 -0.00570968
14783.8 -0.00579609
14795.8 -0.00586345
14807.8 -0.00591542
14819.8 -0.0059673
14831.8 -0.00601882
14843.8 -0.00607081
14855.9 -0.00612264
14867.9 -0.00617411
14879.9 -0.00622502
14891.9 -0.00627477
14903.9 -0.006276
14915.9 -0.00626529
14927.9 -0.00625574
14939.9 -0.00624666
14952 -0.00623653
14964 -0.00622663
14976 -0.00621708
14988 -0.00620795
15000 -0.00619945
15012 -0.00620137
15024 -0.00620328
15036 -0.00620535
15048 -0.00620797
15060.1 -0.00621118
15072.1 -0.00621486
15084.1 -0.00621905
15096.1 -0.00622389
15108.1 -0.00623499
15120.1 -0.00626225
15132.1 -0.00628944
15144.1 -0.0063169
15156.2 -0.00634338
15168.2 -0.00636986
15180.2 -0.00639654
15192.2 -0.00642355
15204.2 -0.00645113
15216.2 -0.00649205
15228.2 -0.00654547
15240.2 -0.0065986
15252.3 -0.00665143
15264.3 -0.00670357
15276.3 -0.0067556
15288.3 -0.00680761
15300.3 -0.00685969
15312.3 -0.00691193
15324.3 -0.00696912
15336.3 -0.00702802
15348.3 -0.007087
15360.4 -0.00714547
15372.4 -0.00720363
15384.4 -0.0072618
15396.4 -0.00732006
15408.4 -0.0073785
15420.4 -0.00743741
15432.4 -0.00751205
15444.4 -0.007587
15456.5 -0.00766173
15468.5 -0.00773508
15480.5 -0.00780799
15492.5 -0.00788052
15504.5 -0.00795258
15516.5 -0.0080239
15528.5 -0.00808102
15540.5 -0.00808791
15552.6 -0.00809656
15564.6 -0.0081066
15576.6 -0.00811816
15588.6 -0.00813053
15600.6 -0.00814357
15612.6 -0.00815718
15624.6 -0.00817115
15636.6 -0.00817086
15648.6 -0.00815331
15660.7 -0.00813733
15672.7 -0.00812129
15684.7 -0.00810578
15696.7 -0.00809118
15708.7 -0.00807751
15720.7 -0.00806485
15732.7 -0.00805338
15744.7 -0.00806407
15756.8 -0.00808496
15768.8 -0.00810612
15780.8 -0.00812819
15792.8 -0.00815085
15804.8 -0.00817414
15816.8 -0.00819812
15828.8 -0.00822294
15840.8 -0.00824908
15852.9 -0.00832384
15864.9 -0.00840332
15876.9 -0.00848163
15888.9 -0.00855823
15900.9 -0.00863466
15912.9 -0.00871106
15924.9 -0.00878753
15936.9 -0.00886413
15948.9 -0.00894229
15961 -0.00902913
15973 -0.00911594
15985 -0.00920309
15997 -0.00929045
16009 -0.00937799
16021 -0.00946572
16033 -0.00955365
16045 -0.00964179
16057.1 -0.0097283
16069.1 -0.00981205
16081.1 -0.00989595
16093.1 -0.00997918
16105.1 -0.0100626
16117.1 -0.0101462
16129.1 -0.01023
16141.1 -0.0103141
16153.2 -0.0103984
16165.2 -0.0104694
16177.2 -0.0105317
16189.2 -0.0105949
16201.2 -0.0106588
16213.2 -0.0107231
16225.2 -0.0107878
16237.2 -0.0108529
16249.2 -0.0109184
16261.3 -0.0109849
16273.3 -0.010984
16285.3 -0.0109695
16297.3 -0.0109554
16309.3 -0.0109413
16321.3 -0.010927
16333.3 -0.0109125
16345.3 -0.0108976
16357.4 -0.010882
16369.4 -0.0108687
16381.4 -0.0108961
16393.4 -0.0109237
16405.4 -0.0109515
16417.4 -0.0109788
16429.4 -0.0110055
16441.4 -0.0110316
16453.5 -0.0110567
16465.5 -0.0110807
16477.5 -0.0111132
16489.5 -0.0111688
16501.5 -0.0112258
16513.5 -0.0112833
16525.5 -0.01134
16537.5 -0.011396
16549.5 -0.0114509
16561.6 -0.0115047
16573.6 -0.0115572
16585.6 -0.0116173
16597.6 -0.0116851
16609.6 -0.0117525
16621.6 -0.0118189
16633.6 -0.0118841
16645.6 -0.0119481
16657.7 -0.0120107
16669.7 -0.0120716
16681.7 -0.0121302
16693.7 -0.0122098
16705.7 -0.0122982
16717.7 -0.012389
16729.7 -0.0124794
16741.7 -0.0125691
16753.8 -0.0126582
16765.8 -0.0127468
16777.8 -0.0128352
16789.8 -0.0129243
16801.8 -0.0129834
16813.8 -0.0130393
16825.8 -0.0130935
16837.8 -0.0131464
16849.8 -0.0131983
16861.9 -0.0132495
16873.9 -0.0133005
16885.9 -0.0133525
16897.9 -0.0133918
16909.9 -0.0133717
16921.9 -0.0133503
16933.9 -0.0133244
16945.9 -0.0132947
16958 -0.0132614
16970 -0.0132246
16982 -0.013184
16994 -0.013139
17006 -0.0131029
17018 -0.0130833
17030 -0.0130627
17042 -0.0130404
17054.1 -0.013016
17066.1 -0.0129894
17078.1 -0.0129603
17090.1 -0.0129283
17102.1 -0.0128924
17114.1 -0.0128739
17126.1 -0.0128699
17138.1 -0.0128663
17150.2 -0.0128617
17162.2 -0.012856
17174.2 -0.012849
17186.2 -0.0128409
17198.2 -0.0128314
17210.2 -0.0128204
17222.2 -0.0128114
17234.2 -0.0128022
17246.2 -0.0127921
17258.3 -0.0127811
17270.3 -0.0127692
17282.3 -0.0127564
17294.3 -0.0127427
17306.3 -0.0127281
17318.3 -0.0127131
17330.3 -0.0127019
17342.3 -0.0126912
17354.4 -0.0126802
17366.4 -0.0126689
17378.4 -0.0126576
17390.4 -0.0126464
17402.4 -0.0126354
17414.4 -0.012625
17426.4 -0.0126136
17438.4 -0.0125999
17450.5 -0.0125862
17462.5 -0.0125727
17474.5 -0.0125599
17486.5 -0.0125482
17498.5 -0.0125384
17510.5 -0.0125315
17522.5 -0.0125311
17534.5 -0.0125001
17546.5 -0.0124362
17558.6 -0.0123668
17570.6 -0.0122937
17582.6 -0.0122177
17594.6 -0.0121394
17606.6 -0.012059
17618.6 -0.0119768
17630.6 -0.0118938
17642.6 -0.0118043
17654.7 -0.0117105
17666.7 -0.0116128
17678.7 -0.0115112
17690.7 -0.0114053
17702.7 -0.0112943
17714.7 -0.0111767
17726.7 -0.0110488
17738.7 -0.0109092
17750.8 -0.0108735
17762.8 -0.0108554
17774.8 -0.010846
17786.8 -0.0108432
17798.8 -0.0108462
17810.8 -0.0108547
17822.8 -0.0108694
17834.8 -0.0108926
17846.8 -0.0109124
17858.9 -0.0108883
17870.9 -0.0108586
17882.9 -0.0108263
17894.9 -0.0107926
17906.9 -0.010758
17918.9 -0.0107228
17930.9 -0.010687
17942.9 -0.0106507
17955 -0.0106125
17967 -0.0105738
17979 -0.0105355
17991 -0.0104975
18003 -0.0104596
18015 -0.010422
18027 -0.0103846
18039 -0.0103475
18051.1 -0.0103106
18063.1 -0.0102742
18075.1 -0.010238
18087.1 -0.0102019
18099.1 -0.0101659
18111.1 -0.0101301
18123.1 -0.0100944
18135.1 -0.0100588
18147.1 -0.0100231
18159.2 -0.00998601
18171.2 -0.00994751
18183.2 -0.00990987
18195.2 -0.00987278
18207.2 -0.00983614
18219.2 -0.00979989
18231.2 -0.00976399
18243.2 -0.00972839
18255.3 -0.00969305
18267.3 -0.00965762
18279.3 -0.00962244
18291.3 -0.0095876
18303.3 -0.00955305
18315.3 -0.00951874
18327.3 -0.00948464
18339.3 -0.00945069
18351.4 -0.0094168
18363.4 -0.00938264
18375.4 -0.00934649
18387.4 -0.00931118
18399.4 -0.00927641
18411.4 -0.00924205
18423.4 -0.00920804
18435.4 -0.00917432
18447.4 -0.00914084
18459.5 -0.0091075
18471.5 -0.0090736
18483.5 -0.00903935
18495.5 -0.00900568
18507.5 -0.00897244
18519.5 -0.00893956
18531.5 -0.00890699
18543.5 -0.00887471
18555.6 -0.00884267
18567.6 -0.00881083
18579.6 -0.00877884
18591.6 -0.0087471
18603.6 -0.00871565
18615.6 -0.00868445
18627.6 -0.00865347
18639.6 -0.00862268
18651.7 -0.00859203
18663.7 -0.00856147
18675.7 -0.00853081
18687.7 -0.00849929
18699.7 -0.0084683
18711.7 -0.00843762
18723.7 -0.0084072
18735.7 -0.00837699
18747.7 -0.00834696
18759.8 -0.00831707
18771.8 -0.00828727
18783.8 -0.0082572
18795.8 -0.00822706
18807.8 -0.0081972
18819.8 -0.00816751
18831.8 -0.00813796
18843.8 -0.0081085
18855.9 -0.00807907
18867.9 -0.00804959
18879.9 -0.00801985
18891.9 -0.0079883
18903.9 -0.00795715
18915.9 -0.00792653
18927.9 -0.00789628
18939.9 -0.00786632
18952 -0.00783662
18964 -0.00780713
18976 -0.00777785
18988 -0.00774872
19000 -0.00771967
