7000 0.000172494
7012.01 0.000176092
7024.02 0.000179776
7036.04 0.000183562
7048.05 0.000187386
7060.06 0.000191278
7072.07 0.000195251
7084.08 0.000199312
7096.1 0.000203468
7108.11 0.000207725
7120.12 0.000212092
7132.13 0.000216583
7144.14 0.0002212
7156.16 0.000225828
7168.17 0.000230545
7180.18 0.000235367
7192.19 0.000240305
7204.2 0.000245368
7216.22 0.000250565
7228.23 0.000255909
7240.24 0.000261427
7252.25 0.000267043
7264.26 0.0002727
7276.28 0.000278483
7288.29 0.000284408
7300.3 0.000290488
7312.31 0.000296735
7324.32 0.000303166
7336.34 0.000309804
7348.35 0.000316721
7360.36 0.000323509
7372.37 0.000330372
7384.38 0.000337367
7396.4 0.000344512
7408.41 0.000351817
7420.42 0.000359289
7432.43 0.000366928
7444.44 0.000374719
7456.46 0.000382712
7468.47 0.000391183
7480.48 0.000399945
7492.49 0.000408979
7504.5 0.000418284
7516.52 0.000427858
7528.53 0.000437703
7540.54 0.000447815
7552.55 0.000458183
7564.56 0.000468882
7576.58 0.000479923
7588.59 0.00049124
7600.6 0.000502797
7612.61 0.000514525
7624.62 0.000526223
7636.64 0.000542118
7648.65 0.000566591
7660.66 0.000592254
7672.67 0.000619024
7684.68 0.000646781
7696.7 0.000675538
7708.71 0.000705384
7720.72 0.000736522
7732.73 0.000769578
7744.74 0.00078877
7756.76 0.000796964
7768.77 0.000804412
7780.78 0.000811335
7792.79 0.000818203
7804.8 0.000825144
7816.82 0.000832248
7828.83 0.000839619
7840.84 0.000847542
7852.85 0.000849437
7864.86 0.000849866
7876.88 0.000850177
7888.89 0.000850336
7900.9 0.000850267
7912.91 0.000849865
7924.92 0.000848911
7936.94 0.000846879
7948.95 0.000846678
7960.96 0.000888244
7972.97 0.000933429
7984.98 0.000980416
7997 0.0010291
8009.01 0.00107944
8021.02 0.00113156
8033.03 0.00118589
8045.05 0.00124372
8057.06 0.00127691
8069.07 0.00124375
8081.08 0.00120538
8093.09 0.00116364
8105.11 0.00111897
8117.12 0.00107131
8129.13 0.00102021
8141.14 0.000964489
8153.15 0.000900575
8165.17 0.000928927
8177.18 0.00104547
8189.19 0.0011703
8201.2 0.00130055
8213.21 0.00143526
8225.23 0.00157436
8237.24 0.00171843
8249.25 0.00186933
8261.26 0.00203466
8273.27 0.00199221
8285.29 0.0018813
8297.3 0.00175935
8309.31 0.00162872
8321.32 0.00149014
8333.33 0.00134337
8345.35 0.00118706
8357.36 0.00101747
8369.37 0.000843913
8381.38 0.00105431
8393.39 0.00129135
8405.41 0.00154114
8417.42 0.00180052
8429.43 0.00206859
8441.44 0.00234575
8453.45 0.00263402
8465.47 0.00293955
8477.48 0.0031245
8489.49 0.00290769
8501.5 0.00266489
8513.51 0.00240676
8525.53 0.00213685
8537.54 0.00185663
8549.55 0.00156646
8561.56 0.00126555
8573.57 0.000949988
8585.59 0.000766828
8597.6 0.000732292
8609.61 0.000704569
8621.62 0.000679925
8633.63 0.000657017
8645.65 0.000635154
8657.66 0.000613944
8669.67 0.000593148
8681.68 0.000572614
8693.69 0.000552239
8705.71 0.000531956
8717.72 0.000511823
8729.73 0.000491789
8741.74 0.000471844
8753.75 0.000451989
8765.77 0.000432235
8777.78 0.000412598
8789.79 0.0003931
8801.8 0.00037379
8813.81 0.000354617
8825.83 0.00033555
8837.84 0.00031665
8849.85 0.000297941
8861.86 0.000279446
8873.87 0.000261179
8885.89 0.000243154
8897.9 0.000225373
8909.91 0.000207804
8921.92 0.000190669
8933.93 0.000173911
8945.95 0.000157516
8957.96 0.000141484
8969.97 0.00012582
8981.98 0.00011053
8993.99 9.5624e-05
9006.01 8.11193e-05
9018.02 6.7002e-05
9030.03 5.31604e-05
9042.04 3.96622e-05
9054.05 2.65194e-05
9066.07 1.37362e-05
9078.08 1.31322e-06
9090.09 -1.07518e-05
9102.1 -2.24661e-05
9114.11 -3.38681e-05
9126.13 -4.48134e-05
9138.14 -5.53316e-05
9150.15 -6.54629e-05
9162.16 -7.52203e-05
9174.17 -8.4613e-05
9186.19 -9.36497e-05
9198.2 -0.00010234
9210.21 -0.000110698
9222.22 -0.000118737
9234.23 -0.00012633
9246.25 -0.00013356
9258.26 -0.000140447
9270.27 -0.000147004
9282.28 -0.000153241
9294.29 -0.000159166
9306.31 -0.000164791
9318.32 -0.000170127
9330.33 -0.000175155
9342.34 -0.000179855
9354.35 -0.000184267
9366.37 -0.000188403
9378.38 -0.000192273
9390.39 -0.000195886
9402.4 -0.000199251
9414.41 -0.000202381
9426.43 -0.000205306
9438.44 -0.000207844
9450.45 -0.000210112
9462.46 -0.000212141
9474.47 -0.000213947
9486.49 -0.000215538
9498.5 -0.000216924
9510.51 -0.000218112
9522.52 -0.000219111
9534.53 -0.000219922
9546.55 -0.000220536
9558.56 -0.000220975
9570.57 -0.000221248
9582.58 -0.000221361
9594.59 -0.000221319
9606.61 -0.00022113
9618.62 -0.000220799
9630.63 -0.000220338
9642.64 -0.000219593
9654.65 -0.000218634
9666.67 -0.000217545
9678.68 -0.000216338
9690.69 -0.00021502
9702.7 -0.0002136
9714.71 -0.000212082
9726.73 -0.000210472
9738.74 -0.000208774
9750.75 -0.000206993
9762.76 -0.000205134
9774.77 -0.0002032
9786.79 -0.000201195
9798.8 -0.000199122
9810.81 -0.000196984
9822.82 -0.000194783
9834.83 -0.000192517
9846.85 -0.000190135
9858.86 -0.000187669
9870.87 -0.000185171
9882.88 -0.000182642
9894.89 -0.000180086
9906.91 -0.000177504
9918.92 -0.0001749
9930.93 -0.000172278
9942.94 -0.000169644
9954.95 -0.000167024
9966.97 -0.00016438
9978.98 -0.000161714
9990.99 -0.000159031
10003 -0.000156331
10015 -0.000153616
10027 -0.000150886
10039 -0.000148137
10051.1 -0.000145337
10063.1 -0.000142516
10075.1 -0.00013973
10087.1 -0.000136968
10099.1 -0.00013423
10111.1 -0.000131517
10123.1 -0.000128835
10135.1 -0.000126191
10147.1 -0.000123606
10159.2 -0.000121159
10171.2 -0.000118664
10183.2 -0.00011614
10195.2 -0.000113608
10207.2 -0.000111075
10219.2 -0.000108548
10231.2 -0.000106032
10243.2 -0.000103534
10255.3 -0.000101075
10267.3 -9.86637e-05
10279.3 -9.62135e-05
10291.3 -9.37599e-05
10303.3 -9.13131e-05
10315.3 -8.88816e-05
10327.3 -8.64758e-05
10339.3 -8.41114e-05
10351.4 -8.18213e-05
10363.4 -7.97684e-05
10375.4 -7.75687e-05
10387.4 -7.52133e-05
10399.4 -7.27731e-05
10411.4 -7.02685e-05
10423.4 -6.77099e-05
10435.4 -6.51044e-05
10447.4 -6.24586e-05
10459.5 -5.97843e-05
10471.5 -5.71029e-05
10483.5 -5.43197e-05
10495.5 -5.14664e-05
10507.5 -4.85521e-05
10519.5 -4.55812e-05
10531.5 -4.25581e-05
10543.5 -3.94893e-05
10555.6 -3.6389e-05
10567.6 -3.33108e-05
10579.6 -3.01738e-05
10591.6 -2.67764e-05
10603.6 -2.3224e-05
10615.6 -1.95291e-05
10627.6 -1.56926e-05
10639.6 -1.17103e-05
10651.7 -7.57323e-06
10663.7 -3.26256e-06
10675.7 1.28831e-06
10687.7 5.86496e-06
10699.7 1.05243e-05
10711.7 1.53028e-05
10723.7 2.02165e-05
10735.7 2.5278e-05
10747.7 3.05e-05
10759.8 3.58979e-05
10771.8 4.14995e-05
10783.8 4.73167e-05
10795.8 5.31833e-05
10807.8 5.91935e-05
10819.8 6.53733e-05
10831.8 7.17412e-05
10843.8 7.83163e-05
10855.9 8.51232e-05
10867.9 9.22038e-05
10879.9 9.96949e-05
10891.9 0.000107148
10903.9 0.000114396
10915.9 0.000121694
10927.9 0.000129089
10939.9 0.000136604
10952 0.000144253
10964 0.000152054
10976 0.00016003
10988 0.000168225
11000 0.000176234
11012 0.000184241
11024 0.000192268
11036 0.000200299
11048 0.00020829
11060.1 0.000216162
11072.1 0.000223777
11084.1 0.000230871
11096.1 0.000236544
11108.1 0.00024379
11120.1 0.000280375
11132.1 0.00032154
11144.1 0.000365765
11156.2 0.000412767
11168.2 0.000462632
11180.2 0.000515756
11192.2 0.000573046
11204.2 0.000636709
11216.2 0.000680152
11228.2 0.000672583
11240.2 0.000659415
11252.3 0.0006434
11264.3 0.000625664
11276.3 0.000606941
11288.3 0.000587907
11300.3 0.000569384
11312.3 0.00055418
11324.3 0.000507939
11336.3 0.000434529
11348.3 0.000355657
11360.4 0.000272664
11372.4 0.00018602
11384.4 9.58448e-05
11396.4 1.9972e-06
11408.4 -9.60939e-05
11420.4 -0.00020101
11432.4 -0.000280021
11444.4 -0.000354147
11456.5 -0.000429041
11468.5 -0.000505666
11480.5 -0.000584763
11492.5 -0.00066719
11504.5 -0.000754277
11516.5 -0.000848968
11528.5 -0.000945842
11540.5 -0.000947927
11552.6 -0.000938783
11564.6 -0.000924655
11576.6 -0.000907548
11588.6 -0.000888644
11600.6 -0.000868949
11612.6 -0.000849982
11624.6 -0.000832961
11636.6 -0.000802556
11648.6 -0.00072997
11660.7 -0.000650258
11672.7 -0.000565605
11684.7 -0.000476749
11696.7 -0.000383982
11708.7 -0.000287354
11720.7 -0.000186404
11732.7 -7.85019e-05
11744.7 1.20633e-05
11756.8 8.22692e-05
11768.8 0.000151125
11780.8 0.000219782
11792.8 0.00028863
11804.8 0.000357757
11816.8 0.000426844
11828.8 0.000496513
11840.8 0.000564616
11852.9 0.00065751
11864.9 0.000761786
11876.9 0.000870978
11888.9 0.000984754
11900.9 0.00110331
11912.9 0.00122724
11924.9 0.00135785
11936.9 0.0014985
11948.9 0.00165052
11961 0.00170572
11973 0.00174874
11985 0.00178745
11997 0.0018243
12009 0.00186085
12021 0.00189862
12033 0.0019402
12045 0.00198949
12057.1 0.00202017
12069.1 0.00195315
12081.1 0.00187063
12093.1 0.0017782
12105.1 0.00167764
12117.1 0.00156969
12129.1 0.00145446
12141.1 0.00133129
12153.2 0.00119739
12165.2 0.00108212
12177.2 0.000998393
12189.2 0.000915399
12201.2 0.000830769
12213.2 0.000743179
12225.2 0.000651358
12237.2 0.000553646
12249.2 0.000446211
12261.3 0.000317613
12273.3 0.00030225
12285.3 0.000349787
12297.3 0.000411263
12309.3 0.000482485
12321.3 0.000561833
12333.3 0.000648725
12345.3 0.00074349
12357.4 0.000847289
12369.4 0.000963656
12381.4 0.00102544
12393.4 0.00108236
12405.4 0.00113994
12417.4 0.0012001
12429.4 0.00126446
12441.4 0.00133517
12453.5 0.00141561
12465.5 0.00151317
12477.5 0.0015904
12489.5 0.00146571
12501.5 0.00131037
12513.5 0.00113668
12525.5 0.000948475
12537.5 0.000747388
12549.5 0.00053401
12561.6 0.000306825
12573.6 6.26246e-05
12585.6 -0.00016135
12597.6 -0.000338269
12609.6 -0.000515867
12621.6 -0.000697886
12633.6 -0.000886505
12645.6 -0.00108391
12657.7 -0.00129341
12669.7 -0.00152083
12681.7 -0.00178454
12693.7 -0.00186032
12705.7 -0.00180933
12717.7 -0.00173485
12729.7 -0.00164535
12741.7 -0.00154461
12753.8 -0.00143519
12765.8 -0.00131817
12777.8 -0.0011945
12789.8 -0.00106711
12801.8 -0.000908568
12813.8 -0.000739121
12825.8 -0.000561208
12837.8 -0.000375371
12849.8 -0.000181717
12861.9 1.99738e-05
12873.9 0.000230085
12885.9 0.000450518
12897.9 0.000672331
12909.9 0.000839158
12921.9 0.00100373
12933.9 0.00116992
12945.9 0.00133932
12958 0.00151316
12970 0.00169287
12982 0.00188073
12994 0.00208237
13006 0.00223426
13018 0.00227791
13030 0.00230933
13042 0.0023345
13054.1 0.00235603
13066.1 0.0023754
13078.1 0.0023945
13090.1 0.00241738
13102.1 0.00245295
13114.1 0.00236108
13126.1 0.00217457
13138.1 0.00196951
13150.2 0.00175053
13162.2 0.00151926
13174.2 0.00127603
13186.2 0.0010199
13198.2 0.000747668
13210.2 0.000442645
13222.2 0.000375615
13234.2 0.000346685
13246.2 0.000327908
13258.3 0.000314923
13270.3 0.000305536
13282.3 0.000298492
13294.3 0.000292869
13306.3 0.000286653
13318.3 0.00028943
13330.3 0.000367574
13342.3 0.000455135
13354.4 0.000548833
13366.4 0.000647821
13378.4 0.000751962
13390.4 0.000861707
13402.4 0.000978431
13414.4 0.00110632
13426.4 0.00115903
13438.4 0.00105755
13450.5 0.000942824
13462.5 0.000820416
13474.5 0.000692304
13486.5 0.000559425
13498.5 0.000422883
13510.5 0.000282626
13522.5 0.000137922
13534.5 1.67207e-05
13546.5 -8.86852e-05
13558.6 -0.000194436
13570.6 -0.000301255
13582.6 -0.0004096
13594.6 -0.000519851
13606.6 -0.000632793
13618.6 -0.000750092
13630.6 -0.000878333
13642.6 -0.000817594
13654.7 -0.00072139
13666.7 -0.000618258
13678.7 -0.000510432
13690.7 -0.000398911
13702.7 -0.000284354
13714.7 -0.000167049
13726.7 -4.6906e-05
13738.7 7.01652e-05
13750.8 0.000145553
13762.8 0.000220017
13774.8 0.000294643
13786.8 0.000369754
13798.8 0.000445476
13810.8 0.000522032
13822.8 0.000599914
13834.8 0.000680226
13846.8 0.000713292
13858.9 0.000656023
13870.9 0.000594733
13882.9 0.000531158
13894.9 0.000465919
13906.9 0.000399323
13918.9 0.000331515
13930.9 0.000262411
13942.9 0.000191399
13955 0.000172109
13967 0.000188846
13979 0.000206838
13991 0.000225448
14003 0.000244369
14015 0.000263409
14027 0.00028238
14039 0.000300962
14051.1 0.000318079
14063.1 0.00043485
14075.1 0.000570198
14087.1 0.000706873
14099.1 0.000844386
14111.1 0.000982568
14123.1 0.00112128
14135.1 0.00126049
14147.1 0.00140041
14159.2 0.00152185
14171.2 0.00145975
14183.2 0.00139486
14195.2 0.00132868
14207.2 0.00126156
14219.2 0.00119387
14231.2 0.00112599
14243.2 0.00105799
14255.3 0.000990032
14267.3 0.000860522
14279.3 0.000607892
14291.3 0.000354841
14303.3 0.000101919
14315.3 -0.000150578
14327.3 -0.000402355
14339.3 -0.000653217
14351.4 -0.000902911
14363.4 -0.00115103
14375.4 -0.0012299
14387.4 -0.00118786
14399.4 -0.00114549
14411.4 -0.00110281
14423.4 -0.00105975
14435.4 -0.00101644
14447.4 -0.000972903
14459.5 -0.000929074
14471.5 -0.000884666
14483.5 -0.000776061
14495.5 -0.000654064
14507.5 -0.000532695
14519.5 -0.000411897
14531.5 -0.000291803
14543.5 -0.000172506
14555.6 -5.40881e-05
14567.6 6.32348e-05
14579.6 0.00017341
14591.6 0.000200193
14603.6 0.000227832
14615.6 0.000255711
14627.6 0.000283706
14639.6 0.000311779
14651.7 0.00033995
14663.7 0.000368302
14675.7 0.000397091
14687.7 0.000450418
14699.7 0.000557451
14711.7 0.000662734
14723.7 0.000766619
14735.7 0.000869039
14747.7 0.000969934
14759.8 0.00106907
14771.8 0.00116593
14783.8 0.00125913
14795.8 0.00122149
14807.8 0.00107888
14819.8 0.00093964
14831.8 0.000802606
14843.8 0.000667282
14855.9 0.00053347
14867.9 0.000401121
14879.9 0.000270271
14891.9 0.000141182
14903.9 3.64135e-05
14915.9 -6.14109e-05
14927.9 -0.000158432
14939.9 -0.000254415
14952 -0.000349014
14964 -0.000442122
14976 -0.000533394
14988 -0.000622072
15000 -0.000704544
15012 -0.000600144
15024 -0.000501806
15036 -0.000406004
15048 -0.000312043
15060.1 -0.000219613
15072.1 -0.000128607
15084.1 -3.90453e-05
15096.1 4.88258e-05
15108.1 0.000119587
15120.1 0.000145893
15132.1 0.000172979
15144.1 0.000200201
15156.2 0.000227354
15168.2 0.000254354
15180.2 0.000281126
15192.2 0.000307595
15204.2 0.000333635
15216.2 0.000352946
15228.2 0.000365933
15240.2 0.00037887
15252.3 0.000391591
15264.3 0.000404017
15276.3 0.000416013
15288.3 0.000427375
15300.3 0.000437706
15312.3 0.000445783
15324.3 0.000366412
15336.3 0.000258536
15348.3 0.000153299
15360.4 5.00789e-05
15372.4 -5.12961e-05
15384.4 -0.000150867
15396.4 -0.000248472
15408.4 -0.000343598
15420.4 -0.000433862
15432.4 -0.000383028
15444.4 -0.000329398
15456.5 -0.000277666
15468.5 -0.000227151
15480.5 -0.000177552
15492.5 -0.000128662
15504.5 -8.0314e-05
15516.5 -3.22916e-05
15528.5 2.20953e-05
15540.5 0.00010065
15552.6 0.000177707
15564.6 0.000253646
15576.6 0.000328555
15588.6 0.000402402
15600.6 0.000475074
15612.6 0.000546303
15624.6 0.000615318
15636.6 0.00061952
15648.6 0.000545911
15660.7 0.000474879
15672.7 0.000405382
15684.7 0.000337136
15696.7 0.000269905
15708.7 0.000203571
15720.7 0.00013809
15732.7 7.354e-05
15744.7 2.41293e-05
15756.8 -1.83071e-05
15768.8 -6.05505e-05
15780.8 -0.00010254
15792.8 -0.000144213
15804.8 -0.000185522
15816.8 -0.000226396
15828.8 -0.000266686
15840.8 -0.000305796
15852.9 -0.000282118
15864.9 -0.000253049
15876.9 -0.000224663
15888.9 -0.000196757
15900.9 -0.000169241
15912.9 -0.000142045
15924.9 -0.000115116
15936.9 -8.84011e-05
15948.9 -6.06891e-05
15961 -2.59373e-05
15973 8.4879e-06
15985 4.2667e-05
15997 7.66349e-05
16009 0.000110414
16021 0.000144022
16033 0.00017747
16045 0.000210754
16057.1 0.000236659
16069.1 0.000250656
16081.1 0.000264739
16093.1 0.000278873
16105.1 0.00029306
16117.1 0.0003073
16129.1 0.000321602
16141.1 0.000335985
16153.2 0.00035048
16165.2 0.000339431
16177.2 0.000311836
16189.2 0.000284454
16201.2 0.000257205
16213.2 0.000230069
16225.2 0.000203023
16237.2 0.000176042
16249.2 0.000149089
16261.3 0.000122086
16273.3 0.000106906
16285.3 9.41808e-05
16297.3 8.15097e-05
16309.3 6.88698e-05
16321.3 5.62617e-05
16333.3 4.36852e-05
16345.3 3.11463e-05
16357.4 1.86673e-05
16369.4 5.60887e-06
16381.4 -1.65234e-05
16393.4 -3.88538e-05
16405.4 -6.13463e-05
16417.4 -8.40048e-05
16429.4 -0.000106859
16441.4 -0.000129959
16453.5 -0.000153389
16465.5 -0.00017732
16477.5 -0.000195052
16489.5 -0.000196292
16501.5 -0.00019739
16513.5 -0.000198573
16525.5 -0.00019992
16537.5 -0.000201534
16549.5 -0.000203548
16561.6 -0.000206197
16573.6 -0.000210093
16585.6 -0.000187699
16597.6 -0.000139437
16609.6 -8.9934e-05
16621.6 -3.95597e-05
16633.6 1.15999e-05
16645.6 6.35699e-05
16657.7 0.000116464
16669.7 0.000170543
16681.7 0.000226619
16693.7 0.00025667
16705.7 0.000277349
16717.7 0.000297901
16729.7 0.000318645
16741.7 0.000339825
16753.8 0.000361693
16765.8 0.000384606
16777.8 0.000409257
16789.8 0.000437405
16801.8 0.000401891
16813.8 0.000362056
16825.8 0.000320365
16837.8 0.000277294
16849.8 0.000233003
16861.9 0.000187494
16873.9 0.000140633
16885.9 9.19931e-05
16897.9 4.70975e-05
16909.9 2.47385e-05
16921.9 3.17791e-06
16933.9 -1.83711e-05
16945.9 -4.01542e-05
16958 -6.23585e-05
16970 -8.51774e-05
16982 -0.000108888
16994 -0.000134104
17006 -0.000150977
17018 -0.000153931
17030 -0.000156044
17042 -0.000157889
17054.1 -0.000159736
17066.1 -0.00016181
17078.1 -0.000164371
17090.1 -0.000167852
17102.1 -0.000173469
17114.1 -0.000160126
17126.1 -0.000134176
17138.1 -0.000106373
17150.2 -7.72894e-05
17162.2 -4.71564e-05
17174.2 -1.60978e-05
17186.2 1.58e-05
17198.2 4.84311e-05
17210.2 8.13601e-05
17222.2 0.000121261
17234.2 0.000163444
17246.2 0.000207341
17258.3 0.00025304
17270.3 0.000300777
17282.3 0.000350964
17294.3 0.00040435
17306.3 0.00046263
17318.3 0.000520323
17330.3 0.000518659
17342.3 0.000510699
17354.4 0.000499879
17366.4 0.000487267
17378.4 0.000473434
17390.4 0.000458798
17402.4 0.000443809
17414.4 0.000429305
17426.4 0.000408608
17438.4 0.000371081
17450.5 0.000330191
17462.5 0.000286672
17474.5 0.000240646
17486.5 0.000191988
17498.5 0.000140326
17510.5 8.48263e-05
17522.5 2.29422e-05
17534.5 -1.67701e-05
17546.5 -3.25183e-05
17558.6 -4.55301e-05
17570.6 -5.73293e-05
17582.6 -6.86223e-05
17594.6 -7.99135e-05
17606.6 -9.17267e-05
17618.6 -0.000104892
17630.6 -0.000122238
17642.6 -0.000114377
17654.7 -9.67192e-05
17666.7 -7.59027e-05
17678.7 -5.26057e-05
17690.7 -2.70132e-05
17702.7 9.48766e-07
17714.7 3.16444e-05
17726.7 6.6091e-05
17738.7 0.00010468
17750.8 0.000111534
17762.8 0.000113756
17774.8 0.000113987
17786.8 0.000112943
17798.8 0.000110938
17810.8 0.00010812
17822.8 0.00010452
17834.8 9.99942e-05
17846.8 9.5711e-05
17858.9 9.53821e-05
17870.9 9.54576e-05
17882.9 9.56795e-05
17894.9 9.59677e-05
17906.9 9.62863e-05
17918.9 9.66165e-05
17930.9 9.69465e-05
17942.9 9.72662e-05
17955 9.75518e-05
17967 9.7848e-05
17979 9.81477e-05
17991 9.84458e-05
18003 9.87403e-05
18015 9.90302e-05
18027 9.93149e-05
18039 9.95943e-05
18051.1 9.9869e-05
18063.1 0.00010014
18075.1 0.000100401
18087.1 0.000100654
18099.1 0.000100898
18111.1 0.000101134
18123.1 0.000101359
18135.1 0.000101572
18147.1 0.000101769
18159.2 0.000101923
18171.2 0.000102074
18183.2 0.000102238
18195.2 0.000102407
18207.2 0.000102576
18219.2 0.000102744
18231.2 0.00010291
18243.2 0.000103072
18255.3 0.00010323
18267.3 0.000103377
18279.3 0.000103524
18291.3 0.000103669
18303.3 0.00010381
18315.3 0.000103947
18327.3 0.000104078
18339.3 0.000104201
18351.4 0.000104313
18363.4 0.000104406
18375.4 0.000104466
18387.4 0.000104547
18399.4 0.000104633
18411.4 0.000104719
18423.4 0.000104804
18435.4 0.000104887
18447.4 0.000104966
18459.5 0.000105038
18471.5 0.000105087
18483.5 0.000105137
18495.5 0.000105194
18507.5 0.000105252
18519.5 0.000105311
18531.5 0.000105368
18543.5 0.000105424
18555.6 0.000105477
18567.6 0.000105525
18579.6 0.000105563
18591.6 0.000105603
18603.6 0.000105641
18615.6 0.000105677
18627.6 0.00010571
18639.6 0.000105739
18651.7 0.000105763
18663.7 0.00010578
18675.7 0.000105785
18687.7 0.000105772
18699.7 0.000105768
18711.7 0.000105765
18723.7 0.00010576
18735.7 0.000105753
18747.7 0.000105743
18759.8 0.000105728
18771.8 0.000105707
18783.8 0.000105673
18795.8 0.000105636
18807.8 0.000105599
18819.8 0.00010556
18831.8 0.000105516
18843.8 0.000105467
18855.9 0.000105412
18867.9 0.000105347
18879.9 0.000105266
18891.9 0.000105145
18903.9 0.000105043
18915.9 0.000104949
18927.9 0.000104859
18939.9 0.00010477
18952 0.000104681
18964 0.000104592
18976 0.000104502
18988 0.000104409
19000 0.000104313
