7000 -0.000389308
7012.01 -0.000418157
7024.02 -0.000448639
7036.04 -0.000480656
7048.05 -0.000514853
7060.06 -0.00055124
7072.07 -0.000589784
7084.08 -0.000630542
7096.1 -0.000673585
7108.11 -0.00071899
7120.12 -0.000766818
7132.13 -0.000817074
7144.14 -0.000869633
7156.16 -0.000925846
7168.17 -0.000985357
7180.18 -0.00104816
7192.19 -0.00111432
7204.2 -0.00118393
7216.22 -0.00125707
7228.23 -0.00133379
7240.24 -0.00141399
7252.25 -0.00149792
7264.26 -0.00158688
7276.28 -0.00168037
7288.29 -0.00177835
7300.3 -0.00188086
7312.31 -0.00198788
7324.32 -0.00209937
7336.34 -0.00221512
7348.35 -0.00233401
7360.36 -0.00245866
7372.37 -0.00258908
7384.38 -0.00272458
7396.4 -0.00286484
7408.41 -0.00300957
7420.42 -0.00315848
7432.43 -0.00331128
7444.44 -0.0034678
7456.46 -0.00362854
7468.47 -0.00378956
7480.48 -0.00395087
7492.49 -0.00411192
7504.5 -0.00427184
7516.52 -0.00442965
7528.53 -0.00458426
7540.54 -0.00473453
7552.55 -0.00487944
7564.56 -0.00501778
7576.58 -0.00514695
7588.59 -0.00526608
7600.6 -0.00537397
7612.61 -0.00546941
7624.62 -0.00555121
7636.64 -0.00562188
7648.65 -0.0056843
7660.66 -0.00573245
7672.67 -0.00576446
7684.68 -0.00577986
7696.7 -0.00577887
7708.71 -0.0057617
7720.72 -0.00572874
7732.73 -0.00568065
7744.74 -0.00561222
7756.76 -0.00552455
7768.77 -0.00542035
7780.78 -0.00530855
7792.79 -0.00518804
7804.8 -0.00505921
7816.82 -0.00492279
7828.83 -0.00477947
7840.84 -0.00462909
7852.85 -0.00450177
7864.86 -0.00437866
7876.88 -0.0042546
7888.89 -0.00412793
7900.9 -0.00400017
7912.91 -0.00387197
7924.92 -0.00374382
7936.94 -0.003616
7948.95 -0.00348946
7960.96 -0.00337335
7972.97 -0.0032577
7984.98 -0.00314763
7997 -0.00304234
8009.01 -0.0029413
8021.02 -0.00284457
8033.03 -0.00275247
8045.05 -0.00266586
8057.06 -0.0025678
8069.07 -0.00243314
8081.08 -0.00229891
8093.09 -0.00216721
8105.11 -0.0020382
8117.12 -0.00191215
8129.13 -0.00178938
8141.14 -0.00167035
8153.15 -0.00155619
8165.17 -0.00142368
8177.18 -0.00127569
8189.19 -0.00112667
8201.2 -0.00097233
8213.21 -0.000816732
8225.23 -0.000660501
8237.24 -0.000503761
8249.25 -0.000346205
8261.26 -0.000186031
8273.27 -8.13762e-05
8285.29 3.02425e-06
8297.3 8.6227e-05
8309.31 0.000167469
8321.32 0.000246338
8333.33 0.000322475
8345.35 0.000395195
8357.36 0.000462859
8369.37 0.000529229
8381.38 0.00075466
8393.39 0.000991352
8405.41 0.00123535
8417.42 0.00148447
8429.43 0.00173826
8441.44 0.00199695
8453.45 0.00226159
8465.47 0.00253532
8477.48 0.00274761
8489.49 0.00275442
8501.5 0.0027489
8513.51 0.00273684
8525.53 0.00271952
8537.54 0.00269764
8549.55 0.00267136
8561.56 0.00264032
8573.57 0.00260281
8585.59 0.00261844
8597.6 0.00269285
8609.61 0.00277448
8621.62 0.00285908
8633.63 0.0029454
8645.65 0.00303292
8657.66 0.0031214
8669.67 0.00321066
8681.68 0.00330064
8693.69 0.00339137
8705.71 0.00348259
8717.72 0.00357344
8729.73 0.00366444
8741.74 0.00375564
8753.75 0.00384706
8765.77 0.00393868
8777.78 0.00403046
8789.79 0.00412231
8801.8 0.00421387
8813.81 0.00430682
8825.83 0.00440095
8837.84 0.00449576
8849.85 0.00459118
8861.86 0.00468718
8873.87 0.0047838
8885.89 0.00488109
8897.9 0.00497926
8909.91 0.00507854
8921.92 0.00517554
8933.93 0.00527211
8945.95 0.00536858
8957.96 0.00546505
8969.97 0.00556156
8981.98 0.00565809
8993.99 0.0057546
9006.01 0.00585083
9018.02 0.00594774
9030.03 0.00604686
9042.04 0.00614682
9054.05 0.00624747
9066.07 0.00634877
9078.08 0.00645074
9090.09 0.00655343
9102.1 0.00665697
9114.11 0.00676211
9126.13 0.00686493
9138.14 0.00696701
9150.15 0.00706905
9162.16 0.00717124
9174.17 0.00727366
9186.19 0.00737643
9198.2 0.00747965
9210.21 0.00758357
9222.22 0.00768808
9234.23 0.00778972
9246.25 0.00789086
9258.26 0.00799185
9270.27 0.00809282
9282.28 0.00819388
9294.29 0.0082951
9306.31 0.0083966
9318.32 0.00849861
9330.33 0.00860005
9342.34 0.0087002
9354.35 0.00880022
9366.37 0.00890029
9378.38 0.0090005
9390.39 0.00910097
9402.4 0.00920186
9414.41 0.00930347
9426.43 0.00940695
9438.44 0.00950392
9450.45 0.00959908
9462.46 0.00969349
9474.47 0.00978743
9486.49 0.00988105
9498.5 0.00997448
9510.51 0.0100678
9522.52 0.0101612
9534.53 0.0102545
9546.55 0.0103467
9558.56 0.0104387
9570.57 0.0105308
9582.58 0.0106231
9594.59 0.0107156
9606.61 0.0108087
9618.62 0.0109028
9630.63 0.010999
9642.64 0.0110877
9654.65 0.0111678
9666.67 0.0112461
9678.68 0.0113232
9690.69 0.0113993
9702.7 0.0114747
9714.71 0.0115495
9726.73 0.0116238
9738.74 0.0116978
9750.75 0.0117713
9762.76 0.0118447
9774.77 0.0119178
9786.79 0.0119908
9798.8 0.0120638
9810.81 0.0121369
9822.82 0.0122104
9834.83 0.0122848
9846.85 0.0123572
9858.86 0.0124205
9870.87 0.0124821
9882.88 0.0125426
9894.89 0.0126023
9906.91 0.0126614
9918.92 0.0127197
9930.93 0.0127773
9942.94 0.012834
9954.95 0.0128931
9966.97 0.0129542
9978.98 0.0130156
9990.99 0.0130772
10003 0.0131389
10015 0.0132009
10027 0.0132633
10039 0.0133264
10051.1 0.0133908
10063.1 0.0134439
10075.1 0.0134948
10087.1 0.0135443
10099.1 0.0135927
10111.1 0.01364
10123.1 0.0136859
10135.1 0.0137302
10147.1 0.0137716
10159.2 0.0138168
10171.2 0.0138776
10183.2 0.0139408
10195.2 0.014005
10207.2 0.0140699
10219.2 0.0141352
10231.2 0.0142005
10243.2 0.0142654
10255.3 0.014329
10267.3 0.0143988
10279.3 0.0144732
10291.3 0.0145486
10303.3 0.0146243
10315.3 0.0147001
10327.3 0.0147752
10339.3 0.0148489
10351.4 0.0149195
10363.4 0.0149851
10375.4 0.015091
10387.4 0.015206
10399.4 0.0153263
10411.4 0.0154506
10423.4 0.0155783
10435.4 0.0157091
10447.4 0.0158426
10459.5 0.0159782
10471.5 0.0161182
10483.5 0.0162671
10495.5 0.0164201
10507.5 0.0165766
10519.5 0.0167364
10531.5 0.0168992
10543.5 0.0170646
10555.6 0.017232
10567.6 0.0173987
10579.6 0.0175855
10591.6 0.0177875
10603.6 0.0179969
10615.6 0.018213
10627.6 0.0184356
10639.6 0.0186647
10651.7 0.0189005
10663.7 0.0191436
10675.7 0.0193939
10687.7 0.0196353
10699.7 0.0198794
10711.7 0.0201276
10723.7 0.0203805
10735.7 0.0206383
10747.7 0.0209013
10759.8 0.0211699
10771.8 0.0214448
10783.8 0.0217207
10795.8 0.0219922
10807.8 0.0222671
10819.8 0.0225459
10831.8 0.0228291
10843.8 0.0231171
10855.9 0.0234102
10867.9 0.0237094
10879.9 0.0240183
10891.9 0.024288
10903.9 0.0245447
10915.9 0.0247997
10927.9 0.0250542
10939.9 0.0253089
10952 0.025564
10964 0.0258199
10976 0.026077
10988 0.0263311
11000 0.0265636
11012 0.0267938
11024 0.0270225
11036 0.0272503
11048 0.0274774
11060.1 0.0277041
11072.1 0.027931
11084.1 0.0281592
11096.1 0.0283721
11108.1 0.0285623
11120.1 0.0286645
11132.1 0.0287511
11144.1 0.0288269
11156.2 0.028893
11168.2 0.0289495
11180.2 0.0289961
11192.2 0.0290311
11204.2 0.0290403
11216.2 0.0290761
11228.2 0.0291881
11240.2 0.0293042
11252.3 0.0294198
11264.3 0.0295332
11276.3 0.0296432
11288.3 0.0297487
11300.3 0.0298433
11312.3 0.0299188
11324.3 0.0300266
11336.3 0.0301619
11348.3 0.0302991
11360.4 0.0304366
11372.4 0.030574
11384.4 0.0307115
11396.4 0.0308498
11408.4 0.0309926
11420.4 0.0311473
11432.4 0.0311995
11444.4 0.0312215
11456.5 0.031232
11468.5 0.0312332
11480.5 0.0312259
11492.5 0.0312102
11504.5 0.0311862
11516.5 0.0311576
11528.5 0.0311221
11540.5 0.0311642
11552.6 0.0312123
11564.6 0.0312614
11576.6 0.0313102
11588.6 0.0313585
11600.6 0.0314068
11612.6 0.0314638
11624.6 0.0315295
11636.6 0.0315895
11648.6 0.0316388
11660.7 0.0316848
11672.7 0.0317284
11684.7 0.0317704
11696.7 0.0318114
11708.7 0.031853
11720.7 0.0319052
11732.7 0.0319624
11744.7 0.0319813
11756.8 0.0319575
11768.8 0.0319246
11780.8 0.0318851
11792.8 0.0318402
11804.8 0.031791
11816.8 0.0317408
11828.8 0.0316987
11840.8 0.0316458
11852.9 0.0316085
11864.9 0.031575
11876.9 0.0315396
11888.9 0.0315023
11900.9 0.0314633
11912.9 0.0314231
11924.9 0.031387
11936.9 0.0313521
11948.9 0.0313147
11961 0.0312602
11973 0.0312009
11985 0.0311384
11997 0.0310731
12009 0.0310058
12021 0.0309376
12033 0.0308763
12045 0.0308098
12057.1 0.0307442
12069.1 0.0306979
12081.1 0.0306534
12093.1 0.0306099
12105.1 0.0305679
12117.1 0.0305281
12129.1 0.0304931
12141.1 0.0304661
12153.2 0.0304506
12165.2 0.0303745
12177.2 0.0302059
12189.2 0.0300209
12201.2 0.0298245
12213.2 0.0296187
12225.2 0.0294046
12237.2 0.0291878
12249.2 0.0289586
12261.3 0.0287043
12273.3 0.028546
12285.3 0.0284396
12297.3 0.0283419
12309.3 0.0282498
12321.3 0.0281622
12333.3 0.0280802
12345.3 0.0280096
12357.4 0.0279414
12369.4 0.0278807
12381.4 0.0277535
12393.4 0.027615
12405.4 0.0274709
12417.4 0.0273228
12429.4 0.0271719
12441.4 0.0270217
12453.5 0.0268707
12465.5 0.0267114
12477.5 0.0265527
12489.5 0.0264302
12501.5 0.0263113
12513.5 0.0261941
12525.5 0.0260782
12537.5 0.0259641
12549.5 0.0258565
12561.6 0.0257488
12573.6 0.0256414
12585.6 0.0255227
12597.6 0.025384
12609.6 0.0252414
12621.6 0.025096
12633.6 0.0249484
12645.6 0.0247995
12657.7 0.0246512
12669.7 0.0244989
12681.7 0.0243428
12693.7 0.0241921
12705.7 0.0240447
12717.7 0.0238967
12729.7 0.0237483
12741.7 0.0236
12753.8 0.0234564
12765.8 0.0233126
12777.8 0.023162
12789.8 0.0230045
12801.8 0.0228672
12813.8 0.0227311
12825.8 0.0225941
12837.8 0.0224557
12849.8 0.0223153
12861.9 0.0221715
12873.9 0.0220265
12885.9 0.0218795
12897.9 0.021733
12909.9 0.0216048
12921.9 0.0214782
12933.9 0.021352
12945.9 0.0212257
12958 0.021099
12970 0.0209719
12982 0.0208439
12994 0.0207147
13006 0.0205874
13018 0.0204647
13030 0.0203416
13042 0.0202174
13054.1 0.0200911
13066.1 0.0199566
13078.1 0.0198237
13090.1 0.0196969
13102.1 0.0195761
13114.1 0.0194256
13126.1 0.0192532
13138.1 0.0190777
13150.2 0.0188999
13162.2 0.0187203
13174.2 0.0185391
13186.2 0.0183559
13198.2 0.0181704
13210.2 0.0179812
13222.2 0.0178118
13234.2 0.0176443
13246.2 0.0174762
13258.3 0.0173061
13270.3 0.017131
13282.3 0.0169499
13294.3 0.0167767
13306.3 0.0166064
13318.3 0.0164379
13330.3 0.0162693
13342.3 0.0161015
13354.4 0.0159345
13366.4 0.0157679
13378.4 0.0156015
13390.4 0.0154355
13402.4 0.0152696
13414.4 0.0151031
13426.4 0.0149451
13438.4 0.0148037
13450.5 0.0146638
13462.5 0.0145244
13474.5 0.0143843
13486.5 0.0142411
13498.5 0.0141026
13510.5 0.0139662
13522.5 0.0138307
13534.5 0.0137132
13546.5 0.0136085
13558.6 0.0135062
13570.6 0.0134058
13582.6 0.0133063
13594.6 0.0132082
13606.6 0.0131131
13618.6 0.0130203
13630.6 0.0129308
13642.6 0.0128118
13654.7 0.0126881
13666.7 0.0125642
13678.7 0.0124399
13690.7 0.0123141
13702.7 0.0121904
13714.7 0.0120683
13726.7 0.0119473
13738.7 0.0118273
13750.8 0.0117104
13762.8 0.0115941
13774.8 0.011478
13786.8 0.0113614
13798.8 0.0112431
13810.8 0.0111295
13822.8 0.0110184
13834.8 0.0109091
13846.8 0.0107989
13858.9 0.0106853
13870.9 0.0105727
13882.9 0.010461
13894.9 0.0103498
13906.9 0.0102398
13918.9 0.0101313
13930.9 0.0100241
13942.9 0.00991807
13955 0.00980448
13967 0.00968573
13979 0.00956722
13991 0.00944857
14003 0.00932809
14015 0.00921157
14027 0.00909766
14039 0.00898567
14051.1 0.00887545
14063.1 0.00875629
14075.1 0.00863661
14087.1 0.00851822
14099.1 0.00840135
14111.1 0.00828608
14123.1 0.00817055
14135.1 0.00805551
14147.1 0.00794106
14159.2 0.00782773
14171.2 0.00771997
14183.2 0.00761276
14195.2 0.00750585
14207.2 0.00739814
14219.2 0.00729231
14231.2 0.00718906
14243.2 0.00708734
14255.3 0.00698691
14267.3 0.00689107
14279.3 0.00680317
14291.3 0.00671629
14303.3 0.00663033
14315.3 0.0065451
14327.3 0.00646108
14339.3 0.00637804
14351.4 0.00629589
14363.4 0.00621457
14375.4 0.00614443
14387.4 0.00608235
14399.4 0.00602067
14411.4 0.00595893
14423.4 0.00589729
14435.4 0.00583836
14447.4 0.0057807
14459.5 0.00572401
14471.5 0.00566807
14483.5 0.00559806
14495.5 0.00552559
14507.5 0.0054537
14519.5 0.00538159
14531.5 0.0053114
14543.5 0.005243
14555.6 0.00517582
14567.6 0.00510968
14579.6 0.00504431
14591.6 0.00497735
14603.6 0.00491129
14615.6 0.00484606
14627.6 0.0047816
14639.6 0.00471799
14651.7 0.00465516
14663.7 0.00459307
14675.7 0.00453167
14687.7 0.00447166
14699.7 0.0044139
14711.7 0.00435655
14723.7 0.00429935
14735.7 0.00424263
14747.7 0.00418785
14759.8 0.00413411
14771.8 0.00408121
14783.8 0.00402903
14795.8 0.00397253
14807.8 0.00391271
14819.8 0.00385387
14831.8 0.00379625
14843.8 0.00373875
14855.9 0.00368154
14867.9 0.00362481
14879.9 0.0035686
14891.9 0.00351299
14903.9 0.00346503
14915.9 0.00341915
14927.9 0.00337317
14939.9 0.00332678
14952 0.00328283
14964 0.00324004
14976 0.00319816
14988 0.00315709
15000 0.00311695
15012 0.00308605
15024 0.00305547
15036 0.00302544
15048 0.00299577
15060.1 0.00296607
15072.1 0.0029366
15084.1 0.00290737
15096.1 0.00287836
15108.1 0.00284902
15120.1 0.00281836
15132.1 0.00278782
15144.1 0.00275694
15156.2 0.00272735
15168.2 0.00269859
15180.2 0.00267035
15192.2 0.00264253
15204.2 0.00261505
15216.2 0.0025864
15228.2 0.00255664
15240.2 0.0025271
15252.3 0.00249765
15264.3 0.0024693
15276.3 0.00244151
15288.3 0.00241417
15300.3 0.00238722
15312.3 0.0023606
15324.3 0.00233477
15336.3 0.00230931
15348.3 0.00228388
15360.4 0.00225884
15372.4 0.00223468
15384.4 0.00221097
15396.4 0.00218762
15408.4 0.00216459
15420.4 0.00214186
15432.4 0.00212142
15444.4 0.0021011
15456.5 0.00208045
15468.5 0.00206098
15480.5 0.00204219
15492.5 0.00202386
15504.5 0.00200591
15516.5 0.00198833
15528.5 0.00197133
15540.5 0.00195556
15552.6 0.00194019
15564.6 0.00192525
15576.6 0.00190959
15588.6 0.00189379
15600.6 0.00187791
15612.6 0.00186195
15624.6 0.00184586
15636.6 0.0018263
15648.6 0.00180251
15660.7 0.00177837
15672.7 0.00175471
15684.7 0.00173229
15696.7 0.00171032
15708.7 0.00168867
15720.7 0.00166726
15732.7 0.001646
15744.7 0.00162054
15756.8 0.00159338
15768.8 0.00156667
15780.8 0.00153967
15792.8 0.00151258
15804.8 0.00148545
15816.8 0.00145827
15828.8 0.00143098
15840.8 0.00140347
15852.9 0.00137105
15864.9 0.00133768
15876.9 0.00130387
15888.9 0.00127233
15900.9 0.00124151
15912.9 0.00121114
15924.9 0.00118109
15936.9 0.00115127
15948.9 0.00112049
15961 0.00108289
15973 0.00104566
15985 0.00100852
15997 0.000971329
16009 0.000934175
16021 0.000897041
16033 0.000859902
16045 0.000822732
16057.1 0.000787928
16069.1 0.000756936
16081.1 0.000725439
16093.1 0.000694706
16105.1 0.000664222
16117.1 0.000633828
16129.1 0.00060347
16141.1 0.000573122
16153.2 0.000542774
16165.2 0.000513403
16177.2 0.000484748
16189.2 0.000456091
16201.2 0.00042665
16213.2 0.000396879
16225.2 0.000366852
16237.2 0.000336604
16249.2 0.000306177
16261.3 0.000275672
16273.3 0.000228807
16285.3 0.000178541
16297.3 0.000127713
16309.3 7.62422e-05
16321.3 2.43172e-05
16333.3 -2.80349e-05
16345.3 -8.07998e-05
16357.4 -0.000133954
16369.4 -0.000188005
16381.4 -0.000249812
16393.4 -0.000312092
16405.4 -0.000375365
16417.4 -0.000439392
16429.4 -0.000504125
16441.4 -0.000569562
16453.5 -0.000635718
16465.5 -0.000702624
16477.5 -0.000767485
16489.5 -0.000825858
16501.5 -0.000884815
16513.5 -0.000946528
16525.5 -0.00100969
16537.5 -0.00107416
16549.5 -0.0011399
16561.6 -0.00120697
16573.6 -0.00127552
16585.6 -0.0013379
16597.6 -0.00139417
16609.6 -0.00145156
16621.6 -0.00151017
16633.6 -0.00156998
16645.6 -0.00163103
16657.7 -0.0016934
16669.7 -0.00175728
16681.7 -0.00182328
16693.7 -0.00186576
16705.7 -0.00189926
16717.7 -0.00193617
16729.7 -0.00197469
16741.7 -0.00201452
16753.8 -0.00205562
16765.8 -0.00209803
16777.8 -0.00214198
16789.8 -0.00218818
16801.8 -0.00220668
16813.8 -0.00222372
16825.8 -0.0022401
16837.8 -0.00225608
16849.8 -0.00227162
16861.9 -0.00228659
16873.9 -0.00230075
16885.9 -0.00231365
16897.9 -0.00232826
16909.9 -0.00235472
16921.9 -0.00238401
16933.9 -0.00241437
16945.9 -0.00244467
16958 -0.00247444
16970 -0.00250327
16982 -0.00253074
16994 -0.00255608
17006 -0.00258823
17018 -0.00263219
17030 -0.00267584
17042 -0.00271842
17054.1 -0.00275951
17066.1 -0.00279878
17078.1 -0.00283588
17090.1 -0.00287038
17102.1 -0.0029015
17114.1 -0.00293716
17126.1 -0.00297592
17138.1 -0.00301508
17150.2 -0.00305256
17162.2 -0.00308788
17174.2 -0.00312072
17186.2 -0.00315087
17198.2 -0.00317808
17210.2 -0.00320198
17222.2 -0.00322551
17234.2 -0.00324673
17246.2 -0.00326506
17258.3 -0.0032803
17270.3 -0.00329238
17282.3 -0.00330123
17294.3 -0.00330684
17306.3 -0.0033092
17318.3 -0.00330812
17330.3 -0.00330204
17342.3 -0.0032932
17354.4 -0.00328118
17366.4 -0.00326596
17378.4 -0.00324756
17390.4 -0.00322598
17402.4 -0.0032012
17414.4 -0.00317309
17426.4 -0.00314299
17438.4 -0.00311358
17450.5 -0.00308246
17462.5 -0.00304907
17474.5 -0.00301332
17486.5 -0.00297511
17498.5 -0.00293433
17510.5 -0.00289062
17522.5 -0.00284285
17534.5 -0.00280487
17546.5 -0.00277797
17558.6 -0.00275186
17570.6 -0.00272589
17582.6 -0.00269981
17594.6 -0.00267349
17606.6 -0.00264671
17618.6 -0.00261904
17630.6 -0.00258842
17642.6 -0.00257807
17654.7 -0.0025776
17666.7 -0.00258133
17678.7 -0.00258907
17690.7 -0.00260126
17702.7 -0.00261883
17714.7 -0.00264359
17726.7 -0.00267971
17738.7 -0.00272895
17750.8 -0.00265533
17762.8 -0.00256114
17774.8 -0.00245671
17786.8 -0.00234466
17798.8 -0.00222596
17810.8 -0.00210069
17822.8 -0.001968
17834.8 -0.0018249
17846.8 -0.00168769
17858.9 -0.00161094
17870.9 -0.0015423
17882.9 -0.00147764
17894.9 -0.00141558
17906.9 -0.00135546
17918.9 -0.00129691
17930.9 -0.00123971
17942.9 -0.00118377
17955 -0.00112899
17967 -0.00107458
17979 -0.0010209
17991 -0.00096797
18003 -0.000915775
18015 -0.000864307
18027 -0.000813551
18039 -0.000763493
18051.1 -0.000714111
18063.1 -0.000665429
18075.1 -0.000617487
18087.1 -0.000570248
18099.1 -0.000523706
18111.1 -0.000477866
18123.1 -0.000432736
18135.1 -0.000388342
18147.1 -0.000344747
18159.2 -0.00030225
18171.2 -0.00025986
18183.2 -0.000217798
18195.2 -0.000176217
18207.2 -0.000135158
18219.2 -9.46431e-05
18231.2 -5.4684e-05
18243.2 -1.52927e-05
18255.3 2.35106e-05
18267.3 6.16918e-05
18279.3 9.94141e-05
18291.3 0.000136614
18303.3 0.000173272
18315.3 0.000209378
18327.3 0.000244917
18339.3 0.000279869
18351.4 0.000314191
18363.4 0.000347725
18375.4 0.000380592
18387.4 0.000413388
18399.4 0.00044582
18411.4 0.000477835
18423.4 0.000509406
18435.4 0.000540515
18447.4 0.000571138
18459.5 0.000601232
18471.5 0.000630591
18483.5 0.000659696
18495.5 0.000688528
18507.5 0.000717007
18519.5 0.000745108
18531.5 0.000772817
18543.5 0.000800124
18555.6 0.000827019
18567.6 0.000853478
18579.6 0.000879444
18591.6 0.000905106
18603.6 0.000930412
18615.6 0.000955343
18627.6 0.000979887
18639.6 0.00100404
18651.7 0.00102778
18663.7 0.00105108
18675.7 0.00107384
18687.7 0.00109609
18699.7 0.00111821
18711.7 0.00114004
18723.7 0.00116155
18735.7 0.00118273
18747.7 0.00120357
18759.8 0.00122404
18771.8 0.00124413
18783.8 0.0012637
18795.8 0.00128301
18807.8 0.00130205
18819.8 0.00132078
18831.8 0.00133917
18843.8 0.00135721
18855.9 0.00137487
18867.9 0.0013921
18879.9 0.00140879
18891.9 0.00142455
18903.9 0.0014405
18915.9 0.00145638
18927.9 0.00147209
18939.9 0.0014876
18952 0.00150289
18964 0.00151794
18976 0.00153275
18988 0.0015473
19000 0.00156158
