7000 -0.000521177
7012.01 -0.000538362
7024.02 -0.000556147
7036.04 -0.000574491
7048.05 -0.000593533
7060.06 -0.000613298
7072.07 -0.000633761
7084.08 -0.000654916
7096.1 -0.000676763
7108.11 -0.000699297
7120.12 -0.000722503
7132.13 -0.000746348
7144.14 -0.00077071
7156.16 -0.000795954
7168.17 -0.000821974
7180.18 -0.000848713
7192.19 -0.000876136
7204.2 -0.000904204
7216.22 -0.000932874
7228.23 -0.000962083
7240.24 -0.000991706
7252.25 -0.00102164
7264.26 -0.00105232
7276.28 -0.00108349
7288.29 -0.00111504
7300.3 -0.00114688
7312.31 -0.00117889
7324.32 -0.00121094
7336.34 -0.00124286
7348.35 -0.0012741
7360.36 -0.00130537
7372.37 -0.00133681
7384.38 -0.00136806
7396.4 -0.00139897
7408.41 -0.00142939
7420.42 -0.0014592
7432.43 -0.0014883
7444.44 -0.00151667
7456.46 -0.00154462
7468.47 -0.00157074
7480.48 -0.00159517
7492.49 -0.00161788
7504.5 -0.00163881
7516.52 -0.00165787
7528.53 -0.00167499
7540.54 -0.0016901
7552.55 -0.00170323
7564.56 -0.00171434
7576.58 -0.00172295
7588.59 -0.00172922
7600.6 -0.00173321
7612.61 -0.00173502
7624.62 -0.00173492
7636.64 -0.00172786
7648.65 -0.00170863
7660.66 -0.00168641
7672.67 -0.00166108
7684.68 -0.00163274
7696.7 -0.00160157
7708.71 -0.0015676
7720.72 -0.00153073
7732.73 -0.00149051
7744.74 -0.00146087
7756.76 -0.00143922
7768.77 -0.00141593
7780.78 -0.00139313
7792.79 -0.00137002
7804.8 -0.00134643
7816.82 -0.00132234
7828.83 -0.00129776
7840.84 -0.00127268
7852.85 -0.00124931
7864.86 -0.00122641
7876.88 -0.00120347
7888.89 -0.00117997
7900.9 -0.00115625
7912.91 -0.00113245
7924.92 -0.00110865
7936.94 -0.00108497
7948.95 -0.00106099
7960.96 -0.00103056
7972.97 -0.000999066
7984.98 -0.000968315
7997 -0.000938126
8009.01 -0.000908318
8021.02 -0.000878856
8033.03 -0.000849714
8045.05 -0.000820825
8057.06 -0.000793915
8069.07 -0.000771528
8081.08 -0.00074994
8093.09 -0.000729326
8105.11 -0.000709609
8117.12 -0.000690849
8129.13 -0.000673184
8141.14 -0.000656903
8153.15 -0.000642801
8165.17 -0.000611133
8177.18 -0.000563305
8189.19 -0.000513962
8201.2 -0.000462038
8213.21 -0.000408869
8225.23 -0.00035467
8237.24 -0.000299416
8249.25 -0.000242806
8261.26 -0.000183414
8273.27 -0.000164753
8285.29 -0.000159934
8297.3 -0.000156505
8309.31 -0.000154372
8321.32 -0.000153573
8333.33 -0.00015424
8345.35 -0.000156716
8357.36 -0.000161886
8369.37 -0.000167654
8381.38 -8.5408e-05
8393.39 3.16807e-06
8405.41 9.54729e-05
8417.42 0.000190518
8429.43 0.000288068
8441.44 0.000388231
8453.45 0.000491525
8465.47 0.000599531
8477.48 0.000676523
8489.49 0.000649564
8501.5 0.000616266
8513.51 0.000579529
8525.53 0.000540082
8537.54 0.000498256
8549.55 0.000454108
8561.56 0.00040738
8573.57 0.000356987
8585.59 0.000340942
8597.6 0.000363042
8609.61 0.000388536
8621.62 0.000415648
8633.63 0.000443775
8645.65 0.00047265
8657.66 0.000502121
8669.67 0.000532097
8681.68 0.000562523
8693.69 0.000593387
8705.71 0.000624604
8717.72 0.00065586
8729.73 0.000687311
8741.74 0.000718963
8753.75 0.000750811
8765.77 0.000782842
8777.78 0.000815038
8789.79 0.000847365
8801.8 0.000879688
8813.81 0.000912533
8825.83 0.000945882
8837.84 0.000979559
8849.85 0.00101354
8861.86 0.00104781
8873.87 0.00108238
8885.89 0.00111728
8897.9 0.00115256
8909.91 0.00118836
8921.92 0.0012235
8933.93 0.00125857
8945.95 0.00129367
8957.96 0.00132884
8969.97 0.0013641
8981.98 0.00139945
8993.99 0.00143485
9006.01 0.00147022
9018.02 0.00150584
9030.03 0.0015423
9042.04 0.00157914
9054.05 0.0016163
9066.07 0.00165378
9078.08 0.00169157
9090.09 0.00172969
9102.1 0.00176821
9114.11 0.0018074
9126.13 0.00184593
9138.14 0.00188426
9150.15 0.00192266
9162.16 0.00196118
9174.17 0.00199987
9186.19 0.00203876
9198.2 0.00207791
9210.21 0.00211739
9222.22 0.00215723
9234.23 0.00219616
9246.25 0.00223498
9258.26 0.00227382
9270.27 0.00231274
9282.28 0.00235178
9294.29 0.00239096
9306.31 0.00243032
9318.32 0.00246998
9330.33 0.00250957
9342.34 0.00254878
9354.35 0.00258803
9366.37 0.00262738
9378.38 0.00266689
9390.39 0.00270659
9402.4 0.00274655
9414.41 0.0027869
9426.43 0.0028281
9438.44 0.00286716
9450.45 0.0029056
9462.46 0.00294385
9474.47 0.002982
9486.49 0.00302013
9498.5 0.00305829
9510.51 0.00309652
9522.52 0.00313486
9534.53 0.00317331
9546.55 0.00321147
9558.56 0.00324969
9570.57 0.00328803
9582.58 0.00332655
9594.59 0.00336533
9606.61 0.00340444
9618.62 0.00344408
9630.63 0.00348474
9642.64 0.00352311
9654.65 0.00355827
9666.67 0.00359275
9678.68 0.00362684
9690.69 0.00366067
9702.7 0.00369431
9714.71 0.00372782
9726.73 0.00376125
9738.74 0.00379463
9750.75 0.00382799
9762.76 0.00386137
9774.77 0.00389479
9786.79 0.00392831
9798.8 0.00396195
9810.81 0.00399579
9822.82 0.00402993
9834.83 0.00406461
9846.85 0.00409893
9858.86 0.00412985
9870.87 0.00416015
9882.88 0.00419013
9894.89 0.00421988
9906.91 0.00424945
9918.92 0.00427888
9930.93 0.00430813
9942.94 0.00433709
9954.95 0.00436701
9966.97 0.00439792
9978.98 0.00442913
9990.99 0.00446058
10003 0.00449229
10015 0.00452429
10027 0.00455664
10039 0.00458951
10051.1 0.00462326
10063.1 0.00465285
10075.1 0.00468157
10087.1 0.00470986
10099.1 0.0047378
10111.1 0.0047654
10123.1 0.00479257
10135.1 0.00481916
10147.1 0.00484465
10159.2 0.00487122
10171.2 0.00490446
10183.2 0.004939
10195.2 0.00497432
10207.2 0.00501021
10219.2 0.00504653
10231.2 0.00508314
10243.2 0.00511988
10255.3 0.00515625
10267.3 0.00519524
10279.3 0.00523659
10291.3 0.00527871
10303.3 0.00532137
10315.3 0.00536436
10327.3 0.00540744
10339.3 0.00545023
10351.4 0.00549191
10363.4 0.00553096
10375.4 0.00558711
10387.4 0.00564809
10399.4 0.00571205
10411.4 0.00577849
10423.4 0.00584713
10435.4 0.00591782
10447.4 0.00599039
10459.5 0.00606457
10471.5 0.00614123
10483.5 0.00622261
10495.5 0.00630667
10507.5 0.00639317
10519.5 0.00648201
10531.5 0.0065731
10543.5 0.00666629
10555.6 0.00676126
10567.6 0.00685674
10579.6 0.00696152
10591.6 0.00707455
10603.6 0.00719229
10615.6 0.00731442
10627.6 0.00744087
10639.6 0.00757171
10651.7 0.00770707
10663.7 0.00784733
10675.7 0.00799279
10687.7 0.00813586
10699.7 0.00828164
10711.7 0.00843087
10723.7 0.00858386
10735.7 0.00874079
10747.7 0.00890187
10759.8 0.00906733
10771.8 0.00923761
10783.8 0.00941046
10795.8 0.00958305
10807.8 0.00975897
10819.8 0.00993862
10831.8 0.0101222
10843.8 0.01031
10855.9 0.0105022
10867.9 0.0106994
10879.9 0.0109036
10891.9 0.0110916
10903.9 0.0112747
10915.9 0.0114584
10927.9 0.0116436
10939.9 0.0118304
10952 0.0120191
10964 0.0122099
10976 0.0124029
10988 0.0125963
11000 0.0127808
11012 0.0129656
11024 0.0131513
11036 0.0133382
11048 0.0135266
11060.1 0.0137167
11072.1 0.0139092
11084.1 0.0141051
11096.1 0.0142976
11108.1 0.0144768
11120.1 0.014556
11132.1 0.0146202
11144.1 0.0146752
11156.2 0.0147223
11168.2 0.014762
11180.2 0.0147942
11192.2 0.0148178
11204.2 0.0148255
11216.2 0.0148486
11228.2 0.0149175
11240.2 0.0149876
11252.3 0.0150562
11264.3 0.0151219
11276.3 0.015184
11288.3 0.0152415
11300.3 0.0152907
11312.3 0.0153276
11324.3 0.0153866
11336.3 0.0154641
11348.3 0.0155416
11360.4 0.0156176
11372.4 0.0156918
11384.4 0.015764
11396.4 0.0158342
11408.4 0.015904
11420.4 0.0159754
11432.4 0.016008
11444.4 0.0160273
11456.5 0.0160397
11468.5 0.0160459
11480.5 0.0160461
11492.5 0.0160402
11504.5 0.0160283
11516.5 0.0160115
11528.5 0.0159889
11540.5 0.0160129
11552.6 0.0160391
11564.6 0.0160644
11576.6 0.016088
11588.6 0.0161097
11600.6 0.0161298
11612.6 0.0161531
11624.6 0.0161772
11636.6 0.0161989
11648.6 0.016223
11660.7 0.0162449
11672.7 0.0162645
11684.7 0.0162822
11696.7 0.0162981
11708.7 0.0163133
11720.7 0.0163325
11732.7 0.0163515
11744.7 0.0163543
11756.8 0.0163396
11768.8 0.0163199
11780.8 0.0162965
11792.8 0.0162697
11804.8 0.0162404
11816.8 0.0162105
11828.8 0.0161834
11840.8 0.0161493
11852.9 0.0161242
11864.9 0.0161011
11876.9 0.0160766
11888.9 0.0160508
11900.9 0.0160236
11912.9 0.0159957
11924.9 0.0159698
11936.9 0.0159434
11948.9 0.015915
11961 0.0158814
11973 0.0158459
11985 0.0158089
11997 0.0157708
12009 0.0157319
12021 0.0156931
12033 0.0156584
12045 0.0156206
12057.1 0.015583
12069.1 0.0155541
12081.1 0.0155262
12093.1 0.015499
12105.1 0.015473
12117.1 0.0154486
12129.1 0.0154274
12141.1 0.0154108
12153.2 0.015401
12165.2 0.015358
12177.2 0.0152643
12189.2 0.0151621
12201.2 0.0150543
12213.2 0.0149421
12225.2 0.0148264
12237.2 0.0147104
12249.2 0.0145878
12261.3 0.0144531
12273.3 0.0143649
12285.3 0.0143022
12297.3 0.0142442
12309.3 0.0141894
12321.3 0.0141375
12333.3 0.0140894
12345.3 0.0140479
12357.4 0.0140078
12369.4 0.0139723
12381.4 0.0138987
12393.4 0.0138191
12405.4 0.0137369
12417.4 0.0136533
12429.4 0.0135691
12441.4 0.0134867
12453.5 0.0134043
12465.5 0.013319
12477.5 0.0132326
12489.5 0.0131497
12501.5 0.0130667
12513.5 0.0129836
12525.5 0.0129009
12537.5 0.0128189
12549.5 0.0127405
12561.6 0.0126611
12573.6 0.0125817
12585.6 0.0124946
12597.6 0.012394
12609.6 0.0122906
12621.6 0.0121854
12633.6 0.0120787
12645.6 0.0119711
12657.7 0.0118634
12669.7 0.0117529
12681.7 0.0116399
12693.7 0.011531
12705.7 0.0114248
12717.7 0.0113183
12729.7 0.0112117
12741.7 0.0111052
12753.8 0.0110018
12765.8 0.0108967
12777.8 0.0107872
12789.8 0.0106733
12801.8 0.0105722
12813.8 0.0104719
12825.8 0.0103711
12837.8 0.0102693
12849.8 0.0101663
12861.9 0.0100612
12873.9 0.00995558
12885.9 0.00984881
12897.9 0.00974222
12909.9 0.00964551
12921.9 0.00954948
12933.9 0.00945345
12945.9 0.00935712
12958 0.0092603
12970 0.0091628
12982 0.00906427
12994 0.0089641
13006 0.00886871
13018 0.00878398
13030 0.00870001
13042 0.00861595
13054.1 0.008531
13066.1 0.00844155
13078.1 0.00835518
13090.1 0.00827313
13102.1 0.0081953
13114.1 0.00809754
13126.1 0.00798507
13138.1 0.00787055
13150.2 0.00775465
13162.2 0.00763757
13174.2 0.00751937
13186.2 0.00739978
13198.2 0.00727849
13210.2 0.00715388
13222.2 0.00705095
13234.2 0.00695102
13246.2 0.00685124
13258.3 0.00675071
13270.3 0.00664742
13282.3 0.0065425
13294.3 0.00644297
13306.3 0.00634541
13318.3 0.00624957
13330.3 0.00615788
13342.3 0.0060674
13354.4 0.00597784
13366.4 0.00588902
13378.4 0.00580072
13390.4 0.00571317
13402.4 0.00562625
13414.4 0.00553987
13426.4 0.00545325
13438.4 0.00536566
13450.5 0.00527806
13462.5 0.00519026
13474.5 0.00510172
13486.5 0.00501162
13498.5 0.00492465
13510.5 0.00483893
13522.5 0.00475372
13534.5 0.00467681
13546.5 0.00460581
13558.6 0.004536
13570.6 0.00446705
13582.6 0.00439854
13594.6 0.00433102
13606.6 0.00426535
13618.6 0.00420116
13630.6 0.0041393
13642.6 0.00404936
13654.7 0.00395451
13666.7 0.00385894
13678.7 0.00376277
13690.7 0.00366546
13702.7 0.00356945
13714.7 0.00347412
13726.7 0.00337908
13738.7 0.0032851
13750.8 0.00319804
13762.8 0.00311145
13774.8 0.00302497
13786.8 0.00293806
13798.8 0.00285059
13810.8 0.00276623
13822.8 0.00268316
13834.8 0.00260096
13846.8 0.00252174
13858.9 0.00244737
13870.9 0.0023738
13882.9 0.00230085
13894.9 0.00222828
13906.9 0.00215651
13918.9 0.00208569
13930.9 0.00201554
13942.9 0.001946
13955 0.00187406
13967 0.00180049
13979 0.00172707
13991 0.00165355
14003 0.00157921
14015 0.00150776
14027 0.00143777
14039 0.00136882
14051.1 0.0013008
14063.1 0.00122979
14075.1 0.00115883
14087.1 0.00108857
14099.1 0.00101912
14111.1 0.000950308
14123.1 0.000881152
14135.1 0.000812194
14147.1 0.000743489
14159.2 0.000675414
14171.2 0.000611177
14183.2 0.000547177
14195.2 0.000483254
14207.2 0.000418781
14219.2 0.000355958
14231.2 0.000294499
14243.2 0.000233808
14255.3 0.00017374
14267.3 0.000115121
14279.3 5.87996e-05
14291.3 2.93426e-06
14303.3 -5.2534e-05
14315.3 -0.000107672
14327.3 -0.000162194
14339.3 -0.000216277
14351.4 -0.000269981
14363.4 -0.000323347
14375.4 -0.000374734
14387.4 -0.000424686
14399.4 -0.000474507
14411.4 -0.000524444
14423.4 -0.000573971
14435.4 -0.000621878
14447.4 -0.000669139
14459.5 -0.000715921
14471.5 -0.000762327
14483.5 -0.000812496
14495.5 -0.000863246
14507.5 -0.000913787
14519.5 -0.000964516
14531.5 -0.00101382
14543.5 -0.00106223
14555.6 -0.00111009
14567.6 -0.00115748
14579.6 -0.0012048
14591.6 -0.00125625
14603.6 -0.00130724
14615.6 -0.00135784
14627.6 -0.00140808
14639.6 -0.0014579
14651.7 -0.00150736
14663.7 -0.00155648
14675.7 -0.00160528
14687.7 -0.00165321
14699.7 -0.00169959
14711.7 -0.0017458
14723.7 -0.00179199
14735.7 -0.00183761
14747.7 -0.00188211
14759.8 -0.00192609
14771.8 -0.00196962
14783.8 -0.00201269
14795.8 -0.00205221
14807.8 -0.0020888
14819.8 -0.00212513
14831.8 -0.00216104
14843.8 -0.00219728
14855.9 -0.00223353
14867.9 -0.00226969
14879.9 -0.00230572
14891.9 -0.00234158
14903.9 -0.00237383
14915.9 -0.00240519
14927.9 -0.00243673
14939.9 -0.00246831
14952 -0.00249839
14964 -0.00252803
14976 -0.00255736
14988 -0.00258643
15000 -0.00261526
15012 -0.00264248
15024 -0.00266957
15036 -0.00269647
15048 -0.0027234
15060.1 -0.00275049
15072.1 -0.00277756
15084.1 -0.00280462
15096.1 -0.00283167
15108.1 -0.00285916
15120.1 -0.00288784
15132.1 -0.00291655
15144.1 -0.00294545
15156.2 -0.00297343
15168.2 -0.0030011
15180.2 -0.00302863
15192.2 -0.00305607
15204.2 -0.00308349
15216.2 -0.00311351
15228.2 -0.00314597
15240.2 -0.00317831
15252.3 -0.00321048
15264.3 -0.00324199
15276.3 -0.00327326
15288.3 -0.00330436
15300.3 -0.00333529
15312.3 -0.00336608
15324.3 -0.00339498
15336.3 -0.00342324
15348.3 -0.00345158
15360.4 -0.00347955
15372.4 -0.00350714
15384.4 -0.00353461
15396.4 -0.003562
15408.4 -0.00358936
15420.4 -0.00361678
15432.4 -0.0036492
15444.4 -0.00368168
15456.5 -0.00371412
15468.5 -0.00374558
15480.5 -0.00377667
15492.5 -0.00380747
15504.5 -0.00383802
15516.5 -0.00386825
15528.5 -0.00389559
15540.5 -0.00391313
15552.6 -0.0039308
15564.6 -0.00394867
15576.6 -0.00396715
15588.6 -0.00398576
15600.6 -0.00400447
15612.6 -0.00402323
15624.6 -0.00404203
15636.6 -0.00405909
15648.6 -0.00407407
15660.7 -0.00408938
15672.7 -0.00410402
15684.7 -0.0041182
15696.7 -0.0041323
15708.7 -0.00414636
15720.7 -0.00416041
15732.7 -0.00417448
15744.7 -0.00419153
15756.8 -0.00420986
15768.8 -0.00422807
15780.8 -0.00424659
15792.8 -0.00426517
15804.8 -0.00428378
15816.8 -0.00430244
15828.8 -0.00432119
15840.8 -0.00434022
15852.9 -0.00437559
15864.9 -0.00441246
15876.9 -0.00444859
15888.9 -0.00448313
15900.9 -0.00451719
15912.9 -0.00455089
15924.9 -0.00458428
15936.9 -0.00461739
15948.9 -0.00465014
15961 -0.00468214
15973 -0.00471388
15985 -0.00474555
15997 -0.00477708
16009 -0.00480842
16021 -0.00483956
16033 -0.00487052
16045 -0.00490128
16057.1 -0.00493068
16069.1 -0.00495801
16081.1 -0.00498516
16093.1 -0.00501149
16105.1 -0.0050375
16117.1 -0.00506324
16129.1 -0.00508871
16141.1 -0.00511393
16153.2 -0.00513887
16165.2 -0.0051677
16177.2 -0.00519893
16189.2 -0.00523009
16201.2 -0.00526135
16213.2 -0.00529243
16225.2 -0.00532329
16237.2 -0.00535395
16249.2 -0.00538441
16261.3 -0.00541476
16273.3 -0.00543012
16285.3 -0.00544214
16297.3 -0.00545417
16309.3 -0.00546597
16321.3 -0.00547747
16333.3 -0.00548864
16345.3 -0.00549942
16357.4 -0.00550977
16369.4 -0.00552056
16381.4 -0.0055441
16393.4 -0.0055675
16405.4 -0.00559087
16417.4 -0.00561396
16429.4 -0.00563672
16441.4 -0.00565913
16453.5 -0.00568116
16465.5 -0.00570279
16477.5 -0.00572423
16489.5 -0.00574581
16501.5 -0.00576778
16513.5 -0.0057903
16525.5 -0.00581258
16537.5 -0.00583455
16549.5 -0.00585619
16561.6 -0.00587746
16573.6 -0.00589837
16585.6 -0.00591876
16597.6 -0.00593861
16609.6 -0.00595829
16621.6 -0.00597759
16633.6 -0.00599645
16645.6 -0.00601484
16657.7 -0.00603272
16669.7 -0.00605003
16681.7 -0.00606655
16693.7 -0.00608855
16705.7 -0.00611287
16717.7 -0.00613902
16729.7 -0.00616517
16741.7 -0.00619121
16753.8 -0.00621711
16765.8 -0.00624289
16777.8 -0.00626859
16789.8 -0.00629438
16801.8 -0.00631389
16813.8 -0.00633263
16825.8 -0.00635089
16837.8 -0.00636883
16849.8 -0.00638652
16861.9 -0.00640404
16873.9 -0.00642149
16885.9 -0.00643914
16897.9 -0.0064539
16909.9 -0.00645523
16921.9 -0.00645797
16933.9 -0.0064601
16945.9 -0.0064616
16958 -0.00646253
16970 -0.00646289
16982 -0.00646269
16994 -0.00646193
17006 -0.00646099
17018 -0.00646011
17030 -0.00645887
17042 -0.00645719
17054.1 -0.00645508
17066.1 -0.00645256
17078.1 -0.00644964
17090.1 -0.00644637
17102.1 -0.00644282
17114.1 -0.0064373
17126.1 -0.00643214
17138.1 -0.00642734
17150.2 -0.00642212
17162.2 -0.00641652
17174.2 -0.00641057
17186.2 -0.00640432
17198.2 -0.00639789
17210.2 -0.00639175
17222.2 -0.00637927
17234.2 -0.00636556
17246.2 -0.00635103
17258.3 -0.00633579
17270.3 -0.00631987
17282.3 -0.00630328
17294.3 -0.00628603
17306.3 -0.00626806
17318.3 -0.00624955
17330.3 -0.00623256
17342.3 -0.00621562
17354.4 -0.0061982
17366.4 -0.00618025
17378.4 -0.00616172
17390.4 -0.00614255
17402.4 -0.00612265
17414.4 -0.00610174
17426.4 -0.00608224
17438.4 -0.00606864
17450.5 -0.00605561
17462.5 -0.00604267
17474.5 -0.00602974
17486.5 -0.00601683
17498.5 -0.00600398
17510.5 -0.00599131
17522.5 -0.00597924
17534.5 -0.00596309
17546.5 -0.00594277
17558.6 -0.00592152
17570.6 -0.0058996
17582.6 -0.00587713
17594.6 -0.00585422
17606.6 -0.00583101
17618.6 -0.0058078
17630.6 -0.00578579
17642.6 -0.00575224
17654.7 -0.00571403
17666.7 -0.00567323
17678.7 -0.00562997
17690.7 -0.00558404
17702.7 -0.00553493
17714.7 -0.00548167
17726.7 -0.00542196
17738.7 -0.00535486
17750.8 -0.00535667
17762.8 -0.00536983
17774.8 -0.0053889
17786.8 -0.00541246
17798.8 -0.00544005
17810.8 -0.0054717
17822.8 -0.005508
17834.8 -0.0055509
17846.8 -0.00559016
17858.9 -0.00559194
17870.9 -0.00558877
17882.9 -0.00558326
17894.9 -0.0055763
17906.9 -0.00556835
17918.9 -0.00555965
17930.9 -0.00555037
17942.9 -0.00554061
17955 -0.00552978
17967 -0.00551807
17979 -0.00550613
17991 -0.00549399
18003 -0.00548169
18015 -0.00546924
18027 -0.00545666
18039 -0.00544398
18051.1 -0.0054312
18063.1 -0.00541846
18075.1 -0.00540566
18087.1 -0.00539278
18099.1 -0.00537983
18111.1 -0.00536682
18123.1 -0.00535373
18135.1 -0.00534058
18147.1 -0.00532734
18159.2 -0.00531359
18171.2 -0.00529857
18183.2 -0.00528362
18195.2 -0.0052687
18207.2 -0.0052538
18219.2 -0.0052389
18231.2 -0.00522402
18243.2 -0.00520913
18255.3 -0.00519425
18267.3 -0.0051792
18279.3 -0.00516407
18291.3 -0.00514896
18303.3 -0.00513386
18315.3 -0.00511877
18327.3 -0.00510367
18339.3 -0.00508856
18351.4 -0.00507342
18363.4 -0.00505819
18375.4 -0.00504179
18387.4 -0.00502543
18399.4 -0.00500914
18411.4 -0.00499291
18423.4 -0.00497672
18435.4 -0.00496056
18447.4 -0.00494442
18459.5 -0.00492828
18471.5 -0.00491186
18483.5 -0.00489498
18495.5 -0.0048782
18507.5 -0.00486149
18519.5 -0.00484484
18531.5 -0.00482824
18543.5 -0.00481167
18555.6 -0.00479514
18567.6 -0.00477862
18579.6 -0.00476197
18591.6 -0.00474529
18603.6 -0.00472866
18615.6 -0.00471206
18627.6 -0.0046955
18639.6 -0.00467896
18651.7 -0.00466243
18663.7 -0.0046459
18675.7 -0.00462931
18687.7 -0.00461218
18699.7 -0.00459515
18711.7 -0.00457818
18723.7 -0.00456126
18735.7 -0.00454437
18747.7 -0.00452751
18759.8 -0.00451066
18771.8 -0.00449382
18783.8 -0.00447683
18795.8 -0.00445969
18807.8 -0.0044426
18819.8 -0.00442554
18831.8 -0.0044085
18843.8 -0.00439146
18855.9 -0.00437441
18867.9 -0.00435733
18879.9 -0.00434014
18891.9 -0.00432206
18903.9 -0.0043039
18915.9 -0.00428589
18927.9 -0.00426797
18939.9 -0.00425013
18952 -0.00423236
18964 -0.00421464
18976 -0.00419697
18988 -0.00417934
19000 -0.0041617
