7000 -0.000414755
7012.01 -0.00041524
7024.02 -0.000415461
7036.04 -0.000415409
7048.05 -0.000415067
7060.06 -0.000414481
7072.07 -0.000413651
7084.08 -0.000412584
7096.1 -0.000411284
7108.11 -0.000409759
7120.12 -0.000408014
7132.13 -0.000406055
7144.14 -0.000403871
7156.16 -0.000401489
7168.17 -0.00039893
7180.18 -0.000396201
7192.19 -0.00039331
7204.2 -0.000390267
7216.22 -0.000387079
7228.23 -0.000383754
7240.24 -0.000380297
7252.25 -0.000376691
7264.26 -0.000372992
7276.28 -0.000369204
7288.29 -0.000365334
7300.3 -0.00036139
7312.31 -0.00035738
7324.32 -0.000353311
7336.34 -0.000349191
7348.35 -0.000345039
7360.36 -0.000340855
7372.37 -0.000336626
7384.38 -0.00033236
7396.4 -0.000328063
7408.41 -0.000323739
7420.42 -0.00031939
7432.43 -0.000315012
7444.44 -0.000310596
7456.46 -0.000306081
7468.47 -0.000301525
7480.48 -0.000297832
7492.49 -0.000295164
7504.5 -0.000292648
7516.52 -0.000290254
7528.53 -0.00028798
7540.54 -0.000285833
7552.55 -0.000283835
7564.56 -0.000282042
7576.58 -0.000280486
7588.59 -0.00027679
7600.6 -0.000272198
7612.61 -0.000267545
7624.62 -0.000262884
7636.64 -0.000258246
7648.65 -0.000253664
7660.66 -0.000249248
7672.67 -0.000244893
7684.68 -0.000240594
7696.7 -0.000233892
7708.71 -0.000226928
7720.72 -0.000219821
7732.73 -0.000212593
7744.74 -0.00020524
7756.76 -0.000197733
7768.77 -0.000189952
7780.78 -0.00018215
7792.79 -0.000175123
7804.8 -0.000171527
7816.82 -0.000168233
7828.83 -0.000165123
7840.84 -0.000162161
7852.85 -0.000159331
7864.86 -0.000156641
7876.88 -0.000154096
7888.89 -0.000151662
7900.9 -0.000148541
7912.91 -0.000144413
7924.92 -0.000140252
7936.94 -0.000136089
7948.95 -0.000131939
7960.96 -0.00012781
7972.97 -0.000123726
7984.98 -0.000119626
7997 -0.000115494
8009.01 -0.000111793
8021.02 -0.00010833
8033.03 -0.000104912
8045.05 -0.000101531
8057.06 -9.81876e-05
8069.07 -9.48837e-05
8081.08 -9.16299e-05
8093.09 -8.83734e-05
8105.11 -8.51402e-05
8117.12 -8.17013e-05
8129.13 -7.825e-05
8141.14 -7.47985e-05
8153.15 -7.1346e-05
8165.17 -6.78883e-05
8177.18 -6.44182e-05
8189.19 -6.09183e-05
8201.2 -5.7347e-05
8213.21 -5.42243e-05
8225.23 -5.38144e-05
8237.24 -5.36119e-05
8249.25 -5.35329e-05
8261.26 -5.35516e-05
8273.27 -5.36558e-05
8285.29 -5.38412e-05
8297.3 -5.40947e-05
8309.31 -5.44196e-05
8321.32 -5.46598e-05
8333.33 -5.47218e-05
8345.35 -5.48227e-05
8357.36 -5.49686e-05
8369.37 -5.51624e-05
8381.38 -5.5408e-05
8393.39 -5.57117e-05
8405.41 -5.60672e-05
8417.42 -5.65061e-05
8429.43 -5.6056e-05
8441.44 -5.50766e-05
8453.45 -5.40769e-05
8465.47 -5.30726e-05
8477.48 -5.20691e-05
8489.49 -5.10697e-05
8501.5 -5.00661e-05
8513.51 -4.90401e-05
8525.53 -4.79427e-05
8537.54 -4.86683e-05
8549.55 -4.969e-05
8561.56 -5.07923e-05
8573.57 -5.19611e-05
8585.59 -5.3193e-05
8597.6 -5.44945e-05
8609.61 -5.58524e-05
8621.62 -5.72875e-05
8633.63 -5.84764e-05
8645.65 -5.74925e-05
8657.66 -5.64269e-05
8669.67 -5.53322e-05
8681.68 -5.42239e-05
8693.69 -5.31105e-05
8705.71 -5.19969e-05
8717.72 -5.08779e-05
8729.73 -4.97566e-05
8741.74 -4.87205e-05
8753.75 -4.78387e-05
8765.77 -4.69707e-05
8777.78 -4.6114e-05
8789.79 -4.52682e-05
8801.8 -4.44326e-05
8813.81 -4.36082e-05
8825.83 -4.27961e-05
8837.84 -4.19955e-05
8849.85 -4.12061e-05
8861.86 -4.0428e-05
8873.87 -3.96608e-05
8885.89 -3.89044e-05
8897.9 -3.8158e-05
8909.91 -3.74193e-05
8921.92 -3.66967e-05
8933.93 -3.59878e-05
8945.95 -3.52914e-05
8957.96 -3.46069e-05
8969.97 -3.3934e-05
8981.98 -3.32723e-05
8993.99 -3.26212e-05
9006.01 -3.19797e-05
9018.02 -3.13477e-05
9030.03 -3.0732e-05
9042.04 -3.01291e-05
9054.05 -2.95382e-05
9066.07 -2.89588e-05
9078.08 -2.83906e-05
9090.09 -2.78332e-05
9102.1 -2.72864e-05
9114.11 -2.67495e-05
9126.13 -2.62233e-05
9138.14 -2.57074e-05
9150.15 -2.52014e-05
9162.16 -2.47048e-05
9174.17 -2.42173e-05
9186.19 -2.37383e-05
9198.2 -2.32671e-05
9210.21 -2.2802e-05
9222.22 -2.23391e-05
9234.23 -2.18962e-05
9246.25 -2.14663e-05
9258.26 -2.10471e-05
9270.27 -2.06374e-05
9282.28 -2.02361e-05
9294.29 -1.98424e-05
9306.31 -1.94546e-05
9318.32 -1.90689e-05
9330.33 -1.86879e-05
9342.34 -1.83329e-05
9354.35 -1.79913e-05
9366.37 -1.76603e-05
9378.38 -1.73385e-05
9390.39 -1.70246e-05
9402.4 -1.6717e-05
9414.41 -1.64131e-05
9426.43 -1.61019e-05
9438.44 -1.58169e-05
9450.45 -1.55542e-05
9462.46 -1.53052e-05
9474.47 -1.50673e-05
9486.49 -1.4839e-05
9498.5 -1.46187e-05
9510.51 -1.44049e-05
9522.52 -1.41944e-05
9534.53 -1.39816e-05
9546.55 -1.37982e-05
9558.56 -1.36303e-05
9570.57 -1.3474e-05
9582.58 -1.33275e-05
9594.59 -1.31897e-05
9606.61 -1.30594e-05
9618.62 -1.29353e-05
9630.63 -1.28142e-05
9642.64 -1.26993e-05
9654.65 -1.26046e-05
9666.67 -1.25206e-05
9678.68 -1.24457e-05
9690.69 -1.23788e-05
9702.7 -1.23191e-05
9714.71 -1.22659e-05
9726.73 -1.22179e-05
9738.74 -1.2171e-05
9750.75 -1.21377e-05
9762.76 -1.21154e-05
9774.77 -1.21012e-05
9786.79 -1.20944e-05
9798.8 -1.20942e-05
9810.81 -1.21001e-05
9822.82 -1.21115e-05
9834.83 -1.21275e-05
9846.85 -1.21465e-05
9858.86 -1.2177e-05
9870.87 -1.22152e-05
9882.88 -1.226e-05
9894.89 -1.23108e-05
9906.91 -1.23673e-05
9918.92 -1.24289e-05
9930.93 -1.24949e-05
9942.94 -1.25631e-05
9954.95 -1.26364e-05
9966.97 -1.27251e-05
9978.98 -1.28231e-05
9990.99 -1.29296e-05
10003 -1.30445e-05
10015 -1.31681e-05
10027 -1.33013e-05
10039 -1.34463e-05
10051.1 -1.36144e-05
10063.1 -1.37714e-05
10075.1 -1.39227e-05
10087.1 -1.40749e-05
10099.1 -1.42299e-05
10111.1 -1.43892e-05
10123.1 -1.45539e-05
10135.1 -1.47252e-05
10147.1 -1.49057e-05
10159.2 -1.51006e-05
10171.2 -1.52872e-05
10183.2 -1.54745e-05
10195.2 -1.56654e-05
10207.2 -1.58614e-05
10219.2 -1.60641e-05
10231.2 -1.62752e-05
10243.2 -1.64976e-05
10255.3 -1.67404e-05
10267.3 -1.69981e-05
10279.3 -1.72332e-05
10291.3 -1.74657e-05
10303.3 -1.76998e-05
10315.3 -1.79382e-05
10327.3 -1.81832e-05
10339.3 -1.84378e-05
10351.4 -1.87079e-05
10363.4 -1.90201e-05
10375.4 -1.93101e-05
10387.4 -1.95809e-05
10399.4 -1.98452e-05
10411.4 -2.01071e-05
10423.4 -2.03691e-05
10435.4 -2.06329e-05
10447.4 -2.09004e-05
10459.5 -2.11747e-05
10471.5 -2.14628e-05
10483.5 -2.17423e-05
10495.5 -2.20203e-05
10507.5 -2.22994e-05
10519.5 -2.2581e-05
10531.5 -2.28658e-05
10543.5 -2.31548e-05
10555.6 -2.34489e-05
10567.6 -2.37496e-05
10579.6 -2.40572e-05
10591.6 -2.43671e-05
10603.6 -2.46818e-05
10615.6 -2.50022e-05
10627.6 -2.5329e-05
10639.6 -2.56625e-05
10651.7 -2.60036e-05
10663.7 -2.63526e-05
10675.7 -2.67105e-05
10687.7 -2.70773e-05
10699.7 -2.74534e-05
10711.7 -2.78397e-05
10723.7 -2.82368e-05
10735.7 -2.86454e-05
10747.7 -2.90662e-05
10759.8 -2.94995e-05
10771.8 -2.99443e-05
10783.8 -3.0395e-05
10795.8 -3.08782e-05
10807.8 -3.13908e-05
10819.8 -3.19347e-05
10831.8 -3.25145e-05
10843.8 -3.31371e-05
10855.9 -3.38134e-05
10867.9 -3.45607e-05
10879.9 -3.54025e-05
10891.9 -3.65079e-05
10903.9 -3.54092e-05
10915.9 -3.28715e-05
10927.9 -3.00847e-05
10939.9 -2.7117e-05
10952 -2.399e-05
10964 -2.07046e-05
10976 -1.72436e-05
10988 -1.35518e-05
11000 -9.38194e-06
11012 -8.29469e-06
11024 -7.61871e-06
11036 -7.08682e-06
11048 -6.64604e-06
11060.1 -6.27416e-06
11072.1 -5.96116e-06
11084.1 -5.70189e-06
11096.1 -5.5179e-06
11108.1 -5.3099e-06
11120.1 -3.78926e-06
11132.1 -2.13621e-06
11144.1 -4.14605e-07
11156.2 1.35901e-06
11168.2 3.17914e-06
11180.2 5.04617e-06
11192.2 6.96949e-06
11204.2 8.94567e-06
11216.2 1.07703e-05
11228.2 1.22601e-05
11240.2 1.37325e-05
11252.3 1.52061e-05
11264.3 1.66904e-05
11276.3 1.81936e-05
11288.3 1.97275e-05
11300.3 2.13142e-05
11312.3 2.29356e-05
11324.3 2.3928e-05
11336.3 2.44213e-05
11348.3 2.48269e-05
11360.4 2.51651e-05
11372.4 2.54389e-05
11384.4 2.56419e-05
11396.4 2.57558e-05
11408.4 2.5737e-05
11420.4 2.53965e-05
11432.4 2.76346e-05
11444.4 3.04962e-05
11456.5 3.35412e-05
11468.5 3.67224e-05
11480.5 4.00226e-05
11492.5 4.34381e-05
11504.5 4.69756e-05
11516.5 5.06702e-05
11528.5 5.44181e-05
11540.5 5.69393e-05
11552.6 5.93899e-05
11564.6 6.18475e-05
11576.6 6.43417e-05
11588.6 6.68959e-05
11600.6 6.95381e-05
11612.6 7.23118e-05
11624.6 7.53208e-05
11636.6 7.74358e-05
11648.6 7.68702e-05
11660.7 7.59949e-05
11672.7 7.4934e-05
11684.7 7.37282e-05
11696.7 7.23924e-05
11708.7 7.09254e-05
11720.7 6.93071e-05
11732.7 6.74438e-05
11744.7 6.68091e-05
11756.8 6.74291e-05
11768.8 6.82116e-05
11780.8 6.91026e-05
11792.8 7.00898e-05
11804.8 7.1179e-05
11816.8 7.24038e-05
11828.8 7.38776e-05
11840.8 7.57293e-05
11852.9 7.48351e-05
11864.9 7.29653e-05
11876.9 7.08475e-05
11888.9 6.8545e-05
11900.9 6.60797e-05
11912.9 6.34529e-05
11924.9 6.06126e-05
11936.9 5.75941e-05
11948.9 5.44422e-05
11961 5.27001e-05
11973 5.10698e-05
11985 4.94518e-05
11997 4.78136e-05
12009 4.61324e-05
12021 4.43853e-05
12033 4.25428e-05
12045 4.05026e-05
12057.1 3.89576e-05
12069.1 3.95772e-05
12081.1 4.04463e-05
12093.1 4.14535e-05
12105.1 4.25601e-05
12117.1 4.37474e-05
12129.1 4.5019e-05
12141.1 4.63846e-05
12153.2 4.77625e-05
12165.2 4.93916e-05
12177.2 5.13452e-05
12189.2 5.33979e-05
12201.2 5.55385e-05
12213.2 5.77659e-05
12225.2 6.00826e-05
12237.2 6.24703e-05
12249.2 6.49855e-05
12261.3 6.77632e-05
12273.3 6.92143e-05
12285.3 7.00412e-05
12297.3 7.07848e-05
12309.3 7.1493e-05
12321.3 7.21917e-05
12333.3 7.29084e-05
12345.3 7.37162e-05
12357.4 7.45076e-05
12369.4 7.531e-05
12381.4 7.59009e-05
12393.4 7.64675e-05
12405.4 7.70327e-05
12417.4 7.76081e-05
12429.4 7.82054e-05
12441.4 7.88399e-05
12453.5 7.95348e-05
12465.5 8.03411e-05
12477.5 8.09538e-05
12489.5 8.01338e-05
12501.5 7.91328e-05
12513.5 7.80368e-05
12525.5 7.68821e-05
12537.5 7.57026e-05
12549.5 7.45842e-05
12561.6 7.33841e-05
12573.6 7.21564e-05
12585.6 7.04599e-05
12597.6 6.80293e-05
12609.6 6.54141e-05
12621.6 6.26423e-05
12633.6 5.97125e-05
12645.6 5.65801e-05
12657.7 5.32333e-05
12669.7 4.9976e-05
12681.7 4.66817e-05
12693.7 4.36357e-05
12705.7 4.07274e-05
12717.7 3.78281e-05
12729.7 3.49345e-05
12741.7 3.20598e-05
12753.8 2.92956e-05
12765.8 2.6383e-05
12777.8 2.33362e-05
12789.8 2.02311e-05
12801.8 1.66236e-05
12813.8 1.28579e-05
12825.8 8.96551e-06
12837.8 4.9502e-06
12849.8 8.11036e-07
12861.9 -3.46129e-06
12873.9 -7.97216e-06
12885.9 -1.2768e-05
12897.9 -1.73488e-05
12909.9 -1.91639e-05
12921.9 -2.0725e-05
12933.9 -2.21892e-05
12945.9 -2.36168e-05
12958 -2.5062e-05
12970 -2.64909e-05
12982 -2.79103e-05
12994 -2.94865e-05
13006 -2.95996e-05
13018 -2.70735e-05
13030 -2.4191e-05
13042 -2.10673e-05
13054.1 -1.77459e-05
13066.1 -1.42534e-05
13078.1 -1.05242e-05
13090.1 -6.5487e-06
13102.1 -2.18706e-06
13114.1 -6.33041e-07
13126.1 -8.84297e-07
13138.1 -1.3269e-06
13150.2 -1.87386e-06
13162.2 -2.48557e-06
13174.2 -3.14265e-06
13186.2 -3.88688e-06
13198.2 -4.69636e-06
13210.2 -5.60426e-06
13222.2 -5.77757e-06
13234.2 -5.85629e-06
13246.2 -5.91127e-06
13258.3 -5.94994e-06
13270.3 -5.97344e-06
13282.3 -5.98012e-06
13294.3 -5.96445e-06
13306.3 -5.91112e-06
13318.3 -5.96939e-06
13330.3 -6.98866e-06
13342.3 -8.08742e-06
13354.4 -9.22861e-06
13366.4 -1.04019e-05
13378.4 -1.1609e-05
13390.4 -1.27922e-05
13402.4 -1.39607e-05
13414.4 -1.51007e-05
13426.4 -1.66433e-05
13438.4 -1.89265e-05
13450.5 -2.12753e-05
13462.5 -2.36656e-05
13474.5 -2.60857e-05
13486.5 -2.85371e-05
13498.5 -3.10462e-05
13510.5 -3.35959e-05
13522.5 -3.61923e-05
13534.5 -3.84788e-05
13546.5 -4.05684e-05
13558.6 -4.26602e-05
13570.6 -4.47625e-05
13582.6 -4.68861e-05
13594.6 -4.89844e-05
13606.6 -5.10672e-05
13618.6 -5.31543e-05
13630.6 -5.52576e-05
13642.6 -5.70831e-05
13654.7 -5.88666e-05
13666.7 -6.06501e-05
13678.7 -6.24388e-05
13690.7 -6.42376e-05
13702.7 -6.60538e-05
13714.7 -6.78969e-05
13726.7 -6.97893e-05
13738.7 -7.13581e-05
13750.8 -7.02193e-05
13762.8 -6.89511e-05
13774.8 -6.76175e-05
13786.8 -6.62371e-05
13798.8 -6.48345e-05
13810.8 -6.34168e-05
13822.8 -6.19738e-05
13834.8 -6.05045e-05
13846.8 -5.9179e-05
13858.9 -5.81419e-05
13870.9 -5.71055e-05
13882.9 -5.60663e-05
13894.9 -5.50263e-05
13906.9 -5.39457e-05
13918.9 -5.28515e-05
13930.9 -5.17474e-05
13942.9 -5.0629e-05
13955 -4.9891e-05
13967 -4.94171e-05
13979 -4.89512e-05
13991 -4.84884e-05
14003 -4.80281e-05
14015 -4.75779e-05
14027 -4.71276e-05
14039 -4.66732e-05
14051.1 -4.62029e-05
14063.1 -4.6665e-05
14075.1 -4.73069e-05
14087.1 -4.79644e-05
14099.1 -4.86321e-05
14111.1 -4.93134e-05
14123.1 -5.00088e-05
14135.1 -5.07133e-05
14147.1 -5.14269e-05
14159.2 -5.2104e-05
14171.2 -5.23263e-05
14183.2 -5.25448e-05
14195.2 -5.27652e-05
14207.2 -5.29925e-05
14219.2 -5.3183e-05
14231.2 -5.33683e-05
14243.2 -5.35528e-05
14255.3 -5.37378e-05
14267.3 -5.39073e-05
14279.3 -5.40442e-05
14291.3 -5.41819e-05
14303.3 -5.43206e-05
14315.3 -5.44633e-05
14327.3 -5.46175e-05
14339.3 -5.47755e-05
14351.4 -5.49375e-05
14363.4 -5.5105e-05
14375.4 -5.48711e-05
14387.4 -5.43335e-05
14399.4 -5.37945e-05
14411.4 -5.32546e-05
14423.4 -5.2737e-05
14435.4 -5.22381e-05
14447.4 -5.17442e-05
14459.5 -5.12548e-05
14471.5 -5.07693e-05
14483.5 -5.05262e-05
14495.5 -5.03455e-05
14507.5 -5.01719e-05
14519.5 -5.00062e-05
14531.5 -4.98223e-05
14543.5 -4.96404e-05
14555.6 -4.94623e-05
14567.6 -4.92885e-05
14579.6 -4.9115e-05
14591.6 -4.88695e-05
14603.6 -4.86291e-05
14615.6 -4.83945e-05
14627.6 -4.81632e-05
14639.6 -4.7929e-05
14651.7 -4.76995e-05
14663.7 -4.74752e-05
14675.7 -4.72571e-05
14687.7 -4.74698e-05
14699.7 -4.87175e-05
14711.7 -4.99657e-05
14723.7 -5.12156e-05
14735.7 -5.24497e-05
14747.7 -5.367e-05
14759.8 -5.48854e-05
14771.8 -5.60953e-05
14783.8 -5.72966e-05
14795.8 -5.62665e-05
14807.8 -5.3254e-05
14819.8 -5.02622e-05
14831.8 -4.72881e-05
14843.8 -4.43413e-05
14855.9 -4.14113e-05
14867.9 -3.84979e-05
14879.9 -3.56021e-05
14891.9 -3.27276e-05
14903.9 -3.23947e-05
14915.9 -3.28203e-05
14927.9 -3.32445e-05
14939.9 -3.367e-05
14952 -3.41024e-05
14964 -3.45383e-05
14976 -3.4978e-05
14988 -3.54217e-05
15000 -3.58714e-05
15012 -3.71001e-05
15024 -3.83278e-05
15036 -3.95571e-05
15048 -4.07819e-05
15060.1 -4.20012e-05
15072.1 -4.32193e-05
15084.1 -4.44365e-05
15096.1 -4.56528e-05
15108.1 -4.66833e-05
15120.1 -4.71176e-05
15132.1 -4.75571e-05
15144.1 -4.80023e-05
15156.2 -4.84349e-05
15168.2 -4.88664e-05
15180.2 -4.92983e-05
15192.2 -4.97308e-05
15204.2 -5.01639e-05
15216.2 -5.04262e-05
15228.2 -5.05022e-05
15240.2 -5.05797e-05
15252.3 -5.06605e-05
15264.3 -5.07504e-05
15276.3 -5.08434e-05
15288.3 -5.09389e-05
15300.3 -5.10366e-05
15312.3 -5.11358e-05
15324.3 -5.21456e-05
15336.3 -5.35292e-05
15348.3 -5.49168e-05
15360.4 -5.6284e-05
15372.4 -5.7633e-05
15384.4 -5.89761e-05
15396.4 -6.03154e-05
15408.4 -6.16525e-05
15420.4 -6.29916e-05
15432.4 -6.27531e-05
15444.4 -6.24119e-05
15456.5 -6.20657e-05
15468.5 -6.17315e-05
15480.5 -6.13964e-05
15492.5 -6.1058e-05
15504.5 -6.07143e-05
15516.5 -6.0362e-05
15528.5 -6.02739e-05
15540.5 -6.14428e-05
15552.6 -6.26146e-05
15564.6 -6.37817e-05
15576.6 -6.49363e-05
15588.6 -6.60831e-05
15600.6 -6.72211e-05
15612.6 -6.83487e-05
15624.6 -6.94615e-05
15636.6 -7.10525e-05
15648.6 -7.33572e-05
15660.7 -7.56643e-05
15672.7 -7.79653e-05
15684.7 -8.02604e-05
15696.7 -8.25513e-05
15708.7 -8.48389e-05
15720.7 -8.71245e-05
15732.7 -8.94123e-05
15744.7 -9.12759e-05
15756.8 -9.28935e-05
15768.8 -9.44986e-05
15780.8 -9.61327e-05
15792.8 -9.77666e-05
15804.8 -9.93981e-05
15816.8 -0.000101027
15828.8 -0.000102655
15840.8 -0.000104289
15852.9 -0.000105418
15864.9 -0.000106458
15876.9 -0.000107486
15888.9 -0.000108505
15900.9 -0.000109507
15912.9 -0.00011049
15924.9 -0.000111449
15936.9 -0.000112372
15948.9 -0.000113458
15961 -0.000116342
15973 -0.000119281
15985 -0.00012223
15997 -0.000125192
16009 -0.00012817
16021 -0.000131169
16033 -0.000134198
16045 -0.000137281
16057.1 -0.000139466
16069.1 -0.000139723
16081.1 -0.000139891
16093.1 -0.000139989
16105.1 -0.000140036
16117.1 -0.000140032
16129.1 -0.000139972
16141.1 -0.000139841
16153.2 -0.000139598
16165.2 -0.000140812
16177.2 -0.000143254
16189.2 -0.000145762
16201.2 -0.000148308
16213.2 -0.000150854
16225.2 -0.000153385
16237.2 -0.000155882
16249.2 -0.000158309
16261.3 -0.000160548
16273.3 -0.000166556
16285.3 -0.000173743
16297.3 -0.000181131
16309.3 -0.000188686
16321.3 -0.000196411
16333.3 -0.000204333
16345.3 -0.000212507
16357.4 -0.000221069
16369.4 -0.000229729
16381.4 -0.000226521
16393.4 -0.000222531
16405.4 -0.000218169
16417.4 -0.000213536
16429.4 -0.00020866
16441.4 -0.000203532
16453.5 -0.000198109
16465.5 -0.000192259
16477.5 -0.00018815
16489.5 -0.000190758
16501.5 -0.000193783
16513.5 -0.000197007
16525.5 -0.000200354
16537.5 -0.000203793
16549.5 -0.000207304
16561.6 -0.000210869
16573.6 -0.000214456
16585.6 -0.000218665
16597.6 -0.000223643
16609.6 -0.000228823
16621.6 -0.000234152
16633.6 -0.000239639
16645.6 -0.000245308
16657.7 -0.000251203
16669.7 -0.000257413
16681.7 -0.00026422
16693.7 -0.000266041
16705.7 -0.000265457
16717.7 -0.000264601
16729.7 -0.000263603
16741.7 -0.000262526
16753.8 -0.000261412
16765.8 -0.000260308
16777.8 -0.000259292
16789.8 -0.000258607
16801.8 -0.000253711
16813.8 -0.000248241
16825.8 -0.000242485
16837.8 -0.000236491
16849.8 -0.000230267
16861.9 -0.000223799
16873.9 -0.000217046
16885.9 -0.000209888
16897.9 -0.000203193
16909.9 -0.000201077
16921.9 -0.000199383
16933.9 -0.000197837
16945.9 -0.000196387
16958 -0.000195009
16970 -0.000193695
16982 -0.000192453
16994 -0.000191325
17006 -0.000189672
17018 -0.000186961
17030 -0.000184105
17042 -0.000181142
17054.1 -0.000178085
17066.1 -0.000174937
17078.1 -0.00017169
17090.1 -0.00016833
17102.1 -0.000164813
17114.1 -0.000161702
17126.1 -0.00015887
17138.1 -0.000156009
17150.2 -0.000153083
17162.2 -0.000150064
17174.2 -0.000146916
17186.2 -0.000143587
17198.2 -0.000139967
17210.2 -0.000135583
17222.2 -0.000136074
17234.2 -0.000137628
17246.2 -0.000139568
17258.3 -0.000141802
17270.3 -0.000144305
17282.3 -0.000147091
17294.3 -0.000150215
17306.3 -0.000153834
17318.3 -0.000157567
17330.3 -0.000155837
17342.3 -0.000153368
17354.4 -0.000150493
17366.4 -0.000147302
17378.4 -0.000143815
17390.4 -0.000140011
17402.4 -0.00013581
17414.4 -0.000130972
17426.4 -0.00012748
17438.4 -0.000128912
17450.5 -0.000131046
17462.5 -0.000133618
17474.5 -0.000136555
17486.5 -0.000139846
17498.5 -0.000143532
17510.5 -0.000147726
17522.5 -0.000152817
17534.5 -0.000154594
17546.5 -0.000152552
17558.6 -0.000149911
17570.6 -0.00014689
17582.6 -0.000143573
17594.6 -0.000139995
17606.6 -0.000136167
17618.6 -0.000132068
17630.6 -0.000127581
17642.6 -0.000123974
17654.7 -0.000120586
17666.7 -0.000117108
17678.7 -0.000113482
17690.7 -0.000109659
17702.7 -0.000105572
17714.7 -0.000101108
17726.7 -9.60219e-05
17738.7 -9.01981e-05
17750.8 -9.17095e-05
17762.8 -9.44812e-05
17774.8 -9.79199e-05
17786.8 -0.000101875
17798.8 -0.000106295
17810.8 -0.000111186
17822.8 -0.000116615
17834.8 -0.000122803
17846.8 -0.000128525
17858.9 -0.000129807
17870.9 -0.000130522
17882.9 -0.000130969
17894.9 -0.000131252
17906.9 -0.000131422
17918.9 -0.00013151
17930.9 -0.000131535
17942.9 -0.000131509
17955 -0.000131436
17967 -0.000131331
17979 -0.000131201
17991 -0.000131049
18003 -0.00013088
18015 -0.000130694
18027 -0.000130496
18039 -0.000130287
18051.1 -0.000130071
18063.1 -0.000129858
18075.1 -0.000129631
18087.1 -0.000129393
18099.1 -0.000129146
18111.1 -0.00012889
18123.1 -0.000128626
18135.1 -0.000128354
18147.1 -0.000128074
18159.2 -0.000127778
18171.2 -0.000127471
18183.2 -0.000127165
18195.2 -0.000126856
18207.2 -0.000126544
18219.2 -0.000126228
18231.2 -0.000125909
18243.2 -0.000125584
18255.3 -0.000125252
18267.3 -0.000124894
18279.3 -0.000124538
18291.3 -0.000124188
18303.3 -0.000123839
18315.3 -0.000123492
18327.3 -0.000123145
18339.3 -0.000122798
18351.4 -0.000122451
18363.4 -0.000122103
18375.4 -0.000121752
18387.4 -0.000121402
18399.4 -0.000121054
18411.4 -0.000120707
18423.4 -0.000120361
18435.4 -0.000120015
18447.4 -0.000119671
18459.5 -0.000119329
18471.5 -0.000118993
18483.5 -0.00011866
18495.5 -0.000118322
18507.5 -0.000117983
18519.5 -0.000117641
18531.5 -0.000117298
18543.5 -0.000116952
18555.6 -0.000116604
18567.6 -0.000116251
18579.6 -0.000115884
18591.6 -0.00011552
18603.6 -0.000115158
18615.6 -0.000114798
18627.6 -0.000114439
18639.6 -0.000114079
18651.7 -0.000113718
18663.7 -0.000113356
18675.7 -0.00011299
18687.7 -0.000112612
18699.7 -0.000112242
18711.7 -0.000111875
18723.7 -0.00011151
18735.7 -0.000111146
18747.7 -0.000110784
18759.8 -0.000110423
18771.8 -0.000110063
18783.8 -0.000109704
18795.8 -0.000109346
18807.8 -0.000108989
18819.8 -0.000108631
18831.8 -0.000108275
18843.8 -0.000107918
18855.9 -0.000107562
18867.9 -0.000107206
18879.9 -0.000106852
18891.9 -0.0001065
18903.9 -0.000106147
18915.9 -0.000105792
18927.9 -0.000105436
18939.9 -0.000105078
18952 -0.000104718
18964 -0.000104355
18976 -0.000103988
18988 -0.000103611
19000 -0.000103219
