7000 -6.31266e-05
7012.01 -6.79252e-05
7024.02 -7.30227e-05
7036.04 -7.8436e-05
7048.05 -8.41806e-05
7060.06 -9.02837e-05
7072.07 -9.67656e-05
7084.08 -0.000103649
7096.1 -0.000110955
7108.11 -0.00011871
7120.12 -0.000126937
7132.13 -0.000135661
7144.14 -0.0001449
7156.16 -0.00015468
7168.17 -0.00016503
7180.18 -0.000175974
7192.19 -0.000187534
7204.2 -0.000199727
7216.22 -0.000212571
7228.23 -0.000226076
7240.24 -0.000240249
7252.25 -0.000255067
7264.26 -0.000270541
7276.28 -0.000286657
7288.29 -0.000303385
7300.3 -0.000320682
7312.31 -0.000338492
7324.32 -0.000356741
7336.34 -0.000375339
7348.35 -0.000394184
7360.36 -0.000413154
7372.37 -0.000432076
7384.38 -0.00045078
7396.4 -0.00046908
7408.41 -0.000486777
7420.42 -0.000503658
7432.43 -0.000519508
7444.44 -0.000534108
7456.46 -0.000547181
7468.47 -0.000558709
7480.48 -0.00056728
7492.49 -0.000572505
7504.5 -0.000575537
7516.52 -0.000576357
7528.53 -0.000574954
7540.54 -0.000571346
7552.55 -0.000565588
7564.56 -0.000557755
7576.58 -0.0005476
7588.59 -0.000540523
7600.6 -0.000534008
7612.61 -0.000526444
7624.62 -0.000517928
7636.64 -0.000508622
7648.65 -0.000498723
7660.66 -0.000488603
7672.67 -0.000478058
7684.68 -0.00046716
7696.7 -0.000454005
7708.71 -0.000440535
7720.72 -0.000426956
7732.73 -0.000413376
7744.74 -0.000399866
7756.76 -0.000386438
7768.77 -0.000372957
7780.78 -0.00036036
7792.79 -0.000347418
7804.8 -0.00033079
7816.82 -0.000314293
7828.83 -0.000298067
7840.84 -0.000282155
7852.85 -0.000266577
7864.86 -0.000251362
7876.88 -0.000236435
7888.89 -0.000221545
7900.9 -0.000209067
7912.91 -0.000199918
7924.92 -0.00019137
7936.94 -0.000183332
7948.95 -0.000175775
7960.96 -0.000168702
7972.97 -0.000162183
7984.98 -0.000156058
7997 -0.000150544
8009.01 -0.000140329
8021.02 -0.000127742
8033.03 -0.000115083
8045.05 -0.000102443
8057.06 -8.98562e-05
8069.07 -7.7343e-05
8081.08 -6.49001e-05
8093.09 -5.23147e-05
8105.11 -3.94548e-05
8117.12 -3.12001e-05
8129.13 -2.34934e-05
8141.14 -1.60331e-05
8153.15 -8.7702e-06
8165.17 -1.68249e-06
8177.18 5.23795e-06
8189.19 1.20043e-05
8201.2 1.86083e-05
8213.21 2.54554e-05
8225.23 3.43136e-05
8237.24 4.32498e-05
8249.25 5.22128e-05
8261.26 6.11994e-05
8273.27 7.02216e-05
8285.29 7.93027e-05
8297.3 8.85536e-05
8309.31 9.81271e-05
8321.32 0.000103125
8333.33 0.000100628
8345.35 9.75439e-05
8357.36 9.40695e-05
8369.37 9.02741e-05
8381.38 8.61829e-05
8393.39 8.18083e-05
8405.41 7.7175e-05
8417.42 7.21396e-05
8429.43 7.13067e-05
8441.44 7.29796e-05
8453.45 7.47522e-05
8465.47 7.65474e-05
8477.48 7.83308e-05
8489.49 8.00736e-05
8501.5 8.17989e-05
8513.51 8.34949e-05
8525.53 8.50821e-05
8537.54 8.85783e-05
8549.55 9.23473e-05
8561.56 9.61557e-05
8573.57 9.99852e-05
8585.59 0.000103825
8597.6 0.000107664
8609.61 0.000111612
8621.62 0.000115651
8633.63 0.000119228
8645.65 0.000119123
8657.66 0.000118821
8669.67 0.000118408
8681.68 0.000117905
8693.69 0.000117317
8705.71 0.000116652
8717.72 0.000115925
8729.73 0.000115089
8741.74 0.000115631
8753.75 0.00011873
8765.77 0.000121925
8777.78 0.000125166
8789.79 0.000128438
8801.8 0.000131732
8813.81 0.000135034
8825.83 0.000138341
8837.84 0.000141654
8849.85 0.000144972
8861.86 0.000148294
8873.87 0.00015162
8885.89 0.00015495
8897.9 0.000158288
8909.91 0.000161635
8921.92 0.000164948
8933.93 0.00016825
8945.95 0.000171546
8957.96 0.000174837
8969.97 0.000178126
8981.98 0.000181412
8993.99 0.000184699
9006.01 0.00018799
9018.02 0.000191271
9030.03 0.000194518
9042.04 0.000197753
9054.05 0.00020098
9066.07 0.000204201
9078.08 0.000207415
9090.09 0.000210626
9102.1 0.000213832
9114.11 0.000217038
9126.13 0.000220236
9138.14 0.000223429
9150.15 0.000226621
9162.16 0.000229812
9174.17 0.000233005
9186.19 0.000236201
9198.2 0.000239404
9210.21 0.000242621
9222.22 0.000245851
9234.23 0.00024899
9246.25 0.000252106
9258.26 0.000255213
9270.27 0.000258315
9282.28 0.000261417
9294.29 0.000264524
9306.31 0.000267643
9318.32 0.000270793
9330.33 0.000273888
9342.34 0.000276859
9354.35 0.000279803
9366.37 0.000282731
9378.38 0.000285651
9390.39 0.00028857
9402.4 0.000291495
9414.41 0.000294439
9426.43 0.000297454
9438.44 0.000300215
9450.45 0.000302895
9462.46 0.000305538
9474.47 0.000308159
9486.49 0.000310764
9498.5 0.000313361
9510.51 0.000315958
9522.52 0.000318573
9534.53 0.000321177
9546.55 0.000323564
9558.56 0.000325899
9570.57 0.000328202
9582.58 0.000330484
9594.59 0.00033275
9606.61 0.000335005
9618.62 0.000337258
9630.63 0.000339527
9642.64 0.000341711
9654.65 0.000343783
9666.67 0.000345823
9678.68 0.000347842
9690.69 0.000349844
9702.7 0.000351834
9714.71 0.000353816
9726.73 0.000355797
9738.74 0.000357795
9750.75 0.000359668
9762.76 0.000361503
9774.77 0.000363318
9786.79 0.000365118
9798.8 0.000366906
9810.81 0.000368685
9822.82 0.000370458
9834.83 0.000372232
9846.85 0.000373991
9858.86 0.000375673
9870.87 0.000377334
9882.88 0.000378981
9894.89 0.000380618
9906.91 0.000382246
9918.92 0.000383869
9930.93 0.000385492
9942.94 0.000387129
9954.95 0.000388673
9966.97 0.000390115
9978.98 0.00039152
9990.99 0.000392894
10003 0.000394236
10015 0.000395544
10027 0.00039681
10039 0.000398017
10051.1 0.000399121
10063.1 0.000400593
10075.1 0.000402138
10087.1 0.000403708
10099.1 0.000405288
10111.1 0.000406868
10123.1 0.00040844
10135.1 0.000409992
10147.1 0.000411506
10159.2 0.000413038
10171.2 0.000414779
10183.2 0.000416552
10195.2 0.000418336
10207.2 0.000420117
10219.2 0.000421885
10231.2 0.000423622
10243.2 0.000425305
10255.3 0.000426854
10267.3 0.00042874
10279.3 0.000430961
10291.3 0.000433261
10303.3 0.000435605
10315.3 0.00043797
10327.3 0.000440336
10339.3 0.000442677
10351.4 0.000444939
10363.4 0.000447013
10375.4 0.000450041
10387.4 0.000453338
10399.4 0.000456791
10411.4 0.000460363
10423.4 0.000464036
10435.4 0.000467795
10447.4 0.000471625
10459.5 0.000475498
10471.5 0.000479487
10483.5 0.000483808
10495.5 0.000488271
10507.5 0.000492855
10519.5 0.000497549
10531.5 0.00050235
10543.5 0.000507252
10555.6 0.00051225
10567.6 0.000517332
10579.6 0.000522569
10591.6 0.000527953
10603.6 0.000533454
10615.6 0.000539069
10627.6 0.000544794
10639.6 0.00055063
10651.7 0.000556576
10663.7 0.000562632
10675.7 0.000568796
10687.7 0.000575082
10699.7 0.000581482
10711.7 0.000587997
10723.7 0.000594626
10735.7 0.000601371
10747.7 0.000608235
10759.8 0.000615226
10771.8 0.000622361
10783.8 0.00062954
10795.8 0.000636579
10807.8 0.000643653
10819.8 0.000650775
10831.8 0.000657941
10843.8 0.000665147
10855.9 0.000672378
10867.9 0.000679622
10879.9 0.000686932
10891.9 0.000692667
10903.9 0.000703199
10915.9 0.000717036
10927.9 0.000731418
10939.9 0.000746185
10952 0.000761266
10964 0.00077662
10976 0.000792211
10988 0.000807961
11000 0.000823367
11012 0.00084277
11024 0.000863051
11036 0.00088392
11048 0.000905348
11060.1 0.000927356
11072.1 0.000950009
11084.1 0.000973462
11096.1 0.000997337
11108.1 0.00101998
11120.1 0.00103279
11132.1 0.0010447
11144.1 0.00105628
11156.2 0.00106774
11168.2 0.00107921
11180.2 0.00109084
11192.2 0.00110281
11204.2 0.00111521
11216.2 0.00112303
11228.2 0.00112117
11240.2 0.00111807
11252.3 0.00111415
11264.3 0.00110957
11276.3 0.0011044
11288.3 0.00109866
11300.3 0.00109215
11312.3 0.00108448
11324.3 0.00107733
11336.3 0.00107046
11348.3 0.00106314
11360.4 0.00105526
11372.4 0.00104672
11384.4 0.00103734
11396.4 0.00102686
11408.4 0.00101472
11420.4 0.000998565
11432.4 0.00101335
11444.4 0.00103547
11456.5 0.00105958
11468.5 0.00108507
11480.5 0.00111171
11492.5 0.00113937
11504.5 0.00116805
11516.5 0.00119795
11528.5 0.00122848
11540.5 0.00125336
11552.6 0.0012783
11564.6 0.00130373
11576.6 0.00132985
11588.6 0.00135691
11600.6 0.00138523
11612.6 0.00141537
11624.6 0.00144878
11636.6 0.00146961
11648.6 0.00145278
11660.7 0.00143156
11672.7 0.00140769
11684.7 0.00138178
11696.7 0.00135408
11708.7 0.00132473
11720.7 0.00129371
11732.7 0.00126061
11744.7 0.00123167
11756.8 0.00120696
11768.8 0.00118179
11780.8 0.00115585
11792.8 0.00112894
11804.8 0.00110087
11816.8 0.00107153
11828.8 0.00104099
11840.8 0.00100606
11852.9 0.000993581
11864.9 0.000988279
11876.9 0.000983771
11888.9 0.000979293
11900.9 0.000974324
11912.9 0.000968307
11924.9 0.000959923
11936.9 0.000947356
11948.9 0.00093213
11961 0.000993552
11973 0.00106553
11985 0.00114339
11997 0.00122604
12009 0.00131323
12021 0.00140522
12033 0.00150328
12045 0.00160978
12057.1 0.00170192
12069.1 0.0017251
12081.1 0.00174205
12093.1 0.00175658
12105.1 0.00177028
12117.1 0.00178432
12129.1 0.00180059
12141.1 0.00182205
12153.2 0.00185084
12165.2 0.00182748
12177.2 0.00173334
12189.2 0.00162654
12201.2 0.00151016
12213.2 0.00138493
12225.2 0.0012505
12237.2 0.00110499
12249.2 0.000946601
12261.3 0.000763008
12273.3 0.000729746
12285.3 0.000769417
12297.3 0.000822663
12309.3 0.000884919
12321.3 0.000954498
12333.3 0.00103095
12345.3 0.00111574
12357.4 0.00120998
12369.4 0.00131792
12381.4 0.00131878
12393.4 0.00130543
12405.4 0.00128583
12417.4 0.00126174
12429.4 0.00123372
12441.4 0.00120167
12453.5 0.00116479
12465.5 0.00112042
12477.5 0.00108715
12489.5 0.00113898
12501.5 0.0012022
12513.5 0.0012724
12525.5 0.00134847
12537.5 0.00143029
12549.5 0.00151938
12561.6 0.00161677
12573.6 0.00172641
12585.6 0.00179114
12597.6 0.0017772
12609.6 0.00175324
12621.6 0.00172335
12633.6 0.00168904
12645.6 0.00165079
12657.7 0.00160753
12669.7 0.00156528
12681.7 0.00152684
12693.7 0.00144123
12705.7 0.00132597
12717.7 0.00120249
12729.7 0.00107181
12741.7 0.000933808
12753.8 0.000788299
12765.8 0.00063009
12777.8 0.000452439
12789.8 0.000230699
12801.8 0.000340888
12813.8 0.00050083
12825.8 0.000683895
12837.8 0.000884644
12849.8 0.00110133
12861.9 0.00133449
12873.9 0.00158658
12885.9 0.00186478
12897.9 0.00211509
12909.9 0.00206206
12921.9 0.00197554
12933.9 0.00187125
12945.9 0.0017539
12958 0.00162517
12970 0.00148535
12982 0.00133737
12994 0.00117787
13006 0.00105703
13018 0.00101121
13030 0.000970907
13042 0.000932665
13054.1 0.000895068
13066.1 0.000856804
13078.1 0.000818168
13090.1 0.00077826
13102.1 0.00073402
13114.1 0.000740557
13126.1 0.000780334
13138.1 0.000825299
13150.2 0.000873987
13162.2 0.000925933
13174.2 0.000981362
13186.2 0.00103992
13198.2 0.00110265
13210.2 0.00117476
13222.2 0.00115525
13234.2 0.00112269
13246.2 0.0010861
13258.3 0.0010467
13270.3 0.00100493
13282.3 0.000960892
13294.3 0.000914276
13306.3 0.000864004
13318.3 0.000822594
13330.3 0.000860563
13342.3 0.000905031
13354.4 0.000953069
13366.4 0.00100388
13378.4 0.00105704
13390.4 0.00111314
13402.4 0.00117311
13414.4 0.0012394
13426.4 0.00124683
13438.4 0.00114423
13450.5 0.00103313
13462.5 0.000916809
13474.5 0.000796349
13486.5 0.000672141
13498.5 0.000543322
13510.5 0.00040906
13522.5 0.000265466
13534.5 0.000252446
13546.5 0.000325214
13558.6 0.000405253
13570.6 0.000489826
13582.6 0.000577762
13594.6 0.000668542
13606.6 0.000762396
13618.6 0.000859611
13630.6 0.000962826
13642.6 0.000970921
13654.7 0.000963524
13666.7 0.000954174
13678.7 0.000943799
13690.7 0.000932852
13702.7 0.000921616
13714.7 0.000910378
13726.7 0.000899594
13738.7 0.000883051
13750.8 0.000820777
13762.8 0.000756034
13774.8 0.000689894
13786.8 0.000622688
13798.8 0.000554526
13810.8 0.000484727
13822.8 0.000413202
13834.8 0.000338991
13846.8 0.000313263
13858.9 0.000379498
13870.9 0.000449564
13882.9 0.000521803
13894.9 0.000595507
13906.9 0.00067059
13918.9 0.000747423
13930.9 0.00082616
13942.9 0.000908118
13955 0.000888175
13967 0.000797328
13979 0.000703714
13991 0.000608497
14003 0.00051219
14015 0.000414601
14027 0.000315819
14039 0.000215617
14051.1 0.000112584
14063.1 0.000131824
14075.1 0.000174236
14087.1 0.000218246
14099.1 0.000263267
14111.1 0.000309033
14123.1 0.00035528
14135.1 0.000402004
14147.1 0.000449236
14159.2 0.000493408
14171.2 0.000502112
14183.2 0.000510228
14195.2 0.000518085
14207.2 0.000525579
14219.2 0.000533199
14231.2 0.000541208
14243.2 0.000549513
14255.3 0.000558273
14267.3 0.000540882
14279.3 0.000468651
14291.3 0.000395832
14303.3 0.000322797
14315.3 0.000249704
14327.3 0.000176307
14339.3 0.000102705
14351.4 2.88559e-05
14363.4 -4.55321e-05
14375.4 -4.14956e-05
14387.4 2.20034e-05
14399.4 8.62584e-05
14411.4 0.000151011
14423.4 0.000216115
14435.4 0.000281177
14447.4 0.000346367
14459.5 0.000411729
14471.5 0.000477494
14483.5 0.000448909
14495.5 0.000397579
14507.5 0.000345821
14519.5 0.000293663
14531.5 0.000241671
14543.5 0.000189878
14555.6 0.000138199
14567.6 8.66157e-05
14579.6 4.02721e-05
14591.6 8.19902e-05
14603.6 0.000123877
14615.6 0.000165755
14627.6 0.000207529
14639.6 0.000249323
14651.7 0.000291035
14663.7 0.000332614
14675.7 0.000374
14687.7 0.000384783
14699.7 0.000321719
14711.7 0.00025884
14723.7 0.00019608
14735.7 0.000133579
14747.7 7.16925e-05
14759.8 1.02173e-05
14771.8 -5.08564e-05
14783.8 -0.000111473
14795.8 -0.000124793
14807.8 -9.60686e-05
14819.8 -6.75125e-05
14831.8 -3.90215e-05
14843.8 -1.07669e-05
14855.9 1.7333e-05
14867.9 4.53118e-05
14879.9 7.31725e-05
14891.9 0.000100894
14903.9 0.00011155
14915.9 0.00011712
14927.9 0.000122714
14939.9 0.00012833
14952 0.000133873
14964 0.000139375
14976 0.000144836
14988 0.00015024
15000 0.000155511
15012 0.000126049
15024 9.67777e-05
15036 6.76031e-05
15048 3.85592e-05
15060.1 9.71744e-06
15072.1 -1.89842e-05
15084.1 -4.75517e-05
15096.1 -7.59719e-05
15108.1 -9.30091e-05
15120.1 -7.37407e-05
15132.1 -5.46475e-05
15144.1 -3.57141e-05
15156.2 -1.67507e-05
15168.2 2.18377e-06
15180.2 2.10699e-05
15192.2 3.99044e-05
15204.2 5.86804e-05
15216.2 5.94458e-05
15228.2 4.06276e-05
15240.2 2.19371e-05
15252.3 3.35049e-06
15264.3 -1.52459e-05
15276.3 -3.38102e-05
15288.3 -5.23422e-05
15300.3 -7.08492e-05
15312.3 -8.93455e-05
15324.3 -9.15726e-05
15336.3 -8.71677e-05
15348.3 -8.28436e-05
15360.4 -7.84562e-05
15372.4 -7.39048e-05
15384.4 -6.93036e-05
15396.4 -6.46612e-05
15408.4 -5.99702e-05
15420.4 -5.51881e-05
15432.4 -6.7077e-05
15444.4 -7.99711e-05
15456.5 -9.28004e-05
15468.5 -0.000105733
15480.5 -0.000118709
15492.5 -0.000131719
15504.5 -0.000144779
15516.5 -0.000157931
15528.5 -0.000166688
15540.5 -0.000154745
15552.6 -0.000142691
15564.6 -0.000130582
15576.6 -0.000118372
15588.6 -0.00010609
15600.6 -9.37214e-05
15612.6 -8.12291e-05
15624.6 -6.85185e-05
15636.6 -6.70782e-05
15648.6 -8.23933e-05
15660.7 -9.78925e-05
15672.7 -0.000113473
15684.7 -0.000129109
15696.7 -0.000144823
15708.7 -0.000160642
15720.7 -0.000176624
15732.7 -0.000192938
15744.7 -0.000193001
15756.8 -0.000183782
15768.8 -0.000174272
15780.8 -0.000164779
15792.8 -0.000155199
15804.8 -0.000145497
15816.8 -0.000135638
15828.8 -0.000125552
15840.8 -0.000114988
15852.9 -0.000120152
15864.9 -0.000127745
15876.9 -0.000135496
15888.9 -0.000143388
15900.9 -0.000151364
15912.9 -0.00015941
15924.9 -0.000167524
15936.9 -0.000175716
15948.9 -0.000183709
15961 -0.000189243
15973 -0.000194745
15985 -0.000200197
15997 -0.000205606
16009 -0.000211004
16021 -0.0002164
16033 -0.000221801
16045 -0.000227218
16057.1 -0.00023236
16069.1 -0.000236911
16081.1 -0.000241455
16093.1 -0.000245912
16105.1 -0.000250336
16117.1 -0.000254739
16129.1 -0.000259126
16141.1 -0.000263501
16153.2 -0.000267871
16165.2 -0.000271922
16177.2 -0.000275682
16189.2 -0.000279449
16201.2 -0.00028337
16213.2 -0.000287329
16225.2 -0.000291318
16237.2 -0.000295342
16249.2 -0.000299419
16261.3 -0.000303613
16273.3 -0.000305723
16285.3 -0.000307189
16297.3 -0.000308598
16309.3 -0.000309965
16321.3 -0.00031129
16333.3 -0.000312577
16345.3 -0.00031383
16357.4 -0.000315054
16369.4 -0.000316242
16381.4 -0.000317018
16393.4 -0.000317733
16405.4 -0.000318345
16417.4 -0.000318893
16429.4 -0.000319383
16441.4 -0.000319819
16453.5 -0.000320204
16465.5 -0.000320548
16477.5 -0.000320658
16489.5 -0.000320097
16501.5 -0.000319436
16513.5 -0.000318723
16525.5 -0.000317915
16537.5 -0.000316998
16549.5 -0.000315958
16561.6 -0.000314765
16573.6 -0.000313351
16585.6 -0.000313015
16597.6 -0.000314037
16609.6 -0.000315194
16621.6 -0.000316382
16633.6 -0.000317549
16645.6 -0.000318672
16657.7 -0.00031973
16669.7 -0.000320695
16681.7 -0.000321486
16693.7 -0.000323593
16705.7 -0.000326324
16717.7 -0.000329085
16729.7 -0.000331862
16741.7 -0.000334643
16753.8 -0.000337424
16765.8 -0.000340204
16777.8 -0.00034299
16789.8 -0.000345812
16801.8 -0.000348057
16813.8 -0.000350191
16825.8 -0.000352231
16837.8 -0.00035421
16849.8 -0.00035613
16861.9 -0.000357988
16873.9 -0.000359775
16885.9 -0.000361464
16897.9 -0.000363245
16909.9 -0.00036601
16921.9 -0.000369026
16933.9 -0.00037214
16945.9 -0.000375325
16958 -0.000378579
16970 -0.000381914
16982 -0.000385359
16994 -0.000388991
17006 -0.000391895
17018 -0.000393312
17030 -0.000394623
17042 -0.000395886
17054.1 -0.00039714
17066.1 -0.000398425
17078.1 -0.000399791
17090.1 -0.000401329
17102.1 -0.000403307
17114.1 -0.000402042
17126.1 -0.000398212
17138.1 -0.000393885
17150.2 -0.000389204
17162.2 -0.000384212
17174.2 -0.000378919
17186.2 -0.000373306
17198.2 -0.000367307
17210.2 -0.000360596
17222.2 -0.000357159
17234.2 -0.000354288
17246.2 -0.000351508
17258.3 -0.000348745
17270.3 -0.000345966
17282.3 -0.000343152
17294.3 -0.000340292
17306.3 -0.000337383
17318.3 -0.000334387
17330.3 -0.000330984
17342.3 -0.0003275
17354.4 -0.000323872
17366.4 -0.000320079
17378.4 -0.000316088
17390.4 -0.000311847
17402.4 -0.000307253
17414.4 -0.000302049
17426.4 -0.000298247
17438.4 -0.000299475
17450.5 -0.000301409
17462.5 -0.00030378
17474.5 -0.000306504
17486.5 -0.000309557
17498.5 -0.000312954
17510.5 -0.000316764
17522.5 -0.000321238
17534.5 -0.000323635
17546.5 -0.000323594
17558.6 -0.000323233
17570.6 -0.000322707
17582.6 -0.000322079
17594.6 -0.000321383
17606.6 -0.000320645
17618.6 -0.000319888
17630.6 -0.000319159
17642.6 -0.000318085
17654.7 -0.000316879
17666.7 -0.000315623
17678.7 -0.000314331
17690.7 -0.000313013
17702.7 -0.000311676
17714.7 -0.000310329
17726.7 -0.000308985
17738.7 -0.000307651
17750.8 -0.000305999
17762.8 -0.000304289
17774.8 -0.000302532
17786.8 -0.000300736
17798.8 -0.000298903
17810.8 -0.000297032
17822.8 -0.00029512
17834.8 -0.000293152
17846.8 -0.000291205
17858.9 -0.000289499
17870.9 -0.000287825
17882.9 -0.000286163
17894.9 -0.000284508
17906.9 -0.000282857
17918.9 -0.000281209
17930.9 -0.000279564
17942.9 -0.00027792
17955 -0.000276271
17967 -0.000274611
17979 -0.000272953
17991 -0.000271296
18003 -0.00026964
18015 -0.000267986
18027 -0.000266334
18039 -0.000264683
18051.1 -0.000263034
18063.1 -0.000261412
18075.1 -0.000259799
18087.1 -0.00025819
18099.1 -0.000256584
18111.1 -0.000254981
18123.1 -0.000253382
18135.1 -0.000251787
18147.1 -0.000250197
18159.2 -0.000248605
18171.2 -0.000246993
18183.2 -0.000245385
18195.2 -0.000243781
18207.2 -0.000242181
18219.2 -0.000240587
18231.2 -0.000238997
18243.2 -0.000237412
18255.3 -0.000235833
18267.3 -0.000234234
18279.3 -0.000232619
18291.3 -0.000231009
18303.3 -0.000229404
18315.3 -0.000227806
18327.3 -0.000226214
18339.3 -0.000224628
18351.4 -0.000223049
18363.4 -0.000221476
18375.4 -0.000219903
18387.4 -0.000218335
18399.4 -0.000216775
18411.4 -0.000215221
18423.4 -0.000213675
18435.4 -0.000212135
18447.4 -0.000210603
18459.5 -0.000209078
18471.5 -0.000207563
18483.5 -0.000206068
18495.5 -0.00020458
18507.5 -0.000203099
18519.5 -0.000201625
18531.5 -0.000200158
18543.5 -0.000198698
18555.6 -0.000197244
18567.6 -0.000195798
18579.6 -0.000194346
18591.6 -0.000192891
18603.6 -0.000191445
18615.6 -0.000190006
18627.6 -0.000188575
18639.6 -0.00018715
18651.7 -0.000185734
18663.7 -0.000184324
18675.7 -0.000182922
18687.7 -0.000181509
18699.7 -0.000180104
18711.7 -0.000178706
18723.7 -0.000177317
18735.7 -0.000175935
18747.7 -0.000174561
18759.8 -0.000173194
18771.8 -0.000171836
18783.8 -0.000170485
18795.8 -0.000169143
18807.8 -0.000167809
18819.8 -0.000166482
18831.8 -0.000165163
18843.8 -0.000163851
18855.9 -0.000162547
18867.9 -0.00016125
18879.9 -0.000159961
18891.9 -0.000158683
18903.9 -0.000157414
18915.9 -0.000156151
18927.9 -0.000154896
18939.9 -0.000153648
18952 -0.000152406
18964 -0.000151172
18976 -0.000149944
18988 -0.000148721
19000 -0.000147481
