7000 2.14292e-05
7012.01 2.17663e-05
7024.02 2.21104e-05
7036.04 2.24649e-05
7048.05 2.28175e-05
7060.06 2.31723e-05
7072.07 2.35319e-05
7084.08 2.38973e-05
7096.1 2.42692e-05
7108.11 2.46482e-05
7120.12 2.50352e-05
7132.13 2.54314e-05
7144.14 2.58378e-05
7156.16 2.62444e-05
7168.17 2.66575e-05
7180.18 2.70787e-05
7192.19 2.75089e-05
7204.2 2.79493e-05
7216.22 2.84007e-05
7228.23 2.88647e-05
7240.24 2.93436e-05
7252.25 2.98334e-05
7264.26 3.03296e-05
7276.28 3.08389e-05
7288.29 3.13638e-05
7300.3 3.19062e-05
7312.31 3.24684e-05
7324.32 3.3053e-05
7336.34 3.36628e-05
7348.35 3.42999e-05
7360.36 3.49791e-05
7372.37 3.57024e-05
7384.38 3.64768e-05
7396.4 3.7313e-05
7408.41 3.82262e-05
7420.42 3.92385e-05
7432.43 4.03847e-05
7444.44 4.1724e-05
7456.46 4.33672e-05
7468.47 4.56211e-05
7480.48 4.11871e-05
7492.49 2.86777e-05
7504.5 1.5262e-05
7516.52 1.19381e-06
7528.53 -1.34606e-05
7540.54 -2.87116e-05
7552.55 -4.46429e-05
7564.56 -6.1475e-05
7576.58 -7.99684e-05
7588.59 -8.16977e-05
7600.6 -7.61685e-05
7612.61 -6.97228e-05
7624.62 -6.26978e-05
7636.64 -5.52357e-05
7648.65 -4.74126e-05
7660.66 -3.92986e-05
7672.67 -3.07352e-05
7684.68 -2.16444e-05
7696.7 -1.64222e-05
7708.71 -1.13603e-05
7720.72 -6.26129e-06
7732.73 -1.07795e-06
7744.74 4.2192e-06
7756.76 9.66711e-06
7768.77 1.52996e-05
7780.78 2.09867e-05
7792.79 2.60136e-05
7804.8 2.78627e-05
7816.82 2.94859e-05
7828.83 3.09949e-05
7840.84 3.24234e-05
7852.85 3.37833e-05
7864.86 3.50698e-05
7876.88 3.63005e-05
7888.89 3.74563e-05
7900.9 3.95228e-05
7912.91 4.28933e-05
7924.92 4.63768e-05
7936.94 4.99318e-05
7948.95 5.35427e-05
7960.96 5.72001e-05
7972.97 6.08923e-05
7984.98 6.46837e-05
7997 6.85656e-05
8009.01 7.19597e-05
8021.02 7.5111e-05
8033.03 7.82629e-05
8045.05 8.14236e-05
8057.06 8.45941e-05
8069.07 8.77704e-05
8081.08 9.09589e-05
8093.09 9.4188e-05
8105.11 9.73934e-05
8117.12 0.000101478
8129.13 0.000105685
8141.14 0.000109961
8153.15 0.000114298
8165.17 0.000118696
8177.18 0.000123157
8189.19 0.000127696
8201.2 0.000132338
8213.21 0.000136718
8225.23 0.000139245
8237.24 0.000141679
8249.25 0.000144079
8261.26 0.000146467
8273.27 0.000148854
8285.29 0.000151251
8297.3 0.000153687
8309.31 0.000156185
8321.32 0.000157845
8333.33 0.00015813
8345.35 0.000158312
8357.36 0.000158425
8369.37 0.00015848
8381.38 0.000158478
8393.39 0.000158422
8405.41 0.000158298
8417.42 0.000158027
8429.43 0.000160242
8441.44 0.000163972
8453.45 0.000167843
8465.47 0.000171817
8477.48 0.000175879
8489.49 0.000180031
8501.5 0.000184304
8513.51 0.000188725
8525.53 0.000193459
8537.54 0.00019257
8549.55 0.00019085
8561.56 0.000188983
8573.57 0.00018702
8585.59 0.000184987
8597.6 0.000182907
8609.61 0.000180805
8621.62 0.000178678
8633.63 0.000176373
8645.65 0.000172955
8657.66 0.000169443
8669.67 0.000165863
8681.68 0.000162221
8693.69 0.000158519
8705.71 0.000154757
8717.72 0.000150919
8729.73 0.000146965
8741.74 0.00014464
8753.75 0.000145326
8765.77 0.000146136
8777.78 0.000147012
8789.79 0.000147934
8801.8 0.000148889
8813.81 0.000149869
8825.83 0.00015087
8837.84 0.000151891
8849.85 0.000152927
8861.86 0.000153978
8873.87 0.000155043
8885.89 0.000156119
8897.9 0.000157206
8909.91 0.0001583
8921.92 0.000159395
8933.93 0.000160497
8945.95 0.000161606
8957.96 0.000162723
8969.97 0.000163846
8981.98 0.000164975
8993.99 0.000166111
9006.01 0.000167252
9018.02 0.000168392
9030.03 0.000169531
9042.04 0.000170674
9054.05 0.000171821
9066.07 0.000172973
9078.08 0.000174129
9090.09 0.000175288
9102.1 0.000176452
9114.11 0.000177619
9126.13 0.000178789
9138.14 0.000179961
9150.15 0.000181137
9162.16 0.000182317
9174.17 0.000183499
9186.19 0.000184685
9198.2 0.000185875
9210.21 0.000187068
9222.22 0.000188253
9234.23 0.000189419
9246.25 0.000190586
9258.26 0.000191755
9270.27 0.000192926
9282.28 0.0001941
9294.29 0.000195276
9306.31 0.000196454
9318.32 0.000197635
9330.33 0.000198777
9342.34 0.000199903
9354.35 0.00020103
9366.37 0.000202158
9378.38 0.000203288
9390.39 0.00020442
9402.4 0.000205553
9414.41 0.000206687
9426.43 0.000207818
9438.44 0.000208867
9450.45 0.000209918
9462.46 0.000210971
9474.47 0.000212026
9486.49 0.000213082
9498.5 0.000214141
9510.51 0.000215201
9522.52 0.000216262
9534.53 0.000217292
9546.55 0.000218278
9558.56 0.000219268
9570.57 0.000220261
9582.58 0.000221257
9594.59 0.000222257
9606.61 0.000223259
9618.62 0.000224265
9630.63 0.000225272
9642.64 0.000226239
9654.65 0.000227199
9666.67 0.000228163
9678.68 0.000229132
9690.69 0.000230106
9702.7 0.000231085
9714.71 0.000232068
9726.73 0.000233055
9738.74 0.000234041
9750.75 0.000234996
9762.76 0.000235958
9774.77 0.000236926
9786.79 0.000237901
9798.8 0.000238882
9810.81 0.000239868
9822.82 0.000240861
9834.83 0.000241859
9846.85 0.000242848
9858.86 0.000243831
9870.87 0.000244821
9882.88 0.000245818
9894.89 0.000246823
9906.91 0.000247835
9918.92 0.000248854
9930.93 0.00024988
9942.94 0.000250911
9954.95 0.000251904
9966.97 0.000252898
9978.98 0.000253904
9990.99 0.000254919
10003 0.000255945
10015 0.000256981
10027 0.000258029
10039 0.000259091
10051.1 0.000260193
10063.1 0.000261425
10075.1 0.000262659
10087.1 0.0002639
10099.1 0.000265148
10111.1 0.000266406
10123.1 0.000267673
10135.1 0.00026895
10147.1 0.000270241
10159.2 0.000271596
10171.2 0.000273004
10183.2 0.00027442
10195.2 0.000275844
10207.2 0.000277279
10219.2 0.000278726
10231.2 0.000280185
10243.2 0.000281659
10255.3 0.000283154
10267.3 0.000284867
10279.3 0.000286615
10291.3 0.00028837
10303.3 0.000290134
10315.3 0.000291911
10327.3 0.000293701
10339.3 0.000295506
10351.4 0.00029733
10363.4 0.000299258
10375.4 0.000301489
10387.4 0.000303719
10399.4 0.000305959
10411.4 0.000308209
10423.4 0.000310473
10435.4 0.00031275
10447.4 0.000315042
10459.5 0.000317351
10471.5 0.000319743
10483.5 0.000322196
10495.5 0.00032466
10507.5 0.000327136
10519.5 0.000329626
10531.5 0.000332128
10543.5 0.000334644
10555.6 0.000337173
10567.6 0.000339716
10579.6 0.0003423
10591.6 0.000344898
10603.6 0.000347505
10615.6 0.000350121
10627.6 0.000352746
10639.6 0.000355379
10651.7 0.000358019
10663.7 0.000360665
10675.7 0.000363316
10687.7 0.000365973
10699.7 0.000368631
10711.7 0.000371288
10723.7 0.000373943
10735.7 0.000376592
10747.7 0.000379233
10759.8 0.000381861
10771.8 0.000384469
10783.8 0.000386982
10795.8 0.000389441
10807.8 0.000391881
10819.8 0.000394292
10831.8 0.000396667
10843.8 0.000398994
10855.9 0.000401255
10867.9 0.000403424
10879.9 0.000405428
10891.9 0.000406735
10903.9 0.000409463
10915.9 0.000413098
10927.9 0.000416888
10939.9 0.00042078
10952 0.000424751
10964 0.000428792
10976 0.000432898
10988 0.000437054
11000 0.000441329
11012 0.000444671
11024 0.000447895
11036 0.000451078
11048 0.000454234
11060.1 0.000457368
11072.1 0.000460478
11084.1 0.00046355
11096.1 0.000466313
11108.1 0.000468897
11120.1 0.000470154
11132.1 0.000471245
11144.1 0.000472229
11156.2 0.000473115
11168.2 0.000473901
11180.2 0.000474573
11192.2 0.000475089
11204.2 0.000475295
11216.2 0.000476203
11228.2 0.000478629
11240.2 0.000481207
11252.3 0.000483867
11264.3 0.000486583
11276.3 0.000489347
11288.3 0.000492151
11300.3 0.000494881
11312.3 0.000497749
11324.3 0.000498822
11336.3 0.000498447
11348.3 0.000497852
11360.4 0.000497097
11372.4 0.000496201
11384.4 0.000495165
11396.4 0.000493975
11408.4 0.000492601
11420.4 0.000490833
11432.4 0.00049157
11444.4 0.000492859
11456.5 0.000494256
11468.5 0.000495713
11480.5 0.00049721
11492.5 0.000498737
11504.5 0.000500299
11516.5 0.00050192
11528.5 0.000503514
11540.5 0.000504561
11552.6 0.000505533
11564.6 0.000506459
11576.6 0.000507345
11588.6 0.000508196
11600.6 0.000509011
11612.6 0.000509778
11624.6 0.000510516
11636.6 0.000511214
11648.6 0.000511833
11660.7 0.000512421
11672.7 0.000512981
11684.7 0.000513516
11696.7 0.000514027
11708.7 0.000514519
11720.7 0.000515011
11732.7 0.00051547
11744.7 0.000515937
11756.8 0.000516418
11768.8 0.000516892
11780.8 0.000517367
11792.8 0.000517857
11804.8 0.000518394
11816.8 0.000519173
11828.8 0.000520226
11840.8 0.00052087
11852.9 0.000522295
11864.9 0.000523933
11876.9 0.000525549
11888.9 0.000527117
11900.9 0.000528612
11912.9 0.000529972
11924.9 0.000530766
11936.9 0.000531699
11948.9 0.0005329
11961 0.000532759
11973 0.000532531
11985 0.000532304
11997 0.000532112
12009 0.000531983
12021 0.000531971
12033 0.000532215
12045 0.000532549
12057.1 0.000532389
12069.1 0.000530225
12081.1 0.000527831
12093.1 0.000525332
12105.1 0.000522793
12117.1 0.000520296
12129.1 0.00051824
12141.1 0.000516299
12153.2 0.00051375
12165.2 0.000511494
12177.2 0.0005098
12189.2 0.000508023
12201.2 0.000506131
12213.2 0.000504098
12225.2 0.000501865
12237.2 0.000499109
12249.2 0.000496505
12261.3 0.000494071
12273.3 0.000491479
12285.3 0.000488832
12297.3 0.000486226
12309.3 0.000483685
12321.3 0.000481259
12333.3 0.000479102
12345.3 0.000477532
12357.4 0.000475433
12369.4 0.000473088
12381.4 0.000470821
12393.4 0.000468475
12405.4 0.000466055
12417.4 0.000463577
12429.4 0.000461059
12441.4 0.00045853
12453.5 0.000456018
12465.5 0.000453595
12477.5 0.000450813
12489.5 0.000445835
12501.5 0.000440523
12513.5 0.000435013
12525.5 0.000429376
12537.5 0.000423722
12549.5 0.000418459
12561.6 0.00041249
12573.6 0.000405905
12585.6 0.000399612
12597.6 0.000394114
12609.6 0.00038843
12621.6 0.000382467
12633.6 0.000376121
12645.6 0.000369083
12657.7 0.000361163
12669.7 0.00035409
12681.7 0.000347135
12693.7 0.000341826
12705.7 0.00033755
12717.7 0.0003336
12729.7 0.000329954
12741.7 0.000326688
12753.8 0.000324363
12765.8 0.000321756
12777.8 0.000318707
12789.8 0.000315588
12801.8 0.000310917
12813.8 0.000305895
12825.8 0.000300655
12837.8 0.000295238
12849.8 0.000289691
12861.9 0.000284124
12873.9 0.000278063
12885.9 0.000271529
12897.9 0.00026518
12909.9 0.00026221
12921.9 0.000259485
12933.9 0.000256802
12945.9 0.000254057
12958 0.000251051
12970 0.000247866
12982 0.0002453
12994 0.00024303
13006 0.000240209
13018 0.000236235
13030 0.000232162
13042 0.000228011
13054.1 0.000223751
13066.1 0.000219155
13078.1 0.000214883
13090.1 0.000210887
13102.1 0.000207092
13114.1 0.000202831
13126.1 0.000198297
13138.1 0.000193816
13150.2 0.000189421
13162.2 0.000185167
13174.2 0.00018114
13186.2 0.000176886
13198.2 0.000172601
13210.2 0.000168439
13222.2 0.000162317
13234.2 0.000155881
13246.2 0.000149328
13258.3 0.000142687
13270.3 0.000135974
13282.3 0.000129195
13294.3 0.000122347
13306.3 0.000115422
13318.3 0.000108555
13330.3 0.000102505
13342.3 9.64831e-05
13354.4 9.04497e-05
13366.4 8.43741e-05
13378.4 7.81622e-05
13390.4 7.21616e-05
13402.4 6.62737e-05
13414.4 6.04491e-05
13426.4 5.47216e-05
13438.4 4.91231e-05
13450.5 4.35778e-05
13462.5 3.80875e-05
13474.5 3.26709e-05
13486.5 2.73254e-05
13498.5 2.18408e-05
13510.5 1.6317e-05
13522.5 1.07636e-05
13534.5 5.40919e-06
13546.5 1.80167e-07
13558.6 -5.05658e-06
13570.6 -1.03223e-05
13582.6 -1.56876e-05
13594.6 -2.09399e-05
13606.6 -2.60002e-05
13618.6 -3.10053e-05
13630.6 -3.60362e-05
13642.6 -3.89865e-05
13654.7 -4.15335e-05
13666.7 -4.39663e-05
13678.7 -4.63077e-05
13690.7 -4.85684e-05
13702.7 -5.07647e-05
13714.7 -5.28999e-05
13726.7 -5.4981e-05
13738.7 -5.69144e-05
13750.8 -5.80947e-05
13762.8 -5.91733e-05
13774.8 -6.01597e-05
13786.8 -6.10368e-05
13798.8 -6.18371e-05
13810.8 -6.27273e-05
13822.8 -6.35933e-05
13834.8 -6.43999e-05
13846.8 -6.61806e-05
13858.9 -6.98179e-05
13870.9 -7.35284e-05
13882.9 -7.72931e-05
13894.9 -8.1169e-05
13906.9 -8.48603e-05
13918.9 -8.83749e-05
13930.9 -9.18104e-05
13942.9 -9.5184e-05
13955 -9.83625e-05
13967 -0.000101389
13979 -0.000104354
13991 -0.000107252
14003 -0.000110074
14015 -0.000112934
14027 -0.000115771
14039 -0.00011857
14051.1 -0.000121311
14063.1 -0.000125243
14075.1 -0.000129373
14087.1 -0.000133481
14099.1 -0.000137551
14111.1 -0.000141608
14123.1 -0.0001457
14135.1 -0.000149783
14147.1 -0.000153855
14159.2 -0.00015786
14171.2 -0.000161314
14183.2 -0.000164747
14195.2 -0.000168175
14207.2 -0.000171663
14219.2 -0.00017488
14231.2 -0.000177956
14243.2 -0.000180955
14255.3 -0.000183892
14267.3 -0.0001863
14279.3 -0.000187668
14291.3 -0.000188968
14303.3 -0.000190203
14315.3 -0.00019138
14327.3 -0.000192581
14339.3 -0.000193753
14351.4 -0.00019489
14363.4 -0.000195991
14375.4 -0.00019652
14387.4 -0.0001966
14399.4 -0.000196624
14411.4 -0.000196571
14423.4 -0.000196563
14435.4 -0.000196689
14447.4 -0.000196826
14459.5 -0.000196959
14471.5 -0.000197086
14483.5 -0.000197047
14495.5 -0.000196963
14507.5 -0.000196879
14519.5 -0.000196823
14531.5 -0.000196598
14543.5 -0.000196307
14555.6 -0.000195978
14567.6 -0.000195618
14579.6 -0.000195385
14591.6 -0.000197777
14603.6 -0.000200151
14615.6 -0.000202506
14627.6 -0.000204835
14639.6 -0.000207073
14651.7 -0.000209269
14663.7 -0.00021143
14675.7 -0.00021356
14687.7 -0.00021593
14699.7 -0.000218925
14711.7 -0.000221895
14723.7 -0.000224853
14735.7 -0.000227708
14747.7 -0.000230436
14759.8 -0.000233108
14771.8 -0.00023573
14783.8 -0.000238303
14795.8 -0.00023959
14807.8 -0.000239728
14819.8 -0.000239836
14831.8 -0.000239901
14843.8 -0.000240026
14855.9 -0.000240144
14867.9 -0.000240248
14879.9 -0.000240337
14891.9 -0.000240412
14903.9 -0.000242971
14915.9 -0.000246245
14927.9 -0.000249482
14939.9 -0.000252692
14952 -0.000255901
14964 -0.000259085
14976 -0.000262242
14988 -0.00026537
15000 -0.000268464
15012 -0.000269115
15024 -0.000269757
15036 -0.000270388
15048 -0.000270972
15060.1 -0.000271515
15072.1 -0.000272036
15084.1 -0.000272535
15096.1 -0.000273013
15108.1 -0.000272694
15120.1 -0.000269857
15132.1 -0.000267022
15144.1 -0.000264186
15156.2 -0.000261283
15168.2 -0.000258365
15180.2 -0.000255438
15192.2 -0.000252501
15204.2 -0.000249557
15216.2 -0.000247488
15228.2 -0.000246371
15240.2 -0.000245236
15252.3 -0.000244095
15264.3 -0.000242964
15276.3 -0.000241823
15288.3 -0.000240671
15300.3 -0.000239506
15312.3 -0.000238329
15324.3 -0.000239431
15336.3 -0.00024146
15348.3 -0.000243483
15360.4 -0.00024541
15372.4 -0.000247271
15384.4 -0.000249102
15396.4 -0.000250909
15408.4 -0.000252692
15420.4 -0.000254454
15432.4 -0.000256156
15444.4 -0.000257834
15456.5 -0.000259495
15468.5 -0.000261192
15480.5 -0.000262883
15492.5 -0.000264564
15504.5 -0.000266238
15516.5 -0.000267905
15528.5 -0.000269358
15540.5 -0.000269845
15552.6 -0.000270318
15564.6 -0.000270769
15576.6 -0.00027119
15588.6 -0.000271599
15600.6 -0.000271997
15612.6 -0.000272385
15624.6 -0.000272763
15636.6 -0.0002732
15648.6 -0.000273728
15660.7 -0.000274251
15672.7 -0.000274754
15684.7 -0.000275246
15696.7 -0.000275731
15708.7 -0.000276207
15720.7 -0.000276675
15732.7 -0.000277132
15744.7 -0.000277913
15756.8 -0.000278875
15768.8 -0.000279851
15780.8 -0.000280915
15792.8 -0.000281995
15804.8 -0.00028309
15816.8 -0.000284204
15828.8 -0.000285349
15840.8 -0.000286567
15852.9 -0.000285085
15864.9 -0.000283175
15876.9 -0.000281237
15888.9 -0.000279282
15900.9 -0.000277299
15912.9 -0.000275286
15924.9 -0.000273237
15936.9 -0.000271132
15948.9 -0.000269312
15961 -0.000270575
15973 -0.000271938
15985 -0.000273325
15997 -0.000274751
16009 -0.00027622
16021 -0.000277742
16033 -0.000279337
16045 -0.000281059
16057.1 -0.000280912
16069.1 -0.000276737
16081.1 -0.000272389
16093.1 -0.000267915
16105.1 -0.000263354
16117.1 -0.000258707
16129.1 -0.000253962
16141.1 -0.000249094
16153.2 -0.000244024
16165.2 -0.000241713
16177.2 -0.000241733
16189.2 -0.000241882
16201.2 -0.000242107
16213.2 -0.000242345
16225.2 -0.000242574
16237.2 -0.000242769
16249.2 -0.000242888
16261.3 -0.000242795
16273.3 -0.000246933
16285.3 -0.000252388
16297.3 -0.000258061
16309.3 -0.000263906
16321.3 -0.000269919
16333.3 -0.000276116
16345.3 -0.000282541
16357.4 -0.000289297
16369.4 -0.000296162
16381.4 -0.000293856
16393.4 -0.000290978
16405.4 -0.000287837
16417.4 -0.000284529
16429.4 -0.00028108
16441.4 -0.000277496
16453.5 -0.000273763
16465.5 -0.000269825
16477.5 -0.000266663
16489.5 -0.000266523
16501.5 -0.00026658
16513.5 -0.000266735
16525.5 -0.000266944
16537.5 -0.000267193
16549.5 -0.000267478
16561.6 -0.000267796
16573.6 -0.000268149
16585.6 -0.000268417
16597.6 -0.000268571
16609.6 -0.000268791
16621.6 -0.000269032
16633.6 -0.000269295
16645.6 -0.000269588
16657.7 -0.00026992
16669.7 -0.000270312
16681.7 -0.000270837
16693.7 -0.000269991
16705.7 -0.000268458
16717.7 -0.000266795
16729.7 -0.000265033
16741.7 -0.000263168
16753.8 -0.000261182
16765.8 -0.000259035
16777.8 -0.00025663
16789.8 -0.000253609
16801.8 -0.000256856
16813.8 -0.000260829
16825.8 -0.000265144
16837.8 -0.000269735
16849.8 -0.000274587
16861.9 -0.000279709
16873.9 -0.000285147
16885.9 -0.00029102
16897.9 -0.000296496
16909.9 -0.000297613
16921.9 -0.000298508
16933.9 -0.00029932
16945.9 -0.000300136
16958 -0.00030102
16970 -0.000302044
16982 -0.000303317
16994 -0.000305114
17006 -0.000304156
17018 -0.000297697
17030 -0.000290525
17042 -0.000282863
17054.1 -0.000274783
17066.1 -0.000266298
17078.1 -0.000257378
17090.1 -0.000247928
17102.1 -0.000237613
17114.1 -0.000231191
17126.1 -0.000227731
17138.1 -0.000224579
17150.2 -0.000221559
17162.2 -0.000218587
17174.2 -0.000215603
17186.2 -0.000212544
17198.2 -0.000209308
17210.2 -0.000205494
17222.2 -0.000205811
17234.2 -0.000207067
17246.2 -0.000208703
17258.3 -0.000210646
17270.3 -0.000212886
17282.3 -0.000215447
17294.3 -0.000218407
17306.3 -0.000221966
17318.3 -0.000225654
17330.3 -0.000222572
17342.3 -0.000218613
17354.4 -0.000214181
17366.4 -0.000209394
17378.4 -0.000204297
17390.4 -0.000198896
17402.4 -0.000193161
17414.4 -0.000186972
17426.4 -0.000181355
17438.4 -0.000178154
17450.5 -0.000175183
17462.5 -0.000172301
17474.5 -0.000169458
17486.5 -0.000166633
17498.5 -0.000163821
17510.5 -0.000161037
17522.5 -0.000158359
17534.5 -0.000154747
17546.5 -0.000150049
17558.6 -0.000145033
17570.6 -0.000139721
17582.6 -0.000134088
17594.6 -0.000128075
17606.6 -0.000121568
17618.6 -0.000114326
17630.6 -0.000105416
17642.6 -0.000104449
17654.7 -0.00010655
17666.7 -0.000109459
17678.7 -0.000112909
17690.7 -0.000116786
17702.7 -0.000121033
17714.7 -0.000125622
17726.7 -0.000130552
17738.7 -0.000135819
17750.8 -0.000140666
17762.8 -0.000145681
17774.8 -0.000150921
17786.8 -0.000156417
17798.8 -0.000162208
17810.8 -0.000168351
17822.8 -0.000174948
17834.8 -0.000182251
17846.8 -0.000189033
17858.9 -0.000191184
17870.9 -0.000192696
17882.9 -0.000193893
17894.9 -0.000194888
17906.9 -0.000195738
17918.9 -0.00019648
17930.9 -0.000197137
17942.9 -0.000197726
17955 -0.000198253
17967 -0.000198724
17979 -0.000199152
17991 -0.000199546
18003 -0.000199908
18015 -0.000200245
18027 -0.000200557
18039 -0.000200849
18051.1 -0.000201121
18063.1 -0.000201395
18075.1 -0.000201663
18087.1 -0.00020192
18099.1 -0.000202166
18111.1 -0.000202404
18123.1 -0.000202634
18135.1 -0.000202856
18147.1 -0.000203072
18159.2 -0.000203281
18171.2 -0.000203461
18183.2 -0.000203634
18195.2 -0.000203801
18207.2 -0.000203963
18219.2 -0.00020412
18231.2 -0.000204274
18243.2 -0.000204425
18255.3 -0.000204575
18267.3 -0.000204702
18279.3 -0.000204802
18291.3 -0.000204897
18303.3 -0.000204987
18315.3 -0.000205074
18327.3 -0.000205158
18339.3 -0.000205239
18351.4 -0.000205318
18363.4 -0.000205395
18375.4 -0.000205463
18387.4 -0.000205527
18399.4 -0.000205589
18411.4 -0.000205649
18423.4 -0.000205707
18435.4 -0.000205764
18447.4 -0.000205818
18459.5 -0.000205871
18471.5 -0.000205924
18483.5 -0.00020599
18495.5 -0.000206055
18507.5 -0.000206119
18519.5 -0.000206183
18531.5 -0.000206246
18543.5 -0.000206308
18555.6 -0.00020637
18567.6 -0.000206431
18579.6 -0.000206479
18591.6 -0.000206514
18603.6 -0.000206547
18615.6 -0.000206578
18627.6 -0.000206609
18639.6 -0.000206638
18651.7 -0.000206666
18663.7 -0.000206692
18675.7 -0.000206719
18687.7 -0.000206724
18699.7 -0.000206725
18711.7 -0.000206724
18723.7 -0.000206722
18735.7 -0.000206719
18747.7 -0.000206713
18759.8 -0.000206707
18771.8 -0.000206699
18783.8 -0.00020669
18795.8 -0.000206681
18807.8 -0.00020667
18819.8 -0.000206658
18831.8 -0.000206645
18843.8 -0.00020663
18855.9 -0.000206614
18867.9 -0.000206597
18879.9 -0.000206577
18891.9 -0.000206561
18903.9 -0.000206546
18915.9 -0.000206529
18927.9 -0.000206511
18939.9 -0.000206491
18952 -0.00020647
18964 -0.000206447
18976 -0.000206422
18988 -0.000206396
19000 -0.000206332
