7000 -7.59691e-05
7012.01 -8.13369e-05
7024.02 -8.70318e-05
7036.04 -9.30724e-05
7048.05 -9.94728e-05
7060.06 -0.000106263
7072.07 -0.000113466
7084.08 -0.000121104
7096.1 -0.000129203
7108.11 -0.000137788
7120.12 -0.000146884
7132.13 -0.000156518
7144.14 -0.000166709
7156.16 -0.000177482
7168.17 -0.000188869
7180.18 -0.000200895
7192.19 -0.000213582
7204.2 -0.00022695
7216.22 -0.000241014
7228.23 -0.000255787
7240.24 -0.000271273
7252.25 -0.000287447
7264.26 -0.000304319
7276.28 -0.000321873
7288.29 -0.000340078
7300.3 -0.000358888
7312.31 -0.000378242
7324.32 -0.000398061
7336.34 -0.000418251
7348.35 -0.000438702
7360.36 -0.000459291
7372.37 -0.00047983
7384.38 -0.000500145
7396.4 -0.000520037
7408.41 -0.000539295
7420.42 -0.000557697
7432.43 -0.000575014
7444.44 -0.000591012
7456.46 -0.000605385
7468.47 -0.000618088
7480.48 -0.000628153
7492.49 -0.000635266
7504.5 -0.000640128
7516.52 -0.000642698
7528.53 -0.000642953
7540.54 -0.000640911
7552.55 -0.000636634
7564.56 -0.000630231
7576.58 -0.000621543
7588.59 -0.000613577
7600.6 -0.000605055
7612.61 -0.000595193
7624.62 -0.000584139
7636.64 -0.000572076
7648.65 -0.000559215
7660.66 -0.000545944
7672.67 -0.00053201
7684.68 -0.000517389
7696.7 -0.000503823
7708.71 -0.000490171
7720.72 -0.000476485
7732.73 -0.000462843
7744.74 -0.000449307
7756.76 -0.000435887
7768.77 -0.000422431
7780.78 -0.000409945
7792.79 -0.000396986
7804.8 -0.000379547
7816.82 -0.00036222
7828.83 -0.000345175
7840.84 -0.000328467
7852.85 -0.000312122
7864.86 -0.000296173
7876.88 -0.000280552
7888.89 -0.00026499
7900.9 -0.000251934
7912.91 -0.000242326
7924.92 -0.000233363
7936.94 -0.000224953
7948.95 -0.000217067
7960.96 -0.000209707
7972.97 -0.00020295
7984.98 -0.000196622
7997 -0.000190939
8009.01 -0.000180671
8021.02 -0.000168114
8033.03 -0.000155534
8045.05 -0.000143024
8057.06 -0.000130622
8069.07 -0.000118358
8081.08 -0.000106249
8093.09 -9.41024e-05
8105.11 -8.19567e-05
8117.12 -7.07226e-05
8129.13 -5.96485e-05
8141.14 -4.86729e-05
8153.15 -3.77768e-05
8165.17 -2.6942e-05
8177.18 -1.61475e-05
8189.19 -5.34086e-06
8201.2 5.57606e-06
8213.21 1.54428e-05
8225.23 1.92077e-05
8237.24 2.24657e-05
8249.25 2.54043e-05
8261.26 2.80811e-05
8273.27 3.052e-05
8285.29 3.27215e-05
8297.3 3.47255e-05
8309.31 3.64637e-05
8321.32 3.97569e-05
8333.33 4.56958e-05
8345.35 5.17255e-05
8357.36 5.77803e-05
8369.37 6.38423e-05
8381.38 6.99064e-05
8393.39 7.59941e-05
8405.41 8.2201e-05
8417.42 8.86254e-05
8429.43 9.0429e-05
8441.44 8.93959e-05
8453.45 8.80537e-05
8465.47 8.64809e-05
8477.48 8.47034e-05
8489.49 8.27189e-05
8501.5 8.05576e-05
8513.51 7.81871e-05
8525.53 7.53901e-05
8537.54 7.93153e-05
8549.55 8.41948e-05
8561.56 8.92129e-05
8573.57 9.4311e-05
8585.59 9.94633e-05
8597.6 0.000104652
8609.61 0.000109993
8621.62 0.000115486
8633.63 0.000120241
8645.65 0.000119072
8657.66 0.000117596
8669.67 0.00011595
8681.68 0.00011417
8693.69 0.000112269
8705.71 0.000110256
8717.72 0.000108147
8729.73 0.000105886
8741.74 0.000105361
8753.75 0.000108063
8765.77 0.000110877
8777.78 0.00011374
8789.79 0.000116633
8801.8 0.000119546
8813.81 0.000122462
8825.83 0.000125377
8837.84 0.000128294
8849.85 0.000131209
8861.86 0.000134123
8873.87 0.000137035
8885.89 0.000139945
8897.9 0.000142856
8909.91 0.000145772
8921.92 0.000148646
8933.93 0.000151504
8945.95 0.000154349
8957.96 0.000157183
8969.97 0.000160009
8981.98 0.000162826
8993.99 0.000165638
9006.01 0.000168449
9018.02 0.000171245
9030.03 0.000174
9042.04 0.000176738
9054.05 0.000179461
9066.07 0.000182173
9078.08 0.000184873
9090.09 0.000187563
9102.1 0.000190245
9114.11 0.00019292
9126.13 0.000195582
9138.14 0.000198234
9150.15 0.000200879
9162.16 0.000203519
9174.17 0.000206155
9186.19 0.00020879
9198.2 0.000211427
9210.21 0.000214074
9222.22 0.000216731
9234.23 0.000219293
9246.25 0.000221828
9258.26 0.000224348
9270.27 0.000226858
9282.28 0.000229364
9294.29 0.00023187
9306.31 0.000234384
9318.32 0.000236927
9330.33 0.000239416
9342.34 0.000241777
9354.35 0.000244105
9366.37 0.000246412
9378.38 0.000248707
9390.39 0.000250996
9402.4 0.000253288
9414.41 0.000255597
9426.43 0.000257976
9438.44 0.000260106
9450.45 0.000262148
9462.46 0.000264148
9474.47 0.000266119
9486.49 0.000268071
9498.5 0.00027001
9510.51 0.000271946
9522.52 0.000273896
9534.53 0.00027584
9546.55 0.000277565
9558.56 0.00027923
9570.57 0.000280859
9582.58 0.00028246
9594.59 0.00028404
9606.61 0.000285605
9618.62 0.000287164
9630.63 0.000288734
9642.64 0.000290223
9654.65 0.000291594
9666.67 0.000292926
9678.68 0.00029423
9690.69 0.000295511
9702.7 0.000296775
9714.71 0.000298025
9726.73 0.000299268
9738.74 0.000300526
9750.75 0.000301658
9762.76 0.000302744
9774.77 0.000303802
9786.79 0.000304838
9798.8 0.000305854
9810.81 0.000306855
9822.82 0.000307844
9834.83 0.000308827
9846.85 0.000309792
9858.86 0.000310673
9870.87 0.000311525
9882.88 0.000312355
9894.89 0.000313165
9906.91 0.000313959
9918.92 0.00031474
9930.93 0.000315513
9942.94 0.000316294
9954.95 0.000316984
9966.97 0.00031756
9978.98 0.000318087
9990.99 0.000318571
10003 0.000319011
10015 0.000319404
10027 0.000319741
10039 0.000320003
10051.1 0.000320131
10063.1 0.000320594
10075.1 0.000321126
10087.1 0.000321674
10099.1 0.000322221
10111.1 0.000322757
10123.1 0.000323272
10135.1 0.000323754
10147.1 0.00032418
10159.2 0.000324589
10171.2 0.000325189
10183.2 0.000325813
10195.2 0.000326433
10207.2 0.000327037
10219.2 0.00032761
10231.2 0.000328136
10243.2 0.000328585
10255.3 0.000328869
10267.3 0.000329403
10279.3 0.000330271
10291.3 0.000331209
10303.3 0.000332177
10315.3 0.000333151
10327.3 0.000334106
10339.3 0.000335013
10351.4 0.000335811
10363.4 0.00033634
10375.4 0.000337738
10387.4 0.000339414
10399.4 0.000341238
10411.4 0.000343171
10423.4 0.000345191
10435.4 0.000347282
10447.4 0.000349426
10459.5 0.000351591
10471.5 0.000353822
10483.5 0.000356366
10495.5 0.000359042
10507.5 0.000361824
10519.5 0.000364703
10531.5 0.000367672
10543.5 0.000370727
10555.6 0.000373861
10567.6 0.00037706
10579.6 0.000380385
10591.6 0.000383846
10603.6 0.000387409
10615.6 0.00039107
10627.6 0.000394828
10639.6 0.00039868
10651.7 0.000402628
10663.7 0.00040667
10675.7 0.000410805
10687.7 0.000415045
10699.7 0.000419385
10711.7 0.000423825
10723.7 0.000428363
10735.7 0.000433003
10747.7 0.000437747
10759.8 0.000442601
10771.8 0.000447587
10783.8 0.000452638
10795.8 0.000457512
10807.8 0.000462371
10819.8 0.00046722
10831.8 0.000472044
10843.8 0.000476809
10855.9 0.000481462
10867.9 0.000485915
10879.9 0.000490086
10891.9 0.000491796
10903.9 0.000508031
10915.9 0.000533974
10927.9 0.00056182
10939.9 0.000591168
10952 0.000621945
10964 0.000654239
10976 0.000688328
10988 0.000724887
11000 0.000767096
11012 0.000769953
11024 0.000767297
11036 0.000762512
11048 0.000756262
11060.1 0.000748815
11072.1 0.00074027
11084.1 0.000730617
11096.1 0.000719054
11108.1 0.000707623
11120.1 0.000713217
11132.1 0.000720321
11144.1 0.000728046
11156.2 0.000736113
11168.2 0.000744365
11180.2 0.000752671
11192.2 0.000760881
11204.2 0.000768216
11216.2 0.000780727
11228.2 0.000804262
11240.2 0.000829522
11252.3 0.000856125
11264.3 0.000884042
11276.3 0.000913416
11288.3 0.000944602
11300.3 0.000978241
11312.3 0.00101617
11324.3 0.00101751
11336.3 0.000989708
11348.3 0.000957364
11360.4 0.00092175
11372.4 0.000883216
11384.4 0.000841698
11396.4 0.000796726
11408.4 0.000747033
11420.4 0.00068696
11432.4 0.00070259
11444.4 0.000735904
11456.5 0.000773817
11468.5 0.000814886
11480.5 0.000858552
11492.5 0.00090463
11504.5 0.000953219
11516.5 0.00100505
11528.5 0.00105748
11540.5 0.00107893
11552.6 0.00109777
11564.6 0.00111579
11576.6 0.00113355
11588.6 0.0011514
11600.6 0.00116964
11612.6 0.00118869
11624.6 0.00120947
11636.6 0.00122199
11648.6 0.0012104
11660.7 0.00119571
11672.7 0.00117899
11684.7 0.00116059
11696.7 0.00114057
11708.7 0.00111886
11720.7 0.0010952
11732.7 0.0010685
11744.7 0.00105452
11756.8 0.00105341
11768.8 0.0010533
11780.8 0.00105341
11792.8 0.00105331
11804.8 0.00105259
11816.8 0.00105066
11828.8 0.00104789
11840.8 0.00103926
11852.9 0.00108015
11864.9 0.00113927
11876.9 0.00120386
11888.9 0.00127298
11900.9 0.00134657
11912.9 0.00142507
11924.9 0.00150892
11936.9 0.00160035
11948.9 0.0016989
11961 0.00164775
11973 0.00157739
11985 0.00149703
11997 0.00140878
12009 0.00131313
12021 0.00120955
12033 0.0010963
12045 0.000967372
12057.1 0.000875765
12069.1 0.00094886
12081.1 0.00104164
12093.1 0.00114626
12105.1 0.00126062
12117.1 0.00138443
12129.1 0.00151892
12141.1 0.00166986
12153.2 0.00184534
12165.2 0.00190894
12177.2 0.00181791
12189.2 0.00170459
12201.2 0.00157613
12213.2 0.00143465
12225.2 0.00128028
12237.2 0.00111101
12249.2 0.000923438
12261.3 0.000700251
12273.3 0.000693142
12285.3 0.000791499
12297.3 0.000910555
12309.3 0.00104406
12321.3 0.00118998
12333.3 0.00134818
12345.3 0.001522
12357.4 0.00171617
12369.4 0.00194073
12381.4 0.00191248
12393.4 0.00184949
12405.4 0.00177067
12417.4 0.0016804
12429.4 0.00158034
12441.4 0.00147079
12453.5 0.00135081
12465.5 0.00121667
12477.5 0.00109536
12489.5 0.00109411
12501.5 0.00110582
12513.5 0.00112379
12525.5 0.00114586
12537.5 0.00117103
12549.5 0.00119944
12561.6 0.00123028
12573.6 0.00126262
12585.6 0.00129912
12597.6 0.00134137
12609.6 0.00138617
12621.6 0.00143343
12633.6 0.00148328
12645.6 0.0015359
12657.7 0.00158969
12669.7 0.00164954
12681.7 0.00172248
12693.7 0.00170461
12705.7 0.00163207
12717.7 0.00154909
12729.7 0.00145854
12741.7 0.00136132
12753.8 0.00125824
12765.8 0.00114678
12777.8 0.00102177
12789.8 0.000868095
12801.8 0.000919742
12813.8 0.00100129
12825.8 0.00109623
12837.8 0.00120122
12849.8 0.00131521
12861.9 0.00143872
12873.9 0.00157302
12885.9 0.00172247
12897.9 0.00185373
12909.9 0.0017968
12921.9 0.00171812
12933.9 0.00162732
12945.9 0.00152713
12958 0.00141833
12970 0.0013005
12982 0.00117526
12994 0.00103833
13006 0.000953029
13018 0.000965245
13030 0.000986964
13042 0.00101386
13054.1 0.00104428
13066.1 0.00107706
13078.1 0.00111202
13090.1 0.00114944
13102.1 0.00118949
13114.1 0.00122214
13126.1 0.00125045
13138.1 0.00127945
13150.2 0.00130949
13162.2 0.00134095
13174.2 0.00137464
13186.2 0.0014105
13198.2 0.0014499
13210.2 0.00149935
13222.2 0.00143521
13234.2 0.00135376
13246.2 0.00126605
13258.3 0.00117351
13270.3 0.0010766
13282.3 0.000975185
13294.3 0.000868436
13306.3 0.000753873
13318.3 0.000658387
13330.3 0.000733994
13342.3 0.000823373
13354.4 0.00092009
13366.4 0.00102232
13378.4 0.00112919
13390.4 0.00124085
13402.4 0.00135835
13414.4 0.00148483
13426.4 0.00153601
13438.4 0.00144573
13450.5 0.00134515
13462.5 0.00123852
13474.5 0.00112725
13486.5 0.00101197
13498.5 0.000891947
13510.5 0.00076635
13522.5 0.000631303
13534.5 0.000627838
13546.5 0.000710868
13558.6 0.000801318
13570.6 0.000896488
13582.6 0.000995274
13594.6 0.0010971
13606.6 0.00120264
13618.6 0.00131271
13630.6 0.00143215
13642.6 0.00138174
13654.7 0.00130271
13666.7 0.00121907
13678.7 0.00113239
13690.7 0.00104332
13702.7 0.000952072
13714.7 0.000858572
13726.7 0.000762145
13738.7 0.000677707
13750.8 0.00069966
13762.8 0.000726171
13774.8 0.000754807
13786.8 0.000784929
13798.8 0.00081636
13810.8 0.000848528
13822.8 0.000881545
13834.8 0.00091568
13846.8 0.000935185
13858.9 0.000926672
13870.9 0.000917166
13882.9 0.000907119
13894.9 0.000896516
13906.9 0.000885647
13918.9 0.00087516
13930.9 0.000864907
13942.9 0.000855077
13955 0.0008301
13967 0.000794575
13979 0.000758602
13991 0.000722367
14003 0.000686002
14015 0.000649231
14027 0.000612048
14039 0.000574322
14051.1 0.000535342
14063.1 0.000556487
14075.1 0.000589117
14087.1 0.000622646
14099.1 0.0006568
14111.1 0.000691494
14123.1 0.000726511
14135.1 0.000761924
14147.1 0.000797878
14159.2 0.000827861
14171.2 0.000792099
14183.2 0.000755035
14195.2 0.000717332
14207.2 0.00067896
14219.2 0.000640501
14231.2 0.000602261
14243.2 0.000564018
14255.3 0.000525624
14267.3 0.00050508
14279.3 0.000521809
14291.3 0.000539095
14303.3 0.000556712
14315.3 0.000574642
14327.3 0.000592642
14339.3 0.000610748
14351.4 0.000628991
14363.4 0.000647441
14375.4 0.000649222
14387.4 0.000638404
14399.4 0.000627579
14411.4 0.000616915
14423.4 0.000606481
14435.4 0.000595591
14447.4 0.000584544
14459.5 0.000573411
14471.5 0.000562251
14483.5 0.000537909
14495.5 0.000510341
14507.5 0.000482635
14519.5 0.000454669
14531.5 0.00042691
14543.5 0.00039939
14555.6 0.000371998
14567.6 0.000344701
14579.6 0.0003199
14591.6 0.000336424
14603.6 0.000353048
14615.6 0.000369675
14627.6 0.000386226
14639.6 0.000402883
14651.7 0.000419556
14663.7 0.000436206
14675.7 0.000452799
14687.7 0.000456484
14699.7 0.000428994
14711.7 0.000401575
14723.7 0.000374166
14735.7 0.000346831
14747.7 0.000319934
14759.8 0.000293286
14771.8 0.000266866
14783.8 0.000240691
14795.8 0.00023605
14807.8 0.000250557
14819.8 0.000265029
14831.8 0.000279558
14843.8 0.000293946
14855.9 0.000308219
14867.9 0.000322418
14879.9 0.000336543
14891.9 0.000350562
14903.9 0.000339689
14915.9 0.000321465
14927.9 0.00030337
14939.9 0.000285404
14952 0.000267447
14964 0.000249541
14976 0.000231701
14988 0.000213937
15000 0.000196307
15012 0.000204954
15024 0.000213474
15036 0.000221903
15048 0.000230281
15060.1 0.000238696
15072.1 0.000247092
15084.1 0.000255458
15096.1 0.000263778
15108.1 0.00026699
15120.1 0.00025387
15132.1 0.000240812
15144.1 0.000227729
15156.2 0.000214828
15168.2 0.00020206
15180.2 0.000189381
15192.2 0.000176777
15204.2 0.000164243
15216.2 0.000153373
15228.2 0.000144307
15240.2 0.000135293
15252.3 0.000126336
15264.3 0.000117322
15276.3 0.000108302
15288.3 9.92814e-05
15300.3 9.0257e-05
15312.3 8.12209e-05
15324.3 8.03556e-05
15336.3 8.28011e-05
15348.3 8.51497e-05
15360.4 8.75238e-05
15372.4 9.00835e-05
15384.4 9.26987e-05
15396.4 9.53536e-05
15408.4 9.80478e-05
15420.4 0.000100801
15432.4 9.51109e-05
15444.4 8.89291e-05
15456.5 8.28243e-05
15468.5 7.6623e-05
15480.5 7.03765e-05
15492.5 6.41047e-05
15504.5 5.78076e-05
15516.5 5.14746e-05
15528.5 4.63251e-05
15540.5 4.67913e-05
15552.6 4.7267e-05
15564.6 4.77319e-05
15576.6 4.82576e-05
15588.6 4.88035e-05
15600.6 4.93634e-05
15612.6 4.99377e-05
15624.6 5.05329e-05
15636.6 5.02419e-05
15648.6 4.86314e-05
15660.7 4.70041e-05
15672.7 4.53888e-05
15684.7 4.38085e-05
15696.7 4.22526e-05
15708.7 4.07272e-05
15720.7 3.92462e-05
15732.7 3.78478e-05
15744.7 3.32343e-05
15756.8 2.68152e-05
15768.8 2.04542e-05
15780.8 1.38653e-05
15792.8 7.16165e-06
15804.8 3.83288e-07
15816.8 -6.45993e-06
15828.8 -1.33684e-05
15840.8 -2.03629e-05
15852.9 -2.58072e-05
15864.9 -3.10338e-05
15876.9 -3.62764e-05
15888.9 -4.16019e-05
15900.9 -4.69817e-05
15912.9 -5.24158e-05
15924.9 -5.79104e-05
15936.9 -6.34809e-05
15948.9 -6.88715e-05
15961 -7.1972e-05
15973 -7.50546e-05
15985 -7.80998e-05
15997 -8.10954e-05
16009 -8.4073e-05
16021 -8.70322e-05
16033 -8.99618e-05
16045 -9.28272e-05
16057.1 -9.70358e-05
16069.1 -0.000104113
16081.1 -0.000111358
16093.1 -0.000118618
16105.1 -0.000125928
16117.1 -0.000133298
16129.1 -0.000140738
16141.1 -0.00014826
16153.2 -0.000155909
16165.2 -0.000161951
16177.2 -0.000166612
16189.2 -0.000171245
16201.2 -0.000176077
16213.2 -0.000180991
16225.2 -0.000185982
16237.2 -0.000191065
16249.2 -0.000196276
16261.3 -0.000201747
16273.3 -0.000203001
16285.3 -0.000202962
16297.3 -0.000202788
16309.3 -0.000202513
16321.3 -0.000202132
16333.3 -0.000201632
16345.3 -0.000200986
16357.4 -0.000200126
16369.4 -0.000199195
16381.4 -0.000204202
16393.4 -0.000209583
16405.4 -0.000215054
16417.4 -0.000220602
16429.4 -0.000226215
16441.4 -0.000231891
16453.5 -0.000237642
16465.5 -0.000243517
16477.5 -0.000248594
16489.5 -0.000250757
16501.5 -0.000252688
16513.5 -0.000254524
16525.5 -0.000256227
16537.5 -0.000257786
16549.5 -0.000259177
16561.6 -0.000260352
16573.6 -0.000261185
16585.6 -0.000264197
16597.6 -0.000269945
16609.6 -0.000275982
16621.6 -0.000282174
16633.6 -0.000288458
16645.6 -0.000294822
16657.7 -0.000301277
16669.7 -0.000307871
16681.7 -0.000314793
16693.7 -0.000318035
16705.7 -0.000319434
16717.7 -0.000320469
16729.7 -0.000321231
16741.7 -0.000321742
16753.8 -0.000322002
16765.8 -0.00032199
16777.8 -0.000321651
16789.8 -0.000320774
16801.8 -0.000323359
16813.8 -0.000326165
16825.8 -0.000328931
16837.8 -0.000331637
16849.8 -0.00033426
16861.9 -0.000336788
16873.9 -0.000339217
16885.9 -0.000341552
16897.9 -0.000343656
16909.9 -0.000344913
16921.9 -0.0003461
16933.9 -0.000347132
16945.9 -0.000347974
16958 -0.000348599
16970 -0.000348966
16982 -0.000348996
16994 -0.000348481
17006 -0.000350068
17018 -0.000355989
17030 -0.000362434
17042 -0.0003692
17054.1 -0.000376243
17066.1 -0.000383577
17078.1 -0.000391262
17090.1 -0.000399448
17102.1 -0.000408618
17114.1 -0.000411988
17126.1 -0.000410833
17138.1 -0.000408965
17150.2 -0.000406654
17162.2 -0.00040401
17174.2 -0.0004011
17186.2 -0.000397971
17198.2 -0.00039468
17210.2 -0.000391383
17222.2 -0.000386426
17234.2 -0.000380927
17246.2 -0.000375108
17258.3 -0.000369002
17270.3 -0.000362619
17282.3 -0.00035596
17294.3 -0.000349013
17306.3 -0.000341748
17318.3 -0.000334217
17330.3 -0.000327374
17342.3 -0.000320447
17354.4 -0.000313287
17366.4 -0.000305835
17378.4 -0.000298028
17390.4 -0.000289767
17402.4 -0.000280874
17414.4 -0.000270894
17426.4 -0.000263348
17438.4 -0.000264602
17450.5 -0.00026708
17462.5 -0.000270304
17474.5 -0.000274121
17486.5 -0.00027848
17498.5 -0.000283396
17510.5 -0.000288963
17522.5 -0.000295539
17534.5 -0.000299216
17546.5 -0.000299499
17558.6 -0.0002994
17570.6 -0.000299143
17582.6 -0.000298827
17594.6 -0.000298519
17606.6 -0.000298281
17618.6 -0.000298199
17630.6 -0.000298548
17642.6 -0.000296694
17654.7 -0.000294002
17666.7 -0.00029109
17678.7 -0.00028804
17690.7 -0.000284894
17702.7 -0.00028168
17714.7 -0.000278423
17726.7 -0.000275161
17738.7 -0.000271912
17750.8 -0.000267824
17762.8 -0.000263544
17774.8 -0.000259125
17786.8 -0.000254584
17798.8 -0.000249918
17810.8 -0.000245117
17822.8 -0.000240151
17834.8 -0.000234936
17846.8 -0.000229898
17858.9 -0.000226422
17870.9 -0.000223171
17882.9 -0.000220035
17894.9 -0.000216978
17906.9 -0.000213981
17918.9 -0.000211032
17930.9 -0.000208124
17942.9 -0.000205254
17955 -0.000202411
17967 -0.000199592
17979 -0.000196802
17991 -0.000194041
18003 -0.000191306
18015 -0.000188597
18027 -0.000185914
18039 -0.000183255
18051.1 -0.00018062
18063.1 -0.000178026
18075.1 -0.000175458
18087.1 -0.000172913
18099.1 -0.000170391
18111.1 -0.00016789
18123.1 -0.000165412
18135.1 -0.000162956
18147.1 -0.000160522
18159.2 -0.000158106
18171.2 -0.000155696
18183.2 -0.000153309
18195.2 -0.000150943
18207.2 -0.000148598
18219.2 -0.000146275
18231.2 -0.000143973
18243.2 -0.000141692
18255.3 -0.000139433
18267.3 -0.00013718
18279.3 -0.000134935
18291.3 -0.000132711
18303.3 -0.000130509
18315.3 -0.000128328
18327.3 -0.000126168
18339.3 -0.000124028
18351.4 -0.000121909
18363.4 -0.000119811
18375.4 -0.000117729
18387.4 -0.000115667
18399.4 -0.000113625
18411.4 -0.000111602
18423.4 -0.0001096
18435.4 -0.000107616
18447.4 -0.000105653
18459.5 -0.000103708
18471.5 -0.000101784
18483.5 -9.98848e-05
18495.5 -9.80043e-05
18507.5 -9.61421e-05
18519.5 -9.42982e-05
18531.5 -9.24724e-05
18543.5 -9.06646e-05
18555.6 -8.88746e-05
18567.6 -8.71025e-05
18579.6 -8.53427e-05
18591.6 -8.35957e-05
18603.6 -8.1866e-05
18615.6 -8.01535e-05
18627.6 -7.84581e-05
18639.6 -7.67797e-05
18651.7 -7.51181e-05
18663.7 -7.34734e-05
18675.7 -7.18456e-05
18687.7 -7.02275e-05
18699.7 -6.86246e-05
18711.7 -6.70377e-05
18723.7 -6.54668e-05
18735.7 -6.39117e-05
18747.7 -6.23724e-05
18759.8 -6.08486e-05
18771.8 -5.93402e-05
18783.8 -5.78472e-05
18795.8 -5.63697e-05
18807.8 -5.49072e-05
18819.8 -5.34596e-05
18831.8 -5.20268e-05
18843.8 -5.06085e-05
18855.9 -4.92047e-05
18867.9 -4.78152e-05
18879.9 -4.64397e-05
18891.9 -4.50791e-05
18903.9 -4.37335e-05
18915.9 -4.24019e-05
18927.9 -4.10843e-05
18939.9 -3.97805e-05
18952 -3.84905e-05
18964 -3.72143e-05
18976 -3.59521e-05
18988 -3.47051e-05
19000 -3.34651e-05
