7000 4.46049e-05
7012.01 4.50029e-05
7024.02 4.54073e-05
7036.04 4.58224e-05
7048.05 4.62295e-05
7060.06 4.6636e-05
7072.07 4.70451e-05
7084.08 4.74579e-05
7096.1 4.78753e-05
7108.11 4.82978e-05
7120.12 4.87263e-05
7132.13 4.91623e-05
7144.14 4.96062e-05
7156.16 5.00438e-05
7168.17 5.04842e-05
7180.18 5.09289e-05
7192.19 5.1379e-05
7204.2 5.18353e-05
7216.22 5.22985e-05
7228.23 5.27698e-05
7240.24 5.32519e-05
7252.25 5.37371e-05
7264.26 5.42188e-05
7276.28 5.47056e-05
7288.29 5.51991e-05
7300.3 5.57003e-05
7312.31 5.62103e-05
7324.32 5.67298e-05
7336.34 5.72597e-05
7348.35 5.77988e-05
7360.36 5.83633e-05
7372.37 5.89492e-05
7384.38 5.95574e-05
7396.4 6.01914e-05
7408.41 6.08563e-05
7420.42 6.15598e-05
7432.43 6.2314e-05
7444.44 6.31403e-05
7456.46 6.40701e-05
7468.47 6.51691e-05
7480.48 6.41975e-05
7492.49 6.07294e-05
7504.5 5.69889e-05
7516.52 5.30574e-05
7528.53 4.89592e-05
7540.54 4.46965e-05
7552.55 4.02509e-05
7564.56 3.55892e-05
7576.58 3.05529e-05
7588.59 2.91104e-05
7600.6 2.92068e-05
7612.61 2.94701e-05
7624.62 2.98235e-05
7636.64 3.02301e-05
7648.65 3.0662e-05
7660.66 3.10757e-05
7672.67 3.15713e-05
7684.68 3.20728e-05
7696.7 3.36751e-05
7708.71 3.54192e-05
7720.72 3.72491e-05
7732.73 3.91512e-05
7744.74 4.11215e-05
7756.76 4.31673e-05
7768.77 4.52743e-05
7780.78 4.7276e-05
7792.79 4.93918e-05
7804.8 5.20507e-05
7816.82 5.47743e-05
7828.83 5.75478e-05
7840.84 6.03688e-05
7852.85 6.32386e-05
7864.86 6.61584e-05
7876.88 6.91783e-05
7888.89 7.2364e-05
7900.9 7.43415e-05
7912.91 7.45736e-05
7924.92 7.46624e-05
7936.94 7.46579e-05
7948.95 7.45724e-05
7960.96 7.44024e-05
7972.97 7.41267e-05
7984.98 7.37606e-05
7997 7.31433e-05
8009.01 7.60645e-05
8021.02 8.08675e-05
8033.03 8.59145e-05
8045.05 9.11404e-05
8057.06 9.65245e-05
8069.07 0.000102065
8081.08 0.000107794
8093.09 0.000113808
8105.11 0.000120402
8117.12 0.000119961
8129.13 0.000118827
8141.14 0.000117469
8153.15 0.000115956
8165.17 0.000114318
8177.18 0.000112565
8189.19 0.000110698
8201.2 0.000108685
8213.21 0.000107063
8225.23 0.000108158
8237.24 0.000109405
8249.25 0.00011072
8261.26 0.000112079
8273.27 0.000113472
8285.29 0.000114895
8297.3 0.000116361
8309.31 0.000117876
8321.32 0.00011895
8333.33 0.000119293
8345.35 0.000119585
8357.36 0.000119844
8369.37 0.000120073
8381.38 0.00012027
8393.39 0.000120435
8405.41 0.000120561
8417.42 0.000120589
8429.43 0.000122397
8441.44 0.000125292
8453.45 0.000128291
8465.47 0.000131364
8477.48 0.000134503
8489.49 0.000137705
8501.5 0.000140999
8513.51 0.000144407
8525.53 0.000148064
8537.54 0.00014705
8549.55 0.000145334
8561.56 0.000143475
8573.57 0.000141513
8585.59 0.000139461
8597.6 0.000137321
8609.61 0.000135107
8621.62 0.000132762
8633.63 0.000130976
8645.65 0.000133822
8657.66 0.000136881
8669.67 0.000140044
8681.68 0.000143281
8693.69 0.000146578
8705.71 0.000149934
8717.72 0.000153356
8729.73 0.000156859
8741.74 0.000159389
8753.75 0.000160115
8765.77 0.000160769
8777.78 0.000161388
8789.79 0.000161981
8801.8 0.000162556
8813.81 0.000163112
8825.83 0.000163655
8837.84 0.000164185
8849.85 0.000164706
8861.86 0.000165217
8873.87 0.000165719
8885.89 0.000166213
8897.9 0.0001667
8909.91 0.000167177
8921.92 0.000167637
8933.93 0.000168088
8945.95 0.000168532
8957.96 0.00016897
8969.97 0.0001694
8981.98 0.000169824
8993.99 0.000170242
9006.01 0.000170654
9018.02 0.000171052
9030.03 0.000171439
9042.04 0.000171818
9054.05 0.000172192
9066.07 0.000172559
9078.08 0.000172921
9090.09 0.000173277
9102.1 0.000173627
9114.11 0.000173972
9126.13 0.00017431
9138.14 0.000174642
9150.15 0.000174969
9162.16 0.000175291
9174.17 0.000175609
9186.19 0.000175921
9198.2 0.000176229
9210.21 0.000176533
9222.22 0.000176823
9234.23 0.000177087
9246.25 0.000177344
9258.26 0.000177597
9270.27 0.000177845
9282.28 0.000178088
9294.29 0.000178328
9306.31 0.000178563
9318.32 0.000178796
9330.33 0.000178988
9342.34 0.000179158
9354.35 0.000179323
9366.37 0.000179484
9378.38 0.000179641
9390.39 0.000179794
9402.4 0.000179944
9414.41 0.000180092
9426.43 0.000180233
9438.44 0.000180296
9450.45 0.000180356
9462.46 0.000180411
9474.47 0.000180465
9486.49 0.000180515
9498.5 0.000180564
9510.51 0.00018061
9522.52 0.000180655
9534.53 0.000180671
9546.55 0.000180644
9558.56 0.000180615
9570.57 0.000180584
9582.58 0.000180553
9594.59 0.000180521
9606.61 0.000180489
9618.62 0.000180456
9630.63 0.000180422
9642.64 0.000180352
9654.65 0.000180271
9666.67 0.00018019
9678.68 0.000180109
9690.69 0.000180028
9702.7 0.000179948
9714.71 0.000179868
9726.73 0.000179789
9738.74 0.000179708
9750.75 0.000179596
9762.76 0.000179487
9774.77 0.000179378
9786.79 0.00017927
9798.8 0.000179163
9810.81 0.000179058
9822.82 0.000178954
9834.83 0.000178851
9846.85 0.000178739
9858.86 0.000178616
9870.87 0.000178495
9882.88 0.000178375
9894.89 0.000178256
9906.91 0.000178138
9918.92 0.000178023
9930.93 0.000177908
9942.94 0.000177795
9954.95 0.00017765
9966.97 0.000177497
9978.98 0.000177345
9990.99 0.000177194
10003 0.000177044
10015 0.000176894
10027 0.000176745
10039 0.000176595
10051.1 0.000176458
10063.1 0.000176416
10075.1 0.000176375
10087.1 0.000176335
10099.1 0.000176295
10111.1 0.000176255
10123.1 0.000176214
10135.1 0.000176173
10147.1 0.00017613
10159.2 0.000176116
10171.2 0.000176142
10183.2 0.000176167
10195.2 0.000176193
10207.2 0.000176216
10219.2 0.000176238
10231.2 0.000176258
10243.2 0.000176272
10255.3 0.000176278
10267.3 0.000176413
10279.3 0.000176585
10291.3 0.00017676
10303.3 0.000176935
10315.3 0.00017711
10327.3 0.000177282
10339.3 0.000177449
10351.4 0.000177609
10363.4 0.000177786
10375.4 0.000178182
10387.4 0.000178594
10399.4 0.000179015
10411.4 0.000179443
10423.4 0.000179876
10435.4 0.000180313
10447.4 0.000180754
10459.5 0.000181195
10471.5 0.000181672
10483.5 0.000182199
10495.5 0.000182735
10507.5 0.000183278
10519.5 0.000183828
10531.5 0.000184384
10543.5 0.000184946
10555.6 0.000185513
10567.6 0.000186083
10579.6 0.000186677
10591.6 0.000187281
10603.6 0.000187891
10615.6 0.000188508
10627.6 0.000189129
10639.6 0.000189756
10651.7 0.000190387
10663.7 0.000191023
10675.7 0.000191663
10687.7 0.000192308
10699.7 0.000192956
10711.7 0.000193607
10723.7 0.000194261
10735.7 0.000194915
10747.7 0.000195571
10759.8 0.000196227
10771.8 0.000196885
10783.8 0.000197508
10795.8 0.000198081
10807.8 0.000198639
10819.8 0.000199179
10831.8 0.000199698
10843.8 0.000200188
10855.9 0.000200641
10867.9 0.000201042
10879.9 0.000201369
10891.9 0.000201195
10903.9 0.000202794
10915.9 0.000205567
10927.9 0.000208539
10939.9 0.000211652
10952 0.000214884
10964 0.000218227
10976 0.000221686
10988 0.000225269
11000 0.000229046
11012 0.000231647
11024 0.000234123
11036 0.00023658
11048 0.000239039
11060.1 0.000241511
11072.1 0.000244004
11084.1 0.000246527
11096.1 0.000248926
11108.1 0.000251198
11120.1 0.00025353
11132.1 0.000255881
11144.1 0.000258252
11156.2 0.000260646
11168.2 0.000263068
11180.2 0.000265523
11192.2 0.000268023
11204.2 0.000270508
11216.2 0.000272749
11228.2 0.000274462
11240.2 0.000276126
11252.3 0.000277765
11264.3 0.00027939
11276.3 0.000281008
11288.3 0.000282624
11300.3 0.000284196
11312.3 0.000285655
11324.3 0.000286777
11336.3 0.000287626
11348.3 0.000288416
11360.4 0.000289154
11372.4 0.00028984
11384.4 0.000290467
11396.4 0.000291018
11408.4 0.000291466
11420.4 0.000291656
11432.4 0.000293851
11444.4 0.000296521
11456.5 0.000299319
11468.5 0.000302206
11480.5 0.000305165
11492.5 0.000308187
11504.5 0.000311271
11516.5 0.00031444
11528.5 0.000317652
11540.5 0.000320651
11552.6 0.000323667
11564.6 0.000326716
11576.6 0.000329805
11588.6 0.000332942
11600.6 0.000336137
11612.6 0.0003394
11624.6 0.000342769
11636.6 0.000345824
11648.6 0.000347886
11660.7 0.000349862
11672.7 0.000351806
11684.7 0.00035374
11696.7 0.000355682
11708.7 0.000357651
11720.7 0.000359691
11732.7 0.000361873
11744.7 0.000363036
11756.8 0.000363165
11768.8 0.000363128
11780.8 0.000362974
11792.8 0.000362721
11804.8 0.000362376
11816.8 0.000361975
11828.8 0.000361785
11840.8 0.000361233
11852.9 0.000362544
11864.9 0.000364478
11876.9 0.000366524
11888.9 0.000368633
11900.9 0.000370783
11912.9 0.000372951
11924.9 0.000374908
11936.9 0.000376714
11948.9 0.000378611
11961 0.000379818
11973 0.000380967
11985 0.000382104
11997 0.000383243
12009 0.000384394
12021 0.00038557
12033 0.000386867
12045 0.000388203
12057.1 0.000389465
12069.1 0.000390405
12081.1 0.000391322
12093.1 0.000392244
12105.1 0.000393191
12117.1 0.00039419
12129.1 0.000395388
12141.1 0.000397079
12153.2 0.000398773
12165.2 0.000399754
12177.2 0.000399795
12189.2 0.000399652
12201.2 0.000399368
12213.2 0.000398954
12225.2 0.000398398
12237.2 0.000397504
12249.2 0.000396424
12261.3 0.000395242
12273.3 0.000394657
12285.3 0.00039435
12297.3 0.000394078
12309.3 0.000393824
12321.3 0.000393591
12333.3 0.000393413
12345.3 0.000393619
12357.4 0.000393667
12369.4 0.000393507
12381.4 0.00039474
12393.4 0.000396158
12405.4 0.000397663
12417.4 0.000399239
12429.4 0.000400887
12441.4 0.000402622
12453.5 0.000404479
12465.5 0.000406536
12477.5 0.00040824
12489.5 0.000407376
12501.5 0.000406166
12513.5 0.000404755
12525.5 0.000403197
12537.5 0.000401542
12549.5 0.00040007
12561.6 0.000398411
12573.6 0.000396383
12585.6 0.000394888
12597.6 0.000394446
12609.6 0.000394008
12621.6 0.000393495
12633.6 0.000392845
12645.6 0.000391927
12657.7 0.000390212
12669.7 0.00038864
12681.7 0.000386949
12693.7 0.000387164
12705.7 0.000388553
12717.7 0.000390238
12729.7 0.00039218
12741.7 0.000394404
12753.8 0.000397228
12765.8 0.000400555
12777.8 0.000403987
12789.8 0.00040801
12801.8 0.000406977
12813.8 0.000405168
12825.8 0.000403003
12837.8 0.000400585
12849.8 0.000397976
12861.9 0.00039532
12873.9 0.000392422
12885.9 0.000389269
12897.9 0.000385928
12909.9 0.000382638
12921.9 0.000379162
12933.9 0.000375472
12945.9 0.000371529
12958 0.000367229
12970 0.000362354
12982 0.000357456
12994 0.000352248
13006 0.000348935
13018 0.000349122
13030 0.000349675
13042 0.000350427
13054.1 0.000351298
13066.1 0.000352109
13078.1 0.00035306
13090.1 0.000354315
13102.1 0.000355962
13114.1 0.000354887
13126.1 0.000352059
13138.1 0.000349042
13150.2 0.000345926
13162.2 0.000342767
13174.2 0.000339695
13186.2 0.000336447
13198.2 0.00033305
13210.2 0.000329486
13222.2 0.000326661
13234.2 0.000323882
13246.2 0.000321072
13258.3 0.000318219
13270.3 0.000315317
13282.3 0.00031236
13294.3 0.000309334
13306.3 0.000306215
13318.3 0.000303224
13330.3 0.000301616
13342.3 0.000300083
13354.4 0.000298563
13366.4 0.000297027
13378.4 0.000295389
13390.4 0.00029379
13402.4 0.000292251
13414.4 0.000290742
13426.4 0.000289219
13438.4 0.000287649
13450.5 0.000286085
13462.5 0.000284531
13474.5 0.000282999
13486.5 0.00028153
13498.5 0.000279978
13510.5 0.000278365
13522.5 0.000276675
13534.5 0.000275802
13546.5 0.000275459
13558.6 0.000275142
13570.6 0.000274822
13582.6 0.00027445
13594.6 0.000274042
13606.6 0.000273787
13618.6 0.000273638
13630.6 0.000273681
13642.6 0.000270299
13654.7 0.000266339
13666.7 0.000262283
13678.7 0.000258162
13690.7 0.000253993
13702.7 0.000249775
13714.7 0.000245505
13726.7 0.000241172
13738.7 0.000237102
13750.8 0.000235368
13762.8 0.000233739
13774.8 0.000232169
13786.8 0.000230661
13798.8 0.00022924
13810.8 0.000227743
13822.8 0.000226223
13834.8 0.000224698
13846.8 0.000222702
13858.9 0.000219833
13870.9 0.000216897
13882.9 0.000213896
13894.9 0.000210777
13906.9 0.000207637
13918.9 0.000204617
13930.9 0.000201641
13942.9 0.000198701
13955 0.00019535
13967 0.000191717
13979 0.000188089
13991 0.000184473
14003 0.000180896
14015 0.000177275
14027 0.000173624
14039 0.000169948
14051.1 0.000166225
14063.1 0.000164588
14075.1 0.00016335
14087.1 0.000162144
14099.1 0.000160968
14111.1 0.00015982
14123.1 0.000158641
14135.1 0.00015745
14147.1 0.00015625
14159.2 0.000155038
14171.2 0.000153782
14183.2 0.000152506
14195.2 0.000151198
14207.2 0.000149794
14219.2 0.000148445
14231.2 0.000147199
14243.2 0.000145999
14255.3 0.000144832
14267.3 0.000143686
14279.3 0.00014255
14291.3 0.00014144
14303.3 0.00014036
14315.3 0.000139326
14327.3 0.000138268
14339.3 0.000137207
14351.4 0.000136152
14363.4 0.000135107
14375.4 0.000134037
14387.4 0.000132957
14399.4 0.000131906
14411.4 0.00013091
14423.4 0.000129967
14435.4 0.000128884
14447.4 0.000127753
14459.5 0.000126591
14471.5 0.000125406
14483.5 0.000123122
14495.5 0.000120552
14507.5 0.000117943
14519.5 0.000115252
14531.5 0.000112613
14543.5 0.000110027
14555.6 0.000107462
14567.6 0.000104908
14579.6 0.00010235
14591.6 9.95857e-05
14603.6 9.68222e-05
14615.6 9.40533e-05
14627.6 9.12655e-05
14639.6 8.85299e-05
14651.7 8.58182e-05
14663.7 8.31221e-05
14675.7 8.04382e-05
14687.7 7.82386e-05
14699.7 7.71952e-05
14711.7 7.61441e-05
14723.7 7.5067e-05
14735.7 7.39873e-05
14747.7 7.30003e-05
14759.8 7.20473e-05
14771.8 7.11186e-05
14783.8 7.02089e-05
14795.8 6.82927e-05
14807.8 6.54852e-05
14819.8 6.27129e-05
14831.8 5.99959e-05
14843.8 5.7254e-05
14855.9 5.45023e-05
14867.9 5.17559e-05
14879.9 4.90194e-05
14891.9 4.62965e-05
14903.9 4.48033e-05
14915.9 4.36822e-05
14927.9 4.257e-05
14939.9 4.14713e-05
14952 4.03536e-05
14964 3.92324e-05
14976 3.81108e-05
14988 3.69897e-05
15000 3.58678e-05
15012 3.41882e-05
15024 3.25111e-05
15036 3.08294e-05
15048 2.91568e-05
15060.1 2.75181e-05
15072.1 2.5894e-05
15084.1 2.42813e-05
15096.1 2.2678e-05
15108.1 2.09972e-05
15120.1 1.90474e-05
15132.1 1.71017e-05
15144.1 1.51428e-05
15156.2 1.32407e-05
15168.2 1.13728e-05
15180.2 9.52812e-06
15192.2 7.70365e-06
15204.2 5.89807e-06
15216.2 4.20729e-06
15228.2 2.6401e-06
15240.2 1.09303e-06
15252.3 -4.33609e-07
15264.3 -1.97289e-06
15276.3 -3.50747e-06
15288.3 -5.03472e-06
15300.3 -6.55412e-06
15312.3 -8.06597e-06
15324.3 -1.00913e-05
15336.3 -1.23269e-05
15348.3 -1.4575e-05
15360.4 -1.67848e-05
15372.4 -1.89144e-05
15384.4 -2.10084e-05
15396.4 -2.30734e-05
15408.4 -2.51121e-05
15420.4 -2.7126e-05
15432.4 -2.90647e-05
15444.4 -3.09736e-05
15456.5 -3.28466e-05
15468.5 -3.47408e-05
15480.5 -3.66334e-05
15492.5 -3.85183e-05
15504.5 -4.03953e-05
15516.5 -4.22678e-05
15528.5 -4.36858e-05
15540.5 -4.30147e-05
15552.6 -4.2319e-05
15564.6 -4.16026e-05
15576.6 -4.08442e-05
15588.6 -4.00561e-05
15600.6 -3.92369e-05
15612.6 -3.83818e-05
15624.6 -3.74778e-05
15636.6 -3.80671e-05
15648.6 -4.08858e-05
15660.7 -4.37095e-05
15672.7 -4.65186e-05
15684.7 -4.93066e-05
15696.7 -5.20776e-05
15708.7 -5.48329e-05
15720.7 -5.7575e-05
15732.7 -6.03121e-05
15744.7 -6.21359e-05
15756.8 -6.34237e-05
15768.8 -6.46561e-05
15780.8 -6.59281e-05
15792.8 -6.71954e-05
15804.8 -6.84469e-05
15816.8 -6.96781e-05
15828.8 -7.08838e-05
15840.8 -7.20511e-05
15852.9 -7.39439e-05
15864.9 -7.59322e-05
15876.9 -7.79114e-05
15888.9 -7.98921e-05
15900.9 -8.1861e-05
15912.9 -8.38139e-05
15924.9 -8.57466e-05
15936.9 -8.76501e-05
15948.9 -8.96904e-05
15961 -9.32231e-05
15973 -9.68096e-05
15985 -0.000100408
15997 -0.00010402
16009 -0.000107661
16021 -0.000111344
16033 -0.000115097
16045 -0.000118982
16057.1 -0.000120638
16069.1 -0.000117507
16081.1 -0.000114167
16093.1 -0.000110669
16105.1 -0.000107048
16117.1 -0.000103306
16129.1 -9.94289e-05
16141.1 -9.53804e-05
16153.2 -9.10506e-05
16165.2 -9.07344e-05
16177.2 -9.38138e-05
16189.2 -9.70635e-05
16201.2 -0.000100456
16213.2 -0.000103932
16225.2 -0.000107483
16237.2 -0.000111113
16249.2 -0.000114846
16261.3 -0.000118776
16273.3 -0.000119742
16285.3 -0.000119819
16297.3 -0.000119814
16309.3 -0.000119759
16321.3 -0.000119667
16333.3 -0.000119547
16345.3 -0.00011941
16357.4 -0.000119274
16369.4 -0.000119105
16381.4 -0.000117454
16393.4 -0.000115659
16405.4 -0.000113754
16417.4 -0.000111753
16429.4 -0.000109652
16441.4 -0.000107436
16453.5 -0.000105073
16465.5 -0.000102482
16477.5 -0.000100916
16489.5 -0.000103258
16501.5 -0.000105858
16513.5 -0.000108608
16525.5 -0.00011146
16537.5 -0.000114402
16549.5 -0.000117432
16561.6 -0.000120569
16573.6 -0.000123866
16585.6 -0.000126069
16597.6 -0.00012688
16609.6 -0.000127623
16621.6 -0.00012832
16633.6 -0.000128981
16645.6 -0.000129609
16657.7 -0.000130203
16669.7 -0.000130754
16681.7 -0.000131218
16693.7 -0.000132527
16705.7 -0.000134254
16717.7 -0.000136043
16729.7 -0.000137885
16741.7 -0.000139777
16753.8 -0.00014172
16765.8 -0.000143721
16777.8 -0.000145792
16789.8 -0.000147968
16801.8 -0.000149653
16813.8 -0.00015133
16825.8 -0.000153044
16837.8 -0.000154826
16849.8 -0.0001567
16861.9 -0.0001587
16873.9 -0.000160884
16885.9 -0.000163383
16897.9 -0.000165306
16909.9 -0.000162415
16921.9 -0.00015907
16933.9 -0.000155444
16945.9 -0.0001516
16958 -0.000147563
16970 -0.000143331
16982 -0.000138879
16994 -0.000134112
17006 -0.000130324
17018 -0.000128605
17030 -0.000127083
17042 -0.000125659
17054.1 -0.000124309
17066.1 -0.000123028
17078.1 -0.000121829
17090.1 -0.000120749
17102.1 -0.000119932
17114.1 -0.000117274
17126.1 -0.00011316
17138.1 -0.000108763
17150.2 -0.000104145
17162.2 -9.93129e-05
17174.2 -9.42507e-05
17186.2 -8.89106e-05
17198.2 -8.31765e-05
17210.2 -7.65227e-05
17222.2 -7.52986e-05
17234.2 -7.5213e-05
17246.2 -7.55007e-05
17258.3 -7.60552e-05
17270.3 -7.68431e-05
17282.3 -7.78671e-05
17294.3 -7.91683e-05
17306.3 -8.08731e-05
17318.3 -8.26656e-05
17330.3 -7.99797e-05
17342.3 -7.67007e-05
17354.4 -7.31027e-05
17366.4 -6.92618e-05
17378.4 -6.52045e-05
17390.4 -6.09326e-05
17402.4 -5.64234e-05
17414.4 -5.15981e-05
17426.4 -4.70887e-05
17438.4 -4.40372e-05
17450.5 -4.10708e-05
17462.5 -3.80853e-05
17474.5 -3.50278e-05
17486.5 -3.18496e-05
17498.5 -2.84866e-05
17510.5 -2.48233e-05
17522.5 -2.05259e-05
17534.5 -1.90917e-05
17546.5 -2.09371e-05
17558.6 -2.33988e-05
17570.6 -2.63014e-05
17582.6 -2.95955e-05
17594.6 -3.32864e-05
17606.6 -3.7433e-05
17618.6 -4.21989e-05
17630.6 -4.82821e-05
17642.6 -4.82913e-05
17654.7 -4.59557e-05
17666.7 -4.29832e-05
17678.7 -3.95506e-05
17690.7 -3.57092e-05
17702.7 -3.14487e-05
17714.7 -2.6693e-05
17726.7 -2.12206e-05
17738.7 -1.49301e-05
17750.8 -1.57471e-05
17762.8 -1.77432e-05
17774.8 -2.03323e-05
17786.8 -2.33662e-05
17798.8 -2.67934e-05
17810.8 -3.06132e-05
17822.8 -3.48782e-05
17834.8 -3.97691e-05
17846.8 -4.42953e-05
17858.9 -4.51952e-05
17870.9 -4.56228e-05
17882.9 -4.58283e-05
17894.9 -4.58973e-05
17906.9 -4.58724e-05
17918.9 -4.57789e-05
17930.9 -4.5633e-05
17942.9 -4.54461e-05
17955 -4.5225e-05
17967 -4.49739e-05
17979 -4.46997e-05
17991 -4.4406e-05
18003 -4.40959e-05
18015 -4.37718e-05
18027 -4.34356e-05
18039 -4.30887e-05
18051.1 -4.27322e-05
18063.1 -4.23717e-05
18075.1 -4.20065e-05
18087.1 -4.16358e-05
18099.1 -4.12602e-05
18111.1 -4.08802e-05
18123.1 -4.04964e-05
18135.1 -4.01094e-05
18147.1 -3.97197e-05
18159.2 -3.93275e-05
18171.2 -3.89282e-05
18183.2 -3.85263e-05
18195.2 -3.81224e-05
18207.2 -3.77171e-05
18219.2 -3.73105e-05
18231.2 -3.69029e-05
18243.2 -3.64948e-05
18255.3 -3.60865e-05
18267.3 -3.56749e-05
18279.3 -3.52578e-05
18291.3 -3.484e-05
18303.3 -3.44217e-05
18315.3 -3.40033e-05
18327.3 -3.35849e-05
18339.3 -3.31667e-05
18351.4 -3.27488e-05
18363.4 -3.23314e-05
18375.4 -3.19135e-05
18387.4 -3.14958e-05
18399.4 -3.10787e-05
18411.4 -3.06622e-05
18423.4 -3.02465e-05
18435.4 -2.98316e-05
18447.4 -2.94175e-05
18459.5 -2.90042e-05
18471.5 -2.85921e-05
18483.5 -2.81831e-05
18495.5 -2.77754e-05
18507.5 -2.7369e-05
18519.5 -2.69638e-05
18531.5 -2.65599e-05
18543.5 -2.61573e-05
18555.6 -2.5756e-05
18567.6 -2.53563e-05
18579.6 -2.49567e-05
18591.6 -2.45565e-05
18603.6 -2.41575e-05
18615.6 -2.37598e-05
18627.6 -2.33636e-05
18639.6 -2.29687e-05
18651.7 -2.25753e-05
18663.7 -2.21835e-05
18675.7 -2.17934e-05
18687.7 -2.14028e-05
18699.7 -2.10131e-05
18711.7 -2.06248e-05
18723.7 -2.0238e-05
18735.7 -1.98527e-05
18747.7 -1.94689e-05
18759.8 -1.90868e-05
18771.8 -1.87062e-05
18783.8 -1.83273e-05
18795.8 -1.79501e-05
18807.8 -1.75746e-05
18819.8 -1.72007e-05
18831.8 -1.68285e-05
18843.8 -1.64579e-05
18855.9 -1.60891e-05
18867.9 -1.57219e-05
18879.9 -1.53563e-05
18891.9 -1.49928e-05
18903.9 -1.46312e-05
18915.9 -1.42715e-05
18927.9 -1.39136e-05
18939.9 -1.35575e-05
18952 -1.32032e-05
18964 -1.28507e-05
18976 -1.25002e-05
18988 -1.2152e-05
19000 -1.18034e-05
