7000 -0.000312316
7012.01 -0.000323424
7024.02 -0.000334847
7036.04 -0.000346587
7048.05 -0.000358572
7060.06 -0.000370834
7072.07 -0.000383372
7084.08 -0.000396174
7096.1 -0.000409228
7108.11 -0.000422516
7120.12 -0.000436018
7132.13 -0.000449711
7144.14 -0.000463553
7156.16 -0.00047748
7168.17 -0.000491492
7180.18 -0.000505555
7192.19 -0.000519628
7204.2 -0.000533666
7216.22 -0.000547621
7228.23 -0.000561441
7240.24 -0.000575072
7252.25 -0.000588403
7264.26 -0.000601403
7276.28 -0.000614031
7288.29 -0.00062623
7300.3 -0.000637938
7312.31 -0.000649096
7324.32 -0.000659645
7336.34 -0.000669529
7348.35 -0.000678704
7360.36 -0.000687154
7372.37 -0.000694785
7384.38 -0.000701556
7396.4 -0.000707429
7408.41 -0.000712373
7420.42 -0.000716362
7432.43 -0.00071937
7444.44 -0.000721371
7456.46 -0.000722234
7468.47 -0.000721982
7480.48 -0.000722164
7492.49 -0.000723074
7504.5 -0.000723311
7516.52 -0.00072286
7528.53 -0.000721749
7540.54 -0.000720029
7552.55 -0.000717783
7564.56 -0.000715192
7576.58 -0.000712356
7588.59 -0.000704811
7600.6 -0.000694947
7612.61 -0.000684377
7624.62 -0.000673237
7636.64 -0.000661617
7648.65 -0.000649598
7660.66 -0.00063739
7672.67 -0.000624853
7684.68 -0.000611695
7696.7 -0.000602002
7708.71 -0.000592427
7720.72 -0.000582826
7732.73 -0.000573189
7744.74 -0.000563519
7756.76 -0.000553795
7768.77 -0.000543792
7780.78 -0.000534171
7792.79 -0.000523919
7804.8 -0.000509855
7816.82 -0.00049563
7828.83 -0.000481379
7840.84 -0.000467149
7852.85 -0.000452963
7864.86 -0.000438842
7876.88 -0.000424782
7888.89 -0.000410524
7900.9 -0.000398903
7912.91 -0.000391032
7924.92 -0.000383621
7936.94 -0.000376569
7948.95 -0.000369847
7960.96 -0.000363459
7972.97 -0.00035747
7984.98 -0.000351815
7997 -0.000346629
8009.01 -0.000337535
8021.02 -0.000326457
8033.03 -0.000315296
8045.05 -0.000304133
8057.06 -0.000292999
8069.07 -0.000281913
8081.08 -0.000270899
8093.09 -0.000259808
8105.11 -0.000248512
8117.12 -0.000240821
8129.13 -0.000233567
8141.14 -0.000226516
8153.15 -0.000219628
8165.17 -0.000212881
8177.18 -0.000206264
8189.19 -0.00019976
8201.2 -0.000193337
8213.21 -0.000187161
8225.23 -0.000181953
8237.24 -0.000176899
8249.25 -0.000171962
8261.26 -0.000167124
8273.27 -0.000162366
8285.29 -0.000157671
8297.3 -0.000152972
8309.31 -0.000148169
8321.32 -0.000146155
8333.33 -0.000148656
8345.35 -0.000151585
8357.36 -0.000154822
8369.37 -0.000158328
8381.38 -0.000162087
8393.39 -0.000166106
8405.41 -0.000170374
8417.42 -0.000174996
8429.43 -0.000176202
8441.44 -0.000175379
8453.45 -0.000174495
8465.47 -0.000173612
8477.48 -0.000172752
8489.49 -0.000171931
8501.5 -0.000171144
8513.51 -0.000170359
8525.53 -0.000169529
8537.54 -0.000170783
8549.55 -0.000172409
8561.56 -0.000174165
8573.57 -0.000176039
8585.59 -0.000178032
8597.6 -0.000180164
8609.61 -0.000182404
8621.62 -0.000184791
8633.63 -0.000186687
8645.65 -0.000184279
8657.66 -0.000181707
8669.67 -0.000179078
8681.68 -0.000176423
8693.69 -0.00017376
8705.71 -0.000171101
8717.72 -0.000168434
8729.73 -0.00016577
8741.74 -0.000163041
8753.75 -0.000160192
8765.77 -0.000157345
8777.78 -0.000154505
8789.79 -0.000151674
8801.8 -0.00014885
8813.81 -0.000146038
8825.83 -0.000143242
8837.84 -0.000140459
8849.85 -0.00013769
8861.86 -0.000134935
8873.87 -0.000132192
8885.89 -0.000129462
8897.9 -0.000126741
8909.91 -0.000124024
8921.92 -0.000121336
8933.93 -0.000118668
8945.95 -0.000116019
8957.96 -0.000113386
8969.97 -0.000110769
8981.98 -0.000108167
8993.99 -0.000105577
9006.01 -0.000102998
9018.02 -0.000100427
9030.03 -9.78878e-05
9042.04 -9.53689e-05
9054.05 -9.28679e-05
9066.07 -9.03836e-05
9078.08 -8.79149e-05
9090.09 -8.54611e-05
9102.1 -8.30213e-05
9114.11 -8.05939e-05
9126.13 -7.8181e-05
9138.14 -7.57821e-05
9150.15 -7.33956e-05
9162.16 -7.10202e-05
9174.17 -6.86549e-05
9186.19 -6.62978e-05
9198.2 -6.39466e-05
9210.21 -6.1596e-05
9222.22 -5.92333e-05
9234.23 -5.69202e-05
9246.25 -5.4632e-05
9258.26 -5.23607e-05
9270.27 -5.01025e-05
9282.28 -4.78543e-05
9294.29 -4.56126e-05
9306.31 -4.33721e-05
9318.32 -4.11195e-05
9330.33 -3.88693e-05
9342.34 -3.66941e-05
9354.35 -3.45477e-05
9366.37 -3.24212e-05
9378.38 -3.03094e-05
9390.39 -2.82076e-05
9402.4 -2.61106e-05
9414.41 -2.40089e-05
9426.43 -2.18629e-05
9438.44 -1.98099e-05
9450.45 -1.78216e-05
9462.46 -1.58673e-05
9474.47 -1.39378e-05
9486.49 -1.20275e-05
9498.5 -1.01312e-05
9510.51 -8.24307e-06
9522.52 -6.35161e-06
9534.53 -4.44245e-06
9546.55 -2.63982e-06
9558.56 -8.81286e-07
9570.57 8.4757e-07
9582.58 2.55309e-06
9594.59 4.23968e-06
9606.61 5.91146e-06
9618.62 7.57368e-06
9630.63 9.23849e-06
9642.64 1.08812e-05
9654.65 1.24553e-05
9666.67 1.40002e-05
9678.68 1.55228e-05
9690.69 1.70271e-05
9702.7 1.8516e-05
9714.71 1.99926e-05
9726.73 2.14616e-05
9738.74 2.29383e-05
9750.75 2.43617e-05
9762.76 2.57536e-05
9774.77 2.71254e-05
9786.79 2.84808e-05
9798.8 2.98223e-05
9810.81 3.11519e-05
9822.82 3.24722e-05
9834.83 3.37872e-05
9846.85 3.50988e-05
9858.86 3.63699e-05
9870.87 3.76226e-05
9882.88 3.88615e-05
9894.89 4.0089e-05
9906.91 4.13068e-05
9918.92 4.25171e-05
9930.93 4.37234e-05
9942.94 4.49352e-05
9954.95 4.61216e-05
9966.97 4.72514e-05
9978.98 4.83557e-05
9990.99 4.94381e-05
10003 5.04991e-05
10015 5.15375e-05
10027 5.25493e-05
10039 5.35249e-05
10051.1 5.44239e-05
10063.1 5.54482e-05
10075.1 5.65171e-05
10087.1 5.76016e-05
10099.1 5.86929e-05
10111.1 5.97859e-05
10123.1 6.0876e-05
10135.1 6.19576e-05
10147.1 6.30193e-05
10159.2 6.40629e-05
10171.2 6.51954e-05
10183.2 6.63502e-05
10195.2 6.75151e-05
10207.2 6.86833e-05
10219.2 6.98489e-05
10231.2 7.1004e-05
10243.2 7.21352e-05
10255.3 7.32006e-05
10267.3 7.43404e-05
10279.3 7.56468e-05
10291.3 7.70037e-05
10303.3 7.83922e-05
10315.3 7.98012e-05
10327.3 8.12205e-05
10339.3 8.26363e-05
10351.4 8.40219e-05
10363.4 8.52888e-05
10375.4 8.69062e-05
10387.4 8.86753e-05
10399.4 9.0536e-05
10411.4 9.24701e-05
10423.4 9.44682e-05
10435.4 9.65231e-05
10447.4 9.86279e-05
10459.5 0.00010077
10471.5 0.000102957
10483.5 0.000105302
10495.5 0.000107734
10507.5 0.000110243
10519.5 0.000112826
10531.5 0.000115479
10543.5 0.000118202
10555.6 0.000120993
10567.6 0.000123848
10579.6 0.000126789
10591.6 0.000129825
10603.6 0.000132942
10615.6 0.000136141
10627.6 0.000139422
10639.6 0.000142786
10651.7 0.000146234
10663.7 0.000149768
10675.7 0.000153388
10687.7 0.000157102
10699.7 0.000160908
10711.7 0.00016481
10723.7 0.00016881
10735.7 0.000172912
10747.7 0.000177119
10759.8 0.000181438
10771.8 0.00018588
10783.8 0.000190422
10795.8 0.000194984
10807.8 0.000199639
10819.8 0.0002044
10831.8 0.000209277
10843.8 0.000214283
10855.9 0.000219435
10867.9 0.000224762
10879.9 0.000230352
10891.9 0.000235825
10903.9 0.000240179
10915.9 0.000243921
10927.9 0.000247594
10939.9 0.000251246
10952 0.000254896
10964 0.00025856
10976 0.000262246
10988 0.000265956
11000 0.000269623
11012 0.000273452
11024 0.000277335
11036 0.000281269
11048 0.000285258
11060.1 0.000289308
11072.1 0.000293433
11084.1 0.000297663
11096.1 0.000301839
11108.1 0.000305701
11120.1 0.000308264
11132.1 0.000310677
11144.1 0.000313013
11156.2 0.000315296
11168.2 0.00031754
11180.2 0.000319756
11192.2 0.000321961
11204.2 0.000324069
11216.2 0.000325849
11228.2 0.000327009
11240.2 0.000328042
11252.3 0.000328966
11264.3 0.000329782
11276.3 0.000330485
11288.3 0.000331056
11300.3 0.000331404
11312.3 0.000331288
11324.3 0.000332691
11336.3 0.000335287
11348.3 0.000337985
11360.4 0.00034072
11372.4 0.00034346
11384.4 0.000346185
11396.4 0.000348876
11408.4 0.00035152
11420.4 0.000354049
11432.4 0.000357302
11444.4 0.000360698
11456.5 0.000364101
11468.5 0.000367492
11480.5 0.000370856
11492.5 0.000374184
11504.5 0.000377465
11516.5 0.000380709
11528.5 0.000383921
11540.5 0.000387569
11552.6 0.000391223
11564.6 0.000394854
11576.6 0.000398448
11588.6 0.000401998
11600.6 0.000405493
11612.6 0.000408914
11624.6 0.00041223
11636.6 0.000415735
11648.6 0.000419874
11660.7 0.000424064
11672.7 0.000428278
11684.7 0.000432515
11696.7 0.000436788
11708.7 0.00044112
11720.7 0.000445584
11732.7 0.000450331
11744.7 0.000452879
11756.8 0.000453193
11768.8 0.000453132
11780.8 0.0004528
11792.8 0.000452241
11804.8 0.000451481
11816.8 0.000450603
11828.8 0.000449888
11840.8 0.000448686
11852.9 0.00044878
11864.9 0.000449191
11876.9 0.000449509
11888.9 0.000449682
11900.9 0.000449672
11912.9 0.00044942
11924.9 0.000448582
11936.9 0.000447269
11948.9 0.000445781
11961 0.000448185
11973 0.000451055
11985 0.000454144
11997 0.000457396
12009 0.000460797
12021 0.000464367
12033 0.000468244
12045 0.000472399
12057.1 0.000475841
12069.1 0.000476198
12081.1 0.0004762
12093.1 0.000476012
12105.1 0.0004757
12117.1 0.000475321
12129.1 0.000475102
12141.1 0.000475172
12153.2 0.000474814
12165.2 0.000475048
12177.2 0.000476188
12189.2 0.000477363
12201.2 0.000478529
12213.2 0.000479669
12225.2 0.000480758
12237.2 0.000481553
12249.2 0.000482428
12261.3 0.000483661
12273.3 0.000482981
12285.3 0.000481372
12297.3 0.000479598
12309.3 0.00047773
12321.3 0.000475824
12333.3 0.000473979
12345.3 0.000472573
12357.4 0.000470777
12369.4 0.000468643
12381.4 0.00046795
12393.4 0.000467388
12405.4 0.000466858
12417.4 0.000466348
12429.4 0.000465862
12441.4 0.00046542
12453.5 0.00046505
12465.5 0.00046482
12477.5 0.000464296
12489.5 0.000461701
12501.5 0.000458836
12513.5 0.000455833
12525.5 0.000452761
12537.5 0.00044971
12549.5 0.000447073
12561.6 0.000444158
12573.6 0.000441007
12585.6 0.000437169
12597.6 0.000432353
12609.6 0.000427176
12621.6 0.000421651
12633.6 0.00041573
12645.6 0.000409201
12657.7 0.000401694
12669.7 0.000394665
12681.7 0.000387631
12693.7 0.000381985
12705.7 0.000377188
12717.7 0.00037261
12729.7 0.000368226
12741.7 0.000364089
12753.8 0.000360646
12765.8 0.000357113
12777.8 0.000353154
12789.8 0.000348925
12801.8 0.000345123
12813.8 0.000341291
12825.8 0.000337401
12837.8 0.000333458
12849.8 0.000329491
12861.9 0.000325615
12873.9 0.000321489
12885.9 0.000317156
12897.9 0.000312721
12909.9 0.000308606
12921.9 0.000304389
12933.9 0.000300025
12945.9 0.000295465
12958 0.000290558
12970 0.000285266
12982 0.000280262
12994 0.000275198
13006 0.000271213
13018 0.000269141
13030 0.0002673
13042 0.000265583
13054.1 0.00026392
13066.1 0.000262098
13078.1 0.000260571
13090.1 0.000259367
13102.1 0.000258467
13114.1 0.000256441
13126.1 0.000253726
13138.1 0.000251035
13150.2 0.000248421
13162.2 0.000245944
13174.2 0.000243717
13186.2 0.000241386
13198.2 0.000239118
13210.2 0.000237185
13222.2 0.000231124
13234.2 0.000224433
13246.2 0.000217522
13258.3 0.000210452
13270.3 0.000203254
13282.3 0.00019594
13294.3 0.00018851
13306.3 0.000180953
13318.3 0.000173479
13330.3 0.000167258
13342.3 0.000161081
13354.4 0.000154889
13366.4 0.000148652
13378.4 0.000142278
13390.4 0.000136047
13402.4 0.000129898
13414.4 0.000123783
13426.4 0.000117808
13438.4 0.000112059
13450.5 0.000106354
13462.5 0.000100688
13474.5 9.50769e-05
13486.5 8.95286e-05
13498.5 8.38568e-05
13510.5 7.81398e-05
13522.5 7.23871e-05
13534.5 6.67295e-05
13546.5 6.11237e-05
13558.6 5.5491e-05
13570.6 4.98134e-05
13582.6 4.40287e-05
13594.6 3.8295e-05
13606.6 3.27027e-05
13618.6 2.71285e-05
13630.6 2.14764e-05
13642.6 1.84662e-05
13654.7 1.59373e-05
13666.7 1.3518e-05
13678.7 1.11791e-05
13690.7 8.90666e-06
13702.7 6.6831e-06
13714.7 4.50175e-06
13726.7 2.35099e-06
13738.7 3.76044e-07
13750.8 -4.8383e-07
13762.8 -1.24355e-06
13774.8 -1.92322e-06
13786.8 -2.5121e-06
13798.8 -3.03049e-06
13810.8 -3.62996e-06
13822.8 -4.22026e-06
13834.8 -4.77486e-06
13846.8 -6.04715e-06
13858.9 -8.68091e-06
13870.9 -1.13786e-05
13882.9 -1.41292e-05
13894.9 -1.69856e-05
13906.9 -1.9716e-05
13918.9 -2.22967e-05
13930.9 -2.4809e-05
13942.9 -2.72544e-05
13955 -3.0562e-05
13967 -3.4461e-05
13979 -3.83517e-05
13991 -4.22185e-05
14003 -4.60451e-05
14015 -4.99314e-05
14027 -5.38289e-05
14039 -5.77269e-05
14051.1 -6.16245e-05
14063.1 -6.52067e-05
14075.1 -6.87185e-05
14087.1 -7.22105e-05
14099.1 -7.5676e-05
14111.1 -7.91339e-05
14123.1 -8.26323e-05
14135.1 -8.61331e-05
14147.1 -8.96276e-05
14159.2 -9.32918e-05
14171.2 -9.87522e-05
14183.2 -0.00010426
14195.2 -0.000109807
14207.2 -0.000115447
14219.2 -0.000120886
14231.2 -0.000126217
14243.2 -0.000131503
14255.3 -0.000136764
14267.3 -0.000140795
14279.3 -0.000142293
14291.3 -0.000143729
14303.3 -0.000145116
14315.3 -0.000146463
14327.3 -0.000147846
14339.3 -0.000149223
14351.4 -0.000150587
14363.4 -0.000151943
14375.4 -0.000152279
14387.4 -0.000151836
14399.4 -0.000151358
14411.4 -0.000150827
14423.4 -0.000150347
14435.4 -0.000150006
14447.4 -0.000149697
14459.5 -0.000149407
14471.5 -0.000149134
14483.5 -0.000148863
14495.5 -0.000148606
14507.5 -0.000148374
14519.5 -0.000148196
14531.5 -0.000147895
14543.5 -0.000147558
14555.6 -0.000147209
14567.6 -0.000146855
14579.6 -0.000146736
14591.6 -0.000150661
14603.6 -0.000154594
14615.6 -0.000158534
14627.6 -0.000162472
14639.6 -0.000166344
14651.7 -0.000170194
14663.7 -0.000174029
14675.7 -0.00017785
14687.7 -0.000180721
14699.7 -0.000181314
14711.7 -0.000181916
14723.7 -0.000182539
14735.7 -0.000183105
14747.7 -0.000183588
14759.8 -0.00018405
14771.8 -0.0001845
14783.8 -0.000184942
14795.8 -0.000186489
14807.8 -0.000189017
14819.8 -0.000191521
14831.8 -0.000193991
14843.8 -0.000196527
14855.9 -0.000199073
14867.9 -0.000201617
14879.9 -0.000204159
14891.9 -0.000206697
14903.9 -0.00020989
14915.9 -0.000213271
14927.9 -0.00021664
14939.9 -0.000220002
14952 -0.000223386
14964 -0.000226766
14976 -0.000230142
14988 -0.000233511
15000 -0.00023687
15012 -0.000239026
15024 -0.000241185
15036 -0.000243348
15048 -0.000245481
15060.1 -0.000247585
15072.1 -0.00024968
15084.1 -0.000251766
15096.1 -0.000253845
15108.1 -0.000255377
15120.1 -0.000255167
15132.1 -0.000254967
15144.1 -0.000254775
15156.2 -0.000254519
15168.2 -0.000254253
15180.2 -0.000253981
15192.2 -0.000253706
15204.2 -0.000253428
15216.2 -0.000253653
15228.2 -0.000254425
15240.2 -0.000255186
15252.3 -0.00025595
15264.3 -0.000256733
15276.3 -0.000257514
15288.3 -0.00025829
15300.3 -0.000259061
15312.3 -0.000259825
15324.3 -0.000261529
15336.3 -0.000263614
15348.3 -0.000265701
15360.4 -0.000267694
15372.4 -0.000269628
15384.4 -0.000271539
15396.4 -0.000273431
15408.4 -0.000275307
15420.4 -0.000277171
15432.4 -0.000277698
15444.4 -0.000278124
15456.5 -0.000278534
15468.5 -0.000278982
15480.5 -0.000279421
15492.5 -0.000279846
15504.5 -0.000280255
15516.5 -0.000280648
15528.5 -0.000281051
15540.5 -0.000281569
15552.6 -0.000282069
15564.6 -0.000282534
15576.6 -0.000282954
15588.6 -0.000283341
15600.6 -0.000283693
15612.6 -0.000283999
15624.6 -0.000284239
15636.6 -0.000286934
15648.6 -0.000293287
15660.7 -0.000299663
15672.7 -0.00030603
15684.7 -0.000312394
15696.7 -0.000318763
15708.7 -0.000325145
15720.7 -0.00033156
15732.7 -0.00033806
15744.7 -0.000339544
15756.8 -0.000338158
15768.8 -0.000336698
15780.8 -0.000335264
15792.8 -0.000333776
15804.8 -0.000332231
15816.8 -0.00033062
15828.8 -0.000328929
15840.8 -0.000327102
15852.9 -0.000328856
15864.9 -0.000331142
15876.9 -0.000333449
15888.9 -0.000335763
15900.9 -0.000338065
15912.9 -0.000340351
15924.9 -0.00034262
15936.9 -0.000344869
15948.9 -0.0003471
15961 -0.000349315
15973 -0.000351512
15985 -0.00035366
15997 -0.000355787
16009 -0.000357903
16021 -0.000360016
16033 -0.00036214
16045 -0.000364313
16057.1 -0.000365156
16069.1 -0.000363178
16081.1 -0.000361033
16093.1 -0.000358745
16105.1 -0.000356352
16117.1 -0.000353851
16129.1 -0.000351228
16141.1 -0.000348458
16153.2 -0.00034546
16165.2 -0.000345194
16177.2 -0.000347231
16189.2 -0.000349391
16201.2 -0.000351606
16213.2 -0.000353804
16225.2 -0.000355965
16237.2 -0.000358064
16249.2 -0.000360059
16261.3 -0.000361816
16273.3 -0.000367734
16285.3 -0.000374928
16297.3 -0.000382315
16309.3 -0.000389842
16321.3 -0.000397505
16333.3 -0.000405321
16345.3 -0.00041333
16357.4 -0.000421628
16369.4 -0.000430011
16381.4 -0.000429864
16393.4 -0.000429165
16405.4 -0.00042821
16417.4 -0.000427094
16429.4 -0.000425849
16441.4 -0.000424488
16453.5 -0.000423012
16465.5 -0.000421404
16477.5 -0.000420046
16489.5 -0.000419807
16501.5 -0.000419623
16513.5 -0.000419431
16525.5 -0.000419204
16537.5 -0.00041893
16549.5 -0.0004186
16561.6 -0.000418191
16573.6 -0.000417651
16585.6 -0.000418111
16597.6 -0.000419839
16609.6 -0.000421748
16621.6 -0.000423711
16633.6 -0.000425719
16645.6 -0.000427771
16657.7 -0.000429868
16669.7 -0.000432018
16681.7 -0.000434254
16693.7 -0.000435964
16705.7 -0.000437425
16717.7 -0.000438873
16729.7 -0.000440336
16741.7 -0.000441824
16753.8 -0.000443348
16765.8 -0.000444922
16777.8 -0.000446571
16789.8 -0.000448373
16801.8 -0.000448922
16813.8 -0.00044933
16825.8 -0.000449715
16837.8 -0.000450111
16849.8 -0.000450534
16861.9 -0.000451005
16873.9 -0.00045155
16885.9 -0.000452223
16897.9 -0.000452714
16909.9 -0.000451529
16921.9 -0.000450292
16933.9 -0.000448956
16945.9 -0.000447567
16958 -0.00044615
16970 -0.000444724
16982 -0.00044331
16994 -0.000441952
17006 -0.000440237
17018 -0.000437835
17030 -0.000435353
17042 -0.000432819
17054.1 -0.000430255
17066.1 -0.000427681
17078.1 -0.000425122
17090.1 -0.000422621
17102.1 -0.000420301
17114.1 -0.000416421
17126.1 -0.000411289
17138.1 -0.000405918
17150.2 -0.000400365
17162.2 -0.000394645
17174.2 -0.000388756
17186.2 -0.000382682
17198.2 -0.000376378
17210.2 -0.000369629
17222.2 -0.000365012
17234.2 -0.000360779
17246.2 -0.000356626
17258.3 -0.000352501
17270.3 -0.000348382
17282.3 -0.000344253
17294.3 -0.000340105
17306.3 -0.000335925
17318.3 -0.000331739
17330.3 -0.000327915
17342.3 -0.000324102
17354.4 -0.000320262
17366.4 -0.000316401
17378.4 -0.000312522
17390.4 -0.000308633
17402.4 -0.000304753
17414.4 -0.000300932
17426.4 -0.00029673
17438.4 -0.000291344
17450.5 -0.00028573
17462.5 -0.00027994
17474.5 -0.000273981
17486.5 -0.000267849
17498.5 -0.000261529
17510.5 -0.000254985
17522.5 -0.000248116
17534.5 -0.000241907
17546.5 -0.000236474
17558.6 -0.00023106
17570.6 -0.00022559
17582.6 -0.000220026
17594.6 -0.000214335
17606.6 -0.000208479
17618.6 -0.000202405
17630.6 -0.000195966
17642.6 -0.000190431
17654.7 -0.000185098
17666.7 -0.000179619
17678.7 -0.0001739
17690.7 -0.000167842
17702.7 -0.000161301
17714.7 -0.000154036
17726.7 -0.000145501
17738.7 -0.000135444
17750.8 -0.000141741
17762.8 -0.000150974
17774.8 -0.000161831
17786.8 -0.000173991
17798.8 -0.000187365
17810.8 -0.000201998
17822.8 -0.000218101
17834.8 -0.000236321
17846.8 -0.000253197
17858.9 -0.000257395
17870.9 -0.000259936
17882.9 -0.000261686
17894.9 -0.000262946
17906.9 -0.000263866
17918.9 -0.000264535
17930.9 -0.000265011
17942.9 -0.000265332
17955 -0.000265517
17967 -0.000265598
17979 -0.000265596
17991 -0.000265523
18003 -0.000265391
18015 -0.000265207
18027 -0.000264979
18039 -0.000264713
18051.1 -0.000264417
18063.1 -0.000264117
18075.1 -0.000263782
18087.1 -0.000263417
18099.1 -0.000263027
18111.1 -0.000262614
18123.1 -0.000262179
18135.1 -0.000261724
18147.1 -0.000261249
18159.2 -0.000260741
18171.2 -0.000260205
18183.2 -0.000259663
18195.2 -0.000259112
18207.2 -0.000258552
18219.2 -0.000257982
18231.2 -0.000257402
18243.2 -0.00025681
18255.3 -0.000256204
18267.3 -0.000255549
18279.3 -0.000254889
18291.3 -0.000254234
18303.3 -0.000253579
18315.3 -0.000252924
18327.3 -0.000252268
18339.3 -0.00025161
18351.4 -0.000250951
18363.4 -0.000250289
18375.4 -0.000249617
18387.4 -0.000248948
18399.4 -0.00024828
18411.4 -0.000247612
18423.4 -0.000246945
18435.4 -0.000246279
18447.4 -0.000245614
18459.5 -0.000244951
18471.5 -0.000244299
18483.5 -0.000243653
18495.5 -0.000243002
18507.5 -0.000242346
18519.5 -0.000241688
18531.5 -0.000241026
18543.5 -0.000240361
18555.6 -0.000239691
18567.6 -0.000239014
18579.6 -0.000238311
18591.6 -0.00023761
18603.6 -0.000236913
18615.6 -0.000236218
18627.6 -0.000235524
18639.6 -0.000234829
18651.7 -0.000234134
18663.7 -0.000233436
18675.7 -0.000232731
18687.7 -0.000232004
18699.7 -0.000231288
18711.7 -0.000230577
18723.7 -0.000229869
18735.7 -0.000229163
18747.7 -0.00022846
18759.8 -0.000227758
18771.8 -0.000227059
18783.8 -0.000226362
18795.8 -0.000225667
18807.8 -0.000224973
18819.8 -0.000224279
18831.8 -0.000223586
18843.8 -0.000222894
18855.9 -0.000222203
18867.9 -0.000221512
18879.9 -0.000220824
18891.9 -0.000220142
18903.9 -0.000219458
18915.9 -0.000218772
18927.9 -0.000218083
18939.9 -0.000217392
18952 -0.000216698
18964 -0.000216
18976 -0.000215296
18988 -0.000214576
19000 -0.000213823
