7000 -4.00857e-05
7012.01 -4.31708e-05
7024.02 -4.64515e-05
7036.04 -4.99446e-05
7048.05 -5.36454e-05
7060.06 -5.75753e-05
7072.07 -6.17523e-05
7084.08 -6.61931e-05
7096.1 -7.09154e-05
7108.11 -7.5937e-05
7120.12 -8.12772e-05
7132.13 -8.69559e-05
7144.14 -9.29911e-05
7156.16 -9.93868e-05
7168.17 -0.000106173
7180.18 -0.000113372
7192.19 -0.000121002
7204.2 -0.000129081
7216.22 -0.000137627
7228.23 -0.000146654
7240.24 -0.000156173
7252.25 -0.000166175
7264.26 -0.00017666
7276.28 -0.000187631
7288.29 -0.000199078
7300.3 -0.000210978
7312.31 -0.000223297
7324.32 -0.000235991
7336.34 -0.000248998
7348.35 -0.000262245
7360.36 -0.000275664
7372.37 -0.000289125
7384.38 -0.000302504
7396.4 -0.000315661
7408.41 -0.000328444
7420.42 -0.000340692
7432.43 -0.000352237
7444.44 -0.000362914
7456.46 -0.000372515
7468.47 -0.00038096
7480.48 -0.000387261
7492.49 -0.000391142
7504.5 -0.000393408
7516.52 -0.000394044
7528.53 -0.000393049
7540.54 -0.000390448
7552.55 -0.000386292
7564.56 -0.000380675
7576.58 -0.00037351
7588.59 -0.000367457
7600.6 -0.000361351
7612.61 -0.000354466
7624.62 -0.000346904
7636.64 -0.000338793
7648.65 -0.000330271
7660.66 -0.000321561
7672.67 -0.00031263
7684.68 -0.000303471
7696.7 -0.000294219
7708.71 -0.00028495
7720.72 -0.000275731
7732.73 -0.00026661
7744.74 -0.00025762
7756.76 -0.000248758
7768.77 -0.000239916
7780.78 -0.000231461
7792.79 -0.000223758
7804.8 -0.000218089
7816.82 -0.000212941
7828.83 -0.000208262
7840.84 -0.000204042
7852.85 -0.000200291
7864.86 -0.000197048
7876.88 -0.000194366
7888.89 -0.000192325
7900.9 -0.000186783
7912.91 -0.000176096
7924.92 -0.000165207
7936.94 -0.000154278
7948.95 -0.00014336
7960.96 -0.000132474
7972.97 -0.000121642
7984.98 -0.000110727
7997 -9.95975e-05
8009.01 -9.22788e-05
8021.02 -8.70188e-05
8033.03 -8.20801e-05
8045.05 -7.73864e-05
8057.06 -7.29065e-05
8069.07 -6.86291e-05
8081.08 -6.45544e-05
8093.09 -6.0612e-05
8105.11 -5.68932e-05
8117.12 -5.17416e-05
8129.13 -4.65326e-05
8141.14 -4.13629e-05
8153.15 -3.62428e-05
8165.17 -3.11735e-05
8177.18 -2.6153e-05
8189.19 -2.11688e-05
8201.2 -1.61991e-05
8213.21 -1.14601e-05
8225.23 -7.89229e-06
8237.24 -4.4496e-06
8249.25 -1.094e-06
8261.26 2.18893e-06
8273.27 5.40851e-06
8285.29 8.57102e-06
8297.3 1.17083e-05
8309.31 1.48422e-05
8321.32 1.72202e-05
8333.33 1.83938e-05
8345.35 1.94232e-05
8357.36 2.03365e-05
8369.37 2.11396e-05
8381.38 2.1827e-05
8393.39 2.23864e-05
8405.41 2.28018e-05
8417.42 2.29352e-05
8429.43 2.75255e-05
8441.44 3.48251e-05
8453.45 4.2359e-05
8465.47 5.00537e-05
8477.48 5.78872e-05
8489.49 6.5857e-05
8501.5 7.40044e-05
8513.51 8.23963e-05
8525.53 9.13232e-05
8537.54 9.03394e-05
8549.55 8.7879e-05
8561.56 8.51404e-05
8573.57 8.22159e-05
8585.59 7.91487e-05
8597.6 7.59659e-05
8609.61 7.27154e-05
8621.62 6.94063e-05
8633.63 6.57977e-05
8645.65 6.04335e-05
8657.66 5.49028e-05
8669.67 4.92468e-05
8681.68 4.34766e-05
8693.69 3.75932e-05
8705.71 3.1592e-05
8717.72 2.54589e-05
8729.73 1.91296e-05
8741.74 1.52956e-05
8753.75 1.60814e-05
8765.77 1.70443e-05
8777.78 1.80952e-05
8789.79 1.92019e-05
8801.8 2.03484e-05
8813.81 2.15216e-05
8825.83 2.27149e-05
8837.84 2.39244e-05
8849.85 2.5147e-05
8861.86 2.63801e-05
8873.87 2.7622e-05
8885.89 2.88715e-05
8897.9 3.01283e-05
8909.91 3.13929e-05
8921.92 3.26505e-05
8933.93 3.39075e-05
8945.95 3.51647e-05
8957.96 3.64224e-05
8969.97 3.76805e-05
8981.98 3.89391e-05
8993.99 4.01986e-05
9006.01 4.14604e-05
9018.02 4.27205e-05
9030.03 4.39698e-05
9042.04 4.52155e-05
9054.05 4.64585e-05
9066.07 4.76992e-05
9078.08 4.89379e-05
9090.09 5.01749e-05
9102.1 5.14105e-05
9114.11 5.26453e-05
9126.13 5.38773e-05
9138.14 5.51075e-05
9150.15 5.63365e-05
9162.16 5.7565e-05
9174.17 5.87933e-05
9186.19 6.00221e-05
9198.2 6.12527e-05
9210.21 6.24875e-05
9222.22 6.37271e-05
9234.23 6.49373e-05
9246.25 6.61396e-05
9258.26 6.7338e-05
9270.27 6.85341e-05
9282.28 6.97295e-05
9294.29 7.09258e-05
9306.31 7.21254e-05
9318.32 7.33349e-05
9330.33 7.45283e-05
9342.34 7.56815e-05
9354.35 7.68245e-05
9366.37 7.79617e-05
9378.38 7.90954e-05
9390.39 8.02279e-05
9402.4 8.13618e-05
9414.41 8.25016e-05
9426.43 8.36642e-05
9438.44 8.47477e-05
9450.45 8.58034e-05
9462.46 8.68462e-05
9474.47 8.78805e-05
9486.49 8.89089e-05
9498.5 8.99339e-05
9510.51 9.09583e-05
9522.52 9.19878e-05
9534.53 9.30148e-05
9546.55 9.39722e-05
9558.56 9.49114e-05
9570.57 9.58396e-05
9582.58 9.67597e-05
9594.59 9.76738e-05
9606.61 9.85839e-05
9618.62 9.94926e-05
9630.63 0.000100406
9642.64 0.000101292
9654.65 0.000102142
9666.67 0.000102981
9678.68 0.000103812
9690.69 0.000104637
9702.7 0.000105457
9714.71 0.000106275
9726.73 0.000107091
9738.74 0.000107913
9750.75 0.000108695
9762.76 0.000109464
9774.77 0.000110226
9786.79 0.000110982
9798.8 0.000111734
9810.81 0.000112483
9822.82 0.00011323
9834.83 0.000113977
9846.85 0.000114719
9858.86 0.000115436
9870.87 0.000116146
9882.88 0.000116852
9894.89 0.000117554
9906.91 0.000118253
9918.92 0.00011895
9930.93 0.000119648
9942.94 0.00012035
9954.95 0.000121022
9966.97 0.000121662
9978.98 0.00012229
9990.99 0.000122908
10003 0.000123516
10015 0.000124112
10027 0.000124696
10039 0.00012526
10051.1 0.000125791
10063.1 0.000126441
10075.1 0.000127114
10087.1 0.000127796
10099.1 0.000128482
10111.1 0.000129169
10123.1 0.000129854
10135.1 0.000130534
10147.1 0.000131202
10159.2 0.000131876
10171.2 0.000132619
10183.2 0.000133373
10195.2 0.000134132
10207.2 0.000134891
10219.2 0.000135647
10231.2 0.000136394
10243.2 0.000137126
10255.3 0.000137815
10267.3 0.000138615
10279.3 0.000139525
10291.3 0.000140462
10303.3 0.000141415
10315.3 0.000142378
10327.3 0.000143343
10339.3 0.000144302
10351.4 0.000145238
10363.4 0.000146115
10375.4 0.000147306
10387.4 0.000148587
10399.4 0.000149921
10411.4 0.000151297
10423.4 0.00015271
10435.4 0.000154153
10447.4 0.000155624
10459.5 0.000157113
10471.5 0.000158644
10483.5 0.000160287
10495.5 0.000161981
10507.5 0.000163719
10519.5 0.000165498
10531.5 0.000167317
10543.5 0.000169174
10555.6 0.000171068
10567.6 0.000172996
10579.6 0.00017498
10591.6 0.000177019
10603.6 0.000179103
10615.6 0.000181231
10627.6 0.000183403
10639.6 0.000185618
10651.7 0.000187878
10663.7 0.000190183
10675.7 0.000192532
10687.7 0.000194931
10699.7 0.000197378
10711.7 0.000199873
10723.7 0.000202417
10735.7 0.000205011
10747.7 0.000207658
10759.8 0.00021036
10771.8 0.000213125
10783.8 0.000215918
10795.8 0.000218684
10807.8 0.00022148
10819.8 0.000224315
10831.8 0.00022719
10843.8 0.000230106
10855.9 0.000233067
10867.9 0.000236075
10879.9 0.000239166
10891.9 0.000241842
10903.9 0.000245342
10915.9 0.000249452
10927.9 0.000253681
10939.9 0.000258004
10952 0.000262417
10964 0.000266921
10976 0.000271525
10988 0.000276241
11000 0.000281097
11012 0.000285005
11024 0.00028882
11036 0.00029263
11048 0.000296455
11060.1 0.000300306
11072.1 0.000304191
11084.1 0.00030813
11096.1 0.000311925
11108.1 0.000315515
11120.1 0.000319301
11132.1 0.000323112
11144.1 0.000326945
11156.2 0.0003308
11168.2 0.000334682
11180.2 0.000338594
11192.2 0.000342551
11204.2 0.000346443
11216.2 0.00035019
11228.2 0.000353652
11240.2 0.00035709
11252.3 0.000360516
11264.3 0.000363938
11276.3 0.000367359
11288.3 0.000370785
11300.3 0.000374159
11312.3 0.000377322
11324.3 0.000380356
11336.3 0.000383287
11348.3 0.00038618
11360.4 0.000389034
11372.4 0.000391845
11384.4 0.000394605
11396.4 0.000397296
11408.4 0.000399892
11420.4 0.000402245
11432.4 0.00040654
11444.4 0.000411296
11456.5 0.000416177
11468.5 0.000421143
11480.5 0.000426178
11492.5 0.000431272
11504.5 0.000436421
11516.5 0.000441661
11528.5 0.000446943
11540.5 0.000452069
11552.6 0.000457217
11564.6 0.0004624
11576.6 0.000467627
11588.6 0.000472907
11600.6 0.000478253
11612.6 0.000483683
11624.6 0.000489254
11636.6 0.000494272
11648.6 0.00049761
11660.7 0.000500763
11672.7 0.000503813
11684.7 0.000506791
11696.7 0.000509713
11708.7 0.000512594
11720.7 0.00051547
11732.7 0.000518362
11744.7 0.000520797
11756.8 0.000522769
11768.8 0.000524631
11780.8 0.000526404
11792.8 0.000528096
11804.8 0.000529713
11816.8 0.000531315
11828.8 0.000533322
11840.8 0.00053499
11852.9 0.000538126
11864.9 0.000541731
11876.9 0.000545391
11888.9 0.000549065
11900.9 0.000552727
11912.9 0.000556348
11924.9 0.000559578
11936.9 0.000562534
11948.9 0.000565574
11961 0.000567796
11973 0.000569921
11985 0.000572002
11997 0.000574054
12009 0.00057609
12021 0.000578128
12033 0.000580304
12045 0.000582476
12057.1 0.000584574
12069.1 0.000586464
12081.1 0.000588326
12093.1 0.000590184
12105.1 0.000592064
12117.1 0.000594008
12129.1 0.000596259
12141.1 0.000599175
12153.2 0.000601993
12165.2 0.000603978
12177.2 0.000604892
12189.2 0.000605556
12201.2 0.000606019
12213.2 0.000606288
12225.2 0.000606342
12237.2 0.000605874
12249.2 0.000605195
12261.3 0.000604468
12273.3 0.000603972
12285.3 0.000603565
12297.3 0.000603145
12309.3 0.000602714
12321.3 0.000602294
12333.3 0.000601968
12345.3 0.000602234
12357.4 0.000602188
12369.4 0.000601844
12381.4 0.000602636
12393.4 0.000603509
12405.4 0.00060438
12417.4 0.000605239
12429.4 0.000606088
12441.4 0.000606942
12453.5 0.000607825
12465.5 0.000608788
12477.5 0.000609469
12489.5 0.000608405
12501.5 0.000607079
12513.5 0.000605601
12525.5 0.00060403
12537.5 0.000602451
12549.5 0.000601337
12561.6 0.000600006
12573.6 0.000598392
12585.6 0.000596102
12597.6 0.00059288
12609.6 0.000589257
12621.6 0.000585232
12633.6 0.000580746
12645.6 0.000575567
12657.7 0.000569025
12669.7 0.000562763
12681.7 0.000556217
12693.7 0.00055288
12705.7 0.000551481
12717.7 0.000550493
12729.7 0.00054984
12741.7 0.000549559
12753.8 0.000550172
12765.8 0.000551129
12777.8 0.000551877
12789.8 0.000552859
12801.8 0.000550524
12813.8 0.000547608
12825.8 0.000544388
12837.8 0.000540942
12849.8 0.000537332
12861.9 0.000533746
12873.9 0.000529812
12885.9 0.000525541
12897.9 0.000521073
12909.9 0.000516972
12921.9 0.000512678
12933.9 0.000508136
12945.9 0.000503285
12958 0.00049795
12970 0.000491922
12982 0.000486108
12994 0.000480125
13006 0.000475513
13018 0.000473403
13030 0.000471538
13042 0.000469783
13054.1 0.000468052
13066.1 0.000466072
13078.1 0.000464309
13090.1 0.000462921
13102.1 0.00046195
13114.1 0.000458363
13126.1 0.000453096
13138.1 0.00044767
13150.2 0.000442177
13162.2 0.000436691
13174.2 0.000431377
13186.2 0.000425774
13198.2 0.000419977
13210.2 0.000413973
13222.2 0.000408865
13234.2 0.000403818
13246.2 0.00039874
13258.3 0.000393622
13270.3 0.000388458
13282.3 0.000383244
13294.3 0.000377969
13306.3 0.000372624
13318.3 0.000367317
13330.3 0.000362675
13342.3 0.00035804
13354.4 0.000353375
13366.4 0.000348647
13378.4 0.000343735
13390.4 0.000338933
13402.4 0.000334223
13414.4 0.000329549
13426.4 0.000325067
13438.4 0.000320901
13450.5 0.00031679
13462.5 0.000312729
13474.5 0.000308737
13486.5 0.000304859
13498.5 0.000300857
13510.5 0.000296805
13522.5 0.000292723
13534.5 0.000288559
13546.5 0.000284328
13558.6 0.000280056
13570.6 0.000275724
13582.6 0.000271255
13594.6 0.000266767
13606.6 0.00026248
13618.6 0.000258267
13630.6 0.0002541
13642.6 0.000250152
13654.7 0.000246272
13666.7 0.000242435
13678.7 0.000238636
13690.7 0.000234877
13702.7 0.000231147
13714.7 0.000227449
13726.7 0.000223785
13738.7 0.000220139
13750.8 0.000216391
13762.8 0.000212676
13774.8 0.000209008
13786.8 0.000205417
13798.8 0.00020192
13810.8 0.000198277
13822.8 0.000194592
13834.8 0.000190888
13846.8 0.000186946
13858.9 0.000182573
13870.9 0.00017815
13882.9 0.000173667
13894.9 0.000169034
13906.9 0.000164483
13918.9 0.000160144
13930.9 0.000155892
13942.9 0.000151702
13955 0.000147751
13967 0.00014398
13979 0.00014027
13991 0.000136627
14003 0.000133079
14015 0.000129489
14027 0.000125906
14039 0.000122346
14051.1 0.000118832
14063.1 0.000114109
14075.1 0.000109176
14087.1 0.000104255
14099.1 9.93643e-05
14111.1 9.44971e-05
14123.1 8.95709e-05
14135.1 8.463e-05
14147.1 7.9678e-05
14159.2 7.48271e-05
14171.2 7.11e-05
14183.2 6.7383e-05
14195.2 6.36459e-05
14207.2 5.97911e-05
14219.2 5.61355e-05
14231.2 5.26621e-05
14243.2 4.92805e-05
14255.3 4.59706e-05
14267.3 4.28148e-05
14279.3 3.99073e-05
14291.3 3.70617e-05
14303.3 3.42822e-05
14315.3 3.15826e-05
14327.3 2.885e-05
14339.3 2.6133e-05
14351.4 2.34432e-05
14363.4 2.07826e-05
14375.4 1.89482e-05
14387.4 1.77562e-05
14399.4 1.66303e-05
14411.4 1.56062e-05
14423.4 1.46113e-05
14435.4 1.34181e-05
14447.4 1.21797e-05
14459.5 1.09188e-05
14471.5 9.64749e-06
14483.5 6.59461e-06
14495.5 3.09836e-06
14507.5 -4.33063e-07
14519.5 -4.0545e-06
14531.5 -7.52818e-06
14543.5 -1.09109e-05
14555.6 -1.42489e-05
14567.6 -1.75538e-05
14579.6 -2.08337e-05
14591.6 -2.41279e-05
14603.6 -2.74045e-05
14615.6 -3.06724e-05
14627.6 -3.39396e-05
14639.6 -3.71068e-05
14651.7 -4.02284e-05
14663.7 -4.3316e-05
14675.7 -4.63748e-05
14687.7 -4.93427e-05
14699.7 -5.21296e-05
14711.7 -5.49069e-05
14723.7 -5.76983e-05
14735.7 -6.04319e-05
14747.7 -6.30089e-05
14759.8 -6.55209e-05
14771.8 -6.79805e-05
14783.8 -7.03927e-05
14795.8 -7.2636e-05
14807.8 -7.47243e-05
14819.8 -7.6765e-05
14831.8 -7.87344e-05
14843.8 -8.0759e-05
14855.9 -8.279e-05
14867.9 -8.48088e-05
14879.9 -8.68108e-05
14891.9 -8.8794e-05
14903.9 -9.09874e-05
14915.9 -9.32263e-05
14927.9 -9.54376e-05
14939.9 -9.7623e-05
14952 -9.98258e-05
14964 -0.000102019
14976 -0.000104199
14988 -0.000106364
15000 -0.000108509
15012 -0.000108873
15024 -0.000109238
15036 -0.000109608
15048 -0.000109951
15060.1 -0.000110247
15072.1 -0.000110525
15084.1 -0.000110787
15096.1 -0.000111039
15108.1 -0.000111755
15120.1 -0.000113992
15132.1 -0.000116216
15144.1 -0.000118444
15156.2 -0.000120575
15168.2 -0.000122658
15180.2 -0.000124707
15192.2 -0.000126728
15204.2 -0.000128721
15216.2 -0.000130608
15228.2 -0.000132381
15240.2 -0.000134127
15252.3 -0.000135852
15264.3 -0.000137597
15276.3 -0.000139334
15288.3 -0.000141061
15300.3 -0.000142777
15312.3 -0.000144483
15324.3 -0.000146417
15336.3 -0.000148444
15348.3 -0.000150488
15360.4 -0.000152452
15372.4 -0.000154314
15384.4 -0.000156138
15396.4 -0.000157931
15408.4 -0.000159699
15420.4 -0.000161447
15432.4 -0.000161401
15444.4 -0.000161216
15456.5 -0.000160995
15468.5 -0.000160819
15480.5 -0.000160642
15492.5 -0.000160456
15504.5 -0.000160257
15516.5 -0.000160045
15528.5 -0.000159928
15540.5 -0.000160312
15552.6 -0.000160687
15564.6 -0.000161044
15576.6 -0.000161354
15588.6 -0.000161636
15600.6 -0.000161891
15612.6 -0.000162114
15624.6 -0.000162292
15636.6 -0.000164006
15648.6 -0.00016801
15660.7 -0.000172028
15672.7 -0.000176035
15684.7 -0.000180029
15696.7 -0.000184017
15708.7 -0.000188003
15720.7 -0.000191996
15732.7 -0.000196011
15744.7 -0.000198314
15756.8 -0.000199632
15768.8 -0.000200902
15780.8 -0.000202269
15792.8 -0.000203652
15804.8 -0.000205043
15816.8 -0.000206442
15828.8 -0.000207857
15840.8 -0.000209309
15852.9 -0.000209192
15864.9 -0.000208821
15876.9 -0.000208433
15888.9 -0.000208049
15900.9 -0.000207658
15912.9 -0.000207259
15924.9 -0.000206856
15936.9 -0.000206455
15948.9 -0.000205955
15961 -0.000204543
15973 -0.000203093
15985 -0.000201586
15997 -0.000200032
16009 -0.000198443
16021 -0.000196815
16033 -0.000195144
16045 -0.000193415
16057.1 -0.000192152
16069.1 -0.000191926
16081.1 -0.000191714
16093.1 -0.000191454
16105.1 -0.000191164
16117.1 -0.000190838
16129.1 -0.000190466
16141.1 -0.00019003
16153.2 -0.000189482
16165.2 -0.000190566
16177.2 -0.000193024
16189.2 -0.000195571
16201.2 -0.000198245
16213.2 -0.000200968
16225.2 -0.000203732
16237.2 -0.000206533
16249.2 -0.000209375
16261.3 -0.000212275
16273.3 -0.000214618
16285.3 -0.000216806
16297.3 -0.000219019
16309.3 -0.000221259
16321.3 -0.00022353
16333.3 -0.000225844
16345.3 -0.00022822
16357.4 -0.000230698
16369.4 -0.000233195
16381.4 -0.000232165
16393.4 -0.000230895
16405.4 -0.000229478
16417.4 -0.000227963
16429.4 -0.00022636
16441.4 -0.000224668
16453.5 -0.000222878
16465.5 -0.000220957
16477.5 -0.000219401
16489.5 -0.00021935
16501.5 -0.000219366
16513.5 -0.000219414
16525.5 -0.000219446
16537.5 -0.00021944
16549.5 -0.000219373
16561.6 -0.000219207
16573.6 -0.00021885
16585.6 -0.000220129
16597.6 -0.000223455
16609.6 -0.000227033
16621.6 -0.000230758
16633.6 -0.000234587
16645.6 -0.000238506
16657.7 -0.000242507
16669.7 -0.000246588
16681.7 -0.000250744
16693.7 -0.000255055
16705.7 -0.000259491
16717.7 -0.000264015
16729.7 -0.000268651
16741.7 -0.00027342
16753.8 -0.000278354
16765.8 -0.000283508
16777.8 -0.000289
16789.8 -0.000295262
16801.8 -0.000294145
16813.8 -0.000292175
16825.8 -0.000289814
16837.8 -0.000287167
16849.8 -0.000284258
16861.9 -0.000281072
16873.9 -0.000277546
16885.9 -0.000273505
16897.9 -0.00027027
16909.9 -0.000274087
16921.9 -0.000278741
16933.9 -0.000283836
16945.9 -0.000289277
16958 -0.000295041
16970 -0.000301151
16982 -0.000307677
16994 -0.000314842
17006 -0.000319823
17018 -0.000320258
17030 -0.000320293
17042 -0.000320127
17054.1 -0.000319845
17066.1 -0.000319502
17078.1 -0.000319141
17090.1 -0.000318824
17102.1 -0.000318702
17114.1 -0.000316785
17126.1 -0.000313434
17138.1 -0.000309773
17150.2 -0.00030588
17162.2 -0.000301771
17174.2 -0.000297438
17186.2 -0.000292847
17198.2 -0.000287907
17210.2 -0.000282186
17222.2 -0.00028097
17234.2 -0.000280688
17246.2 -0.000280719
17258.3 -0.000280985
17270.3 -0.000281474
17282.3 -0.000282216
17294.3 -0.000283294
17306.3 -0.000284927
17318.3 -0.000286577
17330.3 -0.000280454
17342.3 -0.000273217
17354.4 -0.000265288
17366.4 -0.000256775
17378.4 -0.000247689
17390.4 -0.000237977
17402.4 -0.000227494
17414.4 -0.000215826
17426.4 -0.000206258
17438.4 -0.000204727
17450.5 -0.000204159
17462.5 -0.00020409
17474.5 -0.000204353
17486.5 -0.000204862
17498.5 -0.000205566
17510.5 -0.00020643
17522.5 -0.00020742
17534.5 -0.000208691
17546.5 -0.000210234
17558.6 -0.000211941
17570.6 -0.000213816
17582.6 -0.000215874
17594.6 -0.000218153
17606.6 -0.000220722
17618.6 -0.000223742
17630.6 -0.000227874
17642.6 -0.000226125
17654.7 -0.00022202
17666.7 -0.00021715
17678.7 -0.000211658
17690.7 -0.000205553
17702.7 -0.000198766
17714.7 -0.000191114
17726.7 -0.000182138
17738.7 -0.00017162
17750.8 -0.000175296
17762.8 -0.0001814
17774.8 -0.000188755
17786.8 -0.000197065
17798.8 -0.000206231
17810.8 -0.000216259
17822.8 -0.00022727
17834.8 -0.00023967
17846.8 -0.00025126
17858.9 -0.00025475
17870.9 -0.00025718
17882.9 -0.000259111
17894.9 -0.000260732
17906.9 -0.000262141
17918.9 -0.000263393
17930.9 -0.000264524
17942.9 -0.000265562
17955 -0.000266516
17967 -0.000267389
17979 -0.000268205
17991 -0.000268972
18003 -0.000269697
18015 -0.000270385
18027 -0.00027104
18039 -0.000271665
18051.1 -0.000272261
18063.1 -0.000272858
18075.1 -0.000273449
18087.1 -0.000274024
18099.1 -0.000274585
18111.1 -0.000275132
18123.1 -0.000275666
18135.1 -0.00027619
18147.1 -0.000276704
18159.2 -0.000277208
18171.2 -0.000277668
18183.2 -0.000278114
18195.2 -0.000278549
18207.2 -0.000278973
18219.2 -0.000279389
18231.2 -0.000279797
18243.2 -0.000280198
18255.3 -0.000280594
18267.3 -0.00028096
18279.3 -0.000281279
18291.3 -0.000281585
18303.3 -0.00028188
18315.3 -0.000282166
18327.3 -0.000282444
18339.3 -0.000282714
18351.4 -0.000282975
18363.4 -0.00028323
18375.4 -0.000283469
18387.4 -0.000283698
18399.4 -0.000283919
18411.4 -0.000284132
18423.4 -0.000284338
18435.4 -0.000284537
18447.4 -0.00028473
18459.5 -0.000284914
18471.5 -0.000285095
18483.5 -0.00028529
18495.5 -0.00028548
18507.5 -0.000285665
18519.5 -0.000285845
18531.5 -0.00028602
18543.5 -0.00028619
18555.6 -0.000286355
18567.6 -0.000286515
18579.6 -0.000286654
18591.6 -0.000286768
18603.6 -0.000286875
18615.6 -0.000286976
18627.6 -0.00028707
18639.6 -0.000287159
18651.7 -0.000287241
18663.7 -0.000287318
18675.7 -0.00028739
18687.7 -0.000287428
18699.7 -0.000287456
18711.7 -0.000287476
18723.7 -0.000287491
18735.7 -0.000287498
18747.7 -0.0002875
18759.8 -0.000287495
18771.8 -0.000287484
18783.8 -0.000287468
18795.8 -0.000287447
18807.8 -0.000287421
18819.8 -0.000287388
18831.8 -0.00028735
18843.8 -0.000287305
18855.9 -0.000287255
18867.9 -0.000287198
18879.9 -0.000287136
18891.9 -0.000287074
18903.9 -0.000287009
18915.9 -0.000286939
18927.9 -0.000286863
18939.9 -0.000286781
18952 -0.000286693
18964 -0.000286599
18976 -0.000286498
18988 -0.000286391
19000 -0.000286229
