7000 5.11302e-05
7012.01 5.04916e-05
7024.02 4.97782e-05
7036.04 4.89897e-05
7048.05 4.80959e-05
7060.06 4.70983e-05
7072.07 4.59937e-05
7084.08 4.47753e-05
7096.1 4.34353e-05
7108.11 4.19651e-05
7120.12 4.03558e-05
7132.13 3.85984e-05
7144.14 3.66832e-05
7156.16 3.45805e-05
7168.17 3.2288e-05
7180.18 2.97947e-05
7192.19 2.70881e-05
7204.2 2.41552e-05
7216.22 2.09827e-05
7228.23 1.75581e-05
7240.24 1.38709e-05
7252.25 9.9032e-06
7264.26 5.63177e-06
7276.28 1.05607e-06
7288.29 -3.82936e-06
7300.3 -9.0273e-06
7312.31 -1.45364e-05
7324.32 -2.03498e-05
7336.34 -2.64544e-05
7348.35 -3.2833e-05
7360.36 -3.94393e-05
7372.37 -4.62315e-05
7384.38 -5.31563e-05
7396.4 -6.01461e-05
7408.41 -6.71191e-05
7420.42 -7.39809e-05
7432.43 -8.06255e-05
7444.44 -8.6935e-05
7456.46 -9.27757e-05
7468.47 -9.81378e-05
7480.48 -0.000102216
7492.49 -0.000104772
7504.5 -0.00010637
7516.52 -0.000106964
7528.53 -0.000106515
7540.54 -0.000105003
7552.55 -0.000102436
7564.56 -9.88022e-05
7576.58 -9.39651e-05
7588.59 -9.13192e-05
7600.6 -8.92647e-05
7612.61 -8.67747e-05
7624.62 -8.39009e-05
7636.64 -8.07349e-05
7648.65 -7.73908e-05
7660.66 -7.40619e-05
7672.67 -7.05976e-05
7684.68 -6.72016e-05
7696.7 -6.00457e-05
7708.71 -5.25523e-05
7720.72 -4.49524e-05
7732.73 -3.73223e-05
7744.74 -2.97002e-05
7756.76 -2.2085e-05
7768.77 -1.44689e-05
7780.78 -7.30227e-06
7792.79 -2.32352e-07
7804.8 7.33206e-06
7816.82 1.47544e-05
7828.83 2.20189e-05
7840.84 2.91256e-05
7852.85 3.60778e-05
7864.86 4.28718e-05
7876.88 4.95873e-05
7888.89 5.63353e-05
7900.9 6.17354e-05
7912.91 6.52586e-05
7924.92 6.84955e-05
7936.94 7.15011e-05
7948.95 7.42927e-05
7960.96 7.68705e-05
7972.97 7.92062e-05
7984.98 8.1397e-05
7997 8.32898e-05
8009.01 8.79719e-05
8021.02 9.40912e-05
8033.03 0.000100312
8045.05 0.000106581
8057.06 0.00011288
8069.07 0.000119199
8081.08 0.000125564
8093.09 0.000132089
8105.11 0.000138899
8117.12 0.000141856
8129.13 0.000144401
8141.14 0.000146788
8153.15 0.000149055
8165.17 0.000151218
8177.18 0.000153278
8189.19 0.000155238
8201.2 0.000157072
8213.21 0.000159275
8225.23 0.00016401
8237.24 0.000168894
8249.25 0.000173855
8261.26 0.000178876
8273.27 0.000183955
8285.29 0.000189101
8297.3 0.000194373
8309.31 0.000199842
8321.32 0.000202892
8333.33 0.000201963
8345.35 0.000200736
8357.36 0.000199315
8369.37 0.000197731
8381.38 0.000195992
8393.39 0.000194104
8405.41 0.000192055
8417.42 0.000189709
8429.43 0.0001916
8441.44 0.000196055
8453.45 0.000200703
8465.47 0.000205471
8477.48 0.00021033
8489.49 0.000215269
8501.5 0.000220323
8513.51 0.000225511
8525.53 0.000230958
8537.54 0.000231834
8549.55 0.000232033
8561.56 0.000232106
8573.57 0.000232093
8585.59 0.000232011
8597.6 0.000231872
8609.61 0.000231734
8621.62 0.000231566
8633.63 0.000231355
8645.65 0.000231034
8657.66 0.000230677
8669.67 0.000230284
8681.68 0.000229856
8693.69 0.000229389
8705.71 0.00022889
8717.72 0.000228359
8729.73 0.000227766
8741.74 0.000227966
8753.75 0.000229634
8765.77 0.000231357
8777.78 0.000233104
8789.79 0.000234867
8801.8 0.000236639
8813.81 0.000238411
8825.83 0.000240184
8837.84 0.000241956
8849.85 0.000243728
8861.86 0.000245499
8873.87 0.000247268
8885.89 0.000249034
8897.9 0.0002508
8909.91 0.000252561
8921.92 0.000254295
8933.93 0.00025602
8945.95 0.000257737
8957.96 0.000259448
8969.97 0.000261152
8981.98 0.000262849
8993.99 0.000264541
9006.01 0.000266228
9018.02 0.000267897
9030.03 0.000269543
9042.04 0.000271177
9054.05 0.000272802
9066.07 0.000274419
9078.08 0.000276027
9090.09 0.000277626
9102.1 0.000279218
9114.11 0.000280802
9126.13 0.000282375
9138.14 0.00028394
9150.15 0.000285497
9162.16 0.000287047
9174.17 0.00028859
9186.19 0.000290128
9198.2 0.000291661
9210.21 0.000293192
9222.22 0.000294707
9234.23 0.000296161
9246.25 0.000297601
9258.26 0.00029903
9270.27 0.000300451
9282.28 0.000301864
9294.29 0.000303272
9306.31 0.000304676
9318.32 0.000306083
9330.33 0.000307421
9342.34 0.000308694
9354.35 0.000309951
9366.37 0.000311195
9378.38 0.000312431
9390.39 0.00031366
9402.4 0.000314883
9414.41 0.000316107
9426.43 0.000317339
9438.44 0.000318397
9450.45 0.000319424
9462.46 0.000320435
9474.47 0.000321433
9486.49 0.000322421
9498.5 0.000323401
9510.51 0.000324376
9522.52 0.000325351
9534.53 0.000326281
9546.55 0.000327093
9558.56 0.000327885
9570.57 0.000328664
9582.58 0.000329433
9594.59 0.000330194
9606.61 0.000330949
9618.62 0.000331699
9630.63 0.00033245
9642.64 0.000333127
9654.65 0.000333755
9666.67 0.000334372
9678.68 0.00033498
9690.69 0.000335582
9702.7 0.000336178
9714.71 0.00033677
9726.73 0.00033736
9738.74 0.000337948
9750.75 0.000338459
9762.76 0.00033896
9774.77 0.000339454
9786.79 0.000339943
9798.8 0.000340427
9810.81 0.000340908
9822.82 0.000341386
9834.83 0.000341864
9846.85 0.000342323
9858.86 0.000342744
9870.87 0.000343158
9882.88 0.000343569
9894.89 0.000343976
9906.91 0.00034438
9918.92 0.000344783
9930.93 0.000345185
9942.94 0.000345591
9954.95 0.000345926
9966.97 0.000346221
9978.98 0.000346506
9990.99 0.000346782
10003 0.000347049
10015 0.000347306
10027 0.000347551
10039 0.000347778
10051.1 0.000347994
10063.1 0.000348435
10075.1 0.000348896
10087.1 0.000349363
10099.1 0.000349831
10111.1 0.000350298
10123.1 0.000350761
10135.1 0.000351216
10147.1 0.000351658
10159.2 0.000352146
10171.2 0.000352741
10183.2 0.000353343
10195.2 0.000353947
10207.2 0.000354547
10219.2 0.000355141
10231.2 0.000355723
10243.2 0.000356285
10255.3 0.000356801
10267.3 0.000357583
10279.3 0.000358504
10291.3 0.000359449
10303.3 0.000360405
10315.3 0.000361365
10327.3 0.000362324
10339.3 0.000363271
10351.4 0.000364188
10363.4 0.000365086
10375.4 0.000366534
10387.4 0.000368074
10399.4 0.000369666
10411.4 0.000371299
10423.4 0.000372967
10435.4 0.000374664
10447.4 0.000376386
10459.5 0.000378123
10471.5 0.000379942
10483.5 0.000381917
10495.5 0.000383944
10507.5 0.000386015
10519.5 0.000388126
10531.5 0.000390276
10543.5 0.000392464
10555.6 0.000394688
10567.6 0.000396943
10579.6 0.000399275
10591.6 0.000401665
10603.6 0.000404099
10615.6 0.000406577
10627.6 0.000409097
10639.6 0.000411661
10651.7 0.000414267
10663.7 0.000416916
10675.7 0.000419609
10687.7 0.000422352
10699.7 0.00042514
10711.7 0.000427975
10723.7 0.000430856
10735.7 0.000433784
10747.7 0.000436762
10759.8 0.000439792
10771.8 0.000442881
10783.8 0.000445954
10795.8 0.000448954
10807.8 0.000451976
10819.8 0.000455024
10831.8 0.0004581
10843.8 0.000461202
10855.9 0.000464327
10867.9 0.000467472
10879.9 0.000470658
10891.9 0.000473022
10903.9 0.000477077
10915.9 0.000482328
10927.9 0.000487809
10939.9 0.000493472
10952 0.000499308
10964 0.000505329
10976 0.000511564
10988 0.000518074
11000 0.00052515
11012 0.000527881
11024 0.000530006
11036 0.000531898
11048 0.000533628
11060.1 0.000535221
11072.1 0.000536681
11084.1 0.000537999
11096.1 0.000538756
11108.1 0.000539421
11120.1 0.000543758
11132.1 0.000548476
11144.1 0.000553391
11156.2 0.00055845
11168.2 0.000563634
11180.2 0.000568937
11192.2 0.000574373
11204.2 0.000579783
11216.2 0.000584834
11228.2 0.000589092
11240.2 0.000593303
11252.3 0.000597507
11264.3 0.000601721
11276.3 0.000605956
11288.3 0.000610228
11300.3 0.000614448
11312.3 0.000618419
11324.3 0.00062177
11336.3 0.000624633
11348.3 0.000627411
11360.4 0.000630129
11372.4 0.000632791
11384.4 0.000635398
11396.4 0.000637941
11408.4 0.000640415
11420.4 0.000642727
11432.4 0.000646211
11444.4 0.000649955
11456.5 0.000653752
11468.5 0.000657575
11480.5 0.000661406
11492.5 0.000665232
11504.5 0.000669034
11516.5 0.000672829
11528.5 0.000676671
11540.5 0.000681857
11552.6 0.000687216
11564.6 0.000692674
11576.6 0.000698213
11588.6 0.000703824
11600.6 0.000709507
11612.6 0.000715255
11624.6 0.000721082
11636.6 0.000726691
11648.6 0.000731573
11660.7 0.000736398
11672.7 0.000741202
11684.7 0.000745996
11696.7 0.000750784
11708.7 0.000755569
11720.7 0.000760376
11732.7 0.000765171
11744.7 0.000770238
11756.8 0.000775585
11768.8 0.000780998
11780.8 0.000786472
11792.8 0.000792011
11804.8 0.000797631
11816.8 0.000803413
11828.8 0.000810198
11840.8 0.000817171
11852.9 0.000822742
11864.9 0.000827826
11876.9 0.000832799
11888.9 0.000837691
11900.9 0.000842506
11912.9 0.000847229
11924.9 0.000851361
11936.9 0.000854874
11948.9 0.00085841
11961 0.000862815
11973 0.000867377
11985 0.000872056
11997 0.000876858
12009 0.000881807
12021 0.000886954
12033 0.000892573
12045 0.000898642
12057.1 0.000903633
12069.1 0.000903965
12081.1 0.000903766
12093.1 0.00090329
12105.1 0.000902641
12117.1 0.000901903
12129.1 0.000901392
12141.1 0.000901807
12153.2 0.000901933
12165.2 0.000901329
12177.2 0.000899845
12189.2 0.000898035
12201.2 0.000895925
12213.2 0.000893508
12225.2 0.000890739
12237.2 0.00088717
12249.2 0.000883054
12261.3 0.000878487
12273.3 0.000876524
12285.3 0.000875789
12297.3 0.000875232
12309.3 0.000874775
12321.3 0.000874401
12333.3 0.00087417
12345.3 0.00087483
12357.4 0.000875263
12369.4 0.000875376
12381.4 0.0008772
12393.4 0.000879209
12405.4 0.000881275
12417.4 0.000883373
12429.4 0.000885493
12441.4 0.000887643
12453.5 0.000889842
12465.5 0.000892115
12477.5 0.000894186
12489.5 0.000894941
12501.5 0.000895503
12513.5 0.000895954
12525.5 0.000896337
12537.5 0.000896723
12549.5 0.000897722
12561.6 0.000898688
12573.6 0.000899278
12585.6 0.000899978
12597.6 0.000901049
12609.6 0.000901965
12621.6 0.000902663
12633.6 0.000903062
12645.6 0.000902926
12657.7 0.000901014
12669.7 0.000899391
12681.7 0.000897741
12693.7 0.000898007
12705.7 0.000899464
12717.7 0.000901253
12729.7 0.00090335
12741.7 0.000905819
12753.8 0.000909318
12765.8 0.000913726
12777.8 0.00091796
12789.8 0.000922519
12801.8 0.000923176
12813.8 0.000923186
12825.8 0.000922882
12837.8 0.000922359
12849.8 0.000921699
12861.9 0.000921206
12873.9 0.000920507
12885.9 0.000919597
12897.9 0.000918184
12909.9 0.000914597
12921.9 0.00091047
12933.9 0.000905873
12945.9 0.000900777
12958 0.000894997
12970 0.000887986
12982 0.000881081
12994 0.000873904
13006 0.000868184
13018 0.00086519
13030 0.000862392
13042 0.000859638
13054.1 0.00085683
13066.1 0.000853588
13078.1 0.000850343
13090.1 0.000847476
13102.1 0.000845029
13114.1 0.000839482
13126.1 0.000831919
13138.1 0.000824101
13150.2 0.000816132
13162.2 0.000808095
13174.2 0.000800259
13186.2 0.000792021
13198.2 0.00078339
13210.2 0.000774164
13222.2 0.000769221
13234.2 0.000764786
13246.2 0.000760426
13258.3 0.000756078
13270.3 0.000751716
13282.3 0.000747322
13294.3 0.000742874
13306.3 0.000738357
13318.3 0.000733834
13330.3 0.000729696
13342.3 0.000725515
13354.4 0.000721257
13366.4 0.000716882
13378.4 0.000712205
13390.4 0.00070752
13402.4 0.000702877
13414.4 0.00069816
13426.4 0.000694634
13438.4 0.000693295
13450.5 0.000692139
13462.5 0.000691103
13474.5 0.000690188
13486.5 0.000689487
13498.5 0.000688678
13510.5 0.000687806
13522.5 0.000686869
13534.5 0.000686529
13546.5 0.000686568
13558.6 0.000686607
13570.6 0.000686609
13582.6 0.000686471
13594.6 0.000686196
13606.6 0.00068623
13618.6 0.000686461
13630.6 0.000687028
13642.6 0.000681902
13654.7 0.000675826
13666.7 0.000669605
13678.7 0.000663295
13690.7 0.000656927
13702.7 0.000650501
13714.7 0.000644026
13726.7 0.000637504
13738.7 0.000631088
13750.8 0.000625713
13762.8 0.000620388
13774.8 0.000615107
13786.8 0.000609907
13798.8 0.000604881
13810.8 0.00059965
13822.8 0.000594329
13834.8 0.000588963
13846.8 0.000582751
13858.9 0.000575005
13870.9 0.000567109
13882.9 0.00055906
13894.9 0.00055073
13906.9 0.00054231
13918.9 0.000534147
13930.9 0.000526057
13942.9 0.000517985
13955 0.000511645
13967 0.00050652
13979 0.000501493
13991 0.000496554
14003 0.000491754
14015 0.000486906
14027 0.000482038
14039 0.00047717
14051.1 0.00047231
14063.1 0.000467479
14075.1 0.000462666
14087.1 0.000457873
14099.1 0.000453115
14111.1 0.000448407
14123.1 0.000443608
14135.1 0.000438765
14147.1 0.000433878
14159.2 0.000429244
14171.2 0.000427611
14183.2 0.000425995
14195.2 0.000424334
14207.2 0.000422472
14219.2 0.000420708
14231.2 0.000419198
14243.2 0.000417801
14255.3 0.000416484
14267.3 0.000415807
14279.3 0.000416384
14291.3 0.000417045
14303.3 0.000417792
14315.3 0.00041867
14327.3 0.000419516
14339.3 0.000420372
14351.4 0.000421264
14363.4 0.000422218
14375.4 0.000419133
14387.4 0.00041301
14399.4 0.00040693
14411.4 0.000400982
14423.4 0.000395186
14435.4 0.000389058
14447.4 0.000382813
14459.5 0.00037649
14471.5 0.000370104
14483.5 0.000364159
14495.5 0.000358274
14507.5 0.000352316
14519.5 0.000346174
14531.5 0.000340147
14543.5 0.000334263
14555.6 0.000328438
14567.6 0.000322652
14579.6 0.000316903
14591.6 0.000311326
14603.6 0.00030576
14615.6 0.00030019
14627.6 0.000294576
14639.6 0.000289088
14651.7 0.000283663
14663.7 0.000278281
14675.7 0.000272933
14687.7 0.000267782
14699.7 0.000263066
14711.7 0.000258349
14723.7 0.000253586
14735.7 0.000248818
14747.7 0.000244291
14759.8 0.000239867
14771.8 0.000235524
14783.8 0.000231253
14795.8 0.000227413
14807.8 0.000223963
14819.8 0.000220587
14831.8 0.000217335
14843.8 0.000214035
14855.9 0.000210708
14867.9 0.00020739
14879.9 0.000204091
14891.9 0.000200821
14903.9 0.000200295
14915.9 0.000200598
14927.9 0.000200919
14939.9 0.000201273
14952 0.000201583
14964 0.000201881
14976 0.000202173
14988 0.000202462
15000 0.000202743
15012 0.000201542
15024 0.000200342
15036 0.000199124
15048 0.000197908
15060.1 0.000196766
15072.1 0.000195652
15084.1 0.000194557
15096.1 0.000193475
15108.1 0.000191458
15120.1 0.000186412
15132.1 0.000181382
15144.1 0.000176317
15156.2 0.000171376
15168.2 0.000166525
15180.2 0.000161734
15192.2 0.000156993
15204.2 0.000152299
15216.2 0.000147371
15228.2 0.000142187
15240.2 0.000137056
15252.3 0.000131982
15264.3 0.000126878
15276.3 0.000121782
15288.3 0.000116697
15300.3 0.000111625
15312.3 0.000106563
15324.3 0.000102518
15336.3 9.88786e-05
15348.3 9.51883e-05
15360.4 9.15436e-05
15372.4 8.80834e-05
15384.4 8.46966e-05
15396.4 8.13653e-05
15408.4 7.80807e-05
15420.4 7.48335e-05
15432.4 7.40036e-05
15444.4 7.33734e-05
15456.5 7.28254e-05
15468.5 7.22244e-05
15480.5 7.16124e-05
15492.5 7.10095e-05
15504.5 7.04222e-05
15516.5 6.98562e-05
15528.5 6.88954e-05
15540.5 6.60247e-05
15552.6 6.31489e-05
15564.6 6.02722e-05
15576.6 5.74585e-05
15588.6 5.46749e-05
15600.6 5.19135e-05
15612.6 4.9168e-05
15624.6 4.64274e-05
15636.6 4.48822e-05
15648.6 4.50997e-05
15660.7 4.53556e-05
15672.7 4.5658e-05
15684.7 4.60208e-05
15696.7 4.64334e-05
15708.7 4.68991e-05
15720.7 4.74276e-05
15732.7 4.80448e-05
15744.7 4.65946e-05
15756.8 4.4003e-05
15768.8 4.1502e-05
15780.8 3.88666e-05
15792.8 3.61831e-05
15804.8 3.34857e-05
15816.8 3.07858e-05
15828.8 2.80898e-05
15840.8 2.54015e-05
15852.9 2.27842e-05
15864.9 2.01972e-05
15876.9 1.76336e-05
15888.9 1.50462e-05
15900.9 1.24639e-05
15912.9 9.89441e-06
15924.9 7.345e-06
15936.9 4.82841e-06
15948.9 2.13176e-06
15961 -2.48822e-06
15973 -7.18647e-06
15985 -1.1889e-05
15997 -1.65676e-05
16009 -2.12477e-05
16021 -2.59352e-05
16033 -3.06361e-05
16045 -3.53629e-05
16057.1 -3.9757e-05
16069.1 -4.34331e-05
16081.1 -4.71104e-05
16093.1 -5.0714e-05
16105.1 -5.42863e-05
16117.1 -5.78421e-05
16129.1 -6.1389e-05
16141.1 -6.49351e-05
16153.2 -6.84988e-05
16165.2 -7.1322e-05
16177.2 -7.34931e-05
16189.2 -7.56065e-05
16201.2 -7.78496e-05
16213.2 -8.01197e-05
16225.2 -8.24035e-05
16237.2 -8.46968e-05
16249.2 -8.69979e-05
16261.3 -8.9306e-05
16273.3 -9.16274e-05
16285.3 -9.39526e-05
16297.3 -9.6309e-05
16309.3 -9.87038e-05
16321.3 -0.000101132
16333.3 -0.000103601
16345.3 -0.000106129
16357.4 -0.000108753
16369.4 -0.000111395
16381.4 -0.000110696
16393.4 -0.000109781
16405.4 -0.000108705
16417.4 -0.000107522
16429.4 -0.000106246
16441.4 -0.000104879
16453.5 -0.000103412
16465.5 -0.000101821
16477.5 -0.000100449
16489.5 -0.000100084
16501.5 -9.97142e-05
16513.5 -9.93606e-05
16525.5 -9.89565e-05
16537.5 -9.84701e-05
16549.5 -9.78626e-05
16561.6 -9.70678e-05
16573.6 -9.59147e-05
16585.6 -9.78246e-05
16597.6 -0.000103564
16609.6 -0.000109737
16621.6 -0.000116217
16633.6 -0.000122931
16645.6 -0.000129864
16657.7 -0.000137032
16669.7 -0.000144487
16681.7 -0.00015243
16693.7 -0.000156751
16705.7 -0.000159347
16717.7 -0.000161746
16729.7 -0.00016405
16741.7 -0.000166296
16753.8 -0.000168502
16765.8 -0.00017068
16777.8 -0.000172832
16789.8 -0.000174936
16801.8 -0.00017756
16813.8 -0.000180247
16825.8 -0.000182932
16837.8 -0.000185643
16849.8 -0.000188389
16861.9 -0.000191178
16873.9 -0.000194022
16885.9 -0.000196948
16897.9 -0.000199782
16909.9 -0.000201679
16921.9 -0.000203659
16933.9 -0.000205718
16945.9 -0.000207849
16958 -0.000210072
16970 -0.000212422
16982 -0.000214969
16994 -0.000217888
17006 -0.000218977
17018 -0.000216385
17030 -0.000213363
17042 -0.000210048
17054.1 -0.000206488
17066.1 -0.000202695
17078.1 -0.000198659
17090.1 -0.000194337
17102.1 -0.000189569
17114.1 -0.000186674
17126.1 -0.000185191
17138.1 -0.000183796
17150.2 -0.000182421
17162.2 -0.000181025
17174.2 -0.000179574
17186.2 -0.000178027
17198.2 -0.000176307
17210.2 -0.000174099
17222.2 -0.000175189
17234.2 -0.000177007
17246.2 -0.000179112
17258.3 -0.000181453
17270.3 -0.000184034
17282.3 -0.000186892
17294.3 -0.000190116
17306.3 -0.000193945
17318.3 -0.000197797
17330.3 -0.000193345
17342.3 -0.000187778
17354.4 -0.00018153
17366.4 -0.00017471
17378.4 -0.00016733
17390.4 -0.000159341
17402.4 -0.000150597
17414.4 -0.000140686
17426.4 -0.000132918
17438.4 -0.000133274
17450.5 -0.000134615
17462.5 -0.000136487
17474.5 -0.000138726
17486.5 -0.000141256
17498.5 -0.000144036
17510.5 -0.000147054
17522.5 -0.000150338
17534.5 -0.000153426
17546.5 -0.000156212
17558.6 -0.00015907
17570.6 -0.000162043
17582.6 -0.000165162
17594.6 -0.00016847
17606.6 -0.000172039
17618.6 -0.000176023
17630.6 -0.000181038
17642.6 -0.000180593
17654.7 -0.000177986
17666.7 -0.000174694
17678.7 -0.000170854
17690.7 -0.000166487
17702.7 -0.000161546
17714.7 -0.000155893
17726.7 -0.000149173
17738.7 -0.000141212
17750.8 -0.000144172
17762.8 -0.000149004
17774.8 -0.000154776
17786.8 -0.000161254
17798.8 -0.000168358
17810.8 -0.000176086
17822.8 -0.000184521
17834.8 -0.000193949
17846.8 -0.000202838
17858.9 -0.000205991
17870.9 -0.000208377
17882.9 -0.000210401
17894.9 -0.000212199
17906.9 -0.00021384
17918.9 -0.000215364
17930.9 -0.000216799
17942.9 -0.000218163
17955 -0.000219468
17967 -0.000220695
17979 -0.00022187
17991 -0.000223001
18003 -0.000224091
18015 -0.000225146
18027 -0.000226166
18039 -0.000227154
18051.1 -0.000228105
18063.1 -0.000229049
18075.1 -0.00023
18087.1 -0.00023094
18099.1 -0.000231866
18111.1 -0.000232779
18123.1 -0.000233681
18135.1 -0.000234572
18147.1 -0.000235456
18159.2 -0.000236341
18171.2 -0.000237171
18183.2 -0.000237975
18195.2 -0.000238761
18207.2 -0.000239531
18219.2 -0.000240288
18231.2 -0.000241033
18243.2 -0.00024177
18255.3 -0.000242506
18267.3 -0.000243224
18279.3 -0.000243866
18291.3 -0.000244479
18303.3 -0.000245068
18315.3 -0.000245638
18327.3 -0.000246189
18339.3 -0.000246723
18351.4 -0.000247242
18363.4 -0.000247747
18375.4 -0.000248228
18387.4 -0.000248687
18399.4 -0.000249127
18411.4 -0.000249552
18423.4 -0.000249959
18435.4 -0.000250351
18447.4 -0.000250726
18459.5 -0.000251084
18471.5 -0.000251423
18483.5 -0.000251773
18495.5 -0.000252117
18507.5 -0.000252451
18519.5 -0.000252775
18531.5 -0.00025309
18543.5 -0.000253395
18555.6 -0.000253691
18567.6 -0.000253982
18579.6 -0.000254254
18591.6 -0.000254485
18603.6 -0.000254697
18615.6 -0.000254895
18627.6 -0.000255079
18639.6 -0.000255249
18651.7 -0.000255408
18663.7 -0.000255557
18675.7 -0.000255699
18687.7 -0.000255804
18699.7 -0.000255882
18711.7 -0.000255943
18723.7 -0.000255988
18735.7 -0.000256018
18747.7 -0.000256035
18759.8 -0.000256038
18771.8 -0.000256027
18783.8 -0.000256004
18795.8 -0.000255969
18807.8 -0.000255923
18819.8 -0.000255864
18831.8 -0.000255794
18843.8 -0.000255711
18855.9 -0.000255617
18867.9 -0.00025551
18879.9 -0.000255392
18891.9 -0.000255265
18903.9 -0.000255135
18915.9 -0.000254996
18927.9 -0.000254847
18939.9 -0.000254689
18952 -0.000254522
18964 -0.000254347
18976 -0.000254165
18988 -0.000253982
19000 -0.000253743
