7000 -0.00292782
7012.01 -0.00292445
7024.02 -0.00292103
7036.04 -0.00291746
7048.05 -0.00291374
7060.06 -0.00291007
7072.07 -0.0029064
7084.08 -0.00290273
7096.1 -0.00289905
7108.11 -0.00289533
7120.12 -0.00289156
7132.13 -0.00288769
7144.14 -0.00288344
7156.16 -0.00287919
7168.17 -0.00287504
7180.18 -0.00287093
7192.19 -0.00286683
7204.2 -0.00286272
7216.22 -0.00285858
7228.23 -0.00285437
7240.24 -0.00285
7252.25 -0.00284508
7264.26 -0.00284038
7276.28 -0.00283576
7288.29 -0.00283116
7300.3 -0.00282655
7312.31 -0.00282189
7324.32 -0.00281712
7336.34 -0.00281214
7348.35 -0.00280643
7360.36 -0.00280027
7372.37 -0.00279446
7384.38 -0.00278877
7396.4 -0.00278309
7408.41 -0.00277734
7420.42 -0.00277142
7432.43 -0.00276523
7444.44 -0.0027586
7456.46 -0.00275167
7468.47 -0.0027421
7480.48 -0.00276305
7492.49 -0.0028193
7504.5 -0.00287922
7516.52 -0.00294185
7528.53 -0.00300699
7540.54 -0.00307476
7552.55 -0.00314561
7564.56 -0.00322075
7576.58 -0.00330316
7588.59 -0.00330479
7600.6 -0.00327258
7612.61 -0.00323617
7624.62 -0.00319702
7636.64 -0.00315572
7648.65 -0.00311253
7660.66 -0.00306772
7672.67 -0.00302084
7684.68 -0.00297114
7696.7 -0.00294755
7708.71 -0.00292524
7720.72 -0.00290296
7732.73 -0.0028804
7744.74 -0.00285737
7756.76 -0.00283363
7768.77 -0.0028083
7780.78 -0.00278315
7792.79 -0.00275855
7804.8 -0.00273614
7816.82 -0.00271374
7828.83 -0.00269124
7840.84 -0.00266859
7852.85 -0.0026458
7864.86 -0.00262293
7876.88 -0.00260006
7888.89 -0.00257648
7900.9 -0.00255374
7912.91 -0.00253238
7924.92 -0.00251081
7936.94 -0.00248896
7948.95 -0.00246679
7960.96 -0.00244421
7972.97 -0.00242081
7984.98 -0.00239747
7997 -0.00237457
8009.01 -0.0023469
8021.02 -0.00231662
8033.03 -0.00228584
8045.05 -0.00225465
8057.06 -0.00222304
8069.07 -0.00219099
8081.08 -0.00215839
8093.09 -0.00212532
8105.11 -0.0020911
8117.12 -0.00207039
8129.13 -0.00205102
8141.14 -0.00203214
8153.15 -0.0020137
8165.17 -0.00199577
8177.18 -0.00197884
8189.19 -0.00196288
8201.2 -0.00194639
8213.21 -0.00192616
8225.23 -0.00188439
8237.24 -0.00184068
8249.25 -0.00179575
8261.26 -0.00174983
8273.27 -0.00170303
8285.29 -0.00165562
8297.3 -0.00160673
8309.31 -0.00155596
8321.32 -0.00151574
8333.33 -0.00149412
8345.35 -0.00147347
8357.36 -0.00145329
8369.37 -0.00143344
8381.38 -0.00141392
8393.39 -0.00139485
8405.41 -0.00137598
8417.42 -0.00135801
8429.43 -0.0013229
8441.44 -0.0012768
8453.45 -0.00122941
8465.47 -0.00118107
8477.48 -0.00113193
8489.49 -0.00108212
8501.5 -0.00103152
8513.51 -0.0009799
8525.53 -0.000926967
8537.54 -0.000884995
8549.55 -0.000844383
8561.56 -0.000803655
8573.57 -0.00076271
8585.59 -0.000721538
8597.6 -0.000680353
8609.61 -0.000637898
8621.62 -0.000594232
8633.63 -0.000552558
8645.65 -0.000533115
8657.66 -0.000514653
8669.67 -0.000496533
8681.68 -0.00047856
8693.69 -0.00046062
8705.71 -0.000442657
8717.72 -0.000424809
8729.73 -0.000406963
8741.74 -0.000389085
8753.75 -0.000371156
8765.77 -0.000353163
8777.78 -0.000335101
8789.79 -0.000316974
8801.8 -0.000298845
8813.81 -0.000280499
8825.83 -0.00026187
8837.84 -0.000243042
8849.85 -0.000224028
8861.86 -0.000204826
8873.87 -0.000185432
8885.89 -0.00016583
8897.9 -0.000145986
8909.91 -0.0001258
8921.92 -0.000105813
8933.93 -8.58121e-05
8945.95 -6.57368e-05
8957.96 -4.55687e-05
8969.97 -2.5301e-05
8981.98 -4.93409e-06
8993.99 1.55219e-05
9006.01 3.60251e-05
9018.02 5.66453e-05
9030.03 7.76934e-05
9042.04 9.89769e-05
9054.05 0.000120468
9066.07 0.000142158
9078.08 0.000164047
9090.09 0.00018614
9102.1 0.000208458
9114.11 0.000231123
9126.13 0.000253642
9138.14 0.000276112
9150.15 0.000298648
9162.16 0.000321275
9174.17 0.000344009
9186.19 0.00036686
9198.2 0.000389844
9210.21 0.000412996
9222.22 0.000436346
9234.23 0.000459385
9246.25 0.000482389
9258.26 0.000505408
9270.27 0.000528462
9282.28 0.000551559
9294.29 0.000574709
9306.31 0.000597922
9318.32 0.000621228
9330.33 0.000644511
9342.34 0.000667631
9354.35 0.00069073
9366.37 0.000713827
9378.38 0.000736932
9390.39 0.000760055
9402.4 0.000783208
9414.41 0.000806426
9426.43 0.000829864
9438.44 0.000852523
9450.45 0.000874874
9462.46 0.000897059
9474.47 0.000919112
9486.49 0.000941049
9498.5 0.000962875
9510.51 0.000984599
9522.52 0.00100623
9534.53 0.00102774
9546.55 0.00104901
9558.56 0.00107015
9570.57 0.00109115
9582.58 0.00111202
9594.59 0.00113278
9606.61 0.00115342
9618.62 0.00117399
9630.63 0.00119459
9642.64 0.00121416
9654.65 0.00123264
9666.67 0.00125071
9678.68 0.00126846
9690.69 0.00128591
9702.7 0.00130307
9714.71 0.00131995
9726.73 0.00133655
9738.74 0.00135289
9750.75 0.00136894
9762.76 0.00138473
9774.77 0.00140024
9786.79 0.00141547
9798.8 0.00143043
9810.81 0.00144511
9822.82 0.00145952
9834.83 0.00147367
9846.85 0.00148718
9858.86 0.0014996
9870.87 0.00151162
9882.88 0.00152329
9894.89 0.00153461
9906.91 0.00154559
9918.92 0.00155623
9930.93 0.00156654
9942.94 0.00157651
9954.95 0.00158647
9966.97 0.00159622
9978.98 0.00160566
9990.99 0.00161476
10003 0.00162353
10015 0.00163196
10027 0.00164005
10039 0.0016478
10051.1 0.00165505
10063.1 0.00166109
10075.1 0.00166679
10087.1 0.00167217
10099.1 0.00167723
10111.1 0.00168199
10123.1 0.00168645
10135.1 0.00169063
10147.1 0.00169456
10159.2 0.00169918
10171.2 0.0017043
10183.2 0.00170907
10195.2 0.00171349
10207.2 0.00171757
10219.2 0.00172134
10231.2 0.00172478
10243.2 0.00172792
10255.3 0.00173081
10267.3 0.00173408
10279.3 0.00173707
10291.3 0.00173971
10303.3 0.00174203
10315.3 0.00174406
10327.3 0.0017458
10339.3 0.00174732
10351.4 0.0017487
10363.4 0.00175092
10375.4 0.00175499
10387.4 0.00175835
10399.4 0.00176117
10411.4 0.00176348
10423.4 0.00176532
10435.4 0.00176671
10447.4 0.00176764
10459.5 0.00176817
10471.5 0.00176864
10483.5 0.00176875
10495.5 0.00176832
10507.5 0.00176737
10519.5 0.00176592
10531.5 0.00176397
10543.5 0.00176155
10555.6 0.00175871
10567.6 0.00175562
10579.6 0.00175348
10591.6 0.00175037
10603.6 0.00174641
10615.6 0.00174163
10627.6 0.00173603
10639.6 0.00172956
10651.7 0.00172219
10663.7 0.00171383
10675.7 0.00170398
10687.7 0.0016928
10699.7 0.00168088
10711.7 0.00166807
10723.7 0.00165425
10735.7 0.00163934
10747.7 0.00162318
10759.8 0.00160559
10771.8 0.00158622
10783.8 0.0015639
10795.8 0.00154582
10807.8 0.00153748
10819.8 0.00152967
10831.8 0.00152173
10843.8 0.00151331
10855.9 0.00150414
10867.9 0.00149385
10879.9 0.00148157
10891.9 0.00146502
10903.9 0.00145927
10915.9 0.00146078
10927.9 0.00146351
10939.9 0.00146694
10952 0.00147082
10964 0.00147498
10976 0.00147923
10988 0.00148284
11000 0.00148659
11012 0.00148962
11024 0.00149272
11036 0.00149591
11048 0.00149915
11060.1 0.00150236
11072.1 0.00150546
11084.1 0.0015082
11096.1 0.00150945
11108.1 0.00151138
11120.1 0.0015155
11132.1 0.00152019
11144.1 0.00152528
11156.2 0.00153071
11168.2 0.00153643
11180.2 0.0015424
11192.2 0.00154847
11204.2 0.00155447
11216.2 0.00156071
11228.2 0.0015665
11240.2 0.00157256
11252.3 0.00157891
11264.3 0.00158557
11276.3 0.00159254
11288.3 0.00159979
11300.3 0.00160689
11312.3 0.00161488
11324.3 0.0016205
11336.3 0.00162404
11348.3 0.0016277
11360.4 0.00163162
11372.4 0.00163591
11384.4 0.00164066
11396.4 0.00164598
11408.4 0.00165214
11420.4 0.00165957
11432.4 0.00166054
11444.4 0.00166007
11456.5 0.00165949
11468.5 0.00165902
11480.5 0.00165877
11492.5 0.00165889
11504.5 0.00165963
11516.5 0.00166114
11528.5 0.00166274
11540.5 0.00166001
11552.6 0.00165701
11564.6 0.00165407
11576.6 0.00165139
11588.6 0.0016491
11600.6 0.00164745
11612.6 0.0016474
11624.6 0.00164748
11636.6 0.00164645
11648.6 0.00164231
11660.7 0.00163793
11672.7 0.00163357
11684.7 0.00162941
11696.7 0.0016256
11708.7 0.00162244
11720.7 0.00162051
11732.7 0.00161889
11744.7 0.00161359
11756.8 0.00160423
11768.8 0.0015944
11780.8 0.00158444
11792.8 0.00157455
11804.8 0.00156495
11816.8 0.00155636
11828.8 0.00154825
11840.8 0.00154021
11852.9 0.00152704
11864.9 0.0015118
11876.9 0.00149603
11888.9 0.00147996
11900.9 0.00146376
11912.9 0.00144762
11924.9 0.00143207
11936.9 0.00141613
11948.9 0.00140003
11961 0.00138088
11973 0.00136117
11985 0.00134119
11997 0.00132109
12009 0.00130102
12021 0.00128126
12033 0.00126218
12045 0.00124247
12057.1 0.00122166
12069.1 0.00119683
12081.1 0.00117126
12093.1 0.00114523
12105.1 0.0011189
12117.1 0.00109242
12129.1 0.0010661
12141.1 0.00103977
12153.2 0.00101381
12165.2 0.000983488
12177.2 0.000946716
12189.2 0.00090861
12201.2 0.000869547
12213.2 0.00082971
12225.2 0.000789287
12237.2 0.00074872
12249.2 0.000706309
12261.3 0.000662126
12273.3 0.00062083
12285.3 0.000580807
12297.3 0.00054045
12309.3 0.000499635
12321.3 0.000458325
12333.3 0.000416618
12345.3 0.000374278
12357.4 0.000329899
12369.4 0.000283403
12381.4 0.000245438
12393.4 0.000208178
12405.4 0.000170766
12417.4 0.00013292
12429.4 9.44454e-05
12441.4 5.53852e-05
12453.5 1.39924e-05
12465.5 -3.09555e-05
12477.5 -7.27112e-05
12489.5 -7.96915e-05
12501.5 -8.15645e-05
12513.5 -8.04144e-05
12525.5 -7.68355e-05
12537.5 -7.09628e-05
12549.5 -6.26076e-05
12561.6 -5.25372e-05
12573.6 -3.92559e-05
12585.6 -3.45634e-05
12597.6 -4.70642e-05
12609.6 -6.16526e-05
12621.6 -7.73414e-05
12633.6 -9.37551e-05
12645.6 -0.000110659
12657.7 -0.000128137
12669.7 -0.000146656
12681.7 -0.000166595
12693.7 -0.000179538
12705.7 -0.000187647
12717.7 -0.000194634
12729.7 -0.000200672
12741.7 -0.000205676
12753.8 -0.00020908
12765.8 -0.000212254
12777.8 -0.000214308
12789.8 -0.000212597
12801.8 -0.000236825
12813.8 -0.000265643
12825.8 -0.000296601
12837.8 -0.00032916
12849.8 -0.000363122
12861.9 -0.000398428
12873.9 -0.000434729
12885.9 -0.000472433
12897.9 -0.000509962
12909.9 -0.000537547
12921.9 -0.000564204
12933.9 -0.000590511
12945.9 -0.000616616
12958 -0.000642551
12970 -0.000668277
12982 -0.000693658
12994 -0.000718236
13006 -0.000747667
13018 -0.000787165
13030 -0.000828296
13042 -0.000870612
13054.1 -0.000914041
13066.1 -0.00095895
13078.1 -0.00100281
13090.1 -0.00104638
13102.1 -0.00108965
13114.1 -0.00113748
13126.1 -0.00118878
13138.1 -0.00124097
13150.2 -0.00129389
13162.2 -0.00134748
13174.2 -0.00140171
13186.2 -0.00145661
13198.2 -0.00151218
13210.2 -0.00156852
13222.2 -0.00162403
13234.2 -0.00167993
13246.2 -0.00173645
13258.3 -0.0017937
13270.3 -0.00185207
13282.3 -0.00190996
13294.3 -0.00196745
13306.3 -0.00202561
13318.3 -0.00208254
13330.3 -0.00212456
13342.3 -0.00216536
13354.4 -0.0022057
13366.4 -0.00224587
13378.4 -0.00228609
13390.4 -0.00232652
13402.4 -0.00236755
13414.4 -0.00241001
13426.4 -0.00243878
13438.4 -0.00244004
13450.5 -0.00243861
13462.5 -0.00243553
13474.5 -0.00243123
13486.5 -0.00242554
13498.5 -0.00241819
13510.5 -0.00240973
13522.5 -0.00240003
13534.5 -0.0023964
13546.5 -0.00239687
13558.6 -0.00239727
13570.6 -0.00239748
13582.6 -0.00239747
13594.6 -0.00239692
13606.6 -0.00239594
13618.6 -0.00239454
13630.6 -0.00239251
13642.6 -0.00239687
13654.7 -0.00240223
13666.7 -0.0024076
13678.7 -0.00241293
13690.7 -0.0024181
13702.7 -0.00242271
13714.7 -0.00242701
13726.7 -0.00243091
13738.7 -0.00243624
13750.8 -0.00245528
13762.8 -0.00247498
13774.8 -0.00249497
13786.8 -0.00251516
13798.8 -0.00253507
13810.8 -0.0025545
13822.8 -0.0025738
13834.8 -0.0025929
13846.8 -0.00261562
13858.9 -0.00264529
13870.9 -0.00267524
13882.9 -0.00270533
13894.9 -0.0027355
13906.9 -0.00276554
13918.9 -0.00279554
13930.9 -0.00282549
13942.9 -0.0028553
13955 -0.00288988
13967 -0.00292777
13979 -0.00296578
13991 -0.00300385
14003 -0.00304174
14015 -0.00307898
14027 -0.00311611
14039 -0.00315315
14051.1 -0.00319007
14063.1 -0.00323012
14075.1 -0.0032707
14087.1 -0.00331123
14099.1 -0.00335171
14111.1 -0.00339232
14123.1 -0.00343299
14135.1 -0.00347363
14147.1 -0.00351432
14159.2 -0.00354993
14171.2 -0.00353621
14183.2 -0.00352163
14195.2 -0.00350659
14207.2 -0.00349118
14219.2 -0.00347498
14231.2 -0.00345866
14243.2 -0.00344221
14255.3 -0.00342568
14267.3 -0.00340522
14279.3 -0.00337701
14291.3 -0.00334871
14303.3 -0.00332036
14315.3 -0.00329197
14327.3 -0.00326355
14339.3 -0.00323517
14351.4 -0.00320683
14363.4 -0.00317857
14375.4 -0.00315886
14387.4 -0.00314528
14399.4 -0.0031317
14411.4 -0.00311812
14423.4 -0.00310424
14435.4 -0.00309039
14447.4 -0.00307663
14459.5 -0.00306297
14471.5 -0.00304941
14483.5 -0.00304016
14495.5 -0.00303188
14507.5 -0.00302362
14519.5 -0.00301534
14531.5 -0.00300686
14543.5 -0.00299853
14555.6 -0.00299032
14567.6 -0.00298229
14579.6 -0.00297558
14591.6 -0.00298497
14603.6 -0.00299414
14615.6 -0.00300322
14627.6 -0.00301221
14639.6 -0.00302116
14651.7 -0.00303007
14663.7 -0.00303897
14675.7 -0.00304794
14687.7 -0.00306239
14699.7 -0.00308891
14711.7 -0.00311501
14723.7 -0.00314075
14735.7 -0.00316592
14747.7 -0.00319081
14759.8 -0.0032154
14771.8 -0.00323966
14783.8 -0.00326349
14795.8 -0.00327959
14807.8 -0.00328944
14819.8 -0.00329923
14831.8 -0.00330891
14843.8 -0.00331848
14855.9 -0.00332772
14867.9 -0.00333656
14879.9 -0.00334488
14891.9 -0.00335223
14903.9 -0.00332563
14915.9 -0.0032905
14927.9 -0.00325582
14939.9 -0.00322115
14952 -0.00318673
14964 -0.00315262
14976 -0.00311874
14988 -0.00308504
15000 -0.00305147
15012 -0.0030155
15024 -0.0029798
15036 -0.00294432
15048 -0.00290909
15060.1 -0.00287401
15072.1 -0.00283909
15084.1 -0.00280436
15096.1 -0.00276985
15108.1 -0.00273819
15120.1 -0.00271397
15132.1 -0.00268956
15144.1 -0.00266499
15156.2 -0.00264035
15168.2 -0.0026158
15180.2 -0.00259134
15192.2 -0.00256701
15204.2 -0.00254291
15216.2 -0.0025265
15228.2 -0.00251723
15240.2 -0.00250761
15252.3 -0.00249767
15264.3 -0.00248758
15276.3 -0.00247739
15288.3 -0.00246715
15300.3 -0.00245691
15312.3 -0.00244685
15324.3 -0.00244955
15336.3 -0.00245633
15348.3 -0.00246257
15360.4 -0.00246831
15372.4 -0.00247377
15384.4 -0.00247896
15396.4 -0.00248394
15408.4 -0.00248879
15420.4 -0.00249387
15432.4 -0.00251934
15444.4 -0.00254473
15456.5 -0.00256925
15468.5 -0.00259303
15480.5 -0.00261622
15492.5 -0.00263881
15504.5 -0.00266076
15516.5 -0.00268195
15528.5 -0.00269697
15540.5 -0.0026913
15552.6 -0.00268592
15564.6 -0.00268064
15576.6 -0.00267519
15588.6 -0.00266949
15600.6 -0.00266351
15612.6 -0.00265718
15624.6 -0.00265036
15636.6 -0.00263313
15648.6 -0.00260341
15660.7 -0.00257388
15672.7 -0.00254423
15684.7 -0.00251476
15696.7 -0.00248537
15708.7 -0.00245604
15720.7 -0.00242679
15732.7 -0.00239769
15744.7 -0.00237894
15756.8 -0.00236471
15768.8 -0.00235022
15780.8 -0.0023355
15792.8 -0.00232054
15804.8 -0.00230538
15816.8 -0.00229005
15828.8 -0.0022746
15840.8 -0.00225923
15852.9 -0.00226323
15864.9 -0.0022686
15876.9 -0.00227315
15888.9 -0.00227737
15900.9 -0.00228132
15912.9 -0.002285
15924.9 -0.00228843
15936.9 -0.00229163
15948.9 -0.00229635
15961 -0.00231139
15973 -0.00232597
15985 -0.00234023
15997 -0.00235415
16009 -0.00236776
16021 -0.00238108
16033 -0.00239414
16045 -0.00240696
16057.1 -0.00242537
16069.1 -0.00245303
16081.1 -0.00248022
16093.1 -0.00250704
16105.1 -0.00253363
16117.1 -0.00256
16129.1 -0.00258617
16141.1 -0.00261216
16153.2 -0.00263799
16165.2 -0.00266038
16177.2 -0.00268053
16189.2 -0.00270072
16201.2 -0.00272084
16213.2 -0.00274088
16225.2 -0.0027609
16237.2 -0.00278094
16249.2 -0.00280108
16261.3 -0.00282147
16273.3 -0.00281267
16285.3 -0.00279793
16297.3 -0.00278322
16309.3 -0.00276843
16321.3 -0.0027536
16333.3 -0.00273871
16345.3 -0.00272377
16357.4 -0.00270874
16369.4 -0.00269422
16381.4 -0.00268818
16393.4 -0.00268231
16405.4 -0.00267648
16417.4 -0.00267064
16429.4 -0.00266479
16441.4 -0.00265891
16453.5 -0.00265298
16465.5 -0.00264695
16477.5 -0.00264361
16489.5 -0.00264724
16501.5 -0.00265147
16513.5 -0.00265571
16525.5 -0.00265994
16537.5 -0.00266417
16549.5 -0.0026684
16561.6 -0.00267262
16573.6 -0.00267675
16585.6 -0.00268425
16597.6 -0.0026951
16609.6 -0.00270623
16621.6 -0.00271752
16633.6 -0.00272895
16645.6 -0.00274053
16657.7 -0.00275222
16669.7 -0.002764
16681.7 -0.00277567
16693.7 -0.00279526
16705.7 -0.00281855
16717.7 -0.00284258
16729.7 -0.00286695
16741.7 -0.00289177
16753.8 -0.00291709
16765.8 -0.00294299
16777.8 -0.00296961
16789.8 -0.00299726
16801.8 -0.00301561
16813.8 -0.00303384
16825.8 -0.00305247
16837.8 -0.00307167
16849.8 -0.0030916
16861.9 -0.00311246
16873.9 -0.00313457
16885.9 -0.0031586
16897.9 -0.00317712
16909.9 -0.00316495
16921.9 -0.00315169
16933.9 -0.00313725
16945.9 -0.00312218
16958 -0.00310671
16970 -0.00309097
16982 -0.00307503
16994 -0.00305901
17006 -0.00304214
17018 -0.003024
17030 -0.00300564
17042 -0.00298709
17054.1 -0.00296837
17066.1 -0.00294947
17078.1 -0.00293037
17090.1 -0.00291101
17102.1 -0.00289117
17114.1 -0.00287593
17126.1 -0.00286447
17138.1 -0.0028529
17150.2 -0.00284124
17162.2 -0.00282949
17174.2 -0.00281765
17186.2 -0.00280564
17198.2 -0.00279337
17210.2 -0.00278035
17222.2 -0.00277344
17234.2 -0.00276768
17246.2 -0.00276224
17258.3 -0.00275702
17270.3 -0.00275197
17282.3 -0.00274705
17294.3 -0.00274219
17306.3 -0.00273727
17318.3 -0.00273277
17330.3 -0.00273363
17342.3 -0.00273531
17354.4 -0.00273749
17366.4 -0.00274015
17378.4 -0.00274329
17390.4 -0.00274693
17402.4 -0.00275113
17414.4 -0.00275601
17426.4 -0.00276101
17438.4 -0.00276541
17450.5 -0.00277005
17462.5 -0.00277517
17474.5 -0.00278091
17486.5 -0.00278748
17498.5 -0.00279514
17510.5 -0.0028044
17522.5 -0.00281668
17534.5 -0.00281625
17546.5 -0.00280206
17558.6 -0.00278575
17570.6 -0.00276814
17582.6 -0.00274957
17594.6 -0.00273024
17606.6 -0.00271026
17618.6 -0.00268974
17630.6 -0.00266884
17642.6 -0.00264749
17654.7 -0.00262514
17666.7 -0.00260186
17678.7 -0.00257772
17690.7 -0.0025527
17702.7 -0.00252673
17714.7 -0.00249965
17726.7 -0.00247113
17738.7 -0.00244094
17750.8 -0.00241853
17762.8 -0.00239722
17774.8 -0.00237608
17786.8 -0.00235479
17798.8 -0.00233318
17810.8 -0.00231103
17822.8 -0.00228811
17834.8 -0.00226387
17846.8 -0.00224093
17858.9 -0.00222735
17870.9 -0.00221486
17882.9 -0.00220285
17894.9 -0.00219105
17906.9 -0.00217929
17918.9 -0.00216743
17930.9 -0.00215524
17942.9 -0.0021422
17955 -0.00213114
17967 -0.0021246
17979 -0.00211911
17991 -0.00211431
18003 -0.0021101
18015 -0.00210641
18027 -0.00210327
18039 -0.00210076
18051.1 -0.0020993
18063.1 -0.00209524
18075.1 -0.00208967
18087.1 -0.00208391
18099.1 -0.00207812
18111.1 -0.0020724
18123.1 -0.00206684
18135.1 -0.00206157
18147.1 -0.00205686
18159.2 -0.00205311
18171.2 -0.00204028
18183.2 -0.00202579
18195.2 -0.00201042
18207.2 -0.0019944
18219.2 -0.0019778
18231.2 -0.00196067
18243.2 -0.00194306
18255.3 -0.00192501
18267.3 -0.00190626
18279.3 -0.00188573
18291.3 -0.00186438
18303.3 -0.00184224
18315.3 -0.00181927
18327.3 -0.00179535
18339.3 -0.00177033
18351.4 -0.00174388
18363.4 -0.00171505
18375.4 -0.00168853
18387.4 -0.00167047
18399.4 -0.00165367
18411.4 -0.00163743
18423.4 -0.00162146
18435.4 -0.00160558
18447.4 -0.00158963
18459.5 -0.00157341
18471.5 -0.00155635
18483.5 -0.0015412
18495.5 -0.00152776
18507.5 -0.00151469
18519.5 -0.00150181
18531.5 -0.00148901
18543.5 -0.00147621
18555.6 -0.00146333
18567.6 -0.00145026
18579.6 -0.00143664
18591.6 -0.00142478
18603.6 -0.00141329
18615.6 -0.00140188
18627.6 -0.00139045
18639.6 -0.00137892
18651.7 -0.00136719
18663.7 -0.00135508
18675.7 -0.00134222
18687.7 -0.00132894
18699.7 -0.00132211
18711.7 -0.00131668
18723.7 -0.00131209
18735.7 -0.00130821
18747.7 -0.00130499
18759.8 -0.0013025
18771.8 -0.00130088
18783.8 -0.00130061
18795.8 -0.00129864
18807.8 -0.00128934
18819.8 -0.00127871
18831.8 -0.00126729
18843.8 -0.00125522
18855.9 -0.00124257
18867.9 -0.00122931
18879.9 -0.00121531
18891.9 -0.00119998
18903.9 -0.0011866
18915.9 -0.00117522
18927.9 -0.00116416
18939.9 -0.00115327
18952 -0.00114246
18964 -0.00113168
18976 -0.00112093
18988 -0.00111018
19000 -0.00109952
