7000 -0.0050345
7012.01 -0.00501962
7024.02 -0.00500451
7036.04 -0.00498899
7048.05 -0.00497312
7060.06 -0.00495726
7072.07 -0.00494132
7084.08 -0.00492527
7096.1 -0.00490909
7108.11 -0.00489276
7120.12 -0.00487626
7132.13 -0.00485949
7144.14 -0.00484195
7156.16 -0.00482446
7168.17 -0.00480712
7180.18 -0.00478982
7192.19 -0.0047725
7204.2 -0.00475514
7216.22 -0.00473769
7228.23 -0.00472008
7240.24 -0.00470212
7252.25 -0.00468327
7264.26 -0.00466492
7276.28 -0.00464675
7288.29 -0.00462868
7300.3 -0.00461063
7312.31 -0.00459253
7324.32 -0.0045743
7336.34 -0.00455577
7348.35 -0.00453595
7360.36 -0.00451582
7372.37 -0.00449665
7384.38 -0.00447796
7396.4 -0.00445963
7408.41 -0.00444158
7420.42 -0.00442377
7432.43 -0.00440619
7444.44 -0.0043889
7456.46 -0.00437269
7468.47 -0.00435481
7480.48 -0.00435156
7492.49 -0.00436543
7504.5 -0.00438106
7516.52 -0.00439803
7528.53 -0.00441628
7540.54 -0.00443591
7552.55 -0.00445727
7564.56 -0.00448117
7576.58 -0.00450868
7588.59 -0.00449148
7600.6 -0.00445546
7612.61 -0.00441696
7624.62 -0.00437678
7636.64 -0.00433526
7648.65 -0.00429257
7660.66 -0.00424902
7672.67 -0.00420401
7684.68 -0.00415692
7696.7 -0.00412654
7708.71 -0.0040968
7720.72 -0.00406688
7732.73 -0.00403652
7744.74 -0.00400555
7756.76 -0.00397361
7768.77 -0.0039395
7780.78 -0.00390618
7792.79 -0.00387377
7804.8 -0.00384385
7816.82 -0.00381412
7828.83 -0.00378446
7840.84 -0.00375481
7852.85 -0.00372519
7864.86 -0.00369573
7876.88 -0.00366648
7888.89 -0.0036364
7900.9 -0.00360721
7912.91 -0.00357954
7924.92 -0.00355168
7936.94 -0.00352358
7948.95 -0.00349516
7960.96 -0.00346629
7972.97 -0.00343629
7984.98 -0.00340663
7997 -0.00337757
8009.01 -0.00334658
8021.02 -0.00331456
8033.03 -0.00328245
8045.05 -0.00325026
8057.06 -0.00321798
8069.07 -0.0031856
8081.08 -0.00315303
8093.09 -0.00312053
8105.11 -0.00308787
8117.12 -0.0030595
8129.13 -0.00303176
8141.14 -0.00300444
8153.15 -0.00297761
8165.17 -0.00295148
8177.18 -0.00292677
8189.19 -0.00290323
8201.2 -0.00287831
8213.21 -0.00285051
8225.23 -0.00280779
8237.24 -0.00276366
8249.25 -0.00271867
8261.26 -0.00267301
8273.27 -0.00262686
8285.29 -0.00258069
8297.3 -0.00253322
8309.31 -0.00248431
8321.32 -0.00244175
8333.33 -0.00241053
8345.35 -0.00237985
8357.36 -0.00234941
8369.37 -0.00231918
8381.38 -0.00228921
8393.39 -0.00225966
8405.41 -0.00223001
8417.42 -0.00220085
8429.43 -0.00216033
8441.44 -0.00211253
8453.45 -0.00206387
8465.47 -0.00201463
8477.48 -0.00196493
8489.49 -0.00191493
8501.5 -0.0018645
8513.51 -0.00181336
8525.53 -0.00176163
8537.54 -0.00171167
8549.55 -0.00166171
8561.56 -0.0016115
8573.57 -0.00156107
8585.59 -0.00151052
8597.6 -0.00146032
8609.61 -0.00140849
8621.62 -0.00135526
8633.63 -0.00130391
8645.65 -0.0012746
8657.66 -0.00124624
8669.67 -0.00121822
8681.68 -0.00119033
8693.69 -0.00116247
8705.71 -0.00113458
8717.72 -0.00110693
8729.73 -0.00107937
8741.74 -0.00105186
8753.75 -0.00102437
8765.77 -0.000996907
8777.78 -0.000969464
8789.79 -0.000942063
8801.8 -0.000914828
8813.81 -0.000887407
8825.83 -0.000859646
8837.84 -0.000831707
8849.85 -0.000803615
8861.86 -0.000775372
8873.87 -0.00074697
8885.89 -0.000718384
8897.9 -0.000689549
8909.91 -0.000660255
8921.92 -0.000631497
8933.93 -0.000602924
8945.95 -0.000574425
8957.96 -0.000545964
8969.97 -0.000517529
8981.98 -0.000489121
8993.99 -0.000460758
9006.01 -0.000432522
9018.02 -0.000404327
9030.03 -0.000375542
9042.04 -0.000346512
9054.05 -0.000317286
9066.07 -0.000287877
9078.08 -0.000258281
9090.09 -0.00022848
9102.1 -0.000198425
9114.11 -0.000167866
9126.13 -0.000137665
9138.14 -0.000107737
9150.15 -7.785e-05
9162.16 -4.79441e-05
9174.17 -1.79838e-05
9186.19 1.20628e-05
9198.2 4.22365e-05
9210.21 7.26178e-05
9222.22 0.000103342
9234.23 0.000133398
9246.25 0.000163269
9258.26 0.000193069
9270.27 0.000222848
9282.28 0.000252636
9294.29 0.000282463
9306.31 0.000312364
9318.32 0.00034242
9330.33 0.000372482
9342.34 0.000402196
9354.35 0.000431853
9366.37 0.000461511
9378.38 0.000491206
9390.39 0.000520976
9402.4 0.000550872
9414.41 0.000580991
9426.43 0.000611764
9438.44 0.000641296
9450.45 0.000670221
9462.46 0.00069889
9474.47 0.000727395
9486.49 0.00075579
9498.5 0.00078411
9510.51 0.000812389
9522.52 0.000840669
9534.53 0.000868972
9546.55 0.000897017
9558.56 0.000925002
9570.57 0.000952981
9582.58 0.000980993
9594.59 0.00100908
9606.61 0.00103732
9618.62 0.00106584
9630.63 0.00109502
9642.64 0.00112327
9654.65 0.00114925
9666.67 0.00117459
9678.68 0.00119951
9690.69 0.0012241
9702.7 0.00124843
9714.71 0.00127254
9726.73 0.00129646
9738.74 0.0013202
9750.75 0.00134379
9762.76 0.00136725
9774.77 0.0013906
9786.79 0.00141386
9798.8 0.00143705
9810.81 0.00146022
9822.82 0.00148341
9834.83 0.0015068
9846.85 0.00153008
9858.86 0.00155129
9870.87 0.00157191
9882.88 0.00159213
9894.89 0.00161203
9906.91 0.00163162
9918.92 0.00165092
9930.93 0.00166993
9942.94 0.00168856
9954.95 0.00170739
9966.97 0.00172656
9978.98 0.00174569
9990.99 0.00176474
10003 0.00178369
10015 0.00180256
10027 0.00182137
10039 0.0018402
10051.1 0.00185928
10063.1 0.00187614
10075.1 0.00189226
10087.1 0.00190787
10099.1 0.00192303
10111.1 0.00193774
10123.1 0.00195196
10135.1 0.00196562
10147.1 0.00197849
10159.2 0.00199145
10171.2 0.00200711
10183.2 0.00202306
10195.2 0.00203902
10207.2 0.00205489
10219.2 0.00207058
10231.2 0.00208603
10243.2 0.00210114
10255.3 0.00211571
10267.3 0.00213097
10279.3 0.00214675
10291.3 0.00216241
10303.3 0.00217782
10315.3 0.00219289
10327.3 0.00220752
10339.3 0.00222157
10351.4 0.00223476
10363.4 0.00224671
10375.4 0.00226464
10387.4 0.00228364
10399.4 0.00230303
10411.4 0.00232256
10423.4 0.00234212
10435.4 0.00236162
10447.4 0.00238096
10459.5 0.00240004
10471.5 0.00241921
10483.5 0.00243904
10495.5 0.00245879
10507.5 0.00247837
10519.5 0.00249771
10531.5 0.00251675
10543.5 0.00253542
10555.6 0.00255363
10567.6 0.00257107
10579.6 0.00259063
10591.6 0.00261125
10603.6 0.0026319
10615.6 0.00265245
10627.6 0.00267285
10639.6 0.00269306
10651.7 0.00271307
10663.7 0.00273289
10675.7 0.00275235
10687.7 0.00276961
10699.7 0.00278626
10711.7 0.00280242
10723.7 0.00281815
10735.7 0.00283353
10747.7 0.00284864
10759.8 0.00286366
10771.8 0.00287893
10783.8 0.00289454
10795.8 0.00290032
10807.8 0.00288853
10819.8 0.0028731
10831.8 0.00285477
10843.8 0.00283373
10855.9 0.00280992
10867.9 0.00278311
10879.9 0.0027528
10891.9 0.0027123
10903.9 0.0026917
10915.9 0.0026853
10927.9 0.0026801
10939.9 0.00267517
10952 0.00267008
10964 0.00266458
10976 0.00265846
10988 0.0026509
11000 0.00263981
11012 0.00263595
11024 0.00263284
11036 0.00262966
11048 0.0026262
11060.1 0.00262233
11072.1 0.00261796
11084.1 0.0026129
11096.1 0.00260514
11108.1 0.00259642
11120.1 0.00259646
11132.1 0.00259741
11144.1 0.00259872
11156.2 0.00260024
11168.2 0.00260189
11180.2 0.00260362
11192.2 0.00260537
11204.2 0.00260626
11216.2 0.00260728
11228.2 0.00260854
11240.2 0.00260992
11252.3 0.00261141
11264.3 0.00261301
11276.3 0.00261474
11288.3 0.00261658
11300.3 0.00261807
11312.3 0.00261902
11324.3 0.00262001
11336.3 0.00262108
11348.3 0.00262244
11360.4 0.00262414
11372.4 0.00262624
11384.4 0.00262882
11396.4 0.002632
11408.4 0.00263614
11420.4 0.00264196
11432.4 0.00263891
11444.4 0.00263371
11456.5 0.00262817
11468.5 0.00262252
11480.5 0.00261689
11492.5 0.00261139
11504.5 0.00260616
11516.5 0.00260169
11528.5 0.00259733
11540.5 0.00259214
11552.6 0.00258707
11564.6 0.00258226
11576.6 0.00257777
11588.6 0.0025737
11600.6 0.00257018
11612.6 0.00256811
11624.6 0.00256724
11636.6 0.00256577
11648.6 0.00256194
11660.7 0.00255813
11672.7 0.00255456
11684.7 0.00255138
11696.7 0.00254872
11708.7 0.00254682
11720.7 0.0025466
11732.7 0.00254772
11744.7 0.00254339
11756.8 0.0025329
11768.8 0.00252173
11780.8 0.00251031
11792.8 0.00249887
11804.8 0.00248761
11816.8 0.00247703
11828.8 0.00246773
11840.8 0.00245887
11852.9 0.00244496
11864.9 0.00242907
11876.9 0.00241274
11888.9 0.00239618
11900.9 0.00237954
11912.9 0.00236297
11924.9 0.00234698
11936.9 0.00233115
11948.9 0.00231536
11961 0.00229678
11973 0.00227777
11985 0.00225861
11997 0.00223944
12009 0.00222036
12021 0.00220161
12033 0.00218381
12045 0.00216604
12057.1 0.00214739
12069.1 0.00212459
12081.1 0.00210121
12093.1 0.00207756
12105.1 0.00205383
12117.1 0.00203017
12129.1 0.00200689
12141.1 0.00198421
12153.2 0.00196269
12165.2 0.00193436
12177.2 0.00189569
12189.2 0.00185514
12201.2 0.00181327
12213.2 0.00177035
12225.2 0.00172654
12237.2 0.0016823
12249.2 0.00163654
12261.3 0.00158876
12273.3 0.00154568
12285.3 0.00150489
12297.3 0.00146401
12309.3 0.00142285
12321.3 0.00138133
12333.3 0.00133951
12345.3 0.00129748
12357.4 0.00125422
12369.4 0.00120976
12381.4 0.00116768
12393.4 0.00112529
12405.4 0.00108226
12417.4 0.00103838
12429.4 0.00099349
12441.4 0.000947502
12453.5 0.000899284
12465.5 0.000847211
12477.5 0.000798552
12489.5 0.000787815
12501.5 0.000782527
12513.5 0.00078038
12525.5 0.000780684
12537.5 0.000783209
12549.5 0.000788117
12561.6 0.000795065
12573.6 0.000805136
12585.6 0.000807494
12597.6 0.00079425
12609.6 0.000779175
12621.6 0.000763144
12633.6 0.000746471
12645.6 0.000729315
12657.7 0.000711692
12669.7 0.000693189
12681.7 0.000673213
12693.7 0.000661091
12705.7 0.000654369
12717.7 0.000648861
12729.7 0.000644308
12741.7 0.000640694
12753.8 0.000638338
12765.8 0.000636742
12777.8 0.000636209
12789.8 0.000638508
12801.8 0.000623096
12813.8 0.000604705
12825.8 0.000585016
12837.8 0.000564386
12849.8 0.000542941
12861.9 0.000520668
12873.9 0.000497697
12885.9 0.000473698
12897.9 0.000450278
12909.9 0.000437417
12921.9 0.000425883
12933.9 0.000415074
12945.9 0.000404825
12958 0.00039509
12970 0.00038589
12982 0.000377329
12994 0.000369769
13006 0.000358696
13018 0.000339951
13030 0.000320289
13042 0.00030009
13054.1 0.000279468
13066.1 0.000258223
13078.1 0.000237495
13090.1 0.000217323
13102.1 0.000198088
13114.1 0.000171414
13126.1 0.000139243
13138.1 0.000106112
13150.2 7.23165e-05
13162.2 3.79889e-05
13174.2 3.21052e-06
13186.2 -3.19729e-05
13198.2 -6.74925e-05
13210.2 -0.000103178
13222.2 -0.000141399
13234.2 -0.000180395
13246.2 -0.000219931
13258.3 -0.00026001
13270.3 -0.00030078
13282.3 -0.000341673
13294.3 -0.000382399
13306.3 -0.00042341
13318.3 -0.000464263
13330.3 -0.000501552
13342.3 -0.000538733
13354.4 -0.000576027
13366.4 -0.000613551
13378.4 -0.000651426
13390.4 -0.000689784
13402.4 -0.000728932
13414.4 -0.000769618
13426.4 -0.000797637
13438.4 -0.00079999
13450.5 -0.000799971
13462.5 -0.000798538
13474.5 -0.000796077
13486.5 -0.000792667
13498.5 -0.000788311
13510.5 -0.000783319
13522.5 -0.000777849
13534.5 -0.000769936
13546.5 -0.000760199
13558.6 -0.000749858
13570.6 -0.000738997
13582.6 -0.000727672
13594.6 -0.000715832
13606.6 -0.000703555
13618.6 -0.00069088
13630.6 -0.000677821
13642.6 -0.000664694
13654.7 -0.000651283
13666.7 -0.000637555
13678.7 -0.000623518
13690.7 -0.000609154
13702.7 -0.000594374
13714.7 -0.00057923
13726.7 -0.000563648
13738.7 -0.000548931
13750.8 -0.000543826
13762.8 -0.000539046
13774.8 -0.000534333
13786.8 -0.000529614
13798.8 -0.000524754
13810.8 -0.000519673
13822.8 -0.000514413
13834.8 -0.000508872
13846.8 -0.000507467
13858.9 -0.000514029
13870.9 -0.000520866
13882.9 -0.000527819
13894.9 -0.000534824
13906.9 -0.0005418
13918.9 -0.000548735
13930.9 -0.000555592
13942.9 -0.000562283
13955 -0.000574699
13967 -0.000591097
13979 -0.000607633
13991 -0.000624231
14003 -0.000640816
14015 -0.000657221
14027 -0.00067356
14039 -0.000689813
14051.1 -0.000705902
14063.1 -0.000728879
14075.1 -0.000753084
14087.1 -0.000777311
14099.1 -0.000801526
14111.1 -0.000825759
14123.1 -0.000849989
14135.1 -0.000874192
14147.1 -0.000898401
14159.2 -0.000919899
14171.2 -0.000915318
14183.2 -0.000910251
14195.2 -0.000904908
14207.2 -0.000899335
14219.2 -0.000893467
14231.2 -0.000887483
14243.2 -0.000881389
14255.3 -0.000875201
14267.3 -0.000864827
14279.3 -0.000846178
14291.3 -0.00082741
14303.3 -0.00080856
14315.3 -0.00078964
14327.3 -0.00077067
14339.3 -0.000751668
14351.4 -0.00073264
14363.4 -0.000713595
14375.4 -0.000694944
14387.4 -0.000676573
14399.4 -0.000658193
14411.4 -0.000639795
14423.4 -0.000621341
14435.4 -0.000602939
14447.4 -0.000584578
14459.5 -0.000566252
14471.5 -0.000547956
14483.5 -0.000528139
14495.5 -0.000508042
14507.5 -0.000488006
14519.5 -0.000468013
14531.5 -0.000448091
14543.5 -0.000428284
14555.6 -0.000408587
14567.6 -0.000389011
14579.6 -0.000369894
14591.6 -0.000355472
14603.6 -0.000341072
14615.6 -0.000326733
14627.6 -0.000312468
14639.6 -0.000298292
14651.7 -0.000284221
14663.7 -0.000270275
14675.7 -0.000256507
14687.7 -0.000246733
14699.7 -0.000245572
14711.7 -0.000244276
14723.7 -0.000242916
14735.7 -0.000241505
14747.7 -0.000240084
14759.8 -0.000238656
14771.8 -0.00023723
14783.8 -0.000235824
14795.8 -0.000236086
14807.8 -0.000237679
14819.8 -0.000239202
14831.8 -0.000240672
14843.8 -0.000242089
14855.9 -0.00024344
14867.9 -0.000244717
14879.9 -0.000245901
14891.9 -0.000246927
14903.9 -0.000242804
14915.9 -0.000237376
14927.9 -0.000232002
14939.9 -0.000226631
14952 -0.00022128
14964 -0.000215929
14976 -0.000210553
14988 -0.000205102
15000 -0.000199371
15012 -0.000183248
15024 -0.000167525
15036 -0.000152004
15048 -0.000136641
15060.1 -0.000121407
15072.1 -0.000106292
15084.1 -9.12824e-05
15096.1 -7.63627e-05
15108.1 -6.09356e-05
15120.1 -4.39482e-05
15132.1 -2.71334e-05
15144.1 -1.04625e-05
15156.2 6.05644e-06
15168.2 2.24337e-05
15180.2 3.86757e-05
15192.2 5.47873e-05
15204.2 7.07773e-05
15216.2 8.72475e-05
15228.2 0.000104153
15240.2 0.000120881
15252.3 0.00013743
15264.3 0.000153799
15276.3 0.000169982
15288.3 0.000185959
15300.3 0.000201693
15312.3 0.000217064
15324.3 0.000223968
15336.3 0.000228003
15348.3 0.000232119
15360.4 0.000236239
15372.4 0.000240347
15384.4 0.000244411
15396.4 0.0002484
15408.4 0.000252266
15420.4 0.000255839
15432.4 0.00025001
15444.4 0.000244007
15456.5 0.000238124
15468.5 0.000232356
15480.5 0.000226675
15492.5 0.000221058
15504.5 0.000215488
15516.5 0.000209947
15528.5 0.000203962
15540.5 0.000196276
15552.6 0.000188701
15564.6 0.000181214
15576.6 0.000173754
15588.6 0.000166341
15600.6 0.000158978
15612.6 0.000151675
15624.6 0.000144464
15636.6 0.000140023
15648.6 0.000138903
15660.7 0.00013764
15672.7 0.000136317
15684.7 0.000134994
15696.7 0.000133644
15708.7 0.000132266
15720.7 0.000130862
15732.7 0.000129434
15744.7 0.000128167
15756.8 0.000126958
15768.8 0.000125728
15780.8 0.000124441
15792.8 0.000123107
15804.8 0.000121731
15816.8 0.000120312
15828.8 0.000118848
15840.8 0.000117339
15852.9 0.000116178
15864.9 0.000114969
15876.9 0.00011367
15888.9 0.000112465
15900.9 0.00011126
15912.9 0.000110035
15924.9 0.000108778
15936.9 0.000107472
15948.9 0.000105014
15961 9.58121e-05
15973 8.673e-05
15985 7.76949e-05
15997 6.86794e-05
16009 5.96806e-05
16021 5.06903e-05
16033 4.16991e-05
16045 3.26894e-05
16057.1 1.95728e-05
16069.1 -2.27227e-07
16081.1 -1.99631e-05
16093.1 -3.95484e-05
16105.1 -5.90502e-05
16117.1 -7.84933e-05
16129.1 -9.78898e-05
16141.1 -0.000117247
16153.2 -0.000136566
16165.2 -0.000161397
16177.2 -0.000189798
16189.2 -0.000218178
16201.2 -0.00024663
16213.2 -0.000275118
16225.2 -0.00030365
16237.2 -0.000332243
16249.2 -0.000360915
16261.3 -0.00038971
16273.3 -0.000412888
16285.3 -0.00043498
16297.3 -0.000457207
16309.3 -0.000479577
16321.3 -0.000502086
16333.3 -0.000524747
16345.3 -0.000547578
16357.4 -0.000570612
16369.4 -0.000593442
16381.4 -0.000610486
16393.4 -0.000627617
16405.4 -0.000644956
16417.4 -0.000662488
16429.4 -0.000680226
16441.4 -0.000698185
16453.5 -0.00071639
16465.5 -0.000734881
16477.5 -0.000752082
16489.5 -0.000765556
16501.5 -0.00077927
16513.5 -0.000793398
16525.5 -0.000807799
16537.5 -0.000822472
16549.5 -0.000837422
16561.6 -0.000852658
16573.6 -0.000868193
16585.6 -0.000883791
16597.6 -0.000899457
16609.6 -0.000915471
16621.6 -0.000931814
16633.6 -0.000948484
16645.6 -0.000965484
16657.7 -0.000982815
16669.7 -0.00100047
16681.7 -0.00101842
16693.7 -0.00103794
16705.7 -0.00105835
16717.7 -0.00107967
16729.7 -0.00110154
16741.7 -0.00112393
16753.8 -0.00114684
16765.8 -0.00117028
16777.8 -0.00119426
16789.8 -0.00121882
16801.8 -0.00124352
16813.8 -0.00126876
16825.8 -0.00129456
16837.8 -0.00132097
16849.8 -0.00134804
16861.9 -0.00137582
16873.9 -0.00140441
16885.9 -0.00143401
16897.9 -0.00146222
16909.9 -0.00148082
16921.9 -0.00149993
16933.9 -0.00151932
16945.9 -0.00153907
16958 -0.00155925
16970 -0.00157991
16982 -0.00160117
16994 -0.0016233
17006 -0.0016414
17018 -0.00165272
17030 -0.00166364
17042 -0.00167434
17054.1 -0.00168491
17066.1 -0.00169535
17078.1 -0.00170567
17090.1 -0.00171589
17102.1 -0.00172609
17114.1 -0.00173383
17126.1 -0.00174025
17138.1 -0.00174619
17150.2 -0.00175146
17162.2 -0.00175599
17174.2 -0.0017597
17186.2 -0.00176246
17198.2 -0.00176408
17210.2 -0.00176399
17222.2 -0.001769
17234.2 -0.00177408
17246.2 -0.00177833
17258.3 -0.00178152
17270.3 -0.0017835
17282.3 -0.00178407
17294.3 -0.001783
17306.3 -0.00177987
17318.3 -0.00177573
17330.3 -0.00178274
17342.3 -0.00178988
17354.4 -0.00179627
17366.4 -0.0018016
17378.4 -0.00180569
17390.4 -0.00180833
17402.4 -0.00180926
17414.4 -0.0018079
17426.4 -0.00180913
17438.4 -0.00182089
17450.5 -0.00183305
17462.5 -0.00184502
17474.5 -0.00185661
17486.5 -0.00186777
17498.5 -0.0018785
17510.5 -0.00188889
17522.5 -0.00189917
17534.5 -0.00190669
17546.5 -0.00191132
17558.6 -0.00191506
17570.6 -0.00191811
17582.6 -0.00192059
17594.6 -0.00192262
17606.6 -0.00192431
17618.6 -0.00192587
17630.6 -0.00192784
17642.6 -0.00192561
17654.7 -0.00192159
17666.7 -0.0019168
17678.7 -0.00191143
17690.7 -0.00190561
17702.7 -0.00189943
17714.7 -0.00189298
17726.7 -0.00188636
17738.7 -0.0018796
17750.8 -0.00187053
17762.8 -0.00186104
17774.8 -0.00185133
17786.8 -0.00184143
17798.8 -0.00183139
17810.8 -0.00182123
17822.8 -0.00181097
17834.8 -0.00180057
17846.8 -0.00179049
17858.9 -0.00178186
17870.9 -0.00177344
17882.9 -0.00176518
17894.9 -0.00175708
17906.9 -0.00174912
17918.9 -0.00174128
17930.9 -0.00173352
17942.9 -0.00172569
17955 -0.00171862
17967 -0.00171328
17979 -0.00170861
17991 -0.00170451
18003 -0.00170097
18015 -0.001698
18027 -0.00169563
18039 -0.00169395
18051.1 -0.00169324
18063.1 -0.00169133
18075.1 -0.00168889
18087.1 -0.00168677
18099.1 -0.00168508
18111.1 -0.00168394
18123.1 -0.00168346
18135.1 -0.0016838
18147.1 -0.00168534
18159.2 -0.00168877
18171.2 -0.00168229
18183.2 -0.00167423
18195.2 -0.00166564
18207.2 -0.0016568
18219.2 -0.00164787
18231.2 -0.00163899
18243.2 -0.00163029
18255.3 -0.00162203
18267.3 -0.00161356
18279.3 -0.00160049
18291.3 -0.00158655
18303.3 -0.00157208
18315.3 -0.00155718
18327.3 -0.00154189
18339.3 -0.0015262
18351.4 -0.00151007
18363.4 -0.00149325
18375.4 -0.00147652
18387.4 -0.00146157
18399.4 -0.00144686
18411.4 -0.00143225
18423.4 -0.00141767
18435.4 -0.00140309
18447.4 -0.00138849
18459.5 -0.00137383
18471.5 -0.00135903
18483.5 -0.00134369
18495.5 -0.00132797
18507.5 -0.0013121
18519.5 -0.00129605
18531.5 -0.0012798
18543.5 -0.00126331
18555.6 -0.00124652
18567.6 -0.00122928
18579.6 -0.00121107
18591.6 -0.00119596
18603.6 -0.00118149
18615.6 -0.00116723
18627.6 -0.00115304
18639.6 -0.00113884
18651.7 -0.00112455
18663.7 -0.00111009
18675.7 -0.00109524
18687.7 -0.00108011
18699.7 -0.00106785
18711.7 -0.00105617
18723.7 -0.00104481
18735.7 -0.00103368
18747.7 -0.00102276
18759.8 -0.00101202
18771.8 -0.00100148
18783.8 -0.000991198
18795.8 -0.000980476
18807.8 -0.000967926
18819.8 -0.000954999
18831.8 -0.000941794
18843.8 -0.000928318
18855.9 -0.000914536
18867.9 -0.000900366
18879.9 -0.000885609
18891.9 -0.000869589
18903.9 -0.000856567
18915.9 -0.000846719
18927.9 -0.000837636
18939.9 -0.000829083
18952 -0.000820973
18964 -0.000813283
18976 -0.000806034
18988 -0.000799326
19000 -0.000793741
