7000 -0.00167225
7012.01 -0.00166839
7024.02 -0.00166449
7036.04 -0.00166047
7048.05 -0.00165643
7060.06 -0.00165246
7072.07 -0.00164851
7084.08 -0.00164455
7096.1 -0.00164058
7108.11 -0.00163658
7120.12 -0.00163252
7132.13 -0.00162835
7144.14 -0.00162388
7156.16 -0.00161954
7168.17 -0.00161528
7180.18 -0.00161102
7192.19 -0.00160675
7204.2 -0.00160243
7216.22 -0.00159804
7228.23 -0.00159353
7240.24 -0.0015888
7252.25 -0.00158369
7264.26 -0.00157878
7276.28 -0.00157386
7288.29 -0.00156886
7300.3 -0.00156374
7312.31 -0.00155844
7324.32 -0.00155289
7336.34 -0.00154698
7348.35 -0.00154027
7360.36 -0.00153332
7372.37 -0.00152642
7384.38 -0.00151928
7396.4 -0.00151171
7408.41 -0.00150354
7420.42 -0.00149452
7432.43 -0.0014843
7444.44 -0.00147234
7456.46 -0.00145777
7468.47 -0.00143639
7480.48 -0.00149183
7492.49 -0.00163592
7504.5 -0.00178905
7516.52 -0.00194872
7528.53 -0.00211433
7540.54 -0.00228597
7552.55 -0.00246448
7564.56 -0.0026521
7576.58 -0.00285571
7588.59 -0.00288999
7600.6 -0.00285365
7612.61 -0.00280903
7624.62 -0.00275918
7636.64 -0.00270532
7648.65 -0.00264805
7660.66 -0.0025877
7672.67 -0.00252365
7684.68 -0.00245472
7696.7 -0.00243602
7708.71 -0.00242026
7720.72 -0.00240508
7732.73 -0.00238995
7744.74 -0.00237459
7756.76 -0.00235874
7768.77 -0.00234166
7780.78 -0.00232534
7792.79 -0.00230785
7804.8 -0.00228412
7816.82 -0.00225978
7828.83 -0.002235
7840.84 -0.0022098
7852.85 -0.00218424
7864.86 -0.00215838
7876.88 -0.00213219
7888.89 -0.00210487
7900.9 -0.00208126
7912.91 -0.00206322
7924.92 -0.00204527
7936.94 -0.00202723
7948.95 -0.00200902
7960.96 -0.00199055
7972.97 -0.0019714
7984.98 -0.00195271
7997 -0.00193489
8009.01 -0.00190756
8021.02 -0.00187511
8033.03 -0.00184192
8045.05 -0.00180814
8057.06 -0.00177381
8069.07 -0.0017389
8081.08 -0.00170331
8093.09 -0.00166706
8105.11 -0.00162916
8117.12 -0.00161163
8129.13 -0.00159619
8141.14 -0.00158153
8153.15 -0.00156754
8165.17 -0.0015543
8177.18 -0.00154233
8189.19 -0.0015313
8201.2 -0.00151988
8213.21 -0.00150393
8225.23 -0.00146096
8237.24 -0.0014157
8249.25 -0.00136905
8261.26 -0.00132129
8273.27 -0.00127255
8285.29 -0.00122311
8297.3 -0.00117186
8309.31 -0.0011184
8321.32 -0.00107908
8333.33 -0.0010645
8345.35 -0.00105142
8357.36 -0.00103918
8369.37 -0.00102759
8381.38 -0.00101668
8393.39 -0.00100656
8405.41 -0.00099704
8417.42 -0.000989176
8429.43 -0.000954633
8441.44 -0.000903068
8453.45 -0.000849686
8465.47 -0.000795027
8477.48 -0.000739305
8489.49 -0.000682664
8501.5 -0.000624899
8513.51 -0.000565676
8525.53 -0.000504193
8537.54 -0.000469024
8549.55 -0.000437771
8561.56 -0.000406996
8573.57 -0.000376452
8585.59 -0.00034609
8597.6 -0.00031612
8609.61 -0.00028507
8621.62 -0.000253245
8633.63 -0.000222493
8645.65 -0.000204073
8657.66 -0.000186189
8669.67 -0.000168486
8681.68 -0.000150854
8693.69 -0.000133217
8705.71 -0.000115559
8717.72 -9.80639e-05
8729.73 -8.06076e-05
8741.74 -6.31616e-05
8753.75 -4.57129e-05
8765.77 -2.82557e-05
8777.78 -1.07909e-05
8789.79 6.6684e-06
8801.8 2.40397e-05
8813.81 4.16227e-05
8825.83 5.94599e-05
8837.84 7.74398e-05
8849.85 9.55466e-05
8861.86 0.000113778
8873.87 0.000132139
8885.89 0.000150646
8897.9 0.000169344
8909.91 0.000188336
8921.92 0.000206917
8933.93 0.000225393
8945.95 0.00024384
8957.96 0.00026228
8969.97 0.000280721
8981.98 0.000299162
8993.99 0.000317588
9006.01 0.000335945
9018.02 0.00035435
9030.03 0.000373195
9042.04 0.000392218
9054.05 0.000411383
9066.07 0.000430683
9078.08 0.000450117
9090.09 0.000469698
9102.1 0.000489456
9114.11 0.000509558
9126.13 0.000529309
9138.14 0.000548879
9150.15 0.000568424
9162.16 0.000587982
9174.17 0.000607577
9186.19 0.000627229
9198.2 0.000646964
9210.21 0.000666834
9222.22 0.000686888
9234.23 0.000706408
9246.25 0.000725795
9258.26 0.000745127
9270.27 0.000764434
9282.28 0.000783737
9294.29 0.000803054
9306.31 0.000822408
9318.32 0.000841853
9330.33 0.000861234
9342.34 0.000880343
9354.35 0.000899396
9366.37 0.000918432
9378.38 0.000937475
9390.39 0.000956549
9402.4 0.000975688
9414.41 0.00099496
9426.43 0.00101464
9438.44 0.00103324
9450.45 0.00105141
9462.46 0.00106938
9474.47 0.00108721
9486.49 0.00110495
9498.5 0.00112262
9510.51 0.00114023
9522.52 0.00115783
9534.53 0.00117539
9546.55 0.00119274
9558.56 0.00121002
9570.57 0.00122728
9582.58 0.00124454
9594.59 0.00126184
9606.61 0.00127922
9618.62 0.00129677
9630.63 0.00131478
9642.64 0.00133178
9654.65 0.00134708
9666.67 0.00136193
9678.68 0.00137647
9690.69 0.00139078
9702.7 0.0014049
9714.71 0.00141885
9726.73 0.00143265
9738.74 0.00144634
9750.75 0.00145992
9762.76 0.0014734
9774.77 0.00148681
9786.79 0.00150016
9798.8 0.00151347
9810.81 0.00152677
9822.82 0.00154012
9834.83 0.00155363
9846.85 0.00156697
9858.86 0.00157867
9870.87 0.00158997
9882.88 0.001601
9894.89 0.00161183
9906.91 0.00162246
9918.92 0.00163293
9930.93 0.00164321
9942.94 0.00165325
9954.95 0.00166357
9966.97 0.00167423
9978.98 0.00168493
9990.99 0.00169564
10003 0.00170636
10015 0.0017171
10027 0.00172789
10039 0.00173881
10051.1 0.00175004
10063.1 0.00175945
10075.1 0.00176836
10087.1 0.00177698
10099.1 0.00178534
10111.1 0.00179345
10123.1 0.00180129
10135.1 0.00180877
10147.1 0.00181569
10159.2 0.00182285
10171.2 0.00183264
10183.2 0.00184287
10195.2 0.00185333
10207.2 0.00186392
10219.2 0.00187458
10231.2 0.00188525
10243.2 0.00189586
10255.3 0.00190621
10267.3 0.00191745
10279.3 0.00192951
10291.3 0.00194176
10303.3 0.00195411
10315.3 0.00196648
10327.3 0.00197876
10339.3 0.00199081
10351.4 0.00200231
10363.4 0.00201264
10375.4 0.00202929
10387.4 0.00204766
10399.4 0.00206704
10411.4 0.0020872
10423.4 0.00210805
10435.4 0.00212949
10447.4 0.00215149
10459.5 0.00217391
10471.5 0.00219708
10483.5 0.00222181
10495.5 0.00224736
10507.5 0.00227362
10519.5 0.00230056
10531.5 0.00232815
10543.5 0.00235633
10555.6 0.00238498
10567.6 0.00241367
10579.6 0.0024455
10591.6 0.00248008
10603.6 0.00251617
10615.6 0.00255364
10627.6 0.00259248
10639.6 0.00263271
10651.7 0.00267438
10663.7 0.00271765
10675.7 0.00276261
10687.7 0.00280671
10699.7 0.00285177
10711.7 0.0028981
10723.7 0.00294588
10735.7 0.00299529
10747.7 0.00304658
10759.8 0.00310012
10771.8 0.00315659
10783.8 0.00321674
10795.8 0.00326351
10807.8 0.00328423
10819.8 0.00330176
10831.8 0.00331749
10843.8 0.00333191
10855.9 0.00334523
10867.9 0.00335755
10879.9 0.0033691
10891.9 0.00337191
10903.9 0.00338607
10915.9 0.00340924
10927.9 0.00343346
10939.9 0.00345822
10952 0.00348335
10964 0.00350873
10976 0.00353433
10988 0.00355956
11000 0.00358142
11012 0.00360511
11024 0.0036289
11036 0.00365255
11048 0.00367601
11060.1 0.0036992
11072.1 0.00372207
11084.1 0.00374457
11096.1 0.00376396
11108.1 0.00378104
11120.1 0.00380568
11132.1 0.0038308
11144.1 0.00385592
11156.2 0.00388086
11168.2 0.00390548
11180.2 0.00392967
11192.2 0.00395328
11204.2 0.00397443
11216.2 0.00399765
11228.2 0.00402684
11240.2 0.0040564
11252.3 0.00408596
11264.3 0.00411535
11276.3 0.00414446
11288.3 0.00417318
11300.3 0.0042007
11312.3 0.00422572
11324.3 0.00425429
11336.3 0.00428593
11348.3 0.00431778
11360.4 0.00434969
11372.4 0.00438161
11384.4 0.00441357
11396.4 0.00444568
11408.4 0.00447846
11420.4 0.004513
11432.4 0.00453277
11444.4 0.00454819
11456.5 0.00456197
11468.5 0.00457442
11480.5 0.00458563
11492.5 0.00459564
11504.5 0.00460445
11516.5 0.00461269
11528.5 0.0046199
11540.5 0.00463644
11552.6 0.00465349
11564.6 0.00467046
11576.6 0.00468719
11588.6 0.00470363
11600.6 0.00471983
11612.6 0.00473709
11624.6 0.00475551
11636.6 0.00477306
11648.6 0.00478938
11660.7 0.00480508
11672.7 0.00482023
11684.7 0.00483491
11696.7 0.00484922
11708.7 0.00486335
11720.7 0.00487878
11732.7 0.0048946
11744.7 0.00490528
11756.8 0.00491024
11768.8 0.00491374
11780.8 0.00491606
11792.8 0.00491738
11804.8 0.00491782
11816.8 0.00491789
11828.8 0.00491899
11840.8 0.00491826
11852.9 0.00491917
11864.9 0.00492019
11876.9 0.00492056
11888.9 0.00492023
11900.9 0.00491923
11912.9 0.00491761
11924.9 0.00491615
11936.9 0.00491423
11948.9 0.00491122
11961 0.0049095
11973 0.00490736
11985 0.00490467
11997 0.00490145
12009 0.00489774
12021 0.00489371
12033 0.00489059
12045 0.00488643
12057.1 0.00488198
12069.1 0.00487951
12081.1 0.00487688
12093.1 0.00487401
12105.1 0.00487094
12117.1 0.0048678
12129.1 0.00486493
12141.1 0.00486277
12153.2 0.00486162
12165.2 0.00485219
12177.2 0.00483033
12189.2 0.00480585
12201.2 0.00477941
12213.2 0.00475123
12225.2 0.00472142
12237.2 0.00469081
12249.2 0.0046575
12261.3 0.00461893
12273.3 0.0046015
12285.3 0.00459552
12297.3 0.0045915
12309.3 0.00458872
12321.3 0.00458695
12333.3 0.00458629
12345.3 0.00458772
12357.4 0.00458968
12369.4 0.00459312
12381.4 0.00458416
12393.4 0.00457312
12405.4 0.00456108
12417.4 0.00454836
12429.4 0.00453513
12441.4 0.00452204
12453.5 0.00450868
12465.5 0.00449369
12477.5 0.00447927
12489.5 0.0044746
12501.5 0.00447127
12513.5 0.00446877
12525.5 0.00446707
12537.5 0.00446635
12549.5 0.00446758
12561.6 0.00446981
12573.6 0.004474
12585.6 0.00446961
12597.6 0.00444898
12609.6 0.00442578
12621.6 0.00440095
12633.6 0.0043749
12645.6 0.00434795
12657.7 0.0043205
12669.7 0.00429166
12681.7 0.00426138
12693.7 0.00423405
12705.7 0.00420863
12717.7 0.00418328
12729.7 0.00415801
12741.7 0.004133
12753.8 0.00410935
12765.8 0.00408599
12777.8 0.00406238
12789.8 0.00404075
12801.8 0.0039984
12813.8 0.00395169
12825.8 0.0039025
12837.8 0.0038512
12849.8 0.00379789
12861.9 0.00374231
12873.9 0.00368489
12885.9 0.00362501
12897.9 0.00356557
12909.9 0.00352488
12921.9 0.00348594
12933.9 0.00344761
12945.9 0.00340953
12958 0.00337155
12970 0.00333364
12982 0.00329581
12994 0.00325833
13006 0.00321727
13018 0.00316899
13030 0.00311924
13042 0.00306826
13054.1 0.00301594
13066.1 0.0029611
13078.1 0.00290641
13090.1 0.00285224
13102.1 0.00279824
13114.1 0.00274193
13126.1 0.00268375
13138.1 0.00262491
13150.2 0.00256541
13162.2 0.00250523
13174.2 0.00244428
13186.2 0.00238238
13198.2 0.0023192
13210.2 0.00225336
13222.2 0.00220656
13234.2 0.00216267
13246.2 0.00211932
13258.3 0.00207599
13270.3 0.00203188
13282.3 0.00198739
13294.3 0.0019447
13306.3 0.0019025
13318.3 0.00186154
13330.3 0.00182856
13342.3 0.00179669
13354.4 0.0017655
13366.4 0.00173484
13378.4 0.00170457
13390.4 0.00167471
13402.4 0.00164515
13414.4 0.00161575
13426.4 0.00158835
13438.4 0.00156462
13450.5 0.00154145
13462.5 0.00151863
13474.5 0.00149596
13486.5 0.00147319
13498.5 0.00145192
13510.5 0.00143162
13522.5 0.00141247
13534.5 0.00138486
13546.5 0.00135141
13558.6 0.00131766
13570.6 0.00128379
13582.6 0.00124979
13594.6 0.00121593
13606.6 0.00118254
13618.6 0.00114954
13630.6 0.00111725
13642.6 0.00107482
13654.7 0.00103054
13666.7 0.00098595
13678.7 0.000941113
13690.7 0.000895874
13702.7 0.000851105
13714.7 0.000806589
13726.7 0.000762251
13738.7 0.0007177
13750.8 0.000670502
13762.8 0.000623188
13774.8 0.000575776
13786.8 0.000528136
13798.8 0.000480327
13810.8 0.000433583
13822.8 0.000387269
13834.8 0.000341275
13846.8 0.000295257
13858.9 0.000248925
13870.9 0.000202774
13882.9 0.000156787
13894.9 0.000110899
13906.9 6.52934e-05
13918.9 1.99864e-05
13930.9 -2.51216e-05
13942.9 -7.00906e-05
13955 -0.000112354
13967 -0.000152696
13979 -0.000192836
13991 -0.000232886
14003 -0.000273031
14015 -0.00031206
14027 -0.000350548
14039 -0.00038864
14051.1 -0.000426399
14063.1 -0.000462845
14075.1 -0.000498801
14087.1 -0.000534446
14099.1 -0.000569762
14111.1 -0.000604862
14123.1 -0.000640015
14135.1 -0.000675058
14147.1 -0.000710015
14159.2 -0.000742447
14171.2 -0.00075132
14183.2 -0.000759714
14195.2 -0.000767863
14207.2 -0.000775994
14219.2 -0.000783409
14231.2 -0.000790372
14243.2 -0.000797059
14255.3 -0.000803526
14267.3 -0.000809703
14279.3 -0.000815511
14291.3 -0.000821182
14303.3 -0.00082674
14315.3 -0.000832207
14327.3 -0.000837515
14339.3 -0.000842731
14351.4 -0.000847886
14363.4 -0.000853009
14375.4 -0.000864667
14387.4 -0.00088099
14399.4 -0.000897291
14411.4 -0.000913633
14423.4 -0.000929799
14435.4 -0.000945532
14447.4 -0.000961122
14459.5 -0.000976621
14471.5 -0.000992077
14483.5 -0.0010124
14495.5 -0.00103372
14507.5 -0.00105497
14519.5 -0.00107625
14531.5 -0.00109708
14543.5 -0.00111769
14555.6 -0.00113817
14567.6 -0.00115856
14579.6 -0.00117919
14591.6 -0.00120413
14603.6 -0.0012289
14615.6 -0.00125354
14627.6 -0.00127806
14639.6 -0.00130245
14651.7 -0.00132674
14663.7 -0.00135091
14675.7 -0.00137498
14687.7 -0.00139888
14699.7 -0.00142252
14711.7 -0.00144608
14723.7 -0.00146958
14735.7 -0.0014928
14747.7 -0.00151566
14759.8 -0.00153832
14771.8 -0.00156076
14783.8 -0.00158288
14795.8 -0.00159623
14807.8 -0.00160252
14819.8 -0.00160895
14831.8 -0.00161542
14843.8 -0.00162208
14855.9 -0.00162878
14867.9 -0.00163545
14879.9 -0.00164201
14891.9 -0.00164824
14903.9 -0.00163732
14915.9 -0.00162223
14927.9 -0.00160761
14939.9 -0.00159324
14952 -0.00157883
14964 -0.00156465
14976 -0.00155072
14988 -0.00153703
15000 -0.00152367
15012 -0.00151373
15024 -0.0015039
15036 -0.00149422
15048 -0.00148478
15060.1 -0.00147558
15072.1 -0.00146661
15084.1 -0.00145787
15096.1 -0.00144942
15108.1 -0.00144364
15120.1 -0.00144474
15132.1 -0.00144577
15144.1 -0.00144686
15156.2 -0.00144776
15168.2 -0.0014487
15180.2 -0.00144971
15192.2 -0.00145083
15204.2 -0.00145213
15216.2 -0.00145864
15228.2 -0.00147
15240.2 -0.00148115
15252.3 -0.00149213
15264.3 -0.00150288
15276.3 -0.0015135
15288.3 -0.00152401
15300.3 -0.00153444
15312.3 -0.00154481
15324.3 -0.00155763
15336.3 -0.00157118
15348.3 -0.00158452
15360.4 -0.00159755
15372.4 -0.00161031
15384.4 -0.00162286
15396.4 -0.0016352
15408.4 -0.00164735
15420.4 -0.0016594
15432.4 -0.00167726
15444.4 -0.0016949
15456.5 -0.00171211
15468.5 -0.00172866
15480.5 -0.00174473
15492.5 -0.0017603
15504.5 -0.00177533
15516.5 -0.0017897
15528.5 -0.00179866
15540.5 -0.00178952
15552.6 -0.00178057
15564.6 -0.00177159
15576.6 -0.00176253
15588.6 -0.00175322
15600.6 -0.00174362
15612.6 -0.00173368
15624.6 -0.00172334
15636.6 -0.00171002
15648.6 -0.00169317
15660.7 -0.00167607
15672.7 -0.00165844
15684.7 -0.00164039
15696.7 -0.00162199
15708.7 -0.00160323
15720.7 -0.00158414
15732.7 -0.00156483
15744.7 -0.00155787
15756.8 -0.00155608
15768.8 -0.00155348
15780.8 -0.00155026
15792.8 -0.00154636
15804.8 -0.00154183
15816.8 -0.0015367
15828.8 -0.00153102
15840.8 -0.00152499
15852.9 -0.00153894
15864.9 -0.00155397
15876.9 -0.00156785
15888.9 -0.00158059
15900.9 -0.00159246
15912.9 -0.00160352
15924.9 -0.00161381
15936.9 -0.00162337
15948.9 -0.00163389
15961 -0.00165381
15973 -0.0016728
15985 -0.00169103
15997 -0.0017085
16009 -0.00172523
16021 -0.00174127
16033 -0.00175663
16045 -0.00177136
16057.1 -0.00178817
16069.1 -0.00180878
16081.1 -0.00182871
16093.1 -0.00184789
16105.1 -0.0018665
16117.1 -0.00188457
16129.1 -0.00190214
16141.1 -0.00191925
16153.2 -0.00193592
16165.2 -0.0019459
16177.2 -0.00195142
16189.2 -0.0019567
16201.2 -0.00196176
16213.2 -0.00196654
16225.2 -0.00197109
16237.2 -0.00197543
16249.2 -0.00197961
16261.3 -0.00198374
16273.3 -0.00197221
16285.3 -0.00195734
16297.3 -0.00194238
16309.3 -0.00192724
16321.3 -0.00191194
16333.3 -0.00189648
16345.3 -0.00188085
16357.4 -0.00186501
16369.4 -0.00184978
16381.4 -0.00184593
16393.4 -0.0018422
16405.4 -0.00183852
16417.4 -0.00183482
16429.4 -0.00183111
16441.4 -0.00182737
16453.5 -0.0018236
16465.5 -0.00181974
16477.5 -0.0018181
16489.5 -0.00182217
16501.5 -0.00182671
16513.5 -0.00183155
16525.5 -0.00183653
16537.5 -0.00184167
16549.5 -0.00184696
16561.6 -0.00185243
16573.6 -0.00185807
16585.6 -0.00186388
16597.6 -0.00186985
16609.6 -0.00187611
16621.6 -0.0018826
16633.6 -0.00188935
16645.6 -0.00189638
16657.7 -0.0019037
16669.7 -0.00191137
16681.7 -0.00191948
16693.7 -0.0019255
16705.7 -0.0019312
16717.7 -0.00193757
16729.7 -0.00194426
16741.7 -0.00195131
16753.8 -0.00195878
16765.8 -0.00196675
16777.8 -0.00197535
16789.8 -0.00198493
16801.8 -0.00198342
16813.8 -0.00198147
16825.8 -0.0019796
16837.8 -0.00197795
16849.8 -0.0019766
16861.9 -0.00197563
16873.9 -0.00197517
16885.9 -0.00197543
16897.9 -0.00197393
16909.9 -0.00196216
16921.9 -0.00195051
16933.9 -0.0019386
16945.9 -0.0019266
16958 -0.00191455
16970 -0.00190249
16982 -0.00189043
16994 -0.00187832
17006 -0.001867
17018 -0.00185694
17030 -0.00184708
17042 -0.00183736
17054.1 -0.00182776
17066.1 -0.00181827
17078.1 -0.00180886
17090.1 -0.00179949
17102.1 -0.00179
17114.1 -0.00178349
17126.1 -0.00177952
17138.1 -0.00177603
17150.2 -0.00177287
17162.2 -0.00177003
17174.2 -0.00176754
17186.2 -0.00176541
17198.2 -0.00176373
17210.2 -0.0017628
17222.2 -0.00175855
17234.2 -0.001754
17246.2 -0.00174952
17258.3 -0.00174521
17270.3 -0.0017411
17282.3 -0.00173726
17294.3 -0.00173375
17306.3 -0.0017307
17318.3 -0.00172776
17330.3 -0.00172107
17342.3 -0.00171418
17354.4 -0.00170724
17366.4 -0.00170036
17378.4 -0.0016936
17390.4 -0.00168704
17402.4 -0.00168075
17414.4 -0.00167496
17426.4 -0.00166803
17438.4 -0.00165754
17450.5 -0.00164662
17462.5 -0.00163546
17474.5 -0.00162415
17486.5 -0.00161275
17498.5 -0.00160129
17510.5 -0.00158983
17522.5 -0.00157847
17534.5 -0.00156606
17546.5 -0.00155254
17558.6 -0.0015387
17570.6 -0.00152462
17582.6 -0.00151029
17594.6 -0.00149569
17606.6 -0.00148079
17618.6 -0.00146548
17630.6 -0.00144938
17642.6 -0.00143708
17654.7 -0.00142608
17666.7 -0.00141525
17678.7 -0.00140449
17690.7 -0.00139373
17702.7 -0.00138295
17714.7 -0.00137209
17726.7 -0.0013611
17738.7 -0.00134993
17750.8 -0.00133966
17762.8 -0.00132957
17774.8 -0.00131956
17786.8 -0.00130956
17798.8 -0.00129956
17810.8 -0.00128951
17822.8 -0.00127939
17834.8 -0.00126912
17846.8 -0.00125908
17858.9 -0.00125047
17870.9 -0.00124201
17882.9 -0.00123363
17894.9 -0.0012253
17906.9 -0.001217
17918.9 -0.00120871
17930.9 -0.00120042
17942.9 -0.00119212
17955 -0.0011836
17967 -0.00117501
17979 -0.00116647
17991 -0.00115797
18003 -0.00114952
18015 -0.00114114
18027 -0.00113286
18039 -0.00112478
18051.1 -0.00111724
18063.1 -0.00110713
18075.1 -0.0010954
18087.1 -0.00108315
18099.1 -0.00107048
18111.1 -0.0010574
18123.1 -0.00104393
18135.1 -0.00103
18147.1 -0.00101553
18159.2 -0.00100015
18171.2 -0.000986657
18183.2 -0.000973416
18195.2 -0.000960108
18207.2 -0.000946624
18219.2 -0.000932879
18231.2 -0.000918781
18243.2 -0.000904193
18255.3 -0.000888819
18267.3 -0.000873308
18279.3 -0.000862757
18291.3 -0.000852962
18303.3 -0.000843497
18315.3 -0.000834201
18327.3 -0.000824976
18339.3 -0.000815739
18351.4 -0.000806391
18363.4 -0.000796725
18375.4 -0.00078756
18387.4 -0.000780204
18399.4 -0.000773206
18411.4 -0.000766421
18423.4 -0.00075978
18435.4 -0.00075324
18447.4 -0.000746764
18459.5 -0.000740307
18471.5 -0.00073374
18483.5 -0.000727584
18495.5 -0.000721849
18507.5 -0.000716254
18519.5 -0.000710763
18531.5 -0.000705356
18543.5 -0.000700027
18555.6 -0.000694773
18567.6 -0.000689613
18579.6 -0.000684625
18591.6 -0.000678812
18603.6 -0.000672787
18615.6 -0.000666639
18627.6 -0.000660376
18639.6 -0.000653984
18651.7 -0.000647433
18663.7 -0.000640663
18675.7 -0.000633528
18687.7 -0.000626138
18699.7 -0.000621484
18711.7 -0.000617347
18723.7 -0.00061349
18735.7 -0.000609836
18747.7 -0.000606351
18759.8 -0.000603025
18771.8 -0.000599874
18783.8 -0.000596963
18795.8 -0.000593715
18807.8 -0.000589151
18819.8 -0.000584312
18831.8 -0.000579266
18843.8 -0.000574013
18855.9 -0.000568522
18867.9 -0.000562724
18879.9 -0.000556467
18891.9 -0.000549172
18903.9 -0.000544663
18915.9 -0.000543248
18927.9 -0.00054253
18939.9 -0.000542273
18952 -0.000542377
18964 -0.000542787
18976 -0.00054347
18988 -0.000544403
19000 -0.000545557
