7000 -0.00980665
7012.01 -0.00990456
7024.02 -0.0100013
7036.04 -0.0100967
7048.05 -0.01019
7060.06 -0.010282
7072.07 -0.0103726
7084.08 -0.0104617
7096.1 -0.0105492
7108.11 -0.0106349
7120.12 -0.0107189
7132.13 -0.0108008
7144.14 -0.0108797
7156.16 -0.0109559
7168.17 -0.0110302
7180.18 -0.0111025
7192.19 -0.0111726
7204.2 -0.0112404
7216.22 -0.0113058
7228.23 -0.0113686
7240.24 -0.0114287
7252.25 -0.011484
7264.26 -0.011537
7276.28 -0.0115876
7288.29 -0.0116357
7300.3 -0.011681
7312.31 -0.0117236
7324.32 -0.0117632
7336.34 -0.0117996
7348.35 -0.011831
7360.36 -0.0118568
7372.37 -0.0118811
7384.38 -0.0119034
7396.4 -0.0119234
7408.41 -0.0119412
7420.42 -0.0119569
7432.43 -0.0119706
7444.44 -0.0119827
7456.46 -0.011996
7468.47 -0.0120075
7480.48 -0.0120054
7492.49 -0.0119884
7504.5 -0.0119673
7516.52 -0.0119425
7528.53 -0.0119143
7540.54 -0.011883
7552.55 -0.0118488
7564.56 -0.011813
7576.58 -0.0117744
7588.59 -0.011715
7600.6 -0.0116448
7612.61 -0.0115699
7624.62 -0.0114904
7636.64 -0.0114066
7648.65 -0.0113185
7660.66 -0.0112265
7672.67 -0.0111294
7684.68 -0.0110254
7696.7 -0.010965
7708.71 -0.0109047
7720.72 -0.0108425
7732.73 -0.0107775
7744.74 -0.0107094
7756.76 -0.0106375
7768.77 -0.0105585
7780.78 -0.0104784
7792.79 -0.0104003
7804.8 -0.0103346
7816.82 -0.0102683
7828.83 -0.0102011
7840.84 -0.0101327
7852.85 -0.0100632
7864.86 -0.00999282
7876.88 -0.00992202
7888.89 -0.00984821
7900.9 -0.00977849
7912.91 -0.00971554
7924.92 -0.00965176
7936.94 -0.00958692
7948.95 -0.00952087
7960.96 -0.00945338
7972.97 -0.00938286
7984.98 -0.00931232
7997 -0.00924297
8009.01 -0.00916465
8021.02 -0.00908142
8033.03 -0.00899742
8045.05 -0.00891279
8057.06 -0.00882759
8069.07 -0.00874181
8081.08 -0.00865519
8093.09 -0.0085683
8105.11 -0.00848006
8117.12 -0.00841434
8129.13 -0.00835146
8141.14 -0.00829016
8153.15 -0.00823051
8165.17 -0.00817297
8177.18 -0.00811925
8189.19 -0.00806961
8201.2 -0.00801775
8213.21 -0.0079584
8225.23 -0.00785592
8237.24 -0.00775006
8249.25 -0.00764239
8261.26 -0.00753349
8273.27 -0.00742383
8285.29 -0.00731461
8297.3 -0.00720304
8309.31 -0.00708858
8321.32 -0.00699025
8333.33 -0.00692029
8345.35 -0.00685232
8357.36 -0.00678569
8369.37 -0.00672033
8381.38 -0.00665645
8393.39 -0.0065946
8405.41 -0.00653369
8417.42 -0.00647561
8429.43 -0.0063765
8441.44 -0.00625145
8453.45 -0.00612413
8465.47 -0.00599545
8477.48 -0.00586586
8489.49 -0.00573579
8501.5 -0.00560494
8513.51 -0.00547241
8525.53 -0.00533763
8537.54 -0.00523333
8549.55 -0.00513405
8561.56 -0.005036
8573.57 -0.00493905
8585.59 -0.00484347
8597.6 -0.00475069
8609.61 -0.00465621
8621.62 -0.00456109
8633.63 -0.00446398
8645.65 -0.00435217
8657.66 -0.00423937
8669.67 -0.00412604
8681.68 -0.00401233
8693.69 -0.00389825
8705.71 -0.0037838
8717.72 -0.00366989
8729.73 -0.00355621
8741.74 -0.00344273
8753.75 -0.00332947
8765.77 -0.00321647
8777.78 -0.00310377
8789.79 -0.00299146
8801.8 -0.0028799
8813.81 -0.00276825
8825.83 -0.00265606
8837.84 -0.00254381
8849.85 -0.00243156
8861.86 -0.00231935
8873.87 -0.00220718
8885.89 -0.002095
8897.9 -0.00198267
8909.91 -0.00186963
8921.92 -0.00175853
8933.93 -0.00164847
8945.95 -0.00153917
8957.96 -0.00143056
8969.97 -0.00132261
8981.98 -0.00121535
8993.99 -0.00110883
9006.01 -0.00100327
9018.02 -0.000898442
9030.03 -0.000792726
9042.04 -0.000687035
9054.05 -0.000581512
9066.07 -0.000476201
9078.08 -0.000371106
9090.09 -0.000266193
9102.1 -0.00016135
9114.11 -5.59472e-05
9126.13 4.77152e-05
9138.14 0.000149914
9150.15 0.000251239
9162.16 0.000351833
9174.17 0.000451779
9186.19 0.000551148
9198.2 0.000650035
9210.21 0.000748633
9222.22 0.00084723
9234.23 0.000943236
9246.25 0.00103794
9258.26 0.00113162
9270.27 0.00122439
9282.28 0.00131634
9294.29 0.00140751
9306.31 0.00149801
9318.32 0.00158801
9330.33 0.00167709
9342.34 0.00176439
9354.35 0.00185067
9366.37 0.00193606
9378.38 0.00202065
9390.39 0.00210452
9402.4 0.00218779
9414.41 0.0022707
9426.43 0.00235425
9438.44 0.00243357
9450.45 0.00251053
9462.46 0.00258597
9474.47 0.00266012
9486.49 0.0027331
9498.5 0.00280501
9510.51 0.00287593
9522.52 0.00294595
9534.53 0.0030151
9546.55 0.00308272
9558.56 0.00314932
9570.57 0.00321501
9582.58 0.0032799
9594.59 0.00334411
9606.61 0.00340778
9618.62 0.00347121
9630.63 0.00353529
9642.64 0.00359575
9654.65 0.00364998
9666.67 0.00370193
9678.68 0.00375213
9690.69 0.00380081
9702.7 0.00384812
9714.71 0.00389416
9726.73 0.00393901
9738.74 0.00398274
9750.75 0.0040254
9762.76 0.00406706
9774.77 0.00410776
9786.79 0.00414757
9798.8 0.00418656
9810.81 0.00422482
9822.82 0.00426251
9834.83 0.00429998
9846.85 0.00433635
9858.86 0.00436723
9870.87 0.00439624
9882.88 0.00442383
9894.89 0.00445016
9906.91 0.00447532
9918.92 0.00449936
9930.93 0.00452227
9942.94 0.00454389
9954.95 0.00456568
9966.97 0.00458784
9978.98 0.00460951
9990.99 0.00463062
10003 0.00465117
10015 0.0046712
10027 0.00469079
10039 0.00471013
10051.1 0.00472975
10063.1 0.00474387
10075.1 0.00475611
10087.1 0.00476702
10099.1 0.00477675
10111.1 0.00478531
10123.1 0.00479265
10135.1 0.00479859
10147.1 0.00480261
10159.2 0.00480684
10171.2 0.00481745
10183.2 0.00482872
10195.2 0.00484006
10207.2 0.0048512
10219.2 0.00486201
10231.2 0.00487234
10243.2 0.004882
10255.3 0.00489052
10267.3 0.00490079
10279.3 0.00491259
10291.3 0.00492435
10303.3 0.0049358
10315.3 0.00494675
10327.3 0.00495697
10339.3 0.00496612
10351.4 0.00497344
10363.4 0.00497755
10375.4 0.00499642
10387.4 0.00501875
10399.4 0.00504276
10411.4 0.00506794
10423.4 0.005094
10435.4 0.00512076
10447.4 0.00514806
10459.5 0.00517562
10471.5 0.00520419
10483.5 0.00523559
10495.5 0.00526804
10507.5 0.00530133
10519.5 0.00533534
10531.5 0.00536997
10543.5 0.00540508
10555.6 0.00544041
10567.6 0.00547498
10579.6 0.00551572
10591.6 0.0055616
10603.6 0.0056098
10615.6 0.00566001
10627.6 0.00571217
10639.6 0.00576629
10651.7 0.00582248
10663.7 0.00588099
10675.7 0.00594202
10687.7 0.00600012
10699.7 0.00605916
10711.7 0.00611978
10723.7 0.00618235
10735.7 0.00624722
10747.7 0.00631488
10759.8 0.00638606
10771.8 0.00646216
10783.8 0.00654467
10795.8 0.00659873
10807.8 0.00659841
10819.8 0.00659044
10831.8 0.0065776
10843.8 0.00656085
10855.9 0.00654059
10867.9 0.00651692
10879.9 0.00649021
10891.9 0.0064441
10903.9 0.0064276
10915.9 0.00643383
10927.9 0.0064423
10939.9 0.00645169
10952 0.00646146
10964 0.00647131
10976 0.00648111
10988 0.00648968
11000 0.00648996
11012 0.00650384
11024 0.00651948
11036 0.0065355
11048 0.0065516
11060.1 0.00656761
11072.1 0.00658345
11084.1 0.00659917
11096.1 0.00661004
11108.1 0.00661651
11120.1 0.0066359
11132.1 0.00665635
11144.1 0.00667712
11156.2 0.00669797
11168.2 0.00671878
11180.2 0.00673946
11192.2 0.00676004
11204.2 0.00677743
11216.2 0.00679595
11228.2 0.0068186
11240.2 0.00684151
11252.3 0.00686445
11264.3 0.00688734
11276.3 0.00691011
11288.3 0.00693274
11300.3 0.00695421
11312.3 0.00697194
11324.3 0.00699339
11336.3 0.00701816
11348.3 0.00704341
11360.4 0.00706903
11372.4 0.00709505
11384.4 0.00712156
11396.4 0.0071488
11408.4 0.00717767
11420.4 0.00721023
11432.4 0.00721788
11444.4 0.00721867
11456.5 0.00721731
11468.5 0.00721434
11480.5 0.00720998
11492.5 0.0072043
11504.5 0.00719723
11516.5 0.00719005
11528.5 0.00718207
11540.5 0.00718815
11552.6 0.00719559
11564.6 0.0072035
11576.6 0.00721167
11588.6 0.00722
11600.6 0.00722852
11612.6 0.00723893
11624.6 0.00725266
11636.6 0.00726589
11648.6 0.00727739
11660.7 0.00728877
11672.7 0.00730019
11684.7 0.00731179
11696.7 0.00732374
11708.7 0.00733631
11720.7 0.00735194
11732.7 0.00737035
11744.7 0.00737748
11756.8 0.00737178
11768.8 0.00736393
11780.8 0.00735467
11792.8 0.00734433
11804.8 0.00733311
11816.8 0.00732149
11828.8 0.00731251
11840.8 0.00730207
11852.9 0.00729379
11864.9 0.00728603
11876.9 0.007278
11888.9 0.0072697
11900.9 0.00726118
11912.9 0.00725255
11924.9 0.0072449
11936.9 0.00723828
11948.9 0.00723166
11961 0.00721861
11973 0.00720428
11985 0.00718918
11997 0.0071735
12009 0.00715738
12021 0.00714103
12033 0.00712641
12045 0.00711151
12057.1 0.00709617
12069.1 0.00708094
12081.1 0.00706551
12093.1 0.00704999
12105.1 0.00703451
12117.1 0.0070193
12129.1 0.00700485
12141.1 0.00699216
12153.2 0.00698198
12165.2 0.00695776
12177.2 0.00691218
12189.2 0.00686265
12201.2 0.00681033
12213.2 0.00675567
12225.2 0.0066989
12237.2 0.00664123
12249.2 0.00658123
12261.3 0.00651635
12273.3 0.00646741
12285.3 0.00642679
12297.3 0.00638707
12309.3 0.00634766
12321.3 0.00630841
12333.3 0.00626943
12345.3 0.00623207
12357.4 0.00619461
12369.4 0.00615777
12381.4 0.00610781
12393.4 0.00605483
12405.4 0.00599983
12417.4 0.00594299
12429.4 0.00588431
12441.4 0.00582413
12453.5 0.0057621
12465.5 0.00569544
12477.5 0.00563125
12489.5 0.00560277
12501.5 0.00557877
12513.5 0.00555703
12525.5 0.0055369
12537.5 0.00551815
12549.5 0.00550155
12561.6 0.00548623
12573.6 0.00547233
12585.6 0.00545344
12597.6 0.00542484
12609.6 0.00539474
12621.6 0.00536366
12633.6 0.00533177
12645.6 0.00529919
12657.7 0.00526631
12669.7 0.00523216
12681.7 0.0051961
12693.7 0.00516714
12705.7 0.00514289
12717.7 0.00511924
12729.7 0.00509589
12741.7 0.00507278
12753.8 0.00505057
12765.8 0.00502896
12777.8 0.00500635
12789.8 0.00498236
12801.8 0.00496474
12813.8 0.00494796
12825.8 0.00493137
12837.8 0.0049148
12849.8 0.00489811
12861.9 0.00488095
12873.9 0.00486356
12885.9 0.00484579
12897.9 0.00482852
12909.9 0.00481764
12921.9 0.00480762
12933.9 0.00479804
12945.9 0.00478878
12958 0.00477976
12970 0.0047709
12982 0.00476213
12994 0.00475332
13006 0.00474564
13018 0.0047402
13030 0.00473515
13042 0.00473035
13054.1 0.00472566
13066.1 0.00472007
13078.1 0.00471445
13090.1 0.0047104
13102.1 0.00470848
13114.1 0.00469414
13126.1 0.00467071
13138.1 0.004646
13150.2 0.0046205
13162.2 0.00459442
13174.2 0.0045679
13186.2 0.00454101
13198.2 0.00451385
13210.2 0.00448675
13222.2 0.00445489
13234.2 0.00442182
13246.2 0.00438802
13258.3 0.00435346
13270.3 0.00431776
13282.3 0.0042801
13294.3 0.00424345
13306.3 0.00420731
13318.3 0.0041702
13330.3 0.00412313
13342.3 0.00407487
13354.4 0.00402581
13366.4 0.00397601
13378.4 0.00392543
13390.4 0.00387401
13402.4 0.00382154
13414.4 0.00376732
13426.4 0.00372479
13438.4 0.00370625
13450.5 0.00368966
13462.5 0.0036741
13474.5 0.00365909
13486.5 0.00364389
13498.5 0.00362969
13510.5 0.00361623
13522.5 0.00360341
13534.5 0.00358955
13546.5 0.00357503
13558.6 0.0035607
13570.6 0.00354653
13582.6 0.0035324
13594.6 0.00351821
13606.6 0.00350431
13618.6 0.00349047
13630.6 0.00347628
13642.6 0.00347267
13654.7 0.00347121
13666.7 0.00347028
13678.7 0.00346972
13690.7 0.00346919
13702.7 0.0034691
13714.7 0.00346954
13726.7 0.00347046
13738.7 0.00347084
13750.8 0.00346416
13762.8 0.00345727
13774.8 0.00345028
13786.8 0.00344312
13798.8 0.00343535
13810.8 0.00342817
13822.8 0.00342135
13834.8 0.00341481
13846.8 0.00340805
13858.9 0.00340064
13870.9 0.00339337
13882.9 0.00338622
13894.9 0.00337914
13906.9 0.00337214
13918.9 0.0033654
13930.9 0.00335887
13942.9 0.00335263
13955 0.00334027
13967 0.00332364
13979 0.00330686
13991 0.0032899
14003 0.00327236
14015 0.00325522
14027 0.0032385
14039 0.00322209
14051.1 0.0032061
14063.1 0.0031781
14075.1 0.00314803
14087.1 0.00311801
14099.1 0.00308812
14111.1 0.0030585
14123.1 0.00302875
14135.1 0.00299899
14147.1 0.00296924
14159.2 0.00294033
14171.2 0.00291941
14183.2 0.00289864
14195.2 0.0028779
14207.2 0.00285697
14219.2 0.00283614
14231.2 0.00281577
14243.2 0.00279568
14255.3 0.00277579
14267.3 0.00275727
14279.3 0.00274125
14291.3 0.0027254
14303.3 0.0027097
14315.3 0.00269409
14327.3 0.00267868
14339.3 0.00266343
14351.4 0.00264832
14363.4 0.00263336
14375.4 0.0026236
14387.4 0.00261754
14399.4 0.00261151
14411.4 0.00260541
14423.4 0.00259913
14435.4 0.00259329
14447.4 0.00258766
14459.5 0.00258219
14471.5 0.00257685
14483.5 0.00257339
14495.5 0.00257035
14507.5 0.00256733
14519.5 0.00256413
14531.5 0.00256105
14543.5 0.00255823
14555.6 0.00255555
14567.6 0.00255294
14579.6 0.00254989
14591.6 0.00254004
14603.6 0.00253037
14615.6 0.00252084
14627.6 0.00251141
14639.6 0.0025021
14651.7 0.00249289
14663.7 0.00248375
14675.7 0.00247468
14687.7 0.00246534
14699.7 0.00245532
14711.7 0.00244532
14723.7 0.00243528
14735.7 0.00242514
14747.7 0.00241532
14759.8 0.00240564
14771.8 0.00239603
14783.8 0.0023864
14795.8 0.00236983
14807.8 0.00234771
14819.8 0.00232595
14831.8 0.00230456
14843.8 0.0022833
14855.9 0.00226212
14867.9 0.00224107
14879.9 0.00222015
14891.9 0.00219932
14903.9 0.00217779
14915.9 0.00215614
14927.9 0.00213454
14939.9 0.0021128
14952 0.00209163
14964 0.00207084
14976 0.00205035
14988 0.00203016
15000 0.00201037
15012 0.00199634
15024 0.00198234
15036 0.00196848
15048 0.00195479
15060.1 0.00194114
15072.1 0.0019276
15084.1 0.00191421
15096.1 0.00190102
15108.1 0.00189058
15120.1 0.00188738
15132.1 0.00188395
15144.1 0.00188026
15156.2 0.00187669
15168.2 0.00187325
15180.2 0.00186985
15192.2 0.00186647
15204.2 0.0018631
15216.2 0.00185881
15228.2 0.00185364
15240.2 0.00184848
15252.3 0.00184326
15264.3 0.00183825
15276.3 0.00183333
15288.3 0.00182846
15300.3 0.00182362
15312.3 0.00181873
15324.3 0.00181066
15336.3 0.00180154
15348.3 0.00179247
15360.4 0.00178348
15372.4 0.00177473
15384.4 0.00176611
15396.4 0.00175758
15408.4 0.00174911
15420.4 0.00174065
15432.4 0.00172956
15444.4 0.00171846
15456.5 0.0017073
15468.5 0.00169643
15480.5 0.00168579
15492.5 0.00167528
15504.5 0.00166488
15516.5 0.0016545
15528.5 0.00164169
15540.5 0.00161988
15552.6 0.00159858
15564.6 0.00157771
15576.6 0.00155687
15588.6 0.00153617
15600.6 0.00151563
15612.6 0.00149526
15624.6 0.00147506
15636.6 0.00145717
15648.6 0.00144198
15660.7 0.00142667
15672.7 0.00141143
15684.7 0.0013966
15696.7 0.00138198
15708.7 0.00136754
15720.7 0.00135325
15732.7 0.00133913
15744.7 0.00132597
15756.8 0.00131332
15768.8 0.00130085
15780.8 0.00128836
15792.8 0.0012759
15804.8 0.0012635
15816.8 0.00125115
15828.8 0.00123886
15840.8 0.00122665
15852.9 0.00121865
15864.9 0.00121088
15876.9 0.00120285
15888.9 0.00119546
15900.9 0.00118832
15912.9 0.00118136
15924.9 0.00117453
15936.9 0.0011678
15948.9 0.00116019
15961 0.00114662
15973 0.00113331
15985 0.00112017
15997 0.00110713
16009 0.00109422
16021 0.00108142
16033 0.00106873
16045 0.00105613
16057.1 0.00103934
16069.1 0.00101565
16081.1 0.000992041
16093.1 0.000968864
16105.1 0.000945985
16117.1 0.000923345
16129.1 0.000900922
16141.1 0.000878706
16153.2 0.000856697
16165.2 0.000832435
16177.2 0.000806809
16189.2 0.000781424
16201.2 0.000755996
16213.2 0.000730661
16225.2 0.000705441
16237.2 0.000680347
16249.2 0.000655393
16261.3 0.000630616
16273.3 0.000599984
16285.3 0.000568292
16297.3 0.000536622
16309.3 0.000504923
16321.3 0.000473254
16333.3 0.00044162
16345.3 0.000410017
16357.4 0.000378433
16369.4 0.000347055
16381.4 0.000318407
16393.4 0.000289879
16405.4 0.000261258
16417.4 0.000232606
16429.4 0.000203935
16441.4 0.000175247
16453.5 0.000146535
16465.5 0.000117783
16477.5 9.02839e-05
16489.5 6.60654e-05
16501.5 4.19674e-05
16513.5 1.72319e-05
16525.5 -7.72141e-06
16537.5 -3.28282e-05
16549.5 -5.80604e-05
16561.6 -8.3395e-05
16573.6 -0.000108793
16585.6 -0.000135677
16597.6 -0.000163992
16609.6 -0.000192575
16621.6 -0.000221407
16633.6 -0.000250441
16645.6 -0.000279663
16657.7 -0.000309063
16669.7 -0.000338626
16681.7 -0.000368315
16693.7 -0.000398317
16705.7 -0.000428299
16717.7 -0.000459632
16729.7 -0.000491658
16741.7 -0.000524243
16753.8 -0.000557365
16765.8 -0.000591038
16777.8 -0.000625321
16789.8 -0.000660369
16801.8 -0.000690602
16813.8 -0.000720961
16825.8 -0.000751599
16837.8 -0.00078264
16849.8 -0.000814145
16861.9 -0.000846171
16873.9 -0.000878797
16885.9 -0.000912178
16897.9 -0.000944345
16909.9 -0.000968435
16921.9 -0.000993461
16933.9 -0.00101927
16945.9 -0.00104569
16958 -0.00107275
16970 -0.00110049
16982 -0.001129
16994 -0.00115851
17006 -0.00118551
17018 -0.00120804
17030 -0.00123079
17042 -0.00125395
17054.1 -0.00127761
17066.1 -0.00130186
17078.1 -0.00132681
17090.1 -0.00135262
17102.1 -0.00137977
17114.1 -0.00139951
17126.1 -0.00141498
17138.1 -0.00143115
17150.2 -0.00144768
17162.2 -0.00146463
17174.2 -0.00148208
17186.2 -0.00150011
17198.2 -0.00151889
17210.2 -0.00153908
17222.2 -0.00155139
17234.2 -0.00156273
17246.2 -0.00157399
17258.3 -0.00158532
17270.3 -0.00159679
17282.3 -0.00160843
17294.3 -0.00162032
17306.3 -0.00163255
17318.3 -0.00164474
17330.3 -0.00165298
17342.3 -0.00166105
17354.4 -0.00166897
17366.4 -0.00167678
17378.4 -0.00168447
17390.4 -0.00169203
17402.4 -0.00169944
17414.4 -0.0017067
17426.4 -0.00171363
17438.4 -0.00172025
17450.5 -0.00172678
17462.5 -0.00173307
17474.5 -0.00173905
17486.5 -0.00174468
17498.5 -0.00174994
17510.5 -0.00175479
17522.5 -0.00175923
17534.5 -0.0017627
17546.5 -0.00176524
17558.6 -0.00176708
17570.6 -0.00176817
17582.6 -0.00176846
17594.6 -0.00176788
17606.6 -0.00176634
17618.6 -0.00176373
17630.6 -0.0017597
17642.6 -0.00175701
17654.7 -0.00175449
17666.7 -0.00175112
17678.7 -0.00174673
17690.7 -0.00174118
17702.7 -0.00173435
17714.7 -0.00172606
17726.7 -0.00171599
17738.7 -0.00170402
17750.8 -0.00169777
17762.8 -0.00169127
17774.8 -0.00168395
17786.8 -0.00167559
17798.8 -0.00166601
17810.8 -0.00165504
17822.8 -0.00164246
17834.8 -0.00162777
17846.8 -0.00161299
17858.9 -0.00160501
17870.9 -0.00159704
17882.9 -0.00158852
17894.9 -0.00157919
17906.9 -0.0015689
17918.9 -0.00155749
17930.9 -0.00154474
17942.9 -0.00153013
17955 -0.00151733
17967 -0.00150847
17979 -0.00149961
17991 -0.00149043
18003 -0.00148078
18015 -0.00147059
18027 -0.00145982
18039 -0.00144844
18051.1 -0.00143639
18063.1 -0.00142392
18075.1 -0.00141092
18087.1 -0.00139728
18099.1 -0.00138299
18111.1 -0.00136801
18123.1 -0.00135231
18135.1 -0.00133582
18147.1 -0.00131836
18159.2 -0.00129943
18171.2 -0.00128412
18183.2 -0.00126923
18195.2 -0.00125428
18207.2 -0.00123912
18219.2 -0.00122366
18231.2 -0.00120783
18243.2 -0.0011915
18255.3 -0.00117438
18267.3 -0.00115716
18279.3 -0.00114502
18291.3 -0.00113371
18303.3 -0.00112285
18315.3 -0.00111231
18327.3 -0.00110202
18339.3 -0.00109195
18351.4 -0.00108208
18363.4 -0.00107237
18375.4 -0.00106277
18387.4 -0.00105376
18399.4 -0.00104509
18411.4 -0.00103677
18423.4 -0.00102882
18435.4 -0.00102127
18447.4 -0.0010142
18459.5 -0.00100773
18471.5 -0.00100222
18483.5 -0.000994472
18495.5 -0.00098497
18507.5 -0.00097532
18519.5 -0.000965714
18531.5 -0.000956257
18543.5 -0.00094704
18555.6 -0.000938174
18567.6 -0.00092985
18579.6 -0.000922712
18591.6 -0.000911085
18603.6 -0.000898489
18615.6 -0.00088554
18627.6 -0.000872395
18639.6 -0.00085913
18651.7 -0.000845791
18663.7 -0.000832406
18675.7 -0.000818985
18687.7 -0.000805463
18699.7 -0.000791969
18711.7 -0.000778505
18723.7 -0.000765077
18735.7 -0.000751686
18747.7 -0.000738335
18759.8 -0.000725021
18771.8 -0.000711744
18783.8 -0.000698484
18795.8 -0.000685177
18807.8 -0.000671726
18819.8 -0.000658228
18831.8 -0.000644663
18843.8 -0.000630989
18855.9 -0.000617138
18867.9 -0.000602986
18879.9 -0.000588278
18891.9 -0.000572115
18903.9 -0.00056085
18915.9 -0.000554957
18927.9 -0.000550497
18939.9 -0.00054711
18952 -0.000544672
18964 -0.00054316
18976 -0.00054263
18988 -0.000543287
19000 -0.000546237
