7000 -0.00583842
7012.01 -0.00596255
7024.02 -0.00608816
7036.04 -0.00621518
7048.05 -0.00634279
7060.06 -0.00647147
7072.07 -0.00660118
7084.08 -0.0067318
7096.1 -0.00686323
7108.11 -0.00699535
7120.12 -0.00712801
7132.13 -0.00726108
7144.14 -0.00739385
7156.16 -0.00752564
7168.17 -0.00765717
7180.18 -0.0077883
7192.19 -0.00791883
7204.2 -0.00804858
7216.22 -0.00817732
7228.23 -0.00830481
7240.24 -0.00843082
7252.25 -0.00855355
7264.26 -0.00867385
7276.28 -0.00879195
7288.29 -0.0089076
7300.3 -0.00902057
7312.31 -0.0091306
7324.32 -0.00923742
7336.34 -0.00934074
7348.35 -0.00943948
7360.36 -0.009531
7372.37 -0.00961885
7384.38 -0.00970277
7396.4 -0.00978259
7408.41 -0.00985824
7420.42 -0.0099297
7432.43 -0.00999703
7444.44 -0.0100606
7456.46 -0.0101227
7468.47 -0.0101835
7480.48 -0.010206
7492.49 -0.0101852
7504.5 -0.010155
7516.52 -0.0101165
7528.53 -0.0100701
7540.54 -0.0100159
7552.55 -0.00995394
7564.56 -0.00988488
7576.58 -0.00980615
7588.59 -0.00974837
7600.6 -0.00969539
7612.61 -0.00963702
7624.62 -0.00957281
7636.64 -0.00950257
7648.65 -0.00942619
7660.66 -0.00934386
7672.67 -0.00925483
7684.68 -0.00915716
7696.7 -0.00910847
7708.71 -0.00905936
7720.72 -0.00900738
7732.73 -0.00895203
7744.74 -0.008893
7756.76 -0.00882989
7768.77 -0.00876024
7780.78 -0.00868779
7792.79 -0.00861711
7804.8 -0.00856087
7816.82 -0.00850412
7828.83 -0.00844643
7840.84 -0.00838779
7852.85 -0.0083283
7864.86 -0.0082683
7876.88 -0.0082085
7888.89 -0.00814726
7900.9 -0.00808619
7912.91 -0.00802595
7924.92 -0.00796533
7936.94 -0.00790443
7948.95 -0.0078433
7960.96 -0.00778192
7972.97 -0.00771929
7984.98 -0.00765717
7997 -0.00759695
8009.01 -0.00752936
8021.02 -0.00745835
8033.03 -0.00738784
8045.05 -0.00731805
8057.06 -0.00724913
8069.07 -0.00718118
8081.08 -0.00711414
8093.09 -0.00704862
8105.11 -0.00698494
8117.12 -0.00691734
8129.13 -0.00685081
8141.14 -0.00678587
8153.15 -0.00672281
8165.17 -0.00666205
8177.18 -0.00660481
8189.19 -0.00655193
8201.2 -0.00649882
8213.21 -0.00644136
8225.23 -0.00635343
8237.24 -0.00626414
8249.25 -0.00617466
8261.26 -0.00608544
8273.27 -0.00599683
8285.29 -0.00590977
8297.3 -0.0058227
8309.31 -0.00573545
8321.32 -0.0056509
8333.33 -0.00557083
8345.35 -0.00549176
8357.36 -0.00541368
8369.37 -0.00533668
8381.38 -0.00526093
8393.39 -0.00518683
8405.41 -0.00511355
8417.42 -0.00504193
8429.43 -0.00495551
8441.44 -0.00486003
8453.45 -0.00476442
8465.47 -0.00466908
8477.48 -0.00457424
8489.49 -0.00448022
8501.5 -0.004387
8513.51 -0.00429429
8525.53 -0.00420322
8537.54 -0.00408946
8549.55 -0.00397225
8561.56 -0.00385462
8573.57 -0.00373689
8585.59 -0.00361932
8597.6 -0.00350281
8609.61 -0.0033844
8621.62 -0.00326413
8633.63 -0.0031482
8645.65 -0.00307495
8657.66 -0.00300425
8669.67 -0.00293491
8681.68 -0.00286657
8693.69 -0.00279902
8705.71 -0.00273211
8717.72 -0.00266627
8729.73 -0.00260128
8741.74 -0.00253705
8753.75 -0.00247355
8765.77 -0.00241076
8777.78 -0.00234867
8789.79 -0.00228731
8801.8 -0.00222684
8813.81 -0.00216683
8825.83 -0.00210693
8837.84 -0.0020474
8849.85 -0.00198826
8861.86 -0.00192951
8873.87 -0.00187113
8885.89 -0.00181309
8897.9 -0.00175527
8909.91 -0.00169733
8921.92 -0.0016407
8933.93 -0.00158492
8945.95 -0.00152983
8957.96 -0.00147537
8969.97 -0.00142151
8981.98 -0.00136825
8993.99 -0.0013156
9006.01 -0.00126369
9018.02 -0.00121243
9030.03 -0.00116088
9042.04 -0.00110949
9054.05 -0.00105835
9066.07 -0.00100746
9078.08 -0.000956814
9090.09 -0.000906386
9102.1 -0.0008561
9114.11 -0.000805592
9126.13 -0.000755995
9138.14 -0.000707285
9150.15 -0.000659122
9162.16 -0.000611417
9174.17 -0.000564115
9186.19 -0.000517165
9198.2 -0.000470506
9210.21 -0.000424021
9222.22 -0.000377479
9234.23 -0.000332273
9246.25 -0.000287781
9258.26 -0.000243834
9270.27 -0.000200362
9282.28 -0.000157314
9294.29 -0.000114647
9306.31 -7.23044e-05
9318.32 -3.01728e-05
9330.33 1.159e-05
9342.34 5.24712e-05
9354.35 9.28632e-05
9366.37 0.000132849
9378.38 0.000172484
9390.39 0.000211825
9402.4 0.000250946
9414.41 0.000289986
9426.43 0.000329549
9438.44 0.000367214
9450.45 0.000403676
9462.46 0.000439421
9474.47 0.000474583
9486.49 0.000509238
9498.5 0.000543444
9510.51 0.000577249
9522.52 0.000610716
9534.53 0.000643896
9546.55 0.000676421
9558.56 0.000708542
9570.57 0.000740338
9582.58 0.000771869
9594.59 0.000803204
9606.61 0.000834442
9618.62 0.000865762
9630.63 0.000897701
9642.64 0.000928464
9654.65 0.000956002
9666.67 0.000982414
9678.68 0.001008
9690.69 0.00103291
9702.7 0.00105722
9714.71 0.001081
9726.73 0.00110429
9738.74 0.00112713
9750.75 0.00114956
9762.76 0.00117162
9774.77 0.00119332
9786.79 0.00121472
9798.8 0.00123585
9810.81 0.00125677
9822.82 0.00127758
9834.83 0.0012985
9846.85 0.00131937
9858.86 0.0013375
9870.87 0.0013547
9882.88 0.00137124
9894.89 0.00138721
9906.91 0.00140267
9918.92 0.00141764
9930.93 0.00143212
9942.94 0.00144599
9954.95 0.00145991
9966.97 0.00147422
9978.98 0.00148842
9990.99 0.00150249
10003 0.00151641
10015 0.00153022
10027 0.00154396
10039 0.00155776
10051.1 0.00157208
10063.1 0.0015838
10075.1 0.00159449
10087.1 0.0016045
10099.1 0.00161393
10111.1 0.00162279
10123.1 0.00163102
10135.1 0.00163852
10147.1 0.00164493
10159.2 0.00165085
10171.2 0.00166029
10183.2 0.00167037
10195.2 0.00168067
10207.2 0.00169103
10219.2 0.00170135
10231.2 0.00171154
10243.2 0.00172147
10255.3 0.00173082
10267.3 0.00174089
10279.3 0.00175202
10291.3 0.00176331
10303.3 0.00177456
10315.3 0.00178566
10327.3 0.00179645
10339.3 0.00180669
10351.4 0.0018159
10363.4 0.00182263
10375.4 0.00183688
10387.4 0.00185358
10399.4 0.00187157
10411.4 0.00189049
10423.4 0.00191016
10435.4 0.00193045
10447.4 0.00195127
10459.5 0.00197242
10471.5 0.00199412
10483.5 0.00201761
10495.5 0.00204195
10507.5 0.00206699
10519.5 0.00209265
10531.5 0.00211886
10543.5 0.00214554
10555.6 0.00217249
10567.6 0.00219906
10579.6 0.00222857
10591.6 0.00226142
10603.6 0.00229592
10615.6 0.00233188
10627.6 0.00236923
10639.6 0.00240798
10651.7 0.00244821
10663.7 0.00249006
10675.7 0.00253387
10687.7 0.00257645
10699.7 0.00261967
10711.7 0.00266394
10723.7 0.00270948
10735.7 0.00275646
10747.7 0.00280514
10759.8 0.0028559
10771.8 0.00290947
10783.8 0.00296666
10795.8 0.00301025
10807.8 0.00302802
10819.8 0.00304239
10831.8 0.00305474
10843.8 0.00306554
10855.9 0.00307503
10867.9 0.00308332
10879.9 0.0030909
10891.9 0.00308916
10903.9 0.00310148
10915.9 0.003125
10927.9 0.00314964
10939.9 0.00317478
10952 0.0032002
10964 0.00322578
10976 0.00325153
10988 0.00327706
11000 0.00329838
11012 0.00332379
11024 0.0033495
11036 0.00337507
11048 0.0034004
11060.1 0.00342544
11072.1 0.00345015
11084.1 0.00347457
11096.1 0.0034961
11108.1 0.00351485
11120.1 0.00354298
11132.1 0.00357173
11144.1 0.00360054
11156.2 0.00362922
11168.2 0.00365768
11180.2 0.00368587
11192.2 0.00371377
11204.2 0.0037396
11216.2 0.00376594
11228.2 0.00379477
11240.2 0.00382352
11252.3 0.00385204
11264.3 0.00388025
11276.3 0.00390812
11288.3 0.00393562
11300.3 0.00396214
11312.3 0.00398619
11324.3 0.00401214
11336.3 0.00403975
11348.3 0.00406732
11360.4 0.00409481
11372.4 0.0041222
11384.4 0.00414959
11396.4 0.00417708
11408.4 0.00420523
11420.4 0.00423523
11432.4 0.00425027
11444.4 0.00426099
11456.5 0.00427013
11468.5 0.00427804
11480.5 0.00428485
11492.5 0.00429063
11504.5 0.00429537
11516.5 0.00429983
11528.5 0.00430349
11540.5 0.00431384
11552.6 0.00432453
11564.6 0.00433514
11576.6 0.00434557
11588.6 0.00435583
11600.6 0.00436596
11612.6 0.00437715
11624.6 0.00438983
11636.6 0.00440165
11648.6 0.00441156
11660.7 0.00442099
11672.7 0.0044301
11684.7 0.00443897
11696.7 0.00444775
11708.7 0.00445665
11720.7 0.00446712
11732.7 0.00447865
11744.7 0.00448366
11756.8 0.00448137
11768.8 0.00447761
11780.8 0.00447283
11792.8 0.00446723
11804.8 0.00446099
11816.8 0.00445457
11828.8 0.00444943
11840.8 0.00444311
11852.9 0.00443686
11864.9 0.00443029
11876.9 0.00442321
11888.9 0.00441569
11900.9 0.00440778
11912.9 0.0043996
11924.9 0.00439194
11936.9 0.00438443
11948.9 0.0043766
11961 0.00436434
11973 0.00435101
11985 0.00433695
11997 0.00432229
12009 0.00430716
12021 0.00429174
12033 0.00427715
12045 0.00426168
12057.1 0.00424597
12069.1 0.00423182
12081.1 0.00421759
12093.1 0.00420324
12105.1 0.00418885
12117.1 0.00417457
12129.1 0.00416077
12141.1 0.0041479
12153.2 0.00413655
12165.2 0.00411564
12177.2 0.00408026
12189.2 0.00404208
12201.2 0.00400189
12213.2 0.00395999
12225.2 0.00391655
12237.2 0.00387233
12249.2 0.00382569
12261.3 0.00377476
12273.3 0.00373924
12285.3 0.0037119
12297.3 0.00368572
12309.3 0.00366015
12321.3 0.00363501
12333.3 0.00361042
12345.3 0.00358707
12357.4 0.00356355
12369.4 0.00354055
12381.4 0.00350934
12393.4 0.00347639
12405.4 0.00344237
12417.4 0.00340741
12429.4 0.00337159
12441.4 0.0033353
12453.5 0.00329784
12465.5 0.00325772
12477.5 0.003219
12489.5 0.0032001
12501.5 0.0031838
12513.5 0.00316895
12525.5 0.00315522
12537.5 0.00314264
12549.5 0.00313183
12561.6 0.00312191
12573.6 0.00311365
12585.6 0.00309889
12597.6 0.00307166
12609.6 0.00304248
12621.6 0.00301207
12633.6 0.00298069
12645.6 0.00294852
12657.7 0.00291575
12669.7 0.00288158
12681.7 0.00284551
12693.7 0.00281652
12705.7 0.00279228
12717.7 0.00276879
12729.7 0.00274584
12741.7 0.00272347
12753.8 0.00270245
12765.8 0.00268183
12777.8 0.00266138
12789.8 0.00264296
12801.8 0.00260678
12813.8 0.00256706
12825.8 0.00252541
12837.8 0.00248215
12849.8 0.00243734
12861.9 0.00239078
12873.9 0.00234271
12885.9 0.00229251
12897.9 0.0022431
12909.9 0.00221301
12921.9 0.00218503
12933.9 0.00215799
12945.9 0.00213153
12958 0.00210549
12970 0.00207982
12982 0.00205452
12994 0.00202983
13006 0.00200231
13018 0.0019688
13030 0.00193432
13042 0.00189909
13054.1 0.00186306
13066.1 0.00182545
13078.1 0.00178825
13090.1 0.00175166
13102.1 0.00171558
13114.1 0.00167576
13126.1 0.00163311
13138.1 0.00158985
13150.2 0.00154607
13162.2 0.00150181
13174.2 0.00145706
13186.2 0.00141175
13198.2 0.00136575
13210.2 0.00131855
13222.2 0.00127837
13234.2 0.00123908
13246.2 0.00119975
13258.3 0.00116011
13270.3 0.00111967
13282.3 0.00107888
13294.3 0.00103913
13306.3 0.000999486
13318.3 0.000960661
13330.3 0.000928577
13342.3 0.000897217
13354.4 0.000866225
13366.4 0.000835447
13378.4 0.00080475
13390.4 0.000774093
13402.4 0.000743296
13414.4 0.000711977
13426.4 0.000686703
13438.4 0.000673482
13450.5 0.000661476
13462.5 0.000650202
13474.5 0.000639381
13486.5 0.000628829
13498.5 0.000619478
13510.5 0.000610908
13522.5 0.000603148
13534.5 0.000591634
13546.5 0.000577584
13558.6 0.000563576
13570.6 0.000549679
13582.6 0.000535856
13594.6 0.000522281
13606.6 0.000509117
13618.6 0.00049629
13630.6 0.000483964
13642.6 0.00046634
13654.7 0.00044784
13666.7 0.000429268
13678.7 0.000410649
13690.7 0.000391889
13702.7 0.000373528
13714.7 0.000355419
13726.7 0.000337538
13738.7 0.000319266
13750.8 0.000296591
13762.8 0.000273735
13774.8 0.000250782
13786.8 0.000227671
13798.8 0.000204462
13810.8 0.000181924
13822.8 0.000159661
13834.8 0.000137621
13846.8 0.000114908
13858.9 9.075e-05
13870.9 6.66424e-05
13882.9 4.25998e-05
13894.9 1.85911e-05
13906.9 -5.25976e-06
13918.9 -2.89384e-05
13930.9 -5.25001e-05
13942.9 -7.59628e-05
13955 -9.90753e-05
13967 -0.000121929
13979 -0.000144719
13991 -0.000167499
14003 -0.000190379
14015 -0.000212572
14027 -0.000234443
14039 -0.000256079
14051.1 -0.000277499
14063.1 -0.000299905
14075.1 -0.000322357
14087.1 -0.000344653
14099.1 -0.000366771
14111.1 -0.000388782
14123.1 -0.000410857
14135.1 -0.00043289
14147.1 -0.000454898
14159.2 -0.00047501
14171.2 -0.0004771
14183.2 -0.000478855
14195.2 -0.000480452
14207.2 -0.000482044
14219.2 -0.000483178
14231.2 -0.000484023
14243.2 -0.000484697
14255.3 -0.000485239
14267.3 -0.000484924
14279.3 -0.000483025
14291.3 -0.000481041
14303.3 -0.000478992
14315.3 -0.000476896
14327.3 -0.000474709
14339.3 -0.000472476
14351.4 -0.000470218
14363.4 -0.000467958
14375.4 -0.000471123
14387.4 -0.000478162
14399.4 -0.000485198
14411.4 -0.000492276
14423.4 -0.000499257
14435.4 -0.000505947
14447.4 -0.000512543
14459.5 -0.000519079
14471.5 -0.000525585
14483.5 -0.000534898
14495.5 -0.000544779
14507.5 -0.000554629
14519.5 -0.000564523
14531.5 -0.000574118
14543.5 -0.000583567
14555.6 -0.000592937
14567.6 -0.000602261
14579.6 -0.000612007
14591.6 -0.000627972
14603.6 -0.000643763
14615.6 -0.000659433
14627.6 -0.000674996
14639.6 -0.000690449
14651.7 -0.000705809
14663.7 -0.00072109
14675.7 -0.000736318
14687.7 -0.000753324
14699.7 -0.000774325
14711.7 -0.000795131
14723.7 -0.0008158
14735.7 -0.000836192
14747.7 -0.000856224
14759.8 -0.000876014
14771.8 -0.000895555
14783.8 -0.000914793
14795.8 -0.000928548
14807.8 -0.000937869
14819.8 -0.00094716
14831.8 -0.000956346
14843.8 -0.000965562
14855.9 -0.00097469
14867.9 -0.000983679
14879.9 -0.000992467
14891.9 -0.00100088
14903.9 -0.000995127
14915.9 -0.000985852
14927.9 -0.000976851
14939.9 -0.000967981
14952 -0.000958961
14964 -0.00095
14976 -0.000941116
14988 -0.000932325
15000 -0.000923696
15012 -0.000918644
15024 -0.000913522
15036 -0.000908389
15048 -0.000903317
15060.1 -0.000898324
15072.1 -0.000893389
15084.1 -0.000888529
15096.1 -0.000883784
15108.1 -0.00088095
15120.1 -0.000883205
15132.1 -0.000885323
15144.1 -0.00088741
15156.2 -0.000889256
15168.2 -0.000891025
15180.2 -0.000892761
15192.2 -0.000894501
15204.2 -0.000896314
15216.2 -0.000902202
15228.2 -0.000911896
15240.2 -0.000921378
15252.3 -0.000930684
15264.3 -0.000939742
15276.3 -0.000948663
15288.3 -0.00095748
15300.3 -0.000966226
15312.3 -0.000974981
15324.3 -0.00098874
15336.3 -0.00100406
15348.3 -0.00101915
15360.4 -0.00103394
15372.4 -0.00104846
15384.4 -0.00106279
15396.4 -0.00107695
15408.4 -0.00109098
15420.4 -0.00110501
15432.4 -0.00112595
15444.4 -0.00114679
15456.5 -0.00116731
15468.5 -0.00118731
15480.5 -0.00120695
15492.5 -0.00122624
15504.5 -0.00124519
15516.5 -0.00126372
15528.5 -0.00127898
15540.5 -0.00128333
15552.6 -0.0012878
15564.6 -0.00129228
15576.6 -0.00129681
15588.6 -0.00130126
15600.6 -0.00130558
15612.6 -0.00130975
15624.6 -0.0013137
15636.6 -0.00131304
15648.6 -0.00130686
15660.7 -0.00130082
15672.7 -0.0012946
15684.7 -0.00128826
15696.7 -0.00128188
15708.7 -0.00127546
15720.7 -0.00126903
15732.7 -0.00126267
15744.7 -0.00126417
15756.8 -0.00126908
15768.8 -0.00127369
15780.8 -0.00127816
15792.8 -0.00128246
15804.8 -0.00128658
15816.8 -0.00129056
15828.8 -0.00129443
15840.8 -0.00129834
15852.9 -0.00131633
15864.9 -0.00133537
15876.9 -0.00135386
15888.9 -0.00137163
15900.9 -0.00138902
15912.9 -0.00140606
15924.9 -0.00142278
15936.9 -0.00143921
15948.9 -0.00145645
15961 -0.00148005
15973 -0.00150321
15985 -0.00152606
15997 -0.00154858
16009 -0.00157078
16021 -0.00159267
16033 -0.00161426
16045 -0.00163557
16057.1 -0.00166033
16069.1 -0.00169092
16081.1 -0.00172112
16093.1 -0.00175078
16105.1 -0.00178007
16117.1 -0.00180904
16129.1 -0.0018377
16141.1 -0.00186605
16153.2 -0.00189413
16165.2 -0.00191997
16177.2 -0.00194427
16189.2 -0.00196842
16201.2 -0.00199245
16213.2 -0.00201627
16225.2 -0.00203991
16237.2 -0.00206339
16249.2 -0.00208672
16261.3 -0.00211002
16273.3 -0.00211622
16285.3 -0.00211877
16297.3 -0.00212119
16309.3 -0.00212341
16321.3 -0.00212541
16333.3 -0.00212718
16345.3 -0.0021287
16357.4 -0.00212992
16369.4 -0.00213149
16381.4 -0.00214188
16393.4 -0.00215221
16405.4 -0.00216246
16417.4 -0.00217251
16429.4 -0.00218237
16441.4 -0.002192
16453.5 -0.00220138
16465.5 -0.00221046
16477.5 -0.00222135
16489.5 -0.00223727
16501.5 -0.00225343
16513.5 -0.00226975
16525.5 -0.00228594
16537.5 -0.002302
16549.5 -0.00231789
16561.6 -0.00233357
16573.6 -0.00234897
16585.6 -0.00236787
16597.6 -0.00239023
16609.6 -0.00241272
16621.6 -0.0024352
16633.6 -0.00245764
16645.6 -0.00248002
16657.7 -0.0025023
16669.7 -0.00252444
16681.7 -0.00254622
16693.7 -0.00257503
16705.7 -0.0026068
16717.7 -0.00263964
16729.7 -0.00267282
16741.7 -0.00270633
16753.8 -0.0027402
16765.8 -0.00277447
16777.8 -0.00280924
16789.8 -0.00284477
16801.8 -0.00287258
16813.8 -0.00290016
16825.8 -0.00292792
16837.8 -0.00295602
16849.8 -0.00298457
16861.9 -0.00301374
16873.9 -0.00304375
16885.9 -0.0030751
16897.9 -0.00310216
16909.9 -0.00310568
16921.9 -0.0031089
16933.9 -0.00311147
16945.9 -0.00311365
16958 -0.00311559
16970 -0.00311735
16982 -0.00311902
16994 -0.00312065
17006 -0.00312178
17018 -0.00312219
17030 -0.00312252
17042 -0.00312281
17054.1 -0.00312308
17066.1 -0.00312334
17078.1 -0.00312361
17090.1 -0.00312389
17102.1 -0.00312416
17114.1 -0.00312534
17126.1 -0.00312801
17138.1 -0.00313097
17150.2 -0.00313401
17162.2 -0.00313715
17174.2 -0.00314041
17186.2 -0.00314382
17198.2 -0.0031474
17210.2 -0.00315127
17222.2 -0.00315401
17234.2 -0.00315676
17246.2 -0.00315957
17258.3 -0.00316247
17270.3 -0.00316548
17282.3 -0.0031686
17294.3 -0.00317184
17306.3 -0.00317516
17318.3 -0.00317877
17330.3 -0.00318465
17342.3 -0.00319113
17354.4 -0.003198
17366.4 -0.00320525
17378.4 -0.00321294
17390.4 -0.0032211
17402.4 -0.00322982
17414.4 -0.00323927
17426.4 -0.00324836
17438.4 -0.00325559
17450.5 -0.00326302
17462.5 -0.00327084
17474.5 -0.00327921
17486.5 -0.00328831
17498.5 -0.0032984
17510.5 -0.00330995
17522.5 -0.00332423
17534.5 -0.00332723
17546.5 -0.0033181
17558.6 -0.0033072
17570.6 -0.00329526
17582.6 -0.00328261
17594.6 -0.00326946
17606.6 -0.00325596
17618.6 -0.00324233
17630.6 -0.00322912
17642.6 -0.00321186
17654.7 -0.00319268
17666.7 -0.00317244
17678.7 -0.00315133
17690.7 -0.00312937
17702.7 -0.00310657
17714.7 -0.00308284
17726.7 -0.00305798
17738.7 -0.00303185
17750.8 -0.00301006
17762.8 -0.00298869
17774.8 -0.0029672
17786.8 -0.00294538
17798.8 -0.00292309
17810.8 -0.00290019
17822.8 -0.00287644
17834.8 -0.00285138
17846.8 -0.00282738
17858.9 -0.00281196
17870.9 -0.00279747
17882.9 -0.00278334
17894.9 -0.00276932
17906.9 -0.00275525
17918.9 -0.00274098
17930.9 -0.00272628
17942.9 -0.00271061
17955 -0.0026972
17967 -0.00268871
17979 -0.00268131
17991 -0.00267465
18003 -0.00266862
18015 -0.0026632
18027 -0.00265845
18039 -0.00265455
18051.1 -0.00265223
18063.1 -0.00264497
18075.1 -0.00263479
18087.1 -0.00262403
18099.1 -0.00261297
18111.1 -0.00260175
18123.1 -0.00259052
18135.1 -0.00257942
18147.1 -0.00256878
18159.2 -0.00255913
18171.2 -0.00253886
18183.2 -0.00251641
18195.2 -0.0024927
18207.2 -0.00246796
18219.2 -0.00244228
18231.2 -0.00241566
18243.2 -0.00238805
18255.3 -0.00235928
18267.3 -0.00232965
18279.3 -0.00230211
18291.3 -0.00227429
18303.3 -0.00224589
18315.3 -0.00221676
18327.3 -0.00218674
18339.3 -0.00215563
18351.4 -0.00212307
18363.4 -0.00208812
18375.4 -0.0020554
18387.4 -0.00203115
18399.4 -0.00200809
18411.4 -0.00198553
18423.4 -0.00196317
18435.4 -0.00194082
18447.4 -0.00191829
18459.5 -0.00189538
18471.5 -0.00187147
18483.5 -0.00184955
18495.5 -0.00182942
18507.5 -0.00180958
18519.5 -0.00178982
18531.5 -0.00177002
18543.5 -0.00175008
18555.6 -0.00172988
18567.6 -0.00170926
18579.6 -0.00168764
18591.6 -0.00166909
18603.6 -0.00165113
18615.6 -0.00163328
18627.6 -0.00161537
18639.6 -0.00159729
18651.7 -0.00157887
18663.7 -0.00155992
18675.7 -0.00153993
18687.7 -0.00151932
18699.7 -0.00150713
18711.7 -0.00149664
18723.7 -0.00148714
18735.7 -0.0014784
18747.7 -0.00147034
18759.8 -0.00146297
18771.8 -0.00145638
18783.8 -0.00145091
18795.8 -0.00144422
18807.8 -0.00143206
18819.8 -0.00141899
18831.8 -0.0014054
18843.8 -0.00139143
18855.9 -0.00137713
18867.9 -0.00136251
18879.9 -0.00134754
18891.9 -0.00133196
18903.9 -0.00131629
18915.9 -0.00130044
18927.9 -0.00128442
18939.9 -0.00126823
18952 -0.00125184
18964 -0.00123523
18976 -0.00121837
18988 -0.00120121
19000 -0.00118357
