7000 -0.00576647
7012.01 -0.00588105
7024.02 -0.00599651
7036.04 -0.00611272
7048.05 -0.00622901
7060.06 -0.00634581
7072.07 -0.00646303
7084.08 -0.00658053
7096.1 -0.00669818
7108.11 -0.00681584
7120.12 -0.00693334
7132.13 -0.00705051
7144.14 -0.00716659
7156.16 -0.00728132
7168.17 -0.00739522
7180.18 -0.00750813
7192.19 -0.00761982
7204.2 -0.00773012
7216.22 -0.00783879
7228.23 -0.00794562
7240.24 -0.0080503
7252.25 -0.00815126
7264.26 -0.00824967
7276.28 -0.00834556
7288.29 -0.00843868
7300.3 -0.00852883
7312.31 -0.00861576
7324.32 -0.00869925
7336.34 -0.00877897
7348.35 -0.00885371
7360.36 -0.00892207
7372.37 -0.00898721
7384.38 -0.00904874
7396.4 -0.00910655
7408.41 -0.00916059
7420.42 -0.00921092
7432.43 -0.00925771
7444.44 -0.00930141
7456.46 -0.00934454
7468.47 -0.00938644
7480.48 -0.00938692
7492.49 -0.00934066
7504.5 -0.00928519
7516.52 -0.00922178
7528.53 -0.00915087
7540.54 -0.00907261
7552.55 -0.00898708
7564.56 -0.00889448
7576.58 -0.00879155
7588.59 -0.00872683
7600.6 -0.00867474
7612.61 -0.00861915
7624.62 -0.00855931
7636.64 -0.00849495
7648.65 -0.00842595
7660.66 -0.00835256
7672.67 -0.00827393
7684.68 -0.00818866
7696.7 -0.00813582
7708.71 -0.00808196
7720.72 -0.00802545
7732.73 -0.00796588
7744.74 -0.00790302
7756.76 -0.00783639
7768.77 -0.00776373
7780.78 -0.00768934
7792.79 -0.00761754
7804.8 -0.00756173
7816.82 -0.00750592
7828.83 -0.00744961
7840.84 -0.00739273
7852.85 -0.00733537
7864.86 -0.00727787
7876.88 -0.00722068
7888.89 -0.0071622
7900.9 -0.00710263
7912.91 -0.00704202
7924.92 -0.00698091
7936.94 -0.00691939
7948.95 -0.00685751
7960.96 -0.0067952
7972.97 -0.00673138
7984.98 -0.00666831
7997 -0.00660685
8009.01 -0.00654204
8021.02 -0.00647587
8033.03 -0.00641034
8045.05 -0.00634562
8057.06 -0.0062818
8069.07 -0.00621896
8081.08 -0.00615711
8093.09 -0.00609698
8105.11 -0.00603929
8117.12 -0.00596742
8129.13 -0.00589539
8141.14 -0.00582439
8153.15 -0.0057548
8165.17 -0.00568709
8177.18 -0.00562257
8189.19 -0.0055612
8201.2 -0.00549831
8213.21 -0.00543282
8225.23 -0.00535089
8237.24 -0.00526833
8249.25 -0.00518584
8261.26 -0.00510377
8273.27 -0.00502245
8285.29 -0.00494283
8297.3 -0.00486303
8309.31 -0.00478331
8321.32 -0.00470161
8333.33 -0.00461651
8345.35 -0.00453162
8357.36 -0.00444717
8369.37 -0.00436329
8381.38 -0.00428018
8393.39 -0.00419815
8405.41 -0.00411613
8417.42 -0.00403465
8429.43 -0.00395099
8441.44 -0.00386622
8453.45 -0.00378196
8465.47 -0.00369833
8477.48 -0.00361551
8489.49 -0.00353378
8501.5 -0.00345304
8513.51 -0.00337313
8525.53 -0.00329564
8537.54 -0.00318311
8549.55 -0.00306513
8561.56 -0.00294634
8573.57 -0.00282717
8585.59 -0.00270801
8597.6 -0.0025898
8609.61 -0.00246907
8621.62 -0.00234627
8633.63 -0.00222728
8645.65 -0.00214797
8657.66 -0.00207085
8669.67 -0.00199483
8681.68 -0.00191958
8693.69 -0.0018449
8705.71 -0.0017707
8717.72 -0.00169748
8729.73 -0.00162495
8741.74 -0.00155305
8753.75 -0.00148175
8765.77 -0.00141102
8777.78 -0.00134088
8789.79 -0.00127136
8801.8 -0.00120267
8813.81 -0.00113415
8825.83 -0.00106558
8837.84 -0.000997239
8849.85 -0.000929165
8861.86 -0.000861364
8873.87 -0.000793821
8885.89 -0.000726494
8897.9 -0.000659268
8909.91 -0.000591813
8921.92 -0.000525876
8933.93 -0.000460788
8945.95 -0.000396351
8957.96 -0.000332505
8969.97 -0.000269224
8981.98 -0.000206507
8993.99 -0.000144385
9006.01 -8.299e-05
9018.02 -2.21101e-05
9030.03 3.92929e-05
9042.04 0.000100603
9054.05 0.000161736
9066.07 0.000222673
9078.08 0.000283418
9090.09 0.000344002
9102.1 0.000404507
9114.11 0.000465345
9126.13 0.000524946
9138.14 0.000583591
9150.15 0.000641668
9162.16 0.000699279
9174.17 0.000756484
9186.19 0.000813337
9198.2 0.000869905
9210.21 0.000926321
9222.22 0.000982747
9234.23 0.00103749
9246.25 0.00109144
9258.26 0.0011448
9270.27 0.00119764
9282.28 0.00125001
9294.29 0.00130197
9306.31 0.00135357
9318.32 0.00140495
9330.33 0.00145579
9342.34 0.00150557
9354.35 0.00155479
9366.37 0.00160354
9378.38 0.0016519
9390.39 0.00169991
9402.4 0.00174766
9414.41 0.00179532
9426.43 0.00184352
9438.44 0.001889
9450.45 0.00193309
9462.46 0.00197632
9474.47 0.00201887
9486.49 0.00206082
9498.5 0.00210223
9510.51 0.00214315
9522.52 0.00218365
9534.53 0.00222376
9546.55 0.00226302
9558.56 0.00230178
9570.57 0.00234013
9582.58 0.00237815
9594.59 0.0024159
9606.61 0.00245349
9618.62 0.00249114
9630.63 0.00252944
9642.64 0.00256542
9654.65 0.00259738
9666.67 0.00262803
9678.68 0.00265769
9690.69 0.00268653
9702.7 0.00271466
9714.71 0.00274213
9726.73 0.00276901
9738.74 0.00279533
9750.75 0.00282113
9762.76 0.00284645
9774.77 0.00287134
9786.79 0.00289583
9798.8 0.00291996
9810.81 0.00294381
9822.82 0.00296749
9834.83 0.00299124
9846.85 0.00301446
9858.86 0.00303404
9870.87 0.00305252
9882.88 0.0030702
9894.89 0.00308719
9906.91 0.00310356
9918.92 0.00311933
9930.93 0.0031345
9942.94 0.00314893
9954.95 0.00316367
9966.97 0.00317887
9978.98 0.00319392
9990.99 0.00320875
10003 0.00322339
10015 0.00323784
10027 0.00325217
10039 0.00326652
10051.1 0.00328131
10063.1 0.00329231
10075.1 0.00330208
10087.1 0.00331104
10099.1 0.00331928
10111.1 0.0033268
10123.1 0.00333356
10135.1 0.0033394
10147.1 0.00334393
10159.2 0.00334856
10171.2 0.00335806
10183.2 0.00336823
10195.2 0.00337861
10207.2 0.00338901
10219.2 0.00339931
10231.2 0.00340938
10243.2 0.00341908
10255.3 0.00342802
10267.3 0.00343831
10279.3 0.00344993
10291.3 0.00346166
10303.3 0.0034733
10315.3 0.00348467
10327.3 0.0034956
10339.3 0.00350579
10351.4 0.00351462
10363.4 0.00352073
10375.4 0.00353814
10387.4 0.00355852
10399.4 0.00358043
10411.4 0.00360345
10423.4 0.00362737
10435.4 0.00365202
10447.4 0.00367727
10459.5 0.00370291
10471.5 0.00372941
10483.5 0.00375834
10495.5 0.00378832
10507.5 0.00381916
10519.5 0.00385075
10531.5 0.00388303
10543.5 0.00391585
10555.6 0.003949
10567.6 0.00398159
10579.6 0.00401897
10591.6 0.00406083
10603.6 0.00410482
10615.6 0.00415071
10627.6 0.00419842
10639.6 0.00424796
10651.7 0.00429943
10663.7 0.00435306
10675.7 0.00440913
10687.7 0.00446302
10699.7 0.00451773
10711.7 0.00457378
10723.7 0.00463143
10735.7 0.0046909
10747.7 0.00475249
10759.8 0.00481659
10771.8 0.00488403
10783.8 0.00495509
10795.8 0.00501253
10807.8 0.0050452
10819.8 0.00507503
10831.8 0.0051034
10843.8 0.00513085
10855.9 0.00515769
10867.9 0.0051842
10879.9 0.00521135
10891.9 0.00522635
10903.9 0.00525153
10915.9 0.00528589
10927.9 0.00532114
10939.9 0.00535685
10952 0.00539289
10964 0.00542922
10976 0.00546591
10988 0.00550234
11000 0.00553249
11012 0.00556809
11024 0.00560427
11036 0.0056405
11048 0.00567667
11060.1 0.00571275
11072.1 0.00574873
11084.1 0.00578475
11096.1 0.0058167
11108.1 0.00584434
11120.1 0.00588202
11132.1 0.00592038
11144.1 0.00595884
11156.2 0.0059972
11168.2 0.00603538
11180.2 0.00607327
11192.2 0.0061109
11204.2 0.00614528
11216.2 0.00618142
11228.2 0.00622341
11240.2 0.00626579
11252.3 0.00630824
11264.3 0.00635063
11276.3 0.00639287
11288.3 0.00643493
11300.3 0.00647583
11312.3 0.00651298
11324.3 0.00655411
11336.3 0.00659877
11348.3 0.00664384
11360.4 0.0066892
11372.4 0.00673484
11384.4 0.00678089
11396.4 0.00682756
11408.4 0.00687577
11420.4 0.00692768
11432.4 0.00695322
11444.4 0.00697138
11456.5 0.00698709
11468.5 0.00700093
11480.5 0.00701313
11492.5 0.00702375
11504.5 0.00703273
11516.5 0.0070413
11528.5 0.00704881
11540.5 0.00707037
11552.6 0.00709306
11564.6 0.00711598
11576.6 0.00713893
11588.6 0.00716182
11600.6 0.00718468
11612.6 0.00720929
11624.6 0.00723698
11636.6 0.0072634
11648.6 0.0072861
11660.7 0.00730814
11672.7 0.00732974
11684.7 0.00735106
11696.7 0.00737228
11708.7 0.00739366
11720.7 0.0074176
11732.7 0.00744357
11744.7 0.00745928
11756.8 0.0074634
11768.8 0.00746523
11780.8 0.00746539
11792.8 0.00746418
11804.8 0.00746179
11816.8 0.00745874
11828.8 0.00745791
11840.8 0.00745501
11852.9 0.00745487
11864.9 0.00745524
11876.9 0.00745504
11888.9 0.00745421
11900.9 0.00745278
11912.9 0.00745084
11924.9 0.00744949
11936.9 0.00744854
11948.9 0.00744693
11961 0.00744114
11973 0.00743403
11985 0.0074259
11997 0.00741683
12009 0.0074069
12021 0.00739627
12033 0.0073868
12045 0.00737589
12057.1 0.0073656
12069.1 0.00736291
12081.1 0.00736084
12093.1 0.00735903
12105.1 0.00735746
12117.1 0.00735628
12129.1 0.007356
12141.1 0.00735755
12153.2 0.00736179
12165.2 0.00735063
12177.2 0.00731606
12189.2 0.00727701
12201.2 0.0072347
12213.2 0.00718954
12225.2 0.00714169
12237.2 0.00709229
12249.2 0.00703924
12261.3 0.00697853
12273.3 0.00694853
12285.3 0.00693507
12297.3 0.00692436
12309.3 0.00691529
12321.3 0.00690749
12333.3 0.00690103
12345.3 0.0068974
12357.4 0.00689467
12369.4 0.00689389
12381.4 0.00687636
12393.4 0.00685592
12405.4 0.00683403
12417.4 0.00681107
12429.4 0.00678727
12441.4 0.0067634
12453.5 0.00673948
12465.5 0.0067136
12477.5 0.00668781
12489.5 0.00667067
12501.5 0.00665434
12513.5 0.00663836
12525.5 0.00662267
12537.5 0.00660743
12549.5 0.00659383
12561.6 0.00658071
12573.6 0.00656844
12585.6 0.00654979
12597.6 0.00651947
12609.6 0.00648693
12621.6 0.00645282
12633.6 0.00641741
12645.6 0.00638095
12657.7 0.00634396
12669.7 0.00630528
12681.7 0.00626458
12693.7 0.00622864
12705.7 0.00619575
12717.7 0.00616292
12729.7 0.00613005
12741.7 0.00609726
12753.8 0.00606571
12765.8 0.00603465
12777.8 0.00600275
12789.8 0.0059716
12801.8 0.00592619
12813.8 0.00587734
12825.8 0.00582627
12837.8 0.00577317
12849.8 0.00571802
12861.9 0.00566038
12873.9 0.00560057
12885.9 0.00553779
12897.9 0.00547601
12909.9 0.0054405
12921.9 0.00540774
12933.9 0.00537614
12945.9 0.00534518
12958 0.00531464
12970 0.00528441
12982 0.00525447
12994 0.00522506
13006 0.00519232
13018 0.00515269
13030 0.00511175
13042 0.00506971
13054.1 0.00502643
13066.1 0.0049805
13078.1 0.0049341
13090.1 0.00488837
13102.1 0.00484294
13114.1 0.00479489
13126.1 0.00474477
13138.1 0.004694
13150.2 0.00464261
13162.2 0.00459057
13174.2 0.00453784
13186.2 0.00448421
13198.2 0.00442941
13210.2 0.00437214
13222.2 0.00433215
13234.2 0.00429476
13246.2 0.0042578
13258.3 0.00422078
13270.3 0.00418285
13282.3 0.00414359
13294.3 0.0041062
13306.3 0.00406947
13318.3 0.00403365
13330.3 0.00400213
13342.3 0.00397134
13354.4 0.00394106
13366.4 0.00391118
13378.4 0.00388159
13390.4 0.00385236
13402.4 0.0038235
13414.4 0.00379502
13426.4 0.00376529
13438.4 0.0037328
13450.5 0.00370012
13462.5 0.00366726
13474.5 0.00363408
13486.5 0.00360002
13498.5 0.003567
13510.5 0.00353456
13522.5 0.00350264
13534.5 0.00346837
13546.5 0.00343251
13558.6 0.00339664
13570.6 0.00336077
13582.6 0.0033248
13594.6 0.00328884
13606.6 0.00325336
13618.6 0.0032182
13630.6 0.00318354
13642.6 0.00314285
13654.7 0.0031011
13666.7 0.00305915
13678.7 0.00301701
13690.7 0.00297438
13702.7 0.00293211
13714.7 0.0028901
13726.7 0.00284818
13738.7 0.0028068
13750.8 0.00276912
13762.8 0.00273168
13774.8 0.0026943
13786.8 0.00265678
13798.8 0.00261881
13810.8 0.00258193
13822.8 0.00254556
13834.8 0.00250951
13846.8 0.00247558
13858.9 0.00244537
13870.9 0.00241557
13882.9 0.00238608
13894.9 0.00235678
13906.9 0.00232778
13918.9 0.00229917
13930.9 0.00227083
13942.9 0.00224271
13955 0.00221682
13967 0.00219254
13979 0.00216845
13991 0.00214442
14003 0.00212003
14015 0.00209661
14027 0.00207382
14039 0.00205149
14051.1 0.0020295
14063.1 0.00201061
14075.1 0.00199258
14087.1 0.00197492
14099.1 0.00195767
14111.1 0.00194082
14123.1 0.00192395
14135.1 0.00190722
14147.1 0.00189065
14159.2 0.00187373
14171.2 0.00185201
14183.2 0.00183032
14195.2 0.00180865
14207.2 0.00178675
14219.2 0.00176525
14231.2 0.00174434
14243.2 0.00172376
14255.3 0.00170346
14267.3 0.00168263
14279.3 0.00166046
14291.3 0.00163849
14303.3 0.00161672
14315.3 0.00159509
14327.3 0.00157374
14339.3 0.00155259
14351.4 0.00153164
14363.4 0.00151086
14375.4 0.00148978
14387.4 0.0014685
14399.4 0.00144732
14411.4 0.00142613
14423.4 0.00140499
14435.4 0.00138452
14447.4 0.00136438
14459.5 0.0013445
14471.5 0.00132484
14483.5 0.00130258
14495.5 0.00127992
14507.5 0.00125743
14519.5 0.00123492
14531.5 0.00121291
14543.5 0.00119138
14555.6 0.0011702
14567.6 0.00114932
14579.6 0.00112896
14591.6 0.00111192
14603.6 0.00109507
14615.6 0.00107844
14627.6 0.00106201
14639.6 0.00104581
14651.7 0.00102984
14663.7 0.00101409
14675.7 0.000998578
14687.7 0.000985422
14699.7 0.000977169
14711.7 0.000968937
14723.7 0.000960694
14735.7 0.000952546
14747.7 0.000944848
14759.8 0.000937386
14771.8 0.000930134
14783.8 0.000923101
14795.8 0.000918596
14807.8 0.000916143
14819.8 0.000913771
14831.8 0.000911564
14843.8 0.000909262
14855.9 0.0009069
14867.9 0.000904505
14879.9 0.000902052
14891.9 0.000899435
14903.9 0.000888808
14915.9 0.000876186
14927.9 0.000863655
14939.9 0.000851075
14952 0.000839145
14964 0.000827524
14976 0.000816123
14988 0.000804889
15000 0.000793713
15012 0.000778014
15024 0.000762666
15036 0.000747596
15048 0.000732726
15060.1 0.000717938
15072.1 0.00070329
15084.1 0.000688778
15096.1 0.000674386
15108.1 0.000659582
15120.1 0.000643422
15132.1 0.000627412
15144.1 0.000611412
15156.2 0.000595863
15168.2 0.000580627
15180.2 0.000565626
15192.2 0.000550836
15204.2 0.000536244
15216.2 0.00052208
15228.2 0.00050831
15240.2 0.00049466
15252.3 0.000481116
15264.3 0.000467948
15276.3 0.000455014
15288.3 0.000442289
15300.3 0.000429766
15312.3 0.000417456
15324.3 0.000406987
15336.3 0.00039721
15348.3 0.000387485
15360.4 0.000377937
15372.4 0.000368692
15384.4 0.000359644
15396.4 0.000350781
15408.4 0.000342111
15420.4 0.000333706
15432.4 0.000330192
15444.4 0.000326833
15456.5 0.000323377
15468.5 0.000320257
15480.5 0.000317331
15492.5 0.000314546
15504.5 0.000311881
15516.5 0.000309323
15528.5 0.000306405
15540.5 0.000301889
15552.6 0.000297594
15564.6 0.000293487
15576.6 0.000289254
15588.6 0.000285044
15600.6 0.000280867
15612.6 0.000276703
15624.6 0.000272492
15636.6 0.000263734
15648.6 0.000249474
15660.7 0.00023538
15672.7 0.000221652
15684.7 0.000208445
15696.7 0.000195528
15708.7 0.000182852
15720.7 0.00017038
15732.7 0.00015806
15744.7 0.000141849
15756.8 0.000124051
15768.8 0.000106607
15780.8 8.92775e-05
15792.8 7.21215e-05
15804.8 5.5146e-05
15816.8 3.83402e-05
15828.8 2.16832e-05
15840.8 5.12215e-06
15852.9 -1.48358e-05
15864.9 -3.50536e-05
15876.9 -5.51156e-05
15888.9 -7.42838e-05
15900.9 -9.30339e-05
15912.9 -0.000111446
15924.9 -0.000129553
15936.9 -0.000147376
15948.9 -0.000164969
15961 -0.000182547
15973 -0.000199846
15985 -0.000216937
15997 -0.000233843
16009 -0.000250537
16021 -0.000267019
16033 -0.000283294
16045 -0.000299366
16057.1 -0.000314843
16069.1 -0.000329494
16081.1 -0.000344043
16093.1 -0.000358118
16105.1 -0.000371893
16117.1 -0.000385409
16129.1 -0.000398677
16141.1 -0.0004117
16153.2 -0.000424476
16165.2 -0.000437726
16177.2 -0.00045117
16189.2 -0.000464376
16201.2 -0.000477547
16213.2 -0.000490537
16225.2 -0.00050332
16237.2 -0.000515881
16249.2 -0.000528197
16261.3 -0.000540221
16273.3 -0.000559229
16285.3 -0.000579443
16297.3 -0.00059954
16309.3 -0.000619507
16321.3 -0.000639281
16333.3 -0.000658846
16345.3 -0.000678181
16357.4 -0.000697255
16369.4 -0.000716591
16381.4 -0.00074331
16393.4 -0.000769918
16405.4 -0.000796513
16417.4 -0.000822994
16429.4 -0.000849337
16441.4 -0.000875532
16453.5 -0.000901567
16465.5 -0.000927422
16477.5 -0.000953418
16489.5 -0.000980005
16501.5 -0.00100659
16513.5 -0.00103369
16525.5 -0.00106087
16537.5 -0.00108809
16549.5 -0.00111533
16561.6 -0.0011426
16573.6 -0.00116993
16585.6 -0.00119591
16597.6 -0.00122053
16609.6 -0.00124519
16621.6 -0.00126989
16633.6 -0.00129462
16645.6 -0.00131937
16657.7 -0.00134418
16669.7 -0.00136907
16681.7 -0.00139415
16693.7 -0.00141499
16705.7 -0.00143417
16717.7 -0.00145433
16729.7 -0.00147477
16741.7 -0.00149541
16753.8 -0.00151626
16765.8 -0.00153734
16777.8 -0.00155875
16789.8 -0.00158071
16801.8 -0.00159467
16813.8 -0.00160816
16825.8 -0.00162145
16837.8 -0.00163468
16849.8 -0.00164788
16861.9 -0.00166107
16873.9 -0.00167427
16885.9 -0.00168751
16897.9 -0.00170035
16909.9 -0.00171122
16921.9 -0.00172309
16933.9 -0.00173532
16945.9 -0.00174771
16958 -0.00176024
16970 -0.00177288
16982 -0.00178559
16994 -0.00179832
17006 -0.00181226
17018 -0.0018281
17030 -0.00184433
17042 -0.00186087
17054.1 -0.00187774
17066.1 -0.00189493
17078.1 -0.00191251
17090.1 -0.00193052
17102.1 -0.0019492
17114.1 -0.00196442
17126.1 -0.00197806
17138.1 -0.00199246
17150.2 -0.00200722
17162.2 -0.00202239
17174.2 -0.00203804
17186.2 -0.00205428
17198.2 -0.00207135
17210.2 -0.00209015
17222.2 -0.0020981
17234.2 -0.00210452
17246.2 -0.00211068
17258.3 -0.00211679
17270.3 -0.00212298
17282.3 -0.00212936
17294.3 -0.00213607
17306.3 -0.00214335
17318.3 -0.00215051
17330.3 -0.00215016
17342.3 -0.00214927
17354.4 -0.00214809
17366.4 -0.00214677
17378.4 -0.0021454
17390.4 -0.00214405
17402.4 -0.00214284
17414.4 -0.00214195
17426.4 -0.00213974
17438.4 -0.00213386
17450.5 -0.00212761
17462.5 -0.00212106
17474.5 -0.00211429
17486.5 -0.00210733
17498.5 -0.0021002
17510.5 -0.00209291
17522.5 -0.00208548
17534.5 -0.00207794
17546.5 -0.0020704
17558.6 -0.00206275
17570.6 -0.002055
17582.6 -0.00204713
17594.6 -0.00203914
17606.6 -0.00203101
17618.6 -0.00202273
17630.6 -0.0020142
17642.6 -0.00200657
17654.7 -0.00199955
17666.7 -0.0019926
17678.7 -0.00198566
17690.7 -0.00197874
17702.7 -0.00197184
17714.7 -0.00196499
17726.7 -0.00195825
17738.7 -0.00195167
17750.8 -0.00194269
17762.8 -0.00193317
17774.8 -0.0019234
17786.8 -0.00191343
17798.8 -0.00190327
17810.8 -0.00189296
17822.8 -0.00188252
17834.8 -0.00187199
17846.8 -0.00186118
17858.9 -0.00184954
17870.9 -0.00183758
17882.9 -0.00182535
17894.9 -0.00181285
17906.9 -0.0018001
17918.9 -0.00178708
17930.9 -0.00177379
17942.9 -0.00176021
17955 -0.0017463
17967 -0.00173214
17979 -0.00171775
17991 -0.00170314
18003 -0.00168829
18015 -0.00167321
18027 -0.00165793
18039 -0.00164249
18051.1 -0.00162714
18063.1 -0.00160959
18075.1 -0.00159052
18087.1 -0.0015707
18099.1 -0.00155019
18111.1 -0.00152894
18123.1 -0.00150692
18135.1 -0.00148398
18147.1 -0.00145988
18159.2 -0.00143387
18171.2 -0.00141357
18183.2 -0.00139407
18195.2 -0.00137461
18207.2 -0.00135493
18219.2 -0.00133486
18231.2 -0.00131424
18243.2 -0.00129281
18255.3 -0.00127009
18267.3 -0.00124719
18279.3 -0.0012328
18291.3 -0.00121973
18303.3 -0.00120726
18315.3 -0.00119514
18327.3 -0.0011832
18339.3 -0.00117134
18351.4 -0.00115945
18363.4 -0.0011473
18375.4 -0.00113571
18387.4 -0.00112605
18399.4 -0.00111681
18411.4 -0.00110784
18423.4 -0.0010991
18435.4 -0.00109057
18447.4 -0.00108226
18459.5 -0.00107424
18471.5 -0.00106676
18483.5 -0.00105733
18495.5 -0.00104633
18507.5 -0.00103495
18519.5 -0.00102331
18531.5 -0.00101147
18543.5 -0.000999452
18555.6 -0.000987315
18567.6 -0.000975144
18579.6 -0.00096326
18591.6 -0.00094851
18603.6 -0.000932817
18615.6 -0.000916489
18627.6 -0.000899568
18639.6 -0.000882041
18651.7 -0.00086385
18663.7 -0.000844874
18675.7 -0.000824815
18687.7 -0.000803931
18699.7 -0.000788419
18711.7 -0.000773604
18723.7 -0.000758959
18735.7 -0.000744284
18747.7 -0.000729449
18759.8 -0.00071433
18771.8 -0.000698766
18783.8 -0.000682395
18795.8 -0.000666806
18807.8 -0.000654944
18819.8 -0.000643602
18831.8 -0.000632446
18843.8 -0.000621314
18855.9 -0.00061007
18867.9 -0.000598558
18879.9 -0.000586527
18891.9 -0.000573128
18903.9 -0.000564063
18915.9 -0.000559822
18927.9 -0.000556741
18939.9 -0.000554473
18952 -0.000552884
18964 -0.000551932
18976 -0.00055164
18988 -0.000552154
19000 -0.000554318
