7000 -0.00337201
7012.01 -0.00345466
7024.02 -0.0035386
7036.04 -0.00362375
7048.05 -0.00370978
7060.06 -0.00379693
7072.07 -0.00388514
7084.08 -0.00397433
7096.1 -0.00406441
7108.11 -0.0041553
7120.12 -0.00424687
7132.13 -0.004339
7144.14 -0.0044312
7156.16 -0.00452337
7168.17 -0.00461578
7180.18 -0.00470827
7192.19 -0.00480067
7204.2 -0.00489281
7216.22 -0.00498451
7228.23 -0.00507556
7240.24 -0.00516569
7252.25 -0.00525387
7264.26 -0.00534088
7276.28 -0.0054266
7288.29 -0.00551078
7300.3 -0.00559321
7312.31 -0.00567364
7324.32 -0.00575182
7336.34 -0.00582744
7348.35 -0.00589948
7360.36 -0.0059673
7372.37 -0.00603284
7384.38 -0.00609571
7396.4 -0.00615574
7408.41 -0.00621284
7420.42 -0.00626701
7432.43 -0.00631834
7444.44 -0.00636719
7456.46 -0.00641544
7468.47 -0.00646268
7480.48 -0.0064694
7492.49 -0.00643026
7504.5 -0.00638243
7516.52 -0.00632711
7528.53 -0.00626468
7540.54 -0.00619525
7552.55 -0.00611881
7564.56 -0.00603525
7576.58 -0.00594159
7588.59 -0.0058874
7600.6 -0.00584652
7612.61 -0.00580241
7624.62 -0.00575432
7636.64 -0.00570193
7648.65 -0.0056451
7660.66 -0.00558397
7672.67 -0.00551763
7684.68 -0.0054449
7696.7 -0.00540602
7708.71 -0.00536654
7720.72 -0.00532476
7732.73 -0.00528034
7744.74 -0.00523305
7756.76 -0.00518254
7768.77 -0.00512729
7780.78 -0.005071
7792.79 -0.00501583
7804.8 -0.00496943
7816.82 -0.00492264
7828.83 -0.00487521
7840.84 -0.00482715
7852.85 -0.0047786
7864.86 -0.00472985
7876.88 -0.00468112
7888.89 -0.00463122
7900.9 -0.00458126
7912.91 -0.00453164
7924.92 -0.0044818
7936.94 -0.00443178
7948.95 -0.00438163
7960.96 -0.0043313
7972.97 -0.00428
7984.98 -0.00422984
7997 -0.00418133
8009.01 -0.004128
8021.02 -0.00407253
8033.03 -0.0040176
8045.05 -0.00396335
8057.06 -0.00390987
8069.07 -0.00385721
8081.08 -0.00380533
8093.09 -0.00375472
8105.11 -0.00370533
8117.12 -0.00365753
8129.13 -0.00361117
8141.14 -0.00356636
8153.15 -0.0035233
8165.17 -0.00348236
8177.18 -0.00344464
8189.19 -0.00340963
8201.2 -0.00337433
8213.21 -0.00333379
8225.23 -0.00325795
8237.24 -0.00318011
8249.25 -0.00310154
8261.26 -0.00302268
8273.27 -0.00294384
8285.29 -0.00286567
8297.3 -0.00278634
8309.31 -0.00270567
8321.32 -0.00263666
8333.33 -0.00258768
8345.35 -0.00254062
8357.36 -0.00249502
8369.37 -0.00245081
8381.38 -0.0024081
8393.39 -0.00236713
8405.41 -0.00232732
8417.42 -0.00229003
8429.43 -0.00222327
8441.44 -0.002138
8453.45 -0.00205143
8465.47 -0.00196419
8477.48 -0.00187658
8489.49 -0.00178882
8501.5 -0.00170061
8513.51 -0.00161143
8525.53 -0.00152066
8537.54 -0.00145618
8549.55 -0.0013962
8561.56 -0.00133743
8573.57 -0.0012797
8585.59 -0.00122311
8597.6 -0.0011683
8609.61 -0.00111244
8621.62 -0.00105645
8633.63 -0.000999653
8645.65 -0.000935513
8657.66 -0.000871065
8669.67 -0.000806543
8681.68 -0.000742007
8693.69 -0.000677446
8705.71 -0.000612907
8717.72 -0.00054887
8729.73 -0.000485113
8741.74 -0.000421606
8753.75 -0.000358348
8765.77 -0.000295344
8777.78 -0.000232614
8789.79 -0.000170199
8801.8 -0.000108292
8813.81 -4.62483e-05
8825.83 1.60386e-05
8837.84 7.8315e-05
8849.85 0.000140541
8861.86 0.000202708
8873.87 0.000264825
8885.89 0.000326924
8897.9 0.000389102
8909.91 0.000451587
8921.92 0.000512803
8933.93 0.000573437
8945.95 0.000633654
8957.96 0.000693504
8969.97 0.000753007
8981.98 0.000812159
8993.99 0.000870931
9006.01 0.000929204
9018.02 0.000987258
9030.03 0.00104595
9042.04 0.00110469
9054.05 0.0011634
9066.07 0.00122206
9078.08 0.00128068
9090.09 0.00133928
9102.1 0.00139793
9114.11 0.00145698
9126.13 0.00151487
9138.14 0.00157203
9150.15 0.0016288
9162.16 0.00168526
9174.17 0.00174147
9186.19 0.00179746
9198.2 0.0018533
9210.21 0.00190911
9222.22 0.00196493
9234.23 0.00201923
9246.25 0.00207292
9258.26 0.00212617
9270.27 0.00217904
9282.28 0.00223158
9294.29 0.00228384
9306.31 0.00233585
9318.32 0.00238773
9330.33 0.0024391
9342.34 0.00248957
9354.35 0.00253962
9366.37 0.00258932
9378.38 0.00263872
9390.39 0.00268787
9402.4 0.00273685
9414.41 0.00278579
9426.43 0.00283523
9438.44 0.00288189
9450.45 0.00292738
9462.46 0.00297216
9474.47 0.00301639
9486.49 0.00306012
9498.5 0.00310342
9510.51 0.00314632
9522.52 0.00318889
9534.53 0.00323111
9546.55 0.00327256
9558.56 0.00331361
9570.57 0.00335433
9582.58 0.00339477
9594.59 0.003435
9606.61 0.00347512
9618.62 0.00351529
9630.63 0.00355604
9642.64 0.00359394
9654.65 0.00362813
9666.67 0.00366119
9678.68 0.00369343
9690.69 0.00372497
9702.7 0.00375591
9714.71 0.0037863
9726.73 0.00381618
9738.74 0.00384561
9750.75 0.0038746
9762.76 0.00390319
9774.77 0.00393142
9786.79 0.00395932
9798.8 0.00398693
9810.81 0.00401431
9822.82 0.00404155
9834.83 0.00406886
9846.85 0.00409532
9858.86 0.00411819
9870.87 0.00414015
9882.88 0.00416145
9894.89 0.00418219
9906.91 0.00420243
9918.92 0.00422218
9930.93 0.00424144
9942.94 0.0042601
9954.95 0.00427936
9966.97 0.00429913
9978.98 0.00431878
9990.99 0.0043383
10003 0.00435767
10015 0.00437692
10027 0.00439611
10039 0.00441536
10051.1 0.00443487
10063.1 0.00445038
10075.1 0.0044649
10087.1 0.00447879
10099.1 0.00449212
10111.1 0.00450489
10123.1 0.00451707
10135.1 0.00452854
10147.1 0.00453894
10159.2 0.0045504
10171.2 0.00456702
10183.2 0.00458427
10195.2 0.00460178
10207.2 0.00461939
10219.2 0.00463699
10231.2 0.0046545
10243.2 0.00467178
10255.3 0.00468852
10267.3 0.00470722
10279.3 0.00472733
10291.3 0.00474765
10303.3 0.00476801
10315.3 0.00478829
10327.3 0.00480831
10339.3 0.00482783
10351.4 0.00484632
10363.4 0.00486322
10375.4 0.00489309
10387.4 0.00492577
10399.4 0.00496003
10411.4 0.00499551
10423.4 0.00503203
10435.4 0.00506947
10447.4 0.00510772
10459.5 0.0051466
10471.5 0.0051869
10483.5 0.00522999
10495.5 0.00527434
10507.5 0.00531981
10519.5 0.00536632
10531.5 0.00541383
10543.5 0.00546223
10555.6 0.00551136
10567.6 0.00556046
10579.6 0.0056161
10591.6 0.00567649
10603.6 0.00573933
10615.6 0.00580442
10627.6 0.00587174
10639.6 0.00594132
10651.7 0.00601328
10663.7 0.00608784
10675.7 0.00616496
10687.7 0.00623991
10699.7 0.00631649
10711.7 0.00639522
10723.7 0.00647646
10735.7 0.00656057
10747.7 0.00664804
10759.8 0.00673963
10771.8 0.00683679
10783.8 0.00694105
10795.8 0.00701572
10807.8 0.00703263
10819.8 0.00704186
10831.8 0.00704639
10843.8 0.00704723
10855.9 0.0070448
10867.9 0.00703917
10879.9 0.00703045
10891.9 0.00700272
10903.9 0.0070004
10915.9 0.00701746
10927.9 0.00703645
10939.9 0.00705621
10952 0.00707623
10964 0.00709621
10976 0.00711596
10988 0.00713388
11000 0.00714396
11012 0.00716579
11024 0.00718906
11036 0.00721249
11048 0.00723575
11060.1 0.00725865
11072.1 0.00728099
11084.1 0.00730262
11096.1 0.0073182
11108.1 0.00732982
11120.1 0.00735654
11132.1 0.00738446
11144.1 0.00741261
11156.2 0.00744061
11168.2 0.00746824
11180.2 0.00749525
11192.2 0.00752137
11204.2 0.00754306
11216.2 0.00756928
11228.2 0.00760781
11240.2 0.00764747
11252.3 0.00768755
11264.3 0.00772776
11276.3 0.00776792
11288.3 0.00780785
11300.3 0.00784616
11312.3 0.00788057
11324.3 0.00791981
11336.3 0.00796326
11348.3 0.00800726
11360.4 0.00805162
11372.4 0.00809632
11384.4 0.00814144
11396.4 0.00818721
11408.4 0.0082346
11420.4 0.00828568
11432.4 0.00830984
11444.4 0.0083264
11456.5 0.00834035
11468.5 0.00835228
11480.5 0.00836236
11492.5 0.00837066
11504.5 0.00837707
11516.5 0.0083828
11528.5 0.00838718
11540.5 0.00841155
11552.6 0.00843771
11564.6 0.00846437
11576.6 0.0084912
11588.6 0.00851807
11600.6 0.00854499
11612.6 0.00857412
11624.6 0.00860616
11636.6 0.00863797
11648.6 0.00867025
11660.7 0.00870241
11672.7 0.0087345
11684.7 0.0087666
11696.7 0.0087989
11708.7 0.00883172
11720.7 0.00886787
11732.7 0.00890639
11744.7 0.00893329
11756.8 0.00894705
11768.8 0.00895835
11780.8 0.00896794
11792.8 0.00897614
11804.8 0.0089832
11816.8 0.00898985
11828.8 0.00899928
11840.8 0.0090063
11852.9 0.00901689
11864.9 0.00902833
11876.9 0.00903929
11888.9 0.00904972
11900.9 0.00905964
11912.9 0.00906918
11924.9 0.00907971
11936.9 0.00909079
11948.9 0.00910115
11961 0.00910855
11973 0.00911495
11985 0.00912056
11997 0.00912551
12009 0.00912992
12021 0.00913404
12033 0.00914024
12045 0.00914542
12057.1 0.00915087
12069.1 0.00916124
12081.1 0.00917208
12093.1 0.00918325
12105.1 0.00919487
12117.1 0.00920721
12129.1 0.00922099
12141.1 0.00923749
12153.2 0.00925798
12165.2 0.00925756
12177.2 0.00922517
12189.2 0.00918699
12201.2 0.00914477
12213.2 0.00909914
12225.2 0.00905042
12237.2 0.0090002
12249.2 0.00894587
12261.3 0.00888302
12273.3 0.00885329
12285.3 0.00884141
12297.3 0.00883251
12309.3 0.00882546
12321.3 0.00881994
12333.3 0.00881619
12345.3 0.00881628
12357.4 0.00881786
12369.4 0.00882297
12381.4 0.00879719
12393.4 0.008766
12405.4 0.00873208
12417.4 0.00869615
12429.4 0.00865861
12441.4 0.00862055
12453.5 0.00858187
12465.5 0.00854011
12477.5 0.00849809
12489.5 0.00846721
12501.5 0.00843701
12513.5 0.00840685
12525.5 0.00837664
12537.5 0.00834654
12549.5 0.008318
12561.6 0.00828923
12573.6 0.00826034
12585.6 0.00822625
12597.6 0.00818315
12609.6 0.00813786
12621.6 0.00809087
12633.6 0.00804236
12645.6 0.00799257
12657.7 0.00794206
12669.7 0.00788921
12681.7 0.00783343
12693.7 0.00778551
12705.7 0.00774262
12717.7 0.00769995
12729.7 0.00765724
12741.7 0.00761454
12753.8 0.00757327
12765.8 0.00753211
12777.8 0.00748911
12789.8 0.00744498
12801.8 0.00739745
12813.8 0.00734821
12825.8 0.00729743
12837.8 0.00724506
12849.8 0.00719091
12861.9 0.00713441
12873.9 0.00707595
12885.9 0.00701465
12897.9 0.0069547
12909.9 0.00692294
12921.9 0.00689435
12933.9 0.00686721
12945.9 0.00684095
12958 0.00681533
12970 0.00679023
12982 0.00676558
12994 0.0067416
13006 0.00671471
13018 0.00668161
13030 0.00664743
13042 0.00661235
13054.1 0.00657618
13066.1 0.00653708
13078.1 0.00649793
13090.1 0.00646038
13102.1 0.00642445
13114.1 0.00637823
13126.1 0.00632434
13138.1 0.00626905
13150.2 0.00621268
13162.2 0.00615536
13174.2 0.0060971
13186.2 0.00603776
13198.2 0.00597709
13210.2 0.00591393
13222.2 0.00586671
13234.2 0.00582173
13246.2 0.00577698
13258.3 0.00573194
13270.3 0.0056856
13282.3 0.00563748
13294.3 0.00559212
13306.3 0.00554824
13318.3 0.00550372
13330.3 0.00544634
13342.3 0.00538793
13354.4 0.00532902
13366.4 0.00526973
13378.4 0.00521002
13390.4 0.00515004
13402.4 0.00508974
13414.4 0.00502897
13426.4 0.00497035
13438.4 0.00491627
13450.5 0.00486233
13462.5 0.00480824
13474.5 0.00475367
13486.5 0.00469782
13498.5 0.00464318
13510.5 0.00458899
13522.5 0.00453477
13534.5 0.00448683
13546.5 0.00444329
13558.6 0.00440036
13570.6 0.00435781
13582.6 0.00431539
13594.6 0.00427315
13606.6 0.00423164
13618.6 0.00419056
13630.6 0.00414985
13642.6 0.00410894
13654.7 0.00406816
13666.7 0.00402752
13678.7 0.0039869
13690.7 0.00394586
13702.7 0.00390546
13714.7 0.00386555
13726.7 0.00382589
13738.7 0.00378723
13750.8 0.00375526
13762.8 0.0037238
13774.8 0.00369258
13786.8 0.0036613
13798.8 0.00362952
13810.8 0.00359929
13822.8 0.00356986
13834.8 0.00354106
13846.8 0.00351201
13858.9 0.00348197
13870.9 0.00345225
13882.9 0.00342283
13894.9 0.00339359
13906.9 0.00336466
13918.9 0.00333624
13930.9 0.00330818
13942.9 0.00328043
13955 0.00325252
13967 0.00322453
13979 0.00319668
13991 0.00316882
14003 0.00314037
14015 0.00311317
14027 0.0030868
14039 0.00306105
14051.1 0.00303588
14063.1 0.00300561
14075.1 0.00297475
14087.1 0.00294426
14099.1 0.00291422
14111.1 0.00288469
14123.1 0.00285505
14135.1 0.00282557
14147.1 0.00279629
14159.2 0.0027659
14171.2 0.00272303
14183.2 0.00268011
14195.2 0.00263715
14207.2 0.00259384
14219.2 0.00255108
14231.2 0.00250912
14243.2 0.00246764
14255.3 0.00242657
14267.3 0.0023871
14279.3 0.00235045
14291.3 0.00231413
14303.3 0.00227813
14315.3 0.00224237
14327.3 0.00220703
14339.3 0.00217203
14351.4 0.00213736
14363.4 0.00210299
14375.4 0.00207417
14387.4 0.00204936
14399.4 0.00202471
14411.4 0.00200006
14423.4 0.00197549
14435.4 0.00195184
14447.4 0.00192866
14459.5 0.00190585
14471.5 0.00188337
14483.5 0.00186037
14495.5 0.00183746
14507.5 0.00181474
14519.5 0.00179197
14531.5 0.00176985
14543.5 0.00174834
14555.6 0.00172725
14567.6 0.00170655
14579.6 0.00168633
14591.6 0.00166838
14603.6 0.00165069
14615.6 0.00163328
14627.6 0.00161611
14639.6 0.00159922
14651.7 0.00158259
14663.7 0.00156621
14675.7 0.00155008
14687.7 0.00153497
14699.7 0.00152184
14711.7 0.00150881
14723.7 0.0014958
14735.7 0.00148293
14747.7 0.00147066
14759.8 0.00145871
14771.8 0.001447
14783.8 0.00143548
14795.8 0.00142091
14807.8 0.00140395
14819.8 0.00138734
14831.8 0.00137115
14843.8 0.001355
14855.9 0.00133893
14867.9 0.001323
14879.9 0.00130718
14891.9 0.00129144
14903.9 0.00127218
14915.9 0.00125213
14927.9 0.00123218
14939.9 0.00121219
14952 0.00119312
14964 0.00117454
14976 0.00115636
14988 0.00113854
15000 0.00112113
15012 0.00110747
15024 0.00109399
15036 0.00108077
15048 0.00106776
15060.1 0.00105483
15072.1 0.00104206
15084.1 0.00102949
15096.1 0.00101714
15108.1 0.00100637
15120.1 0.000999591
15132.1 0.000992764
15144.1 0.000985795
15156.2 0.000979263
15168.2 0.000973024
15180.2 0.000966984
15192.2 0.000961118
15204.2 0.00095542
15216.2 0.000950551
15228.2 0.000946445
15240.2 0.000942377
15252.3 0.000938322
15264.3 0.000934627
15276.3 0.000931116
15288.3 0.000927745
15300.3 0.000924485
15312.3 0.000921287
15324.3 0.000915914
15336.3 0.000909879
15348.3 0.000903936
15360.4 0.000898183
15372.4 0.000892788
15384.4 0.000887595
15396.4 0.000882569
15408.4 0.000877683
15420.4 0.000872895
15432.4 0.000866768
15444.4 0.000860699
15456.5 0.000854602
15468.5 0.00084899
15480.5 0.000843689
15492.5 0.000838611
15504.5 0.00083372
15516.5 0.000828978
15528.5 0.00082325
15540.5 0.000813511
15552.6 0.000804167
15564.6 0.000795163
15576.6 0.000786077
15588.6 0.000777093
15600.6 0.000768236
15612.6 0.000759509
15624.6 0.000750908
15636.6 0.000742607
15648.6 0.000734614
15660.7 0.000726567
15672.7 0.00071878
15684.7 0.000711536
15696.7 0.000704568
15708.7 0.000697835
15720.7 0.00069132
15732.7 0.000685021
15744.7 0.000679731
15756.8 0.000675002
15768.8 0.000670503
15780.8 0.00066599
15792.8 0.000661543
15804.8 0.000657188
15816.8 0.000652926
15828.8 0.000648749
15840.8 0.000644647
15852.9 0.000641465
15864.9 0.00063827
15876.9 0.000634981
15888.9 0.00063259
15900.9 0.000630567
15912.9 0.000628816
15924.9 0.000627298
15936.9 0.000625983
15948.9 0.00062407
15961 0.000617529
15973 0.000611315
15985 0.000605318
15997 0.000599484
16009 0.000593842
16021 0.000588391
16033 0.000583122
16045 0.000578022
16057.1 0.000570785
16069.1 0.00055994
16081.1 0.000549192
16093.1 0.000538986
16105.1 0.000529143
16117.1 0.000519602
16129.1 0.000510345
16141.1 0.000501364
16153.2 0.000492662
16165.2 0.000482794
16177.2 0.000472305
16189.2 0.000462122
16201.2 0.000451942
16213.2 0.000441933
16225.2 0.000432125
16237.2 0.000422533
16249.2 0.000413171
16261.3 0.000404068
16273.3 0.000392007
16285.3 0.000379583
16297.3 0.0003673
16309.3 0.000355117
16321.3 0.000343114
16333.3 0.000331309
16345.3 0.000319718
16357.4 0.000308359
16369.4 0.000297033
16381.4 0.00028292
16393.4 0.00026904
16405.4 0.000255211
16417.4 0.000241528
16429.4 0.000228026
16441.4 0.000214724
16453.5 0.000201642
16465.5 0.000188808
16477.5 0.000176137
16489.5 0.00016355
16501.5 0.000151261
16513.5 0.000138408
16525.5 0.000125512
16537.5 0.000112662
16549.5 9.99033e-05
16561.6 8.72744e-05
16573.6 7.48295e-05
16585.6 6.09881e-05
16597.6 4.5827e-05
16609.6 3.06525e-05
16621.6 1.5492e-05
16633.6 4.14587e-07
16645.6 -1.4551e-05
16657.7 -2.93773e-05
16669.7 -4.40272e-05
16681.7 -5.84324e-05
16693.7 -7.29804e-05
16705.7 -8.70709e-05
16717.7 -0.000102315
16729.7 -0.000117952
16741.7 -0.000133781
16753.8 -0.000149735
16765.8 -0.000165774
16777.8 -0.00018187
16789.8 -0.000197984
16801.8 -0.000215277
16813.8 -0.000232701
16825.8 -0.000250102
16837.8 -0.000267533
16849.8 -0.000284994
16861.9 -0.000302483
16873.9 -0.000319992
16885.9 -0.000337511
16897.9 -0.000354611
16909.9 -0.000369664
16921.9 -0.000385704
16933.9 -0.000402537
16945.9 -0.000419792
16958 -0.000437405
16970 -0.000455371
16982 -0.000473726
16994 -0.000492603
17006 -0.000509522
17018 -0.000523073
17030 -0.000536577
17042 -0.000550132
17054.1 -0.000563786
17066.1 -0.000577571
17078.1 -0.000591519
17090.1 -0.000605672
17102.1 -0.00062016
17114.1 -0.000631529
17126.1 -0.000641171
17138.1 -0.000651933
17150.2 -0.000663126
17162.2 -0.000674692
17174.2 -0.000686638
17186.2 -0.000699011
17198.2 -0.000711915
17210.2 -0.000725815
17222.2 -0.000734104
17234.2 -0.000741767
17246.2 -0.000749466
17258.3 -0.000757285
17270.3 -0.000765289
17282.3 -0.000773541
17294.3 -0.000782122
17306.3 -0.00079119
17318.3 -0.000800224
17330.3 -0.00080385
17342.3 -0.000807387
17354.4 -0.00081093
17366.4 -0.000814544
17378.4 -0.000818283
17390.4 -0.000822203
17402.4 -0.000826379
17414.4 -0.000830972
17426.4 -0.000834453
17438.4 -0.00083468
17450.5 -0.000834997
17462.5 -0.000835342
17474.5 -0.000835765
17486.5 -0.000836309
17498.5 -0.000837028
17510.5 -0.000838003
17522.5 -0.000839445
17534.5 -0.000838997
17546.5 -0.000836703
17558.6 -0.000834246
17570.6 -0.000831728
17582.6 -0.000829205
17594.6 -0.000826721
17606.6 -0.000824324
17618.6 -0.000822089
17630.6 -0.000820298
17642.6 -0.00081514
17654.7 -0.000809549
17666.7 -0.000803913
17678.7 -0.000798247
17690.7 -0.000792572
17702.7 -0.000786909
17714.7 -0.000781288
17726.7 -0.000775755
17738.7 -0.000770419
17750.8 -0.000764643
17762.8 -0.000758393
17774.8 -0.000751981
17786.8 -0.000745463
17798.8 -0.000738864
17810.8 -0.000732202
17822.8 -0.000725488
17834.8 -0.000718739
17846.8 -0.000711677
17858.9 -0.000704219
17870.9 -0.000696776
17882.9 -0.000689325
17894.9 -0.000681869
17906.9 -0.00067442
17918.9 -0.000666996
17930.9 -0.000659636
17942.9 -0.000652443
17955 -0.00064523
17967 -0.000637092
17979 -0.000628658
17991 -0.000620021
18003 -0.000611214
18015 -0.000602254
18027 -0.000593145
18039 -0.000583883
18051.1 -0.000574434
18063.1 -0.000565049
18075.1 -0.000555708
18087.1 -0.000546303
18099.1 -0.000536825
18111.1 -0.000527275
18123.1 -0.00051766
18135.1 -0.000508004
18147.1 -0.000498366
18159.2 -0.000489026
18171.2 -0.000478913
18183.2 -0.0004683
18195.2 -0.000457332
18207.2 -0.000446031
18219.2 -0.00043439
18231.2 -0.000422378
18243.2 -0.000409923
18255.3 -0.000396851
18267.3 -0.000383664
18279.3 -0.000373754
18291.3 -0.000364245
18303.3 -0.000354861
18315.3 -0.0003455
18327.3 -0.000336102
18339.3 -0.00032662
18351.4 -0.000317002
18363.4 -0.000307192
18375.4 -0.000298088
18387.4 -0.00029052
18399.4 -0.00028309
18411.4 -0.000275683
18423.4 -0.000268245
18435.4 -0.000260732
18447.4 -0.000253094
18459.5 -0.00024526
18471.5 -0.000237056
18483.5 -0.000230516
18495.5 -0.000225472
18507.5 -0.0002207
18519.5 -0.000216083
18531.5 -0.000211564
18543.5 -0.000207107
18555.6 -0.000202678
18567.6 -0.000198235
18579.6 -0.0001936
18591.6 -0.000190285
18603.6 -0.000187329
18615.6 -0.000184575
18627.6 -0.000181993
18639.6 -0.000179585
18651.7 -0.000177374
18663.7 -0.000175423
18675.7 -0.00017393
18687.7 -0.000172579
18699.7 -0.000168683
18711.7 -0.000164263
18723.7 -0.000159542
18735.7 -0.000154597
18747.7 -0.000149469
18759.8 -0.000144192
18771.8 -0.000138811
18783.8 -0.000133464
18795.8 -0.000127544
18807.8 -0.000120498
18819.8 -0.000112981
18831.8 -0.00010503
18843.8 -9.66239e-05
18855.9 -8.77072e-05
18867.9 -7.81757e-05
18879.9 -6.78406e-05
18891.9 -5.58526e-05
18903.9 -4.86936e-05
18915.9 -4.7248e-05
18927.9 -4.69026e-05
18939.9 -4.72355e-05
18952 -4.80791e-05
18964 -4.93576e-05
18976 -5.10533e-05
18988 -5.3229e-05
19000 -5.63048e-05
