7000 -0.0063466
7012.01 -0.00637211
7024.02 -0.00639551
7036.04 -0.00641661
7048.05 -0.00643527
7060.06 -0.00645194
7072.07 -0.00646655
7084.08 -0.00647906
7096.1 -0.00648946
7108.11 -0.00649771
7120.12 -0.00650379
7132.13 -0.00650761
7144.14 -0.00650853
7156.16 -0.00650734
7168.17 -0.00650434
7180.18 -0.00649945
7192.19 -0.00649265
7204.2 -0.00648393
7216.22 -0.00647326
7228.23 -0.00646061
7240.24 -0.00644579
7252.25 -0.00642802
7264.26 -0.00640904
7276.28 -0.00638866
7288.29 -0.00636678
7300.3 -0.00634341
7312.31 -0.0063185
7324.32 -0.00629201
7336.34 -0.00626378
7348.35 -0.00623261
7360.36 -0.00619956
7372.37 -0.00616652
7384.38 -0.00613303
7396.4 -0.00609901
7408.41 -0.0060645
7420.42 -0.00602957
7432.43 -0.00599436
7444.44 -0.00595921
7456.46 -0.00592563
7468.47 -0.00589112
7480.48 -0.00585048
7492.49 -0.00580328
7504.5 -0.00575473
7516.52 -0.0057051
7528.53 -0.00565453
7540.54 -0.00560314
7552.55 -0.00555116
7564.56 -0.00549889
7576.58 -0.00544519
7588.59 -0.00539229
7600.6 -0.00533925
7612.61 -0.0052855
7624.62 -0.00523103
7636.64 -0.00517583
7648.65 -0.00511992
7660.66 -0.00506358
7672.67 -0.00500595
7684.68 -0.00494629
7696.7 -0.00490695
7708.71 -0.0048688
7720.72 -0.00483085
7732.73 -0.00479285
7744.74 -0.00475457
7756.76 -0.00471565
7768.77 -0.00467469
7780.78 -0.00463564
7792.79 -0.00459618
7804.8 -0.00455084
7816.82 -0.00450546
7828.83 -0.00446022
7840.84 -0.00441515
7852.85 -0.00437034
7864.86 -0.00432599
7876.88 -0.00428212
7888.89 -0.00423739
7900.9 -0.00419565
7912.91 -0.00415834
7924.92 -0.00412143
7936.94 -0.00408479
7948.95 -0.00404836
7960.96 -0.00401199
7972.97 -0.00397489
7984.98 -0.00393917
7997 -0.00390548
8009.01 -0.00385906
8021.02 -0.00380614
8033.03 -0.00375286
8045.05 -0.00369947
8057.06 -0.00364602
8069.07 -0.0035925
8081.08 -0.00353876
8093.09 -0.00348503
8105.11 -0.00343021
8117.12 -0.00339792
8129.13 -0.00336859
8141.14 -0.00334087
8153.15 -0.00331472
8165.17 -0.00329037
8177.18 -0.00326881
8189.19 -0.00324961
8201.2 -0.00323005
8213.21 -0.0032035
8225.23 -0.0031329
8237.24 -0.00305909
8249.25 -0.00298355
8261.26 -0.00290679
8273.27 -0.00282905
8285.29 -0.0027509
8297.3 -0.00267044
8309.31 -0.00258705
8321.32 -0.00252511
8333.33 -0.00250038
8345.35 -0.00247837
8357.36 -0.0024581
8369.37 -0.00243936
8381.38 -0.00242218
8393.39 -0.00240686
8405.41 -0.00239302
8417.42 -0.00238253
8429.43 -0.00232538
8441.44 -0.00223863
8453.45 -0.00214911
8465.47 -0.00205777
8477.48 -0.00196497
8489.49 -0.00187096
8501.5 -0.00177537
8513.51 -0.00167744
8525.53 -0.00157538
8537.54 -0.00153195
8549.55 -0.00149795
8561.56 -0.00146583
8573.57 -0.00143508
8585.59 -0.00140563
8597.6 -0.00137802
8609.61 -0.00134973
8621.62 -0.00132158
8633.63 -0.00129187
8645.65 -0.0012478
8657.66 -0.00120296
8669.67 -0.00115777
8681.68 -0.00111233
8693.69 -0.00106667
8705.71 -0.00102082
8717.72 -0.000975236
8729.73 -0.000929731
8741.74 -0.000884287
8753.75 -0.000838904
8765.77 -0.000793592
8777.78 -0.000748372
8789.79 -0.000703284
8801.8 -0.000658505
8813.81 -0.000613512
8825.83 -0.000568156
8837.84 -0.000522668
8849.85 -0.000477084
8861.86 -0.000431415
8873.87 -0.000385653
8885.89 -0.00033977
8897.9 -0.00029368
8909.91 -0.000247138
8921.92 -0.00020154
8933.93 -0.000156338
8945.95 -0.000111384
8957.96 -6.66312e-05
8969.97 -2.20659e-05
8981.98 2.2309e-05
8993.99 6.64654e-05
9006.01 0.000110292
9018.02 0.000153971
9030.03 0.000198327
9042.04 0.000242855
9054.05 0.000287485
9066.07 0.0003322
9078.08 0.000377002
9090.09 0.000421915
9102.1 0.000467004
9114.11 0.000512604
9126.13 0.000557409
9138.14 0.000601668
9150.15 0.000645698
9162.16 0.000689576
9174.17 0.000733351
9186.19 0.000777065
9198.2 0.000820773
9210.21 0.000864583
9222.22 0.000908623
9234.23 0.000951482
9246.25 0.000993908
9258.26 0.00103606
9270.27 0.001078
9282.28 0.00111977
9294.29 0.00116141
9306.31 0.00120296
9318.32 0.00124455
9330.33 0.00128589
9342.34 0.00132656
9354.35 0.00136697
9366.37 0.0014072
9378.38 0.0014473
9390.39 0.00148732
9402.4 0.00152733
9414.41 0.00156747
9426.43 0.00160831
9438.44 0.001647
9450.45 0.00168471
9462.46 0.0017219
9474.47 0.0017587
9486.49 0.00179519
9498.5 0.00183141
9510.51 0.00186741
9522.52 0.00190326
9534.53 0.00193896
9546.55 0.00197413
9558.56 0.00200907
9570.57 0.00204385
9582.58 0.00207853
9594.59 0.00211318
9606.61 0.00214791
9618.62 0.00218287
9630.63 0.00221863
9642.64 0.00225255
9654.65 0.00228311
9666.67 0.0023127
9678.68 0.0023416
9690.69 0.00236996
9702.7 0.00239786
9714.71 0.00242537
9726.73 0.00245253
9738.74 0.00247937
9750.75 0.00250593
9762.76 0.00253225
9774.77 0.00255835
9786.79 0.00258428
9798.8 0.00261007
9810.81 0.00263578
9822.82 0.00266152
9834.83 0.00268752
9846.85 0.00271322
9858.86 0.0027358
9870.87 0.00275755
9882.88 0.00277875
9894.89 0.00279949
9906.91 0.00281982
9918.92 0.00283979
9930.93 0.00285936
9942.94 0.00287844
9954.95 0.00289795
9966.97 0.00291808
9978.98 0.00293824
9990.99 0.00295838
10003 0.00297851
10015 0.00299866
10027 0.00301887
10039 0.00303929
10051.1 0.0030603
10063.1 0.00307796
10075.1 0.00309466
10087.1 0.00311078
10099.1 0.0031264
10111.1 0.00314153
10123.1 0.00315613
10135.1 0.00317007
10147.1 0.00318295
10159.2 0.00319615
10171.2 0.00321414
10183.2 0.00323297
10195.2 0.00325222
10207.2 0.00327169
10219.2 0.00329129
10231.2 0.00331092
10243.2 0.00333042
10255.3 0.00334945
10267.3 0.00337004
10279.3 0.00339214
10291.3 0.0034146
10303.3 0.00343724
10315.3 0.00345991
10327.3 0.00348243
10339.3 0.00350455
10351.4 0.00352569
10363.4 0.0035447
10375.4 0.003575
10387.4 0.00360843
10399.4 0.00364366
10411.4 0.00368031
10423.4 0.00371817
10435.4 0.00375712
10447.4 0.00379703
10459.5 0.00383772
10471.5 0.00387972
10483.5 0.00392449
10495.5 0.00397069
10507.5 0.00401816
10519.5 0.00406682
10531.5 0.00411661
10543.5 0.00416744
10555.6 0.00421911
10567.6 0.00427087
10579.6 0.00432817
10591.6 0.00439026
10603.6 0.00445495
10615.6 0.00452204
10627.6 0.00459148
10639.6 0.00466332
10651.7 0.00473766
10663.7 0.00481474
10675.7 0.00489468
10687.7 0.00497319
10699.7 0.00505344
10711.7 0.00513601
10723.7 0.00522126
10735.7 0.00530961
10747.7 0.00540159
10759.8 0.00549808
10771.8 0.00560075
10783.8 0.00571207
10795.8 0.0057885
10807.8 0.00579576
10819.8 0.00579345
10831.8 0.00578508
10843.8 0.00577184
10855.9 0.00575416
10867.9 0.00573208
10879.9 0.00570549
10891.9 0.00566047
10903.9 0.00564522
10915.9 0.00565202
10927.9 0.00566059
10939.9 0.00566953
10952 0.0056782
10964 0.00568623
10976 0.00569331
10988 0.00569801
11000 0.00569479
11012 0.00570564
11024 0.00571774
11036 0.00572949
11048 0.00574044
11060.1 0.00575031
11072.1 0.00575884
11084.1 0.00576574
11096.1 0.00576651
11108.1 0.00576367
11120.1 0.00578064
11132.1 0.00579882
11144.1 0.00581689
11156.2 0.00583438
11168.2 0.00585098
11180.2 0.00586642
11192.2 0.00588039
11204.2 0.00588997
11216.2 0.00590314
11228.2 0.00592709
11240.2 0.00595135
11252.3 0.00597525
11264.3 0.00599848
11276.3 0.00602083
11288.3 0.00604207
11300.3 0.00606102
11312.3 0.00607558
11324.3 0.00609684
11336.3 0.0061238
11348.3 0.0061509
11360.4 0.0061778
11372.4 0.00620438
11384.4 0.00623064
11396.4 0.00625667
11408.4 0.00628311
11420.4 0.00631109
11432.4 0.00632252
11444.4 0.00632877
11456.5 0.00633279
11468.5 0.00633488
11480.5 0.00633515
11492.5 0.00633358
11504.5 0.00633007
11516.5 0.00632542
11528.5 0.00631929
11540.5 0.00633107
11552.6 0.00634423
11564.6 0.00635759
11576.6 0.00637085
11588.6 0.0063839
11600.6 0.00639673
11612.6 0.00641098
11624.6 0.00642703
11636.6 0.00644285
11648.6 0.00645948
11660.7 0.00647588
11672.7 0.00649207
11684.7 0.00650813
11696.7 0.00652419
11708.7 0.00654052
11720.7 0.00655922
11732.7 0.00657952
11744.7 0.00659105
11756.8 0.00659269
11768.8 0.00659242
11780.8 0.00659082
11792.8 0.00658817
11804.8 0.00658467
11816.8 0.00658089
11828.8 0.00657912
11840.8 0.00657558
11852.9 0.00657444
11864.9 0.00657385
11876.9 0.00657295
11888.9 0.0065717
11900.9 0.00657016
11912.9 0.00656844
11924.9 0.00656756
11936.9 0.00656712
11948.9 0.00656626
11961 0.00656391
11973 0.00656109
11985 0.00655796
11997 0.00655463
12009 0.00655121
12021 0.00654795
12033 0.00654661
12045 0.006545
12057.1 0.0065433
12069.1 0.00654235
12081.1 0.00654158
12093.1 0.00654109
12105.1 0.00654104
12117.1 0.00654166
12129.1 0.00654353
12141.1 0.00654753
12153.2 0.00655462
12165.2 0.00654702
12177.2 0.00651685
12189.2 0.00648283
12201.2 0.00644624
12213.2 0.00640754
12225.2 0.00636699
12237.2 0.00632575
12249.2 0.00628185
12261.3 0.00623224
12273.3 0.0062066
12285.3 0.00619407
12297.3 0.00618408
12309.3 0.00617586
12321.3 0.00616922
12333.3 0.00616438
12345.3 0.00616282
12357.4 0.00616298
12369.4 0.0061666
12381.4 0.00614449
12393.4 0.00611828
12405.4 0.00609026
12417.4 0.00606103
12429.4 0.00603096
12441.4 0.00600088
12453.5 0.00597063
12465.5 0.00593853
12477.5 0.0059067
12489.5 0.00588372
12501.5 0.0058618
12513.5 0.00584049
12525.5 0.00581981
12537.5 0.00579994
12549.5 0.00578207
12561.6 0.00576507
12573.6 0.00574975
12585.6 0.00572587
12597.6 0.00568593
12609.6 0.00564327
12621.6 0.00559881
12633.6 0.00555293
12645.6 0.0055059
12657.7 0.00545818
12669.7 0.00540862
12681.7 0.00535682
12693.7 0.00531139
12705.7 0.00527011
12717.7 0.00522919
12729.7 0.00518844
12741.7 0.00514794
12753.8 0.0051088
12765.8 0.00506989
12777.8 0.00503014
12789.8 0.00499079
12801.8 0.00494133
12813.8 0.00488937
12825.8 0.00483575
12837.8 0.00478061
12849.8 0.0047239
12861.9 0.00466523
12873.9 0.00460494
12885.9 0.00454232
12897.9 0.00448074
12909.9 0.00444172
12921.9 0.00440522
12933.9 0.00436987
12945.9 0.00433524
12958 0.00430113
12970 0.00426745
12982 0.00423416
12994 0.00420141
13006 0.00416643
13018 0.00412662
13030 0.00408602
13042 0.00404475
13054.1 0.00400269
13066.1 0.00395855
13078.1 0.00391473
13090.1 0.00387207
13102.1 0.0038305
13114.1 0.00378263
13126.1 0.00373006
13138.1 0.00367665
13150.2 0.0036226
13162.2 0.00356795
13174.2 0.0035127
13186.2 0.00345671
13198.2 0.00339978
13210.2 0.0033409
13222.2 0.00329585
13234.2 0.0032529
13246.2 0.00321033
13258.3 0.00316772
13270.3 0.00312435
13282.3 0.00308023
13294.3 0.00303816
13306.3 0.00299707
13318.3 0.00295612
13330.3 0.00291108
13342.3 0.00286594
13354.4 0.00282085
13366.4 0.0027758
13378.4 0.00273075
13390.4 0.00268577
13402.4 0.00264081
13414.4 0.00259574
13426.4 0.00255243
13438.4 0.00251259
13450.5 0.00247307
13462.5 0.00243367
13474.5 0.00239415
13486.5 0.00235412
13498.5 0.0023152
13510.5 0.00227682
13522.5 0.00223878
13534.5 0.00220244
13546.5 0.00216735
13558.6 0.00213262
13570.6 0.00209817
13582.6 0.00206385
13594.6 0.00202978
13606.6 0.00199627
13618.6 0.00196315
13630.6 0.00193039
13642.6 0.00189662
13654.7 0.00186285
13666.7 0.00182922
13678.7 0.00179568
13690.7 0.00176198
13702.7 0.00172889
13714.7 0.00169623
13726.7 0.0016639
13738.7 0.00163171
13750.8 0.00159868
13762.8 0.00156577
13774.8 0.00153294
13786.8 0.00150005
13798.8 0.00146699
13810.8 0.00143501
13822.8 0.00140358
13834.8 0.0013726
13846.8 0.00134084
13858.9 0.00130723
13870.9 0.00127379
13882.9 0.00124056
13894.9 0.00120748
13906.9 0.00117467
13918.9 0.00114222
13930.9 0.00111003
13942.9 0.00107808
13955 0.00104648
13967 0.00101517
13979 0.000984022
13991 0.000952947
14003 0.00092168
14015 0.000891366
14027 0.000861617
14039 0.000832292
14051.1 0.000803347
14063.1 0.000774166
14075.1 0.000745208
14087.1 0.000716573
14099.1 0.000688292
14111.1 0.000660327
14123.1 0.000632364
14135.1 0.000604555
14147.1 0.000576906
14159.2 0.000550215
14171.2 0.000531351
14183.2 0.00051276
14195.2 0.00049434
14207.2 0.000475886
14219.2 0.000457983
14231.2 0.000440597
14243.2 0.000423545
14255.3 0.000406779
14267.3 0.00039052
14279.3 0.000374998
14291.3 0.000359703
14303.3 0.000344615
14315.3 0.000329711
14327.3 0.000315068
14339.3 0.000300639
14351.4 0.000286404
14363.4 0.000272351
14375.4 0.000258668
14387.4 0.00024528
14399.4 0.000232013
14411.4 0.000218796
14423.4 0.000205738
14435.4 0.000193205
14447.4 0.000180935
14459.5 0.000168881
14471.5 0.000157017
14483.5 0.000144987
14495.5 0.00013304
14507.5 0.00012122
14519.5 0.000109413
14531.5 9.80251e-05
14543.5 8.69477e-05
14555.6 7.60897e-05
14567.6 6.54216e-05
14579.6 5.48265e-05
14591.6 4.30075e-05
14603.6 3.13773e-05
14615.6 1.99172e-05
14627.6 8.6174e-06
14639.6 -2.51118e-06
14651.7 -1.34841e-05
14663.7 -2.43098e-05
14675.7 -3.49974e-05
14687.7 -4.57838e-05
14699.7 -5.69562e-05
14711.7 -6.80007e-05
14723.7 -7.89616e-05
14735.7 -8.97298e-05
14747.7 -0.000100136
14759.8 -0.000110329
14771.8 -0.000120324
14783.8 -0.000130118
14795.8 -0.000138381
14807.8 -0.000145384
14819.8 -0.000152259
14831.8 -0.000158958
14843.8 -0.000165653
14855.9 -0.000172273
14867.9 -0.000178782
14879.9 -0.000185157
14891.9 -0.000191337
14903.9 -0.000192418
14915.9 -0.000192196
14927.9 -0.000192048
14939.9 -0.000191945
14952 -0.000191501
14964 -0.000190936
14976 -0.000190284
14988 -0.000189553
15000 -0.000188742
15012 -0.000187405
15024 -0.00018602
15036 -0.000184571
15048 -0.000183099
15060.1 -0.000181639
15072.1 -0.000180155
15084.1 -0.00017864
15096.1 -0.000177091
15108.1 -0.000175264
15120.1 -0.000172724
15132.1 -0.00017021
15144.1 -0.00016776
15156.2 -0.000165129
15168.2 -0.000162423
15180.2 -0.000159677
15192.2 -0.000156905
15204.2 -0.000154118
15216.2 -0.000151659
15228.2 -0.000149512
15240.2 -0.000147354
15252.3 -0.000145187
15264.3 -0.000142894
15276.3 -0.000140558
15288.3 -0.0001382
15300.3 -0.00013584
15312.3 -0.00013352
15324.3 -0.000133759
15336.3 -0.000134828
15348.3 -0.000135829
15360.4 -0.000136715
15372.4 -0.000137454
15384.4 -0.000138109
15396.4 -0.000138694
15408.4 -0.000139218
15420.4 -0.000139688
15432.4 -0.000140207
15444.4 -0.000140692
15456.5 -0.000141177
15468.5 -0.000141451
15480.5 -0.000141609
15492.5 -0.000141677
15504.5 -0.000141659
15516.5 -0.000141548
15528.5 -0.000140907
15540.5 -0.000138563
15552.6 -0.000136196
15564.6 -0.000133794
15576.6 -0.000131483
15588.6 -0.000129174
15600.6 -0.000126854
15612.6 -0.000124515
15624.6 -0.00012215
15636.6 -0.000119204
15648.6 -0.000115569
15660.7 -0.000112002
15672.7 -0.000108345
15684.7 -0.000104536
15696.7 -0.00010067
15708.7 -9.67628e-05
15720.7 -9.28223e-05
15732.7 -8.88644e-05
15744.7 -8.62603e-05
15756.8 -8.42246e-05
15768.8 -8.20928e-05
15780.8 -7.99698e-05
15792.8 -7.78216e-05
15804.8 -7.56436e-05
15816.8 -7.34408e-05
15828.8 -7.12256e-05
15840.8 -6.90403e-05
15852.9 -7.05441e-05
15864.9 -7.23787e-05
15876.9 -7.41425e-05
15888.9 -7.55051e-05
15900.9 -7.6692e-05
15912.9 -7.77404e-05
15924.9 -7.86666e-05
15936.9 -7.9482e-05
15948.9 -8.0441e-05
15961 -8.2815e-05
15973 -8.50411e-05
15985 -8.71633e-05
15997 -8.91946e-05
16009 -9.11229e-05
16021 -9.29488e-05
16033 -9.46747e-05
16045 -9.6306e-05
16057.1 -9.90125e-05
16069.1 -0.000103537
16081.1 -0.000107972
16093.1 -0.000112148
16105.1 -0.000116149
16117.1 -0.000119997
16129.1 -0.000123698
16141.1 -0.000127253
16153.2 -0.000130662
16165.2 -0.000134436
16177.2 -0.000138381
16189.2 -0.000142178
16201.2 -0.000145929
16213.2 -0.000149563
16225.2 -0.000153067
16237.2 -0.00015643
16249.2 -0.000159641
16261.3 -0.000162675
16273.3 -0.000169227
16285.3 -0.000176359
16297.3 -0.000183394
16309.3 -0.000190329
16321.3 -0.00019713
16333.3 -0.000203786
16345.3 -0.000210285
16357.4 -0.000216605
16369.4 -0.000223062
16381.4 -0.000233951
16393.4 -0.000244747
16405.4 -0.000255494
16417.4 -0.00026614
16429.4 -0.00027667
16441.4 -0.000287077
16453.5 -0.000297352
16465.5 -0.000307482
16477.5 -0.000317669
16489.5 -0.000328203
16501.5 -0.000338656
16513.5 -0.000349312
16525.5 -0.000359957
16537.5 -0.00037056
16549.5 -0.000381114
16561.6 -0.000391618
16573.6 -0.000402084
16585.6 -0.00041171
16597.6 -0.000420492
16609.6 -0.000429207
16621.6 -0.000437854
16633.6 -0.000446419
16645.6 -0.000454899
16657.7 -0.000463295
16669.7 -0.000471608
16681.7 -0.000479858
16693.7 -0.000486644
16705.7 -0.000492721
16717.7 -0.000499178
16729.7 -0.000505665
16741.7 -0.000512114
16753.8 -0.000518497
16765.8 -0.00052479
16777.8 -0.000530959
16789.8 -0.000536929
16801.8 -0.000545325
16813.8 -0.0005538
16825.8 -0.000562216
16837.8 -0.000570566
16849.8 -0.000578825
16861.9 -0.000586961
16873.9 -0.000594919
16885.9 -0.000602583
16897.9 -0.000611183
16909.9 -0.000624854
16921.9 -0.000639428
16933.9 -0.00065447
16945.9 -0.000669803
16958 -0.00068538
16970 -0.000701189
16982 -0.000717234
16994 -0.000733554
17006 -0.000749484
17018 -0.000764657
17030 -0.000779987
17042 -0.000795512
17054.1 -0.00081127
17066.1 -0.000827307
17078.1 -0.000843687
17090.1 -0.000860527
17102.1 -0.000878162
17114.1 -0.000890507
17126.1 -0.000899704
17138.1 -0.000909092
17150.2 -0.000918545
17162.2 -0.000928126
17174.2 -0.0009379
17186.2 -0.00094795
17198.2 -0.000958421
17210.2 -0.00096986
17222.2 -0.000974824
17234.2 -0.000978828
17246.2 -0.000982637
17258.3 -0.000986382
17270.3 -0.000990146
17282.3 -0.000994005
17294.3 -0.000998053
17306.3 -0.00100247
17318.3 -0.00100672
17330.3 -0.00100503
17342.3 -0.00100278
17354.4 -0.00100018
17366.4 -0.00099735
17378.4 -0.000994326
17390.4 -0.000991141
17402.4 -0.000987814
17414.4 -0.000984367
17426.4 -0.000980665
17438.4 -0.000976636
17450.5 -0.000972525
17462.5 -0.000968261
17474.5 -0.000963823
17486.5 -0.000959179
17498.5 -0.000954274
17510.5 -0.000948994
17522.5 -0.000942989
17534.5 -0.000940245
17546.5 -0.000941093
17558.6 -0.000942553
17570.6 -0.000944439
17582.6 -0.000946693
17594.6 -0.000949308
17606.6 -0.000952317
17618.6 -0.000955814
17630.6 -0.000960199
17642.6 -0.000961237
17654.7 -0.000961368
17666.7 -0.000961404
17678.7 -0.000961471
17690.7 -0.000961651
17702.7 -0.000962028
17714.7 -0.000962718
17726.7 -0.000963955
17738.7 -0.000965846
17750.8 -0.000961271
17762.8 -0.00095559
17774.8 -0.000949398
17786.8 -0.000942858
17798.8 -0.000936056
17810.8 -0.000929054
17822.8 -0.000921912
17834.8 -0.000914731
17846.8 -0.000907138
17858.9 -0.000897928
17870.9 -0.000888279
17882.9 -0.000878291
17894.9 -0.000868002
17906.9 -0.000857428
17918.9 -0.00084658
17930.9 -0.000835465
17942.9 -0.000824097
17955 -0.000812263
17967 -0.000799877
17979 -0.000787159
17991 -0.000774107
18003 -0.000760708
18015 -0.00074694
18027 -0.000732765
18039 -0.000718117
18051.1 -0.000702789
18063.1 -0.000688456
18075.1 -0.000674538
18087.1 -0.000660407
18099.1 -0.000645958
18111.1 -0.000631106
18123.1 -0.000615752
18135.1 -0.000599745
18147.1 -0.000582786
18159.2 -0.000564092
18171.2 -0.000552717
18183.2 -0.000542688
18195.2 -0.000533147
18207.2 -0.000523846
18219.2 -0.000514648
18231.2 -0.000505442
18243.2 -0.000496108
18255.3 -0.000486421
18267.3 -0.000476842
18279.3 -0.000470958
18291.3 -0.000465796
18303.3 -0.000461067
18315.3 -0.000456676
18327.3 -0.000452584
18339.3 -0.000448786
18351.4 -0.000445316
18363.4 -0.00044232
18375.4 -0.000438676
18387.4 -0.000433346
18399.4 -0.000427773
18411.4 -0.000422077
18423.4 -0.000416305
18435.4 -0.000410479
18447.4 -0.000404619
18459.5 -0.000398745
18471.5 -0.000392895
18483.5 -0.000386654
18495.5 -0.000380113
18507.5 -0.000373459
18519.5 -0.000366711
18531.5 -0.000359876
18543.5 -0.000352954
18555.6 -0.000345947
18567.6 -0.000338849
18579.6 -0.000331641
18591.6 -0.000324402
18603.6 -0.000317087
18615.6 -0.000309684
18627.6 -0.000302185
18639.6 -0.000294585
18651.7 -0.000286878
18663.7 -0.000279056
18675.7 -0.000271118
18687.7 -0.00026301
18699.7 -0.000254674
18711.7 -0.000246151
18723.7 -0.000237425
18735.7 -0.000228467
18747.7 -0.000219232
18759.8 -0.000209653
18771.8 -0.0001996
18783.8 -0.00018874
18795.8 -0.000178792
18807.8 -0.000172863
18819.8 -0.000167601
18831.8 -0.000162687
18843.8 -0.000157989
18855.9 -0.000153417
18867.9 -0.000148889
18879.9 -0.000144291
18891.9 -0.000139275
18903.9 -0.000136256
18915.9 -0.000135448
18927.9 -0.000135286
18939.9 -0.000135631
18952 -0.000136447
18964 -0.000137741
18976 -0.000139574
18988 -0.00014211
19000 -0.000146189
