7000 -0.00688513
7012.01 -0.00689731
7024.02 -0.00690774
7036.04 -0.00691627
7048.05 -0.00692269
7060.06 -0.00692756
7072.07 -0.00693081
7084.08 -0.00693245
7096.1 -0.00693247
7108.11 -0.00693086
7120.12 -0.00692762
7132.13 -0.00692268
7144.14 -0.00691539
7156.16 -0.00690646
7168.17 -0.00689627
7180.18 -0.00688475
7192.19 -0.00687189
7204.2 -0.00685769
7216.22 -0.00684213
7228.23 -0.00682518
7240.24 -0.00680668
7252.25 -0.00678573
7264.26 -0.00676402
7276.28 -0.00674142
7288.29 -0.00671787
7300.3 -0.00669332
7312.31 -0.00666777
7324.32 -0.00664114
7336.34 -0.00661331
7348.35 -0.00658316
7360.36 -0.00655118
7372.37 -0.0065195
7384.38 -0.0064877
7396.4 -0.00645571
7408.41 -0.00642353
7420.42 -0.00639122
7432.43 -0.00635889
7444.44 -0.00632682
7456.46 -0.00629653
7468.47 -0.00626585
7480.48 -0.00622995
7492.49 -0.00618843
7504.5 -0.00614588
7516.52 -0.00610251
7528.53 -0.00605845
7540.54 -0.00601378
7552.55 -0.00596867
7564.56 -0.00592348
7576.58 -0.00587703
7588.59 -0.00583339
7600.6 -0.0057906
7612.61 -0.0057474
7624.62 -0.00570376
7636.64 -0.00565967
7648.65 -0.00561515
7660.66 -0.00557047
7672.67 -0.00552506
7684.68 -0.0054783
7696.7 -0.00544275
7708.71 -0.0054077
7720.72 -0.00537259
7732.73 -0.00533724
7744.74 -0.0053015
7756.76 -0.00526504
7768.77 -0.00522635
7780.78 -0.00518887
7792.79 -0.00515141
7804.8 -0.00511106
7816.82 -0.00507077
7828.83 -0.00503058
7840.84 -0.00499052
7852.85 -0.00495064
7864.86 -0.00491109
7876.88 -0.00487203
7888.89 -0.00483211
7900.9 -0.0047958
7912.91 -0.00476482
7924.92 -0.00473428
7936.94 -0.00470402
7948.95 -0.00467397
7960.96 -0.00464401
7972.97 -0.00461337
7984.98 -0.00458372
7997 -0.00455599
8009.01 -0.00451473
8021.02 -0.00446649
8033.03 -0.00441774
8045.05 -0.00436873
8057.06 -0.00431953
8069.07 -0.00427012
8081.08 -0.00422032
8093.09 -0.00417026
8105.11 -0.00411873
8117.12 -0.00409331
8129.13 -0.00407112
8141.14 -0.00405056
8153.15 -0.00403152
8165.17 -0.0040142
8177.18 -0.00399947
8189.19 -0.00398754
8201.2 -0.00397566
8213.21 -0.0039567
8225.23 -0.0038927
8237.24 -0.00382543
8249.25 -0.00375639
8261.26 -0.00368606
8273.27 -0.0036147
8285.29 -0.00354282
8297.3 -0.00346884
8309.31 -0.00339187
8321.32 -0.00333762
8333.33 -0.00332272
8345.35 -0.00331072
8357.36 -0.00330061
8369.37 -0.00329212
8381.38 -0.00328531
8393.39 -0.00328054
8405.41 -0.00327755
8417.42 -0.00327829
8429.43 -0.00322748
8441.44 -0.00314398
8453.45 -0.00305741
8465.47 -0.00296883
8477.48 -0.00287864
8489.49 -0.00278707
8501.5 -0.00269386
8513.51 -0.0025982
8525.53 -0.00249811
8537.54 -0.00246084
8549.55 -0.00243365
8561.56 -0.00240846
8573.57 -0.00238469
8585.59 -0.00236225
8597.6 -0.00234169
8609.61 -0.00232093
8621.62 -0.00230048
8633.63 -0.00227834
8645.65 -0.00223996
8657.66 -0.00220076
8669.67 -0.00216118
8681.68 -0.00212138
8693.69 -0.00208137
8705.71 -0.00204116
8717.72 -0.00200116
8729.73 -0.00196125
8741.74 -0.0019214
8753.75 -0.00188163
8765.77 -0.00184193
8777.78 -0.00180234
8789.79 -0.00176289
8801.8 -0.00172373
8813.81 -0.00168452
8825.83 -0.00164501
8837.84 -0.00160541
8849.85 -0.00156574
8861.86 -0.00152603
8873.87 -0.00148625
8885.89 -0.0014464
8897.9 -0.00140638
8909.91 -0.00136592
8921.92 -0.0013262
8933.93 -0.00128686
8945.95 -0.00124778
8957.96 -0.0012089
8969.97 -0.00117021
8981.98 -0.00113173
8993.99 -0.00109346
9006.01 -0.00105553
9018.02 -0.00101786
9030.03 -0.000979664
9042.04 -0.000941339
9054.05 -0.000902947
9066.07 -0.000864504
9078.08 -0.000826006
9090.09 -0.000787431
9102.1 -0.000748719
9114.11 -0.000709563
9126.13 -0.000670931
9138.14 -0.000632816
9150.15 -0.000594929
9162.16 -0.0005572
9174.17 -0.000519582
9186.19 -0.000482038
9198.2 -0.000444517
9210.21 -0.000406919
9222.22 -0.00036904
9234.23 -0.000332105
9246.25 -0.000295579
9258.26 -0.000259318
9270.27 -0.000223263
9282.28 -0.000187374
9294.29 -0.000151613
9306.31 -0.000115935
9318.32 -8.02389e-05
9330.33 -4.46637e-05
9342.34 -9.67565e-06
9354.35 2.50718e-05
9366.37 5.96504e-05
9378.38 9.41085e-05
9390.39 0.000128495
9402.4 0.000162877
9414.41 0.00019738
9426.43 0.000232558
9438.44 0.000266219
9450.45 0.000298965
9462.46 0.000331236
9474.47 0.000363155
9486.49 0.000394788
9498.5 0.000426186
9510.51 0.000457393
9522.52 0.000488465
9534.53 0.000519452
9546.55 0.000550009
9558.56 0.000580366
9570.57 0.000610597
9582.58 0.000640757
9594.59 0.000670911
9606.61 0.000701155
9618.62 0.000731659
9630.63 0.000762937
9642.64 0.00079334
9654.65 0.000820859
9666.67 0.000847473
9678.68 0.000873466
9690.69 0.000898971
9702.7 0.00092407
9714.71 0.000948819
9726.73 0.000973265
9738.74 0.000997445
9750.75 0.00102139
9762.76 0.00104513
9774.77 0.00106871
9786.79 0.00109215
9798.8 0.0011155
9810.81 0.00113882
9822.82 0.00116221
9834.83 0.00118589
9846.85 0.00120971
9858.86 0.00123104
9870.87 0.00125161
9882.88 0.00127168
9894.89 0.00129137
9906.91 0.00131071
9918.92 0.00132974
9930.93 0.00134844
9942.94 0.00136671
9954.95 0.00138519
9966.97 0.00140423
9978.98 0.00142337
9990.99 0.00144255
10003 0.00146178
10015 0.00148109
10027 0.00150054
10039 0.00152025
10051.1 0.00154071
10063.1 0.00155875
10075.1 0.00157592
10087.1 0.00159262
10099.1 0.00160891
10111.1 0.00162481
10123.1 0.00164029
10135.1 0.00165522
10147.1 0.00166924
10159.2 0.00168294
10171.2 0.00170055
10183.2 0.00171908
10195.2 0.0017381
10207.2 0.00175747
10219.2 0.00177708
10231.2 0.00179683
10243.2 0.0018166
10255.3 0.00183606
10267.3 0.0018566
10279.3 0.0018786
10291.3 0.00190108
10303.3 0.00192389
10315.3 0.00194689
10327.3 0.00196992
10339.3 0.00199276
10351.4 0.00201488
10363.4 0.00203481
10375.4 0.00206333
10387.4 0.00209493
10399.4 0.00212839
10411.4 0.00216335
10423.4 0.00219964
10435.4 0.00223714
10447.4 0.00227575
10459.5 0.00231529
10471.5 0.00235606
10483.5 0.00239938
10495.5 0.00244425
10507.5 0.00249052
10519.5 0.00253813
10531.5 0.00258703
10543.5 0.00263715
10555.6 0.00268832
10567.6 0.00273988
10579.6 0.00279575
10591.6 0.00285605
10603.6 0.00291899
10615.6 0.00298438
10627.6 0.0030522
10639.6 0.00312249
10651.7 0.00319534
10663.7 0.00327096
10675.7 0.0033496
10687.7 0.00342786
10699.7 0.0035081
10711.7 0.00359083
10723.7 0.00367643
10735.7 0.0037653
10747.7 0.00385804
10759.8 0.00395555
10771.8 0.0040596
10783.8 0.00417347
10795.8 0.00424943
10807.8 0.00424897
10819.8 0.0042378
10831.8 0.00421976
10843.8 0.00419611
10855.9 0.00416731
10867.9 0.00413336
10879.9 0.00409389
10891.9 0.0040383
10903.9 0.00401168
10915.9 0.00400587
10927.9 0.00400115
10939.9 0.00399609
10952 0.00398999
10964 0.00398239
10976 0.00397286
10988 0.00396003
11000 0.00393916
11012 0.00393741
11024 0.0039372
11036 0.00393629
11048 0.00393406
11060.1 0.00393013
11072.1 0.00392411
11084.1 0.00391557
11096.1 0.0039011
11108.1 0.00388375
11120.1 0.00388827
11132.1 0.00389374
11144.1 0.00389863
11156.2 0.00390236
11168.2 0.00390458
11180.2 0.00390495
11192.2 0.00390307
11204.2 0.00389676
11216.2 0.00389426
11228.2 0.00390366
11240.2 0.00391299
11252.3 0.00392147
11264.3 0.00392875
11276.3 0.00393457
11288.3 0.0039387
11300.3 0.00394013
11312.3 0.00393738
11324.3 0.00394245
11336.3 0.00395413
11348.3 0.0039657
11360.4 0.00397675
11372.4 0.00398711
11384.4 0.0039967
11396.4 0.00400555
11408.4 0.00401392
11420.4 0.00402212
11432.4 0.00402424
11444.4 0.00402397
11456.5 0.00402226
11468.5 0.00401922
11480.5 0.0040149
11492.5 0.00400926
11504.5 0.00400229
11516.5 0.00399443
11528.5 0.00398547
11540.5 0.00398816
11552.6 0.0039917
11564.6 0.00399536
11576.6 0.00399897
11588.6 0.0040025
11600.6 0.004006
11612.6 0.00401056
11624.6 0.00401612
11636.6 0.00402177
11648.6 0.00402866
11660.7 0.00403567
11672.7 0.00404282
11684.7 0.00405019
11696.7 0.00405792
11708.7 0.00406624
11720.7 0.00407653
11732.7 0.0040883
11744.7 0.00409363
11756.8 0.00409167
11768.8 0.00408873
11780.8 0.00408527
11792.8 0.00408157
11804.8 0.00407786
11816.8 0.00407467
11828.8 0.00407331
11840.8 0.00407188
11852.9 0.00406794
11864.9 0.00406304
11876.9 0.00405799
11888.9 0.00405295
11900.9 0.00404806
11912.9 0.0040435
11924.9 0.00404005
11936.9 0.00403739
11948.9 0.00403517
11961 0.00402817
11973 0.00402067
11985 0.00401313
11997 0.00400577
12009 0.00399874
12021 0.00399235
12033 0.00398775
12045 0.00398361
12057.1 0.00397885
12069.1 0.00397008
12081.1 0.00396111
12093.1 0.00395233
12105.1 0.00394398
12117.1 0.00393631
12129.1 0.00392982
12141.1 0.00392507
12153.2 0.00392299
12165.2 0.00390961
12177.2 0.00387874
12189.2 0.00384519
12201.2 0.00380997
12213.2 0.00377351
12225.2 0.0037361
12237.2 0.00369859
12249.2 0.00365952
12261.3 0.00361759
12273.3 0.00358653
12285.3 0.00356141
12297.3 0.00353744
12309.3 0.00351432
12321.3 0.00349204
12333.3 0.00347085
12345.3 0.00345161
12357.4 0.00343326
12369.4 0.00341727
12381.4 0.00338124
12393.4 0.00334177
12405.4 0.0033006
12417.4 0.00325816
12429.4 0.00321467
12441.4 0.00317066
12453.5 0.00312542
12465.5 0.00307765
12477.5 0.00303094
12489.5 0.00300121
12501.5 0.00297363
12513.5 0.00294723
12525.5 0.00292176
12537.5 0.00289726
12549.5 0.00287435
12561.6 0.00285207
12573.6 0.00283119
12585.6 0.00280417
12597.6 0.00276545
12609.6 0.00272481
12621.6 0.00268287
12633.6 0.00263987
12645.6 0.00259594
12657.7 0.00255116
12669.7 0.0025046
12681.7 0.00245535
12693.7 0.00241757
12705.7 0.0023875
12717.7 0.00235875
12729.7 0.00233091
12741.7 0.00230391
12753.8 0.00227841
12765.8 0.00225329
12777.8 0.00222831
12789.8 0.0022049
12801.8 0.00216871
12813.8 0.00213005
12825.8 0.00209006
12837.8 0.00204896
12849.8 0.00200676
12861.9 0.00196326
12873.9 0.0019187
12885.9 0.00187245
12897.9 0.00182721
12909.9 0.00179988
12921.9 0.00177473
12933.9 0.0017507
12945.9 0.00172745
12958 0.00170485
12970 0.00168284
12982 0.00166148
12994 0.00164102
13006 0.00161755
13018 0.00158747
13030 0.00155653
13042 0.001525
13054.1 0.00149287
13066.1 0.00145943
13078.1 0.00142665
13090.1 0.00139466
13102.1 0.00136344
13114.1 0.00132789
13126.1 0.00128912
13138.1 0.00124982
13150.2 0.00121013
13162.2 0.00117012
13174.2 0.00112979
13186.2 0.0010891
13198.2 0.00104799
13210.2 0.00100614
13222.2 0.000968633
13234.2 0.000931686
13246.2 0.000894725
13258.3 0.00085757
13270.3 0.000819797
13282.3 0.000782009
13294.3 0.000745574
13306.3 0.000709799
13318.3 0.000673785
13330.3 0.000632422
13342.3 0.000590649
13354.4 0.00054868
13366.4 0.000506557
13378.4 0.000464265
13390.4 0.000421862
13402.4 0.000379278
13414.4 0.000336356
13426.4 0.000295851
13438.4 0.000260279
13450.5 0.000225089
13462.5 0.000190054
13474.5 0.000154995
13486.5 0.000119846
13498.5 8.54982e-05
13510.5 5.14253e-05
13522.5 1.73986e-05
13534.5 -1.31685e-05
13546.5 -4.12864e-05
13558.6 -6.90045e-05
13570.6 -9.64427e-05
13582.6 -0.000123718
13594.6 -0.000150678
13606.6 -0.000177287
13618.6 -0.000203716
13630.6 -0.000230163
13642.6 -0.000251651
13654.7 -0.000272042
13666.7 -0.000292076
13678.7 -0.000311845
13690.7 -0.00033146
13702.7 -0.000350468
13714.7 -0.000369085
13726.7 -0.000387356
13738.7 -0.000405726
13750.8 -0.000426991
13762.8 -0.000448233
13774.8 -0.000469405
13786.8 -0.000490563
13798.8 -0.000511561
13810.8 -0.000531854
13822.8 -0.000551822
13834.8 -0.000571517
13846.8 -0.000591398
13858.9 -0.000611862
13870.9 -0.000632166
13882.9 -0.00065231
13894.9 -0.00067232
13906.9 -0.000692074
13918.9 -0.000711597
13930.9 -0.000730926
13942.9 -0.000750061
13955 -0.00077012
13967 -0.000790789
13979 -0.000811364
13991 -0.000831867
14003 -0.000852315
14015 -0.0008721
14027 -0.000891593
14039 -0.000910854
14051.1 -0.0009299
14063.1 -0.000949239
14075.1 -0.00096848
14087.1 -0.00098754
14099.1 -0.00100641
14111.1 -0.00102517
14123.1 -0.00104391
14135.1 -0.00106253
14147.1 -0.00108105
14159.2 -0.00109888
14171.2 -0.00111114
14183.2 -0.00112319
14195.2 -0.00113509
14207.2 -0.00114692
14219.2 -0.00115825
14231.2 -0.00116932
14243.2 -0.00118022
14255.3 -0.00119094
14267.3 -0.00120034
14279.3 -0.00120723
14291.3 -0.00121396
14303.3 -0.00122056
14315.3 -0.00122702
14327.3 -0.00123332
14339.3 -0.00123949
14351.4 -0.00124554
14363.4 -0.00125147
14375.4 -0.00125686
14387.4 -0.00126186
14399.4 -0.00126675
14411.4 -0.00127156
14423.4 -0.00127612
14435.4 -0.00128043
14447.4 -0.0012846
14459.5 -0.00128866
14471.5 -0.00129258
14483.5 -0.00129321
14495.5 -0.00129306
14507.5 -0.00129286
14519.5 -0.0012926
14531.5 -0.00129208
14543.5 -0.00129146
14555.6 -0.00129077
14567.6 -0.00129001
14579.6 -0.00128907
14591.6 -0.00128661
14603.6 -0.00128411
14615.6 -0.00128159
14627.6 -0.00127903
14639.6 -0.00127643
14651.7 -0.0012738
14663.7 -0.00127116
14675.7 -0.00126852
14687.7 -0.00126725
14699.7 -0.00126899
14711.7 -0.00127063
14723.7 -0.00127217
14735.7 -0.00127351
14747.7 -0.00127471
14759.8 -0.00127581
14771.8 -0.00127678
14783.8 -0.00127759
14795.8 -0.00127364
14807.8 -0.00126587
14819.8 -0.00125818
14831.8 -0.00125055
14843.8 -0.00124301
14855.9 -0.0012355
14867.9 -0.001228
14879.9 -0.00122052
14891.9 -0.00121305
14903.9 -0.00120573
14915.9 -0.00119845
14927.9 -0.00119116
14939.9 -0.00118378
14952 -0.0011763
14964 -0.00116883
14976 -0.00116134
14988 -0.00115384
15000 -0.00114626
15012 -0.00113579
15024 -0.00112542
15036 -0.00111513
15048 -0.00110491
15060.1 -0.00109474
15072.1 -0.0010846
15084.1 -0.0010745
15096.1 -0.00106444
15108.1 -0.00105456
15120.1 -0.00104511
15132.1 -0.00103568
15144.1 -0.00102624
15156.2 -0.00101673
15168.2 -0.00100725
15180.2 -0.000997783
15192.2 -0.000988327
15204.2 -0.000978867
15216.2 -0.000968479
15228.2 -0.000957228
15240.2 -0.000946045
15252.3 -0.000934884
15264.3 -0.00092375
15276.3 -0.000912672
15288.3 -0.000901652
15300.3 -0.000890697
15312.3 -0.000879842
15324.3 -0.000871454
15336.3 -0.000863893
15348.3 -0.000856294
15360.4 -0.000848633
15372.4 -0.00084096
15384.4 -0.000833289
15396.4 -0.000825629
15408.4 -0.000817991
15420.4 -0.000810431
15432.4 -0.000805886
15444.4 -0.000801374
15456.5 -0.00079678
15468.5 -0.000792069
15480.5 -0.000787314
15492.5 -0.000782517
15504.5 -0.000777682
15516.5 -0.000772812
15528.5 -0.000768035
15540.5 -0.000763694
15552.6 -0.000759294
15564.6 -0.000754875
15576.6 -0.000750438
15588.6 -0.000745953
15600.6 -0.00074142
15612.6 -0.000736839
15624.6 -0.000732211
15636.6 -0.000727603
15648.6 -0.00072303
15660.7 -0.000718408
15672.7 -0.000713645
15684.7 -0.000708813
15696.7 -0.00070393
15708.7 -0.000699001
15720.7 -0.000694032
15732.7 -0.000689044
15744.7 -0.000686226
15756.8 -0.000684328
15768.8 -0.000682317
15780.8 -0.000680238
15792.8 -0.000678069
15804.8 -0.000675817
15816.8 -0.00067349
15828.8 -0.000671102
15840.8 -0.000668707
15852.9 -0.000671732
15864.9 -0.000675129
15876.9 -0.000678272
15888.9 -0.000681145
15900.9 -0.000683859
15912.9 -0.000686423
15924.9 -0.000688846
15936.9 -0.000691134
15948.9 -0.000693598
15961 -0.000697806
15973 -0.000701836
15985 -0.000705725
15997 -0.000709466
16009 -0.000713059
16021 -0.000716505
16033 -0.000719808
16045 -0.000722973
16057.1 -0.000727705
16069.1 -0.000735079
16081.1 -0.000742256
16093.1 -0.000749182
16105.1 -0.000755924
16117.1 -0.000762491
16129.1 -0.000768886
16141.1 -0.000775107
16153.2 -0.000781154
16165.2 -0.000790068
16177.2 -0.000800783
16189.2 -0.000811351
16201.2 -0.00082179
16213.2 -0.000832066
16225.2 -0.00084218
16237.2 -0.000852132
16249.2 -0.000861922
16261.3 -0.000871545
16273.3 -0.000882041
16285.3 -0.000892588
16297.3 -0.000903036
16309.3 -0.00091335
16321.3 -0.00092352
16333.3 -0.000933548
16345.3 -0.000943431
16357.4 -0.000953164
16369.4 -0.000962868
16381.4 -0.000974153
16393.4 -0.000985342
16405.4 -0.000996458
16417.4 -0.00100747
16429.4 -0.00101836
16441.4 -0.00102915
16453.5 -0.00103984
16465.5 -0.00105043
16477.5 -0.00106058
16489.5 -0.00106975
16501.5 -0.00107893
16513.5 -0.00108814
16525.5 -0.00109726
16537.5 -0.00110627
16549.5 -0.00111518
16561.6 -0.00112397
16573.6 -0.00113263
16585.6 -0.00114207
16597.6 -0.00115226
16609.6 -0.00116244
16621.6 -0.00117256
16633.6 -0.00118259
16645.6 -0.00119253
16657.7 -0.00120235
16669.7 -0.00121203
16681.7 -0.00122144
16693.7 -0.00123467
16705.7 -0.00124943
16717.7 -0.00126465
16729.7 -0.00127997
16741.7 -0.00129535
16753.8 -0.00131078
16765.8 -0.00132625
16777.8 -0.00134175
16789.8 -0.00135722
16801.8 -0.0013749
16813.8 -0.00139282
16825.8 -0.00141091
16837.8 -0.00142919
16849.8 -0.00144769
16861.9 -0.00146645
16873.9 -0.00148553
16885.9 -0.00150507
16897.9 -0.0015235
16909.9 -0.00153543
16921.9 -0.00154768
16933.9 -0.0015599
16945.9 -0.00157216
16958 -0.00158454
16970 -0.00159707
16982 -0.00160984
16994 -0.00162297
17006 -0.00163436
17018 -0.00164279
17030 -0.00165112
17042 -0.00165947
17054.1 -0.0016679
17066.1 -0.00167645
17078.1 -0.0016852
17090.1 -0.00169423
17102.1 -0.00170375
17114.1 -0.00171024
17126.1 -0.00171523
17138.1 -0.00172019
17150.2 -0.0017251
17162.2 -0.00173002
17174.2 -0.001735
17186.2 -0.00174009
17198.2 -0.00174533
17210.2 -0.00175097
17222.2 -0.00175421
17234.2 -0.00175716
17246.2 -0.00176005
17258.3 -0.00176293
17270.3 -0.00176585
17282.3 -0.00176881
17294.3 -0.00177185
17306.3 -0.00177499
17318.3 -0.00177821
17330.3 -0.00178104
17342.3 -0.00178398
17354.4 -0.00178695
17366.4 -0.00178998
17378.4 -0.00179309
17390.4 -0.00179628
17402.4 -0.00179952
17414.4 -0.00180277
17426.4 -0.00180679
17438.4 -0.00181297
17450.5 -0.00181962
17462.5 -0.00182668
17474.5 -0.00183416
17486.5 -0.00184214
17498.5 -0.0018507
17510.5 -0.00186003
17522.5 -0.00187069
17534.5 -0.00187683
17546.5 -0.00187812
17558.6 -0.00187889
17570.6 -0.00187946
17582.6 -0.00188002
17594.6 -0.00188069
17606.6 -0.00188165
17618.6 -0.00188315
17630.6 -0.00188608
17642.6 -0.0018819
17654.7 -0.001875
17666.7 -0.00186724
17678.7 -0.0018589
17690.7 -0.00185009
17702.7 -0.00184089
17714.7 -0.00183135
17726.7 -0.00182153
17738.7 -0.00181143
17750.8 -0.00179921
17762.8 -0.00178646
17774.8 -0.00177326
17786.8 -0.00175963
17798.8 -0.00174554
17810.8 -0.00173094
17822.8 -0.00171574
17834.8 -0.00169973
17846.8 -0.00168406
17858.9 -0.00167232
17870.9 -0.00166083
17882.9 -0.00164929
17894.9 -0.0016376
17906.9 -0.00162565
17918.9 -0.00161333
17930.9 -0.00160049
17942.9 -0.00158669
17955 -0.00157462
17967 -0.0015663
17979 -0.00155862
17991 -0.00155129
18003 -0.00154418
18015 -0.00153725
18027 -0.00153045
18039 -0.00152376
18051.1 -0.00151718
18063.1 -0.0015106
18075.1 -0.001504
18087.1 -0.00149743
18099.1 -0.0014909
18111.1 -0.00148444
18123.1 -0.00147806
18135.1 -0.00147182
18147.1 -0.00146585
18159.2 -0.00146031
18171.2 -0.00145003
18183.2 -0.00143888
18195.2 -0.00142724
18207.2 -0.00141522
18219.2 -0.00140285
18231.2 -0.00139016
18243.2 -0.00137713
18255.3 -0.00136376
18267.3 -0.00135001
18279.3 -0.00133616
18291.3 -0.00132205
18303.3 -0.00130761
18315.3 -0.00129284
18327.3 -0.00127768
18339.3 -0.00126209
18351.4 -0.00124597
18363.4 -0.00122906
18375.4 -0.0012122
18387.4 -0.00119699
18399.4 -0.00118183
18411.4 -0.00116657
18423.4 -0.0011511
18435.4 -0.00113534
18447.4 -0.00111921
18459.5 -0.00110256
18471.5 -0.00108492
18483.5 -0.00106903
18495.5 -0.00105467
18507.5 -0.00104048
18519.5 -0.00102626
18531.5 -0.00101193
18543.5 -0.000997389
18555.6 -0.000982538
18567.6 -0.000967198
18579.6 -0.000950764
18591.6 -0.000937975
18603.6 -0.000925937
18615.6 -0.000914118
18627.6 -0.000902359
18639.6 -0.000890558
18651.7 -0.000878619
18663.7 -0.000866412
18675.7 -0.000853662
18687.7 -0.000840586
18699.7 -0.000831898
18711.7 -0.000824086
18723.7 -0.000816766
18735.7 -0.000809814
18747.7 -0.00080318
18759.8 -0.000796849
18771.8 -0.000790854
18783.8 -0.000785312
18795.8 -0.000779242
18807.8 -0.0007708
18819.8 -0.000761938
18831.8 -0.000752809
18843.8 -0.000743449
18855.9 -0.000733857
18867.9 -0.000723994
18879.9 -0.000713746
18891.9 -0.000702693
18903.9 -0.000693345
18915.9 -0.000685802
18927.9 -0.000678694
18939.9 -0.000671895
18952 -0.000665368
18964 -0.000659121
18976 -0.000653207
18988 -0.00064777
19000 -0.000643592
