7000 -0.00778632
7012.01 -0.00779115
7024.02 -0.00779471
7036.04 -0.00779684
7048.05 -0.00779732
7060.06 -0.00779677
7072.07 -0.00779513
7084.08 -0.00779238
7096.1 -0.00778851
7108.11 -0.00778352
7120.12 -0.00777738
7132.13 -0.00777001
7144.14 -0.00776069
7156.16 -0.00775021
7168.17 -0.00773897
7180.18 -0.00772688
7192.19 -0.00771391
7204.2 -0.00770005
7216.22 -0.00768526
7228.23 -0.00766948
7240.24 -0.00765252
7252.25 -0.00763336
7264.26 -0.00761386
7276.28 -0.00759386
7288.29 -0.00757327
7300.3 -0.00755202
7312.31 -0.00753008
7324.32 -0.00750737
7336.34 -0.0074837
7348.35 -0.00745782
7360.36 -0.00743019
7372.37 -0.00740322
7384.38 -0.0073764
7396.4 -0.00734966
7408.41 -0.00732297
7420.42 -0.0072964
7432.43 -0.00727007
7444.44 -0.00724428
7456.46 -0.00722079
7468.47 -0.00719735
7480.48 -0.00716523
7492.49 -0.0071235
7504.5 -0.00708038
7516.52 -0.0070362
7528.53 -0.00699111
7540.54 -0.00694521
7552.55 -0.00689864
7564.56 -0.00685179
7576.58 -0.00680316
7588.59 -0.00676117
7600.6 -0.00672155
7612.61 -0.00668155
7624.62 -0.00664106
7636.64 -0.00660003
7648.65 -0.00655843
7660.66 -0.00651654
7672.67 -0.00647373
7684.68 -0.00642919
7696.7 -0.0063994
7708.71 -0.00637026
7720.72 -0.00634101
7732.73 -0.00631143
7744.74 -0.00628131
7756.76 -0.00625028
7768.77 -0.00621655
7780.78 -0.00618386
7792.79 -0.00615123
7804.8 -0.00611608
7816.82 -0.00608089
7828.83 -0.00604569
7840.84 -0.00601051
7852.85 -0.00597536
7864.86 -0.00594045
7876.88 -0.00590602
7888.89 -0.00587055
7900.9 -0.00583797
7912.91 -0.00580976
7924.92 -0.00578171
7936.94 -0.00575368
7948.95 -0.00572558
7960.96 -0.00569728
7972.97 -0.00566786
7984.98 -0.00563904
7997 -0.00561175
8009.01 -0.00557453
8021.02 -0.00553217
8033.03 -0.00548942
8045.05 -0.00544645
8057.06 -0.00540332
8069.07 -0.00536001
8081.08 -0.00531636
8093.09 -0.00527266
8105.11 -0.00522821
8117.12 -0.0051988
8129.13 -0.00517137
8141.14 -0.00514505
8153.15 -0.00511985
8165.17 -0.00509602
8177.18 -0.00507452
8189.19 -0.00505577
8201.2 -0.00503608
8213.21 -0.00501127
8225.23 -0.00495595
8237.24 -0.00489827
8249.25 -0.00483933
8261.26 -0.00477949
8273.27 -0.00471902
8285.29 -0.00465864
8297.3 -0.0045968
8309.31 -0.00453305
8321.32 -0.00447959
8333.33 -0.00444424
8345.35 -0.00441004
8357.36 -0.00437653
8369.37 -0.00434366
8381.38 -0.00431153
8393.39 -0.00428045
8405.41 -0.00424981
8417.42 -0.00422064
8429.43 -0.00416819
8441.44 -0.00410097
8453.45 -0.00403231
8465.47 -0.00396274
8477.48 -0.00389249
8489.49 -0.00382181
8501.5 -0.00375059
8513.51 -0.00367831
8525.53 -0.00360478
8537.54 -0.00354392
8549.55 -0.00348493
8561.56 -0.00342618
8573.57 -0.00336762
8585.59 -0.00330939
8597.6 -0.00325226
8609.61 -0.00319376
8621.62 -0.0031341
8633.63 -0.00307543
8645.65 -0.00302984
8657.66 -0.00298478
8669.67 -0.00293988
8681.68 -0.00289505
8693.69 -0.0028502
8705.71 -0.00280523
8717.72 -0.00276061
8729.73 -0.00271615
8741.74 -0.00267183
8753.75 -0.00262763
8765.77 -0.00258355
8777.78 -0.0025396
8789.79 -0.00249582
8801.8 -0.00245241
8813.81 -0.00240897
8825.83 -0.00236519
8837.84 -0.0023213
8849.85 -0.00227733
8861.86 -0.0022333
8873.87 -0.0021892
8885.89 -0.002145
8897.9 -0.00210061
8909.91 -0.00205567
8921.92 -0.00201154
8933.93 -0.00196785
8945.95 -0.00192445
8957.96 -0.00188129
8969.97 -0.00183835
8981.98 -0.00179565
8993.99 -0.00175321
9006.01 -0.00171114
9018.02 -0.00166944
9030.03 -0.00162715
9042.04 -0.00158471
9054.05 -0.0015422
9066.07 -0.00149964
9078.08 -0.00145701
9090.09 -0.00141431
9102.1 -0.00137145
9114.11 -0.00132809
9126.13 -0.00128525
9138.14 -0.00124303
9150.15 -0.0012011
9162.16 -0.00115936
9174.17 -0.00111777
9186.19 -0.00107629
9198.2 -0.00103484
9210.21 -0.000993331
9222.22 -0.000951474
9234.23 -0.000910682
9246.25 -0.000870393
9258.26 -0.00083044
9270.27 -0.000790755
9282.28 -0.000751292
9294.29 -0.000712008
9306.31 -0.000672852
9318.32 -0.000633706
9330.33 -0.000594688
9342.34 -0.000556376
9354.35 -0.000518382
9366.37 -0.000480625
9378.38 -0.000443048
9390.39 -0.000405594
9402.4 -0.000368188
9414.41 -0.000330683
9426.43 -0.000292412
9438.44 -0.00025577
9450.45 -0.000220254
9462.46 -0.000185347
9474.47 -0.000150906
9486.49 -0.000116855
9498.5 -8.31365e-05
9510.51 -4.9699e-05
9522.52 -1.64773e-05
9534.53 1.66004e-05
9546.55 4.91331e-05
9558.56 8.13671e-05
9570.57 0.000113386
9582.58 0.000145254
9594.59 0.000177047
9606.61 0.000208876
9618.62 0.00024094
9630.63 0.000273849
9642.64 0.000306035
9654.65 0.000334852
9666.67 0.000362516
9678.68 0.000389362
9690.69 0.000415545
9702.7 0.000441159
9714.71 0.000466269
9726.73 0.000490927
9738.74 0.000515175
9750.75 0.000539046
9762.76 0.000562578
9774.77 0.000585808
9786.79 0.000608775
9798.8 0.000631527
9810.81 0.000654131
9822.82 0.000676697
9834.83 0.000699489
9846.85 0.000722534
9858.86 0.000742727
9870.87 0.000761891
9882.88 0.000780338
9894.89 0.000798188
9906.91 0.000815497
9918.92 0.000832292
9930.93 0.000848558
9942.94 0.000864161
9954.95 0.000879709
9966.97 0.000895742
9978.98 0.000911718
9990.99 0.000927587
10003 0.000943346
10015 0.000959022
10027 0.000974676
10039 0.000990466
10051.1 0.00100703
10063.1 0.00102094
10075.1 0.00103364
10087.1 0.00104555
10099.1 0.00105679
10111.1 0.00106736
10123.1 0.00107721
10135.1 0.00108618
10147.1 0.00109385
10159.2 0.00110044
10171.2 0.00111091
10183.2 0.0011222
10195.2 0.00113382
10207.2 0.00114556
10219.2 0.0011573
10231.2 0.00116892
10243.2 0.00118026
10255.3 0.00119092
10267.3 0.00120214
10279.3 0.00121465
10291.3 0.00122739
10303.3 0.00124015
10315.3 0.00125277
10327.3 0.00126504
10339.3 0.00127669
10351.4 0.00128708
10363.4 0.00129406
10375.4 0.00130892
10387.4 0.00132689
10399.4 0.00134654
10411.4 0.00136742
10423.4 0.00138931
10435.4 0.00141205
10447.4 0.0014355
10459.5 0.00145945
10471.5 0.00148398
10483.5 0.00151066
10495.5 0.00153848
10507.5 0.00156727
10519.5 0.00159693
10531.5 0.00162738
10543.5 0.00165849
10555.6 0.00169004
10567.6 0.00172119
10579.6 0.00175521
10591.6 0.00179345
10603.6 0.00183388
10615.6 0.00187627
10627.6 0.00192056
10639.6 0.00196676
10651.7 0.00201497
10663.7 0.0020654
10675.7 0.00211864
10687.7 0.00217102
10699.7 0.00222439
10711.7 0.00227929
10723.7 0.00233601
10735.7 0.00239481
10747.7 0.00245605
10759.8 0.00252024
10771.8 0.0025884
10783.8 0.00266201
10795.8 0.00271763
10807.8 0.00273826
10819.8 0.00275452
10831.8 0.00276834
10843.8 0.00278044
10855.9 0.00279122
10867.9 0.00280102
10879.9 0.0028108
10891.9 0.00281235
10903.9 0.00282078
10915.9 0.00283547
10927.9 0.00285002
10939.9 0.0028641
10952 0.00287759
10964 0.00289041
10976 0.00290258
10988 0.00291379
11000 0.00291879
11012 0.00293522
11024 0.00295264
11036 0.00296983
11048 0.00298651
11060.1 0.00300255
11072.1 0.00301785
11084.1 0.00303243
11096.1 0.00304388
11108.1 0.00305193
11120.1 0.00307369
11132.1 0.00309607
11144.1 0.0031182
11156.2 0.0031398
11168.2 0.00316069
11180.2 0.00318073
11192.2 0.00319985
11204.2 0.00321599
11216.2 0.00323425
11228.2 0.00325993
11240.2 0.00328566
11252.3 0.00331099
11264.3 0.00333574
11276.3 0.00335977
11288.3 0.00338301
11300.3 0.00340496
11312.3 0.00342345
11324.3 0.00344595
11336.3 0.00347188
11348.3 0.00349756
11360.4 0.00352276
11372.4 0.00354738
11384.4 0.00357139
11396.4 0.00359479
11408.4 0.00361787
11420.4 0.00364108
11432.4 0.00365815
11444.4 0.00367294
11456.5 0.00368643
11468.5 0.00369872
11480.5 0.00370982
11492.5 0.00371972
11504.5 0.00372829
11516.5 0.0037363
11528.5 0.00374342
11540.5 0.00375747
11552.6 0.00377168
11564.6 0.00378557
11576.6 0.00379901
11588.6 0.00381193
11600.6 0.0038243
11612.6 0.00383693
11624.6 0.00385089
11636.6 0.00386463
11648.6 0.00387852
11660.7 0.00389209
11672.7 0.00390533
11684.7 0.00391829
11696.7 0.00393103
11708.7 0.00394366
11720.7 0.00395749
11732.7 0.00397242
11744.7 0.00398181
11756.8 0.00398494
11768.8 0.00398678
11780.8 0.00398767
11792.8 0.00398778
11804.8 0.00398722
11816.8 0.00398625
11828.8 0.00398665
11840.8 0.00398631
11852.9 0.00398596
11864.9 0.00398533
11876.9 0.00398432
11888.9 0.00398295
11900.9 0.00398128
11912.9 0.00397939
11924.9 0.00397787
11936.9 0.0039768
11948.9 0.0039756
11961 0.00397139
11973 0.00396652
11985 0.00396124
11997 0.00395566
12009 0.00394987
12021 0.00394403
12033 0.00393925
12045 0.00393445
12057.1 0.0039293
12069.1 0.00392326
12081.1 0.00391706
12093.1 0.00391086
12105.1 0.00390478
12117.1 0.003899
12129.1 0.00389386
12141.1 0.00389001
12153.2 0.00388814
12165.2 0.00387626
12177.2 0.00384905
12189.2 0.00381914
12201.2 0.00378737
12213.2 0.00375405
12225.2 0.00371933
12237.2 0.00368386
12249.2 0.00364656
12261.3 0.00360547
12273.3 0.00357967
12285.3 0.00356217
12297.3 0.00354613
12309.3 0.00353103
12321.3 0.00351673
12333.3 0.00350332
12345.3 0.00349161
12357.4 0.0034807
12369.4 0.0034715
12381.4 0.0034485
12393.4 0.00342315
12405.4 0.00339663
12417.4 0.00336924
12429.4 0.00334109
12441.4 0.00331256
12453.5 0.0032834
12465.5 0.00325227
12477.5 0.00322234
12489.5 0.00320795
12501.5 0.00319573
12513.5 0.00318481
12525.5 0.00317497
12537.5 0.00316625
12549.5 0.00315929
12561.6 0.00315359
12573.6 0.0031499
12585.6 0.00313909
12597.6 0.00311451
12609.6 0.00308791
12621.6 0.00306007
12633.6 0.00303129
12645.6 0.00300178
12657.7 0.00297178
12669.7 0.00294062
12681.7 0.00290787
12693.7 0.00288126
12705.7 0.00285881
12717.7 0.00283709
12729.7 0.00281591
12741.7 0.00279535
12753.8 0.00277607
12765.8 0.00275758
12777.8 0.00273963
12789.8 0.00272426
12801.8 0.00268856
12813.8 0.00264898
12825.8 0.00260738
12837.8 0.00256415
12849.8 0.00251938
12861.9 0.0024729
12873.9 0.00242488
12885.9 0.00237473
12897.9 0.00232543
12909.9 0.00229566
12921.9 0.00226809
12933.9 0.00224154
12945.9 0.00221567
12958 0.00219033
12970 0.00216549
12982 0.0021412
12994 0.00211782
13006 0.00209061
13018 0.00205524
13030 0.00201867
13042 0.00198124
13054.1 0.00194296
13066.1 0.00190319
13078.1 0.00186345
13090.1 0.0018241
13102.1 0.00178499
13114.1 0.00174339
13126.1 0.00169988
13138.1 0.00165586
13150.2 0.0016114
13162.2 0.00156651
13174.2 0.00152115
13186.2 0.00147523
13198.2 0.00142859
13210.2 0.0013805
13222.2 0.00134243
13234.2 0.00130586
13246.2 0.00126953
13258.3 0.00123317
13270.3 0.00119632
13282.3 0.00115921
13294.3 0.00112311
13306.3 0.00108728
13318.3 0.00105212
13330.3 0.0010214
13342.3 0.000991258
13354.4 0.000961468
13366.4 0.000931923
13378.4 0.000902528
13390.4 0.000873265
13402.4 0.000844021
13414.4 0.000814557
13426.4 0.000788851
13438.4 0.000770544
13450.5 0.000753057
13462.5 0.000736086
13474.5 0.000719442
13486.5 0.000702967
13498.5 0.000687475
13510.5 0.000672655
13522.5 0.000658573
13534.5 0.000640441
13546.5 0.000619557
13558.6 0.000598651
13570.6 0.00057781
13582.6 0.000557017
13594.6 0.000536417
13606.6 0.000516166
13618.6 0.000496209
13630.6 0.000476699
13642.6 0.000452444
13654.7 0.00042741
13666.7 0.000402322
13678.7 0.000377208
13690.7 0.000351991
13702.7 0.000327121
13714.7 0.000302477
13726.7 0.000278032
13738.7 0.000253414
13750.8 0.000226224
13762.8 0.000198981
13774.8 0.000171728
13786.8 0.000144411
13798.8 0.000117086
13810.8 9.03662e-05
13822.8 6.39287e-05
13834.8 3.77309e-05
13846.8 1.10951e-05
13858.9 -1.65599e-05
13870.9 -4.41075e-05
13882.9 -7.15359e-05
13894.9 -9.88678e-05
13906.9 -0.000125997
13918.9 -0.000152915
13930.9 -0.000179654
13942.9 -0.000206204
13955 -0.000234273
13967 -0.000263373
13979 -0.00029241
13991 -0.0003214
14003 -0.000350397
14015 -0.000378778
14027 -0.000406846
14039 -0.000434651
14051.1 -0.000462167
14063.1 -0.000494295
14075.1 -0.000527122
14087.1 -0.000559816
14099.1 -0.000592342
14111.1 -0.00062476
14123.1 -0.00065718
14135.1 -0.000689516
14147.1 -0.000721796
14159.2 -0.000751498
14171.2 -0.000756917
14183.2 -0.000761842
14195.2 -0.000766488
14207.2 -0.000770979
14219.2 -0.000774978
14231.2 -0.000778689
14243.2 -0.000782192
14255.3 -0.000785521
14267.3 -0.000786436
14279.3 -0.000782694
14291.3 -0.000778799
14303.3 -0.000774784
14315.3 -0.000770661
14327.3 -0.000766415
14339.3 -0.000762083
14351.4 -0.000757684
14363.4 -0.000753236
14375.4 -0.000753406
14387.4 -0.00075686
14399.4 -0.000760259
14411.4 -0.000763625
14423.4 -0.000766838
14435.4 -0.000769847
14447.4 -0.000772775
14459.5 -0.000775642
14471.5 -0.000778478
14483.5 -0.000785422
14495.5 -0.000793185
14507.5 -0.000800867
14519.5 -0.0008085
14531.5 -0.000815876
14543.5 -0.000823128
14555.6 -0.000830282
14567.6 -0.000837343
14579.6 -0.000844209
14591.6 -0.00084953
14603.6 -0.000854808
14615.6 -0.000860035
14627.6 -0.000865213
14639.6 -0.000870341
14651.7 -0.00087543
14663.7 -0.000880492
14675.7 -0.000885554
14687.7 -0.000892621
14699.7 -0.000904116
14711.7 -0.000915448
14723.7 -0.00092666
14735.7 -0.000937657
14747.7 -0.000948457
14759.8 -0.000959117
14771.8 -0.000969632
14783.8 -0.000979977
14795.8 -0.000987882
14807.8 -0.000993805
14819.8 -0.000999674
14831.8 -0.00100546
14843.8 -0.00101122
14855.9 -0.00101687
14867.9 -0.00102237
14879.9 -0.00102765
14891.9 -0.00103255
14903.9 -0.0010231
14915.9 -0.00101005
14927.9 -0.000997246
14939.9 -0.000984522
14952 -0.000971813
14964 -0.000959203
14976 -0.000946672
14988 -0.000934196
15000 -0.000921686
15012 -0.000904889
15024 -0.00088834
15036 -0.000871955
15048 -0.000855744
15060.1 -0.00083968
15072.1 -0.000823753
15084.1 -0.000807966
15096.1 -0.000792331
15108.1 -0.000777479
15120.1 -0.000764532
15132.1 -0.000751642
15144.1 -0.000738831
15156.2 -0.000726046
15168.2 -0.000713368
15180.2 -0.00070081
15192.2 -0.000688392
15204.2 -0.000676164
15216.2 -0.000667305
15228.2 -0.000661595
15240.2 -0.000655833
15252.3 -0.000650051
15264.3 -0.00064426
15276.3 -0.000638506
15288.3 -0.000632808
15300.3 -0.000627193
15312.3 -0.000621731
15324.3 -0.000621048
15336.3 -0.000621953
15348.3 -0.000622765
15360.4 -0.000623483
15372.4 -0.000624149
15384.4 -0.000624798
15396.4 -0.00062545
15408.4 -0.000626146
15420.4 -0.000627028
15432.4 -0.000636072
15444.4 -0.000645187
15456.5 -0.000654094
15468.5 -0.000662749
15480.5 -0.000671233
15492.5 -0.000679554
15504.5 -0.000687699
15516.5 -0.000695631
15528.5 -0.000701419
15540.5 -0.000699891
15552.6 -0.000698514
15564.6 -0.000697208
15576.6 -0.000695954
15588.6 -0.00069469
15600.6 -0.000693397
15612.6 -0.000692051
15624.6 -0.000690608
15636.6 -0.000685907
15648.6 -0.00067729
15660.7 -0.000668815
15672.7 -0.000660327
15684.7 -0.000651865
15696.7 -0.000643446
15708.7 -0.000635069
15720.7 -0.000626743
15732.7 -0.000618509
15744.7 -0.000614974
15756.8 -0.000613504
15768.8 -0.000611911
15780.8 -0.000610262
15792.8 -0.000608543
15804.8 -0.000606762
15816.8 -0.000604931
15828.8 -0.000603072
15840.8 -0.000601263
15852.9 -0.00060747
15864.9 -0.000614286
15876.9 -0.000620836
15888.9 -0.000627069
15900.9 -0.00063312
15912.9 -0.000639006
15924.9 -0.00064474
15936.9 -0.000650338
15948.9 -0.000656681
15961 -0.000668233
15973 -0.000679518
15985 -0.000690607
15997 -0.000701503
16009 -0.000712209
16021 -0.000722732
16033 -0.000733076
16045 -0.000743256
16057.1 -0.00075672
16069.1 -0.000775637
16081.1 -0.000794286
16093.1 -0.000812603
16105.1 -0.000830679
16117.1 -0.000848528
16129.1 -0.00086616
16141.1 -0.000883581
16153.2 -0.000900794
16165.2 -0.000919281
16177.2 -0.000938528
16189.2 -0.000957622
16201.2 -0.000976589
16213.2 -0.000995392
16225.2 -0.00101404
16237.2 -0.00103254
16249.2 -0.00105093
16261.3 -0.00106925
16273.3 -0.00107693
16285.3 -0.0010823
16297.3 -0.00108754
16309.3 -0.00109263
16321.3 -0.00109754
16333.3 -0.00110228
16345.3 -0.00110683
16357.4 -0.00111117
16369.4 -0.00111561
16381.4 -0.00112423
16393.4 -0.00113274
16405.4 -0.00114115
16417.4 -0.00114939
16429.4 -0.00115747
16441.4 -0.00116535
16453.5 -0.00117304
16465.5 -0.00118048
16477.5 -0.0011894
16489.5 -0.00120247
16501.5 -0.00121566
16513.5 -0.0012289
16525.5 -0.00124204
16537.5 -0.00125508
16549.5 -0.001268
16561.6 -0.00128079
16573.6 -0.00129343
16585.6 -0.00130693
16597.6 -0.00132129
16609.6 -0.00133563
16621.6 -0.00134991
16633.6 -0.0013641
16645.6 -0.00137821
16657.7 -0.00139222
16669.7 -0.00140611
16681.7 -0.00141978
16693.7 -0.0014366
16705.7 -0.00145475
16717.7 -0.00147338
16729.7 -0.00149212
16741.7 -0.00151094
16753.8 -0.00152988
16765.8 -0.00154893
16777.8 -0.00156815
16789.8 -0.00158761
16801.8 -0.00160464
16813.8 -0.00162161
16825.8 -0.00163867
16837.8 -0.00165588
16849.8 -0.0016733
16861.9 -0.001691
16873.9 -0.0017091
16885.9 -0.00172786
16897.9 -0.00174447
16909.9 -0.00174941
16921.9 -0.00175425
16933.9 -0.00175874
16945.9 -0.00176301
16958 -0.00176714
16970 -0.00177118
16982 -0.00177516
16994 -0.00177911
17006 -0.00178286
17018 -0.00178633
17030 -0.00178979
17042 -0.00179324
17054.1 -0.0017967
17066.1 -0.00180019
17078.1 -0.00180373
17090.1 -0.00180733
17102.1 -0.00181104
17114.1 -0.00181462
17126.1 -0.00181864
17138.1 -0.00182277
17150.2 -0.00182694
17162.2 -0.00183119
17174.2 -0.00183555
17186.2 -0.00184005
17198.2 -0.00184478
17210.2 -0.00184999
17222.2 -0.00185213
17234.2 -0.00185385
17246.2 -0.00185547
17258.3 -0.00185706
17270.3 -0.00185865
17282.3 -0.00186027
17294.3 -0.00186196
17306.3 -0.00186373
17318.3 -0.00186558
17330.3 -0.00186727
17342.3 -0.00186907
17354.4 -0.00187094
17366.4 -0.00187291
17378.4 -0.001875
17390.4 -0.00187724
17402.4 -0.00187969
17414.4 -0.00188244
17426.4 -0.0018849
17438.4 -0.0018863
17450.5 -0.00188766
17462.5 -0.00188909
17474.5 -0.00189066
17486.5 -0.00189243
17498.5 -0.0018945
17510.5 -0.00189701
17522.5 -0.00190038
17534.5 -0.00190019
17546.5 -0.00189616
17558.6 -0.00189156
17570.6 -0.00188663
17582.6 -0.00188147
17594.6 -0.00187614
17606.6 -0.0018707
17618.6 -0.00186521
17630.6 -0.00185978
17642.6 -0.00185393
17654.7 -0.00184777
17666.7 -0.00184135
17678.7 -0.00183472
17690.7 -0.00182793
17702.7 -0.00182098
17714.7 -0.0018139
17726.7 -0.00180671
17738.7 -0.00179939
17750.8 -0.00179042
17762.8 -0.00178115
17774.8 -0.00177166
17786.8 -0.00176193
17798.8 -0.00175194
17810.8 -0.00174167
17822.8 -0.00173106
17834.8 -0.00171998
17846.8 -0.00170923
17858.9 -0.00170122
17870.9 -0.00169342
17882.9 -0.00168566
17894.9 -0.00167787
17906.9 -0.00166999
17918.9 -0.00166199
17930.9 -0.00165379
17942.9 -0.00164524
17955 -0.00163703
17967 -0.00163012
17979 -0.0016235
17991 -0.00161708
18003 -0.00161081
18015 -0.00160471
18027 -0.00159881
18039 -0.00159323
18051.1 -0.0015884
18063.1 -0.00158044
18075.1 -0.00157053
18087.1 -0.00156004
18099.1 -0.00154911
18111.1 -0.00153779
18123.1 -0.00152608
18135.1 -0.00151396
18147.1 -0.00150138
18159.2 -0.00148799
18171.2 -0.00147499
18183.2 -0.00146203
18195.2 -0.00144892
18207.2 -0.0014356
18219.2 -0.00142201
18231.2 -0.00140809
18243.2 -0.00139377
18255.3 -0.00137887
18267.3 -0.00136369
18279.3 -0.0013509
18291.3 -0.00133833
18303.3 -0.00132574
18315.3 -0.00131302
18327.3 -0.00130009
18339.3 -0.00128686
18351.4 -0.00127317
18363.4 -0.00125867
18375.4 -0.00124489
18387.4 -0.0012343
18399.4 -0.00122426
18411.4 -0.00121451
18423.4 -0.00120497
18435.4 -0.00119559
18447.4 -0.00118634
18459.5 -0.00117725
18471.5 -0.00116838
18483.5 -0.00115809
18495.5 -0.00114666
18507.5 -0.00113493
18519.5 -0.00112294
18531.5 -0.00111072
18543.5 -0.00109826
18555.6 -0.00108552
18567.6 -0.00107244
18579.6 -0.00105879
18591.6 -0.00104624
18603.6 -0.0010338
18615.6 -0.00102128
18627.6 -0.00100859
18639.6 -0.000995686
18651.7 -0.000982507
18663.7 -0.000968954
18675.7 -0.000954805
18687.7 -0.000940212
18699.7 -0.000928857
18711.7 -0.000918022
18723.7 -0.000907398
18735.7 -0.000896875
18747.7 -0.000886388
18759.8 -0.000875891
18771.8 -0.000865339
18783.8 -0.000854643
18795.8 -0.000843914
18807.8 -0.000833234
18819.8 -0.000822467
18831.8 -0.000811565
18843.8 -0.00080048
18855.9 -0.000789145
18867.9 -0.00077746
18879.9 -0.000765212
18891.9 -0.000751715
18903.9 -0.000741366
18915.9 -0.000734369
18927.9 -0.000728169
18939.9 -0.000722515
18952 -0.000717312
18964 -0.000712528
18976 -0.000708184
18988 -0.000704379
19000 -0.000701736
